1427925624884,20073,8309,9417,358240053591301,www.unige.ch,Http,"[25,25,19]",25.0,WIFI,,Fako,[78:54:2e:9f:1d:72],0,[-28],-28.0,9076480,42000,2,228
1427925720900,20086,2908,1827,358240053591301,www.unige.ch,Http,"[19,18,19]",19.0,WIFI,,Fako,[78:54:2e:9f:1d:72],0,[-28],-28.0,9076480,42000,2,228
1427925807876,21147,968,689,358240053591301,www.unige.ch,Http,"[26,22,19]",22.0,WIFI,,Fako,[78:54:2e:9f:1d:72],0,[-28],-28.0,9076480,42000,2,228
1427925867902,20075,13448,2181,358240053591301,www.unige.ch,Http,"[144,27,136]",136.0,WIFI,,Fako,[78:54:2e:9f:1d:72],0,[-28],-28.0,9076480,42000,2,228
1427925927956,20093,864,656,358240053591301,www.unige.ch,Http,"[19,17,19]",19.0,WIFI,,Fako,[78:54:2e:9f:1d:72],0,[-28],-28.0,9076480,42000,2,228
1427925987985,20235,864,656,358240053591301,www.unige.ch,Http,"[19,17,24]",19.0,WIFI,,Fako,[78:54:2e:9f:1d:72],0,[-28],-28.0,9076480,42000,2,228
1427926048080,20100,980,670,358240053591301,www.unige.ch,Http,"[24,17,18]",18.0,WIFI,,Fako,[78:54:2e:9f:1d:72],0,[-28],-28.0,9076480,42000,2,228
1427926108118,20099,864,656,358240053591301,www.unige.ch,Http,"[25,26,20]",25.0,WIFI,,Fako,[78:54:2e:9f:1d:72],0,[-28],-28.0,9076480,42000,2,228
1427926168151,20097,922,751,358240053591301,www.unige.ch,Http,"[134,18,17]",18.0,WIFI,,Fako,[78:54:2e:9f:1d:72],0,[-28],-28.0,9076480,42000,2,228
1427926317902,20095,5574,62482,358240053591301,www.unige.ch,Http,"[28,17,18]",18.0,WIFI,,Fako,[78:54:2e:9f:1d:72],0,[-28],-28.0,9076480,42000,2,228
1427926377918,20082,864,776,358240053591301,www.unige.ch,Http,"[19,18,17]",18.0,WIFI,,Fako,[78:54:2e:9f:1d:72],0,[-28],-28.0,9076480,42000,2,228
1427926459936,20075,3818,6419,358240053591301,www.unige.ch,Http,"[141,17,19]",19.0,WIFI,,Fako,[78:54:2e:9f:1d:72],0,[-28],-28.0,9076480,42000,2,228
1427926520008,20075,1362,656,358240053591301,www.unige.ch,Http,"[16,20,17]",17.0,WIFI,,Fako,[78:54:2e:9f:1d:72],0,[-28],-28.0,9076480,42000,2,228
1427926580135,20100,1030,739,358240053591301,www.unige.ch,Http,"[19,18,16]",18.0,WIFI,,Fako,[78:54:2e:9f:1d:72],0,[-28],-28.0,9076480,42000,2,228
1427926640111,20143,2808,1658,358240053591301,www.unige.ch,Http,"[21,29,22]",22.0,WIFI,,Fako,[78:54:2e:9f:1d:72],0,[-28],-28.0,9076480,42000,2,228
1427926700233,20083,978,656,358240053591301,www.unige.ch,Http,"[27,21,29]",27.0,WIFI,,Fako,[78:54:2e:9f:1d:72],0,[-28],-28.0,9076480,42000,2,228
1427926760319,20054,864,656,358240053591301,www.unige.ch,Http,"[133,27,141]",133.0,WIFI,,Fako,[78:54:2e:9f:1d:72],0,[-28],-28.0,9076480,42000,2,228
1427927053963,20101,76480,17014,358240053591301,www.unige.ch,Http,"[51,27,37]",37.0,WIFI,,Fako,[78:54:2e:9f:1d:72],0,[-28],-28.0,9076480,42000,2,228
1427927114003,20092,943,500,358240053591301,www.unige.ch,Http,"[19,17,18]",18.0,WIFI,,Fako,[78:54:2e:9f:1d:72],0,[-28],-28.0,9076480,42000,2,228
1427927196946,20591,943,656,358240053591301,www.unige.ch,Http,"[31,18,19]",19.0,WIFI,,Fako,[78:54:2e:9f:1d:72],0,[-28],-28.0,9076480,42000,2,228
1427927256997,20075,864,552,358240053591301,www.unige.ch,Http,"[24,26,33]",26.0,WIFI,,Fako,[78:54:2e:9f:1d:72],0,[-28],-28.0,9076480,42000,2,228
1427927347934,20086,916,809,358240053591301,www.unige.ch,Http,"[25,121,18]",25.0,WIFI,,Fako,[78:54:2e:9f:1d:72],0,[-28],-28.0,9076480,42000,2,228
1427927407964,20078,864,721,358240053591301,www.unige.ch,Http,"[28,19,18]",19.0,WIFI,,Fako,[78:54:2e:9f:1d:72],0,[-28],-28.0,9076480,42000,2,228
1427927467965,20079,995,816,358240053591301,www.unige.ch,Http,"[19,18,26]",19.0,WIFI,,Fako,[78:54:2e:9f:1d:72],0,[-28],-28.0,9076480,42000,2,228
1427927641985,21175,9963,11015,358240053591301,www.unige.ch,Http,"[18,155,30]",30.0,WIFI,,Fako,[78:54:2e:9f:1d:72],0,[-28],-28.0,9076480,42000,2,228
1427927727909,21082,1020,656,358240053591301,www.unige.ch,Http,"[26,19,24]",24.0,WIFI,,Fako,[78:54:2e:9f:1d:72],0,[-28],-28.0,9076480,42000,2,228
1427927788881,20080,968,448,358240053591301,www.unige.ch,Http,"[24,18,18]",18.0,WIFI,,Fako,[78:54:2e:9f:1d:72],0,[-28],-28.0,9076480,42000,2,228
1427927848898,20073,864,656,358240053591301,www.unige.ch,Http,"[19,26,20]",20.0,WIFI,,Fako,[78:54:2e:9f:1d:72],0,[-28],-28.0,9076480,42000,2,228
1427927935956,20086,4152,1980,358240053591301,www.unige.ch,Http,"[41,18,19]",19.0,WIFI,,Fako,[78:54:2e:9f:1d:72],0,[-28],-28.0,9076480,42000,2,228
1427928117893,20142,38589,69431,358240053591301,www.unige.ch,Http,"[17,26,20]",20.0,WIFI,,Fako,[78:54:2e:9f:1d:72],0,[-28],-28.0,9076480,42000,2,228
1427928184880,21097,995,953,358240053591301,www.unige.ch,Http,"[18,18,24]",18.0,WIFI,,Fako,[78:54:2e:9f:1d:72],0,[-28],-28.0,9076480,42000,2,228
1427928245882,20097,1254,808,358240053591301,www.unige.ch,Http,"[24,17,26]",24.0,WIFI,,Fako,[78:54:2e:9f:1d:72],0,[-28],-28.0,9076480,42000,2,228
1427928305890,21140,7475,46987,358240053591301,www.unige.ch,Http,"[26,34,17]",26.0,WIFI,,Fako,[78:54:2e:9f:1d:72],0,[-28],-28.0,9076480,42000,2,228
1427928365914,20084,864,656,358240053591301,www.unige.ch,Http,"[19,17,19]",19.0,WIFI,,Fako,[78:54:2e:9f:1d:72],0,[-28],-28.0,9076480,42000,2,228
1427928425938,20076,916,754,358240053591301,www.unige.ch,Http,"[20,19,25]",20.0,WIFI,,Fako,[78:54:2e:9f:1d:72],0,[-28],-28.0,9076480,42000,2,228
1427928523020,20792,1071,716,358240053591301,www.unige.ch,Http,"[50,28,155]",50.0,WIFI,,Fako,[78:54:2e:9f:1d:72],0,[-28],-28.0,9076480,42000,2,228
1427928602880,20072,21735,25186,358240053591301,www.unige.ch,Http,"[17,21,18]",18.0,WIFI,,Fako,[78:54:2e:9f:1d:72],0,[-28],-28.0,9076480,42000,2,228
1427928662997,20094,1271,781,358240053591301,www.unige.ch,Http,"[37,18,19]",19.0,WIFI,,Fako,[78:54:2e:9f:1d:72],0,[-28],-28.0,9076480,42000,2,228
1427928733884,20081,904,696,358240053591301,www.unige.ch,Http,"[19,18,27]",19.0,WIFI,,Fako,[78:54:2e:9f:1d:72],0,[-28],-28.0,9076480,42000,2,228
1427928816949,20084,1092,656,358240053591301,www.unige.ch,Http,"[17,148,31]",31.0,WIFI,,Fako,[78:54:2e:9f:1d:72],0,[-28],-28.0,9076480,42000,2,228
1427928906892,21203,59524,5017,358240053591301,www.unige.ch,Http,"[25,18,20]",20.0,WIFI,,Fako,[78:54:2e:9f:1d:72],0,[-28],-28.0,9076480,42000,2,228
1427928966943,20091,904,696,358240053591301,www.unige.ch,Http,"[19,16,16]",16.0,WIFI,,Fako,[78:54:2e:9f:1d:72],0,[-28],-28.0,9076480,42000,2,228
1427929026943,20100,1170,724,358240053591301,www.unige.ch,Http,"[26,18,17]",18.0,WIFI,,Fako,[78:54:2e:9f:1d:72],0,[-28],-28.0,9076480,42000,2,228
1427929110927,20092,864,656,358240053591301,www.unige.ch,Http,"[18,140,31]",31.0,WIFI,,Fako,[78:54:2e:9f:1d:72],0,[-28],-28.0,9076480,42000,2,228
1427929171906,21141,916,533,358240053591301,www.unige.ch,Http,"[24,24,20]",24.0,WIFI,,Fako,[78:54:2e:9f:1d:72],0,[-28],-28.0,9076480,42000,2,228
1427929232931,20074,864,656,358240053591301,www.unige.ch,Http,"[18,18,17]",18.0,WIFI,,Fako,[78:54:2e:9f:1d:72],0,[-28],-28.0,9076480,42000,2,228
1427929293888,20124,864,656,358240053591301,www.unige.ch,Http,"[19,18,26]",19.0,WIFI,,Fako,[78:54:2e:9f:1d:72],0,[-28],-28.0,9076480,42000,2,228
1427929354892,20101,864,552,358240053591301,www.unige.ch,Http,"[19,19,18]",19.0,WIFI,,Fako,[78:54:2e:9f:1d:72],0,[-28],-28.0,9076480,42000,2,228
1427929414950,20099,864,604,358240053591301,www.unige.ch,Http,"[26,127,18]",26.0,WIFI,,Fako,[78:54:2e:9f:1d:72],0,[-28],-28.0,9076480,42000,2,228
1427929503899,21159,1958,911,358240053591301,www.unige.ch,Http,"[26,18,18]",18.0,WIFI,,Fako,[78:54:2e:9f:1d:72],0,[-28],-28.0,9076480,42000,2,228
1427929563985,20099,1236,654,358240053591301,www.unige.ch,Http,"[18,17,17]",17.0,WIFI,,Fako,[78:54:2e:9f:1d:72],0,[-28],-28.0,9076480,42000,2,228
1427929655943,20074,1144,637,358240053591301,www.unige.ch,Http,"[25,19,18]",19.0,WIFI,,Fako,[78:54:2e:9f:1d:72],0,[-28],-28.0,9076480,42000,2,228
1427929716906,20068,17134,5282,358240053591301,www.unige.ch,Http,"[17,18,139]",18.0,WIFI,,Fako,[78:54:2e:9f:1d:72],0,[-28],-28.0,9076480,42000,2,228
1427929777942,20091,864,552,358240053591301,www.unige.ch,Http,"[18,28,18]",18.0,WIFI,,Fako,[78:54:2e:9f:1d:72],0,[-28],-28.0,9076480,42000,2,228
1427929838885,20074,864,604,358240053591301,www.unige.ch,Http,"[17,25,18]",18.0,WIFI,,Fako,[78:54:2e:9f:1d:72],0,[-28],-28.0,9076480,42000,2,228
1427929917996,20114,3136,13883,358240053591301,www.unige.ch,Http,"[18,20,19]",19.0,WIFI,,Fako,[78:54:2e:9f:1d:72],0,[-28],-28.0,9076480,42000,2,228
1427930010359,21117,864,500,358240053591301,www.unige.ch,Http,"[134,21,17]",21.0,WIFI,,Fako,[78:54:2e:9f:1d:72],0,[-28],-28.0,9076480,42000,2,228
1427930070426,21254,904,696,358240053591301,www.unige.ch,Http,"[21,21,27]",21.0,WIFI,,Fako,[78:54:2e:9f:1d:72],0,[-28],-28.0,9076480,42000,2,228
1427930130880,20082,904,540,358240053591301,www.unige.ch,Http,"[24,18,18]",18.0,WIFI,,Fako,[78:54:2e:9f:1d:72],0,[-28],-28.0,9076480,42000,2,228
1427930190904,20090,7510,14564,358240053591301,www.unige.ch,Http,"[21,18,18]",18.0,WIFI,,Fako,[78:54:2e:9f:1d:72],0,[-28],-28.0,9076480,42000,2,228
1427930250947,20106,864,656,358240053591301,www.unige.ch,Http,"[28,19,18]",19.0,WIFI,,Fako,[78:54:2e:9f:1d:72],0,[-28],-28.0,9076480,42000,2,228
1427930310980,20089,904,644,358240053591301,www.unige.ch,Http,"[19,19,135]",19.0,WIFI,,Fako,[78:54:2e:9f:1d:72],0,[-28],-28.0,9076480,42000,2,228
1427930371069,20093,1008,890,358240053591301,www.unige.ch,Http,"[18,21,22]",21.0,WIFI,,Fako,[78:54:2e:9f:1d:72],0,[-28],-28.0,9076480,42000,2,228
1427930604930,20108,10927,13443,358240053591301,www.unige.ch,Http,"[159,17,17]",17.0,WIFI,,Fako,[78:54:2e:9f:1d:72],0,[-28],-28.0,9076480,42000,2,228
1427930665890,20074,864,448,358240053591301,www.unige.ch,Http,"[17,18,24]",18.0,WIFI,,Fako,[78:54:2e:9f:1d:72],0,[-28],-28.0,9076480,42000,2,228
1427930727016,20063,64053,5336,358240053591301,www.unige.ch,Http,"[25,18,19]",19.0,WIFI,,Fako,[78:54:2e:9f:1d:72],0,[-28],-28.0,9076480,42000,2,228
1427930796968,20577,864,656,358240053591301,www.unige.ch,Http,"[19,20,25]",20.0,WIFI,,Fako,[78:54:2e:9f:1d:72],0,[-28],-28.0,9076480,42000,2,228
1427930857903,21138,916,689,358240053591301,www.unige.ch,Http,"[17,26,16]",17.0,WIFI,,Fako,[78:54:2e:9f:1d:72],0,[-28],-28.0,9076480,42000,2,228
1427930918922,20098,995,644,358240053591301,www.unige.ch,Http,"[17,18,19]",18.0,WIFI,,Fako,[78:54:2e:9f:1d:72],0,[-28],-28.0,9076480,42000,2,228
1427931001154,20081,864,552,358240053591301,www.unige.ch,Http,"[26,18,23]",23.0,WIFI,,Fako,[78:54:2e:9f:1d:72],0,[-28],-28.0,9076480,42000,2,228
1427931061254,20104,864,617,358240053591301,www.unige.ch,Http,"[20,18,18]",18.0,WIFI,,Fako,[78:54:2e:9f:1d:72],0,[-28],-28.0,9076480,42000,2,228
1427931121317,20080,916,741,358240053591301,www.unige.ch,Http,"[20,26,19]",20.0,WIFI,,Fako,[78:54:2e:9f:1d:72],0,[-28],-28.0,9076480,42000,2,228
1427931183445,20085,864,604,358240053591301,www.unige.ch,Http,"[130,19,19]",19.0,WIFI,,Fako,[78:54:2e:9f:1d:72],0,[-28],-28.0,9076480,42000,2,228
1427931243952,20077,999,696,358240053591301,www.unige.ch,Http,"[25,18,18]",18.0,WIFI,,Fako,[78:54:2e:9f:1d:72],0,[-28],-28.0,9076480,42000,2,228
1427931303930,20100,864,448,358240053591301,www.unige.ch,Http,"[19,18,17]",18.0,WIFI,,Fako,[78:54:2e:9f:1d:72],0,[-28],-28.0,9076480,42000,2,228
1427931363962,20129,916,689,358240053591301,www.unige.ch,Http,"[20,20,18]",20.0,WIFI,,Fako,[78:54:2e:9f:1d:72],0,[-28],-28.0,9076480,42000,2,228
1427931468896,20104,2643,1694,358240053591301,www.unige.ch,Http,"[17,18,143]",18.0,WIFI,,Fako,[78:54:2e:9f:1d:72],0,[-28],-28.0,9076480,42000,2,228
1427931529044,20086,4513,2443,358240053591301,www.unige.ch,Http,"[18,26,18]",18.0,WIFI,,Fako,[78:54:2e:9f:1d:72],0,[-28],-28.0,9076480,42000,2,228
1427931717901,20081,5726,16921,358240053591301,www.unige.ch,Http,"[18,19,17]",18.0,WIFI,,Fako,[78:54:2e:9f:1d:72],0,[-28],-28.0,9076480,42000,2,228
1427931777914,20082,26940,195887,358240053591301,www.unige.ch,Http,"[18,18,26]",18.0,WIFI,,Fako,[78:54:2e:9f:1d:72],0,[-28],-28.0,9076480,42000,2,228
1427931972940,21127,13106,54864,358240053591301,www.unige.ch,Http,"[18,24,17]",18.0,WIFI,,Fako,[78:54:2e:9f:1d:72],0,[-28],-28.0,9076480,42000,2,228
1427932056890,20093,864,656,358240053591301,www.unige.ch,Http,"[17,145,19]",19.0,WIFI,,Fako,[78:54:2e:9f:1d:72],0,[-28],-28.0,9076480,42000,2,228
1427932116917,20079,864,604,358240053591301,www.unige.ch,Http,"[17,28,24]",24.0,WIFI,,Fako,[78:54:2e:9f:1d:72],0,[-28],-28.0,9076480,42000,2,228
1427932213884,21116,916,585,358240053591301,www.unige.ch,Http,"[17,20,17]",17.0,WIFI,,Fako,[78:54:2e:9f:1d:72],0,[-28],-28.0,9076480,42000,2,228
1427932273971,20065,864,656,358240053591301,www.unige.ch,Http,"[17,28,18]",18.0,WIFI,,Fako,[78:54:2e:9f:1d:72],0,[-28],-28.0,9076480,42000,2,228
1427932350281,21105,984,448,358240053591301,www.unige.ch,Http,"[25,18,17]",18.0,WIFI,,Fako,[78:54:2e:9f:1d:72],0,[-28],-28.0,9076480,42000,2,228
1427932410885,20101,864,500,358240053591301,www.unige.ch,Http,"[17,18,18]",18.0,WIFI,,Fako,[78:54:2e:9f:1d:72],0,[-28],-28.0,9076480,42000,2,228
1427932471925,20094,3534,1818,358240053591301,www.unige.ch,Http,"[18,18,17]",18.0,WIFI,,Fako,[78:54:2e:9f:1d:72],0,[-28],-28.0,9076480,42000,2,228
1427932531932,20133,59767,4996,358240053591301,www.unige.ch,Http,"[18,18,18]",18.0,WIFI,,Fako,[78:54:2e:9f:1d:72],0,[-28],-28.0,9076480,42000,2,228
1427932617889,21145,864,552,358240053591301,www.unige.ch,Http,"[19,16,18]",18.0,WIFI,,Fako,[78:54:2e:9f:1d:72],0,[-28],-28.0,9076480,42000,2,228
1427932678878,20103,864,500,358240053591301,www.unige.ch,Http,"[18,18,18]",18.0,WIFI,,Fako,[78:54:2e:9f:1d:72],0,[-28],-28.0,9076480,42000,2,228
1427932738886,21198,1047,781,358240053591301,www.unige.ch,Http,"[18,26,18]",18.0,WIFI,,Fako,[78:54:2e:9f:1d:72],0,[-28],-28.0,9076480,42000,2,228
1427932801104,20085,864,552,358240053591301,www.unige.ch,Http,"[20,18,17]",18.0,WIFI,,Fako,[78:54:2e:9f:1d:72],0,[-28],-28.0,9076480,42000,2,228
1427932861168,20074,922,751,358240053591301,www.unige.ch,Http,"[18,18,19]",18.0,WIFI,,Fako,[78:54:2e:9f:1d:72],0,[-28],-28.0,9076480,42000,2,228
1427932945425,20089,864,604,358240053591301,www.unige.ch,Http,"[25,140,26]",26.0,WIFI,,Fako,[78:54:2e:9f:1d:72],0,[-28],-28.0,9076480,42000,2,228
1427933005508,20080,864,656,358240053591301,www.unige.ch,Http,"[26,16,18]",18.0,WIFI,,Fako,[78:54:2e:9f:1d:72],0,[-28],-28.0,9076480,42000,2,228
1427933065722,20075,864,552,358240053591301,www.unige.ch,Http,"[27,18,16]",18.0,WIFI,,Fako,[78:54:2e:9f:1d:72],0,[-28],-28.0,9076480,42000,2,228
1427933125886,20121,864,656,358240053591301,www.unige.ch,Http,"[28,17,18]",18.0,WIFI,,Fako,[78:54:2e:9f:1d:72],0,[-28],-28.0,9076480,42000,2,228
1427933185921,20105,864,552,358240053591301,www.unige.ch,Http,"[27,20,27]",27.0,WIFI,,Fako,[78:54:2e:9f:1d:72],0,[-28],-28.0,9076480,42000,2,228
1427933245945,20087,2703,1831,358240053591301,www.unige.ch,Http,"[17,139,21]",21.0,WIFI,,Fako,[78:54:2e:9f:1d:72],0,[-28],-28.0,9076480,42000,2,228
1427933305970,20123,864,656,358240053591301,www.unige.ch,Http,"[25,17,18]",18.0,WIFI,,Fako,[78:54:2e:9f:1d:72],0,[-28],-28.0,9076480,42000,2,228
1427933366887,20090,864,500,358240053591301,www.unige.ch,Http,"[18,18,25]",18.0,WIFI,,Fako,[78:54:2e:9f:1d:72],0,[-28],-28.0,9076480,42000,2,228
1427933517917,21152,13145,33974,358240053591301,www.unige.ch,Http,"[17,18,24]",18.0,WIFI,,Fako,[78:54:2e:9f:1d:72],0,[-28],-28.0,9076480,42000,2,228
1427933577957,20093,864,448,358240053591301,www.unige.ch,Http,"[26,18,17]",18.0,WIFI,,Fako,[78:54:2e:9f:1d:72],0,[-28],-28.0,9076480,42000,2,228
1427933660159,20085,4729,2311,358240053591301,www.unige.ch,Http,"[27,18,19]",19.0,WIFI,,Fako,[78:54:2e:9f:1d:72],0,[-28],-28.0,9076480,42000,2,228
1427933758189,21138,916,705,358240053591301,www.unige.ch,Http,"[19,17,16]",17.0,WIFI,,Fako,[78:54:2e:9f:1d:72],0,[-28],-28.0,9076480,42000,2,228
1427933832952,21141,864,500,358240053591301,www.unige.ch,Http,"[22,17,127]",22.0,WIFI,,Fako,[78:54:2e:9f:1d:72],0,[-28],-28.0,9076480,42000,2,228
1427933892949,20073,864,656,358240053591301,www.unige.ch,Http,"[17,18,18]",18.0,WIFI,,Fako,[78:54:2e:9f:1d:72],0,[-28],-28.0,9076480,42000,2,228
1427933965975,21233,864,656,358240053591301,www.unige.ch,Http,"[17,18,18]",18.0,WIFI,,Fako,[78:54:2e:9f:1d:72],0,[-28],-28.0,9076480,42000,2,228
1427934033924,20092,20487,10226,358240053591301,www.unige.ch,Http,"[25,19,19]",19.0,WIFI,,Fako,[78:54:2e:9f:1d:72],0,[-28],-28.0,9076480,42000,2,228
1427934126928,20090,1048,560,358240053591301,www.unige.ch,Http,"[34,25,30]",30.0,WIFI,,Fako,[78:54:2e:9f:1d:72],0,[-28],-28.0,9076480,42000,2,228
1427934186937,20092,864,568,358240053591301,www.unige.ch,Http,"[24,25,18]",24.0,WIFI,,Fako,[78:54:2e:9f:1d:72],0,[-28],-28.0,9076480,42000,2,228
1427934246967,20096,864,656,358240053591301,www.unige.ch,Http,"[28,20,23]",23.0,WIFI,,Fako,[78:54:2e:9f:1d:72],0,[-28],-28.0,9076480,42000,2,228
1427934306988,20082,6113,6485,358240053591301,www.unige.ch,Http,"[20,18,18]",18.0,WIFI,,Fako,[78:54:2e:9f:1d:72],0,[-28],-28.0,9076480,42000,2,228
1427934396124,21128,66980,5218,358240053591301,www.unige.ch,Http,"[25,19,19]",19.0,WIFI,,Fako,[78:54:2e:9f:1d:72],0,[-28],-28.0,9076480,42000,2,228
1427934479894,20114,5742,2580,358240053591301,www.unige.ch,Http,"[18,19,17]",18.0,WIFI,,Fako,[78:54:2e:9f:1d:72],0,[-28],-28.0,9076480,42000,2,228
1427934539994,20068,1092,724,358240053591301,www.unige.ch,Http,"[18,18,26]",18.0,WIFI,,Fako,[78:54:2e:9f:1d:72],0,[-28],-28.0,9076480,42000,2,228
1427934601084,20066,1092,724,358240053591301,www.unige.ch,Http,"[25,19,18]",19.0,WIFI,,Fako,[78:54:2e:9f:1d:72],0,[-28],-28.0,9076480,42000,2,228
1427934661154,20083,864,448,358240053591301,www.unige.ch,Http,"[18,25,25]",25.0,WIFI,,Fako,[78:54:2e:9f:1d:72],0,[-28],-28.0,9076480,42000,2,228
1427934721924,21140,1043,741,358240053591301,www.unige.ch,Http,"[19,21,135]",21.0,WIFI,,Fako,[78:54:2e:9f:1d:72],0,[-28],-28.0,9076480,42000,2,228
1427934781965,20076,864,604,358240053591301,www.unige.ch,Http,"[17,17,26]",17.0,WIFI,,Fako,[78:54:2e:9f:1d:72],0,[-28],-28.0,9076480,42000,2,228
1427935016031,20109,4059,5240,358240053591301,www.unige.ch,Http,"[27,26,17]",26.0,WIFI,,Fako,[78:54:2e:9f:1d:72],0,[-28],-28.0,9076480,42000,2,228
1427935076069,20084,1022,604,358240053591301,www.unige.ch,Http,"[26,16,20]",20.0,WIFI,,Fako,[78:54:2e:9f:1d:72],0,[-28],-28.0,9076480,42000,2,228
1427935136121,20204,943,656,358240053591301,www.unige.ch,Http,"[25,25,25]",25.0,WIFI,,Fako,[78:54:2e:9f:1d:72],0,[-28],-28.0,9076480,42000,2,228
1427935196212,20085,943,500,358240053591301,www.unige.ch,Http,"[17,28,17]",17.0,WIFI,,Fako,[78:54:2e:9f:1d:72],0,[-28],-28.0,9076480,42000,2,228
1427935256284,20086,864,656,358240053591301,www.unige.ch,Http,"[27,26,20]",26.0,WIFI,,Fako,[78:54:2e:9f:1d:72],0,[-28],-28.0,9076480,42000,2,228
1427935317629,20083,4628,14212,358240053591301,www.unige.ch,Http,"[18,135,16]",18.0,WIFI,,Fako,[78:54:2e:9f:1d:72],0,[-28],-28.0,9076480,42000,2,228
1427935501961,20076,8204,8626,358240053591301,www.unige.ch,Http,"[19,20,18]",19.0,WIFI,,Fako,[78:54:2e:9f:1d:72],0,[-28],-28.0,9076480,42000,2,228
1427935561965,20083,916,861,358240053591301,www.unige.ch,Http,"[23,18,17]",18.0,WIFI,,Fako,[78:54:2e:9f:1d:72],0,[-28],-28.0,9076480,42000,2,228
1427935622006,20182,864,448,358240053591301,www.unige.ch,Http,"[18,19,128]",19.0,WIFI,,Fako,[78:54:2e:9f:1d:72],0,[-28],-28.0,9076480,42000,2,228
1427935692953,20084,864,500,358240053591301,www.unige.ch,Http,"[19,25,17]",19.0,WIFI,,Fako,[78:54:2e:9f:1d:72],0,[-28],-28.0,9076480,42000,2,228
1427935753041,20069,864,656,358240053591301,www.unige.ch,Http,"[17,26,17]",17.0,WIFI,,Fako,[78:54:2e:9f:1d:72],0,[-28],-28.0,9076480,42000,2,228
1427935813952,20071,17058,23152,358240053591301,www.unige.ch,Http,"[17,16,24]",17.0,WIFI,,Fako,[78:54:2e:9f:1d:72],0,[-28],-28.0,9076480,42000,2,228
1427935907094,20087,864,448,358240053591301,www.unige.ch,Http,"[18,21,135]",21.0,WIFI,,Fako,[78:54:2e:9f:1d:72],0,[-28],-28.0,9076480,42000,2,228
1427935967896,20096,864,656,358240053591301,www.unige.ch,Http,"[40,29,31]",31.0,WIFI,,Fako,[78:54:2e:9f:1d:72],0,[-28],-28.0,9076480,42000,2,228
1427936054136,20068,956,901,358240053591301,www.unige.ch,Http,"[16,26,20]",20.0,WIFI,,Fako,[78:54:2e:9f:1d:72],0,[-28],-28.0,9076480,42000,2,228
1427936114201,20071,29863,48895,358240053591301,www.unige.ch,Http,"[16,27,18]",18.0,WIFI,,Fako,[78:54:2e:9f:1d:72],0,[-28],-28.0,9076480,42000,2,228
1427936209959,20081,60105,5286,358240053591301,www.unige.ch,Http,"[27,131,18]",27.0,WIFI,,Fako,[78:54:2e:9f:1d:72],0,[-28],-28.0,9076480,42000,2,228
1427936294893,20073,956,745,358240053591301,www.unige.ch,Http,"[18,19,18]",18.0,WIFI,,Fako,[78:54:2e:9f:1d:72],0,[-28],-28.0,9076480,42000,2,228
1427936354922,20070,904,764,358240053591301,www.unige.ch,Http,"[25,26,16]",25.0,WIFI,,Fako,[78:54:2e:9f:1d:72],0,[-28],-28.0,9076480,42000,2,228
1427936414974,20077,2031,580,358240053591301,www.unige.ch,Http,"[16,27,19]",19.0,WIFI,,Fako,[78:54:2e:9f:1d:72],0,[-28],-28.0,9076480,42000,2,228
1427936475046,21110,3018,1261,358240053591301,www.unige.ch,Http,"[17,15,18]",17.0,WIFI,,Fako,[78:54:2e:9f:1d:72],0,[-28],-28.0,9076480,42000,2,228
1427936535193,20083,1184,781,358240053591301,www.unige.ch,Http,"[19,18,19]",19.0,WIFI,,Fako,[78:54:2e:9f:1d:72],0,[-28],-28.0,9076480,42000,2,228
1427936595307,20090,904,488,358240053591301,www.unige.ch,Http,"[18,18,17]",18.0,WIFI,,Fako,[78:54:2e:9f:1d:72],0,[-28],-28.0,9076480,42000,2,228
1427936655366,20079,904,644,358240053591301,www.unige.ch,Http,"[19,19,19]",19.0,WIFI,,Fako,[78:54:2e:9f:1d:72],0,[-28],-28.0,9076480,42000,2,228
1427936715458,20072,904,696,358240053591301,www.unige.ch,Http,"[17,18,18]",18.0,WIFI,,Fako,[78:54:2e:9f:1d:72],0,[-28],-28.0,9076480,42000,2,228
1427936796964,20091,3297,3378,358240053591301,www.unige.ch,Http,"[24,128,17]",24.0,WIFI,,Fako,[78:54:2e:9f:1d:72],0,[-28],-28.0,9076480,42000,2,228
1427936857017,20099,864,656,358240053591301,www.unige.ch,Http,"[18,18,18]",18.0,WIFI,,Fako,[78:54:2e:9f:1d:72],0,[-28],-28.0,9076480,42000,2,228
1427936942903,20087,864,656,358240053591301,www.unige.ch,Http,"[25,20,16]",20.0,WIFI,,Fako,[78:54:2e:9f:1d:72],0,[-28],-28.0,9076480,42000,2,228
1427937037909,21131,916,533,358240053591301,www.unige.ch,Http,"[18,17,20]",18.0,WIFI,,Fako,[78:54:2e:9f:1d:72],0,[-28],-28.0,9076480,42000,2,228
1427937098979,20020,3566,13793,358240053591301,www.unige.ch,Http,"[123,21,139]",123.0,WIFI,,Fako,[78:54:2e:9f:1d:72],0,[-28],-28.0,9076480,42000,2,228
1427937159012,20074,864,656,358240053591301,www.unige.ch,Http,"[24,17,17]",17.0,WIFI,,Fako,[78:54:2e:9f:1d:72],0,[-28],-28.0,9076480,42000,2,228
1427937219024,20085,864,448,358240053591301,www.unige.ch,Http,"[18,25,19]",19.0,WIFI,,Fako,[78:54:2e:9f:1d:72],0,[-28],-28.0,9076480,42000,2,228
1427937279087,21142,916,741,358240053591301,www.unige.ch,Http,"[20,19,18]",19.0,WIFI,,Fako,[78:54:2e:9f:1d:72],0,[-28],-28.0,9076480,42000,2,228
1427937378969,20114,2644,1402,358240053591301,www.unige.ch,Http,"[19,20,19]",19.0,WIFI,,Fako,[78:54:2e:9f:1d:72],0,[-28],-28.0,9076480,42000,2,228
1427937438952,20065,1626,2371,358240053591301,www.unige.ch,Http,"[21,22,17]",21.0,WIFI,,Fako,[78:54:2e:9f:1d:72],0,[-28],-28.0,9076480,42000,2,228
1427937519264,20076,1030,533,358240053591301,www.unige.ch,Http,"[16,19,18]",18.0,WIFI,,Fako,[78:54:2e:9f:1d:72],0,[-28],-28.0,9076480,42000,2,228
1427937622904,20081,9517,9926,358240053591301,www.unige.ch,Http,"[19,29,22]",22.0,WIFI,,Fako,[78:54:2e:9f:1d:72],0,[-28],-28.0,9076480,42000,2,228
1427937759903,21133,12556,16308,358240053591301,www.unige.ch,Http,"[133,19,17]",19.0,WIFI,,Fako,[78:54:2e:9f:1d:72],0,[-28],-28.0,9076480,42000,2,228
1427937820883,20100,864,448,358240053591301,www.unige.ch,Http,"[18,27,18]",18.0,WIFI,,Fako,[78:54:2e:9f:1d:72],0,[-28],-28.0,9076480,42000,2,228
1427937881948,20078,5539,7376,358240053591301,www.unige.ch,Http,"[23,20,21]",21.0,WIFI,,Fako,[78:54:2e:9f:1d:72],0,[-28],-28.0,9076480,42000,2,228
1427937941950,20091,864,604,358240053591301,www.unige.ch,Http,"[25,19,19]",19.0,WIFI,,Fako,[78:54:2e:9f:1d:72],0,[-28],-28.0,9076480,42000,2,228
1427938017892,21128,64587,5222,358240053591301,www.unige.ch,Http,"[16,18,18]",18.0,WIFI,,Fako,[78:54:2e:9f:1d:72],0,[-28],-28.0,9076480,42000,2,228
1427938077911,20059,864,776,358240053591301,www.unige.ch,Http,"[29,30,19]",29.0,WIFI,,Fako,[78:54:2e:9f:1d:72],0,[-28],-28.0,9076480,42000,2,228
1427938137919,20112,1130,632,358240053591301,www.unige.ch,Http,"[27,20,19]",20.0,WIFI,,Fako,[78:54:2e:9f:1d:72],0,[-28],-28.0,9076480,42000,2,228
1427938201031,20089,864,656,358240053591301,www.unige.ch,Http,"[18,18,15]",18.0,WIFI,,Fako,[78:54:2e:9f:1d:72],0,[-28],-28.0,9076480,42000,2,228
1427938261109,20065,916,741,358240053591301,www.unige.ch,Http,"[23,19,24]",23.0,WIFI,,Fako,[78:54:2e:9f:1d:72],0,[-28],-28.0,9076480,42000,2,228
1427938338666,20074,3473,1654,358240053591301,www.unige.ch,Http,"[17,131,18]",18.0,WIFI,,Fako,[78:54:2e:9f:1d:72],0,[-28],-28.0,9076480,42000,2,228
1427938398766,20089,1196,926,358240053591301,www.unige.ch,Http,"[20,18,18]",18.0,WIFI,,Fako,[78:54:2e:9f:1d:72],0,[-28],-28.0,9076480,42000,2,228
1427938501902,20122,1291,805,358240053591301,www.unige.ch,Http,"[44,27,19]",27.0,WIFI,,Fako,[78:54:2e:9f:1d:72],0,[-28],-28.0,9076480,42000,2,228
1427938561925,20078,864,604,358240053591301,www.unige.ch,Http,"[17,21,17]",17.0,WIFI,,Fako,[78:54:2e:9f:1d:72],0,[-28],-28.0,9076480,42000,2,228
1427938632159,20085,864,656,358240053591301,www.unige.ch,Http,"[16,17,132]",17.0,WIFI,,Fako,[78:54:2e:9f:1d:72],0,[-28],-28.0,9076480,42000,2,228
1427938692187,20106,864,500,358240053591301,www.unige.ch,Http,"[25,19,18]",19.0,WIFI,,Fako,[78:54:2e:9f:1d:72],0,[-28],-28.0,9076480,42000,2,228
1427938788977,20085,916,741,358240053591301,www.unige.ch,Http,"[25,18,16]",18.0,WIFI,,Fako,[78:54:2e:9f:1d:72],0,[-28],-28.0,9076480,42000,2,228
1427938917972,20033,51477,99285,358240053591301,www.unige.ch,Http,"[27,126,21]",27.0,WIFI,,Fako,[78:54:2e:9f:1d:72],0,[-28],-28.0,9076480,42000,2,228
1427938977991,20084,2774,1789,358240053591301,www.unige.ch,Http,"[31,19,24]",24.0,WIFI,,Fako,[78:54:2e:9f:1d:72],0,[-28],-28.0,9076480,42000,2,228
1427939054135,20091,864,776,358240053591301,www.unige.ch,Http,"[26,17,16]",17.0,WIFI,,Fako,[78:54:2e:9f:1d:72],0,[-28],-28.0,9076480,42000,2,228
1427939114006,20012,10639,18766,358240053591301,www.unige.ch,Http,"[17,23,17]",17.0,WIFI,,Fako,[78:54:2e:9f:1d:72],0,[-28],-28.0,9076480,42000,2,228
1427939174103,21159,968,552,358240053591301,www.unige.ch,Http,"[19,18,18]",18.0,WIFI,,Fako,[78:54:2e:9f:1d:72],0,[-28],-28.0,9076480,42000,2,228
1427939234202,20067,916,656,358240053591301,www.unige.ch,Http,"[25,17,19]",19.0,WIFI,,Fako,[78:54:2e:9f:1d:72],0,[-28],-28.0,9076480,42000,2,228
1427939515525,21135,1467,906,358240053591301,www.unige.ch,Http,"[16,129,18]",18.0,WIFI,,Fako,[78:54:2e:9f:1d:72],0,[-28],-28.0,9076480,42000,2,228
1427939575991,20091,916,448,358240053591301,www.unige.ch,Http,"[17,26,18]",18.0,WIFI,,Fako,[78:54:2e:9f:1d:72],0,[-28],-28.0,9076480,42000,2,228
1427939635899,20067,2483,1566,358240053591301,www.unige.ch,Http,"[27,18,17]",18.0,WIFI,,Fako,[78:54:2e:9f:1d:72],0,[-28],-28.0,9076480,42000,2,228
1427939735961,21171,1042,892,358240053591301,www.unige.ch,Http,"[19,19,18]",19.0,WIFI,,Fako,[78:54:2e:9f:1d:72],0,[-28],-28.0,9076480,42000,2,228
1427939809892,20226,1161,540,358240053591301,www.unige.ch,Http,"[18,18,128]",18.0,WIFI,,Fako,[78:54:2e:9f:1d:72],0,[-28],-28.0,9076480,42000,2,228
1427939870908,20113,63665,6684,358240053591301,www.unige.ch,Http,"[17,18,19]",18.0,WIFI,,Fako,[78:54:2e:9f:1d:72],0,[-28],-28.0,9076480,42000,2,228
1427939942891,20069,1092,736,358240053591301,www.unige.ch,Http,"[18,19,28]",19.0,WIFI,,Fako,[78:54:2e:9f:1d:72],0,[-28],-28.0,9076480,42000,2,228
1427940002907,20098,1003,653,358240053591301,www.unige.ch,Http,"[21,17,24]",21.0,WIFI,,Fako,[78:54:2e:9f:1d:72],0,[-28],-28.0,9076480,42000,2,228
1427940103219,20074,2726,1758,358240053591301,www.unige.ch,Http,"[18,19,129]",19.0,WIFI,,Fako,[78:54:2e:9f:1d:72],0,[-28],-28.0,9076480,42000,2,228
1427940163322,20096,864,448,358240053591301,www.unige.ch,Http,"[17,17,24]",17.0,WIFI,,Fako,[78:54:2e:9f:1d:72],0,[-28],-28.0,9076480,42000,2,228
1427940248891,20065,3193,5423,358240053591301,www.unige.ch,Http,"[39,26,23]",26.0,WIFI,,Fako,[78:54:2e:9f:1d:72],0,[-28],-28.0,9076480,42000,2,228
1427940308921,20076,916,724,358240053591301,www.unige.ch,Http,"[27,19,18]",19.0,WIFI,,Fako,[78:54:2e:9f:1d:72],0,[-28],-28.0,9076480,42000,2,228
1427940396890,20163,1036,604,358240053591301,www.unige.ch,Http,"[26,18,25]",25.0,WIFI,,Fako,[78:54:2e:9f:1d:72],0,[-28],-28.0,9076480,42000,2,228
1427940490274,21120,916,793,358240053591301,www.unige.ch,Http,"[18,18,19]",18.0,WIFI,,Fako,[78:54:2e:9f:1d:72],0,[-28],-28.0,9076480,42000,2,228
1427940550888,20082,864,552,358240053591301,www.unige.ch,Http,"[20,24,20]",20.0,WIFI,,Fako,[78:54:2e:9f:1d:72],0,[-28],-28.0,9076480,42000,2,228
1427940610909,20084,864,552,358240053591301,www.unige.ch,Http,"[24,26,25]",25.0,WIFI,,Fako,[78:54:2e:9f:1d:72],0,[-28],-28.0,9076480,42000,2,228
1427940691008,21086,864,604,358240053591301,www.unige.ch,Http,"[17,17,131]",17.0,WIFI,,Fako,[78:54:2e:9f:1d:72],0,[-28],-28.0,9076480,42000,2,228
1427940751881,20095,1020,500,358240053591301,www.unige.ch,Http,"[19,18,18]",18.0,WIFI,,Fako,[78:54:2e:9f:1d:72],0,[-28],-28.0,9076480,42000,2,228
1427940811886,20086,916,656,358240053591301,www.unige.ch,Http,"[18,17,17]",17.0,WIFI,,Fako,[78:54:2e:9f:1d:72],0,[-28],-28.0,9076480,42000,2,228
1427940901132,20080,33990,71745,358240053591301,www.unige.ch,Http,"[18,17,18]",18.0,WIFI,,Fako,[78:54:2e:9f:1d:72],0,[-28],-28.0,9076480,42000,2,228
1427941001910,20090,12601,1937,358240053591301,www.unige.ch,Http,"[19,144,17]",19.0,WIFI,,Fako,[78:54:2e:9f:1d:72],0,[-28],-28.0,9076480,42000,2,228
1427941062883,20063,864,656,358240053591301,www.unige.ch,Http,"[25,24,20]",24.0,WIFI,,Fako,[78:54:2e:9f:1d:72],0,[-28],-28.0,9076480,42000,2,228
1427941142063,20097,864,552,358240053591301,www.unige.ch,Http,"[19,17,18]",18.0,WIFI,,Fako,[78:54:2e:9f:1d:72],0,[-28],-28.0,9076480,42000,2,228
1427941242193,20088,1003,689,358240053591301,www.unige.ch,Http,"[18,18,17]",18.0,WIFI,,Fako,[78:54:2e:9f:1d:72],0,[-28],-28.0,9076480,42000,2,228
1427941302219,20073,864,552,358240053591301,www.unige.ch,Http,"[19,146,25]",25.0,WIFI,,Fako,[78:54:2e:9f:1d:72],0,[-28],-28.0,9076480,42000,2,228
1427941382490,20099,988,612,358240053591301,www.unige.ch,Http,"[24,24,26]",24.0,WIFI,,Fako,[78:54:2e:9f:1d:72],0,[-28],-28.0,9076480,42000,2,228
1427941442884,20088,2361,1736,358240053591301,www.unige.ch,Http,"[29,15,16]",16.0,WIFI,,Fako,[78:54:2e:9f:1d:72],0,[-28],-28.0,9076480,42000,2,228
1427941503888,20026,864,656,358240053591301,www.unige.ch,Http,"[17,19,18]",18.0,WIFI,,Fako,[78:54:2e:9f:1d:72],0,[-28],-28.0,9076480,42000,2,228
1427941587891,20098,864,552,358240053591301,www.unige.ch,Http,"[18,17,127]",18.0,WIFI,,Fako,[78:54:2e:9f:1d:72],0,[-28],-28.0,9076480,42000,2,228
1427941647906,20074,864,656,358240053591301,www.unige.ch,Http,"[19,19,18]",19.0,WIFI,,Fako,[78:54:2e:9f:1d:72],0,[-28],-28.0,9076480,42000,2,228
1427941710754,20076,69298,38710,358240053591301,www.unige.ch,Http,"[23,18,19]",19.0,WIFI,,Fako,[78:54:2e:9f:1d:72],0,[-28],-28.0,9076480,42000,2,228
1427941770888,20080,864,656,358240053591301,www.unige.ch,Http,"[18,20,18]",18.0,WIFI,,Fako,[78:54:2e:9f:1d:72],0,[-28],-28.0,9076480,42000,2,228
1427941830936,20076,1860,500,358240053591301,www.unige.ch,Http,"[24,18,20]",20.0,WIFI,,Fako,[78:54:2e:9f:1d:72],0,[-28],-28.0,9076480,42000,2,228
1427941891006,20100,1196,1006,358240053591301,www.unige.ch,Http,"[18,64,16]",18.0,WIFI,,Fako,[78:54:2e:9f:1d:72],0,[-28],-28.0,9076480,42000,2,228
1427941963926,20077,916,741,358240053591301,www.unige.ch,Http,"[26,16,19]",19.0,WIFI,,Fako,[78:54:2e:9f:1d:72],0,[-28],-28.0,9076480,42000,2,228
1427942024883,20089,864,500,358240053591301,www.unige.ch,Http,"[26,19,18]",19.0,WIFI,,Fako,[78:54:2e:9f:1d:72],0,[-28],-28.0,9076480,42000,2,228
1427942087927,20080,864,552,358240053591301,www.unige.ch,Http,"[17,18,17]",17.0,WIFI,,Fako,[78:54:2e:9f:1d:72],0,[-28],-28.0,9076480,42000,2,228
1427942147974,20087,864,604,358240053591301,www.unige.ch,Http,"[18,18,19]",18.0,WIFI,,Fako,[78:54:2e:9f:1d:72],0,[-28],-28.0,9076480,42000,2,228
1427942207977,21123,916,533,358240053591301,www.unige.ch,Http,"[18,21,16]",18.0,WIFI,,Fako,[78:54:2e:9f:1d:72],0,[-28],-28.0,9076480,42000,2,228
1427942267985,20100,1488,656,358240053591301,www.unige.ch,Http,"[27,26,18]",26.0,WIFI,,Fako,[78:54:2e:9f:1d:72],0,[-28],-28.0,9076480,42000,2,228
1427942328021,20103,1020,448,358240053591301,www.unige.ch,Http,"[18,17,17]",17.0,WIFI,,Fako,[78:54:2e:9f:1d:72],0,[-28],-28.0,9076480,42000,2,228
1427942479907,20101,4111,2703,358240053591301,www.unige.ch,Http,"[41,17,21]",21.0,WIFI,,Fako,[78:54:2e:9f:1d:72],0,[-28],-28.0,9076480,42000,2,228
1427942539960,21147,5835,6368,358240053591301,www.unige.ch,Http,"[18,17,27]",18.0,WIFI,,Fako,[78:54:2e:9f:1d:72],0,[-28],-28.0,9076480,42000,2,228
1427942702000,21114,10826,50750,358240053591301,www.unige.ch,Http,"[29,18,19]",19.0,WIFI,,Fako,[78:54:2e:9f:1d:72],0,[-28],-28.0,9076480,42000,2,228
1427942773475,20098,1082,500,358240053591301,www.unige.ch,Http,"[19,17,125]",19.0,WIFI,,Fako,[78:54:2e:9f:1d:72],0,[-28],-28.0,9076480,42000,2,228
1427942833435,20028,5648,2428,358240053591301,www.unige.ch,Http,"[18,18,24]",18.0,WIFI,,Fako,[78:54:2e:9f:1d:72],0,[-28],-28.0,9076480,42000,2,228
1427942893888,20086,916,724,358240053591301,www.unige.ch,Http,"[26,19,26]",26.0,WIFI,,Fako,[78:54:2e:9f:1d:72],0,[-28],-28.0,9076480,42000,2,228
1427942973946,20088,1144,689,358240053591301,www.unige.ch,Http,"[18,19,22]",19.0,WIFI,,Fako,[78:54:2e:9f:1d:72],0,[-28],-28.0,9076480,42000,2,228
1427943066904,21241,864,656,358240053591301,www.unige.ch,Http,"[131,26,61]",61.0,WIFI,,Fako,[78:54:2e:9f:1d:72],0,[-28],-28.0,9076480,42000,2,228
1427943200912,20117,1179,500,358240053591301,www.unige.ch,Http,"[17,24,17]",17.0,WIFI,,Fako,[78:54:2e:9f:1d:72],0,[-28],-28.0,9076480,42000,2,228
1427943261894,20090,864,656,358240053591301,www.unige.ch,Http,"[19,18,19]",19.0,WIFI,,Fako,[78:54:2e:9f:1d:72],0,[-28],-28.0,9076480,42000,2,228
1427943360297,20087,2669,1700,358240053591301,www.unige.ch,Http,"[17,150,21]",21.0,WIFI,,Fako,[78:54:2e:9f:1d:72],0,[-28],-28.0,9076480,42000,2,228
1427943420344,20083,864,552,358240053591301,www.unige.ch,Http,"[17,18,18]",18.0,WIFI,,Fako,[78:54:2e:9f:1d:72],0,[-28],-28.0,9076480,42000,2,228
1427943480439,20100,916,533,358240053591301,www.unige.ch,Http,"[26,16,19]",19.0,WIFI,,Fako,[78:54:2e:9f:1d:72],0,[-28],-28.0,9076480,42000,2,228
1427943540498,20102,62280,5072,358240053591301,www.unige.ch,Http,"[18,17,17]",17.0,WIFI,,Fako,[78:54:2e:9f:1d:72],0,[-28],-28.0,9076480,42000,2,228
1427943601069,20073,995,696,358240053591301,www.unige.ch,Http,"[17,17,24]",17.0,WIFI,,Fako,[78:54:2e:9f:1d:72],0,[-28],-28.0,9076480,42000,2,228
1427943661229,20090,864,552,358240053591301,www.unige.ch,Http,"[28,135,19]",28.0,WIFI,,Fako,[78:54:2e:9f:1d:72],0,[-28],-28.0,9076480,42000,2,228
1427943753940,20098,6933,37392,358240053591301,www.unige.ch,Http,"[43,18,18]",18.0,WIFI,,Fako,[78:54:2e:9f:1d:72],0,[-28],-28.0,9076480,42000,2,228
1427943813970,20087,4298,2163,358240053591301,www.unige.ch,Http,"[19,27,18]",19.0,WIFI,,Fako,[78:54:2e:9f:1d:72],0,[-28],-28.0,9076480,42000,2,228
1427943874939,20132,1092,604,358240053591301,www.unige.ch,Http,"[19,20,27]",20.0,WIFI,,Fako,[78:54:2e:9f:1d:72],0,[-28],-28.0,9076480,42000,2,228
1427943954885,20099,988,716,358240053591301,www.unige.ch,Http,"[28,158,170]",158.0,WIFI,,Fako,[78:54:2e:9f:1d:72],0,[-28],-28.0,9076480,42000,2,228
1427944014912,20084,916,689,358240053591301,www.unige.ch,Http,"[18,27,28]",27.0,WIFI,,Fako,[78:54:2e:9f:1d:72],0,[-28],-28.0,9076480,42000,2,228
1427944074918,20069,864,656,358240053591301,www.unige.ch,Http,"[18,18,18]",18.0,WIFI,,Fako,[78:54:2e:9f:1d:72],0,[-28],-28.0,9076480,42000,2,228
1427944135945,21067,136548,6973400,358240053591301,www.unige.ch,Http,"[18,17,22]",18.0,WIFI,,Fako,[78:54:2e:9f:1d:72],0,[-28],-28.0,9076480,42000,2,228
1427944196046,20183,10593,1564,358240053591301,www.unige.ch,Http,"[17,22,26]",22.0,WIFI,,Fako,[78:54:2e:9f:1d:72],0,[-28],-28.0,9076480,42000,2,228
1427944256941,20088,2167,2035,358240053591301,www.unige.ch,Http,"[17,132,16]",17.0,WIFI,,Fako,[78:54:2e:9f:1d:72],0,[-28],-28.0,9076480,42000,2,228
1427944317894,20089,3319,17319,358240053591301,www.unige.ch,Http,"[24,17,16]",17.0,WIFI,,Fako,[78:54:2e:9f:1d:72],0,[-28],-28.0,9076480,42000,2,228
1427944416445,20094,904,696,358240053591301,www.unige.ch,Http,"[25,24,19]",24.0,WIFI,,Fako,[78:54:2e:9f:1d:72],0,[-28],-28.0,9076480,42000,2,228
1427944501920,20083,7286,20013,358240053591301,www.unige.ch,Http,"[18,19,17]",18.0,WIFI,,Fako,[78:54:2e:9f:1d:72],0,[-28],-28.0,9076480,42000,2,228
1427944561951,20099,916,500,358240053591301,www.unige.ch,Http,"[25,18,19]",19.0,WIFI,,Fako,[78:54:2e:9f:1d:72],0,[-28],-28.0,9076480,42000,2,228
1427944622890,20094,864,776,358240053591301,www.unige.ch,Http,"[17,21,18]",18.0,WIFI,,Fako,[78:54:2e:9f:1d:72],0,[-28],-28.0,9076480,42000,2,228
1427944683894,20068,916,500,358240053591301,www.unige.ch,Http,"[17,25,19]",19.0,WIFI,,Fako,[78:54:2e:9f:1d:72],0,[-28],-28.0,9076480,42000,2,228
1427944743964,20098,8946,10480,358240053591301,www.unige.ch,Http,"[25,18,26]",25.0,WIFI,,Fako,[78:54:2e:9f:1d:72],0,[-28],-28.0,9076480,42000,2,228
1427944844924,20101,31266,9171,358240053591301,www.unige.ch,Http,"[19,18,132]",19.0,WIFI,,Fako,[78:54:2e:9f:1d:72],0,[-28],-28.0,9076480,42000,2,228
1427944904911,20104,904,540,358240053591301,www.unige.ch,Http,"[20,17,18]",18.0,WIFI,,Fako,[78:54:2e:9f:1d:72],0,[-28],-28.0,9076480,42000,2,228
1427944964924,20102,5624,37368,358240053591301,www.unige.ch,Http,"[18,18,18]",18.0,WIFI,,Fako,[78:54:2e:9f:1d:72],0,[-28],-28.0,9076480,42000,2,228
1427945138985,20077,4520,3514,358240053591301,www.unige.ch,Http,"[19,133,18]",19.0,WIFI,,Fako,[78:54:2e:9f:1d:72],0,[-28],-28.0,9076480,42000,2,228
1427945198963,21099,22136,35143,358240053591301,www.unige.ch,Http,"[24,24,17]",24.0,WIFI,,Fako,[78:54:2e:9f:1d:72],0,[-28],-28.0,9076480,42000,2,228
1427945290920,20178,864,448,358240053591301,www.unige.ch,Http,"[26,18,18]",18.0,WIFI,,Fako,[78:54:2e:9f:1d:72],0,[-28],-28.0,9076480,42000,2,228
1427945351876,20062,64551,5167,358240053591301,www.unige.ch,Http,"[18,18,23]",18.0,WIFI,,Fako,[78:54:2e:9f:1d:72],0,[-28],-28.0,9076480,42000,2,228
1427945411933,20482,864,620,358240053591301,www.unige.ch,Http,"[18,19,18]",18.0,WIFI,,Fako,[78:54:2e:9f:1d:72],0,[-28],-28.0,9076480,42000,2,228
1427945472905,21133,1051,662,358240053591301,www.unige.ch,Http,"[17,24,17]",17.0,WIFI,,Fako,[78:54:2e:9f:1d:72],0,[-28],-28.0,9076480,42000,2,228
1427945533941,20073,864,604,358240053591301,www.unige.ch,Http,"[17,26,18]",18.0,WIFI,,Fako,[78:54:2e:9f:1d:72],0,[-28],-28.0,9076480,42000,2,228
1427945595026,20120,864,500,358240053591301,www.unige.ch,Http,"[17,27,16]",17.0,WIFI,,Fako,[78:54:2e:9f:1d:72],0,[-28],-28.0,9076480,42000,2,228
1427945655093,20067,864,656,358240053591301,www.unige.ch,Http,"[25,17,18]",18.0,WIFI,,Fako,[78:54:2e:9f:1d:72],0,[-28],-28.0,9076480,42000,2,228
1427945717974,21177,4842,2517,358240053591301,www.unige.ch,Http,"[16,128,18]",18.0,WIFI,,Fako,[78:54:2e:9f:1d:72],0,[-28],-28.0,9076480,42000,2,228
1427945801891,21102,1122,862,358240053591301,www.unige.ch,Http,"[24,20,17]",20.0,WIFI,,Fako,[78:54:2e:9f:1d:72],0,[-28],-28.0,9076480,42000,2,228
1427945868105,20102,904,696,358240053591301,www.unige.ch,Http,"[24,20,20]",20.0,WIFI,,Fako,[78:54:2e:9f:1d:72],0,[-28],-28.0,9076480,42000,2,228
1427945928271,20100,904,540,358240053591301,www.unige.ch,Http,"[18,26,18]",18.0,WIFI,,Fako,[78:54:2e:9f:1d:72],0,[-28],-28.0,9076480,42000,2,228
1427946011956,20075,916,861,358240053591301,www.unige.ch,Http,"[16,139,17]",17.0,WIFI,,Fako,[78:54:2e:9f:1d:72],0,[-28],-28.0,9076480,42000,2,228
1427946071968,20207,864,552,358240053591301,www.unige.ch,Http,"[17,18,18]",18.0,WIFI,,Fako,[78:54:2e:9f:1d:72],0,[-28],-28.0,9076480,42000,2,228
1427946132027,20080,864,656,358240053591301,www.unige.ch,Http,"[21,18,21]",21.0,WIFI,,Fako,[78:54:2e:9f:1d:72],0,[-28],-28.0,9076480,42000,2,228
1427946192043,20105,864,620,358240053591301,www.unige.ch,Http,"[18,17,17]",17.0,WIFI,,Fako,[78:54:2e:9f:1d:72],0,[-28],-28.0,9076480,42000,2,228
1427946252138,21196,916,705,358240053591301,www.unige.ch,Http,"[21,21,19]",21.0,WIFI,,Fako,[78:54:2e:9f:1d:72],0,[-28],-28.0,9076480,42000,2,228
1427946312204,20068,864,656,358240053591301,www.unige.ch,Http,"[20,19,18]",19.0,WIFI,,Fako,[78:54:2e:9f:1d:72],0,[-28],-28.0,9076480,42000,2,228
1427946372216,20240,864,500,358240053591301,www.unige.ch,Http,"[16,18,21]",18.0,WIFI,,Fako,[78:54:2e:9f:1d:72],0,[-28],-28.0,9076480,42000,2,228
1427946432874,20075,864,552,358240053591301,www.unige.ch,Http,"[19,18,24]",19.0,WIFI,,Fako,[78:54:2e:9f:1d:72],0,[-28],-28.0,9076480,42000,2,228
1427946492894,20111,5783,6348,358240053591301,www.unige.ch,Http,"[26,18,20]",20.0,WIFI,,Fako,[78:54:2e:9f:1d:72],0,[-28],-28.0,9076480,42000,2,228
1427946566880,21129,864,448,358240053591301,www.unige.ch,Http,"[19,17,20]",19.0,WIFI,,Fako,[78:54:2e:9f:1d:72],0,[-28],-28.0,9076480,42000,2,228
1427946626905,21132,1777,604,358240053591301,www.unige.ch,Http,"[19,22,20]",20.0,WIFI,,Fako,[78:54:2e:9f:1d:72],0,[-28],-28.0,9076480,42000,2,228
1427946686926,20082,4576,2327,358240053591301,www.unige.ch,Http,"[18,19,17]",18.0,WIFI,,Fako,[78:54:2e:9f:1d:72],0,[-28],-28.0,9076480,42000,2,228
1427946746951,21178,978,488,358240053591301,www.unige.ch,Http,"[18,18,17]",18.0,WIFI,,Fako,[78:54:2e:9f:1d:72],0,[-28],-28.0,9076480,42000,2,228
1427946806940,20084,1053,739,358240053591301,www.unige.ch,Http,"[26,21,19]",21.0,WIFI,,Fako,[78:54:2e:9f:1d:72],0,[-28],-28.0,9076480,42000,2,228
1427946867059,20091,864,724,358240053591301,www.unige.ch,Http,"[26,19,17]",19.0,WIFI,,Fako,[78:54:2e:9f:1d:72],0,[-28],-28.0,9076480,42000,2,228
1427946961924,20074,1003,585,358240053591301,www.unige.ch,Http,"[25,25,16]",25.0,WIFI,,Fako,[78:54:2e:9f:1d:72],0,[-28],-28.0,9076480,42000,2,228
1427947030914,20072,864,448,358240053591301,www.unige.ch,Http,"[18,26,24]",24.0,WIFI,,Fako,[78:54:2e:9f:1d:72],0,[-28],-28.0,9076480,42000,2,228
1427947090940,20082,864,604,358240053591301,www.unige.ch,Http,"[25,135,22]",25.0,WIFI,,Fako,[78:54:2e:9f:1d:72],0,[-28],-28.0,9076480,42000,2,228
1427947150993,20078,864,604,358240053591301,www.unige.ch,Http,"[18,26,23]",23.0,WIFI,,Fako,[78:54:2e:9f:1d:72],0,[-28],-28.0,9076480,42000,2,228
1427947212974,20068,74462,5458,358240053591301,www.unige.ch,Http,"[19,17,39]",19.0,WIFI,,Fako,[78:54:2e:9f:1d:72],0,[-28],-28.0,9076480,42000,2,228
1427947272971,20093,864,656,358240053591301,www.unige.ch,Http,"[26,18,26]",26.0,WIFI,,Fako,[78:54:2e:9f:1d:72],0,[-28],-28.0,9076480,42000,2,228
1427947338134,20089,5808,17953,358240053591301,www.unige.ch,Http,"[18,16,19]",18.0,WIFI,,Fako,[78:54:2e:9f:1d:72],0,[-28],-28.0,9076480,42000,2,228
1427947398207,20059,864,776,358240053591301,www.unige.ch,Http,"[136,19,19]",19.0,WIFI,,Fako,[78:54:2e:9f:1d:72],0,[-28],-28.0,9076480,42000,2,228
1427947458328,20074,864,552,358240053591301,www.unige.ch,Http,"[18,26,18]",18.0,WIFI,,Fako,[78:54:2e:9f:1d:72],0,[-28],-28.0,9076480,42000,2,228
1427947528563,20084,864,448,358240053591301,www.unige.ch,Http,"[17,18,16]",17.0,WIFI,,Fako,[78:54:2e:9f:1d:72],0,[-28],-28.0,9076480,42000,2,228
1427947591901,20073,4762,2683,358240053591301,www.unige.ch,Http,"[18,26,19]",19.0,WIFI,,Fako,[78:54:2e:9f:1d:72],0,[-28],-28.0,9076480,42000,2,228
1427947691883,21147,1127,921,358240053591301,www.unige.ch,Http,"[171,25,157]",157.0,WIFI,,Fako,[78:54:2e:9f:1d:72],0,[-28],-28.0,9076480,42000,2,228
1427947751904,20076,2475,5378,358240053591301,www.unige.ch,Http,"[25,19,17]",19.0,WIFI,,Fako,[78:54:2e:9f:1d:72],0,[-28],-28.0,9076480,42000,2,228
1427947811915,20080,864,448,358240053591301,www.unige.ch,Http,"[18,19,19]",19.0,WIFI,,Fako,[78:54:2e:9f:1d:72],0,[-28],-28.0,9076480,42000,2,228
1427947871931,20069,864,656,358240053591301,www.unige.ch,Http,"[18,32,20]",20.0,WIFI,,Fako,[78:54:2e:9f:1d:72],0,[-28],-28.0,9076480,42000,2,228
1427947938925,20075,6178,6508,358240053591301,www.unige.ch,Http,"[19,23,17]",19.0,WIFI,,Fako,[78:54:2e:9f:1d:72],0,[-28],-28.0,9076480,42000,2,228
1427947998949,21110,864,776,358240053591301,www.unige.ch,Http,"[135,16,17]",17.0,WIFI,,Fako,[78:54:2e:9f:1d:72],0,[-28],-28.0,9076480,42000,2,228
1427948066927,21121,864,500,358240053591301,www.unige.ch,Http,"[16,17,20]",17.0,WIFI,,Fako,[78:54:2e:9f:1d:72],0,[-28],-28.0,9076480,42000,2,228
1427948126936,20096,864,656,358240053591301,www.unige.ch,Http,"[24,17,17]",17.0,WIFI,,Fako,[78:54:2e:9f:1d:72],0,[-28],-28.0,9076480,42000,2,228
1427948186973,20088,916,585,358240053591301,www.unige.ch,Http,"[21,25,19]",21.0,WIFI,,Fako,[78:54:2e:9f:1d:72],0,[-28],-28.0,9076480,42000,2,228
1427948284118,21151,988,716,358240053591301,www.unige.ch,Http,"[100,25,158]",100.0,WIFI,,Fako,[78:54:2e:9f:1d:72],0,[-28],-28.0,9076480,42000,2,228
1427948491880,21142,864,656,358240053591301,www.unige.ch,Http,"[18,25,18]",18.0,WIFI,,Fako,[78:54:2e:9f:1d:72],0,[-28],-28.0,9076480,42000,2,228
1427948577903,20074,58235,18573,358240053591301,www.unige.ch,Http,"[140,27,137]",137.0,WIFI,,Fako,[78:54:2e:9f:1d:72],0,[-28],-28.0,9076480,42000,2,228
1427948637911,20074,864,656,358240053591301,www.unige.ch,Http,"[18,18,26]",18.0,WIFI,,Fako,[78:54:2e:9f:1d:72],0,[-28],-28.0,9076480,42000,2,228
1427948697940,20077,864,552,358240053591301,www.unige.ch,Http,"[17,19,18]",18.0,WIFI,,Fako,[78:54:2e:9f:1d:72],0,[-28],-28.0,9076480,42000,2,228
1427948776128,21100,28248,199691,358240053591301,www.unige.ch,Http,"[20,18,24]",20.0,WIFI,,Fako,[78:54:2e:9f:1d:72],0,[-28],-28.0,9076480,42000,2,228
1427948836886,21187,1005,837,358240053591301,www.unige.ch,Http,"[20,20,19]",20.0,WIFI,,Fako,[78:54:2e:9f:1d:72],0,[-28],-28.0,9076480,42000,2,228
1427948896950,20087,953,604,358240053591301,www.unige.ch,Http,"[18,20,19]",19.0,WIFI,,Fako,[78:54:2e:9f:1d:72],0,[-28],-28.0,9076480,42000,2,228
1427949000085,20065,995,644,358240053591301,www.unige.ch,Http,"[17,18,19]",18.0,WIFI,,Fako,[78:54:2e:9f:1d:72],0,[-28],-28.0,9076480,42000,2,228
1427949060944,20189,64354,5107,358240053591301,www.unige.ch,Http,"[20,26,21]",21.0,WIFI,,Fako,[78:54:2e:9f:1d:72],0,[-28],-28.0,9076480,42000,2,228
1427949120993,20068,864,656,358240053591301,www.unige.ch,Http,"[27,20,20]",20.0,WIFI,,Fako,[78:54:2e:9f:1d:72],0,[-28],-28.0,9076480,42000,2,228
1427949181132,20109,864,500,358240053591301,www.unige.ch,Http,"[20,26,18]",20.0,WIFI,,Fako,[78:54:2e:9f:1d:72],0,[-28],-28.0,9076480,42000,2,228
1427949241198,20075,864,656,358240053591301,www.unige.ch,Http,"[18,18,18]",18.0,WIFI,,Fako,[78:54:2e:9f:1d:72],0,[-28],-28.0,9076480,42000,2,228
1427949321946,20080,1063,753,358240053591301,www.unige.ch,Http,"[42,24,19]",24.0,WIFI,,Fako,[78:54:2e:9f:1d:72],0,[-28],-28.0,9076480,42000,2,228
1427949381956,20079,864,656,358240053591301,www.unige.ch,Http,"[25,27,18]",25.0,WIFI,,Fako,[78:54:2e:9f:1d:72],0,[-28],-28.0,9076480,42000,2,228
1427949453913,20099,864,552,358240053591301,www.unige.ch,Http,"[24,65,26]",26.0,WIFI,,Fako,[78:54:2e:9f:1d:72],0,[-28],-28.0,9076480,42000,2,228
1427949513953,20112,4708,2631,358240053591301,www.unige.ch,Http,"[21,26,24]",24.0,WIFI,,Fako,[78:54:2e:9f:1d:72],0,[-28],-28.0,9076480,42000,2,228
1427949573960,20067,3828,2165,358240053591301,www.unige.ch,Http,"[18,18,17]",18.0,WIFI,,Fako,[78:54:2e:9f:1d:72],0,[-28],-28.0,9076480,42000,2,228
1427949688926,21146,1020,604,358240053591301,www.unige.ch,Http,"[26,19,25]",25.0,WIFI,,Fako,[78:54:2e:9f:1d:72],0,[-28],-28.0,9076480,42000,2,228
1427949748959,20068,1284,998,358240053591301,www.unige.ch,Http,"[25,141,27]",27.0,WIFI,,Fako,[78:54:2e:9f:1d:72],0,[-28],-28.0,9076480,42000,2,228
1427949837967,21106,1107,533,358240053591301,www.unige.ch,Http,"[19,18,18]",18.0,WIFI,,Fako,[78:54:2e:9f:1d:72],0,[-28],-28.0,9076480,42000,2,228
1427949901055,21192,9492,32133,358240053591301,www.unige.ch,Http,"[18,26,17]",18.0,WIFI,,Fako,[78:54:2e:9f:1d:72],0,[-28],-28.0,9076480,42000,2,228
1427949997949,20074,1194,930,358240053591301,www.unige.ch,Http,"[19,18,19]",19.0,WIFI,,Fako,[78:54:2e:9f:1d:72],0,[-28],-28.0,9076480,42000,2,228
1427950057978,20630,951,656,358240053591301,www.unige.ch,Http,"[18,18,20]",18.0,WIFI,,Fako,[78:54:2e:9f:1d:72],0,[-28],-28.0,9076480,42000,2,228
1427950118894,20071,864,448,358240053591301,www.unige.ch,Http,"[25,18,18]",18.0,WIFI,,Fako,[78:54:2e:9f:1d:72],0,[-28],-28.0,9076480,42000,2,228
1427950178920,20071,864,604,358240053591301,www.unige.ch,Http,"[25,27,19]",25.0,WIFI,,Fako,[78:54:2e:9f:1d:72],0,[-28],-28.0,9076480,42000,2,228
1427950239888,20062,5820,6263,358240053591301,www.unige.ch,Http,"[20,18,16]",18.0,WIFI,,Fako,[78:54:2e:9f:1d:72],0,[-28],-28.0,9076480,42000,2,228
1427950319952,20082,980,826,358240053591301,www.unige.ch,Http,"[17,18,18]",18.0,WIFI,,Fako,[78:54:2e:9f:1d:72],0,[-28],-28.0,9076480,42000,2,228
1427950379990,20070,864,656,358240053591301,www.unige.ch,Http,"[17,18,19]",18.0,WIFI,,Fako,[78:54:2e:9f:1d:72],0,[-28],-28.0,9076480,42000,2,228
1427950440077,20077,1860,656,358240053591301,www.unige.ch,Http,"[17,19,18]",18.0,WIFI,,Fako,[78:54:2e:9f:1d:72],0,[-28],-28.0,9076480,42000,2,228
1427950500091,20098,7141,6458,358240053591301,www.unige.ch,Http,"[18,18,17]",18.0,WIFI,,Fako,[78:54:2e:9f:1d:72],0,[-28],-28.0,9076480,42000,2,228
1427950618956,20077,1177,805,358240053591301,www.unige.ch,Http,"[29,26,18]",26.0,WIFI,,Fako,[78:54:2e:9f:1d:72],0,[-28],-28.0,9076480,42000,2,228
1427950679008,20072,1130,736,358240053591301,www.unige.ch,Http,"[26,19,26]",26.0,WIFI,,Fako,[78:54:2e:9f:1d:72],0,[-28],-28.0,9076480,42000,2,228
1427950799894,20049,2310,1573,358240053591301,www.unige.ch,Http,"[17,19,20]",19.0,WIFI,,Fako,[78:54:2e:9f:1d:72],0,[-28],-28.0,9076480,42000,2,228
1427950859897,20136,95868,887125,358240053591301,www.unige.ch,Http,"[26,22,19]",22.0,WIFI,,Fako,[78:54:2e:9f:1d:72],0,"[-28,-58,-47]",-47.0,8992001,42000,2,228
1427950920989,20036,73062,63325,358240053591301,www.unige.ch,Http,"[19,19,18]",19.0,WIFI,,Fako,[78:54:2e:9f:1d:72],0,[-47],-47.0,8992001,42000,2,228
1427950981024,21048,3210,2530,358240053591301,www.unige.ch,Http,"[18,16,17]",17.0,WIFI,,Fako,[78:54:2e:9f:1d:72],0,[-50],-50.0,8992001,42000,2,228
1427951041028,20022,56911,680809,358240053591301,www.unige.ch,Http,"[18,28,18]",18.0,WIFI,,Fako,[78:54:2e:9f:1d:72],0,[-50],-50.0,8992001,42000,2,228
1427951101058,20023,221880,1956895,358240053591301,www.unige.ch,Http,"[19,21,56]",21.0,WIFI,,Fako,[78:54:2e:9f:1d:72],0,[-50],-50.0,8992001,42000,2,228
1427951161134,20085,3055,4720,358240053591301,www.unige.ch,Http,"[19,18,16]",18.0,WIFI,,Fako,[78:54:2e:9f:1d:72],0,[-50],-50.0,8992001,42000,2,228
1427951221198,20047,1956,604,358240053591301,www.unige.ch,Http,"[19,17,141]",19.0,WIFI,,Fako,[78:54:2e:9f:1d:72],0,[-50],-50.0,8992001,42000,2,228
1427951282377,20032,6611,16642,358240053591301,www.unige.ch,Http,"[17,162,28]",28.0,WIFI,,Fako,[78:54:2e:9f:1d:72],0,[-50],-50.0,8992001,42000,2,228
1427951343490,20054,2650,8859,358240053591301,www.unige.ch,Http,"[133,19,19]",19.0,WIFI,,Fako,[78:54:2e:9f:1d:72],0,[-50],-50.0,9076480,42000,2,228
1427951409694,21041,7092,9550,358240053591301,www.unige.ch,Http,"[18,18,126]",18.0,WIFI,,Fako,[78:54:2e:9f:1d:72],0,[-50],-50.0,9076480,42000,2,228
1427951469738,20085,968,876,358240053591301,www.unige.ch,Http,"[17,18,19]",18.0,WIFI,,Fako,[78:54:2e:9f:1d:72],0,[-50],-50.0,9076480,42000,2,228
1427951529783,21044,3723,3705,358240053591301,www.unige.ch,Http,"[17,16,18]",17.0,WIFI,,Fako,[78:54:2e:9f:1d:72],0,[-50],-50.0,9076480,42000,2,228
1427951593005,20075,2737,2367,358240053591301,www.unige.ch,Http,"[18,133,17]",18.0,WIFI,,Fako,[78:54:2e:9f:1d:72],0,[-50],-50.0,9076480,42000,2,228
1427951660296,20100,1048,741,358240053591301,www.unige.ch,Http,"[19,142,17]",19.0,WIFI,,Fako,[78:54:2e:9f:1d:72],0,[-50],-50.0,9076480,42000,2,228
1427951720347,21099,864,656,358240053591301,www.unige.ch,Http,"[22,18,19]",19.0,WIFI,,Fako,[78:54:2e:9f:1d:72],0,[-50],-50.0,9076480,42000,2,228
1427951784898,20070,864,604,358240053591301,www.unige.ch,Http,"[18,17,16]",17.0,WIFI,,Fako,[78:54:2e:9f:1d:72],0,[-50],-50.0,9076480,42000,2,228
1427951846911,20079,1100,891,358240053591301,www.unige.ch,Http,"[15,133,18]",18.0,WIFI,,Fako,[78:54:2e:9f:1d:72],0,[-50],-50.0,9076480,42000,2,228
1427951910892,20162,864,552,358240053591301,www.unige.ch,Http,"[16,134,21]",21.0,WIFI,,Fako,[78:54:2e:9f:1d:72],0,[-50],-50.0,9076480,42000,2,228
1427951972104,20105,864,604,358240053591301,www.unige.ch,Http,"[18,136,18]",18.0,WIFI,,Fako,[78:54:2e:9f:1d:72],0,[-50],-50.0,9076480,42000,2,228
1427952032251,20071,864,724,358240053591301,www.unige.ch,Http,"[24,125,16]",24.0,WIFI,,Fako,[78:54:2e:9f:1d:72],0,[-50],-50.0,9076480,42000,2,228
1427952092356,20066,2406,2459,358240053591301,www.unige.ch,Http,"[18,18,17]",18.0,WIFI,,Fako,[78:54:2e:9f:1d:72],0,[-50],-50.0,9076480,42000,2,228
1427952152905,20117,864,656,358240053591301,www.unige.ch,Http,"[17,18,17]",17.0,WIFI,,Fako,[78:54:2e:9f:1d:72],0,[-50],-50.0,9076480,42000,2,228
1427952212919,21245,864,776,358240053591301,www.unige.ch,Http,"[18,153,20]",20.0,WIFI,,Fako,[78:54:2e:9f:1d:72],0,[-29],-29.0,9076480,42000,2,228
1427952284894,21093,33570,158632,358240053591301,www.unige.ch,Http,"[21,18,17]",18.0,WIFI,,Fako,[78:54:2e:9f:1d:72],0,[-29],-29.0,9076480,42000,2,228
1427952348889,20098,1496,925,358240053591301,www.unige.ch,Http,"[26,16,17]",17.0,WIFI,,Fako,[78:54:2e:9f:1d:72],0,[-29],-29.0,9076480,42000,2,228
1427952417890,20077,969,656,358240053591301,www.unige.ch,Http,"[18,17,18]",18.0,WIFI,,Fako,[78:54:2e:9f:1d:72],0,[-29],-29.0,9076480,42000,2,228
1427952601141,20095,12985,17001,358240053591301,www.unige.ch,Http,"[18,19,135]",19.0,WIFI,,Fako,[78:54:2e:9f:1d:72],0,[-29],-29.0,9076480,42000,2,228
1427952661912,20061,1424,656,358240053591301,www.unige.ch,Http,"[17,18,18]",18.0,WIFI,,Fako,[78:54:2e:9f:1d:72],0,[-29],-29.0,9076480,42000,2,228
1427952722068,20022,70391,5439,358240053591301,www.unige.ch,Http,"[18,17,18]",18.0,WIFI,,Fako,[78:54:2e:9f:1d:72],0,[-29],-29.0,9076480,42000,2,228
1427952782890,20070,1034,647,358240053591301,www.unige.ch,Http,"[27,18,18]",18.0,WIFI,,Fako,[78:54:2e:9f:1d:72],0,[-29],-29.0,9076480,42000,2,228
1427952842901,20082,864,656,358240053591301,www.unige.ch,Http,"[19,17,19]",19.0,WIFI,,Fako,[78:54:2e:9f:1d:72],0,[-29],-29.0,9076480,42000,2,228
1427952903978,20073,976,500,358240053591301,www.unige.ch,Http,"[18,135,18]",18.0,WIFI,,Fako,[78:54:2e:9f:1d:72],0,[-29],-29.0,9076480,42000,2,228
1427952963975,20080,864,656,358240053591301,www.unige.ch,Http,"[19,19,18]",19.0,WIFI,,Fako,[78:54:2e:9f:1d:72],0,[-29],-29.0,9076480,42000,2,228
1427953024887,20074,864,656,358240053591301,www.unige.ch,Http,"[24,24,28]",24.0,WIFI,,Fako,[78:54:2e:9f:1d:72],0,[-29],-29.0,9076480,42000,2,228
1427953109987,21105,7829,11873,358240053591301,www.unige.ch,Http,"[20,21,19]",20.0,WIFI,,Fako,[78:54:2e:9f:1d:72],0,[-29],-29.0,9076480,42000,2,228
1427953189055,20085,864,656,358240053591301,www.unige.ch,Http,"[20,139,17]",20.0,WIFI,,Fako,[78:54:2e:9f:1d:72],0,[-29],-29.0,9076480,42000,2,228
1427953249891,20063,2499,1984,358240053591301,www.unige.ch,Http,"[20,16,20]",20.0,WIFI,,Fako,[78:54:2e:9f:1d:72],0,[-29],-29.0,9076480,42000,2,228
1427953317908,20064,6015,16423,358240053591301,www.unige.ch,Http,"[19,17,16]",17.0,WIFI,,Fako,[78:54:2e:9f:1d:72],0,[-29],-29.0,9076480,42000,2,228
1427953377916,20065,1055,772,358240053591301,www.unige.ch,Http,"[17,21,16]",17.0,WIFI,,Fako,[78:54:2e:9f:1d:72],0,[-29],-29.0,9076480,42000,2,228
1427953474174,21115,12924,71164,358240053591301,www.unige.ch,Http,"[18,18,17]",18.0,WIFI,,Fako,[78:54:2e:9f:1d:72],0,[-29],-29.0,9076480,42000,2,228
1427953534138,20019,8262,117441,358240053591301,www.unige.ch,Http,"[17,19,16]",17.0,WIFI,,Fako,[78:54:2e:9f:1d:72],0,[-29],-29.0,8992001,42000,2,228
1427953595015,20071,1412,1013,358240053591301,www.unige.ch,Http,"[18,28,17]",18.0,WIFI,,Fako,[78:54:2e:9f:1d:72],0,[-29],-29.0,9076480,42000,2,228
1427953655077,20089,1257,816,358240053591301,www.unige.ch,Http,"[19,18,18]",18.0,WIFI,,Fako,[78:54:2e:9f:1d:72],0,[-29],-29.0,9076480,42000,2,228
1427953715888,20116,968,776,358240053591301,www.unige.ch,Http,"[18,16,20]",18.0,WIFI,,Fako,[78:54:2e:9f:1d:72],0,[-29],-29.0,9076480,42000,2,228
1427953775959,20077,7292,7434,358240053591301,www.unige.ch,Http,"[18,133,17]",18.0,WIFI,,Fako,[78:54:2e:9f:1d:72],0,[-29],-29.0,9076480,42000,2,228
1427953864403,20014,1194,826,358240053591301,www.unige.ch,Http,"[18,19,20]",19.0,WIFI,,Fako,[78:54:2e:9f:1d:72],0,[-29],-29.0,9076480,42000,2,228
1427953924886,20070,864,604,358240053591301,www.unige.ch,Http,"[23,19,18]",19.0,WIFI,,Fako,[78:54:2e:9f:1d:72],0,[-29],-29.0,9076480,42000,2,228
1427953985891,20070,864,604,358240053591301,www.unige.ch,Http,"[26,18,17]",18.0,WIFI,,Fako,[78:54:2e:9f:1d:72],0,[-29],-29.0,9076480,42000,2,228
1427954069490,20077,2632,1746,358240053591301,www.unige.ch,Http,"[18,138,20]",20.0,WIFI,,Fako,[78:54:2e:9f:1d:72],0,[-29],-29.0,9076480,42000,2,228
1427954163895,20120,1927,592,358240053591301,www.unige.ch,Http,"[18,18,17]",18.0,WIFI,,Fako,[78:54:2e:9f:1d:72],0,[-29],-29.0,9076480,42000,2,228
1427954223927,21107,864,656,358240053591301,www.unige.ch,Http,"[18,17,19]",18.0,WIFI,,Fako,[78:54:2e:9f:1d:72],0,[-29],-29.0,9076480,42000,2,228
1427954283970,20090,1315,982,358240053591301,www.unige.ch,Http,"[17,26,19]",19.0,WIFI,,Fako,[78:54:2e:9f:1d:72],0,[-29],-29.0,9076480,42000,2,228
1427954363955,20081,956,781,358240053591301,www.unige.ch,Http,"[17,17,122]",17.0,WIFI,,Fako,[78:54:2e:9f:1d:72],0,[-29],-29.0,9076480,42000,2,228
1427954484943,20104,956,727,358240053591301,www.unige.ch,Http,"[19,18,19]",19.0,WIFI,,Fako,[78:54:2e:9f:1d:72],0,[-29],-29.0,9076480,42000,2,228
1427954544958,20069,66636,5599,358240053591301,www.unige.ch,Http,"[19,18,16]",18.0,WIFI,,Fako,[78:54:2e:9f:1d:72],0,[-29],-29.0,9076480,42000,2,228
1427954605046,20086,864,448,358240053591301,www.unige.ch,Http,"[24,25,24]",24.0,WIFI,,Fako,[78:54:2e:9f:1d:72],0,[-29],-29.0,9076480,42000,2,228
1427954665124,20091,904,696,358240053591301,www.unige.ch,Http,"[20,127,16]",20.0,WIFI,,Fako,[78:54:2e:9f:1d:72],0,[-29],-29.0,9076480,42000,2,228
1427954725123,21083,962,791,358240053591301,www.unige.ch,Http,"[17,23,25]",23.0,WIFI,,Fako,[78:54:2e:9f:1d:72],0,[-29],-29.0,9076480,42000,2,228
1427954789421,20113,864,604,358240053591301,www.unige.ch,Http,"[28,18,17]",18.0,WIFI,,Fako,[78:54:2e:9f:1d:72],0,[-29],-29.0,9076480,42000,2,228
1427954850576,21222,1232,1050,358240053591301,www.unige.ch,Http,"[18,17,19]",18.0,WIFI,,Fako,[78:54:2e:9f:1d:72],0,[-29],-29.0,9076480,42000,2,228
1427954910646,20084,864,604,358240053591301,www.unige.ch,Http,"[18,18,17]",18.0,WIFI,,Fako,[78:54:2e:9f:1d:72],0,[-29],-29.0,9076480,42000,2,228
1427954970752,20101,864,656,358240053591301,www.unige.ch,Http,"[19,17,130]",19.0,WIFI,,Fako,[78:54:2e:9f:1d:72],0,[-29],-29.0,9076480,42000,2,228
1427955064893,20076,4248,3619,358240053591301,www.unige.ch,Http,"[19,24,19]",19.0,WIFI,,Fako,[78:54:2e:9f:1d:72],0,[-29],-29.0,9076480,42000,2,228
1427955124911,20068,864,604,358240053591301,www.unige.ch,Http,"[17,21,18]",18.0,WIFI,,Fako,[78:54:2e:9f:1d:72],0,[-29],-29.0,9076480,42000,2,228
1427955185993,20067,864,656,358240053591301,www.unige.ch,Http,"[18,17,17]",17.0,WIFI,,Fako,[78:54:2e:9f:1d:72],0,[-29],-29.0,9076480,42000,2,228
1427955264250,20074,2409,1801,358240053591301,www.unige.ch,Http,"[19,137,20]",20.0,WIFI,,Fako,[78:54:2e:9f:1d:72],0,[-29],-29.0,9076480,42000,2,228
1427955365912,20087,1948,696,358240053591301,www.unige.ch,Http,"[22,18,18]",18.0,WIFI,,Fako,[78:54:2e:9f:1d:72],0,[-29],-29.0,9076480,42000,2,228
1427955445115,20069,2899,1421,358240053591301,www.unige.ch,Http,"[20,21,20]",20.0,WIFI,,Fako,[78:54:2e:9f:1d:72],0,[-29],-29.0,9076480,42000,2,228
1427955509896,20071,978,656,358240053591301,www.unige.ch,Http,"[18,18,28]",18.0,WIFI,,Fako,[78:54:2e:9f:1d:72],0,[-29],-29.0,9076480,42000,2,228
1427955569912,20078,864,656,358240053591301,www.unige.ch,Http,"[21,128,21]",21.0,WIFI,,Fako,[78:54:2e:9f:1d:72],0,[-29],-29.0,9076480,42000,2,228
1427955629923,20081,1030,742,358240053591301,www.unige.ch,Http,"[16,24,16]",16.0,WIFI,,Fako,[78:54:2e:9f:1d:72],0,[-29],-29.0,9076480,42000,2,228
1427955689987,20064,1072,1024,358240053591301,www.unige.ch,Http,"[26,19,17]",19.0,WIFI,,Fako,[78:54:2e:9f:1d:72],0,[-29],-29.0,9076480,42000,2,228
1427955750105,20067,864,656,358240053591301,www.unige.ch,Http,"[18,19,18]",18.0,WIFI,,Fako,[78:54:2e:9f:1d:72],0,[-29],-29.0,9076480,42000,2,228
1427955854964,20096,952,656,358240053591301,www.unige.ch,Http,"[130,25,133]",130.0,WIFI,,Fako,[78:54:2e:9f:1d:72],0,[-29],-29.0,9076480,42000,2,228
1427955915886,20064,864,656,358240053591301,www.unige.ch,Http,"[28,24,17]",24.0,WIFI,,Fako,[78:54:2e:9f:1d:72],0,[-29],-29.0,9076480,42000,2,228
1427955996102,21055,22421,62793,358240053591301,www.unige.ch,Http,"[19,18,19]",19.0,WIFI,,Fako,[78:54:2e:9f:1d:72],0,[-29],-29.0,9076480,42000,2,228
1427956058247,21070,1161,816,358240053591301,www.unige.ch,Http,"[24,18,17]",18.0,WIFI,,Fako,[78:54:2e:9f:1d:72],0,[-29],-29.0,9076480,42000,2,228
1427956118325,21099,2418,2025,358240053591301,www.unige.ch,Http,"[18,18,17]",18.0,WIFI,,Fako,[78:54:2e:9f:1d:72],0,[-29],-29.0,9076480,42000,2,228
1427956178398,21134,1082,761,358240053591301,www.unige.ch,Http,"[18,16,18]",18.0,WIFI,,Fako,[78:54:2e:9f:1d:72],0,[-29],-29.0,9076480,42000,2,228
1427956266271,21151,2640,2000,358240053591301,www.unige.ch,Http,"[18,21,18]",18.0,WIFI,,Fako,[78:54:2e:9f:1d:72],0,[-29],-29.0,9076480,42000,2,228
1427956358022,21094,67804,5253,358240053591301,www.unige.ch,Http,"[28,18,20]",20.0,WIFI,,Fako,[78:54:2e:9f:1d:72],0,[-29],-29.0,9076480,42000,2,228
1427956440197,20072,1217,939,358240053591301,www.unige.ch,Http,"[20,19,25]",20.0,WIFI,,Fako,[78:54:2e:9f:1d:72],0,[-29],-29.0,9076480,42000,2,228
1427956507419,20082,978,656,358240053591301,www.unige.ch,Http,"[25,20,18]",20.0,WIFI,,Fako,[78:54:2e:9f:1d:72],0,[-29],-29.0,9076480,42000,2,228
1427956598521,21108,864,552,358240053591301,www.unige.ch,Http,"[16,20,19]",19.0,WIFI,,Fako,[78:54:2e:9f:1d:72],0,[-29],-29.0,9076480,42000,2,228
1427956684892,21187,11637,26555,358240053591301,www.unige.ch,Http,"[18,19,26]",19.0,WIFI,,Fako,[78:54:2e:9f:1d:72],0,[-29],-29.0,9076480,42000,2,228
1427956747950,20076,1344,833,358240053591301,www.unige.ch,Http,"[25,17,19]",19.0,WIFI,,Fako,[78:54:2e:9f:1d:72],0,[-29],-29.0,9076480,42000,2,228
1427956839933,21151,864,656,358240053591301,www.unige.ch,Http,"[23,18,16]",18.0,WIFI,,Fako,[78:54:2e:9f:1d:72],0,[-29],-29.0,9076480,42000,2,228
1427956918916,20019,11958,20581,358240053591301,www.unige.ch,Http,"[139,19,125]",125.0,WIFI,,Fako,[78:54:2e:9f:1d:72],0,[-29],-29.0,9076480,42000,2,228
1427957001364,20095,365287981,486447219,358240053591301,www.unige.ch,Http,"[131,21,123]",123.0,WIFI,,Fako,[78:54:2e:9f:1d:72],0,[-62],-62.0,8992001,42000,2,228
1427957061371,20088,5563,14309,358240053591301,www.unige.ch,Http,"[39,40,40]",40.0,MOBILE,LTE,Sunrise,[8992001],0,[-97],-97.0,8992001,42000,2,228
1427957132122,20068,864,656,358240053591301,www.unige.ch,Http,"[38,43,49]",43.0,MOBILE,LTE,Sunrise,[8992001],0,[-97],-97.0,8992001,42000,2,228
1427957193413,20086,864,656,358240053591301,www.unige.ch,Http,"[42,39,39]",39.0,MOBILE,LTE,Sunrise,[8992001],0,[-97],-97.0,8992001,42000,2,228
1427957253885,21195,864,656,358240053591301,www.unige.ch,Http,"[42,43,39]",42.0,MOBILE,LTE,Sunrise,[8992001],0,[-97],-97.0,8992001,42000,2,228
1427957314057,21229,1105,0,358240053591301,www.unige.ch,Http,"[5000,5000,5000]",5000.0,MOBILE,HSPA,Sunrise,[29024753],0,[-89],-89.0,29024753,-1,2,228
1427957374119,20054,1190,726,358240053591301,www.unige.ch,Http,"[50,46,39]",46.0,MOBILE,LTE,Sunrise,"[9192961,8971010]",1,"[-93,-104,-104,-104]",-104.0,8971010,42010,2,228
1427957434182,20017,864,656,358240053591301,www.unige.ch,Http,"[43,49,39]",43.0,MOBILE,LTE,Sunrise,[8971010],0,[-104],-104.0,8971010,42010,2,228
1427957500884,20075,9754,23302,358240053591301,www.unige.ch,Http,"[52,49,32]",49.0,MOBILE,LTE,Sunrise,[8971010],0,[-104],-104.0,8971010,42010,2,228
1427957566071,20072,864,656,358240053591301,www.unige.ch,Http,"[39,46,45]",45.0,MOBILE,LTE,Sunrise,[8971010],0,[-104],-104.0,8971010,42000,2,228
1427957626891,20253,974,821,358240053591301,www.unige.ch,Http,"[42,40,34]",40.0,MOBILE,LTE,Sunrise,[8971010],0,[-104],-104.0,8971010,42000,2,228
1427957686901,21210,290,0,358240053591301,www.unige.ch,Http,[],0.0,MOBILE,EDGE,,[23693],0,[85],85.0,23693,-1,-1,-1
1427957746944,21077,18488,25848,358240053591301,www.unige.ch,Http,"[5000,5000,5000]",5000.0,WIFI,,SW-WIFI,[c8:6c:87:0a:d2:49],0,"[-83,-88]",-85.5,,-1,2,228
1427957806948,20076,-365362465,-486528500,358240053591301,www.unige.ch,Http,"[49,60,82]",60.0,MOBILE,HSPA+,Sunrise,[29006022],0,[-97],-97.0,29006022,-1,2,228
1427957872906,20027,4093,11551,358240053591301,www.unige.ch,Http,"[34,153,158]",153.0,WIFI,,SW-WIFI,[c8:6c:87:12:1a:ea],0,"[-90,-61,-55,-60]",-60.5,,-1,2,228
1427957932902,21031,10957,137550,358240053591301,www.unige.ch,Http,"[3025,113,51]",113.0,WIFI,,SW-WIFI,[c8:6c:87:12:1a:ea],0,"[-60,-67]",-63.5,8975362,42000,2,228
1427958001120,20038,962,10156,358240053591301,www.unige.ch,Http,"[27,135,32]",32.0,WIFI,,SW-WIFI,[c8:6c:87:12:1a:ea],0,[-66],-66.0,8975362,42000,2,228
1427958062207,20191,1419,4097,358240053591301,www.unige.ch,Http,"[126,28,141]",126.0,WIFI,,SW-WIFI,[c8:6c:87:12:1a:ea],0,[-66],-66.0,8975362,42000,2,228
1427958123325,20022,1710,5693,358240053591301,www.unige.ch,Http,"[135,30,138]",135.0,WIFI,,SW-WIFI,[c8:6c:87:12:1a:ea],0,[-66],-66.0,8975362,42000,2,228
1427958183602,20071,63662,13499,358240053591301,www.unige.ch,Http,"[24,139,29]",29.0,WIFI,,SW-WIFI,[c8:6c:87:12:1a:ea],0,[-66],-66.0,8975362,42000,2,228
1427958243776,21133,3420,7409,358240053591301,www.unige.ch,Http,"[3028,64,35]",64.0,WIFI,,SW-WIFI,[c8:6c:87:12:1a:ea],0,[-66],-66.0,8975362,42000,2,228
1427958309460,20093,2858,6676,358240053591301,www.unige.ch,Http,"[34,34,30]",34.0,WIFI,,SW-WIFI,[c8:6c:87:12:1a:ea],0,[-66],-66.0,8975362,42000,2,228
1427958378492,20143,922,3473,358240053591301,www.unige.ch,Http,"[30,26,37]",30.0,WIFI,,SW-WIFI,[c8:6c:87:12:1a:ea],0,[-66],-66.0,8975362,42000,2,228
1427958443207,20028,22657,24154,358240053591301,www.unige.ch,Http,"[32,31,30]",31.0,WIFI,,SW-WIFI,[c8:6c:87:12:1a:ea],0,"[-66,-50,-62]",-62.0,,-1,2,228
1427958512503,21115,1526,10108,358240053591301,www.unige.ch,Http,"[137,3024,51]",137.0,WIFI,,SW-WIFI,[c8:6c:87:12:1a:e9],0,"[-54,-57]",-55.5,8975362,42000,2,228
1427958573660,21221,1192,4309,358240053591301,www.unige.ch,Http,"[132,24,152]",132.0,WIFI,,SW-WIFI,[c8:6c:87:12:1a:ea],0,"[-57,-48]",-52.5,,-1,2,228
1427958634951,21119,4897,15099,358240053591301,www.unige.ch,Http,"[40,144,86]",86.0,WIFI,,SW-WIFI,[c8:6c:87:12:1a:ea],0,[-48],-48.0,,-1,2,228
1427958700490,20073,8167,19483,358240053591301,www.unige.ch,Http,"[36,141,80]",80.0,WIFI,,SW-WIFI,[c8:6c:87:12:1a:ea],0,[-48],-48.0,,-1,2,228
1427958761658,21130,3909,6124,358240053591301,www.unige.ch,Http,"[130,145,93]",130.0,WIFI,,SW-WIFI,[c8:6c:87:12:1a:ea],0,[-48],-48.0,,-1,2,228
1427958822806,20091,922,5289,358240053591301,www.unige.ch,Http,"[130,35,124]",124.0,WIFI,,SW-WIFI,[c8:6c:87:12:1a:ea],0,[-48],-48.0,,-1,2,228
1427958884009,21080,922,4378,358240053591301,www.unige.ch,Http,"[28,121,28]",28.0,WIFI,,SW-WIFI,[c8:6c:87:12:1a:ea],0,[-48],-48.0,,-1,2,228
1427958945182,20059,974,3514,358240053591301,www.unige.ch,Http,"[26,137,30]",30.0,WIFI,,SW-WIFI,[c8:6c:87:12:1a:e9],0,[-48],-48.0,8975362,42000,2,228
1427959005190,21130,922,6334,358240053591301,www.unige.ch,Http,"[25,25,27]",25.0,WIFI,,SW-WIFI,[c8:6c:87:12:1a:ea],0,"[-48,-60]",-54.0,8975362,42000,2,228
1427959068432,20082,1348,4748,358240053591301,www.unige.ch,Http,"[48,31,39]",39.0,WIFI,,SW-WIFI,[c8:6c:87:12:1a:ea],0,[-60],-60.0,,-1,2,228
1427959134280,20054,22178,42246,358240053591301,www.unige.ch,Http,"[105,71,66]",71.0,MOBILE,UNKNOWN,Sunrise,"[29006022,29006022]",1,[85],85.0,29006022,-1,2,228
1427959194334,20021,864,656,358240053591301,www.unige.ch,Http,"[507,529,538]",529.0,MOBILE,HSPA,Sunrise,[29006022],0,[-103],-103.0,29006022,-1,2,228
1427959254504,21081,13992,17793,358240053591301,www.unige.ch,Http,"[36,25,27]",27.0,WIFI,,SW-WIFI,[c8:6c:87:12:1a:ee],0,[-60],-60.0,,-1,2,228
1427959314566,20069,1252,3869,358240053591301,www.unige.ch,Http,"[32,25,24]",25.0,WIFI,,SW-WIFI,[c8:6c:87:12:1a:ee],0,[-60],-60.0,,-1,2,228
1427959374880,20072,922,3977,358240053591301,www.unige.ch,Http,"[40,24,24]",24.0,WIFI,,SW-WIFI,[c8:6c:87:12:1a:ee],0,[-60],-60.0,,-1,2,228
1427959435045,20069,922,2235,358240053591301,www.unige.ch,Http,"[28,29,24]",28.0,WIFI,,SW-WIFI,[c8:6c:87:12:1a:ee],0,[-60],-60.0,,-1,2,228
1427959494996,20076,1026,2843,358240053591301,www.unige.ch,Http,"[27,25,23]",25.0,WIFI,,SW-WIFI,[c8:6c:87:12:1a:ee],0,[-60],-60.0,,-1,2,228
1427959555051,20083,922,4261,358240053591301,www.unige.ch,Http,"[26,28,23]",26.0,WIFI,,SW-WIFI,[c8:6c:87:12:1a:ee],0,[-60],-60.0,,-1,2,228
1427959615111,20022,1946,4921,358240053591301,www.unige.ch,Http,"[27,34,26]",27.0,WIFI,,SW-WIFI,[c8:6c:87:12:1d:01],0,"[-60,-39]",-49.5,,-1,2,228
1427959675165,20077,6497,6262,358240053591301,www.unige.ch,Http,"[38,55,32]",38.0,WIFI,,SW-WIFI,[c8:6c:87:12:1a:ea],0,"[-83,-50]",-66.5,,-1,2,228
1427959735252,20058,922,3552,358240053591301,www.unige.ch,Http,"[151,141,93]",141.0,WIFI,,SW-WIFI,[c8:6c:87:12:1a:ea],0,[-50],-50.0,,-1,2,228
1427959801141,20095,922,4212,358240053591301,www.unige.ch,Http,"[125,138,28]",125.0,WIFI,,SW-WIFI,[c8:6c:87:12:1a:ea],0,[-50],-50.0,,-1,2,228
1427959862274,21141,922,3983,358240053591301,www.unige.ch,Http,"[139,147,79]",139.0,WIFI,,SW-WIFI,[c8:6c:87:12:1a:ea],0,[-50],-50.0,,-1,2,228
1427959923429,20078,26086,8828,358240053591301,www.unige.ch,Http,"[126,3027,67]",126.0,WIFI,,SW-WIFI,[c8:6c:87:12:1a:ea],0,[-50],-50.0,,-1,2,228
1427959984602,21158,1032,4023,358240053591301,www.unige.ch,Http,"[27,35,34]",34.0,WIFI,,SW-WIFI,[c8:6c:87:12:1a:ea],0,[-50],-50.0,,-1,2,228
1427960045917,20067,64418,9831,358240053591301,www.unige.ch,Http,"[30,140,73]",73.0,WIFI,,SW-WIFI,[c8:6c:87:12:1a:ea],0,[-50],-50.0,,-1,2,228
1427960107013,20065,1100,3816,358240053591301,www.unige.ch,Http,"[219,42,38]",42.0,WIFI,,SW-WIFI,[c8:6c:87:12:1a:ea],0,[-50],-50.0,,-1,2,228
1427960168226,20064,1389,4231,358240053591301,www.unige.ch,Http,"[128,145,3033]",145.0,WIFI,,SW-WIFI,[c8:6c:87:12:1a:ea],0,[-50],-50.0,,-1,2,228
1427960229353,21114,974,3931,358240053591301,www.unige.ch,Http,"[36,135,27]",36.0,WIFI,,SW-WIFI,[c8:6c:87:12:1a:ea],0,[-50],-50.0,,-1,2,228
1427960290519,20083,3751,9058,358240053591301,www.unige.ch,Http,"[133,28,128]",128.0,WIFI,,SW-WIFI,[c8:6c:87:12:1a:ea],0,[-50],-50.0,,-1,2,228
1427960351789,20080,14357,25667,358240053591301,www.unige.ch,Http,"[139,3035,76]",139.0,WIFI,,SW-WIFI,[c8:6c:87:12:1a:ea],0,[-50],-50.0,,-1,2,228
1427960413032,21113,1061,3042,358240053591301,www.unige.ch,Http,"[131,26,133]",131.0,WIFI,,SW-WIFI,[c8:6c:87:12:1a:ea],0,[-50],-50.0,,-1,2,228
1427960474160,21107,922,2988,358240053591301,www.unige.ch,Http,"[33,127,31]",33.0,WIFI,,SW-WIFI,[c8:6c:87:12:1a:ea],0,[-50],-50.0,,-1,2,228
1427960535365,20064,1210,2878,358240053591301,www.unige.ch,Http,"[32,34,32]",32.0,WIFI,,SW-WIFI,[c8:6c:87:12:1a:ea],0,[-50],-50.0,,-1,2,228
1427960602914,20068,3292,4231,358240053591301,www.unige.ch,Http,"[134,135,87]",134.0,WIFI,,SW-WIFI,[c8:6c:87:12:1a:ea],0,[-50],-50.0,,-1,2,228
1427960666126,21091,10476,50164,358240053591301,www.unige.ch,Http,"[29,127,25]",29.0,WIFI,,SW-WIFI,[c8:6c:87:12:1a:ea],0,[-50],-50.0,,-1,2,228
1427960731569,20080,974,2720,358240053591301,www.unige.ch,Http,"[134,144,81]",134.0,WIFI,,SW-WIFI,[c8:6c:87:12:1a:ea],0,[-50],-50.0,,-1,2,228
1427960794546,20061,922,2085,358240053591301,www.unige.ch,Http,"[31,130,26]",31.0,WIFI,,SW-WIFI,[c8:6c:87:12:1a:ea],0,[-50],-50.0,,-1,2,228
1427960860018,20085,2322,3746,358240053591301,www.unige.ch,Http,"[135,27,76]",76.0,WIFI,,SW-WIFI,[c8:6c:87:12:1a:ea],0,[-50],-50.0,,-1,2,228
1427960923090,20078,922,2687,358240053591301,www.unige.ch,Http,"[32,27,27]",27.0,WIFI,,SW-WIFI,[c8:6c:87:12:1a:ea],0,[-50],-50.0,,-1,2,228
1427960983163,20078,922,3043,358240053591301,www.unige.ch,Http,"[26,132,31]",31.0,WIFI,,SW-WIFI,[c8:6c:87:12:1a:ea],0,[-50],-50.0,,-1,2,228
1427961066092,20080,922,2325,358240053591301,www.unige.ch,Http,"[30,30,32]",30.0,WIFI,,SW-WIFI,[c8:6c:87:12:1a:ea],0,[-50],-50.0,,-1,2,228
1427961126165,20069,922,2861,358240053591301,www.unige.ch,Http,"[27,29,26]",27.0,WIFI,,SW-WIFI,[c8:6c:87:12:1a:ea],0,[-50],-50.0,,-1,2,228
1427961186246,20063,922,2109,358240053591301,www.unige.ch,Http,"[29,27,35]",29.0,WIFI,,SW-WIFI,[c8:6c:87:12:1a:ea],0,[-50],-50.0,,-1,2,228
1427961246317,20069,922,3247,358240053591301,www.unige.ch,Http,"[41,26,27]",27.0,WIFI,,SW-WIFI,[c8:6c:87:12:1a:ea],0,[-50],-50.0,,-1,2,228
1427961309321,20108,1152,2673,358240053591301,www.unige.ch,Http,"[144,3030,51]",144.0,WIFI,,SW-WIFI,[c8:6c:87:12:1a:ea],0,[-50],-50.0,,-1,2,228
1427961369426,21124,922,1961,358240053591301,www.unige.ch,Http,"[134,152,81]",134.0,WIFI,,SW-WIFI,[c8:6c:87:12:1a:ea],0,[-50],-50.0,,-1,2,228
1427961429507,20077,922,2471,358240053591301,www.unige.ch,Http,"[142,146,95]",142.0,WIFI,,SW-WIFI,[c8:6c:87:12:1a:ea],0,[-50],-50.0,,-1,2,228
1427961489575,20062,922,1935,358240053591301,www.unige.ch,Http,"[26,27,26]",26.0,WIFI,,SW-WIFI,[c8:6c:87:12:1a:ea],0,[-50],-50.0,,-1,2,228
1427961549651,20189,1379,4003,358240053591301,www.unige.ch,Http,"[26,27,29]",27.0,WIFI,,SW-WIFI,[c8:6c:87:12:1a:ea],0,[-50],-50.0,,-1,2,228
1427961609728,20154,922,2091,358240053591301,www.unige.ch,Http,"[27,27,28]",27.0,WIFI,,SW-WIFI,[c8:6c:87:12:1a:ea],0,[-50],-50.0,,-1,2,228
1427961669813,20080,922,3067,358240053591301,www.unige.ch,Http,"[27,29,28]",28.0,WIFI,,SW-WIFI,[c8:6c:87:12:1a:ea],0,[-50],-50.0,,-1,2,228
1427961729891,20065,5490,7270,358240053591301,www.unige.ch,Http,"[131,137,33]",131.0,WIFI,,SW-WIFI,[c8:6c:87:12:1a:ea],0,[-50],-50.0,,-1,2,228
1427961789970,20090,5490,7588,358240053591301,www.unige.ch,Http,"[28,25,28]",28.0,WIFI,,SW-WIFI,[c8:6c:87:12:1a:ea],0,[-50],-50.0,,-1,2,228
1427961850020,20069,52061,6475,358240053591301,www.unige.ch,Http,"[26,27,31]",27.0,WIFI,,SW-WIFI,[c8:6c:87:12:1a:ea],0,[-50],-50.0,,-1,2,228
1427961910089,20083,2406,3234,358240053591301,www.unige.ch,Http,"[34,37,41]",37.0,WIFI,,SW-WIFI,[c8:6c:87:12:1a:ea],0,[-50],-50.0,,-1,2,228
1427961970167,20072,7058,8779,358240053591301,www.unige.ch,Http,"[31,27,29]",29.0,WIFI,,SW-WIFI,[c8:6c:87:12:1a:ea],0,[-50],-50.0,,-1,2,228
1427962030891,20071,922,2687,358240053591301,www.unige.ch,Http,"[141,147,92]",141.0,WIFI,,SW-WIFI,[c8:6c:87:12:1a:ea],0,[-50],-50.0,,-1,2,228
1427962091900,20081,922,2497,358240053591301,www.unige.ch,Http,"[26,25,28]",26.0,WIFI,,SW-WIFI,[c8:6c:87:12:1a:ea],0,[-50],-50.0,,-1,2,228
1427962151962,20064,922,2331,358240053591301,www.unige.ch,Http,"[26,25,27]",26.0,WIFI,,SW-WIFI,[c8:6c:87:12:1a:ea],0,[-50],-50.0,,-1,2,228
1427962236640,21119,3025,4657,358240053591301,www.unige.ch,Http,"[31,27,27]",27.0,WIFI,,SW-WIFI,[c8:6c:87:12:1a:ea],0,[-50],-50.0,,-1,2,228
1427962317674,20072,8557,30881,358240053591301,www.unige.ch,Http,"[148,47,28]",47.0,WIFI,,SW-WIFI,[c8:6c:87:12:1a:ea],0,[-50],-50.0,,-1,2,228
1427962377730,20067,922,2897,358240053591301,www.unige.ch,Http,"[26,25,25]",25.0,WIFI,,SW-WIFI,[c8:6c:87:12:1a:ea],0,[-50],-50.0,,-1,2,228
1427962437800,20071,922,3673,358240053591301,www.unige.ch,Http,"[25,26,30]",26.0,WIFI,,SW-WIFI,[c8:6c:87:12:1a:ea],0,[-50],-50.0,,-1,2,228
1427962500098,20114,922,1695,358240053591301,www.unige.ch,Http,"[27,28,29]",28.0,WIFI,,SW-WIFI,[c8:6c:87:12:1a:ea],0,[-50],-50.0,,-1,2,228
1427962602895,20064,922,1815,358240053591301,www.unige.ch,Http,"[28,134,29]",29.0,WIFI,,SW-WIFI,[c8:6c:87:12:1a:ea],0,[-50],-50.0,,-1,2,228
1427962662898,20079,922,2729,358240053591301,www.unige.ch,Http,"[28,27,33]",28.0,WIFI,,SW-WIFI,[c8:6c:87:12:1a:ea],0,[-50],-50.0,,-1,2,228
1427962742061,20066,922,2211,358240053591301,www.unige.ch,Http,"[28,26,28]",28.0,WIFI,,SW-WIFI,[c8:6c:87:12:1a:ea],0,[-50],-50.0,,-1,2,228
1427962802211,20088,1327,2000,358240053591301,www.unige.ch,Http,"[31,28,30]",30.0,WIFI,,SW-WIFI,[c8:6c:87:12:1a:ea],0,[-50],-50.0,,-1,2,228
1427962896435,20132,37676,9616,358240053591301,www.unige.ch,Http,"[144,3027,57]",144.0,WIFI,,SW-WIFI,[c8:6c:87:12:1a:ea],0,[-50],-50.0,,-1,2,228
1427962956520,20078,10371,8816,358240053591301,www.unige.ch,Http,"[30,28,27]",28.0,WIFI,,SW-WIFI,[c8:6c:87:12:1a:ea],0,[-50],-50.0,,-1,2,228
1427963016587,20074,922,2073,358240053591301,www.unige.ch,Http,"[35,36,31]",35.0,WIFI,,SW-WIFI,[c8:6c:87:12:1a:ea],0,[-50],-50.0,,-1,2,228
1427963076666,20012,18044,31901,358240053591301,www.unige.ch,Http,"[29,29,28]",29.0,WIFI,,SW-WIFI,[c8:6c:87:12:1a:ea],0,[-50],-50.0,,-1,2,228
1427963136879,20014,1027,1833,358240053591301,www.unige.ch,Http,"[41,39,79]",41.0,WIFI,,SW-WIFI,[c8:6c:87:12:1a:ea],0,[-50],-50.0,,-1,2,228
1427963197029,20055,1162,3171,358240053591301,www.unige.ch,Http,"[28,31,31]",31.0,WIFI,,SW-WIFI,[c8:6c:87:12:1a:ea],0,[-50],-50.0,,-1,2,228
1427963256958,20071,1071,2453,358240053591301,www.unige.ch,Http,"[24,23,24]",24.0,WIFI,,SW-WIFI,[c8:6c:87:12:1a:e9],0,[-68],-68.0,8975362,42000,2,228
1427963317034,20104,1026,1786,358240053591301,www.unige.ch,Http,"[130,24,139]",130.0,WIFI,,SW-WIFI,[c8:6c:87:12:1a:e9],0,[-68],-68.0,8975362,42000,2,228
1427963378884,21175,922,2055,358240053591301,www.unige.ch,Http,"[131,24,140]",131.0,WIFI,,SW-WIFI,[c8:6c:87:12:1a:e9],0,[-68],-68.0,8975362,42000,2,228
1427963447484,20094,3303,4240,358240053591301,www.unige.ch,Http,"[36,163,172]",163.0,WIFI,,SW-WIFI,[c8:6c:87:12:1a:ea],0,[-68],-68.0,8975362,42000,2,228
1427963508666,20063,974,1851,358240053591301,www.unige.ch,Http,"[26,134,28]",28.0,WIFI,,SW-WIFI,[c8:6c:87:12:1a:ea],0,[-68],-68.0,,-1,2,228
1427963568666,21140,922,2901,358240053591301,www.unige.ch,Http,"[37,36,31]",36.0,WIFI,,SW-WIFI,[c8:6c:87:12:1a:ea],0,[-68],-68.0,,-1,2,228
1427963632049,20079,922,1935,358240053591301,www.unige.ch,Http,"[29,29,133]",29.0,WIFI,,SW-WIFI,[c8:6c:87:12:1a:ea],0,[-68],-68.0,,-1,2,228
1427963693315,20066,56564,6894,358240053591301,www.unige.ch,Http,"[132,3029,74]",132.0,WIFI,,SW-WIFI,[c8:6c:87:12:1a:ea],0,[-68],-68.0,,-1,2,228
1427963760222,20027,2412,2969,358240053591301,www.unige.ch,Http,"[196,5000,10089]",5000.0,WIFI,,SW-WIFI,[c8:6c:87:12:1a:eb],0,"[-68,-59]",-63.5,,-1,2,228
1427963820250,21079,4769,8559,358240053591301,www.unige.ch,Http,"[24,24,25]",24.0,WIFI,,SW-WIFI,[c8:6c:87:12:1d:19],0,"[-57,-48]",-52.5,-1,-1,-1,-1
1427963880300,21220,5368,17149,358240053591301,www.unige.ch,Http,"[23,25,24]",24.0,WIFI,,SW-WIFI,[c8:6c:87:12:1d:19],0,[-48],-48.0,16946948,2727,1,228
1427963944593,20110,1290,4564,358240053591301,www.unige.ch,Http,"[137,136,24]",136.0,WIFI,,SW-WIFI,[c8:6c:87:12:1d:19],0,[-48],-48.0,,-1,2,228
1427964005676,21083,922,2325,358240053591301,www.unige.ch,Http,"[133,24,140]",133.0,WIFI,,SW-WIFI,[c8:6c:87:12:1d:19],0,[-48],-48.0,-1,-1,-1,-1
1427964065758,21090,164854,132360,358240053591301,www.unige.ch,Http,"[24,24,25]",24.0,WIFI,,SW-WIFI,[c8:6c:87:12:1d:19],0,"[-48,-58,-55,-60]",-56.5,,-1,-1,-1
1427964125856,20014,101262,318771,358240053591301,www.unige.ch,Http,"[31,27,27]",27.0,WIFI,,SW-WIFI,[c8:6c:87:12:1d:19],0,"[-60,-76,-78,-75]",-75.5,,-1,2,228
1427964185818,20077,120048,89049,358240053591301,www.unige.ch,Http,"[25,140,24]",25.0,WIFI,,SW-WIFI,[c8:6c:87:12:1a:eb],0,[-63],-63.0,,-1,2,228
1427964245835,20033,226689,5619809,358240053591301,www.unige.ch,Http,"[945,812,58]",812.0,WIFI,,SW-WIFI,[c8:6c:87:12:1a:eb],0,"[-66,-55,-56,-54]",-55.5,,-1,2,228
1427964306421,20016,18806,28037,358240053591301,www.unige.ch,Http,"[33,79,164]",79.0,WIFI,,SW-WIFI,[c8:6c:87:12:1a:e8],0,"[-68,-66,-71,-79]",-69.5,8975362,42000,2,228
1427964366497,20081,120335,89348,358240053591301,www.unige.ch,Http,"[28,27,30]",28.0,WIFI,,SW-WIFI,[c8:6c:87:12:1a:ea],0,[-48],-48.0,,-1,2,228
1427964426516,21092,139585,104547,358240053591301,www.unige.ch,Http,"[1025,34,38]",38.0,WIFI,,SW-WIFI,[c8:6c:87:12:1a:ea],0,[-48],-48.0,,-1,2,228
1427964486584,20074,123777,95424,358240053591301,www.unige.ch,Http,"[35,66,37]",37.0,WIFI,,SW-WIFI,[c8:6c:87:12:1a:ea],0,[-48],-48.0,,-1,2,228
1427964546889,21167,42587,31948,358240053591301,www.unige.ch,Http,"[959,546,166]",546.0,WIFI,,SW-WIFI,[c8:6c:87:12:1a:ea],0,[-48],-48.0,,-1,2,228
1427964608169,20090,13287,13091,358240053591301,www.unige.ch,Http,"[35,141,30]",35.0,WIFI,,SW-WIFI,[c8:6c:87:12:1a:ea],0,[-48],-48.0,,-1,2,228
1427964669892,21180,1894,3777,358240053591301,www.unige.ch,Http,"[128,30,133]",128.0,WIFI,,SW-WIFI,[c8:6c:87:12:1a:ea],0,"[-48,-56,-70]",-56.0,,-1,2,228
1427964731913,20075,922,1773,358240053591301,www.unige.ch,Http,"[141,28,133]",133.0,WIFI,,SW-WIFI,[c8:6c:87:12:1a:ea],0,[-70],-70.0,,-1,2,228
1427964793891,21125,4036,5626,358240053591301,www.unige.ch,Http,"[143,28,141]",141.0,WIFI,,SW-WIFI,[c8:6c:87:12:1a:ea],0,[-70],-70.0,,-1,2,228
1427964855109,20082,1252,3178,358240053591301,www.unige.ch,Http,"[134,36,129]",129.0,WIFI,,SW-WIFI,[c8:6c:87:12:1a:ea],0,[-70],-70.0,,-1,2,228
1427964915359,21086,1894,6376,358240053591301,www.unige.ch,Http,"[26,147,84]",84.0,WIFI,,SW-WIFI,[c8:6c:87:12:1a:ea],0,[-70],-70.0,,-1,2,228
1427964975386,20075,1406,2781,358240053591301,www.unige.ch,Http,"[48,34,31]",34.0,WIFI,,SW-WIFI,[c8:6c:87:12:1a:e9],0,[-60],-60.0,,-1,2,228
1427965035446,20039,8522,9899,358240053591301,www.unige.ch,Http,"[24,25,24]",24.0,WIFI,,SW-WIFI,[c8:6c:87:12:1a:e9],0,[-60],-60.0,8960518,42010,2,228
1427965104235,20074,1493,2371,358240053591301,www.unige.ch,Http,"[24,139,24]",24.0,WIFI,,SW-WIFI,[c8:6c:87:12:1a:e9],0,[-58],-58.0,8960518,42010,2,228
1427965165360,21171,922,3693,358240053591301,www.unige.ch,Http,"[127,23,135]",127.0,WIFI,,SW-WIFI,[c8:6c:87:12:1a:e9],0,[-58],-58.0,8960518,42010,2,228
1427965226550,20094,1310,4035,358240053591301,www.unige.ch,Http,"[31,30,32]",31.0,WIFI,,SW-WIFI,[c8:6c:87:12:1a:ea],0,[-58],-58.0,,-1,2,228
1427965287742,21186,922,2410,358240053591301,www.unige.ch,Http,"[136,30,129]",129.0,WIFI,,SW-WIFI,[c8:6c:87:12:1a:ea],0,[-58],-58.0,,-1,2,228
1427965356203,20084,922,2808,358240053591301,www.unige.ch,Http,"[34,136,28]",34.0,WIFI,,SW-WIFI,[c8:6c:87:12:1a:ea],0,[-58],-58.0,,-1,2,228
1427965422558,20010,62916,951787,358240053591301,www.unige.ch,Http,"[167,92,159]",159.0,WIFI,,SW-WIFI,[c8:6c:87:12:1d:01],0,"[-77,-88,-54]",-77.0,-1,-1,-1,-1
1427965482600,20923,1078,2643,358240053591301,www.unige.ch,Http,"[35,26,33]",33.0,WIFI,,SW-WIFI,[c8:6c:87:12:1d:01],0,[-54],-54.0,-1,-1,-1,-1
1427965542619,20613,65549,12782,358240053591301,www.unige.ch,Http,"[27,24,27]",27.0,WIFI,,SW-WIFI,[c8:6c:87:12:1d:01],0,[-54],-54.0,,-1,2,228
1427965602665,21159,980,2403,358240053591301,www.unige.ch,Http,"[24,27,60]",27.0,WIFI,,SW-WIFI,[c8:6c:87:12:1d:01],0,[-54],-54.0,,-1,2,228
1427965662735,21212,1032,2653,358240053591301,www.unige.ch,Http,"[41,34,30]",34.0,WIFI,,SW-WIFI,[c8:6c:87:12:1d:01],0,[-54],-54.0,,-1,2,228
1427965722810,21163,1103,3470,358240053591301,www.unige.ch,Http,"[41,34,29]",34.0,WIFI,,SW-WIFI,[c8:6c:87:12:1d:01],0,[-54],-54.0,,-1,2,228
1427965782830,21086,-365420080,-486613405,358240053591301,www.unige.ch,Http,"[33,29,26]",29.0,WIFI,,<unknown ssid>,[],0,"[-68,-78,-89,-81]",-79.5,-1,-1,-1,-1
1427965842866,20113,7782,10920,358240053591301,www.unige.ch,Http,"[27,27,29]",27.0,WIFI,,SW-WIFI,[c8:6c:87:12:1a:ea],0,[-81],-81.0,,-1,2,228
1427965908792,20064,10064,17149,358240053591301,www.unige.ch,Http,"[31,149,27]",31.0,WIFI,,SW-WIFI,[c8:6c:87:12:1a:ea],0,[-81],-81.0,8975362,42000,2,228
1427965968863,21139,962,2616,358240053591301,www.unige.ch,Http,"[27,25,27]",27.0,WIFI,,SW-WIFI,[c8:6c:87:12:1a:ea],0,[-81],-81.0,,-1,2,228
1427966028922,21136,922,3105,358240053591301,www.unige.ch,Http,"[26,38,32]",32.0,WIFI,,SW-WIFI,[c8:6c:87:12:1a:ea],0,[-81],-81.0,,-1,2,228
1427966101120,21161,1026,2963,358240053591301,www.unige.ch,Http,"[30,35,34]",34.0,WIFI,,SW-WIFI,[c8:6c:87:12:1a:ea],0,[-81],-81.0,,-1,2,228
1427966183569,20119,922,2535,358240053591301,www.unige.ch,Http,"[127,29,122]",122.0,WIFI,,SW-WIFI,[c8:6c:87:12:1a:ea],0,[-81],-81.0,,-1,2,228
1427966244751,21134,922,2913,358240053591301,www.unige.ch,Http,"[34,138,77]",77.0,WIFI,,SW-WIFI,[c8:6c:87:12:1a:ea],0,[-81],-81.0,,-1,2,228
1427966305860,20027,2520,3638,358240053591301,www.unige.ch,Http,"[133,24,133]",133.0,WIFI,,SW-WIFI,[c8:6c:87:12:1a:ea],0,[-81],-81.0,,-1,2,228
1427966365925,20112,922,2163,358240053591301,www.unige.ch,Http,"[27,29,34]",29.0,WIFI,,SW-WIFI,[c8:6c:87:12:1a:ea],0,[-81],-81.0,,-1,2,228
1427966425991,20086,922,3021,358240053591301,www.unige.ch,Http,"[34,43,112]",43.0,WIFI,,SW-WIFI,[c8:6c:87:12:1a:ea],0,[-81],-81.0,,-1,2,228
1427966490249,20071,922,2559,358240053591301,www.unige.ch,Http,"[140,142,32]",140.0,WIFI,,SW-WIFI,[c8:6c:87:12:1a:ea],0,[-81],-81.0,,-1,2,228
1427966551428,20068,922,3011,358240053591301,www.unige.ch,Http,"[140,26,134]",134.0,WIFI,,SW-WIFI,[c8:6c:87:12:1a:ea],0,[-81],-81.0,,-1,2,228
1427966612615,21112,3679,4773,358240053591301,www.unige.ch,Http,"[151,140,3032]",151.0,WIFI,,SW-WIFI,[c8:6c:87:12:1a:ea],0,[-81],-81.0,,-1,2,228
1427966673847,20067,7629,15413,358240053591301,www.unige.ch,Http,"[140,38,137]",137.0,WIFI,,SW-WIFI,[c8:6c:87:12:1a:ea],0,"[-81,-58,-69,-65]",-67.0,,-1,2,228
1427966739965,20109,1373,4704,358240053591301,www.unige.ch,Http,"[148,144,28]",144.0,WIFI,,SW-WIFI,[c8:6c:87:12:1a:ea],0,[-65],-65.0,,-1,2,228
1427966799974,20030,19298,186473,358240053591301,www.unige.ch,Http,"[27,27,34]",27.0,WIFI,,SW-WIFI,[c8:6c:87:12:1a:ea],0,[-65],-65.0,,-1,2,228
1427966868553,21127,1042,4081,358240053591301,www.unige.ch,Http,"[127,150,3032]",150.0,WIFI,,SW-WIFI,[c8:6c:87:12:1a:ea],0,[-65],-65.0,,-1,2,228
1427966930832,20087,922,3056,358240053591301,www.unige.ch,Http,"[133,138,33]",133.0,WIFI,,SW-WIFI,[c8:6c:87:12:1a:ea],0,[-65],-65.0,,-1,2,228
1427966997052,20079,922,2707,358240053591301,www.unige.ch,Http,"[147,30,142]",142.0,WIFI,,SW-WIFI,[c8:6c:87:12:1a:ea],0,[-65],-65.0,,-1,2,228
1427967060149,20095,999,2673,358240053591301,www.unige.ch,Http,"[139,142,25]",139.0,WIFI,,SW-WIFI,[c8:6c:87:12:1a:ea],0,[-65],-65.0,,-1,2,228
1427967125540,21147,922,2595,358240053591301,www.unige.ch,Http,"[29,154,73]",73.0,WIFI,,SW-WIFI,[c8:6c:87:12:1a:ea],0,[-65],-65.0,,-1,2,228
1427967188911,21119,1252,3915,358240053591301,www.unige.ch,Http,"[133,38,137]",133.0,WIFI,,SW-WIFI,[c8:6c:87:12:1a:ea],0,[-65],-65.0,,-1,2,228
1427967248980,20067,922,2944,358240053591301,www.unige.ch,Http,"[28,41,29]",29.0,WIFI,,SW-WIFI,[c8:6c:87:12:1a:ea],0,[-65],-65.0,,-1,2,228
1427967317475,20070,5542,10976,358240053591301,www.unige.ch,Http,"[37,144,97]",97.0,WIFI,,SW-WIFI,[c8:6c:87:12:1a:ea],0,[-65],-65.0,,-1,2,228
1427967386069,20037,60431,15087,358240053591301,www.unige.ch,Http,"[54,28,66]",54.0,WIFI,,SW-WIFI,[c8:6c:87:12:1a:ea],0,[-65],-65.0,8975362,42000,2,228
1427967446061,21076,134183,3630854,358240053591301,www.unige.ch,Http,"[29,132,31]",31.0,WIFI,,SW-WIFI,[c8:6c:87:12:1a:ea],0,[-62],-62.0,8975362,42000,2,228
1427967506186,21120,38491,553201,358240053591301,www.unige.ch,Http,"[28,35,28]",28.0,WIFI,,SW-WIFI,[c8:6c:87:12:1a:ea],0,"[-68,-66,-68,-65,-67]",-67.0,8975362,42000,2,228
1427967566286,21131,4094,8761,358240053591301,www.unige.ch,Http,"[39,30,27]",30.0,WIFI,,SW-WIFI,[c8:6c:87:12:1a:ea],0,"[-67,-66,-68]",-67.0,8975362,42000,2,228
1427967660888,20040,2462,8556,358240053591301,www.unige.ch,Http,"[157,142,70]",142.0,WIFI,,SW-WIFI,[c8:6c:87:12:1a:ea],0,[-68],-68.0,8975362,42000,2,228
1427967720951,20090,922,2696,358240053591301,www.unige.ch,Http,"[30,27,26]",27.0,WIFI,,SW-WIFI,[c8:6c:87:12:1a:ea],0,[-68],-68.0,8975362,42000,2,228
1427967781032,20179,922,1815,358240053591301,www.unige.ch,Http,"[24,24,24]",24.0,WIFI,,SW-WIFI,[c8:6c:87:12:1a:e9],0,[-65],-65.0,8975362,42000,2,228
1427967845341,20099,13254,18588,358240053591301,www.unige.ch,Http,"[28,25,23]",25.0,WIFI,,SW-WIFI,[c8:6c:87:12:1a:e9],0,[-65],-65.0,,-1,2,228
1427967905476,20071,1443,2551,358240053591301,www.unige.ch,Http,"[24,24,24]",24.0,WIFI,,SW-WIFI,[c8:6c:87:12:1a:e9],0,[-65],-65.0,8975362,42000,2,228
1427967987773,21123,3120,8702,358240053591301,www.unige.ch,Http,"[24,23,24]",24.0,WIFI,,SW-WIFI,[c8:6c:87:12:1a:ea],0,[-65],-65.0,,-1,2,228
1427968048181,20020,11256,16789,358240053591301,www.unige.ch,Http,"[27,26,27]",27.0,WIFI,,SW-WIFI,[c8:6c:87:12:1a:ea],0,[-65],-65.0,,-1,2,228
1427968111430,20118,922,1875,358240053591301,www.unige.ch,Http,"[31,162,167]",162.0,WIFI,,SW-WIFI,[c8:6c:87:12:1a:ef],0,[-65],-65.0,,-1,2,228
1427968172636,20067,1042,2609,358240053591301,www.unige.ch,Http,"[30,130,3026]",130.0,WIFI,,SW-WIFI,[c8:6c:87:12:1a:ef],0,[-65],-65.0,,-1,2,228
1427968233817,21074,980,5676,358240053591301,www.unige.ch,Http,"[36,32,31]",32.0,WIFI,,SW-WIFI,[c8:6c:87:12:1a:ef],0,[-65],-65.0,,-1,2,228
1427968294905,20064,2486,3397,358240053591301,www.unige.ch,Http,"[134,142,102]",134.0,WIFI,,SW-WIFI,[c8:6c:87:12:1a:ef],0,[-65],-65.0,-1,-1,-1,-1
1427968356034,20053,922,2641,358240053591301,www.unige.ch,Http,"[135,142,25]",135.0,WIFI,,SW-WIFI,[c8:6c:87:12:1a:ef],0,[-65],-65.0,,-1,-1,-1
1427968416134,21046,12628,19656,358240053591301,www.unige.ch,Http,"[28,33,26]",28.0,WIFI,,SW-WIFI,[c8:6c:87:12:1d:0c],0,"[-65,-67,-66,-69,-82,-75]",-68.0,,-1,-1,-1
1427968476230,20071,1682,3383,358240053591301,www.unige.ch,Http,"[26,26,25]",26.0,WIFI,,SW-WIFI,[c8:6c:87:12:1a:ea],0,[-88],-88.0,16018,5000,2,228
1427968537464,20073,4559,9089,358240053591301,www.unige.ch,Http,"[1345,1161,1657]",1345.0,WIFI,,SW-WIFI,[c8:6c:87:12:1a:ea],0,[-88],-88.0,,-1,2,228
1427968607402,20080,1292,3536,358240053591301,www.unige.ch,Http,"[132,25,144]",132.0,WIFI,,SW-WIFI,[c8:6c:87:12:1a:ea],0,[-88],-88.0,,-1,2,228
1427968668569,20070,962,3333,358240053591301,www.unige.ch,Http,"[125,30,134]",125.0,WIFI,,SW-WIFI,[c8:6c:87:12:1a:ea],0,[-88],-88.0,,-1,2,228
1427968729765,20080,962,2677,358240053591301,www.unige.ch,Http,"[135,27,130]",130.0,WIFI,,SW-WIFI,[c8:6c:87:12:1a:ea],0,[-88],-88.0,,-1,2,228
1427968790903,20088,3140,14197,358240053591301,www.unige.ch,Http,"[32,127,3024]",127.0,WIFI,,SW-WIFI,[c8:6c:87:12:1a:ea],0,[-88],-88.0,,-1,2,228
1427968850999,21116,974,2961,358240053591301,www.unige.ch,Http,"[32,28,27]",28.0,WIFI,,SW-WIFI,[c8:6c:87:12:1a:ea],0,[-88],-88.0,,-1,2,228
1427968914262,20066,922,2421,358240053591301,www.unige.ch,Http,"[133,26,146]",133.0,WIFI,,SW-WIFI,[c8:6c:87:12:1a:ea],0,[-88],-88.0,,-1,2,228
1427968982964,20068,922,3528,358240053591301,www.unige.ch,Http,"[34,26,26]",26.0,WIFI,,SW-WIFI,[c8:6c:87:12:1a:ea],0,[-88],-88.0,,-1,2,228
1427969043014,21098,922,2223,358240053591301,www.unige.ch,Http,"[39,32,30]",32.0,WIFI,,SW-WIFI,[c8:6c:87:12:1a:ea],0,[-88],-88.0,,-1,2,228
1427969108015,20070,1009,2403,358240053591301,www.unige.ch,Http,"[143,29,140]",140.0,WIFI,,SW-WIFI,[c8:6c:87:12:1a:ea],0,[-88],-88.0,,-1,2,228
1427969168135,20065,922,2853,358240053591301,www.unige.ch,Http,"[27,138,78]",78.0,WIFI,,SW-WIFI,[c8:6c:87:12:1a:ea],0,[-88],-88.0,,-1,2,228
1427969231669,20072,63649,8943,358240053591301,www.unige.ch,Http,"[36,38,41]",38.0,WIFI,,SW-WIFI,[c8:6c:87:12:1a:ea],0,[-88],-88.0,,-1,2,228
1427969291733,21186,974,2480,358240053591301,www.unige.ch,Http,"[34,149,68]",68.0,WIFI,,SW-WIFI,[c8:6c:87:12:1a:ea],0,[-88],-88.0,,-1,2,228
1427969351899,20074,1129,3413,358240053591301,www.unige.ch,Http,"[30,136,3027]",136.0,WIFI,,SW-WIFI,[c8:6c:87:12:1a:ea],0,[-88],-88.0,,-1,2,228
1427969414907,21205,69928,12523,358240053591301,www.unige.ch,Http,"[35,134,3031]",134.0,WIFI,,SW-WIFI,[c8:6c:87:12:1a:ea],0,[-88],-88.0,,-1,2,228
1427969483373,20081,922,2397,358240053591301,www.unige.ch,Http,"[146,132,29]",132.0,WIFI,,SW-WIFI,[c8:6c:87:12:1a:ea],0,[-88],-88.0,,-1,2,228
1427969543472,20077,922,4072,358240053591301,www.unige.ch,Http,"[125,32,130]",125.0,WIFI,,SW-WIFI,[c8:6c:87:12:1a:ea],0,[-88],-88.0,,-1,2,228
1427969607071,20100,6058,9408,358240053591301,www.unige.ch,Http,"[27,30,32]",30.0,WIFI,,SW-WIFI,[c8:6c:87:12:1a:ea],0,[-88],-88.0,,-1,2,228
1427969667160,20081,922,3348,358240053591301,www.unige.ch,Http,"[29,130,35]",35.0,WIFI,,SW-WIFI,[c8:6c:87:12:1a:ea],0,[-88],-88.0,,-1,2,228
1427969727223,21132,922,2781,358240053591301,www.unige.ch,Http,"[44,29,29]",29.0,WIFI,,SW-WIFI,[c8:6c:87:12:1a:ea],0,[-88],-88.0,,-1,2,228
1427969787290,20049,870,2367,358240053591301,www.unige.ch,Http,"[33,36,31]",33.0,WIFI,,SW-WIFI,[c8:6c:87:12:1a:ea],0,[-88],-88.0,,-1,2,228
1427969847363,20107,922,3420,358240053591301,www.unige.ch,Http,"[49,29,40]",40.0,WIFI,,SW-WIFI,[c8:6c:87:12:1a:ea],0,[-88],-88.0,,-1,2,228
1427969907456,20077,922,3366,358240053591301,www.unige.ch,Http,"[37,37,28]",37.0,WIFI,,SW-WIFI,[c8:6c:87:12:1a:ea],0,[-88],-88.0,,-1,2,228
1427969967623,20067,1042,3934,358240053591301,www.unige.ch,Http,"[36,132,3036]",132.0,WIFI,,SW-WIFI,[c8:6c:87:12:1a:ea],0,[-88],-88.0,,-1,2,228
1427970037108,20101,2607,7163,358240053591301,www.unige.ch,Http,"[119,31,137]",119.0,WIFI,,SW-WIFI,[c8:6c:87:12:1a:ea],0,[-88],-88.0,,-1,2,228
1427970098352,20137,922,2067,358240053591301,www.unige.ch,Http,"[27,137,26]",27.0,WIFI,,SW-WIFI,[c8:6c:87:12:1a:ea],0,[-88],-88.0,,-1,2,228
1427970158629,20071,10277,11887,358240053591301,www.unige.ch,Http,"[28,27,40]",28.0,WIFI,,SW-WIFI,[c8:6c:87:12:1a:ea],0,[-88],-88.0,,-1,2,228
1427970218708,20111,1057,1590,358240053591301,www.unige.ch,Http,"[127,29,132]",127.0,WIFI,,SW-WIFI,[c8:6c:87:12:1a:ea],0,[-88],-88.0,,-1,2,228
1427970278720,21112,14404,18135,358240053591301,www.unige.ch,Http,"[26,32,28]",28.0,WIFI,,SW-WIFI,[c8:6c:87:12:1a:ea],0,"[-53,-58]",-55.5,,-1,2,228
1427970339260,20033,1388,2277,358240053591301,www.unige.ch,Http,"[32,44,33]",33.0,WIFI,,SW-WIFI,[c8:6c:87:12:1a:ea],0,[-58],-58.0,8975362,42000,2,228
1427970400696,20073,1326,2186,358240053591301,www.unige.ch,Http,"[181,3033,50]",181.0,WIFI,,SW-WIFI,[c8:6c:87:12:1a:ea],0,[-58],-58.0,8975362,42000,2,228
1427970460757,20090,1252,2227,358240053591301,www.unige.ch,Http,"[38,31,31]",31.0,WIFI,,SW-WIFI,[c8:6c:87:12:1a:ea],0,[-58],-58.0,,-1,2,228
1427970520841,20086,2320,2902,358240053591301,www.unige.ch,Http,"[37,31,36]",36.0,WIFI,,SW-WIFI,[c8:6c:87:12:1a:ea],0,[-58],-58.0,,-1,2,228
1427970580855,20016,96420,500942,358240053591301,www.unige.ch,Http,"[39,27,33]",33.0,WIFI,,SW-WIFI,[c8:6c:87:12:1d:97],0,"[-84,-52,-58,-68,-61]",-61.0,-1,-1,-1,-1
1427970640938,20807,1930,3601,358240053591301,www.unige.ch,Http,"[25,222,3066]",222.0,WIFI,,SW-WIFI,[40:4a:03:8d:5b:af],0,"[-51,-80]",-65.5,,-1,-1,-1
1427970700949,21101,-365440191,-486636303,358240053591301,www.unige.ch,Http,"[5000,5000,5000]",5000.0,MOBILE,UNKNOWN,,[-1],0,"[-109,-73]",-91.0,-1,-1,-1,-1
1427970760973,20137,8691,18083,358240053591301,www.unige.ch,Http,"[46,40,51]",46.0,MOBILE,LTE,Sunrise,[8975362],0,[-140],-140.0,8975362,42000,2,228
1427970831999,20072,924,812,358240053591301,www.unige.ch,Http,"[37,42,41]",41.0,MOBILE,LTE,Sunrise,[8975362],0,[-140],-140.0,8975362,42000,2,228
1427970899909,20054,10816,23467,358240053591301,www.unige.ch,Http,"[37,47,42]",42.0,MOBILE,LTE,Sunrise,[8975362],0,[-140],-140.0,8975362,42000,2,228
1427970961499,21104,968,911,358240053591301,www.unige.ch,Http,"[35,44,39]",39.0,MOBILE,LTE,Sunrise,[8975362],0,"[-102,-98,-104,-102,-102,-102,-103,-101]",-102.0,8975362,42000,2,228
1427971021583,20027,26223,29865,358240053591301,www.unige.ch,Http,"[37,63,49]",49.0,MOBILE,LTE,Sunrise,[8975361],0,"[-106,-106,-104,-103,-104,-105,-103,-101]",-104.0,8975361,42000,2,228
1427971081895,20015,2870,2771,358240053591301,www.unige.ch,Http,"[81,60,68]",68.0,MOBILE,LTE,Sunrise,"[8975362,8975361]",1,"[-112,-112,-112,-109,-109,-109,-110,-111,-111,-109,-103,-106,-106]",-109.0,8975361,42000,2,228
1427971141891,21185,102883,2277666,358240053591301,www.unige.ch,Http,"[42,47,43]",43.0,MOBILE,LTE,Sunrise,"[8975361,8975362,8975361,8975362]",3,"[-105,-105,-106,-104,-106,-104,-104,-103]",-104.5,8975362,42000,2,228
1427971207135,21158,5112,5651,358240053591301,www.unige.ch,Http,"[32,29,42]",32.0,MOBILE,LTE,Sunrise,[8975362],0,"[-101,-102,-102,-103,-103,-102,-102,-101]",-102.0,8975362,42000,2,228
1427971267185,20878,4822,13439,358240053591301,www.unige.ch,Http,"[40,50,50]",50.0,MOBILE,LTE,Sunrise,[8975361],0,[-99],-99.0,8975361,42000,2,228
1427971327887,20490,864,656,358240053591301,www.unige.ch,Http,"[53,40,39]",40.0,MOBILE,LTE,Sunrise,[8975361],0,[-99],-99.0,8975361,42000,2,228
1427971387953,21192,1072,656,358240053591301,www.unige.ch,Http,"[40,41,47]",41.0,MOBILE,LTE,Sunrise,[8975361],0,[-99],-99.0,8975361,42000,2,228
1427971489037,20079,10217,43421,358240053591301,www.unige.ch,Http,"[42,36,42]",42.0,MOBILE,LTE,Sunrise,[8975361],0,[-99],-99.0,8975361,42000,2,228
1427971549100,20064,1416,1165,358240053591301,www.unige.ch,Http,"[42,55,44]",44.0,MOBILE,LTE,Sunrise,[8975361],0,[-99],-99.0,8975361,42000,2,228
1427971613043,20082,9846,13564,358240053591301,www.unige.ch,Http,"[49,47,49]",49.0,MOBILE,LTE,Sunrise,[8975361],0,[-99],-99.0,8975361,42000,2,228
1427971673073,20815,864,656,358240053591301,www.unige.ch,Http,"[497,533,525]",525.0,MOBILE,HSPA,Sunrise,[29006031],0,[-93],-93.0,29006031,-1,2,228
1427971737908,20089,941,656,358240053591301,www.unige.ch,Http,"[494,531,538]",531.0,MOBILE,HSPA,Sunrise,[29006031],0,[-93],-93.0,29006031,-1,2,228
1427971799028,20072,1614,5053,358240053591301,www.unige.ch,Http,"[561,769,91]",561.0,MOBILE,HSPA,Sunrise,[29006031],0,"[-93,-93,-93]",-93.0,29006031,-1,2,228
1427971859026,20693,3815,12465,358240053591301,www.unige.ch,Http,"[473,597,539]",539.0,MOBILE,HSPA,Sunrise,[29006031],0,"[-93,-93,-93,-93,-93,-93]",-93.0,29006031,-1,2,228
1427971932895,20096,864,656,358240053591301,www.unige.ch,Http,"[535,629,559]",559.0,MOBILE,HSPA,Sunrise,[29006031],0,[-93],-93.0,29006031,-1,2,228
1427971994138,21253,864,656,358240053591301,www.unige.ch,Http,"[526,545,926]",545.0,MOBILE,HSPA,Sunrise,[29006031],0,[-93],-93.0,29006031,-1,2,228
1427972057897,20088,916,656,358240053591301,www.unige.ch,Http,"[437,515,460]",460.0,MOBILE,HSPA,Sunrise,[29006031],0,[-93],-93.0,29006031,-1,2,228
1427972120997,20076,974,821,358240053591301,www.unige.ch,Http,"[499,528,518]",518.0,MOBILE,HSPA,Sunrise,[29006031],0,[-93],-93.0,29006031,-1,2,228
1427972182893,20575,864,656,358240053591301,www.unige.ch,Http,"[504,524,505]",505.0,MOBILE,HSPA,Sunrise,[29006031],0,[-93],-93.0,29006031,-1,2,228
1427972244900,21222,864,763,358240053591301,www.unige.ch,Http,"[516,542,505]",516.0,MOBILE,HSPA,Sunrise,[29006031],0,[-93],-93.0,29006031,-1,2,228
1427972306021,21205,864,656,358240053591301,www.unige.ch,Http,"[429,493,489]",489.0,MOBILE,HSPA,Sunrise,[29006031],0,[-93],-93.0,29006031,-1,2,228
1427972367905,21277,916,726,358240053591301,www.unige.ch,Http,"[70,57,61]",61.0,MOBILE,HSPA+,Sunrise,[29006031],0,"[-93,-93]",-93.0,29006031,-1,2,228
1427972428883,20073,1146,978,358240053591301,www.unige.ch,Http,"[550,580,589]",580.0,MOBILE,HSPA,Sunrise,[29006031],0,[-93],-93.0,29006031,-1,2,228
1427972489012,20075,1280,1384,358240053591301,www.unige.ch,Http,"[809,947,517]",809.0,MOBILE,HSPA+,Sunrise,[29006031],0,"[-93,-93]",-93.0,29006031,-1,2,228
1427972558404,20068,1146,978,358240053591301,www.unige.ch,Http,"[533,658,576]",576.0,MOBILE,HSPA,Sunrise,[29006031],0,[-93],-93.0,29006031,-1,2,228
1427972618890,20083,864,656,358240053591301,www.unige.ch,Http,"[437,503,501]",501.0,MOBILE,HSPA,Sunrise,[29006031],0,[-93],-93.0,29006031,-1,2,228
1427972678909,20062,2863,6476,358240053591301,www.unige.ch,Http,"[512,525,557]",525.0,MOBILE,HSPA,Sunrise,[29006031],0,"[-93,-93]",-93.0,29006031,-1,2,228
1427972739074,20070,924,812,358240053591301,www.unige.ch,Http,"[520,475,497]",497.0,MOBILE,HSPA,Sunrise,[29006031],0,[-93],-93.0,29006031,-1,2,228
1427972798985,20073,864,656,358240053591301,www.unige.ch,Http,"[491,547,547]",547.0,MOBILE,HSPA,Sunrise,[29006031],0,[-93],-93.0,29006031,-1,2,228
1427972859886,20189,864,656,358240053591301,www.unige.ch,Http,"[457,468,466]",466.0,MOBILE,HSPA,Sunrise,[29006031],0,[-93],-93.0,29006031,-1,2,228
1427972919889,20088,864,656,358240053591301,www.unige.ch,Http,"[447,461,508]",461.0,MOBILE,HSPA,Sunrise,[29006031],0,[-93],-93.0,29006031,-1,2,228
1427972979936,20079,864,656,358240053591301,www.unige.ch,Http,"[531,549,495]",531.0,MOBILE,HSPA,Sunrise,[29006031],0,[-93],-93.0,29006031,-1,2,228
1427973040036,21156,928,770,358240053591301,www.unige.ch,Http,"[483,469,509]",483.0,MOBILE,HSPA,Sunrise,[29006031],0,[-93],-93.0,29006031,-1,2,228
1427973100015,20059,9201,22596,358240053591301,www.unige.ch,Http,"[536,748,70]",536.0,MOBILE,HSPA,Sunrise,[29006031],0,"[-93,-93,-93,-93,-93,-93]",-93.0,29006031,-1,2,228
1427973160872,21164,864,656,358240053591301,www.unige.ch,Http,"[497,535,559]",535.0,MOBILE,HSPA,Sunrise,[29006031],0,[-93],-93.0,29006031,-1,2,228
1427973244587,20089,864,656,358240053591301,www.unige.ch,Http,"[505,527,600]",527.0,MOBILE,HSPA,Sunrise,[29006031],0,[-93],-93.0,29006031,-1,2,228
1427973304647,20136,864,656,358240053591301,www.unige.ch,Http,"[498,475,483]",483.0,MOBILE,HSPA,Sunrise,[29006031],0,[-93],-93.0,29006031,-1,2,228
1427973364716,20076,924,656,358240053591301,www.unige.ch,Http,"[556,587,507]",556.0,MOBILE,HSPA,Sunrise,[29006031],0,[-93],-93.0,29006031,-1,2,228
1427973426978,20064,19522,34961,358240053591301,www.unige.ch,Http,"[450,112,98]",112.0,MOBILE,HSPA+,Sunrise,"[29006031,29019467]",1,"[-93,-95,-99,-89]",-94.0,29019467,-1,2,228
1427973487036,20023,4880,7082,358240053591301,www.unige.ch,Http,"[541,639,45]",541.0,MOBILE,HSPA,Sunrise,[29019467],0,"[-85,-85,-85,-97,-99]",-85.0,29019467,-1,2,228
1427973547061,20036,864,656,358240053591301,www.unige.ch,Http,"[67,61,59]",61.0,MOBILE,LTE,Sunrise,[8975361],0,"[-110,-109,-110,-111,-110,-108,-108,-110]",-110.0,8975361,42000,2,228
1427973607133,20044,2261,8657,358240053591301,www.unige.ch,Http,"[45,60,59]",59.0,MOBILE,LTE,Sunrise,"[8975361,8975362]",1,"[-108,-108,-106,-103,-104,-106,-106]",-106.0,8975362,42000,2,228
1427973667144,21117,11084,8104,358240053591301,www.unige.ch,Http,"[39,39,42]",39.0,MOBILE,LTE,Sunrise,[8975362],0,"[-90,-90,-87]",-90.0,8975362,42000,2,228
1427973728915,21310,3828,2021,358240053591301,www.unige.ch,Http,"[49,46,43]",46.0,MOBILE,LTE,Sunrise,[8975362],0,[-87],-87.0,8975362,42000,2,228
1427973792971,20011,-366115572,-494988853,358240053591301,www.unige.ch,Http,"[44,39,45]",44.0,MOBILE,LTE,Sunrise,"[8975362,29019468]",1,"[-301,-115]",-208.0,29019468,-1,2,228
1427973855999,20073,16469,9762,358240053591301,www.unige.ch,Http,"[560,86,93]",93.0,MOBILE,HSPA+,Sunrise,[29019469],0,"[-103,-97,-95]",-97.0,29019469,-1,2,228
1427973919763,21116,147406,28042,358240053591301,www.unige.ch,Http,"[24,24,24]",24.0,WIFI,,SW-WIFI,[c8:6c:87:12:1a:e9],0,[-89],-89.0,,-1,2,228
1427973980687,20071,1252,3117,358240053591301,www.unige.ch,Http,"[27,24,24]",24.0,WIFI,,SW-WIFI,[c8:6c:87:12:1a:e9],0,[-89],-89.0,8960518,42010,2,228
1427974042062,20068,1082,2733,358240053591301,www.unige.ch,Http,"[28,36,24]",28.0,WIFI,,SW-WIFI,[c8:6c:87:12:1a:e9],0,[-89],-89.0,8960518,42010,2,228
1427974102072,20075,16581,25538,358240053591301,www.unige.ch,Http,"[26,28,28]",28.0,WIFI,,SW-WIFI,[c8:6c:87:12:1a:ea],0,[-54],-54.0,,-1,2,228
1427974162169,20016,22813,31767,358240053591301,www.unige.ch,Http,"[30,25,30]",30.0,WIFI,,SW-WIFI,[c8:6c:87:12:1a:ea],0,"[-54,-57,-67]",-57.0,23693,5000,2,228
1427974222182,20014,73039,536256,358240053591301,www.unige.ch,Http,"[31,29,30]",30.0,WIFI,,SW-WIFI,[c8:6c:87:12:1a:ea],0,[-46],-46.0,,-1,2,228
1427974282199,20265,81318,807082,358240053591301,www.unige.ch,Http,"[26,27,23]",26.0,WIFI,,SW-WIFI,[c8:6c:87:12:1a:ea],0,[-46],-46.0,,-1,2,228
1427974342225,20038,3876,10392,358240053591301,www.unige.ch,Http,"[29,29,30]",29.0,WIFI,,SW-WIFI,[c8:6c:87:12:1a:ea],0,[-46],-46.0,,-1,2,228
1427974419272,20012,23969,40256,358240053591301,www.unige.ch,Http,"[26,32,26]",26.0,WIFI,,SW-WIFI,[c8:6c:87:12:1a:ea],0,[-46],-46.0,,-1,2,228
1427974479300,20020,15110,17243,358240053591301,www.unige.ch,Http,"[40,32,32]",32.0,WIFI,,SW-WIFI,[c8:6c:87:12:1a:ea],0,[-46],-46.0,,-1,2,228
1427974546603,20014,974,3421,358240053591301,www.unige.ch,Http,"[25,137,31]",31.0,WIFI,,SW-WIFI,[c8:6c:87:12:1a:ea],0,"[-46,-57]",-51.5,,-1,2,228
1427974606962,20010,-366149523,-495031591,358240053591301,www.unige.ch,Http,"[5000,5000,5000]",5000.0,WIFI,,0x,[00:00:00:00:00:00],0,[-76],-76.0,-1,-1,-1,-1
1427974666989,21103,9519,18264,358240053591301,www.unige.ch,Http,"[73,31,33]",33.0,WIFI,,SW-WIFI,[c8:6c:87:12:1c:f7],0,[-92],-92.0,,-1,2,228
1427974727048,20093,8910,18434,358240053591301,www.unige.ch,Http,"[28,24,24]",24.0,WIFI,,SW-WIFI,[c8:6c:87:12:1c:f7],0,[-92],-92.0,,-1,2,228
1427974787094,20065,1356,2896,358240053591301,www.unige.ch,Http,"[127,25,139]",127.0,WIFI,,SW-WIFI,[c8:6c:87:12:1c:f7],0,[-92],-92.0,,-1,2,228
1427974848302,20138,974,1713,358240053591301,www.unige.ch,Http,"[134,24,133]",133.0,WIFI,,SW-WIFI,[c8:6c:87:12:1c:f7],0,[-92],-92.0,,-1,2,228
1427974917628,20145,9114,32567,358240053591301,www.unige.ch,Http,"[23,24,29]",24.0,WIFI,,SW-WIFI,[c8:6c:87:12:1c:f7],0,[-92],-92.0,,-1,2,228
1427974977791,21150,980,1755,358240053591301,www.unige.ch,Http,"[24,28,30]",28.0,WIFI,,SW-WIFI,[c8:6c:87:12:1c:f7],0,[-92],-92.0,,-1,2,228
1427975038864,21223,922,1935,358240053591301,www.unige.ch,Http,"[140,24,132]",132.0,WIFI,,SW-WIFI,[c8:6c:87:12:1c:f7],0,[-92],-92.0,,-1,2,228
1427975100903,21244,7710,37320,358240053591301,www.unige.ch,Http,"[135,25,136]",135.0,WIFI,,SW-WIFI,[c8:6c:87:12:1c:f7],0,[-92],-92.0,,-1,2,228
1427975162243,21118,2426,4665,358240053591301,www.unige.ch,Http,"[125,29,123]",123.0,WIFI,,SW-WIFI,[c8:6c:87:12:1c:f7],0,[-92],-92.0,,-1,2,228
1427975222256,20016,-366171195,-495061308,358240053591301,www.unige.ch,Http,"[92,55,67]",67.0,MOBILE,HSPA+,Sunrise,[29006022],0,[-107],-107.0,29006022,-1,2,228
1427975286090,21160,1159,3107,358240053591301,www.unige.ch,Http,"[24,24,24]",24.0,WIFI,,SW-WIFI,[c8:6c:87:12:1c:f7],0,[-92],-92.0,,-1,2,228
1427975363483,20090,962,1855,358240053591301,www.unige.ch,Http,"[25,29,29]",29.0,WIFI,,SW-WIFI,[c8:6c:87:12:1c:f7],0,[-92],-92.0,,-1,2,228
1427975444832,21101,922,1965,358240053591301,www.unige.ch,Http,"[24,129,24]",24.0,WIFI,,SW-WIFI,[c8:6c:87:12:1c:f7],0,[-92],-92.0,,-1,2,228
1427975508931,20075,1090,2035,358240053591301,www.unige.ch,Http,"[24,145,24]",24.0,WIFI,,SW-WIFI,[c8:6c:87:12:1c:f7],0,[-92],-92.0,,-1,2,228
1427975570115,20067,922,2487,358240053591301,www.unige.ch,Http,"[128,24,137]",128.0,WIFI,,SW-WIFI,[c8:6c:87:12:1c:f7],0,[-92],-92.0,,-1,2,228
1427975637471,20081,922,1935,358240053591301,www.unige.ch,Http,"[140,28,127]",127.0,WIFI,,SW-WIFI,[c8:6c:87:12:1c:f7],0,[-92],-92.0,,-1,2,228
1427975698899,20075,922,1755,358240053591301,www.unige.ch,Http,"[23,160,76]",76.0,WIFI,,SW-WIFI,[c8:6c:87:12:1c:f7],0,[-92],-92.0,,-1,2,228
1427975763887,21033,8551,9958,358240053591301,www.unige.ch,Http,"[409,192,260]",260.0,WIFI,,<unknown ssid>,[],0,"[-72,-86]",-79.0,-1,-1,-1,-1
1427975823905,21032,4392,0,358240053591301,www.unige.ch,Http,"[5000,5000,5000]",5000.0,WIFI,,<unknown ssid>,[],0,"[-70,-80,-1]",-70.0,,-1,-1,-1
1427975883922,20010,75882,33819,358240053591301,www.unige.ch,Http,"[32,31,29]",31.0,WIFI,,SW-WIFI,[c8:6c:87:12:1a:ea],0,[-1],-1.0,,-1,2,228
1427975943995,20082,3602,11148,358240053591301,www.unige.ch,Http,"[31,29,29]",29.0,WIFI,,SW-WIFI,[c8:6c:87:12:1a:ea],0,[-1],-1.0,,-1,2,228
1427976004058,21120,4603,7582,358240053591301,www.unige.ch,Http,"[40,28,27]",28.0,WIFI,,SW-WIFI,[c8:6c:87:12:1a:ea],0,"[-1,-65]",-33.0,,-1,2,228
1427976064130,20067,1439,2829,358240053591301,www.unige.ch,Http,"[30,35,29]",30.0,WIFI,,SW-WIFI,[c8:6c:87:12:1a:ea],0,[-65],-65.0,,-1,2,228
1427976124141,21039,3066,7483,358240053591301,www.unige.ch,Http,"[61,29,25]",29.0,WIFI,,SW-WIFI,[c8:6c:87:12:1a:ea],0,[-65],-65.0,,-1,2,228
1427976184218,20016,1038,3133,358240053591301,www.unige.ch,Http,"[28,27,27]",27.0,WIFI,,SW-WIFI,[c8:6c:87:12:1a:ea],0,[-65],-65.0,,-1,2,228
1427976244368,20084,922,1577,358240053591301,www.unige.ch,Http,"[31,27,29]",29.0,WIFI,,SW-WIFI,[c8:6c:87:12:1a:ea],0,[-65],-65.0,,-1,2,228
1427976304378,20069,1252,2029,358240053591301,www.unige.ch,Http,"[31,29,34]",31.0,WIFI,,SW-WIFI,[c8:6c:87:12:1a:ea],0,[-65],-65.0,,-1,2,228
1427976364395,20061,3114,5231,358240053591301,www.unige.ch,Http,"[29,38,34]",34.0,WIFI,,SW-WIFI,[c8:6c:87:12:1a:ea],0,[-65],-65.0,,-1,2,228
1427976431367,21100,2434,4617,358240053591301,www.unige.ch,Http,"[28,29,32]",29.0,WIFI,,SW-WIFI,[c8:6c:87:12:1a:ea],0,"[-65,-69,-65]",-65.0,8975362,42000,2,228
1427976491435,20069,1290,2341,358240053591301,www.unige.ch,Http,"[31,30,33]",31.0,WIFI,,SW-WIFI,[c8:6c:87:12:1a:ea],0,[-65],-65.0,8975362,42000,2,228
1427976559438,21184,922,1875,358240053591301,www.unige.ch,Http,"[28,30,29]",29.0,WIFI,,SW-WIFI,[c8:6c:87:12:1a:ea],0,[-65],-65.0,8975362,42000,2,228
1427976628936,20244,2298,8312,358240053591301,www.unige.ch,Http,"[29,30,28]",29.0,WIFI,,SW-WIFI,[c8:6c:87:12:1a:ea],0,[-65],-65.0,8975362,42000,2,228
1427976688955,21188,922,1833,358240053591301,www.unige.ch,Http,"[28,27,29]",28.0,WIFI,,SW-WIFI,[c8:6c:87:12:1a:ea],0,[-65],-65.0,8975362,42000,2,228
1427976749017,21143,922,1815,358240053591301,www.unige.ch,Http,"[27,31,27]",27.0,WIFI,,SW-WIFI,[c8:6c:87:12:1a:ea],0,[-65],-65.0,8975362,42000,2,228
1427976809099,21278,5692,6938,358240053591301,www.unige.ch,Http,"[51,35,27]",35.0,WIFI,,SW-WIFI,[c8:6c:87:12:1a:ea],0,[-65],-65.0,8975362,42000,2,228
1427976869185,20081,1915,3315,358240053591301,www.unige.ch,Http,"[101,27,24]",27.0,WIFI,,SW-WIFI,[c8:6c:87:12:1a:ea],0,[-65],-65.0,8975362,42000,2,228
1427976929239,20068,922,1749,358240053591301,www.unige.ch,Http,"[33,37,46]",37.0,WIFI,,SW-WIFI,[c8:6c:87:12:1a:ea],0,[-65],-65.0,8975362,42000,2,228
1427976989890,20091,2859,6427,358240053591301,www.unige.ch,Http,"[132,141,31]",132.0,WIFI,,SW-WIFI,[c8:6c:87:12:1a:ea],0,[-65],-65.0,8975362,42000,2,228
1427977081909,20067,1378,2391,358240053591301,www.unige.ch,Http,"[100,124,78]",100.0,WIFI,,SW-WIFI,[c8:6c:87:12:1a:ea],0,[-65],-65.0,8975362,42000,2,228
1427977141964,21116,1014,1745,358240053591301,www.unige.ch,Http,"[33,32,33]",33.0,WIFI,,SW-WIFI,[c8:6c:87:12:1a:ea],0,[-72],-72.0,8975362,42000,2,228
1427977201983,20081,1330,2309,358240053591301,www.unige.ch,Http,"[32,31,35]",32.0,WIFI,,SW-WIFI,[c8:6c:87:12:1a:ea],0,[-72],-72.0,8975362,42000,2,228
1427977283331,20082,1100,2290,358240053591301,www.unige.ch,Http,"[3081,305,421]",421.0,WIFI,,SW-WIFI,[c8:6c:87:12:1a:ea],0,[-72],-72.0,8975362,42000,2,228
1427977343341,20030,16812,16425,358240053591301,www.unige.ch,Http,"[31,44,30]",31.0,WIFI,,SW-WIFI,[c8:6c:87:12:1a:ea],0,[-60],-60.0,8975362,42000,2,228
1427977416809,21093,1073,2167,358240053591301,www.unige.ch,Http,"[130,140,78]",130.0,WIFI,,SW-WIFI,[c8:6c:87:12:1a:ea],0,[-62],-62.0,,-1,2,228
1427977476870,20125,2064,3286,358240053591301,www.unige.ch,Http,"[24,24,24]",24.0,WIFI,,SW-WIFI,[c8:6c:87:12:1a:e9],0,[-62],-62.0,8975362,42000,2,228
1427977541441,21090,8766,6404,358240053591301,www.unige.ch,Http,"[24,24,23]",24.0,WIFI,,SW-WIFI,[c8:6c:87:12:1a:e9],0,[-62],-62.0,8975362,42000,2,228
1427977601536,20072,974,2107,358240053591301,www.unige.ch,Http,"[25,23,23]",23.0,WIFI,,SW-WIFI,[c8:6c:87:12:1a:e9],0,[-62],-62.0,8975362,42000,2,228
1427977670606,20286,922,3215,358240053591301,www.unige.ch,Http,"[25,24,26]",25.0,WIFI,,SW-WIFI,[c8:6c:87:12:1a:e9],0,[-62],-62.0,8975362,42000,2,228
1427977742174,20086,74099,7621,358240053591301,www.unige.ch,Http,"[24,24,24]",24.0,WIFI,,SW-WIFI,[c8:6c:87:12:1a:e9],0,[-62],-62.0,8975362,42000,2,228
1427977823433,20072,1100,2254,358240053591301,www.unige.ch,Http,"[24,3023,49]",49.0,WIFI,,SW-WIFI,[c8:6c:87:12:1a:e9],0,[-62],-62.0,8975362,42000,2,228
1427977887581,21152,7418,10938,358240053591301,www.unige.ch,Http,"[133,24,138]",133.0,WIFI,,SW-WIFI,[c8:6c:87:12:1a:e9],0,[-62],-62.0,8975362,42000,2,228
1427977948867,21284,922,2007,358240053591301,www.unige.ch,Http,"[117,24,133]",117.0,WIFI,,SW-WIFI,[c8:6c:87:12:1a:e9],0,[-62],-62.0,8975362,42000,2,228
1427978010102,20080,922,1827,358240053591301,www.unige.ch,Http,"[129,25,142]",129.0,WIFI,,SW-WIFI,[c8:6c:87:12:1a:e9],0,[-62],-62.0,8975362,42000,2,228
1427978071295,20131,922,1695,358240053591301,www.unige.ch,Http,"[23,127,24]",24.0,WIFI,,SW-WIFI,[c8:6c:87:12:1a:e9],0,[-62],-62.0,8975362,42000,2,228
1427978132500,20074,17944,42208,358240053591301,www.unige.ch,Http,"[24,135,23]",24.0,WIFI,,SW-WIFI,[c8:6c:87:12:1a:e9],0,[-62],-62.0,8975362,42000,2,228
1427978193613,21144,922,2640,358240053591301,www.unige.ch,Http,"[138,135,25]",135.0,WIFI,,SW-WIFI,[c8:6c:87:12:1a:e9],0,[-62],-62.0,8975362,42000,2,228
1427978254811,20057,33492,44571,358240053591301,www.unige.ch,Http,"[129,27,131]",129.0,WIFI,,SW-WIFI,[c8:6c:87:12:1a:e9],0,[-62],-62.0,8975362,42000,2,228
1427978316935,20014,14732,25558,358240053591301,www.unige.ch,Http,"[130,23,138]",130.0,WIFI,,SW-WIFI,[c8:6c:87:12:1a:e9],0,[-62],-62.0,8975362,42000,2,228
1427978396859,21113,974,1867,358240053591301,www.unige.ch,Http,"[24,129,24]",24.0,WIFI,,SW-WIFI,[c8:6c:87:12:1a:e9],0,[-62],-62.0,8975362,42000,2,228
1427978457200,20151,922,2253,358240053591301,www.unige.ch,Http,"[131,23,132]",131.0,WIFI,,SW-WIFI,[c8:6c:87:12:1a:e9],0,[-62],-62.0,8975362,42000,2,228
1427978517594,20083,6819,25667,358240053591301,www.unige.ch,Http,"[149,158,96]",149.0,WIFI,,SW-WIFI,[c8:6c:87:12:1a:e9],0,[-62],-62.0,8975362,42000,2,228
1427978578890,21240,922,1995,358240053591301,www.unige.ch,Http,"[89,178,177]",177.0,WIFI,,SW-WIFI,[c8:6c:87:12:1a:e9],0,[-62],-62.0,8975362,42000,2,228
1427978640229,20079,974,2083,358240053591301,www.unige.ch,Http,"[129,161,164]",161.0,WIFI,,SW-WIFI,[c8:6c:87:12:1a:e9],0,[-62],-62.0,,-1,2,228
1427978701104,21080,922,3431,358240053591301,www.unige.ch,Http,"[29,141,87]",87.0,WIFI,,SW-WIFI,[c8:6c:87:12:1a:e9],0,"[-66,-54,-59,-71,-65]",-65.0,,-1,2,228
1427978767057,20072,1100,4403,358240053591301,www.unige.ch,Http,"[67,23,24]",24.0,WIFI,,SW-WIFI,[c8:6c:87:12:1a:e9],0,[-61],-61.0,,-1,2,228
1427978827136,20010,6401,13529,358240053591301,www.unige.ch,Http,"[180,181,164]",180.0,WIFI,,SW-WIFI,[c8:6c:87:12:1a:e9],0,"[-54,-59,-52,-58,-51]",-54.0,8975362,42000,2,228
1427978887211,20021,7193,16259,358240053591301,www.unige.ch,Http,"[24,24,23]",24.0,WIFI,,SW-WIFI,[c8:6c:87:12:1a:e9],0,[-51],-51.0,8975362,42000,2,228
1427978947268,20081,922,1815,358240053591301,www.unige.ch,Http,"[23,31,23]",23.0,WIFI,,SW-WIFI,[c8:6c:87:12:1a:e9],0,[-54],-54.0,8975362,42000,2,228
1427979007421,21069,4797,8745,358240053591301,www.unige.ch,Http,"[24,23,35]",24.0,WIFI,,SW-WIFI,[c8:6c:87:12:1a:e9],0,"[-54,-58,-54]",-54.0,8975362,42000,2,228
1427979067509,20010,17175,43004,358240053591301,www.unige.ch,Http,"[24,24,29]",24.0,WIFI,,SW-WIFI,[c8:6c:87:12:1a:e9],0,"[-54,-56,-54]",-54.0,8975362,42000,2,228
1427979127724,20104,13649,26541,358240053591301,www.unige.ch,Http,"[26,24,24]",24.0,WIFI,,SW-WIFI,[c8:6c:87:12:1a:e9],0,[-54],-54.0,8975362,42000,2,228
1427979214514,20823,12781,19104,358240053591301,www.unige.ch,Http,"[33,26,29]",29.0,WIFI,,SW-WIFI,[c8:6c:87:12:1a:e9],0,[-54],-54.0,,-1,2,228
1427979275902,20069,1084,2028,358240053591301,www.unige.ch,Http,"[30,29,27]",29.0,WIFI,,SW-WIFI,[c8:6c:87:12:1a:ea],0,[-54],-54.0,,-1,2,228
1427979337109,20063,1130,2286,358240053591301,www.unige.ch,Http,"[148,151,78]",148.0,WIFI,,SW-WIFI,[c8:6c:87:12:1a:ea],0,[-54],-54.0,,-1,2,228
1427979398164,20075,100460,234848,358240053591301,www.unige.ch,Http,"[3086,62,51]",62.0,WIFI,,SW-WIFI,[c8:6c:87:12:1a:e8],0,"[-65,-72,-64,-71]",-68.0,8975362,42000,2,228
1427979458186,20167,8679,9683,358240053591301,www.unige.ch,Http,"[31,33,27]",31.0,WIFI,,SW-WIFI,[c8:6c:87:12:1d:01],0,"[-55,-66,-69]",-66.0,-1,-1,-1,-1
1427979524837,20029,3730,6948,358240053591301,www.unige.ch,Http,"[25,30,25]",25.0,WIFI,,SW-WIFI,[c8:6c:87:12:1d:01],0,[-68],-68.0,-1,-1,-1,-1
1427979584858,20029,82907,14228,358240053591301,www.unige.ch,Http,"[25,27,27]",27.0,WIFI,,SW-WIFI,[c8:6c:87:12:1d:01],0,[-68],-68.0,23691,5000,2,228
1427979644872,20012,7524,30094,358240053591301,www.unige.ch,Http,"[24,24,29]",24.0,WIFI,,SW-WIFI,[c8:6c:87:12:1d:01],0,"[-66,-69]",-67.5,23693,5000,2,228
1427979704972,20036,-366214587,-495106108,358240053591301,www.unige.ch,Http,"[5000,5000,5000]",5000.0,WIFI,,0x,[00:00:00:00:00:00],0,[-1],-1.0,,-1,2,228
1427979764905,20056,6053,13536,358240053591301,www.unige.ch,Http,"[36,29,29]",29.0,WIFI,,SW-WIFI,[c8:6c:87:12:1a:eb],0,[-66],-66.0,-1,-1,-1,-1
1427979825068,21089,6336,4875,358240053591301,www.unige.ch,Http,"[128,137,3034]",137.0,WIFI,,SW-WIFI,[c8:6c:87:12:1a:ea],0,"[-52,-65,-80]",-65.0,23693,5000,2,228
1427979884974,0,0,0,358240053591301,no_ping,data_not_available,"[0,0,0]",0.0,,,,[],0,[0],0.0,,0,0,0
1427979952297,20068,1730,3806,358240053591301,www.unige.ch,Http,"[158,25,185]",158.0,WIFI,,SW-WIFI,[c8:6c:87:0a:d2:49],0,[-81],-81.0,23693,5000,2,228
1427980036679,20069,3389,7974,358240053591301,www.unige.ch,Http,"[147,85,34]",85.0,WIFI,,SW-WIFI,[c8:6c:87:0a:d2:49],0,[-80],-80.0,23693,5000,2,228
1427980100853,20066,17731,26824,358240053591301,www.unige.ch,Http,"[37,121,35]",37.0,WIFI,,SW-WIFI,[c8:6c:87:12:1a:ea],0,[-61],-61.0,8975362,42000,2,228
1427980162014,20117,11128,12175,358240053591301,www.unige.ch,Http,"[30,28,143]",30.0,WIFI,,SW-WIFI,[c8:6c:87:12:1a:ea],0,[-61],-61.0,8975362,42000,2,228
1427980223515,20080,1206,2447,358240053591301,www.unige.ch,Http,"[44,154,140]",140.0,WIFI,,SW-WIFI,[c8:6c:87:12:1a:ea],0,[-61],-61.0,8975362,42000,2,228
1427980283685,20075,922,2643,358240053591301,www.unige.ch,Http,"[31,126,40]",40.0,WIFI,,SW-WIFI,[c8:6c:87:12:1a:ea],0,[-61],-61.0,8975362,42000,2,228
1427980344985,20024,1237,2494,358240053591301,www.unige.ch,Http,"[47,41,31]",41.0,WIFI,,SW-WIFI,[c8:6c:87:12:1a:ea],0,[-61],-61.0,8975362,42000,2,228
1427980406168,21121,1204,2979,358240053591301,www.unige.ch,Http,"[3135,69,33]",69.0,WIFI,,SW-WIFI,[c8:6c:87:12:1a:ea],0,[-61],-61.0,8975362,42000,2,228
1427980467316,21159,1204,2532,358240053591301,www.unige.ch,Http,"[131,3027,69]",131.0,WIFI,,SW-WIFI,[c8:6c:87:12:1a:ea],0,[-61],-61.0,8975362,42000,2,228
1427980528513,20132,922,1695,358240053591301,www.unige.ch,Http,"[32,35,43]",35.0,WIFI,,SW-WIFI,[c8:6c:87:12:1a:ea],0,[-61],-61.0,8975362,42000,2,228
1427980589885,21139,1158,2546,358240053591301,www.unige.ch,Http,"[5093,38,48]",48.0,WIFI,,SW-WIFI,[c8:6c:87:12:1a:ea],0,[-61],-61.0,8975362,42000,2,228
1427980651095,20075,922,2266,358240053591301,www.unige.ch,Http,"[142,32,139]",139.0,WIFI,,SW-WIFI,[c8:6c:87:12:1a:ea],0,[-61],-61.0,8975362,42000,2,228
1427980712431,20071,1042,2927,358240053591301,www.unige.ch,Http,"[29,153,3034]",153.0,WIFI,,SW-WIFI,[c8:6c:87:12:1a:ea],0,[-61],-61.0,8975362,42000,2,228
1427980774741,21195,922,2934,358240053591301,www.unige.ch,Http,"[34,28,39]",34.0,WIFI,,SW-WIFI,[c8:6c:87:12:1a:ea],0,[-61],-61.0,8975362,42000,2,228
1427980834809,21126,922,2049,358240053591301,www.unige.ch,Http,"[130,37,151]",130.0,WIFI,,SW-WIFI,[c8:6c:87:12:1a:ea],0,[-61],-61.0,8975362,42000,2,228
1427980897945,21233,12572,14648,358240053591301,www.unige.ch,Http,"[108,96,316]",108.0,WIFI,,SW-WIFI,[c8:6c:87:12:1a:ea],0,[-61],-61.0,8975362,42000,2,228
1427980958324,20919,922,1971,358240053591301,www.unige.ch,Http,"[34,34,44]",34.0,WIFI,,SW-WIFI,[c8:6c:87:12:1a:ea],0,[-61],-61.0,8975362,42000,2,228
1427981018900,20079,15834,13594,358240053591301,www.unige.ch,Http,"[91,31,36]",36.0,WIFI,,SW-WIFI,[c8:6c:87:12:1a:ea],0,[-61],-61.0,8975362,42000,2,228
1427981083113,20073,1061,2080,358240053591301,www.unige.ch,Http,"[28,32,40]",32.0,WIFI,,SW-WIFI,[c8:6c:87:12:1a:ea],0,[-61],-61.0,8975362,42000,2,228
1427981160090,21130,19461,13362,358240053591301,www.unige.ch,Http,"[156,134,32]",134.0,WIFI,,SW-WIFI,[c8:6c:87:12:1a:ea],0,[-61],-61.0,8975362,42000,2,228
1427981220123,21108,922,2721,358240053591301,www.unige.ch,Http,"[29,171,152]",152.0,WIFI,,SW-WIFI,[c8:6c:87:12:1a:ea],0,[-61],-61.0,8975362,42000,2,228
1427981280154,20075,974,3576,358240053591301,www.unige.ch,Http,"[30,141,77]",77.0,WIFI,,SW-WIFI,[c8:6c:87:12:1a:ea],0,[-61],-61.0,8975362,42000,2,228
1427981344911,20071,6112,8718,358240053591301,www.unige.ch,Http,"[32,34,27]",32.0,WIFI,,SW-WIFI,[c8:6c:87:12:1a:ea],0,[-61],-61.0,8975362,42000,2,228
1427981404973,20067,80240,8979,358240053591301,www.unige.ch,Http,"[30,66,56]",56.0,WIFI,,SW-WIFI,[c8:6c:87:12:1a:ea],0,[-61],-61.0,8975362,42000,2,228
1427981465068,20090,922,3157,358240053591301,www.unige.ch,Http,"[46,34,25]",34.0,WIFI,,SW-WIFI,[c8:6c:87:12:1a:ea],0,[-61],-61.0,8975362,42000,2,228
1427981525170,20083,922,2733,358240053591301,www.unige.ch,Http,"[29,29,31]",29.0,WIFI,,SW-WIFI,[c8:6c:87:12:1a:ea],0,[-61],-61.0,8975362,42000,2,228
1427981585358,20080,922,2551,358240053591301,www.unige.ch,Http,"[133,145,28]",133.0,WIFI,,SW-WIFI,[c8:6c:87:12:1a:ea],0,[-61],-61.0,8975362,42000,2,228
1427981678269,20078,1005,3118,358240053591301,www.unige.ch,Http,"[40,34,29]",34.0,WIFI,,SW-WIFI,[c8:6c:87:12:1a:ea],0,[-61],-61.0,8975362,42000,2,228
1427981760191,20115,43826,110381,358240053591301,www.unige.ch,Http,"[36,31,31]",31.0,WIFI,,SW-WIFI,[c8:6c:87:12:1a:ea],0,[-61],-61.0,8975362,42000,2,228
1427981825464,21000,922,2715,358240053591301,www.unige.ch,Http,"[29,28,28]",28.0,WIFI,,SW-WIFI,[c8:6c:87:12:1a:ea],0,[-61],-61.0,8975362,42000,2,228
1427981885543,20104,922,3408,358240053591301,www.unige.ch,Http,"[135,25,143]",135.0,WIFI,,SW-WIFI,[c8:6c:87:12:1a:ea],0,[-61],-61.0,8975362,42000,2,228
1427981945572,20094,922,3048,358240053591301,www.unige.ch,Http,"[30,29,29]",29.0,WIFI,,SW-WIFI,[c8:6c:87:12:1a:ea],0,[-61],-61.0,8975362,42000,2,228
1427982005669,20080,922,3740,358240053591301,www.unige.ch,Http,"[29,32,27]",29.0,WIFI,,SW-WIFI,[c8:6c:87:12:1a:ea],0,[-61],-61.0,8975362,42000,2,228
1427982065712,20068,922,2923,358240053591301,www.unige.ch,Http,"[33,40,30]",33.0,WIFI,,SW-WIFI,[c8:6c:87:12:1a:ea],0,[-61],-61.0,8975362,42000,2,228
1427982125788,20076,922,3173,358240053591301,www.unige.ch,Http,"[35,27,31]",31.0,WIFI,,SW-WIFI,[c8:6c:87:12:1a:ea],0,[-61],-61.0,8975362,42000,2,228
1427982185895,20084,2464,4880,358240053591301,www.unige.ch,Http,"[33,135,31]",33.0,WIFI,,SW-WIFI,[c8:6c:87:12:1a:ea],0,[-61],-61.0,8975362,42000,2,228
1427982272439,20083,18062,60382,358240053591301,www.unige.ch,Http,"[28,30,28]",28.0,WIFI,,SW-WIFI,[c8:6c:87:12:1a:ea],0,[-61],-61.0,8975362,42000,2,228
1427982357699,20070,974,2593,358240053591301,www.unige.ch,Http,"[31,28,28]",28.0,WIFI,,SW-WIFI,[c8:6c:87:12:1a:ea],0,[-61],-61.0,8975362,42000,2,228
1427982441823,20092,974,2301,358240053591301,www.unige.ch,Http,"[28,30,26]",28.0,WIFI,,SW-WIFI,[c8:6c:87:12:1a:ea],0,[-61],-61.0,8975362,42000,2,228
1427982501888,20094,922,4249,358240053591301,www.unige.ch,Http,"[32,30,39]",32.0,WIFI,,SW-WIFI,[c8:6c:87:12:1a:ea],0,[-61],-61.0,8975362,42000,2,228
1427982597794,21152,974,2225,358240053591301,www.unige.ch,Http,"[70,103,107]",103.0,WIFI,,SW-WIFI,[c8:6c:87:12:1a:ea],0,[-61],-61.0,8975362,42000,2,228
1427982657849,20073,922,3348,358240053591301,www.unige.ch,Http,"[26,28,29]",28.0,WIFI,,SW-WIFI,[c8:6c:87:12:1a:ea],0,[-61],-61.0,8975362,42000,2,228
1427982718904,20096,922,3904,358240053591301,www.unige.ch,Http,"[25,25,26]",25.0,WIFI,,SW-WIFI,[c8:6c:87:12:1a:ea],0,[-61],-61.0,8975362,42000,2,228
1427982780643,20071,1032,3568,358240053591301,www.unige.ch,Http,"[28,40,35]",35.0,WIFI,,SW-WIFI,[c8:6c:87:12:1a:ea],0,[-61],-61.0,8975362,42000,2,228
1427982840720,20095,922,4294,358240053591301,www.unige.ch,Http,"[28,41,34]",34.0,WIFI,,SW-WIFI,[c8:6c:87:12:1a:ea],0,[-61],-61.0,8975362,42000,2,228
1427982900782,21089,922,2722,358240053591301,www.unige.ch,Http,"[46,32,32]",32.0,WIFI,,SW-WIFI,[c8:6c:87:12:1a:ea],0,[-61],-61.0,8975362,42000,2,228
1427982960973,20069,922,1935,358240053591301,www.unige.ch,Http,"[30,32,28]",30.0,WIFI,,SW-WIFI,[c8:6c:87:12:1a:ea],0,[-61],-61.0,8975362,42000,2,228
1427983020915,21097,-366231219,-495136887,358240053591301,www.unige.ch,Http,"[5000,5000,5000]",5000.0,WIFI,,SW-WIFI,[00:00:00:00:00:00],0,"[-79,-89,-68,-82,-1]",-79.0,-1,-1,-1,-1
1427983080985,21113,-366243125,-495138463,358240053591301,www.unige.ch,Http,"[170,170,141]",170.0,MOBILE,UNKNOWN,Sunrise,"[-1,7847822,29027454]",2,"[85,-105,-105,-105]",-105.0,29027454,-1,2,228
1427983141019,20068,8655,8603,358240053591301,www.unige.ch,Http,"[23,25,29]",25.0,WIFI,,SW-WIFI,[c8:6c:87:12:1c:f7],0,[-1],-1.0,,-1,2,228
1427983201052,20073,922,1931,358240053591301,www.unige.ch,Http,"[24,24,24]",24.0,WIFI,,SW-WIFI,[c8:6c:87:12:1c:f7],0,[-1],-1.0,,-1,2,228
1427983277934,20085,80817,6942,358240053591301,www.unige.ch,Http,"[132,24,138]",132.0,WIFI,,SW-WIFI,[c8:6c:87:12:1c:f7],0,[-1],-1.0,,-1,2,228
1427983339125,21080,1026,2065,358240053591301,www.unige.ch,Http,"[133,24,138]",133.0,WIFI,,SW-WIFI,[c8:6c:87:12:1c:f7],0,[-1],-1.0,,-1,2,228
1427983400323,20079,922,1935,358240053591301,www.unige.ch,Http,"[23,139,25]",25.0,WIFI,,SW-WIFI,[c8:6c:87:12:1c:f7],0,[-1],-1.0,,-1,2,228
1427983461534,21090,922,1895,358240053591301,www.unige.ch,Http,"[135,24,132]",132.0,WIFI,,SW-WIFI,[c8:6c:87:12:1c:f7],0,[-1],-1.0,,-1,2,228
1427983522651,20075,922,1819,358240053591301,www.unige.ch,Http,"[131,24,146]",131.0,WIFI,,SW-WIFI,[c8:6c:87:12:1c:f7],0,[-1],-1.0,,-1,2,228
1427983583861,20012,25321,87178,358240053591301,www.unige.ch,Http,"[137,23,133]",133.0,WIFI,,SW-WIFI,[c8:6c:87:12:1c:f7],0,"[-1,-60,-55,-58]",-56.5,,-1,2,228
1427983644020,20028,4314,7486,358240053591301,www.unige.ch,Http,"[183,27,24]",27.0,WIFI,,SW-WIFI,[c8:6c:87:12:1c:f7],0,"[-56,-67,-57,-76]",-62.0,,-1,2,228
1427983705214,0,0,0,358240053591301,no_ping,data_not_available,"[0,0,0]",0.0,,,,[],0,[0],0.0,,0,0,0
1427983765246,20014,10586,4003,358240053591301,www.unige.ch,Http,[],0.0,WIFI,,<unknown ssid>,[],0,"[-78,-89]",-83.5,23693,5000,2,228
1427983825321,21081,1478,2899,358240053591301,www.unige.ch,Http,"[47,42,59]",47.0,WIFI,,SW-WIFI,[c8:6c:87:12:1a:ea],0,[-89],-89.0,,-1,2,228
1427983885396,21145,922,1833,358240053591301,www.unige.ch,Http,"[67,55,42]",55.0,WIFI,,SW-WIFI,[c8:6c:87:12:1a:ea],0,[-89],-89.0,,-1,2,228
1427983945478,20074,922,2591,358240053591301,www.unige.ch,Http,"[28,28,36]",28.0,WIFI,,SW-WIFI,[c8:6c:87:12:1a:ea],0,[-89],-89.0,,-1,2,228
1427984005674,20094,1100,2452,358240053591301,www.unige.ch,Http,"[148,3028,70]",148.0,WIFI,,SW-WIFI,[c8:6c:87:12:1a:ea],0,[-89],-89.0,,-1,2,228
1427984066998,21117,1152,3164,358240053591301,www.unige.ch,Http,"[3032,56,44]",56.0,WIFI,,SW-WIFI,[c8:6c:87:12:1a:ea],0,[-89],-89.0,,-1,2,228
1427984128105,20022,922,2145,358240053591301,www.unige.ch,Http,"[130,27,128]",128.0,WIFI,,SW-WIFI,[c8:6c:87:12:1a:ea],0,[-89],-89.0,,-1,2,228
1427984189278,20100,980,2747,358240053591301,www.unige.ch,Http,"[47,39,40]",40.0,WIFI,,SW-WIFI,[c8:6c:87:12:1a:ea],0,[-89],-89.0,,-1,2,228
1427984250498,20082,922,2369,358240053591301,www.unige.ch,Http,"[127,28,137]",127.0,WIFI,,SW-WIFI,[c8:6c:87:12:1a:ea],0,[-89],-89.0,,-1,2,228
1427984311688,21119,1496,2973,358240053591301,www.unige.ch,Http,"[3028,52,32]",52.0,WIFI,,SW-WIFI,[c8:6c:87:12:1a:ea],0,[-89],-89.0,,-1,2,228
1427984372798,21122,1140,2795,358240053591301,www.unige.ch,Http,"[138,3029,67]",138.0,WIFI,,SW-WIFI,[c8:6c:87:12:1a:ea],0,[-89],-89.0,,-1,2,228
1427984433913,21103,922,2344,358240053591301,www.unige.ch,Http,"[125,35,135]",125.0,WIFI,,SW-WIFI,[c8:6c:87:12:1a:ea],0,[-89],-89.0,,-1,2,228
1427984495013,21111,980,2421,358240053591301,www.unige.ch,Http,"[30,30,29]",30.0,WIFI,,SW-WIFI,[c8:6c:87:12:1a:ea],0,[-89],-89.0,,-1,2,228
1427984555069,20072,9734,10467,358240053591301,www.unige.ch,Http,"[29,32,28]",29.0,WIFI,,SW-WIFI,[c8:6c:87:12:1a:ea],0,[-89],-89.0,,-1,2,228
1427984622249,21071,922,3435,358240053591301,www.unige.ch,Http,"[136,143,26]",136.0,WIFI,,SW-WIFI,[c8:6c:87:12:1a:ea],0,[-58],-58.0,8975362,42000,2,228
1427984682280,20087,1266,5223,358240053591301,www.unige.ch,Http,"[89,123,31]",89.0,WIFI,,SW-WIFI,[c8:6c:87:12:1a:ea],0,[-58],-58.0,8975362,42000,2,228
1427984760895,21131,974,2491,358240053591301,www.unige.ch,Http,"[137,36,136]",136.0,WIFI,,SW-WIFI,[c8:6c:87:12:1a:ea],0,[-58],-58.0,8975362,42000,2,228
1427984820893,20074,922,1635,358240053591301,www.unige.ch,Http,"[37,73,30]",37.0,WIFI,,SW-WIFI,[c8:6c:87:12:1a:ea],0,[-58],-58.0,8975362,42000,2,228
1427984889424,20106,1430,3442,358240053591301,www.unige.ch,Http,"[3026,77,35]",77.0,WIFI,,SW-WIFI,[c8:6c:87:12:1a:ea],0,[-58],-58.0,8975362,42000,2,228
1427984949506,20078,922,1989,358240053591301,www.unige.ch,Http,"[45,47,28]",45.0,WIFI,,SW-WIFI,[c8:6c:87:12:1a:ea],0,[-58],-58.0,8975362,42000,2,228
1427985017883,20087,2653,6532,358240053591301,www.unige.ch,Http,"[30,147,94]",94.0,WIFI,,SW-WIFI,[c8:6c:87:12:1a:ea],0,[-58],-58.0,8975362,42000,2,228
1427985086323,20068,63592,9587,358240053591301,www.unige.ch,Http,"[156,157,75]",156.0,WIFI,,SW-WIFI,[c8:6c:87:12:1a:ea],0,[-58],-58.0,8975362,42000,2,228
1427985146417,20095,922,2045,358240053591301,www.unige.ch,Http,"[135,144,29]",135.0,WIFI,,SW-WIFI,[c8:6c:87:12:1a:ea],0,[-58],-58.0,8975362,42000,2,228
1427985241475,20088,1094,2237,358240053591301,www.unige.ch,Http,"[31,144,3025]",144.0,WIFI,,SW-WIFI,[c8:6c:87:12:1a:ea],0,[-58],-58.0,8975362,42000,2,228
1427985379292,21115,922,2387,358240053591301,www.unige.ch,Http,"[67,100,36]",67.0,WIFI,,SW-WIFI,[c8:6c:87:12:1a:ea],0,[-58],-58.0,8975362,42000,2,228
1427985439364,20031,5034,8707,358240053591301,www.unige.ch,Http,"[29,28,42]",29.0,WIFI,,SW-WIFI,[c8:6c:87:12:1a:ea],0,[-58],-58.0,8975362,42000,2,228
1427985510967,20094,7111,7406,358240053591301,www.unige.ch,Http,"[71,42,94]",71.0,WIFI,,SW-WIFI,[c8:6c:87:12:1a:ea],0,[-58],-58.0,8975362,42000,2,228
1427985571040,20077,922,2311,358240053591301,www.unige.ch,Http,"[38,31,41]",38.0,WIFI,,SW-WIFI,[c8:6c:87:12:1a:ea],0,[-58],-58.0,8975362,42000,2,228
1427985664638,20108,1189,2244,358240053591301,www.unige.ch,Http,"[39,37,34]",37.0,WIFI,,SW-WIFI,[c8:6c:87:12:1a:ea],0,[-58],-58.0,8975362,42000,2,228
1427985724806,21103,6709,6976,358240053591301,www.unige.ch,Http,"[37,33,34]",34.0,WIFI,,SW-WIFI,[c8:6c:87:12:1a:ea],0,[-58],-58.0,8975362,42000,2,228
1427985800887,20030,1441,1741,358240053591301,www.unige.ch,Http,"[254,33,31]",33.0,WIFI,,SW-WIFI,[c8:6c:87:12:1a:ea],0,[-63],-63.0,8975362,42000,2,228
1427985866126,21116,2935,9924,358240053591301,www.unige.ch,Http,"[33,34,36]",34.0,WIFI,,SW-WIFI,[c8:6c:87:12:1a:ea],0,[-63],-63.0,8975362,42000,2,228
1427985926175,21123,922,2349,358240053591301,www.unige.ch,Http,"[30,32,35]",32.0,WIFI,,SW-WIFI,[c8:6c:87:12:1a:ea],0,[-63],-63.0,8975362,42000,2,228
1427985986254,20074,1290,2349,358240053591301,www.unige.ch,Http,"[44,31,32]",32.0,WIFI,,SW-WIFI,[c8:6c:87:12:1a:ea],0,[-63],-63.0,8975362,42000,2,228
1427986046307,20092,7449,9516,358240053591301,www.unige.ch,Http,"[42,36,46]",42.0,WIFI,,SW-WIFI,[c8:6c:87:12:1a:ea],0,[-63],-63.0,8975362,42000,2,228
1427986106363,20075,1100,2434,358240053591301,www.unige.ch,Http,"[65,49,58]",58.0,WIFI,,SW-WIFI,[c8:6c:87:12:1a:ea],0,[-63],-63.0,8975362,42000,2,228
1427986195942,21095,2518,4018,358240053591301,www.unige.ch,Http,"[25,147,82]",82.0,WIFI,,SW-WIFI,[c8:6c:87:12:1a:ea],0,[-63],-63.0,8975362,42000,2,228
1427986255943,20521,32229,388582,358240053591301,www.unige.ch,Http,"[29,30,29]",29.0,WIFI,,SW-WIFI,[c8:6c:87:12:1a:ea],0,[-63],-63.0,8975362,42000,2,228
1427986327914,20087,4070,7328,358240053591301,www.unige.ch,Http,"[31,44,26]",31.0,WIFI,,SW-WIFI,[c8:6c:87:12:1a:ea],0,[-63],-63.0,8975362,42000,2,228
1427986406924,20066,922,1755,358240053591301,www.unige.ch,Http,"[48,32,58]",48.0,WIFI,,SW-WIFI,[c8:6c:87:12:1a:ea],0,[-63],-63.0,8975362,42000,2,228
1427986488262,20091,9052,20927,358240053591301,www.unige.ch,Http,"[37,41,39]",39.0,WIFI,,SW-WIFI,[c8:6c:87:12:1a:ea],0,[-63],-63.0,8975362,42000,2,228
1427986548347,20072,1090,3358,358240053591301,www.unige.ch,Http,"[39,41,44]",41.0,WIFI,,SW-WIFI,[c8:6c:87:12:1a:ea],0,[-63],-63.0,8975362,42000,2,228
1427986617604,20070,922,1815,358240053591301,www.unige.ch,Http,"[30,33,46]",33.0,WIFI,,SW-WIFI,[c8:6c:87:12:1a:ea],0,[-63],-63.0,8975362,42000,2,228
1427986677657,20091,1038,2117,358240053591301,www.unige.ch,Http,"[31,34,49]",34.0,WIFI,,SW-WIFI,[c8:6c:87:12:1a:ea],0,[-63],-63.0,8975362,42000,2,228
1427986737767,20069,974,2191,358240053591301,www.unige.ch,Http,"[34,33,41]",34.0,WIFI,,SW-WIFI,[c8:6c:87:12:1a:ea],0,[-54],-54.0,,-1,2,228
1427986797867,20085,1290,2305,358240053591301,www.unige.ch,Http,"[37,36,48]",37.0,WIFI,,SW-WIFI,[c8:6c:87:12:1a:ea],0,[-54],-54.0,,-1,2,228
1427986857881,20068,922,2697,358240053591301,www.unige.ch,Http,"[30,35,49]",35.0,WIFI,,SW-WIFI,[c8:6c:87:12:1a:ea],0,[-54],-54.0,,-1,2,228
1427986917944,20069,76103,7318,358240053591301,www.unige.ch,Http,"[42,35,41]",41.0,WIFI,,SW-WIFI,[c8:6c:87:12:1a:ea],0,[-54],-54.0,,-1,2,228
1427987008941,20072,1100,3000,358240053591301,www.unige.ch,Http,"[81,32,31]",32.0,WIFI,,SW-WIFI,[c8:6c:87:12:1a:ea],0,[-54],-54.0,,-1,2,228
1427987075576,20156,18195,36720,358240053591301,www.unige.ch,Http,"[29,134,3024]",134.0,WIFI,,SW-WIFI,[c8:6c:87:12:1a:ea],0,[-62],-62.0,,-1,2,228
1427987135612,21109,18619,214944,358240053591301,www.unige.ch,Http,"[46,34,32]",34.0,WIFI,,SW-WIFI,[c8:6c:87:12:1a:ea],0,[-57],-57.0,,-1,2,228
1427987195622,20014,4991,8791,358240053591301,www.unige.ch,Http,"[36,45,48]",45.0,WIFI,,SW-WIFI,[c8:6c:87:12:1a:ea],0,[-62],-62.0,,-1,2,228
1427987255640,21102,1672,2764,358240053591301,www.unige.ch,Http,"[53,34,31]",34.0,WIFI,,SW-WIFI,[c8:6c:87:12:1a:ea],0,[-62],-62.0,,-1,2,228
1427987315706,21096,922,2333,358240053591301,www.unige.ch,Http,"[30,51,35]",35.0,WIFI,,SW-WIFI,[c8:6c:87:12:1a:ea],0,[-62],-62.0,,-1,2,228
1427987378089,21113,2022,3868,358240053591301,www.unige.ch,Http,"[41,54,30]",41.0,WIFI,,SW-WIFI,[c8:6c:87:12:1a:ea],0,[-62],-62.0,,-1,2,228
1427987438157,21202,2601,4057,358240053591301,www.unige.ch,Http,"[29,32,38]",32.0,WIFI,,SW-WIFI,[c8:6c:87:12:1a:ea],0,[-62],-62.0,8975362,42000,2,228
1427987498170,20012,1042,2116,358240053591301,www.unige.ch,Http,"[34,40,32]",34.0,WIFI,,SW-WIFI,[c8:6c:87:12:1a:ea],0,[-62],-62.0,8975362,42000,2,228
1427987558243,21095,922,2309,358240053591301,www.unige.ch,Http,"[30,33,31]",31.0,WIFI,,SW-WIFI,[c8:6c:87:12:1a:ea],0,[-62],-62.0,8975362,42000,2,228
1427987618887,21079,1036,2322,358240053591301,www.unige.ch,Http,"[260,52,37]",52.0,WIFI,,SW-WIFI,[c8:6c:87:12:1a:ea],0,[-62],-62.0,8975362,42000,2,228
1427987678897,21179,974,2367,358240053591301,www.unige.ch,Http,"[39,43,41]",41.0,WIFI,,SW-WIFI,[c8:6c:87:12:1a:ea],0,[-62],-62.0,8975362,42000,2,228
1427987738974,21105,974,3459,358240053591301,www.unige.ch,Http,"[33,29,43]",33.0,WIFI,,SW-WIFI,[c8:6c:87:12:1a:ea],0,[-62],-62.0,8975362,42000,2,228
1427987799022,20064,922,3315,358240053591301,www.unige.ch,Http,"[32,36,34]",34.0,WIFI,,SW-WIFI,[c8:6c:87:12:1a:ea],0,[-62],-62.0,8975362,42000,2,228
1427987859882,21152,922,1755,358240053591301,www.unige.ch,Http,"[32,49,35]",35.0,WIFI,,SW-WIFI,[c8:6c:87:12:1a:ea],0,[-62],-62.0,8975362,42000,2,228
1427987919950,21192,1937,6034,358240053591301,www.unige.ch,Http,"[34,31,40]",34.0,WIFI,,SW-WIFI,[c8:6c:87:12:1a:ea],0,[-62],-62.0,8975362,42000,2,228
1427987980028,20078,1312,2345,358240053591301,www.unige.ch,Http,"[33,34,25]",33.0,WIFI,,SW-WIFI,[c8:6c:87:12:1a:ea],0,[-62],-62.0,8975362,42000,2,228
1427988075587,20011,12361,7748,358240053591301,www.unige.ch,Http,"[33,46,40]",40.0,WIFI,,SW-WIFI,[c8:6c:87:12:1a:ea],0,"[-62,-72]",-67.0,8975362,42000,2,228
1427988135668,20019,78798,120764,358240053591301,www.unige.ch,Http,"[3026,46,37]",46.0,WIFI,,SW-WIFI,[c8:6c:87:12:1a:ea],0,[-72],-72.0,8975362,42000,2,228
1427988207400,20014,10508,10815,358240053591301,www.unige.ch,Http,"[37,36,41]",37.0,WIFI,,SW-WIFI,[c8:6c:87:12:1a:ea],0,[-72],-72.0,8975362,42000,2,228
1427988267431,20016,4296,8420,358240053591301,www.unige.ch,Http,"[37,126,32]",37.0,WIFI,,SW-WIFI,[c8:6c:87:12:1a:ea],0,[-72],-72.0,8975362,42000,2,228
1427988328469,20012,1038,1971,358240053591301,www.unige.ch,Http,"[36,130,30]",36.0,WIFI,,SW-WIFI,[c8:6c:87:12:1a:ea],0,[-72],-72.0,,-1,2,228
1427988396018,20011,974,2167,358240053591301,www.unige.ch,Http,"[64,38,27]",38.0,WIFI,,SW-WIFI,[c8:6c:87:12:1a:ea],0,[-72],-72.0,,-1,2,228
1427988456033,21026,1175,6453,358240053591301,www.unige.ch,Http,"[38,34,31]",34.0,WIFI,,SW-WIFI,[c8:6c:87:12:1a:ea],0,[-72],-72.0,,-1,2,228
1427988521846,20022,1803,5599,358240053591301,www.unige.ch,Http,"[3043,62,39]",62.0,WIFI,,SW-WIFI,[c8:6c:87:12:1a:ea],0,[-72],-72.0,,-1,2,228
1427988590256,21140,147877,6393410,358240053591301,www.unige.ch,Http,"[54,46,44]",46.0,WIFI,,SW-WIFI,[c8:6c:87:12:1a:ea],0,[-72],-72.0,,-1,2,228
1427988653996,20023,92449,3198993,358240053591301,www.unige.ch,Http,"[11552,911,2672]",2672.0,WIFI,,SW-WIFI,[c8:6c:87:12:1a:ea],0,[-72],-72.0,,-1,2,228
1427988714016,20071,125482,6397594,358240053591301,www.unige.ch,Http,"[2476,3251,2456]",2476.0,WIFI,,SW-WIFI,[c8:6c:87:12:1a:ea],0,[-72],-72.0,,-1,2,228
1427988774045,20019,150248,6695662,358240053591301,www.unige.ch,Http,"[1186,843,2356]",1186.0,WIFI,,SW-WIFI,[c8:6c:87:12:1a:ea],0,[-72],-72.0,,-1,2,228
1427988834065,20079,102558,5966369,358240053591301,www.unige.ch,Http,"[1592,3274,1790]",1790.0,WIFI,,SW-WIFI,[c8:6c:87:12:1a:ea],0,[-72],-72.0,,-1,2,228
1427988894117,20015,94709,4765908,358240053591301,www.unige.ch,Http,"[1128,1565,3444]",1565.0,WIFI,,SW-WIFI,[c8:6c:87:12:1a:ea],0,"[-64,-70]",-67.0,,-1,2,228
1427988954138,21163,173978,6917181,358240053591301,www.unige.ch,Http,"[602,3091,2249]",2249.0,WIFI,,SW-WIFI,[c8:6c:87:12:1a:ea],0,[-66],-66.0,8975362,42000,2,228
1427989014141,21032,149634,6589309,358240053591301,www.unige.ch,Http,"[2388,3541,2019]",2388.0,WIFI,,SW-WIFI,[c8:6c:87:12:1a:ea],0,[-66],-66.0,8975362,42000,2,228
1427989074171,21045,98220,3952554,358240053591301,www.unige.ch,Http,"[1170,409,2402]",1170.0,WIFI,,SW-WIFI,[c8:6c:87:12:1a:ea],0,[-66],-66.0,8975362,42000,2,228
1427989134185,20023,111792,5949411,358240053591301,www.unige.ch,Http,"[3874,1304,3220]",3220.0,WIFI,,SW-WIFI,[c8:6c:87:12:1a:ea],0,[-66],-66.0,8975362,42000,2,228
1427989195830,21199,68442,1696463,358240053591301,www.unige.ch,Http,[],0.0,WIFI,,SW-WIFI,[c8:6c:87:12:1a:ea],0,[-66],-66.0,8975362,42000,2,228
1427989264571,20022,171115,6164098,358240053591301,www.unige.ch,Http,"[122,353,2010]",353.0,WIFI,,SW-WIFI,[c8:6c:87:12:1a:ea],0,[-66],-66.0,8975362,42000,2,228
1427989324597,20037,101274,5864506,358240053591301,www.unige.ch,Http,"[528,622,4031]",622.0,WIFI,,SW-WIFI,[c8:6c:87:12:1a:ea],0,[-66],-66.0,8975362,42000,2,228
1427989387995,21100,44721,1407089,358240053591301,www.unige.ch,Http,[],0.0,WIFI,,SW-WIFI,[c8:6c:87:12:1a:ea],0,[-66],-66.0,8975362,42000,2,228
1427989448087,21224,-366274061,-495196812,358240053591301,www.unige.ch,Http,"[5000,5000,5000]",5000.0,WIFI,,SW-WIFI,[c8:6c:87:12:1d:01],0,"[-68,-85]",-76.5,-1,-1,-1,-1
1427989509176,20017,84782,3073355,358240053591301,www.unige.ch,Http,"[204,59,47]",59.0,WIFI,,SW-WIFI,[c8:6c:87:12:1d:01],0,"[-69,-65]",-67.0,-1,-1,-1,-1
1427989570418,21088,1351,2081,358240053591301,www.unige.ch,Http,"[139,24,137]",137.0,WIFI,,SW-WIFI,[c8:6c:87:12:1d:01],0,[-65],-65.0,,-1,2,228
1427989630474,20065,4401,12622,358240053591301,www.unige.ch,Http,"[31,27,31]",31.0,WIFI,,SW-WIFI,[c8:6c:87:12:1d:01],0,[-65],-65.0,,-1,2,228
1427989692917,21174,922,1755,358240053591301,www.unige.ch,Http,"[45,29,26]",29.0,WIFI,,SW-WIFI,[c8:6c:87:12:1d:01],0,[-65],-65.0,,-1,2,228
1427989752913,21037,62006,214436,358240053591301,www.unige.ch,Http,"[25,26,32]",26.0,WIFI,,SW-WIFI,[c8:6c:87:12:1d:01],0,[-72],-72.0,,-1,2,228
1427989812998,20070,1216,2422,358240053591301,www.unige.ch,Http,"[27,29,38]",29.0,WIFI,,SW-WIFI,[c8:6c:87:12:1d:01],0,[-72],-72.0,,-1,2,228
1427989874229,21095,980,2567,358240053591301,www.unige.ch,Http,"[36,27,25]",27.0,WIFI,,SW-WIFI,[c8:6c:87:12:1d:01],0,[-72],-72.0,,-1,2,228
1427989934304,20208,26271,31392,358240053591301,www.unige.ch,Http,"[29,24,24]",24.0,WIFI,,SW-WIFI,[c8:6c:87:12:1d:01],0,"[-72,-55,-57,-53]",-56.0,,-1,2,228
1427990007943,21084,4788,4315,358240053591301,www.unige.ch,Http,"[62,3269,556]",556.0,WIFI,,SW-WIFI,[c8:6c:87:12:1a:ea],0,"[-71,-82]",-76.5,23693,5000,2,228
1427990072053,20564,1106,3768,358240053591301,www.unige.ch,Http,"[43,39,33]",39.0,WIFI,,SW-WIFI,[c8:6c:87:12:1a:ea],0,[-82],-82.0,,-1,2,228
1427990134605,20702,1057,1775,358240053591301,www.unige.ch,Http,"[44,44,33]",44.0,WIFI,,SW-WIFI,[c8:6c:87:12:1a:ea],0,[-82],-82.0,,-1,2,228
1427990194670,21130,1188,2449,358240053591301,www.unige.ch,Http,"[39,33,26]",33.0,WIFI,,SW-WIFI,[c8:6c:87:12:1a:ea],0,[-82],-82.0,,-1,2,228
1427990254748,20089,13816,22587,358240053591301,www.unige.ch,Http,"[32,34,40]",34.0,WIFI,,SW-WIFI,[c8:6c:87:12:1a:ea],0,[-82],-82.0,,-1,2,228
1427990314821,20141,1026,2196,358240053591301,www.unige.ch,Http,"[38,45,44]",44.0,WIFI,,SW-WIFI,[c8:6c:87:12:1a:ea],0,[-82],-82.0,,-1,2,228
1427990374888,21121,922,2080,358240053591301,www.unige.ch,Http,"[36,43,51]",43.0,WIFI,,SW-WIFI,[c8:6c:87:12:1a:ea],0,[-82],-82.0,,-1,2,228
1427990434970,21116,974,2554,358240053591301,www.unige.ch,Http,"[35,28,30]",30.0,WIFI,,SW-WIFI,[c8:6c:87:12:1a:ea],0,[-82],-82.0,,-1,2,228
1427990495021,20070,922,1953,358240053591301,www.unige.ch,Http,"[36,40,48]",40.0,WIFI,,SW-WIFI,[c8:6c:87:12:1a:ea],0,[-82],-82.0,,-1,2,228
1427990555086,20071,922,2247,358240053591301,www.unige.ch,Http,"[29,30,31]",30.0,WIFI,,SW-WIFI,[c8:6c:87:12:1a:ea],0,[-82],-82.0,,-1,2,228
1427990615155,20080,44449,4498,358240053591301,www.unige.ch,Http,"[34,32,26]",32.0,WIFI,,SW-WIFI,[c8:6c:87:12:1a:ea],0,[-82],-82.0,,-1,2,228
1427990675217,0,0,0,358240053591301,no_ping,data_not_available,"[0,0,0]",0.0,,,,[],0,[0],0.0,,0,0,0
1427990735902,20049,922,751,358240053591301,www.unige.ch,Http,"[49,49,40]",49.0,MOBILE,LTE,Sunrise,[8975362],0,[-140],-140.0,8975362,42000,2,228
1427990795945,21210,864,656,358240053591301,www.unige.ch,Http,"[48,42,37]",42.0,MOBILE,LTE,Sunrise,[8975362],0,[-140],-140.0,8975362,42000,2,228
1427990857878,20392,864,656,358240053591301,www.unige.ch,Http,"[41,39,39]",39.0,MOBILE,LTE,Sunrise,[8975362],0,[-140],-140.0,8975362,42000,2,228
1427990918914,21187,968,760,358240053591301,www.unige.ch,Http,"[105,68,71]",71.0,MOBILE,HSPA+,Sunrise,[29022255],0,"[-87,-87]",-87.0,29022255,-1,2,228
1427990979962,21184,1172,1106,358240053591301,www.unige.ch,Http,"[46,49,42]",46.0,MOBILE,LTE,Sunrise,[8971008],0,[-123],-123.0,8971008,42010,2,228
1427991046183,20119,864,656,358240053591301,www.unige.ch,Http,"[45,49,39]",45.0,MOBILE,LTE,Sunrise,[8971008],0,[-123],-123.0,8971008,42010,2,228
1427991117883,20070,6688,32753,358240053591301,www.unige.ch,Http,"[51,70,39]",51.0,MOBILE,LTE,Sunrise,[8971008],0,[-99],-99.0,8971008,42010,2,228
1427991201892,20069,1542,1100,358240053591301,www.unige.ch,Http,"[53,50,50]",50.0,MOBILE,LTE,Sunrise,[8971008],0,[-99],-99.0,8971008,42010,2,228
1427991263890,20660,864,656,358240053591301,www.unige.ch,Http,"[30,55,49]",49.0,MOBILE,LTE,Sunrise,[8971008],0,[-99],-99.0,8971008,42010,2,228
1427991325888,20063,864,708,358240053591301,www.unige.ch,Http,"[43,54,40]",43.0,MOBILE,LTE,Sunrise,[8971008],0,[-99],-99.0,8971008,42010,2,228
1427991386888,20065,1194,930,358240053591301,www.unige.ch,Http,"[50,50,58]",50.0,MOBILE,LTE,Sunrise,[8971008],0,[-99],-99.0,8971008,42010,2,228
1427991446902,20067,864,656,358240053591301,www.unige.ch,Http,"[42,47,63]",47.0,MOBILE,LTE,Sunrise,[8971008],0,[-99],-99.0,8971008,42010,2,228
1427991510158,20909,1375,1225,358240053591301,www.unige.ch,Http,"[33,47,40]",40.0,MOBILE,LTE,Sunrise,[8971008],0,[-99],-99.0,8971008,42010,2,228
1427991572900,20100,1030,708,358240053591301,www.unige.ch,Http,"[40,52,61]",52.0,MOBILE,LTE,Sunrise,[8971008],0,[-99],-99.0,8971008,42010,2,228
1427991634892,20517,864,656,358240053591301,www.unige.ch,Http,"[38,49,39]",39.0,MOBILE,LTE,Sunrise,[8971008],0,[-99],-99.0,8971008,42010,2,228
1427991696894,20478,864,656,358240053591301,www.unige.ch,Http,"[40,39,40]",40.0,MOBILE,LTE,Sunrise,[8971008],0,[-99],-99.0,8971008,42010,2,228
1427991756908,21167,5915,6903,358240053591301,www.unige.ch,Http,"[50,39,50]",50.0,MOBILE,LTE,Sunrise,[8971008],0,[-99],-99.0,8971008,42010,2,228
1427991816917,20051,864,656,358240053591301,www.unige.ch,Http,"[48,49,49]",49.0,MOBILE,LTE,Sunrise,[8971008],0,[-99],-99.0,8971008,42010,2,228
1427991879893,20064,864,656,358240053591301,www.unige.ch,Http,"[49,58,48]",49.0,MOBILE,LTE,Sunrise,"[8971008,8971010]",1,"[-99,-112,-112,-112]",-112.0,8971010,42000,2,228
1427991943892,20430,864,656,358240053591301,www.unige.ch,Http,"[61,49,64]",61.0,MOBILE,LTE,Sunrise,[8971010],0,[-112],-112.0,8971010,42000,2,228
1427992010011,21109,968,0,358240053591301,www.unige.ch,Http,"[5000,5000,5000]",5000.0,MOBILE,LTE,Sunrise,[8971010],0,[-112],-112.0,8971010,42000,2,228
1427992071971,20073,928,659,358240053591301,www.unige.ch,Http,"[1349,67,101]",101.0,MOBILE,LTE,Sunrise,"[8971010,8964101,29027814]",2,"[-337,-371,-371,-371,-115,-93]",-354.0,29027814,-1,2,228
1427992137877,20076,17682,23350,358240053591301,www.unige.ch,Http,"[45,37,43]",43.0,MOBILE,LTE,Sunrise,[8992001],0,[-126],-126.0,8992001,42000,2,228
1427992198871,20068,944,696,358240053591301,www.unige.ch,Http,"[68,51,54]",54.0,MOBILE,LTE,Sunrise,"[8992001,29019503]",1,"[-365,-115]",-240.0,29019503,-1,2,228
1427992271885,20067,904,696,358240053591301,www.unige.ch,Http,"[51,39,39]",39.0,MOBILE,LTE,Sunrise,[8992001],0,[-123],-123.0,8992001,42000,2,228
1427992331925,21373,1113,773,358240053591301,www.unige.ch,Http,"[39,46,35]",39.0,MOBILE,LTE,Sunrise,[8992001],0,"[-97,-96]",-96.5,8992001,42000,2,228
1427992391943,20108,1232,930,358240053591301,www.unige.ch,Http,"[40,40,40]",40.0,MOBILE,LTE,Sunrise,[8992001],0,[-94],-94.0,8992001,42000,2,228
1427992470908,20063,2050,1826,358240053591301,www.unige.ch,Http,"[39,50,40]",40.0,MOBILE,LTE,Sunrise,"[8992001,9076480]",1,"[-94,-91,-97,-87,-92,-84,-88]",-91.0,9076480,42000,2,228
1427992542896,20030,2899,4890,358240053591301,www.unige.ch,Http,"[42,40,40]",40.0,MOBILE,LTE,Sunrise,[9076480],0,[-88],-88.0,9076480,42000,2,228
1427992604822,20016,-366387158,-495376469,358240053591301,www.unige.ch,Http,"[40,40,40]",40.0,MOBILE,LTE,Sunrise,[9076480],0,[-88],-88.0,9076480,42000,2,228
1427992666986,20076,103507,9299,358240053591301,www.unige.ch,Http,"[18,18,19]",18.0,WIFI,,Fako,[78:54:2e:9f:1d:72],0,[-82],-82.0,9076480,42000,2,228
1427994841200,20082,16739,16369,358240053591301,www.unige.ch,Http,"[159,24,156]",156.0,WIFI,,Fako,[78:54:2e:9f:1d:72],0,"[-18,-59]",-38.5,8992001,42000,2,228
1427994902087,20129,3510,8640,358240053591301,www.unige.ch,Http,"[29,23,20]",23.0,WIFI,,Fako,[78:54:2e:9f:1d:72],0,[-59],-59.0,9076480,42000,2,228
1427994963035,20063,2910,422,358240053591301,www.unige.ch,Http,"[5000,5000,5000]",5000.0,WIFI,,<unknown ssid>,[],0,[-77],-77.0,,-1,2,228
1427995023113,20070,3171,4651,358240053591301,www.unige.ch,Http,"[85,88,74]",85.0,MOBILE,HSPA,Sunrise,[29019503],0,[-71],-71.0,29019503,-1,2,228
1427995084079,20008,924,656,358240053591301,www.unige.ch,Http,"[45,44,46]",45.0,MOBILE,HSPA,Sunrise,"[29019503,8992001]",1,"[21,21,99]",21.0,8992001,42000,2,228
1427995152605,20068,1194,930,358240053591301,www.unige.ch,Http,"[42,38,46]",42.0,MOBILE,LTE,Sunrise,[8992001],0,[-121],-121.0,8992001,42000,2,228
1427995212653,20071,916,708,358240053591301,www.unige.ch,Http,"[486,548,478]",486.0,MOBILE,HSPA,Sunrise,[29027814],0,[-89],-89.0,29027814,-1,2,228
1427995272646,20065,864,120,358240053591301,www.unige.ch,Http,"[5000,5000,4261]",5000.0,MOBILE,LTE,Sunrise,[9192961],0,[-98],-98.0,9192961,42000,2,228
1427995334042,20068,1098,435,358240053591301,www.unige.ch,Http,"[5000,3501,56]",3501.0,MOBILE,LTE,Sunrise,"[9192961,9192961,29027883]",2,"[-317,-115,-73,-73,-73]",-73.0,29027883,-1,2,228
1427995394130,20061,924,656,358240053591301,www.unige.ch,Http,"[46,50,50]",50.0,MOBILE,HSPA,Sunrise,[29027883],0,"[-73,-73]",-73.0,29027883,-1,2,228
1427995454186,20069,924,656,358240053591301,www.unige.ch,Http,"[61,50,50]",50.0,MOBILE,HSPA,Sunrise,[29027883],0,"[-73,-73]",-73.0,29027883,-1,2,228
1427995514280,20057,5504,7801,358240053591301,www.unige.ch,Http,"[532,622,525]",532.0,MOBILE,HSPA,Sunrise,[29027883],0,"[-73,-73]",-73.0,29027883,-1,2,228
1427995574339,20063,1082,874,358240053591301,www.unige.ch,Http,"[473,485,636]",485.0,MOBILE,HSPA,Sunrise,[29027883],0,[-73],-73.0,29027883,-1,2,228
1427995635050,20133,924,656,358240053591301,www.unige.ch,Http,"[537,663,1210]",663.0,MOBILE,HSPA,Sunrise,[29027883],0,[-73],-73.0,29027883,-1,2,228
1427995695128,20013,34154,86347,358240053591301,www.unige.ch,Http,"[498,532,516]",516.0,MOBILE,HSPA,Sunrise,"[29019615,29019618]",1,"[-75,-75,-75,-77,-71,-71,-73,-73,-73]",-73.0,29019618,-1,2,228
1427995755134,20069,1160,1165,358240053591301,www.unige.ch,Http,"[589,566,516]",566.0,MOBILE,HSPA,Sunrise,"[29027154,29019615,29027154,29027153,29027154]",4,"[-101,-105,-105,-105]",-105.0,29027154,-1,2,228
1427995815244,20020,120028,1497219,358240053591301,www.unige.ch,Http,"[103,76,98]",98.0,MOBILE,HSPA+,Sunrise,"[29027158,29005830]",1,"[-103,-103,-103,-103,-95,-93,-89,-95]",-99.0,29005830,-1,2,228
1427995875174,20056,21303,42763,358240053591301,www.unige.ch,Http,"[50,50,47]",50.0,MOBILE,HSPA+,Sunrise,[29005830],0,"[-95,-95,-89,-89,-93,-93,-93,-91]",-93.0,29005830,-1,2,228
1427995935245,20056,1942,1746,358240053591301,www.unige.ch,Http,"[498,537,542]",537.0,MOBILE,HSPA,Sunrise,[29005830],0,"[-91,-103,-103]",-103.0,29005830,-1,2,228
1427995995291,20016,44411,81198,358240053591301,www.unige.ch,Http,"[454,486,488]",486.0,MOBILE,HSPA,Sunrise,"[29005830,29019615,29019618]",2,"[-103,-77,-75,-75,-73,-75,-75,-71]",-75.0,29019618,-1,2,228
1427996055294,20007,1108,975,358240053591301,www.unige.ch,Http,"[40,39,59]",40.0,MOBILE,HSPA+,Sunrise,"[29019618,8961028]",1,"[13,13,99]",13.0,8961028,42010,2,228
1427996115365,20018,5129,6544,358240053591301,www.unige.ch,Http,"[50,48,49]",49.0,MOBILE,LTE,Sunrise,[8961028],0,"[-102,-93,-87]",-93.0,8961028,42010,2,228
1427996175390,20016,1376,8745,358240053591301,www.unige.ch,Http,"[30,51,41]",41.0,MOBILE,LTE,Sunrise,[8961028],0,"[-85,-85,-80,-77,-77,-79,-74]",-79.0,8961028,42010,2,228
1427996235392,20015,33800,43840,358240053591301,www.unige.ch,Http,"[65,85,37]",65.0,MOBILE,LTE,Sunrise,[8961028],0,"[-75,-80,-95,-99,-98,-100,-101]",-98.0,8961028,42010,2,228
1427996295409,20021,864,656,358240053591301,www.unige.ch,Http,"[60,57,37]",57.0,MOBILE,LTE,Sunrise,"[8960518,8990214,8960518]",2,"[-103,-102,-102,-104,-102,-102,-103]",-102.0,8960518,42010,2,228
1427996355415,20016,941,656,358240053591301,www.unige.ch,Http,"[48,49,31]",48.0,MOBILE,LTE,Sunrise,[8960518],0,"[-102,-102,-102,-102,-102,-102,-102,-102]",-102.0,8960518,42010,2,228
1427996415434,20015,3939,25411,358240053591301,www.unige.ch,Http,"[27,48,33]",33.0,MOBILE,LTE,Sunrise,[8960518],0,"[-104,-102,-102,-101,-104,-103,-102,-104]",-102.5,8960518,42010,2,228
1427996475440,20043,30552,106962,358240053591301,www.unige.ch,Http,"[31,35,41]",35.0,MOBILE,LTE,Sunrise,[8960518],0,"[-95,-96,-90,-95,-89,-96,-96,-94]",-95.0,8960518,42010,2,228
1427996535463,20036,3020,2266,358240053591301,www.unige.ch,Http,"[30,33,40]",33.0,MOBILE,LTE,Sunrise,[8960518],0,"[-89,-84,-84,-82,-82,-85,-83]",-84.0,8960518,42010,2,228
1427996595466,20023,15716,36638,358240053591301,www.unige.ch,Http,"[48,42,36]",42.0,MOBILE,LTE,Sunrise,[8960518],0,"[-94,-92,-93,-95,-100,-102,-96]",-95.0,8960518,42010,2,228
1427996655488,20124,24134,36932,358240053591301,www.unige.ch,Http,"[36,66,35]",36.0,MOBILE,LTE,Sunrise,"[8966405,8960518]",1,"[-80,-86,-85,-100,-99,-105,-105,-115]",-99.5,8960518,42010,2,228
1427996715497,21101,10479,11209,358240053591301,www.unige.ch,Http,"[37,31,37]",37.0,MOBILE,LTE,Sunrise,"[8980480,8980481]",1,"[-97,-97,-88,-96,-104,-104,-111,-117]",-100.5,8980481,42000,2,228
1427996775566,20067,3110,4867,358240053591301,www.unige.ch,Http,"[42,40,47]",42.0,MOBILE,LTE,Sunrise,[8980481],0,[-96],-96.0,8980481,42000,2,228
1427996835676,20053,3025,4295,358240053591301,www.unige.ch,Http,"[29,39,30]",30.0,MOBILE,LTE,Sunrise,"[8980481,29006171]",1,"[-305,-115]",-210.0,29006171,-1,2,228
1427996895712,20066,4116,4710,358240053591301,www.unige.ch,Http,"[39,29,39]",39.0,MOBILE,LTE,Sunrise,[8965125],0,[-119],-119.0,8965125,42000,2,228
1427996955789,20042,3768,4097,358240053591301,www.unige.ch,Http,"[31,39,39]",39.0,MOBILE,LTE,Sunrise,[8965125],0,[-119],-119.0,8965125,42000,2,228
1427997015851,20062,3777,3651,358240053591301,www.unige.ch,Http,"[32,48,32]",32.0,MOBILE,LTE,Sunrise,[8965125],0,[-119],-119.0,8965125,42000,2,228
1427997075910,20071,3596,3323,358240053591301,www.unige.ch,Http,"[35,49,39]",39.0,MOBILE,LTE,Sunrise,[8965125],0,[-119],-119.0,8965125,42000,2,228
1427997136048,20066,924,812,358240053591301,www.unige.ch,Http,"[40,49,41]",41.0,MOBILE,LTE,Sunrise,[8965125],0,[-119],-119.0,8965125,42000,2,228
1427997196064,20067,864,656,358240053591301,www.unige.ch,Http,"[41,40,40]",40.0,MOBILE,LTE,Sunrise,[9115398],0,[-105],-105.0,9115398,42000,2,228
1427997256067,20019,864,656,358240053591301,www.unige.ch,Http,"[107,95,122]",107.0,MOBILE,HSPA+,Sunrise,"[29006322,13733,9115394]",2,"[2,99,10,12,99,99,99]",99.0,9115394,42000,2,228
1427997316080,20069,864,656,358240053591301,www.unige.ch,Http,"[39,39,43]",39.0,MOBILE,LTE,Sunrise,"[9115398,29014315]",1,"[-323,-115]",-219.0,29014315,-1,2,228
1427997376102,20066,864,656,358240053591301,www.unige.ch,Http,"[38,42,35]",38.0,MOBILE,LTE,Sunrise,[9115398],0,[-106],-106.0,9115398,42000,2,228
1427997436108,20042,1404,1196,358240053591301,www.unige.ch,Http,"[35,48,40]",40.0,MOBILE,LTE,Sunrise,[9115398],0,"[-101,-102,-104]",-102.0,9115398,42000,2,228
1427997497061,20069,1232,930,358240053591301,www.unige.ch,Http,"[36,40,39]",39.0,MOBILE,LTE,Sunrise,[9115398],0,[-111],-111.0,9115398,42000,2,228
1427997557074,20074,974,834,358240053591301,www.unige.ch,Http,"[38,41,39]",39.0,MOBILE,LTE,Sunrise,[9115398],0,"[-102,-103,-104]",-103.0,9115398,42000,2,228
1427997617204,21650,618,584,358240053591301,www.unige.ch,Http,"[5000,5000,5000]",5000.0,MOBILE,LTE,Sunrise,[9115398],0,[-104],-104.0,9115398,42000,2,228
1427997696405,20074,0,0,358240053591301,www.unige.ch,Http,"[5000,5000,5000]",5000.0,MOBILE,LTE,Sunrise,[9115398],0,[-104],-104.0,9115398,42000,2,228
1427997756509,20074,68,40,358240053591301,www.unige.ch,Http,"[5000,5000,5000]",5000.0,MOBILE,LTE,Sunrise,[9115398],0,[-104],-104.0,9115398,42000,2,228
1427997817093,20073,1587,1419,358240053591301,www.unige.ch,Http,"[5000,5000,5000]",5000.0,MOBILE,LTE,Sunrise,[9115398],0,[-104],-104.0,9115398,42000,2,228
1427997880203,20096,321,389,358240053591301,www.unige.ch,Http,"[5000,5000,5000]",5000.0,MOBILE,LTE,Sunrise,[9115398],0,[-104],-104.0,9115398,42000,2,228
1427997940235,20089,0,0,358240053591301,www.unige.ch,Http,"[5000,5000,5000]",5000.0,MOBILE,LTE,Sunrise,[9115398],0,[-104],-104.0,9115398,42000,2,228
1427998036123,20076,72,272,358240053591301,www.unige.ch,Http,"[5000,5000,5000]",5000.0,MOBILE,LTE,Sunrise,[9115398],0,[-104],-104.0,9115398,42000,2,228
1427998096182,20076,0,0,358240053591301,www.unige.ch,Http,"[5000,5000,5000]",5000.0,MOBILE,LTE,Sunrise,[9115398],0,[-104],-104.0,9115398,42000,2,228
1427998156345,20069,0,0,358240053591301,www.unige.ch,Http,"[5000,5000,5000]",5000.0,MOBILE,LTE,Sunrise,[9115398],0,[-104],-104.0,9115398,42000,2,228
1427998240925,20062,0,0,358240053591301,www.unige.ch,Http,"[5000,5000,5000]",5000.0,MOBILE,LTE,Sunrise,[9115398],0,[-104],-104.0,9115398,42000,2,228
1427998301101,20086,0,0,358240053591301,www.unige.ch,Http,"[5000,5000,5000]",5000.0,MOBILE,LTE,Sunrise,[9115398],0,[-104],-104.0,9115398,42000,2,228
1427998361159,20069,72,272,358240053591301,www.unige.ch,Http,"[5000,5000,5000]",5000.0,MOBILE,LTE,Sunrise,[9115398],0,[-104],-104.0,9115398,42000,2,228
1427998423410,20084,0,0,358240053591301,www.unige.ch,Http,"[5000,5000,5000]",5000.0,MOBILE,LTE,Sunrise,[9115398],0,[-104],-104.0,9115398,42000,2,228
1427998483451,20077,0,0,358240053591301,www.unige.ch,Http,"[5000,5000,5000]",5000.0,MOBILE,LTE,Sunrise,[9115398],0,[-104],-104.0,9115398,42000,2,228
1427998574174,20070,0,0,358240053591301,www.unige.ch,Http,"[5000,5000,5000]",5000.0,MOBILE,LTE,Sunrise,[9115398],0,[-104],-104.0,9115398,42000,2,228
1427998634323,20075,136,386,358240053591301,www.unige.ch,Http,"[5000,5000,5000]",5000.0,MOBILE,LTE,Sunrise,[9115398],0,[-104],-104.0,9115398,42000,2,228
1427998695146,20076,0,0,358240053591301,www.unige.ch,Http,"[5000,5000,5000]",5000.0,MOBILE,LTE,Sunrise,[9115398],0,[-104],-104.0,9115398,42000,2,228
1427998755192,20072,0,0,358240053591301,www.unige.ch,Http,"[5000,5000,5000]",5000.0,MOBILE,LTE,Sunrise,[9115398],0,[-104],-104.0,9115398,42000,2,228
1427998815324,20069,0,0,358240053591301,www.unige.ch,Http,"[5000,5000,5000]",5000.0,MOBILE,LTE,Sunrise,[9115398],0,[-104],-104.0,9115398,42000,2,228
1427998904207,20093,60,156,358240053591301,www.unige.ch,Http,"[5000,5000,5000]",5000.0,MOBILE,LTE,Sunrise,[9115398],0,[-104],-104.0,9115398,42000,2,228
1427998964290,20083,0,0,358240053591301,www.unige.ch,Http,"[5000,5000,5000]",5000.0,MOBILE,LTE,Sunrise,[9115398],0,[-104],-104.0,9115398,42000,2,228
1427999024365,20088,0,0,358240053591301,www.unige.ch,Http,"[5000,5000,5000]",5000.0,MOBILE,LTE,Sunrise,[9115398],0,[-104],-104.0,9115398,42000,2,228
1427999084456,20035,8038,61882,358240053591301,www.unige.ch,Http,"[46,39,41]",41.0,MOBILE,LTE,Sunrise,[9115398],0,"[-105,-102,-102,-101,-107,-107,-104,-105]",-104.5,9115398,42000,2,228
1427999144616,20032,15256,232850,358240053591301,www.unige.ch,Http,"[37,38,35]",37.0,MOBILE,LTE,Sunrise,[9115398],0,"[-106,-104,-105,-105,-103,-103,-103]",-104.0,9115398,42000,2,228
1427999205086,20058,0,0,358240053591301,www.unige.ch,Http,"[5000,5000,5000]",5000.0,MOBILE,LTE,Sunrise,[9115398],0,[-104],-104.0,9115398,42000,2,228
1427999265135,20060,0,0,358240053591301,www.unige.ch,Http,"[5000,5000,5000]",5000.0,MOBILE,LTE,Sunrise,[9115398],0,[-104],-104.0,9115398,42000,2,228
1427999325165,20062,0,0,358240053591301,www.unige.ch,Http,"[5000,5000,5000]",5000.0,MOBILE,LTE,Sunrise,[9115398],0,[-104],-104.0,9115398,42000,2,228
1427999397231,20037,1600,1040,358240053591301,www.unige.ch,Http,"[5000,5000,5000]",5000.0,MOBILE,LTE,Sunrise,[9115398],0,[-104],-104.0,9115398,42000,2,228
1427999475119,20044,0,0,358240053591301,www.unige.ch,Http,"[5000,5000,5000]",5000.0,MOBILE,LTE,Sunrise,[9115398],0,[-104],-104.0,9115398,42000,2,228
1427999535487,20050,0,0,358240053591301,www.unige.ch,Http,"[5000,5000,5000]",5000.0,MOBILE,LTE,Sunrise,[9115398],0,[-104],-104.0,9115398,42000,2,228
1427999624182,20060,0,0,358240053591301,www.unige.ch,Http,"[5000,5000,5000]",5000.0,MOBILE,LTE,Sunrise,[9115398],0,[-104],-104.0,9115398,42000,2,228
1427999720471,20049,0,0,358240053591301,www.unige.ch,Http,"[5000,5000,5000]",5000.0,MOBILE,LTE,Sunrise,[9115398],0,[-104],-104.0,9115398,42000,2,228
1427999781115,20342,0,0,358240053591301,www.unige.ch,Http,"[5000,5000,5000]",5000.0,MOBILE,LTE,Sunrise,[9115398],0,[-104],-104.0,9115398,42000,2,228
1427999841394,20055,0,0,358240053591301,www.unige.ch,Http,"[5000,5000,5000]",5000.0,MOBILE,LTE,Sunrise,[9115398],0,[-104],-104.0,9115398,42000,2,228
1427999901297,20042,0,0,358240053591301,www.unige.ch,Http,"[5000,5000,5000]",5000.0,MOBILE,LTE,Sunrise,[9115398],0,[-104],-104.0,9115398,42000,2,228
1427999961469,20051,0,0,358240053591301,www.unige.ch,Http,"[5000,5000,5000]",5000.0,MOBILE,LTE,Sunrise,[9115398],0,[-104],-104.0,9115398,42000,2,228
1428000022121,20043,0,0,358240053591301,www.unige.ch,Http,"[5000,5000,5000]",5000.0,MOBILE,LTE,Sunrise,[9115398],0,[-104],-104.0,9115398,42000,2,228
1428000082175,20049,301,160,358240053591301,www.unige.ch,Http,"[5000,5000,5000]",5000.0,MOBILE,LTE,Sunrise,[9115398],0,[-104],-104.0,9115398,42000,2,228
1428000143132,20042,58,202,358240053591301,www.unige.ch,Http,"[5000,5000,5000]",5000.0,MOBILE,LTE,Sunrise,[9115398],0,[-104],-104.0,9115398,42000,2,228
1428000223450,20070,0,0,358240053591301,www.unige.ch,Http,"[5000,5000,5000]",5000.0,MOBILE,LTE,Sunrise,[9115398],0,[-104],-104.0,9115398,42000,2,228
1428000284090,20038,0,0,358240053591301,www.unige.ch,Http,"[5000,5000,5000]",5000.0,MOBILE,LTE,Sunrise,[9115398],0,[-104],-104.0,9115398,42000,2,228
1428000344118,20063,0,0,358240053591301,www.unige.ch,Http,"[5000,5000,5000]",5000.0,MOBILE,LTE,Sunrise,[9115398],0,[-104],-104.0,9115398,42000,2,228
1428000444126,20037,134,379,358240053591301,www.unige.ch,Http,"[5000,5000,5000]",5000.0,MOBILE,LTE,Sunrise,[9115398],0,[-104],-104.0,9115398,42000,2,228
1428000504175,20039,0,0,358240053591301,www.unige.ch,Http,"[5000,5000,5000]",5000.0,MOBILE,LTE,Sunrise,[9115398],0,[-104],-104.0,9115398,42000,2,228
1428000585162,20058,0,0,358240053591301,www.unige.ch,Http,"[5000,5000,5000]",5000.0,MOBILE,LTE,Sunrise,[9115398],0,[-104],-104.0,9115398,42000,2,228
1428000645190,20064,0,0,358240053591301,www.unige.ch,Http,"[5000,5000,5000]",5000.0,MOBILE,LTE,Sunrise,[9115398],0,[-104],-104.0,9115398,42000,2,228
1428000746132,20046,0,0,358240053591301,www.unige.ch,Http,"[5000,5000,5000]",5000.0,MOBILE,LTE,Sunrise,[9115398],0,[-104],-104.0,9115398,42000,2,228
1428000806185,20244,0,0,358240053591301,www.unige.ch,Http,"[5000,5000,5000]",5000.0,MOBILE,LTE,Sunrise,[9115398],0,[-104],-104.0,9115398,42000,2,228
1428000866249,20038,0,0,358240053591301,www.unige.ch,Http,"[5000,5000,5000]",5000.0,MOBILE,LTE,Sunrise,[9115398],0,[-104],-104.0,9115398,42000,2,228
1428000926466,20043,0,0,358240053591301,www.unige.ch,Http,"[5000,5000,5000]",5000.0,MOBILE,LTE,Sunrise,[9115398],0,[-104],-104.0,9115398,42000,2,228
1428000986516,20044,0,0,358240053591301,www.unige.ch,Http,"[5000,5000,5000]",5000.0,MOBILE,LTE,Sunrise,[9115398],0,[-104],-104.0,9115398,42000,2,228
1428001047095,21185,72,272,358240053591301,www.unige.ch,Http,"[5000,5000,5000]",5000.0,MOBILE,LTE,Sunrise,[9115398],0,[-104],-104.0,9115398,42000,2,228
1428001107131,20038,0,0,358240053591301,www.unige.ch,Http,"[5000,5000,5000]",5000.0,MOBILE,LTE,Sunrise,[9115398],0,[-104],-104.0,9115398,42000,2,228
1428001167163,20047,58,95,358240053591301,www.unige.ch,Http,"[5000,5000,5000]",5000.0,MOBILE,LTE,Sunrise,[9115398],0,[-104],-104.0,9115398,42000,2,228
1428001227381,20039,0,0,358240053591301,www.unige.ch,Http,"[5000,5000,5000]",5000.0,MOBILE,LTE,Sunrise,[9115398],0,[-104],-104.0,9115398,42000,2,228
1428001305240,20061,0,0,358240053591301,www.unige.ch,Http,"[5000,5000,5000]",5000.0,MOBILE,LTE,Sunrise,[9115398],0,[-104],-104.0,9115398,42000,2,228
1428001407198,20050,0,0,358240053591301,www.unige.ch,Http,"[5000,5000,5000]",5000.0,MOBILE,LTE,Sunrise,[9115398],0,[-104],-104.0,9115398,42000,2,228
1428001468134,20045,105,40,358240053591301,www.unige.ch,Http,"[5000,5000,5000]",5000.0,MOBILE,LTE,Sunrise,[9115398],0,[-104],-104.0,9115398,42000,2,228
1428001537128,20050,138,354,358240053591301,www.unige.ch,Http,"[5000,5000,5000]",5000.0,MOBILE,LTE,Sunrise,[9115398],0,[-104],-104.0,9115398,42000,2,228
1428001599125,20043,0,0,358240053591301,www.unige.ch,Http,"[5000,5000,5000]",5000.0,MOBILE,LTE,Sunrise,[9115398],0,[-104],-104.0,9115398,42000,2,228
1428001660236,20070,0,0,358240053591301,www.unige.ch,Http,"[5000,5000,5000]",5000.0,MOBILE,LTE,Sunrise,[9115398],0,[-104],-104.0,9115398,42000,2,228
1428001721323,20061,62,107,358240053591301,www.unige.ch,Http,"[5000,5000,5000]",5000.0,MOBILE,LTE,Sunrise,[9115398],0,[-104],-104.0,9115398,42000,2,228
1428001783103,20056,0,0,358240053591301,www.unige.ch,Http,"[5000,5000,5000]",5000.0,MOBILE,LTE,Sunrise,[9115398],0,[-104],-104.0,9115398,42000,2,228
1428001844099,20070,0,0,358240053591301,www.unige.ch,Http,"[5000,5000,5000]",5000.0,MOBILE,LTE,Sunrise,[9115398],0,[-104],-104.0,9115398,42000,2,228
1428001905099,20061,0,0,358240053591301,www.unige.ch,Http,"[5000,5000,5000]",5000.0,MOBILE,LTE,Sunrise,[9115398],0,[-104],-104.0,9115398,42000,2,228
1428001966507,20064,0,0,358240053591301,www.unige.ch,Http,"[5000,5000,5000]",5000.0,MOBILE,LTE,Sunrise,[9115398],0,[-104],-104.0,9115398,42000,2,228
1428002028480,20061,0,0,358240053591301,www.unige.ch,Http,"[5000,5000,5000]",5000.0,MOBILE,LTE,Sunrise,[9115398],0,[-104],-104.0,9115398,42000,2,228
1428002090096,20039,0,0,358240053591301,www.unige.ch,Http,"[5000,5000,5000]",5000.0,MOBILE,LTE,Sunrise,[9115398],0,[-104],-104.0,9115398,42000,2,228
1428002152098,21161,0,0,358240053591301,www.unige.ch,Http,"[5000,5000,5000]",5000.0,MOBILE,LTE,Sunrise,[9115398],0,[-104],-104.0,9115398,42000,2,228
1428002230458,20043,138,354,358240053591301,www.unige.ch,Http,"[5000,5000,5000]",5000.0,MOBILE,LTE,Sunrise,[9115398],0,[-104],-104.0,9115398,42000,2,228
1428002292171,20039,0,0,358240053591301,www.unige.ch,Http,"[5000,5000,5000]",5000.0,MOBILE,LTE,Sunrise,[9115398],0,[-104],-104.0,9115398,42000,2,228
1428002353186,20038,0,0,358240053591301,www.unige.ch,Http,"[5000,5000,5000]",5000.0,MOBILE,LTE,Sunrise,[9115398],0,[-104],-104.0,9115398,42000,2,228
1428002414474,20044,0,0,358240053591301,www.unige.ch,Http,"[5000,5000,5000]",5000.0,MOBILE,LTE,Sunrise,[9115398],0,[-104],-104.0,9115398,42000,2,228
1428002475495,20044,0,0,358240053591301,www.unige.ch,Http,"[5000,5000,5000]",5000.0,MOBILE,LTE,Sunrise,[9115398],0,[-104],-104.0,9115398,42000,2,228
1428002536243,20049,0,0,358240053591301,www.unige.ch,Http,"[5000,5000,5000]",5000.0,MOBILE,LTE,Sunrise,[9115398],0,[-104],-104.0,9115398,42000,2,228
1428002597266,20043,0,0,358240053591301,www.unige.ch,Http,"[5000,5000,5000]",5000.0,MOBILE,LTE,Sunrise,[9115398],0,[-104],-104.0,9115398,42000,2,228
1428002658491,20048,0,0,358240053591301,www.unige.ch,Http,"[5000,5000,5000]",5000.0,MOBILE,LTE,Sunrise,[9115398],0,[-104],-104.0,9115398,42000,2,228
1428002720095,20124,60,76,358240053591301,www.unige.ch,Http,"[5000,5000,5000]",5000.0,MOBILE,LTE,Sunrise,[9115398],0,[-104],-104.0,9115398,42000,2,228
1428002781098,20045,0,0,358240053591301,www.unige.ch,Http,"[5000,5000,5000]",5000.0,MOBILE,LTE,Sunrise,[9115398],0,[-104],-104.0,9115398,42000,2,228
1428002841829,20210,0,0,358240053591301,www.unige.ch,Http,"[5000,5000,5000]",5000.0,MOBILE,LTE,Sunrise,[9115398],0,[-104],-104.0,9115398,42000,2,228
1428002923496,20059,0,0,358240053591301,www.unige.ch,Http,"[5000,5000,5000]",5000.0,MOBILE,LTE,Sunrise,[9115398],0,[-104],-104.0,9115398,42000,2,228
1428002987269,20044,0,0,358240053591301,www.unige.ch,Http,"[5000,5000,5000]",5000.0,MOBILE,LTE,Sunrise,[9115398],0,[-104],-104.0,9115398,42000,2,228
1428003074165,20043,0,0,358240053591301,www.unige.ch,Http,"[5000,5000,5000]",5000.0,MOBILE,LTE,Sunrise,[9115398],0,[-104],-104.0,9115398,42000,2,228
1428003136125,20042,0,0,358240053591301,www.unige.ch,Http,"[5000,5000,5000]",5000.0,MOBILE,LTE,Sunrise,[9115398],0,[-104],-104.0,9115398,42000,2,228
1428003197138,21206,0,0,358240053591301,www.unige.ch,Http,"[5000,5000,5000]",5000.0,MOBILE,LTE,Sunrise,[9115398],0,[-104],-104.0,9115398,42000,2,228
1428003288158,20041,144,544,358240053591301,www.unige.ch,Http,"[5000,5000,5000]",5000.0,MOBILE,LTE,Sunrise,[9115398],0,[-104],-104.0,9115398,42000,2,228
1428003349185,20064,0,0,358240053591301,www.unige.ch,Http,"[5000,5000,5000]",5000.0,MOBILE,LTE,Sunrise,[9115398],0,[-104],-104.0,9115398,42000,2,228
1428003410368,20071,0,0,358240053591301,www.unige.ch,Http,"[5000,5000,5000]",5000.0,MOBILE,LTE,Sunrise,[9115398],0,[-104],-104.0,9115398,42000,2,228
1428003471254,20068,0,0,358240053591301,www.unige.ch,Http,"[5000,5000,5000]",5000.0,MOBILE,LTE,Sunrise,[9115398],0,[-104],-104.0,9115398,42000,2,228
1428003532117,20156,0,0,358240053591301,www.unige.ch,Http,"[5000,5000,5000]",5000.0,MOBILE,LTE,Sunrise,[9115398],0,[-104],-104.0,9115398,42000,2,228
1428003623339,20039,0,0,358240053591301,www.unige.ch,Http,"[5000,5000,5000]",5000.0,MOBILE,LTE,Sunrise,[9115398],0,[-104],-104.0,9115398,42000,2,228
1428003684470,20045,0,0,358240053591301,www.unige.ch,Http,"[5000,5000,5000]",5000.0,MOBILE,LTE,Sunrise,[9115398],0,[-104],-104.0,9115398,42000,2,228
1428003745644,20040,58,95,358240053591301,www.unige.ch,Http,"[5000,5000,5000]",5000.0,MOBILE,LTE,Sunrise,[9115398],0,[-104],-104.0,9115398,42000,2,228
1428003823481,20068,0,0,358240053591301,www.unige.ch,Http,"[5000,5000,5000]",5000.0,MOBILE,LTE,Sunrise,[9115398],0,[-104],-104.0,9115398,42000,2,228
1428003924145,20048,0,0,358240053591301,www.unige.ch,Http,"[5000,5000,5000]",5000.0,MOBILE,LTE,Sunrise,[9115398],0,[-104],-104.0,9115398,42000,2,228
1428003985159,20049,0,0,358240053591301,www.unige.ch,Http,"[5000,5000,5000]",5000.0,MOBILE,LTE,Sunrise,[9115398],0,[-104],-104.0,9115398,42000,2,228
1428004046191,20044,0,0,358240053591301,www.unige.ch,Http,"[5000,5000,5000]",5000.0,MOBILE,LTE,Sunrise,[9115398],0,[-104],-104.0,9115398,42000,2,228
1428004107125,20043,0,0,358240053591301,www.unige.ch,Http,"[5000,5000,5000]",5000.0,MOBILE,LTE,Sunrise,[9115398],0,[-104],-104.0,9115398,42000,2,228
1428004167139,20034,5138,12320,358240053591301,www.unige.ch,Http,"[37,36,37]",37.0,MOBILE,LTE,Sunrise,[9115398],0,[-105],-105.0,9115398,42000,2,228
1428009702259,20020,307581,96605,358240053591301,www.unige.ch,Http,"[5000,5000,5000]",5000.0,WIFI,,Fako,[78:54:2e:9f:1d:72],0,[-24],-24.0,9076480,42000,2,228
1428009762277,21078,10142,11697,358240053591301,www.unige.ch,Http,"[20,19,19]",19.0,WIFI,,Fako,[78:54:2e:9f:1d:72],0,[-24],-24.0,8992001,42000,2,228
1428009846124,20065,6453,3190,358240053591301,www.unige.ch,Http,"[18,18,134]",18.0,WIFI,,Fako,[78:54:2e:9f:1d:72],0,[-24],-24.0,8992001,42000,2,228
1428009907176,20065,864,656,358240053591301,www.unige.ch,Http,"[16,131,20]",20.0,WIFI,,Fako,[78:54:2e:9f:1d:72],0,[-24],-24.0,8992001,42000,2,228
1428009968357,20067,922,751,358240053591301,www.unige.ch,Http,"[17,125,16]",17.0,WIFI,,Fako,[78:54:2e:9f:1d:72],0,[-24],-24.0,8992001,42000,2,228
1428010028360,20019,9664,8368,358240053591301,www.unige.ch,Http,"[19,18,19]",19.0,WIFI,,Fako,[78:54:2e:9f:1d:72],0,[-24],-24.0,9076480,42000,2,228
1428010088463,20015,85145,51754,358240053591301,www.unige.ch,Http,"[18,17,17]",17.0,WIFI,,Fako,[78:54:2e:9f:1d:72],0,[-24],-24.0,9076480,42000,2,228
1428010158197,21065,2238,3225,358240053591301,www.unige.ch,Http,"[21,25,24]",24.0,WIFI,,Fako,[78:54:2e:9f:1d:72],0,[-24],-24.0,9076480,42000,2,228
1428010219320,20024,4252,7987,358240053591301,www.unige.ch,Http,"[19,22,22]",22.0,WIFI,,Fako,[78:54:2e:9f:1d:72],0,[-24],-24.0,9076480,42000,2,228
1428010280308,20077,9115,16838,358240053591301,www.unige.ch,Http,"[20,143,20]",20.0,WIFI,,Fako,[78:54:2e:9f:1d:72],0,[-24],-24.0,9076480,42000,2,228
1428010341429,20062,864,656,358240053591301,www.unige.ch,Http,"[18,136,18]",18.0,WIFI,,Fako,[78:54:2e:9f:1d:72],0,[-24],-24.0,9076480,42000,2,228
1428010403149,20058,864,656,358240053591301,www.unige.ch,Http,"[19,136,20]",20.0,WIFI,,Fako,[78:54:2e:9f:1d:72],0,[-24],-24.0,9076480,42000,2,228
1428010464116,20061,922,751,358240053591301,www.unige.ch,Http,"[18,125,17]",18.0,WIFI,,Fako,[78:54:2e:9f:1d:72],0,[-24],-24.0,9076480,42000,2,228
1428010526147,20062,4046,6831,358240053591301,www.unige.ch,Http,"[157,139,40]",139.0,WIFI,,Fako,[78:54:2e:9f:1d:72],0,[-24],-24.0,9076480,42000,2,228
1428010594122,20065,916,726,358240053591301,www.unige.ch,Http,"[129,24,146]",129.0,WIFI,,Fako,[78:54:2e:9f:1d:72],0,[-24],-24.0,9076480,42000,2,228
1428010655109,20058,2558,5361,358240053591301,www.unige.ch,Http,"[19,130,31]",31.0,WIFI,,Fako,[78:54:2e:9f:1d:72],0,[-24],-24.0,9076480,42000,2,228
1428010716188,20061,922,699,358240053591301,www.unige.ch,Http,"[141,19,21]",21.0,WIFI,,Fako,[78:54:2e:9f:1d:72],0,[-24],-24.0,9076480,42000,2,228
1428010777433,20064,864,656,358240053591301,www.unige.ch,Http,"[141,22,138]",138.0,WIFI,,Fako,[78:54:2e:9f:1d:72],0,[-24],-24.0,9076480,42000,2,228
1428010846290,21133,864,656,358240053591301,www.unige.ch,Http,"[17,19,124]",19.0,WIFI,,Fako,[78:54:2e:9f:1d:72],0,[-24],-24.0,9076480,42000,2,228
1428010906392,20061,864,656,358240053591301,www.unige.ch,Http,"[19,17,19]",19.0,WIFI,,Fako,[78:54:2e:9f:1d:72],0,[-24],-24.0,9076480,42000,2,228
1428010966398,20064,4928,4214,358240053591301,www.unige.ch,Http,"[20,17,20]",20.0,WIFI,,Fako,[78:54:2e:9f:1d:72],0,[-24],-24.0,9076480,42000,2,228
1428011026412,21108,1000,724,358240053591301,www.unige.ch,Http,"[19,18,18]",18.0,WIFI,,Fako,[78:54:2e:9f:1d:72],0,[-24],-24.0,9076480,42000,2,228
1428011087084,20061,3013,2462,358240053591301,www.unige.ch,Http,"[18,19,19]",19.0,WIFI,,Fako,[78:54:2e:9f:1d:72],0,[-24],-24.0,9076480,42000,2,228
1428011147092,20064,1000,724,358240053591301,www.unige.ch,Http,"[19,19,149]",19.0,WIFI,,Fako,[78:54:2e:9f:1d:72],0,[-24],-24.0,9076480,42000,2,228
1428011230401,20061,2384,2234,358240053591301,www.unige.ch,Http,"[18,18,18]",18.0,WIFI,,Fako,[78:54:2e:9f:1d:72],0,[-24],-24.0,9076480,42000,2,228
1428011298040,20059,1052,724,358240053591301,www.unige.ch,Http,"[18,18,23]",18.0,WIFI,,Fako,[78:54:2e:9f:1d:72],0,[-24],-24.0,9076480,42000,2,228
1428011358057,20078,1052,724,358240053591301,www.unige.ch,Http,"[28,16,20]",20.0,WIFI,,Fako,[78:54:2e:9f:1d:72],0,[-24],-24.0,9076480,42000,2,228
1428011438447,20058,3055,4143,358240053591301,www.unige.ch,Http,"[19,129,20]",20.0,WIFI,,Fako,[78:54:2e:9f:1d:72],0,[-24],-24.0,9076480,42000,2,228
1428011498549,20071,1162,1501,358240053591301,www.unige.ch,Http,"[18,16,19]",18.0,WIFI,,Fako,[78:54:2e:9f:1d:72],0,[-24],-24.0,9076480,42000,2,228
1428011599056,20064,74332,5439,358240053591301,www.unige.ch,Http,"[18,17,20]",18.0,WIFI,,Fako,[78:54:2e:9f:1d:72],0,[-24],-24.0,9076480,42000,2,228
1428011659129,20062,1210,804,358240053591301,www.unige.ch,Http,"[20,18,19]",19.0,WIFI,,Fako,[78:54:2e:9f:1d:72],0,[-24],-24.0,9076480,42000,2,228
1428011743039,20070,1110,956,358240053591301,www.unige.ch,Http,"[20,118,18]",20.0,WIFI,,Fako,[78:54:2e:9f:1d:72],0,[-24],-24.0,9076480,42000,2,228
1428011803056,20087,1000,724,358240053591301,www.unige.ch,Http,"[17,17,22]",17.0,WIFI,,Fako,[78:54:2e:9f:1d:72],0,[-24],-24.0,9076480,42000,2,228
1428011863117,20072,1830,724,358240053591301,www.unige.ch,Http,"[21,19,18]",19.0,WIFI,,Fako,[78:54:2e:9f:1d:72],0,[-24],-24.0,9076480,42000,2,228
1428011923172,21073,1332,930,358240053591301,www.unige.ch,Http,"[22,20,28]",22.0,WIFI,,Fako,[78:54:2e:9f:1d:72],0,[-24],-24.0,9076480,42000,2,228
