1428357630247,-1,-1,-1,-1,0,10,Sunrise,true,false
1428357630247,-1,-1,-1,-1,0,10,Sunrise,false,false
1428357630247,-1,-1,-1,-1,0,10,Sunrise,false,false
1428357690922,-1,-1,-1,-1,0,10,Sunrise,true,false
1428357690922,-1,-1,-1,-1,0,10,Sunrise,false,false
1428357690922,-1,-1,-1,-1,0,10,Sunrise,false,false
1428357760971,-1,-1,-1,-1,0,10,Sunrise,true,false
1428357760971,-1,-1,-1,-1,0,10,Sunrise,false,false
1428357760971,-1,-1,-1,-1,0,10,Sunrise,false,false
1428357820907,-1,-1,-1,-1,0,10,Sunrise,true,false
1428357820907,-1,-1,-1,-1,0,10,Sunrise,false,false
1428357820907,-1,-1,-1,-1,0,10,Sunrise,false,false
1428357880963,-1,-1,-1,-1,0,10,Sunrise,true,false
1428357880963,-1,-1,-1,-1,0,10,Sunrise,false,false
1428357880963,-1,-1,-1,-1,0,10,Sunrise,false,false
1428357940978,-1,-1,-1,-1,0,10,Sunrise,true,false
1428357940978,-1,-1,-1,-1,0,10,Sunrise,false,false
1428357940978,-1,-1,-1,-1,0,10,Sunrise,false,false
1428358015250,-1,-1,-1,-1,0,10,Sunrise,true,false
1428358015250,-1,-1,-1,-1,0,10,Sunrise,false,false
1428358015250,-1,-1,-1,-1,0,10,Sunrise,false,false
1428358079905,-1,-1,-1,-1,0,10,Sunrise,true,false
1428358079905,-1,-1,-1,-1,0,10,Sunrise,false,false
1428358079905,-1,-1,-1,-1,0,10,Sunrise,false,false
1428358141080,-1,-1,-1,-1,0,10,Sunrise,true,false
1428358141080,-1,-1,-1,-1,0,10,Sunrise,false,false
1428358141080,-1,-1,-1,-1,0,10,Sunrise,false,false
1428358202955,-1,-1,-1,-1,0,10,Sunrise,true,false
1428358202955,-1,-1,-1,-1,0,10,Sunrise,false,false
1428358202955,-1,-1,-1,-1,0,10,Sunrise,false,false
1428358262903,-1,-1,-1,-1,0,10,Sunrise,true,false
1428358262903,-1,-1,-1,-1,0,10,Sunrise,false,false
1428358262903,-1,-1,-1,-1,0,10,Sunrise,false,false
1428358326952,-1,-1,-1,-1,0,10,Sunrise,true,false
1428358326952,-1,-1,-1,-1,0,10,Sunrise,false,false
1428358326952,-1,-1,-1,-1,0,10,Sunrise,false,false
1428358394920,-1,-1,-1,-1,0,10,Sunrise,true,false
1428358394920,-1,-1,-1,-1,0,10,Sunrise,false,false
1428358394920,-1,-1,-1,-1,0,10,Sunrise,false,false
1428358456279,-1,-1,-1,-1,0,10,Sunrise,true,false
1428358456279,-1,-1,-1,-1,0,10,Sunrise,false,false
1428358456279,-1,-1,-1,-1,0,10,Sunrise,false,false
1428358517431,-1,-1,-1,-1,0,10,Sunrise,true,false
1428358517431,-1,-1,-1,-1,0,10,Sunrise,false,false
1428358517431,-1,-1,-1,-1,0,10,Sunrise,false,false
1428358577600,-1,-1,-1,-1,0,10,Sunrise,true,false
1428358577600,-1,-1,-1,-1,0,10,Sunrise,false,false
1428358577600,-1,-1,-1,-1,0,10,Sunrise,false,false
1428358637897,-1,-1,-1,-1,0,10,Sunrise,true,false
1428358637897,-1,-1,-1,-1,0,10,Sunrise,false,false
1428358637897,-1,-1,-1,-1,0,10,Sunrise,false,false
1428358697929,-1,-1,-1,-1,0,10,Sunrise,true,false
1428358697929,-1,-1,-1,-1,0,10,Sunrise,false,false
1428358697929,-1,-1,-1,-1,0,10,Sunrise,false,false
1428358758033,-1,-1,-1,-1,0,10,Sunrise,true,false
1428358758033,-1,-1,-1,-1,0,10,Sunrise,false,false
1428358758033,-1,-1,-1,-1,0,10,Sunrise,false,false
1428358818088,-1,-1,-1,-1,0,10,Sunrise,true,false
1428358818088,-1,-1,-1,-1,0,10,Sunrise,false,false
1428358818088,-1,-1,-1,-1,0,10,Sunrise,false,false
1428358878120,-1,-1,-1,-1,0,10,Sunrise,true,false
1428358878120,-1,-1,-1,-1,0,10,Sunrise,false,false
1428358878120,-1,-1,-1,-1,0,10,Sunrise,false,false
1428358948894,-1,-1,-1,-1,0,10,Sunrise,true,false
1428358948894,-1,-1,-1,-1,0,10,Sunrise,false,false
1428358948894,-1,-1,-1,-1,0,10,Sunrise,false,false
1428359009061,-1,-1,-1,-1,0,10,Sunrise,true,false
1428359009061,-1,-1,-1,-1,0,10,Sunrise,false,false
1428359009061,-1,-1,-1,-1,0,10,Sunrise,false,false
1428359069178,-1,-1,-1,-1,0,10,Sunrise,true,false
1428359069178,-1,-1,-1,-1,0,10,Sunrise,false,false
1428359069178,-1,-1,-1,-1,0,10,Sunrise,false,false
1428359163386,-1,-1,-1,-1,0,10,Sunrise,true,false
1428359163386,-1,-1,-1,-1,0,10,Sunrise,false,false
1428359163386,-1,-1,-1,-1,0,10,Sunrise,false,false
1428359249449,-1,-1,-1,-1,0,10,Sunrise,true,false
1428359249449,-1,-1,-1,-1,0,10,Sunrise,false,false
1428359249449,-1,-1,-1,-1,0,10,Sunrise,false,false
1428359309799,-1,-1,-1,-1,0,10,Sunrise,true,false
1428359309799,-1,-1,-1,-1,0,10,Sunrise,false,false
1428359309799,-1,-1,-1,-1,0,10,Sunrise,false,false
1428359390574,-1,-1,-1,-1,0,10,Sunrise,true,false
1428359390574,-1,-1,-1,-1,0,10,Sunrise,false,false
1428359390574,-1,-1,-1,-1,0,10,Sunrise,false,false
1428359455808,-1,-1,-1,-1,0,10,Sunrise,true,false
1428359455808,-1,-1,-1,-1,0,10,Sunrise,false,false
1428359455808,-1,-1,-1,-1,0,10,Sunrise,false,false
1428359516140,-1,-1,-1,-1,0,10,Sunrise,true,false
1428359516140,-1,-1,-1,-1,0,10,Sunrise,false,false
1428359516140,-1,-1,-1,-1,0,10,Sunrise,false,false
1428359576225,-1,-1,-1,-1,0,10,Sunrise,true,false
1428359576225,-1,-1,-1,-1,0,10,Sunrise,false,false
1428359576225,-1,-1,-1,-1,0,10,Sunrise,false,false
1428359636393,-1,-1,-1,-1,0,10,Sunrise,true,false
1428359636393,-1,-1,-1,-1,0,10,Sunrise,false,false
1428359636393,-1,-1,-1,-1,0,10,Sunrise,false,false
1428359709933,-1,-1,-1,-1,0,10,Sunrise,true,false
1428359709933,-1,-1,-1,-1,0,10,Sunrise,false,false
1428359709933,-1,-1,-1,-1,0,10,Sunrise,false,false
1428359769972,-1,-1,-1,-1,0,10,Sunrise,true,false
1428359769972,-1,-1,-1,-1,0,10,Sunrise,false,false
1428359769972,-1,-1,-1,-1,0,10,Sunrise,false,false
1428359834146,-1,-1,-1,-1,0,10,Sunrise,true,false
1428359834146,-1,-1,-1,-1,0,10,Sunrise,false,false
1428359834146,-1,-1,-1,-1,0,10,Sunrise,false,false
1428359894238,-1,-1,-1,-1,0,10,Sunrise,true,false
1428359894238,-1,-1,-1,-1,0,10,Sunrise,false,false
1428359894238,-1,-1,-1,-1,0,10,Sunrise,false,false
1428359955953,-1,-1,-1,-1,0,10,Sunrise,true,false
1428359955953,-1,-1,-1,-1,0,10,Sunrise,false,false
1428359955953,-1,-1,-1,-1,0,10,Sunrise,false,false
1428360015968,-1,-1,-1,-1,0,10,Sunrise,true,false
1428360015968,-1,-1,-1,-1,0,10,Sunrise,false,false
1428360015968,-1,-1,-1,-1,0,10,Sunrise,false,false
1428360076864,-1,-1,-1,-1,0,10,Sunrise,true,false
1428360076864,-1,-1,-1,-1,0,10,Sunrise,false,false
1428360076864,-1,-1,-1,-1,0,10,Sunrise,false,false
1428360153873,-1,-1,-1,-1,0,10,Sunrise,true,false
1428360153873,-1,-1,-1,-1,0,10,Sunrise,false,false
1428360153873,-1,-1,-1,-1,0,10,Sunrise,false,false
1428360214078,-1,-1,-1,-1,0,10,Sunrise,true,false
1428360214078,-1,-1,-1,-1,0,10,Sunrise,false,false
1428360214078,-1,-1,-1,-1,0,10,Sunrise,false,false
1428360310077,-1,-1,-1,-1,0,10,Sunrise,true,false
1428360310077,-1,-1,-1,-1,0,10,Sunrise,false,false
1428360310077,-1,-1,-1,-1,0,10,Sunrise,false,false
1428360370192,-1,-1,-1,-1,0,10,Sunrise,true,false
1428360370192,-1,-1,-1,-1,0,10,Sunrise,false,false
1428360370192,-1,-1,-1,-1,0,10,Sunrise,false,false
1428360454909,-1,-1,-1,-1,0,10,Sunrise,true,false
1428360454909,-1,-1,-1,-1,0,10,Sunrise,false,false
1428360454909,-1,-1,-1,-1,0,10,Sunrise,false,false
1428360515097,-1,-1,-1,-1,0,10,Sunrise,true,false
1428360515097,-1,-1,-1,-1,0,10,Sunrise,false,false
1428360515097,-1,-1,-1,-1,0,10,Sunrise,false,false
1428360575855,-1,-1,-1,-1,0,10,Sunrise,true,false
1428360575855,-1,-1,-1,-1,0,10,Sunrise,false,false
1428360575855,-1,-1,-1,-1,0,10,Sunrise,false,false
1428360635972,-1,-1,-1,-1,0,10,Sunrise,true,false
1428360695921,-1,-1,-1,-1,0,10,Sunrise,true,false
1428360695921,-1,-1,-1,-1,0,10,Sunrise,false,false
1428360695921,-1,-1,-1,-1,0,10,Sunrise,false,false
1428360756147,-1,-1,-1,-1,0,10,Sunrise,true,false
1428360756147,-1,-1,-1,-1,0,10,Sunrise,false,false
1428360756147,-1,-1,-1,-1,0,10,Sunrise,false,false
1428360847946,-1,-1,-1,-1,0,10,Sunrise,true,false
1428360847946,-1,-1,-1,-1,0,10,Sunrise,false,false
1428360847946,-1,-1,-1,-1,0,10,Sunrise,false,false
1428360936188,-1,-1,-1,-1,0,10,Sunrise,true,false
1428360936188,-1,-1,-1,-1,0,10,Sunrise,false,false
1428360936188,-1,-1,-1,-1,0,10,Sunrise,false,false
1428361013878,-1,-1,-1,-1,0,10,Sunrise,true,false
1428361013878,-1,-1,-1,-1,0,10,Sunrise,false,false
1428361013878,-1,-1,-1,-1,0,10,Sunrise,false,false
1428361074068,-1,-1,-1,-1,0,10,Sunrise,true,false
1428361074068,-1,-1,-1,-1,0,10,Sunrise,false,false
1428361074068,-1,-1,-1,-1,0,10,Sunrise,false,false
1428361176372,-1,-1,-1,-1,0,10,Sunrise,true,false
1428361176372,-1,-1,-1,-1,0,10,Sunrise,false,false
1428361176372,-1,-1,-1,-1,0,10,Sunrise,false,false
1428361236344,-1,-1,-1,-1,0,10,Sunrise,true,false
1428361236344,-1,-1,-1,-1,0,10,Sunrise,false,false
1428361236344,-1,-1,-1,-1,0,10,Sunrise,false,false
1428361313934,-1,-1,-1,-1,0,10,Sunrise,true,false
1428361313934,-1,-1,-1,-1,0,10,Sunrise,false,false
1428361313934,-1,-1,-1,-1,0,10,Sunrise,false,false
1428361375258,-1,-1,-1,-1,0,10,Sunrise,true,false
1428361375258,-1,-1,-1,-1,0,10,Sunrise,false,false
1428361375258,-1,-1,-1,-1,0,10,Sunrise,false,false
1428361435923,-1,-1,-1,-1,0,10,Sunrise,true,false
1428361435923,-1,-1,-1,-1,0,10,Sunrise,false,false
1428361435923,-1,-1,-1,-1,0,10,Sunrise,false,false
1428361495912,-1,-1,-1,-1,0,10,Sunrise,true,false
1428361495912,-1,-1,-1,-1,0,10,Sunrise,false,false
1428361495912,-1,-1,-1,-1,0,10,Sunrise,false,false
1428361556016,-1,-1,-1,-1,0,10,Sunrise,true,false
1428361556016,-1,-1,-1,-1,0,10,Sunrise,false,false
1428361556016,-1,-1,-1,-1,0,10,Sunrise,false,false
1428361634893,-1,-1,-1,-1,0,10,Sunrise,true,false
1428361634893,-1,-1,-1,-1,0,10,Sunrise,false,false
1428361634893,-1,-1,-1,-1,0,10,Sunrise,false,false
1428361727012,-1,-1,-1,-1,0,10,Sunrise,true,false
1428361727012,-1,-1,-1,-1,0,10,Sunrise,false,false
1428361727012,-1,-1,-1,-1,0,10,Sunrise,false,false
1428361787045,-1,-1,-1,-1,0,10,Sunrise,true,false
1428361787045,-1,-1,-1,-1,0,10,Sunrise,false,false
1428361787045,-1,-1,-1,-1,0,10,Sunrise,false,false
1428361847303,-1,-1,-1,-1,0,10,Sunrise,true,false
1428361847303,-1,-1,-1,-1,0,10,Sunrise,false,false
1428361847303,-1,-1,-1,-1,0,10,Sunrise,false,false
1428361907205,-1,-1,-1,-1,0,10,Sunrise,true,false
1428361907205,-1,-1,-1,-1,0,10,Sunrise,false,false
1428361907205,-1,-1,-1,-1,0,10,Sunrise,false,false
1428361967413,-1,-1,-1,-1,0,10,Sunrise,true,false
1428361967413,-1,-1,-1,-1,0,10,Sunrise,false,false
1428361967413,-1,-1,-1,-1,0,10,Sunrise,false,false
1428362027886,-1,-1,-1,-1,0,10,Sunrise,true,false
1428362027886,-1,-1,-1,-1,0,10,Sunrise,false,false
1428362027886,-1,-1,-1,-1,0,10,Sunrise,false,false
1428362118019,-1,-1,-1,-1,0,10,Sunrise,true,false
1428362118019,-1,-1,-1,-1,0,10,Sunrise,false,false
1428362118019,-1,-1,-1,-1,0,10,Sunrise,false,false
1428362208855,-1,-1,-1,-1,0,10,Sunrise,true,false
1428362208855,-1,-1,-1,-1,0,10,Sunrise,false,false
1428362208855,-1,-1,-1,-1,0,10,Sunrise,false,false
1428362268907,-1,-1,-1,-1,0,10,Sunrise,true,false
1428362268907,-1,-1,-1,-1,0,10,Sunrise,false,false
1428362268907,-1,-1,-1,-1,0,10,Sunrise,false,false
1428362328962,-1,-1,-1,-1,0,10,Sunrise,true,false
1428362328962,-1,-1,-1,-1,0,10,Sunrise,false,false
1428362328962,-1,-1,-1,-1,0,10,Sunrise,false,false
1428362389104,-1,-1,-1,-1,0,10,Sunrise,true,false
1428362389104,-1,-1,-1,-1,0,10,Sunrise,false,false
1428362389104,-1,-1,-1,-1,0,10,Sunrise,false,false
1428362449848,-1,-1,-1,-1,0,10,Sunrise,true,false
1428362449848,-1,-1,-1,-1,0,10,Sunrise,false,false
1428362449848,-1,-1,-1,-1,0,10,Sunrise,false,false
1428362510862,-1,-1,-1,-1,0,10,Sunrise,true,false
1428362510862,-1,-1,-1,-1,0,10,Sunrise,false,false
1428362510862,-1,-1,-1,-1,0,10,Sunrise,false,false
1428362614967,-1,-1,-1,-1,0,10,Sunrise,true,false
1428362614967,-1,-1,-1,-1,0,10,Sunrise,false,false
1428362614967,-1,-1,-1,-1,0,10,Sunrise,false,false
1428362675909,-1,-1,-1,-1,0,10,Sunrise,true,false
1428362675909,-1,-1,-1,-1,0,10,Sunrise,false,false
1428362675909,-1,-1,-1,-1,0,10,Sunrise,false,false
1428362735976,-1,-1,-1,-1,0,10,Sunrise,true,false
1428362735976,-1,-1,-1,-1,0,10,Sunrise,false,false
1428362735976,-1,-1,-1,-1,0,10,Sunrise,false,false
1428362796875,-1,-1,-1,-1,0,10,Sunrise,true,false
1428362796875,-1,-1,-1,-1,0,10,Sunrise,false,false
1428362796875,-1,-1,-1,-1,0,10,Sunrise,false,false
1428362900067,-1,-1,-1,-1,0,10,Sunrise,true,false
1428362900067,-1,-1,-1,-1,0,10,Sunrise,false,false
1428362900067,-1,-1,-1,-1,0,10,Sunrise,false,false
1428362960871,-1,-1,-1,-1,0,10,Sunrise,true,false
1428362960871,-1,-1,-1,-1,0,10,Sunrise,false,false
1428362960871,-1,-1,-1,-1,0,10,Sunrise,false,false
1428363020948,-1,-1,-1,-1,0,10,Sunrise,true,false
1428363020948,-1,-1,-1,-1,0,10,Sunrise,false,false
1428363020948,-1,-1,-1,-1,0,10,Sunrise,false,false
1428363094045,-1,-1,-1,-1,0,10,Sunrise,true,false
1428363094045,-1,-1,-1,-1,0,10,Sunrise,false,false
1428363094045,-1,-1,-1,-1,0,10,Sunrise,false,false
1428363154220,-1,-1,-1,-1,0,10,Sunrise,true,false
1428363214902,-1,-1,-1,-1,0,10,Sunrise,true,false
1428363214902,-1,-1,-1,-1,0,10,Sunrise,false,false
1428363214902,-1,-1,-1,-1,0,10,Sunrise,false,false
1428363274920,-1,-1,-1,-1,0,10,Sunrise,true,false
1428363274920,-1,-1,-1,-1,0,10,Sunrise,false,false
1428363274920,-1,-1,-1,-1,0,10,Sunrise,false,false
1428363334900,-1,-1,-1,-1,0,10,Sunrise,true,false
1428363334900,-1,-1,-1,-1,0,10,Sunrise,false,false
1428363334900,-1,-1,-1,-1,0,10,Sunrise,false,false
1428363394967,-1,-1,-1,-1,0,10,Sunrise,true,false
1428363394967,-1,-1,-1,-1,0,10,Sunrise,false,false
1428363394967,-1,-1,-1,-1,0,10,Sunrise,false,false
1428363474978,-1,-1,-1,-1,0,10,Sunrise,true,false
1428363474978,-1,-1,-1,-1,0,10,Sunrise,false,false
1428363474978,-1,-1,-1,-1,0,10,Sunrise,false,false
1428363535906,-1,-1,-1,-1,0,10,Sunrise,true,false
1428363535906,-1,-1,-1,-1,0,10,Sunrise,false,false
1428363535906,-1,-1,-1,-1,0,10,Sunrise,false,false
1428363595955,-1,-1,-1,-1,0,10,Sunrise,true,false
1428363595955,-1,-1,-1,-1,0,10,Sunrise,false,false
1428363595955,-1,-1,-1,-1,0,10,Sunrise,false,false
1428363656101,-1,-1,-1,-1,0,10,Sunrise,true,false
1428363656101,-1,-1,-1,-1,0,10,Sunrise,false,false
1428363656101,-1,-1,-1,-1,0,10,Sunrise,false,false
1428363718893,-1,-1,-1,-1,0,10,Sunrise,true,false
1428363718893,-1,-1,-1,-1,0,10,Sunrise,false,false
1428363718893,-1,-1,-1,-1,0,10,Sunrise,false,false
1428363819941,-1,-1,-1,-1,0,10,Sunrise,true,false
1428363819941,-1,-1,-1,-1,0,10,Sunrise,false,false
1428363819941,-1,-1,-1,-1,0,10,Sunrise,false,false
1428363882939,-1,-1,-1,-1,0,10,Sunrise,true,false
1428363882939,-1,-1,-1,-1,0,10,Sunrise,false,false
1428363882939,-1,-1,-1,-1,0,10,Sunrise,false,false
1428363959046,-1,-1,-1,-1,0,10,Sunrise,true,false
1428363959046,-1,-1,-1,-1,0,10,Sunrise,false,false
1428363959046,-1,-1,-1,-1,0,10,Sunrise,false,false
1428364019202,-1,-1,-1,-1,0,10,Sunrise,true,false
1428364019202,-1,-1,-1,-1,0,10,Sunrise,false,false
1428364019202,-1,-1,-1,-1,0,10,Sunrise,false,false
1428364079211,-1,-1,-1,-1,0,10,Sunrise,true,false
1428364079211,-1,-1,-1,-1,0,10,Sunrise,false,false
1428364079211,-1,-1,-1,-1,0,10,Sunrise,false,false
1428364139193,-1,-1,-1,-1,0,10,Sunrise,true,false
1428364139193,-1,-1,-1,-1,0,10,Sunrise,false,false
1428364139193,-1,-1,-1,-1,0,10,Sunrise,false,false
1428364199339,-1,-1,-1,-1,0,10,Sunrise,true,false
1428364199339,-1,-1,-1,-1,0,10,Sunrise,false,false
1428364199339,-1,-1,-1,-1,0,10,Sunrise,false,false
1428364259991,-1,-1,-1,-1,0,10,Sunrise,true,false
1428364259991,-1,-1,-1,-1,0,10,Sunrise,false,false
1428364259991,-1,-1,-1,-1,0,10,Sunrise,false,false
1428364259991,-1,-1,-1,-1,0,10,Sunrise,false,false
1428364319892,-1,-1,-1,-1,0,10,Sunrise,true,false
1428364319892,-1,-1,-1,-1,0,10,Sunrise,false,false
1428364319892,-1,-1,-1,-1,0,10,Sunrise,false,false
1428364319892,-1,-1,-1,-1,0,10,Sunrise,false,false
1428364379911,-1,-1,-1,-1,0,10,Sunrise,true,false
1428364379911,-1,-1,-1,-1,0,10,Sunrise,false,false
1428364379911,-1,-1,-1,-1,0,10,Sunrise,false,false
1428364379911,-1,-1,-1,-1,0,10,Sunrise,false,false
1428364484871,-1,-1,-1,-1,0,10,Sunrise,true,false
1428364484871,-1,-1,-1,-1,0,10,Sunrise,false,false
1428364484871,-1,-1,-1,-1,0,10,Sunrise,false,false
1428364484871,-1,-1,-1,-1,0,10,Sunrise,false,false
1428364559889,-1,-1,-1,-1,0,10,Sunrise,true,false
1428364559889,-1,-1,-1,-1,0,10,Sunrise,false,false
1428364559889,-1,-1,-1,-1,0,10,Sunrise,false,false
1428364559889,-1,-1,-1,-1,0,10,Sunrise,false,false
1428364619904,-1,-1,-1,-1,0,10,Sunrise,true,false
1428364619904,-1,-1,-1,-1,0,10,Sunrise,false,false
1428364619904,-1,-1,-1,-1,0,10,Sunrise,false,false
1428364619904,-1,-1,-1,-1,0,10,Sunrise,false,false
1428364680091,-1,-1,-1,-1,0,10,Sunrise,true,false
1428364680091,-1,-1,-1,-1,0,10,Sunrise,false,false
1428364680091,-1,-1,-1,-1,0,10,Sunrise,false,false
1428364680091,-1,-1,-1,-1,0,10,Sunrise,false,false
1428364770290,-1,-1,-1,-1,0,10,Sunrise,true,false
1428364770290,-1,-1,-1,-1,0,10,Sunrise,false,false
1428364770290,-1,-1,-1,-1,0,10,Sunrise,false,false
1428364770290,-1,-1,-1,-1,0,10,Sunrise,false,false
1428364860962,-1,-1,-1,-1,0,10,Sunrise,true,false
1428364860962,-1,-1,-1,-1,0,10,Sunrise,false,false
1428364860962,-1,-1,-1,-1,0,10,Sunrise,false,false
1428364860962,-1,-1,-1,-1,0,10,Sunrise,false,false
1428364921283,-1,-1,-1,-1,0,10,Sunrise,true,false
1428364921283,-1,-1,-1,-1,0,10,Sunrise,false,false
1428364921283,-1,-1,-1,-1,0,10,Sunrise,false,false
1428364921283,-1,-1,-1,-1,0,10,Sunrise,false,false
1428364981314,-1,-1,-1,-1,0,10,Sunrise,true,false
1428364981314,-1,-1,-1,-1,0,10,Sunrise,false,false
1428364981314,-1,-1,-1,-1,0,10,Sunrise,false,false
1428364981314,-1,-1,-1,-1,0,10,Sunrise,false,false
1428365055404,-1,-1,-1,-1,0,10,Sunrise,true,false
1428365055404,-1,-1,-1,-1,0,10,Sunrise,false,false
1428365055404,-1,-1,-1,-1,0,10,Sunrise,false,false
1428365055404,-1,-1,-1,-1,0,10,Sunrise,false,false
1428365115450,-1,-1,-1,-1,0,10,Sunrise,true,false
1428365115450,-1,-1,-1,-1,0,10,Sunrise,false,false
1428365115450,-1,-1,-1,-1,0,10,Sunrise,false,false
1428365115450,-1,-1,-1,-1,0,10,Sunrise,false,false
1428365175864,-1,-1,-1,-1,0,10,Sunrise,true,false
1428365175864,-1,-1,-1,-1,0,10,Sunrise,false,false
1428365175864,-1,-1,-1,-1,0,10,Sunrise,false,false
1428365175864,-1,-1,-1,-1,0,10,Sunrise,false,false
1428365241205,-1,-1,-1,-1,0,10,Sunrise,true,false
1428365241205,-1,-1,-1,-1,0,10,Sunrise,false,false
1428365241205,-1,-1,-1,-1,0,10,Sunrise,false,false
1428365241205,-1,-1,-1,-1,0,10,Sunrise,false,false
1428365301341,-1,-1,-1,-1,0,10,Sunrise,true,false
1428365301341,-1,-1,-1,-1,0,10,Sunrise,false,false
1428365301341,-1,-1,-1,-1,0,10,Sunrise,false,false
1428365301341,-1,-1,-1,-1,0,10,Sunrise,false,false
1428365397877,-1,-1,-1,-1,0,10,Sunrise,true,false
1428365397877,-1,-1,-1,-1,0,10,Sunrise,false,false
1428365397877,-1,-1,-1,-1,0,10,Sunrise,false,false
1428365397877,-1,-1,-1,-1,0,10,Sunrise,false,false
1428365457926,-1,-1,-1,-1,0,10,Sunrise,true,false
1428365457926,-1,-1,-1,-1,0,10,Sunrise,false,false
1428365457926,-1,-1,-1,-1,0,10,Sunrise,false,false
1428365457926,-1,-1,-1,-1,0,10,Sunrise,false,false
1428365518083,-1,-1,-1,-1,0,10,Sunrise,true,false
1428365518083,-1,-1,-1,-1,0,10,Sunrise,false,false
1428365518083,-1,-1,-1,-1,0,10,Sunrise,false,false
1428365518083,-1,-1,-1,-1,0,10,Sunrise,false,false
1428365578906,-1,-1,-1,-1,0,10,Sunrise,true,false
1428365578906,-1,-1,-1,-1,0,10,Sunrise,false,false
1428365578906,-1,-1,-1,-1,0,10,Sunrise,false,false
1428365578906,-1,-1,-1,-1,0,10,Sunrise,false,false
1428365641896,-1,-1,-1,-1,0,10,Sunrise,true,false
1428365641896,-1,-1,-1,-1,0,10,Sunrise,false,false
1428365641896,-1,-1,-1,-1,0,10,Sunrise,false,false
1428365641896,-1,-1,-1,-1,0,10,Sunrise,false,false
1428365717967,-1,-1,-1,-1,0,10,Sunrise,true,false
1428365717967,-1,-1,-1,-1,0,10,Sunrise,false,false
1428365717967,-1,-1,-1,-1,0,10,Sunrise,false,false
1428365717967,-1,-1,-1,-1,0,10,Sunrise,false,false
1428365777931,-1,-1,-1,-1,0,10,Sunrise,true,false
1428365777931,-1,-1,-1,-1,0,10,Sunrise,false,false
1428365777931,-1,-1,-1,-1,0,10,Sunrise,false,false
1428365777931,-1,-1,-1,-1,0,10,Sunrise,false,false
1428365855038,-1,-1,-1,-1,0,10,Sunrise,true,false
1428365855038,-1,-1,-1,-1,0,10,Sunrise,false,false
1428365855038,-1,-1,-1,-1,0,10,Sunrise,false,false
1428365855038,-1,-1,-1,-1,0,10,Sunrise,false,false
1428365915254,-1,-1,-1,-1,0,10,Sunrise,true,false
1428365915254,-1,-1,-1,-1,0,10,Sunrise,false,false
1428365915254,-1,-1,-1,-1,0,10,Sunrise,false,false
1428365915254,-1,-1,-1,-1,0,10,Sunrise,false,false
1428366003129,-1,-1,-1,-1,0,10,Sunrise,true,false
1428366003129,-1,-1,-1,-1,0,10,Sunrise,false,false
1428366003129,-1,-1,-1,-1,0,10,Sunrise,false,false
1428366003129,-1,-1,-1,-1,0,10,Sunrise,false,false
1428366071890,-1,-1,-1,-1,0,10,Sunrise,true,false
1428366071890,-1,-1,-1,-1,0,10,Sunrise,false,false
1428366071890,-1,-1,-1,-1,0,10,Sunrise,false,false
1428366071890,-1,-1,-1,-1,0,10,Sunrise,false,false
1428366146852,-1,-1,-1,-1,0,10,Sunrise,true,false
1428366146852,-1,-1,-1,-1,0,10,Sunrise,false,false
1428366146852,-1,-1,-1,-1,0,10,Sunrise,false,false
1428366146852,-1,-1,-1,-1,0,10,Sunrise,false,false
1428366206881,-1,-1,-1,-1,0,10,Sunrise,true,false
1428366206881,-1,-1,-1,-1,0,10,Sunrise,false,false
1428366206881,-1,-1,-1,-1,0,10,Sunrise,false,false
1428366206881,-1,-1,-1,-1,0,10,Sunrise,false,false
1428366289898,-1,-1,-1,-1,0,10,Sunrise,true,false
1428366289898,-1,-1,-1,-1,0,10,Sunrise,false,false
1428366289898,-1,-1,-1,-1,0,10,Sunrise,false,false
1428366289898,-1,-1,-1,-1,0,10,Sunrise,false,false
1428366378873,-1,-1,-1,-1,0,10,Sunrise,true,false
1428366438901,-1,-1,-1,-1,0,10,Sunrise,true,false
1428366499914,-1,-1,-1,-1,0,10,Sunrise,true,false
1428366574948,-1,-1,-1,-1,0,10,Sunrise,true,false
1428366574948,-1,-1,-1,-1,0,10,Sunrise,false,false
1428366574948,-1,-1,-1,-1,0,10,Sunrise,false,false
1428366635072,-1,-1,-1,-1,0,10,Sunrise,true,false
1428366635072,-1,-1,-1,-1,0,10,Sunrise,false,false
1428366635072,-1,-1,-1,-1,0,10,Sunrise,false,false
1428366695236,-1,-1,-1,-1,0,10,Sunrise,true,false
1428366695236,-1,-1,-1,-1,0,10,Sunrise,false,false
1428366695236,-1,-1,-1,-1,0,10,Sunrise,false,false
1428366755273,-1,-1,-1,-1,0,10,Sunrise,true,false
1428366755273,-1,-1,-1,-1,0,10,Sunrise,false,false
1428366755273,-1,-1,-1,-1,0,10,Sunrise,false,false
1428366815327,-1,-1,-1,-1,0,10,Sunrise,true,false
1428366815327,-1,-1,-1,-1,0,10,Sunrise,false,false
1428366815327,-1,-1,-1,-1,0,10,Sunrise,false,false
1428366878011,-1,-1,-1,-1,0,10,Sunrise,true,false
1428366878011,-1,-1,-1,-1,0,10,Sunrise,false,false
1428366878011,-1,-1,-1,-1,0,10,Sunrise,false,false
1428366938184,-1,-1,-1,-1,0,10,Sunrise,true,false
1428366938184,-1,-1,-1,-1,0,10,Sunrise,false,false
1428366938184,-1,-1,-1,-1,0,10,Sunrise,false,false
1428366998434,-1,-1,-1,-1,0,10,Sunrise,true,false
1428366998434,-1,-1,-1,-1,0,10,Sunrise,false,false
1428366998434,-1,-1,-1,-1,0,10,Sunrise,false,false
1428367058559,-1,-1,-1,-1,0,10,Sunrise,true,false
1428367058559,-1,-1,-1,-1,0,10,Sunrise,false,false
1428367058559,-1,-1,-1,-1,0,10,Sunrise,false,false
1428367137954,-1,-1,-1,-1,0,10,Sunrise,true,false
1428367137954,-1,-1,-1,-1,0,10,Sunrise,false,false
1428367137954,-1,-1,-1,-1,0,10,Sunrise,false,false
1428367227971,-1,-1,-1,-1,0,10,Sunrise,true,false
1428367227971,-1,-1,-1,-1,0,10,Sunrise,false,false
1428367227971,-1,-1,-1,-1,0,10,Sunrise,false,false
1428367288022,-1,-1,-1,-1,0,10,Sunrise,true,false
1428367288022,-1,-1,-1,-1,0,10,Sunrise,false,false
1428367288022,-1,-1,-1,-1,0,10,Sunrise,false,false
1428367378877,-1,-1,-1,-1,0,10,Sunrise,true,false
1428367378877,-1,-1,-1,-1,0,10,Sunrise,false,false
1428367378877,-1,-1,-1,-1,0,10,Sunrise,false,false
1428367439899,-1,-1,-1,-1,0,10,Sunrise,true,false
1428367439899,-1,-1,-1,-1,0,10,Sunrise,false,false
1428367439899,-1,-1,-1,-1,0,10,Sunrise,false,false
1428367500916,-1,-1,-1,-1,0,10,Sunrise,true,false
1428367500916,-1,-1,-1,-1,0,10,Sunrise,false,false
1428367500916,-1,-1,-1,-1,0,10,Sunrise,false,false
1428367579863,-1,-1,-1,-1,0,10,Sunrise,true,false
1428367579863,-1,-1,-1,-1,0,10,Sunrise,false,false
1428367579863,-1,-1,-1,-1,0,10,Sunrise,false,false
1428367639980,-1,-1,-1,-1,0,10,Sunrise,true,false
1428367639980,-1,-1,-1,-1,0,10,Sunrise,false,false
1428367639980,-1,-1,-1,-1,0,10,Sunrise,false,false
1428367700029,-1,-1,-1,-1,0,10,Sunrise,true,false
1428367700029,-1,-1,-1,-1,0,10,Sunrise,false,false
1428367700029,-1,-1,-1,-1,0,10,Sunrise,false,false
1428367760089,-1,-1,-1,-1,0,10,Sunrise,true,false
1428367760089,-1,-1,-1,-1,0,10,Sunrise,false,false
1428367760089,-1,-1,-1,-1,0,10,Sunrise,false,false
1428367820281,-1,-1,-1,-1,0,10,Sunrise,true,false
1428367880983,-1,-1,-1,-1,0,10,Sunrise,true,false
1428367941004,-1,-1,-1,-1,0,10,Sunrise,true,false
1428368024922,-1,-1,-1,-1,0,10,Sunrise,true,false
1428368121966,-1,-1,-1,-1,0,10,Sunrise,true,false
1428368182874,-1,-1,-1,-1,0,10,Sunrise,true,false
1428368242944,-1,-1,-1,-1,0,10,Sunrise,true,false
1428368303100,-1,-1,-1,-1,0,10,Sunrise,true,false
1428368407267,-1,-1,-1,-1,0,10,Sunrise,true,false
1428368467289,-1,-1,-1,-1,0,10,Sunrise,true,false
1428368467289,-1,-1,-1,-1,0,10,Sunrise,false,false
1428368467289,-1,-1,-1,-1,0,10,Sunrise,false,false
1428368527925,-1,-1,-1,-1,0,10,Sunrise,true,false
1428368527925,-1,-1,-1,-1,0,10,Sunrise,false,false
1428368527925,-1,-1,-1,-1,0,10,Sunrise,false,false
1428368588080,-1,-1,-1,-1,0,10,Sunrise,true,false
1428368588080,-1,-1,-1,-1,0,10,Sunrise,false,false
1428368588080,-1,-1,-1,-1,0,10,Sunrise,false,false
1428368648230,-1,-1,-1,-1,0,10,Sunrise,true,false
1428368648230,-1,-1,-1,-1,0,10,Sunrise,false,false
1428368648230,-1,-1,-1,-1,0,10,Sunrise,false,false
1428368710076,-1,-1,-1,-1,0,10,Sunrise,true,false
1428368710076,-1,-1,-1,-1,0,10,Sunrise,false,false
1428368710076,-1,-1,-1,-1,0,10,Sunrise,false,false
1428368770158,-1,-1,-1,-1,0,10,Sunrise,true,false
1428368770158,-1,-1,-1,-1,0,10,Sunrise,true,false
1428368770158,-1,-1,-1,-1,0,10,Sunrise,false,false
1428368770158,-1,-1,-1,-1,0,10,Sunrise,false,false
1428368830720,-1,-1,-1,-1,0,10,Sunrise,true,false
1428368830720,-1,-1,-1,-1,0,10,Sunrise,false,false
1428368830720,-1,-1,-1,-1,0,10,Sunrise,false,false
1428368890848,-1,-1,-1,-1,0,10,Sunrise,true,false
1428368890848,-1,-1,-1,-1,0,10,Sunrise,false,false
1428368890848,-1,-1,-1,-1,0,10,Sunrise,false,false
1428368951996,-1,-1,-1,-1,0,10,Sunrise,true,false
1428368951996,-1,-1,-1,-1,0,10,Sunrise,false,false
1428368951996,-1,-1,-1,-1,0,10,Sunrise,false,false
1428369055876,-1,-1,-1,-1,0,10,Sunrise,true,false
1428369055876,-1,-1,-1,-1,0,10,Sunrise,false,false
1428369055876,-1,-1,-1,-1,0,10,Sunrise,false,false
1428369115924,-1,-1,-1,-1,0,10,Sunrise,true,false
1428369115924,-1,-1,-1,-1,0,10,Sunrise,false,false
1428369115924,-1,-1,-1,-1,0,10,Sunrise,false,false
1428369209856,-1,-1,-1,-1,0,10,Sunrise,true,false
1428369209856,-1,-1,-1,-1,0,10,Sunrise,false,false
1428369209856,-1,-1,-1,-1,0,10,Sunrise,false,false
1428369269942,-1,-1,-1,-1,0,10,Sunrise,true,false
1428369269942,-1,-1,-1,-1,0,10,Sunrise,false,false
1428369269942,-1,-1,-1,-1,0,10,Sunrise,false,false
1428369330908,-1,-1,-1,-1,0,10,Sunrise,true,false
1428369330908,-1,-1,-1,-1,0,10,Sunrise,false,false
1428369330908,-1,-1,-1,-1,0,10,Sunrise,false,false
1428369391863,-1,-1,-1,-1,0,10,Sunrise,true,false
1428369391863,-1,-1,-1,-1,0,10,Sunrise,false,false
1428369391863,-1,-1,-1,-1,0,10,Sunrise,false,false
1428369451935,-1,-1,-1,-1,0,10,Sunrise,true,false
1428369451935,-1,-1,-1,-1,0,10,Sunrise,false,false
1428369451935,-1,-1,-1,-1,0,10,Sunrise,false,false
1428369512014,-1,-1,-1,-1,0,10,Sunrise,true,false
1428369512014,-1,-1,-1,-1,0,10,Sunrise,false,false
1428369512014,-1,-1,-1,-1,0,10,Sunrise,false,false
1428369572150,-1,-1,-1,-1,0,10,Sunrise,true,false
1428369572150,-1,-1,-1,-1,0,10,Sunrise,false,false
1428369572150,-1,-1,-1,-1,0,10,Sunrise,false,false
1428369645994,-1,-1,-1,-1,0,10,Sunrise,true,false
1428369645994,-1,-1,-1,-1,0,10,Sunrise,false,false
1428369706913,-1,-1,-1,-1,0,10,Sunrise,true,false
1428369706913,-1,-1,-1,-1,0,10,Sunrise,false,false
1428369766911,-1,-1,-1,-1,0,10,Sunrise,true,false
1428369766911,-1,-1,-1,-1,0,10,Sunrise,false,false
1428369827895,-1,-1,-1,-1,0,10,Sunrise,true,false
1428369827895,-1,-1,-1,-1,0,10,Sunrise,false,false
1428369931917,-1,-1,-1,-1,0,10,Sunrise,true,false
1428369931917,-1,-1,-1,-1,0,10,Sunrise,false,false
1428369991932,-1,-1,-1,-1,0,10,Sunrise,true,false
1428369991932,-1,-1,-1,-1,0,10,Sunrise,false,false
1428369991932,-1,-1,-1,-1,0,10,Sunrise,false,false
1428370052236,-1,-1,-1,-1,0,10,Sunrise,true,false
1428370052236,-1,-1,-1,-1,0,10,Sunrise,false,false
1428370052236,-1,-1,-1,-1,0,10,Sunrise,false,false
1428370052236,-1,-1,-1,-1,0,10,Sunrise,false,false
1428370112454,-1,-1,-1,-1,0,10,Sunrise,true,false
1428370112454,-1,-1,-1,-1,0,10,Sunrise,false,false
1428370112454,-1,-1,-1,-1,0,10,Sunrise,false,false
1428370112454,-1,-1,-1,-1,0,10,Sunrise,false,false
1428370172602,-1,-1,-1,-1,0,10,Sunrise,true,false
1428370172602,-1,-1,-1,-1,0,10,Sunrise,false,false
1428370172602,-1,-1,-1,-1,0,10,Sunrise,false,false
1428370172602,-1,-1,-1,-1,0,10,Sunrise,false,false
1428370232927,-1,-1,-1,-1,0,10,Sunrise,true,false
1428370232927,-1,-1,-1,-1,0,10,Sunrise,false,false
1428370232927,-1,-1,-1,-1,0,10,Sunrise,false,false
1428370232927,-1,-1,-1,-1,0,10,Sunrise,false,false
1428370293912,-1,-1,-1,-1,0,10,Sunrise,true,false
1428370293912,-1,-1,-1,-1,0,10,Sunrise,false,false
1428370293912,-1,-1,-1,-1,0,10,Sunrise,false,false
1428370293912,-1,-1,-1,-1,0,10,Sunrise,false,false
1428370353918,-1,-1,-1,-1,0,10,Sunrise,true,false
1428370353918,-1,-1,-1,-1,0,10,Sunrise,false,false
1428370353918,-1,-1,-1,-1,0,10,Sunrise,false,false
1428370353918,-1,-1,-1,-1,0,10,Sunrise,false,false
1428370413924,-1,-1,-1,-1,0,10,Sunrise,true,false
1428370413924,-1,-1,-1,-1,0,10,Sunrise,false,false
1428370413924,-1,-1,-1,-1,0,10,Sunrise,false,false
1428370413924,-1,-1,-1,-1,0,10,Sunrise,false,false
1428370474068,-1,-1,-1,-1,0,10,Sunrise,true,false
1428370474068,-1,-1,-1,-1,0,10,Sunrise,false,false
1428370474068,-1,-1,-1,-1,0,10,Sunrise,false,false
1428370474068,-1,-1,-1,-1,0,10,Sunrise,false,false
1428370534160,-1,-1,-1,-1,0,10,Sunrise,true,false
1428370534160,-1,-1,-1,-1,0,10,Sunrise,false,false
1428370534160,-1,-1,-1,-1,0,10,Sunrise,false,false
1428370534160,-1,-1,-1,-1,0,10,Sunrise,false,false
1428370602916,-1,-1,-1,-1,0,10,Sunrise,true,false
1428370602916,-1,-1,-1,-1,0,10,Sunrise,false,false
1428370602916,-1,-1,-1,-1,0,10,Sunrise,false,false
1428370602916,-1,-1,-1,-1,0,10,Sunrise,false,false
1428370662928,-1,-1,-1,-1,0,10,Sunrise,true,false
1428370662928,-1,-1,-1,-1,0,10,Sunrise,false,false
1428370662928,-1,-1,-1,-1,0,10,Sunrise,false,false
1428370662928,-1,-1,-1,-1,0,10,Sunrise,false,false
1428370722943,-1,-1,-1,-1,0,10,Sunrise,true,false
1428370722943,-1,-1,-1,-1,0,10,Sunrise,false,false
1428370722943,-1,-1,-1,-1,0,10,Sunrise,false,false
1428370722943,-1,-1,-1,-1,0,10,Sunrise,false,false
1428370783868,-1,-1,-1,-1,0,10,Sunrise,true,false
1428370783868,-1,-1,-1,-1,0,10,Sunrise,false,false
1428370783868,-1,-1,-1,-1,0,10,Sunrise,false,false
1428370783868,-1,-1,-1,-1,0,10,Sunrise,false,false
1428370843883,-1,-1,-1,-1,0,10,Sunrise,true,false
1428370843883,-1,-1,-1,-1,0,10,Sunrise,false,false
1428370843883,-1,-1,-1,-1,0,10,Sunrise,false,false
1428370843883,-1,-1,-1,-1,0,10,Sunrise,false,false
1428370903883,-1,-1,-1,-1,0,10,Sunrise,true,false
1428370903883,-1,-1,-1,-1,0,10,Sunrise,false,false
1428370903883,-1,-1,-1,-1,0,10,Sunrise,false,false
1428370903883,-1,-1,-1,-1,0,10,Sunrise,false,false
1428370969854,-1,-1,-1,-1,0,10,Sunrise,true,false
1428370969854,-1,-1,-1,-1,0,10,Sunrise,false,false
1428370969854,-1,-1,-1,-1,0,10,Sunrise,false,false
1428370969854,-1,-1,-1,-1,0,10,Sunrise,false,false
1428371032861,-1,-1,-1,-1,0,10,Sunrise,true,false
1428371032861,-1,-1,-1,-1,0,10,Sunrise,false,false
1428371032861,-1,-1,-1,-1,0,10,Sunrise,false,false
1428371032861,-1,-1,-1,-1,0,10,Sunrise,false,false
1428371133941,-1,-1,-1,-1,0,10,Sunrise,true,false
1428371133941,-1,-1,-1,-1,0,10,Sunrise,false,false
1428371133941,-1,-1,-1,-1,0,10,Sunrise,false,false
1428371133941,-1,-1,-1,-1,0,10,Sunrise,false,false
1428371202917,-1,-1,-1,-1,0,10,Sunrise,true,false
1428371202917,-1,-1,-1,-1,0,10,Sunrise,false,false
1428371202917,-1,-1,-1,-1,0,10,Sunrise,false,false
1428371202917,-1,-1,-1,-1,0,10,Sunrise,false,false
1428371262920,-1,-1,-1,-1,0,10,Sunrise,true,false
1428371262920,-1,-1,-1,-1,0,10,Sunrise,false,false
1428371262920,-1,-1,-1,-1,0,10,Sunrise,false,false
1428371262920,-1,-1,-1,-1,0,10,Sunrise,false,false
1428371322986,-1,-1,-1,-1,0,10,Sunrise,true,false
1428371322986,-1,-1,-1,-1,0,10,Sunrise,false,false
1428371322986,-1,-1,-1,-1,0,10,Sunrise,false,false
1428371322986,-1,-1,-1,-1,0,10,Sunrise,false,false
1428371383087,-1,-1,-1,-1,0,10,Sunrise,true,false
1428371383087,-1,-1,-1,-1,0,10,Sunrise,false,false
1428371383087,-1,-1,-1,-1,0,10,Sunrise,false,false
1428371383087,-1,-1,-1,-1,0,10,Sunrise,false,false
1428371442875,-1,-1,-1,-1,0,10,Sunrise,true,false
1428371442875,-1,-1,-1,-1,0,10,Sunrise,false,false
1428371442875,-1,-1,-1,-1,0,10,Sunrise,false,false
1428371442875,-1,-1,-1,-1,0,10,Sunrise,false,false
1428371502998,-1,-1,-1,-1,0,10,Sunrise,true,false
1428371502998,-1,-1,-1,-1,0,10,Sunrise,false,false
1428371502998,-1,-1,-1,-1,0,10,Sunrise,false,false
1428371502998,-1,-1,-1,-1,0,10,Sunrise,false,false
1428371563096,-1,-1,-1,-1,0,10,Sunrise,true,false
1428371563096,-1,-1,-1,-1,0,10,Sunrise,false,false
1428371563096,-1,-1,-1,-1,0,10,Sunrise,false,false
1428371563096,-1,-1,-1,-1,0,10,Sunrise,false,false
1428371623985,-1,-1,-1,-1,0,10,Sunrise,true,false
1428371623985,-1,-1,-1,-1,0,10,Sunrise,false,false
1428371623985,-1,-1,-1,-1,0,10,Sunrise,false,false
1428371623985,-1,-1,-1,-1,0,10,Sunrise,false,false
1428371683934,-1,-1,-1,-1,0,10,Sunrise,true,false
1428371683934,-1,-1,-1,-1,0,10,Sunrise,false,false
1428371683934,-1,-1,-1,-1,0,10,Sunrise,false,false
1428371683934,-1,-1,-1,-1,0,10,Sunrise,false,false
1428371743903,-1,-1,-1,-1,0,10,Sunrise,true,false
1428371743903,-1,-1,-1,-1,0,10,Sunrise,false,false
1428371743903,-1,-1,-1,-1,0,10,Sunrise,false,false
1428371743903,-1,-1,-1,-1,0,10,Sunrise,false,false
1428371803936,-1,-1,-1,-1,0,10,Sunrise,true,false
1428371803936,-1,-1,-1,-1,0,10,Sunrise,false,false
1428371803936,-1,-1,-1,-1,0,10,Sunrise,false,false
1428371803936,-1,-1,-1,-1,0,10,Sunrise,false,false
1428371886840,-1,-1,-1,-1,0,10,Sunrise,true,false
1428371886840,-1,-1,-1,-1,0,10,Sunrise,false,false
1428371886840,-1,-1,-1,-1,0,10,Sunrise,false,false
1428371886840,-1,-1,-1,-1,0,10,Sunrise,false,false
1428371946926,-1,-1,-1,-1,0,10,Sunrise,true,false
1428371946926,-1,-1,-1,-1,0,10,Sunrise,false,false
1428371946926,-1,-1,-1,-1,0,10,Sunrise,false,false
1428371946926,-1,-1,-1,-1,0,10,Sunrise,false,false
1428372006925,-1,-1,-1,-1,0,10,Sunrise,true,false
1428372006925,-1,-1,-1,-1,0,10,Sunrise,false,false
1428372006925,-1,-1,-1,-1,0,10,Sunrise,false,false
1428372006925,-1,-1,-1,-1,0,10,Sunrise,false,false
1428372089295,-1,-1,-1,-1,0,10,Sunrise,true,false
1428372089295,-1,-1,-1,-1,0,10,Sunrise,false,false
1428372089295,-1,-1,-1,-1,0,10,Sunrise,false,false
1428372089295,-1,-1,-1,-1,0,10,Sunrise,false,false
1428372149351,-1,-1,-1,-1,0,10,Sunrise,true,false
1428372149351,-1,-1,-1,-1,0,10,Sunrise,false,false
1428372149351,-1,-1,-1,-1,0,10,Sunrise,false,false
1428372149351,-1,-1,-1,-1,0,10,Sunrise,false,false
1428372209844,-1,-1,-1,-1,0,10,Sunrise,true,false
1428372209844,-1,-1,-1,-1,0,10,Sunrise,false,false
1428372209844,-1,-1,-1,-1,0,10,Sunrise,false,false
1428372209844,-1,-1,-1,-1,0,10,Sunrise,false,false
1428372271203,-1,-1,-1,-1,0,10,Sunrise,true,false
1428372271203,-1,-1,-1,-1,0,10,Sunrise,false,false
1428372271203,-1,-1,-1,-1,0,10,Sunrise,false,false
1428372271203,-1,-1,-1,-1,0,10,Sunrise,false,false
1428372331255,-1,-1,-1,-1,0,10,Sunrise,true,false
1428372331255,-1,-1,-1,-1,0,10,Sunrise,false,false
1428372331255,-1,-1,-1,-1,0,10,Sunrise,false,false
1428372331255,-1,-1,-1,-1,0,10,Sunrise,false,false
1428372404184,-1,-1,-1,-1,0,10,Sunrise,true,false
1428372404184,-1,-1,-1,-1,0,10,Sunrise,false,false
1428372404184,-1,-1,-1,-1,0,10,Sunrise,false,false
1428372404184,-1,-1,-1,-1,0,10,Sunrise,false,false
1428372464229,-1,-1,-1,-1,0,10,Sunrise,true,false
1428372464229,-1,-1,-1,-1,0,10,Sunrise,false,false
1428372464229,-1,-1,-1,-1,0,10,Sunrise,false,false
1428372464229,-1,-1,-1,-1,0,10,Sunrise,false,false
1428372556437,-1,-1,-1,-1,0,10,Sunrise,true,false
1428372556437,-1,-1,-1,-1,0,10,Sunrise,false,false
1428372556437,-1,-1,-1,-1,0,10,Sunrise,false,false
1428372556437,-1,-1,-1,-1,0,10,Sunrise,false,false
1428372616878,-1,-1,-1,-1,0,10,Sunrise,true,false
1428372616878,-1,-1,-1,-1,0,10,Sunrise,false,false
1428372616878,-1,-1,-1,-1,0,10,Sunrise,false,false
1428372616878,-1,-1,-1,-1,0,10,Sunrise,false,false
1428372676945,-1,-1,-1,-1,0,10,Sunrise,true,false
1428372676945,-1,-1,-1,-1,0,10,Sunrise,false,false
1428372676945,-1,-1,-1,-1,0,10,Sunrise,false,false
1428372676945,-1,-1,-1,-1,0,10,Sunrise,false,false
1428372736923,-1,-1,-1,-1,0,10,Sunrise,true,false
1428372736923,-1,-1,-1,-1,0,10,Sunrise,false,false
1428372736923,-1,-1,-1,-1,0,10,Sunrise,false,false
1428372736923,-1,-1,-1,-1,0,10,Sunrise,false,false
1428372816924,-1,-1,-1,-1,0,10,Sunrise,true,false
1428372816924,-1,-1,-1,-1,0,10,Sunrise,false,false
1428372816924,-1,-1,-1,-1,0,10,Sunrise,false,false
1428372816924,-1,-1,-1,-1,0,10,Sunrise,false,false
1428372917108,-1,-1,-1,-1,0,10,Sunrise,true,false
1428373004269,-1,-1,-1,-1,0,10,Sunrise,true,false
1428373064876,-1,-1,-1,-1,0,10,Sunrise,true,false
1428373159585,-1,-1,-1,-1,0,10,Sunrise,true,false
1428373219874,-1,-1,-1,-1,0,10,Sunrise,true,false
1428373292242,-1,-1,-1,-1,0,10,Sunrise,true,false
1428373352320,-1,-1,-1,-1,0,10,Sunrise,true,false
1428373412427,-1,-1,-1,-1,0,10,Sunrise,true,false
1428373472504,-1,-1,-1,-1,0,10,Sunrise,true,false
1428373532864,-1,-1,-1,-1,0,10,Sunrise,true,false
1428373605883,-1,-1,-1,-1,0,10,Sunrise,true,false
1428373665913,-1,-1,-1,-1,0,10,Sunrise,true,false
1428373726027,-1,-1,-1,-1,0,10,Sunrise,true,false
1428373790014,-1,-1,-1,-1,0,10,Sunrise,true,false
1428373862940,-1,-1,-1,-1,0,10,Sunrise,true,false
1428373922943,-1,-1,-1,-1,0,10,Sunrise,true,false
1428373983233,-1,-1,-1,-1,0,10,Sunrise,true,false
1428374078545,-1,-1,-1,-1,0,10,Sunrise,true,false
1428374141165,-1,-1,-1,-1,0,10,Sunrise,true,false
1428374205934,-1,-1,-1,-1,0,10,Sunrise,true,false
1428374265961,-1,-1,-1,-1,0,10,Sunrise,true,false
1428374326094,-1,-1,-1,-1,0,10,Sunrise,true,false
1428374388416,-1,-1,-1,-1,0,10,Sunrise,true,false
1428374448869,-1,-1,-1,-1,0,10,Sunrise,true,false
1428374509873,-1,-1,-1,-1,0,10,Sunrise,true,false
1428374569886,-1,-1,-1,-1,0,10,Sunrise,true,false
1428374648872,-1,-1,-1,-1,0,10,Sunrise,true,false
1428374739963,-1,-1,-1,-1,0,10,Sunrise,true,false
1428374806846,-1,-1,-1,-1,0,10,Sunrise,true,false
1428374866952,-1,-1,-1,-1,0,10,Sunrise,true,false
1428374927866,-1,-1,-1,-1,0,10,Sunrise,true,false
1428374994231,-1,-1,-1,-1,0,10,Sunrise,true,false
1428375054348,-1,-1,-1,-1,0,10,Sunrise,true,false
1428375054348,-1,-1,-1,-1,0,10,Sunrise,false,false
1428375114368,-1,-1,-1,-1,0,10,Sunrise,true,false
1428375114368,-1,-1,-1,-1,0,10,Sunrise,false,false
1428375174899,-1,-1,-1,-1,0,10,Sunrise,true,false
1428375174899,-1,-1,-1,-1,0,10,Sunrise,false,false
1428375234900,-1,-1,-1,-1,0,10,Sunrise,true,false
1428375234900,-1,-1,-1,-1,0,10,Sunrise,false,false
1428375294913,-1,-1,-1,-1,0,10,Sunrise,true,false
1428375294913,-1,-1,-1,-1,0,10,Sunrise,false,false
1428375368971,-1,-1,-1,-1,0,10,Sunrise,true,false
1428375368971,-1,-1,-1,-1,0,10,Sunrise,false,false
1428375429875,-1,-1,-1,-1,0,10,Sunrise,true,false
1428375429875,-1,-1,-1,-1,0,10,Sunrise,false,false
1428375490132,-1,-1,-1,-1,0,10,Sunrise,true,false
1428375490132,-1,-1,-1,-1,0,10,Sunrise,false,false
1428375550235,-1,-1,-1,-1,0,10,Sunrise,true,false
1428375550235,-1,-1,-1,-1,0,10,Sunrise,false,false
1428375654985,-1,-1,-1,-1,0,10,Sunrise,true,false
1428375654985,-1,-1,-1,-1,0,10,Sunrise,false,false
1428375745046,-1,-1,-1,-1,0,10,Sunrise,true,false
1428375745046,-1,-1,-1,-1,0,10,Sunrise,false,false
1428375805027,-1,-1,-1,-1,0,10,Sunrise,true,false
1428375805027,-1,-1,-1,-1,0,10,Sunrise,false,false
1428375865150,-1,-1,-1,-1,0,10,Sunrise,true,false
1428375865150,-1,-1,-1,-1,0,10,Sunrise,false,false
1428375925433,-1,-1,-1,-1,0,10,Sunrise,true,false
1428375925433,-1,-1,-1,-1,0,10,Sunrise,false,false
1428375995001,-1,-1,-1,-1,0,10,Sunrise,true,false
1428375995001,-1,-1,-1,-1,0,10,Sunrise,false,false
1428376055011,-1,-1,-1,-1,0,10,Sunrise,true,false
1428376055011,-1,-1,-1,-1,0,10,Sunrise,false,false
1428376115897,-1,-1,-1,-1,0,10,Sunrise,true,false
1428376115897,-1,-1,-1,-1,0,10,Sunrise,false,false
1428376176101,-1,-1,-1,-1,0,10,Sunrise,true,false
1428376176101,-1,-1,-1,-1,0,10,Sunrise,false,false
1428376236105,-1,-1,-1,-1,0,10,Sunrise,true,false
1428376236105,-1,-1,-1,-1,0,10,Sunrise,false,false
1428376297899,-1,-1,-1,-1,0,10,Sunrise,true,false
1428376297899,-1,-1,-1,-1,0,10,Sunrise,false,false
1428376358923,-1,-1,-1,-1,0,10,Sunrise,true,false
1428376358923,-1,-1,-1,-1,0,10,Sunrise,false,false
1428376419934,-1,-1,-1,-1,0,10,Sunrise,true,false
1428376419934,-1,-1,-1,-1,0,10,Sunrise,false,false
1428376479959,-1,-1,-1,-1,0,10,Sunrise,true,false
1428376479959,-1,-1,-1,-1,0,10,Sunrise,false,false
1428376539927,-1,-1,-1,-1,0,10,Sunrise,true,false
1428376539927,-1,-1,-1,-1,0,10,Sunrise,false,false
1428376600095,-1,-1,-1,-1,0,10,Sunrise,true,false
1428376600095,-1,-1,-1,-1,0,10,Sunrise,false,false
1428376660200,-1,-1,-1,-1,0,10,Sunrise,true,false
1428376660200,-1,-1,-1,-1,0,10,Sunrise,false,false
1428376720363,-1,-1,-1,-1,0,10,Sunrise,true,false
1428376720363,-1,-1,-1,-1,0,10,Sunrise,false,false
1428376780388,-1,-1,-1,-1,0,10,Sunrise,true,false
1428376780388,-1,-1,-1,-1,0,10,Sunrise,false,false
1428376840748,-1,-1,-1,-1,0,10,Sunrise,true,false
1428376840748,-1,-1,-1,-1,0,10,Sunrise,false,false
1428376901916,-1,-1,-1,-1,0,10,Sunrise,true,false
1428376901916,-1,-1,-1,-1,0,10,Sunrise,false,false
1428376962933,-1,-1,-1,-1,0,10,Sunrise,true,false
1428376962933,-1,-1,-1,-1,0,10,Sunrise,false,false
1428377022960,-1,-1,-1,-1,0,10,Sunrise,true,false
1428377022960,-1,-1,-1,-1,0,10,Sunrise,false,false
1428377083036,-1,-1,-1,-1,0,10,Sunrise,true,false
1428377083036,-1,-1,-1,-1,0,10,Sunrise,false,false
1428377187232,-1,-1,-1,-1,0,10,Sunrise,true,false
1428377187232,-1,-1,-1,-1,0,10,Sunrise,false,false
1428377260269,-1,-1,-1,-1,0,10,Sunrise,true,false
1428377260269,-1,-1,-1,-1,0,10,Sunrise,false,false
1428377320382,-1,-1,-1,-1,0,10,Sunrise,true,false
1428377320382,-1,-1,-1,-1,0,10,Sunrise,false,false
1428377380378,-1,-1,-1,-1,0,10,Sunrise,true,false
1428377380378,-1,-1,-1,-1,0,10,Sunrise,false,false
1428377472323,-1,-1,-1,-1,0,10,Sunrise,true,false
1428377472323,-1,-1,-1,-1,0,10,Sunrise,false,false
1428377561128,-1,-1,-1,-1,0,10,Sunrise,true,false
1428377561128,-1,-1,-1,-1,0,10,Sunrise,false,false
1428377621120,-1,-1,-1,-1,0,10,Sunrise,true,false
1428377621120,-1,-1,-1,-1,0,10,Sunrise,false,false
1428377681201,-1,-1,-1,-1,0,10,Sunrise,true,false
1428377681201,-1,-1,-1,-1,0,10,Sunrise,false,false
1428377741298,-1,-1,-1,-1,0,10,Sunrise,true,false
1428377741298,-1,-1,-1,-1,0,10,Sunrise,false,false
1428377801910,-1,-1,-1,-1,0,10,Sunrise,true,false
1428377801910,-1,-1,-1,-1,0,10,Sunrise,false,false
1428377861918,-1,-1,-1,-1,0,10,Sunrise,true,false
1428377861918,-1,-1,-1,-1,0,10,Sunrise,false,false
1428377925959,-1,-1,-1,-1,0,10,Sunrise,true,false
1428377925959,-1,-1,-1,-1,0,10,Sunrise,false,false
1428377996663,-1,-1,-1,-1,0,10,Sunrise,true,false
1428377996663,-1,-1,-1,-1,0,10,Sunrise,false,false
1428378077236,-1,-1,-1,-1,0,10,Sunrise,true,false
1428378077236,-1,-1,-1,-1,0,10,Sunrise,false,false
1428378143890,-1,-1,-1,-1,0,10,Sunrise,true,false
1428378143890,-1,-1,-1,-1,0,10,Sunrise,false,false
1428378204935,-1,-1,-1,-1,0,10,Sunrise,true,false
1428378204935,-1,-1,-1,-1,0,10,Sunrise,false,false
1428378268468,-1,-1,-1,-1,0,10,Sunrise,true,false
1428378268468,-1,-1,-1,-1,0,10,Sunrise,false,false
1428378331863,-1,-1,-1,-1,0,10,Sunrise,true,false
1428378331863,-1,-1,-1,-1,0,10,Sunrise,false,false
1428378392171,-1,-1,-1,-1,0,10,Sunrise,true,false
1428378392171,-1,-1,-1,-1,0,10,Sunrise,false,false
1428378455591,-1,-1,-1,-1,0,10,Sunrise,true,false
1428378455591,-1,-1,-1,-1,0,10,Sunrise,false,false
1428378516966,-1,-1,-1,-1,0,10,Sunrise,true,false
1428378516966,-1,-1,-1,-1,0,10,Sunrise,false,false
1428378577250,-1,-1,-1,-1,0,10,Sunrise,true,false
1428378577250,-1,-1,-1,-1,0,10,Sunrise,false,false
1428378637943,-1,-1,-1,-1,0,10,Sunrise,true,false
1428378637943,-1,-1,-1,-1,0,10,Sunrise,false,false
1428378698313,-1,-1,-1,-1,0,10,Sunrise,true,false
1428378698313,-1,-1,-1,-1,0,10,Sunrise,false,false
1428378758585,-1,-1,-1,-1,0,10,Sunrise,true,false
1428378758585,-1,-1,-1,-1,0,10,Sunrise,false,false
1428378819918,-1,-1,-1,-1,0,10,Sunrise,true,false
1428378819918,-1,-1,-1,-1,0,10,Sunrise,false,false
1428378880932,-1,-1,-1,-1,0,10,Sunrise,true,false
1428378880932,-1,-1,-1,-1,0,10,Sunrise,false,false
1428378944252,-1,-1,-1,-1,0,10,Sunrise,true,false
1428378944252,-1,-1,-1,-1,0,10,Sunrise,false,false
1428379004869,-1,-1,-1,-1,0,10,Sunrise,true,false
1428379004869,-1,-1,-1,-1,0,10,Sunrise,false,false
1428379065159,-1,-1,-1,-1,0,10,Sunrise,true,false
1428379065159,-1,-1,-1,-1,0,10,Sunrise,false,false
1428379125837,-1,-1,-1,-1,0,10,Sunrise,true,false
1428379125837,-1,-1,-1,-1,0,10,Sunrise,false,false
1428379186169,-1,-1,-1,-1,0,10,Sunrise,true,false
1428379186169,-1,-1,-1,-1,0,10,Sunrise,false,false
1428379246439,-1,-1,-1,-1,0,10,Sunrise,true,false
1428379246439,-1,-1,-1,-1,0,10,Sunrise,false,false
1428379309914,-1,-1,-1,-1,0,10,Sunrise,true,false
1428379309914,-1,-1,-1,-1,0,10,Sunrise,false,false
1428379370102,-1,-1,-1,-1,0,10,Sunrise,true,false
1428379370102,-1,-1,-1,-1,0,10,Sunrise,false,false
1428379430944,-1,-1,-1,-1,0,10,Sunrise,true,false
1428379430944,-1,-1,-1,-1,0,10,Sunrise,false,false
1428379491295,-1,-1,-1,-1,0,10,Sunrise,true,false
1428379491295,-1,-1,-1,-1,0,10,Sunrise,false,false
1428379552974,-1,-1,-1,-1,0,10,Sunrise,true,false
1428379552974,-1,-1,-1,-1,0,10,Sunrise,false,false
1428379615103,-1,-1,-1,-1,0,10,Sunrise,true,false
1428379615103,-1,-1,-1,-1,0,10,Sunrise,false,false
1428379675931,-1,-1,-1,-1,0,10,Sunrise,true,false
1428379675931,-1,-1,-1,-1,0,10,Sunrise,false,false
1428379736019,-1,-1,-1,-1,0,10,Sunrise,true,false
1428379736019,-1,-1,-1,-1,0,10,Sunrise,false,false
1428379796150,-1,-1,-1,-1,0,10,Sunrise,true,false
1428379796150,-1,-1,-1,-1,0,10,Sunrise,false,false
1428379856175,-1,-1,-1,-1,0,10,Sunrise,true,false
1428379856175,-1,-1,-1,-1,0,10,Sunrise,false,false
1428379916218,-1,-1,-1,-1,0,10,Sunrise,true,false
1428379916218,-1,-1,-1,-1,0,10,Sunrise,false,false
1428379979520,-1,-1,-1,-1,0,10,Sunrise,true,false
1428379979520,-1,-1,-1,-1,0,10,Sunrise,false,false
1428380039658,-1,-1,-1,-1,0,10,Sunrise,true,false
1428380039658,-1,-1,-1,-1,0,10,Sunrise,false,false
1428380099804,-1,-1,-1,-1,0,10,Sunrise,true,false
1428380099804,-1,-1,-1,-1,0,10,Sunrise,false,false
1428380159975,-1,-1,-1,-1,0,10,Sunrise,true,false
1428380159975,-1,-1,-1,-1,0,10,Sunrise,false,false
1428380223208,-1,-1,-1,-1,0,10,Sunrise,true,false
1428380223208,-1,-1,-1,-1,0,10,Sunrise,false,false
1428380283336,-1,-1,-1,-1,0,10,Sunrise,true,false
1428380283336,-1,-1,-1,-1,0,10,Sunrise,false,false
1428380346654,-1,-1,-1,-1,0,10,Sunrise,true,false
1428380346654,-1,-1,-1,-1,0,10,Sunrise,false,false
1428380406756,-1,-1,-1,-1,0,10,Sunrise,true,false
1428380406756,-1,-1,-1,-1,0,10,Sunrise,false,false
1428380466826,-1,-1,-1,-1,0,10,Sunrise,true,false
1428380466826,-1,-1,-1,-1,0,10,Sunrise,false,false
1428380533267,-1,-1,-1,-1,0,10,Sunrise,true,false
1428380533267,-1,-1,-1,-1,0,10,Sunrise,false,false
1428380593362,-1,-1,-1,-1,0,10,Sunrise,true,false
1428380593362,-1,-1,-1,-1,0,10,Sunrise,false,false
1428380653414,-1,-1,-1,-1,0,10,Sunrise,true,false
1428380653414,-1,-1,-1,-1,0,10,Sunrise,false,false
1428380713574,-1,-1,-1,-1,0,10,Sunrise,true,false
1428380713574,-1,-1,-1,-1,0,10,Sunrise,false,false
1428380777047,-1,-1,-1,-1,0,10,Sunrise,true,false
1428380777047,-1,-1,-1,-1,0,10,Sunrise,false,false
1428380837046,-1,-1,-1,-1,0,10,Sunrise,true,false
1428380837046,-1,-1,-1,-1,0,10,Sunrise,false,false
1428380897151,-1,-1,-1,-1,0,10,Sunrise,true,false
1428380897151,-1,-1,-1,-1,0,10,Sunrise,false,false
1428380973786,-1,-1,-1,-1,0,10,Sunrise,true,false
1428380973786,-1,-1,-1,-1,0,10,Sunrise,false,false
1428381046428,-1,-1,-1,-1,0,10,Sunrise,true,false
1428381046428,-1,-1,-1,-1,0,10,Sunrise,false,false
1428381109791,-1,-1,-1,-1,0,10,Sunrise,true,false
1428381109791,-1,-1,-1,-1,0,10,Sunrise,false,false
1428381169953,-1,-1,-1,-1,0,10,Sunrise,true,false
1428381169953,-1,-1,-1,-1,0,10,Sunrise,false,false
1428381229976,-1,-1,-1,-1,0,10,Sunrise,true,false
1428381229976,-1,-1,-1,-1,0,10,Sunrise,false,false
1428381290330,-1,-1,-1,-1,0,10,Sunrise,true,false
1428381290330,-1,-1,-1,-1,0,10,Sunrise,false,false
1428381350674,-1,-1,-1,-1,0,10,Sunrise,true,false
1428381350674,-1,-1,-1,-1,0,10,Sunrise,false,false
1428381413904,-1,-1,-1,-1,0,10,Sunrise,true,false
1428381413904,-1,-1,-1,-1,0,10,Sunrise,false,false
1428381473940,-1,-1,-1,-1,0,10,Sunrise,true,false
1428381473940,-1,-1,-1,-1,0,10,Sunrise,false,false
1428381533961,-1,-1,-1,-1,0,10,Sunrise,true,false
1428381533961,-1,-1,-1,-1,0,10,Sunrise,false,false
1428381594050,-1,-1,-1,-1,0,10,Sunrise,true,false
1428381594050,-1,-1,-1,-1,0,10,Sunrise,false,false
1428381662401,-1,-1,-1,-1,0,10,Sunrise,true,false
1428381662401,-1,-1,-1,-1,0,10,Sunrise,false,false
1428381746259,-1,-1,-1,-1,0,10,Sunrise,true,false
1428381746259,-1,-1,-1,-1,0,10,Sunrise,false,false
1428381809606,-1,-1,-1,-1,0,10,Sunrise,true,false
1428381809606,-1,-1,-1,-1,0,10,Sunrise,false,false
1428381869810,-1,-1,-1,-1,0,10,Sunrise,true,false
1428381869810,-1,-1,-1,-1,0,10,Sunrise,false,false
1428381934321,-1,-1,-1,-1,0,10,Sunrise,true,false
1428381934321,-1,-1,-1,-1,0,10,Sunrise,false,false
1428381994936,-1,-1,-1,-1,0,10,Sunrise,true,false
1428381994936,-1,-1,-1,-1,0,10,Sunrise,false,false
1428382058286,-1,-1,-1,-1,0,10,Sunrise,true,false
1428382058286,-1,-1,-1,-1,0,10,Sunrise,false,false
1428382118916,-1,-1,-1,-1,0,10,Sunrise,true,false
1428382118916,-1,-1,-1,-1,0,10,Sunrise,false,false
1428382178978,-1,-1,-1,-1,0,10,Sunrise,true,false
1428382178978,-1,-1,-1,-1,0,10,Sunrise,false,false
1428382239008,-1,-1,-1,-1,0,10,Sunrise,true,false
1428382239008,-1,-1,-1,-1,0,10,Sunrise,false,false
1428382299112,-1,-1,-1,-1,0,10,Sunrise,true,false
1428382299112,-1,-1,-1,-1,0,10,Sunrise,false,false
1428382359883,-1,-1,-1,-1,0,10,Sunrise,true,false
1428382359883,-1,-1,-1,-1,0,10,Sunrise,false,false
1428382420883,-1,-1,-1,-1,0,10,Sunrise,true,false
1428382420883,-1,-1,-1,-1,0,10,Sunrise,false,false
1428382484328,-1,-1,-1,-1,0,10,Sunrise,true,false
1428382484328,-1,-1,-1,-1,0,10,Sunrise,false,false
1428382544873,-1,-1,-1,-1,0,10,Sunrise,true,false
1428382544873,-1,-1,-1,-1,0,10,Sunrise,false,false
1428382605961,-1,-1,-1,-1,0,10,Sunrise,true,false
1428382605961,-1,-1,-1,-1,0,10,Sunrise,false,false
1428382670095,-1,-1,-1,-1,0,10,Sunrise,true,false
1428382670095,-1,-1,-1,-1,0,10,Sunrise,false,false
1428382730102,-1,-1,-1,-1,0,10,Sunrise,true,false
1428382730102,-1,-1,-1,-1,0,10,Sunrise,false,false
1428382791383,-1,-1,-1,-1,0,10,Sunrise,true,false
1428382791383,-1,-1,-1,-1,0,10,Sunrise,false,false
1428382851880,-1,-1,-1,-1,0,10,Sunrise,true,false
1428382851880,-1,-1,-1,-1,0,10,Sunrise,false,false
1428382912236,-1,-1,-1,-1,0,10,Sunrise,true,false
1428382912236,-1,-1,-1,-1,0,10,Sunrise,false,false
1428382972530,-1,-1,-1,-1,0,10,Sunrise,true,false
1428382972530,-1,-1,-1,-1,0,10,Sunrise,false,false
1428383037002,-1,-1,-1,-1,0,10,Sunrise,true,false
1428383037002,-1,-1,-1,-1,0,10,Sunrise,false,false
1428383097187,-1,-1,-1,-1,0,10,Sunrise,true,false
1428383097187,-1,-1,-1,-1,0,10,Sunrise,false,false
1428383161011,-1,-1,-1,-1,0,10,Sunrise,true,false
1428383161011,-1,-1,-1,-1,0,10,Sunrise,false,false
1428383221966,-1,-1,-1,-1,0,10,Sunrise,true,false
1428383221966,-1,-1,-1,-1,0,10,Sunrise,false,false
1428383282117,-1,-1,-1,-1,0,10,Sunrise,true,false
1428383282117,-1,-1,-1,-1,0,10,Sunrise,false,false
1428383348122,-1,-1,-1,-1,0,10,Sunrise,true,false
1428383348122,-1,-1,-1,-1,0,10,Sunrise,false,false
1428383408611,-1,-1,-1,-1,0,10,Sunrise,true,false
1428383408611,-1,-1,-1,-1,0,10,Sunrise,false,false
1428383468947,-1,-1,-1,-1,0,10,Sunrise,true,false
1428383468947,-1,-1,-1,-1,0,10,Sunrise,false,false
1428383531056,-1,-1,-1,-1,0,10,Sunrise,true,false
1428383531056,-1,-1,-1,-1,0,10,Sunrise,false,false
1428383592048,-1,-1,-1,-1,0,10,Sunrise,true,false
1428383592048,-1,-1,-1,-1,0,10,Sunrise,false,false
1428383656001,-1,-1,-1,-1,0,10,Sunrise,true,false
1428383656001,-1,-1,-1,-1,0,10,Sunrise,false,false
1428383716036,-1,-1,-1,-1,0,10,Sunrise,true,false
1428383716036,-1,-1,-1,-1,0,10,Sunrise,false,false
1428383776177,-1,-1,-1,-1,0,10,Sunrise,true,false
1428383776177,-1,-1,-1,-1,0,10,Sunrise,false,false
1428383836950,-1,-1,-1,-1,0,10,Sunrise,true,false
1428383836950,-1,-1,-1,-1,0,10,Sunrise,false,false
1428383897839,-1,-1,-1,-1,0,10,Sunrise,true,false
1428383897839,-1,-1,-1,-1,0,10,Sunrise,false,false
1428383960018,-1,-1,-1,-1,0,10,Sunrise,true,false
1428383960018,-1,-1,-1,-1,0,10,Sunrise,false,false
1428384019960,-1,-1,-1,-1,0,10,Sunrise,true,false
1428384019960,-1,-1,-1,-1,0,10,Sunrise,false,false
1428384082199,-1,-1,-1,-1,0,10,Sunrise,true,false
1428384082199,-1,-1,-1,-1,0,10,Sunrise,false,false
1428384142883,-1,-1,-1,-1,0,10,Sunrise,true,false
1428384142883,-1,-1,-1,-1,0,10,Sunrise,false,false
1428384210103,-1,-1,-1,-1,0,10,Sunrise,true,false
1428384210103,-1,-1,-1,-1,0,10,Sunrise,false,false
1428384270875,-1,-1,-1,-1,0,10,Sunrise,true,false
1428384270875,-1,-1,-1,-1,0,10,Sunrise,false,false
1428384331228,-1,-1,-1,-1,0,10,Sunrise,true,false
1428384331228,-1,-1,-1,-1,0,10,Sunrise,false,false
1428384391909,-1,-1,-1,-1,0,10,Sunrise,true,false
1428384391909,-1,-1,-1,-1,0,10,Sunrise,false,false
1428384452331,-1,-1,-1,-1,0,10,Sunrise,true,false
1428384452331,-1,-1,-1,-1,0,10,Sunrise,false,false
1428384513869,-1,-1,-1,-1,0,10,Sunrise,true,false
1428384513869,-1,-1,-1,-1,0,10,Sunrise,false,false
1428384574936,-1,-1,-1,-1,0,10,Sunrise,true,false
1428384574936,-1,-1,-1,-1,0,10,Sunrise,false,false
1428384635945,-1,-1,-1,-1,0,10,Sunrise,true,false
1428384635945,-1,-1,-1,-1,0,10,Sunrise,false,false
1428384696948,-1,-1,-1,-1,0,10,Sunrise,true,false
1428384696948,-1,-1,-1,-1,0,10,Sunrise,false,false
1428384758008,-1,-1,-1,-1,0,10,Sunrise,true,false
1428384758008,-1,-1,-1,-1,0,10,Sunrise,false,false
1428384819000,-1,-1,-1,-1,0,10,Sunrise,true,false
1428384819000,-1,-1,-1,-1,0,10,Sunrise,false,false
1428384879926,-1,-1,-1,-1,0,10,Sunrise,true,false
1428384879926,-1,-1,-1,-1,0,10,Sunrise,false,false
1428384939919,-1,-1,-1,-1,0,10,Sunrise,true,false
1428384939919,-1,-1,-1,-1,0,10,Sunrise,false,false
1428385000032,-1,-1,-1,-1,0,10,Sunrise,true,false
1428385000032,-1,-1,-1,-1,0,10,Sunrise,false,false
1428385060092,-1,-1,-1,-1,0,10,Sunrise,true,false
1428385060092,-1,-1,-1,-1,0,10,Sunrise,false,false
1428385120152,-1,-1,-1,-1,0,10,Sunrise,true,false
1428385120152,-1,-1,-1,-1,0,10,Sunrise,false,false
1428385180289,-1,-1,-1,-1,0,10,Sunrise,true,false
1428385180289,-1,-1,-1,-1,0,10,Sunrise,false,false
1428385240468,-1,-1,-1,-1,0,10,Sunrise,true,false
1428385240468,-1,-1,-1,-1,0,10,Sunrise,false,false
1428385300622,-1,-1,-1,-1,0,10,Sunrise,true,false
1428385300622,-1,-1,-1,-1,0,10,Sunrise,false,false
1428385360553,-1,-1,-1,-1,0,10,Sunrise,true,false
1428385360553,-1,-1,-1,-1,0,10,Sunrise,false,false
1428385420573,-1,-1,-1,-1,0,10,Sunrise,true,false
1428385420573,-1,-1,-1,-1,0,10,Sunrise,false,false
1428385480573,-1,-1,-1,-1,0,10,Sunrise,true,false
1428385480573,-1,-1,-1,-1,0,10,Sunrise,false,false
1428385540601,-1,-1,-1,-1,0,10,Sunrise,true,false
1428385540601,-1,-1,-1,-1,0,10,Sunrise,false,false
1428385610460,-1,-1,-1,-1,0,10,Sunrise,true,false
1428385610460,-1,-1,-1,-1,0,10,Sunrise,false,false
1428385671636,-1,-1,-1,-1,0,10,Sunrise,true,false
1428385671636,-1,-1,-1,-1,0,10,Sunrise,false,false
1428385731704,-1,-1,-1,-1,0,10,Sunrise,true,false
1428385731704,-1,-1,-1,-1,0,10,Sunrise,false,false
1428385791749,-1,-1,-1,-1,0,10,Sunrise,true,false
1428385791749,-1,-1,-1,-1,0,10,Sunrise,false,false
1428385911842,-1,-1,-1,-1,0,10,Sunrise,true,false
1428385911842,-1,-1,-1,-1,0,10,Sunrise,false,false
1428385965587,-1,-1,-1,-1,0,10,Sunrise,true,false
1428385965587,-1,-1,-1,-1,0,10,Sunrise,false,false
1428386025515,-1,-1,-1,-1,0,10,Sunrise,true,false
1428386025515,-1,-1,-1,-1,0,10,Sunrise,false,false
1428386095261,-1,-1,-1,-1,0,10,Sunrise,true,false
1428386095261,-1,-1,-1,-1,0,10,Sunrise,false,false
1428386095261,-1,-1,-1,-1,0,10,Sunrise,false,false
1428386168946,-1,-1,-1,-1,0,10,Sunrise,true,false
1428386168946,-1,-1,-1,-1,0,10,Sunrise,false,false
1428386168946,-1,-1,-1,-1,0,10,Sunrise,false,false
1428386236174,-1,-1,-1,-1,0,10,Sunrise,true,false
1428386236174,-1,-1,-1,-1,0,10,Sunrise,false,false
1428386236174,-1,-1,-1,-1,0,10,Sunrise,false,false
1428386297290,-1,-1,-1,-1,0,10,Sunrise,true,false
1428386297290,-1,-1,-1,-1,0,10,Sunrise,false,false
1428386297290,-1,-1,-1,-1,0,10,Sunrise,false,false
1428386358501,-1,-1,-1,-1,0,10,Sunrise,true,false
1428386358501,-1,-1,-1,-1,0,10,Sunrise,false,false
1428386358501,-1,-1,-1,-1,0,10,Sunrise,false,false
1428386419615,-1,-1,-1,-1,0,10,Sunrise,true,false
1428386419615,-1,-1,-1,-1,0,10,Sunrise,false,false
1428386419615,-1,-1,-1,-1,0,10,Sunrise,false,false
1428386479761,-1,-1,-1,-1,0,10,Sunrise,true,false
1428386479761,-1,-1,-1,-1,0,10,Sunrise,false,false
1428386479761,-1,-1,-1,-1,0,10,Sunrise,false,false
1428386539883,-1,-1,-1,-1,0,10,Sunrise,true,false
1428386539883,-1,-1,-1,-1,0,10,Sunrise,false,false
1428386539883,-1,-1,-1,-1,0,10,Sunrise,false,false
1428386600116,-1,-1,-1,-1,0,10,Sunrise,true,false
1428386600116,-1,-1,-1,-1,0,10,Sunrise,false,false
1428386600116,-1,-1,-1,-1,0,10,Sunrise,false,false
1428386660204,-1,-1,-1,-1,0,10,Sunrise,true,false
1428386660204,-1,-1,-1,-1,0,10,Sunrise,false,false
1428386660204,-1,-1,-1,-1,0,10,Sunrise,false,false
1428386720277,-1,-1,-1,-1,0,10,Sunrise,true,false
1428386720277,-1,-1,-1,-1,0,10,Sunrise,false,false
1428386720277,-1,-1,-1,-1,0,10,Sunrise,false,false
1428386780447,-1,-1,-1,-1,0,10,Sunrise,true,false
1428386780447,-1,-1,-1,-1,0,10,Sunrise,false,false
1428386780447,-1,-1,-1,-1,0,10,Sunrise,false,false
1428386840424,-1,-1,-1,-1,0,10,Sunrise,true,false
1428386840424,-1,-1,-1,-1,0,10,Sunrise,false,false
1428386840424,-1,-1,-1,-1,0,10,Sunrise,false,false
1428386900440,-1,-1,-1,-1,0,10,Sunrise,true,false
1428386900440,-1,-1,-1,-1,0,10,Sunrise,false,false
1428386900440,-1,-1,-1,-1,0,10,Sunrise,false,false
1428386960578,-1,-1,-1,-1,0,10,Sunrise,true,false
1428386960578,-1,-1,-1,-1,0,10,Sunrise,false,false
1428386960578,-1,-1,-1,-1,0,10,Sunrise,false,false
1428387020681,-1,-1,-1,-1,0,10,Sunrise,true,false
1428387020681,-1,-1,-1,-1,0,10,Sunrise,false,false
1428387080778,-1,-1,-1,-1,0,10,Sunrise,true,false
1428387080778,-1,-1,-1,-1,0,10,Sunrise,false,false
1428387080778,-1,-1,-1,-1,0,10,Sunrise,false,false
1428387147062,-1,-1,-1,-1,0,10,Sunrise,true,false
1428387147062,-1,-1,-1,-1,0,10,Sunrise,false,false
1428387147062,-1,-1,-1,-1,0,10,Sunrise,false,false
1428387207125,-1,-1,-1,-1,0,10,Sunrise,true,false
1428387207125,-1,-1,-1,-1,0,10,Sunrise,false,false
1428387207125,-1,-1,-1,-1,0,10,Sunrise,false,false
1428387273402,-1,-1,-1,-1,0,10,Sunrise,true,false
1428387273402,-1,-1,-1,-1,0,10,Sunrise,false,false
1428387273402,-1,-1,-1,-1,0,10,Sunrise,false,false
1428387334579,-1,-1,-1,-1,0,10,Sunrise,true,false
1428387334579,-1,-1,-1,-1,0,10,Sunrise,false,false
1428387334579,-1,-1,-1,-1,0,10,Sunrise,false,false
1428387401144,-1,-1,-1,-1,0,10,Sunrise,true,false
1428387401144,-1,-1,-1,-1,0,10,Sunrise,false,false
1428387401144,-1,-1,-1,-1,0,10,Sunrise,false,false
1428387462534,-1,-1,-1,-1,0,10,Sunrise,true,false
1428387462534,-1,-1,-1,-1,0,10,Sunrise,false,false
1428387462534,-1,-1,-1,-1,0,10,Sunrise,false,false
1428387480587,-1,-1,-1,-1,0,10,Sunrise,true,false
1428387480587,-1,-1,-1,-1,0,10,Sunrise,false,false
1428387480587,-1,-1,-1,-1,0,10,Sunrise,false,false
1428387481251,-1,-1,-1,-1,0,10,Sunrise,true,false
1428387481251,-1,-1,-1,-1,0,10,Sunrise,false,false
1428387481251,-1,-1,-1,-1,0,10,Sunrise,false,false
1428387481529,-1,-1,-1,-1,0,10,Sunrise,true,false
1428387481529,-1,-1,-1,-1,0,10,Sunrise,false,false
1428387481529,-1,-1,-1,-1,0,10,Sunrise,false,false
1428387541543,-1,-1,-1,-1,0,10,Sunrise,true,false
1428387541543,-1,-1,-1,-1,0,10,Sunrise,false,false
1428387601678,-1,-1,-1,-1,0,10,Sunrise,true,false
1428387601678,-1,-1,-1,-1,0,10,Sunrise,false,false
1428387661736,-1,-1,-1,-1,0,10,Sunrise,true,false
1428387661736,-1,-1,-1,-1,0,10,Sunrise,false,false
1428387721821,-1,-1,-1,-1,0,10,Sunrise,true,false
1428387721821,-1,-1,-1,-1,0,10,Sunrise,false,false
1428387781932,-1,-1,-1,-1,0,10,Sunrise,true,false
1428387781932,-1,-1,-1,-1,0,10,Sunrise,false,false
1428387845171,-1,-1,-1,-1,0,10,Sunrise,true,false
1428387845171,-1,-1,-1,-1,0,10,Sunrise,false,false
1428387905388,-1,-1,-1,-1,0,10,Sunrise,true,false
1428387905388,-1,-1,-1,-1,0,10,Sunrise,false,false
1428387965487,-1,-1,-1,-1,0,10,Sunrise,true,false
1428387965487,-1,-1,-1,-1,0,10,Sunrise,false,false
1428388025591,-1,-1,-1,-1,0,10,Sunrise,true,false
1428388025591,-1,-1,-1,-1,0,10,Sunrise,false,false
1428388085599,-1,-1,-1,-1,0,10,Sunrise,true,false
1428388085599,-1,-1,-1,-1,0,10,Sunrise,false,false
1428388145681,-1,-1,-1,-1,0,10,Sunrise,true,false
1428388145681,-1,-1,-1,-1,0,10,Sunrise,false,false
1428388205881,-1,-1,-1,-1,0,10,Sunrise,true,false
1428388205881,-1,-1,-1,-1,0,10,Sunrise,false,false
1428388265806,-1,-1,-1,-1,0,10,Sunrise,true,false
1428388265806,-1,-1,-1,-1,0,10,Sunrise,false,false
1428388325966,-1,-1,-1,-1,0,10,Sunrise,true,false
1428388325966,-1,-1,-1,-1,0,10,Sunrise,false,false
1428388385932,-1,-1,-1,-1,0,10,Sunrise,true,false
1428388385932,-1,-1,-1,-1,0,10,Sunrise,false,false
1428388445993,-1,-1,-1,-1,0,10,Sunrise,true,false
1428388445993,-1,-1,-1,-1,0,10,Sunrise,false,false
1428388508296,-1,-1,-1,-1,0,10,Sunrise,true,false
1428388508296,-1,-1,-1,-1,0,10,Sunrise,false,false
1428388568289,-1,-1,-1,-1,0,10,Sunrise,true,false
1428388568289,-1,-1,-1,-1,0,10,Sunrise,false,false
1428388628388,-1,-1,-1,-1,0,10,Sunrise,true,false
1428388628388,-1,-1,-1,-1,0,10,Sunrise,false,false
1428388628388,-1,-1,-1,-1,0,10,Sunrise,false,false
1428388628388,-1,-1,-1,-1,0,10,Sunrise,false,false
1428388688456,-1,-1,-1,-1,0,10,Sunrise,true,false
1428388688456,-1,-1,-1,-1,0,10,Sunrise,false,false
1428388751455,-1,-1,-1,-1,0,10,Sunrise,true,false
1428388751455,-1,-1,-1,-1,0,10,Sunrise,false,false
1428388811641,-1,-1,-1,-1,0,10,Sunrise,true,false
1428388811641,-1,-1,-1,-1,0,10,Sunrise,false,false
1428388871776,-1,-1,-1,-1,0,10,Sunrise,true,false
1428388871776,-1,-1,-1,-1,0,10,Sunrise,false,false
1428388931800,-1,-1,-1,-1,0,10,Sunrise,true,false
1428388931800,-1,-1,-1,-1,0,10,Sunrise,false,false
1428389002081,-1,-1,-1,-1,0,10,Sunrise,true,false
1428389002081,-1,-1,-1,-1,0,10,Sunrise,false,false
1428389002081,-1,-1,-1,-1,0,10,Sunrise,false,false
1428389002081,-1,-1,-1,-1,0,10,Sunrise,false,false
1428389062994,-1,-1,-1,-1,0,10,Sunrise,true,false
1428389062994,-1,-1,-1,-1,0,10,Sunrise,false,false
1428389062994,-1,-1,-1,-1,0,10,Sunrise,false,false
1428389062994,-1,-1,-1,-1,0,10,Sunrise,false,false
1428389126054,-1,-1,-1,-1,0,10,Sunrise,true,false
1428389126054,-1,-1,-1,-1,0,10,Sunrise,false,false
1428389126054,-1,-1,-1,-1,0,10,Sunrise,false,false
1428389209886,8966656,42000,2,228,-112,13,Sunrise,true,false
1428389209886,383,2147483647,2147483647,2147483647,-103,13,Sunrise,false,false
1428389209886,137,2147483647,2147483647,2147483647,-123,13,Sunrise,false,false
1428389209886,8,2147483647,2147483647,2147483647,-116,13,Sunrise,false,false
1428389209886,37,2147483647,2147483647,2147483647,-126,13,Sunrise,false,false
1428389209886,136,2147483647,2147483647,2147483647,-125,13,Sunrise,false,false
1428389209886,2147483647,2147483647,2147483647,2147483647,-113,13,Sunrise,false,false
1428389209886,2147483647,2147483647,2147483647,2147483647,-113,13,Sunrise,false,false
1428389209886,2147483647,2147483647,2147483647,2147483647,-113,13,Sunrise,false,false
1428389209886,2147483647,2147483647,2147483647,2147483647,-113,13,Sunrise,false,false
1428389209886,2147483647,2147483647,2147483647,2147483647,-113,13,Sunrise,false,false
1428389209886,2147483647,2147483647,2147483647,2147483647,-113,13,Sunrise,false,false
1428389209886,2147483647,2147483647,2147483647,2147483647,-113,13,Sunrise,false,false
1428389209886,2147483647,2147483647,2147483647,2147483647,-113,13,Sunrise,false,false
1428389209886,2147483647,2147483647,2147483647,2147483647,-113,13,Sunrise,false,false
1428389271109,8966656,42000,2,228,-103,13,Sunrise,true,false
1428389271109,3,2147483647,2147483647,2147483647,-111,13,Sunrise,false,false
1428389271109,331,2147483647,2147483647,2147483647,-121,13,Sunrise,false,false
1428389271109,137,2147483647,2147483647,2147483647,-117,13,Sunrise,false,false
1428389271109,490,2147483647,2147483647,2147483647,-128,13,Sunrise,false,false
1428389271109,20,2147483647,2147483647,2147483647,-124,13,Sunrise,false,false
1428389271109,14,2147483647,2147483647,2147483647,-127,13,Sunrise,false,false
1428389271109,2147483647,2147483647,2147483647,2147483647,-113,13,Sunrise,false,false
1428389271109,2147483647,2147483647,2147483647,2147483647,-113,13,Sunrise,false,false
1428389271109,2147483647,2147483647,2147483647,2147483647,-113,13,Sunrise,false,false
1428389271109,2147483647,2147483647,2147483647,2147483647,-113,13,Sunrise,false,false
1428389271109,2147483647,2147483647,2147483647,2147483647,-113,13,Sunrise,false,false
1428389271109,2147483647,2147483647,2147483647,2147483647,-113,13,Sunrise,false,false
1428389271109,2147483647,2147483647,2147483647,2147483647,-113,13,Sunrise,false,false
1428389271109,2147483647,2147483647,2147483647,2147483647,-113,13,Sunrise,false,false
1428389271109,2147483647,2147483647,2147483647,2147483647,-113,13,Sunrise,false,false
1428389271109,-1,-1,-1,-1,0,13,Sunrise,false,false
1428389271109,-1,-1,-1,-1,0,13,Sunrise,false,false
1428389271109,-1,-1,-1,-1,0,13,Sunrise,false,false
1428389271109,-1,-1,-1,-1,0,13,Sunrise,false,false
1428389271109,-1,-1,-1,-1,0,13,Sunrise,false,false
1428389335944,8966656,42000,2,228,-102,13,Sunrise,true,false
1428389335944,137,2147483647,2147483647,2147483647,-115,13,Sunrise,false,false
1428389335944,37,2147483647,2147483647,2147483647,-119,13,Sunrise,false,false
1428389335944,3,2147483647,2147483647,2147483647,-117,13,Sunrise,false,false
1428389335944,182,2147483647,2147483647,2147483647,-125,13,Sunrise,false,false
1428389335944,331,2147483647,2147483647,2147483647,-119,13,Sunrise,false,false
1428389335944,32,2147483647,2147483647,2147483647,-119,13,Sunrise,false,false
1428389335944,8,2147483647,2147483647,2147483647,-121,13,Sunrise,false,false
1428389335944,2147483647,2147483647,2147483647,2147483647,-113,13,Sunrise,false,false
1428389335944,2147483647,2147483647,2147483647,2147483647,-113,13,Sunrise,false,false
1428389335944,2147483647,2147483647,2147483647,2147483647,-113,13,Sunrise,false,false
1428389335944,2147483647,2147483647,2147483647,2147483647,-113,13,Sunrise,false,false
1428389335944,2147483647,2147483647,2147483647,2147483647,-113,13,Sunrise,false,false
1428389335944,2147483647,2147483647,2147483647,2147483647,-113,13,Sunrise,false,false
1428389335944,2147483647,2147483647,2147483647,2147483647,-113,13,Sunrise,false,false
1428389335944,2147483647,2147483647,2147483647,2147483647,-113,13,Sunrise,false,false
1428389335944,2147483647,2147483647,2147483647,2147483647,-113,13,Sunrise,false,false
1428389400160,8966656,42000,2,228,-76,13,Sunrise,true,false
1428389400160,137,2147483647,2147483647,2147483647,-82,13,Sunrise,false,false
1428389400160,2147483647,2147483647,2147483647,2147483647,-113,13,Sunrise,false,false
1428389400160,2147483647,2147483647,2147483647,2147483647,-113,13,Sunrise,false,false
1428389400160,2147483647,2147483647,2147483647,2147483647,-113,13,Sunrise,false,false
1428389400160,2147483647,2147483647,2147483647,2147483647,-113,13,Sunrise,false,false
1428389400160,2147483647,2147483647,2147483647,2147483647,-113,13,Sunrise,false,false
1428389400160,2147483647,2147483647,2147483647,2147483647,-113,13,Sunrise,false,false
1428389400160,2147483647,2147483647,2147483647,2147483647,-113,13,Sunrise,false,false
1428389400160,2147483647,2147483647,2147483647,2147483647,-113,13,Sunrise,false,false
1428389400160,2147483647,2147483647,2147483647,2147483647,-113,13,Sunrise,false,false
1428389460221,8966657,42000,2,228,-91,13,Sunrise,true,false
1428389460221,135,2147483647,2147483647,2147483647,-95,13,Sunrise,false,false
1428389460221,331,2147483647,2147483647,2147483647,-98,13,Sunrise,false,false
1428389460221,2147483647,2147483647,2147483647,2147483647,-113,13,Sunrise,false,false
1428389460221,2147483647,2147483647,2147483647,2147483647,-113,13,Sunrise,false,false
1428389460221,2147483647,2147483647,2147483647,2147483647,-113,13,Sunrise,false,false
1428389460221,2147483647,2147483647,2147483647,2147483647,-113,13,Sunrise,false,false
1428389460221,2147483647,2147483647,2147483647,2147483647,-113,13,Sunrise,false,false
1428389460221,2147483647,2147483647,2147483647,2147483647,-113,13,Sunrise,false,false
1428389460221,2147483647,2147483647,2147483647,2147483647,-113,13,Sunrise,false,false
1428389460221,2147483647,2147483647,2147483647,2147483647,-113,13,Sunrise,false,false
1428389460221,2147483647,2147483647,2147483647,2147483647,-113,13,Sunrise,false,false
1428389520957,8966657,42000,2,228,-94,13,Sunrise,true,false
1428389520957,8,2147483647,2147483647,2147483647,-104,13,Sunrise,false,false
1428389520957,331,2147483647,2147483647,2147483647,-108,13,Sunrise,false,false
1428389520957,2147483647,2147483647,2147483647,2147483647,-113,13,Sunrise,false,false
1428389520957,2147483647,2147483647,2147483647,2147483647,-113,13,Sunrise,false,false
1428389520957,2147483647,2147483647,2147483647,2147483647,-113,13,Sunrise,false,false
1428389520957,2147483647,2147483647,2147483647,2147483647,-113,13,Sunrise,false,false
1428389520957,2147483647,2147483647,2147483647,2147483647,-113,13,Sunrise,false,false
1428389520957,2147483647,2147483647,2147483647,2147483647,-113,13,Sunrise,false,false
1428389520957,2147483647,2147483647,2147483647,2147483647,-113,13,Sunrise,false,false
1428389520957,2147483647,2147483647,2147483647,2147483647,-113,13,Sunrise,false,false
1428389520957,2147483647,2147483647,2147483647,2147483647,-113,13,Sunrise,false,false
1428389592175,8966657,42000,2,228,-100,13,Sunrise,true,false
1428389592175,135,2147483647,2147483647,2147483647,-99,13,Sunrise,false,false
1428389592175,108,2147483647,2147483647,2147483647,-112,13,Sunrise,false,false
1428389592175,2147483647,2147483647,2147483647,2147483647,-113,13,Sunrise,false,false
1428389592175,2147483647,2147483647,2147483647,2147483647,-113,13,Sunrise,false,false
1428389592175,2147483647,2147483647,2147483647,2147483647,-113,13,Sunrise,false,false
1428389592175,2147483647,2147483647,2147483647,2147483647,-113,13,Sunrise,false,false
1428389592175,2147483647,2147483647,2147483647,2147483647,-113,13,Sunrise,false,false
1428389592175,2147483647,2147483647,2147483647,2147483647,-113,13,Sunrise,false,false
1428389592175,2147483647,2147483647,2147483647,2147483647,-113,13,Sunrise,false,false
1428389592175,2147483647,2147483647,2147483647,2147483647,-113,13,Sunrise,false,false
1428389592175,2147483647,2147483647,2147483647,2147483647,-113,13,Sunrise,false,false
1428389677261,8971008,42010,2,228,-84,13,Sunrise,true,false
1428389677261,2147483647,2147483647,2147483647,2147483647,-113,13,Sunrise,false,false
1428389677261,2147483647,2147483647,2147483647,2147483647,-113,13,Sunrise,false,false
1428389677261,2147483647,2147483647,2147483647,2147483647,-113,13,Sunrise,false,false
1428389677261,2147483647,2147483647,2147483647,2147483647,-113,13,Sunrise,false,false
1428389677261,2147483647,2147483647,2147483647,2147483647,-113,13,Sunrise,false,false
1428389677261,2147483647,2147483647,2147483647,2147483647,-113,13,Sunrise,false,false
1428389677261,2147483647,2147483647,2147483647,2147483647,-113,13,Sunrise,false,false
1428389677261,2147483647,2147483647,2147483647,2147483647,-113,13,Sunrise,false,false
1428389677261,2147483647,2147483647,2147483647,2147483647,-113,13,Sunrise,false,false
1428389738977,8971008,42010,2,228,-85,13,Sunrise,true,false
1428389738977,89,2147483647,2147483647,2147483647,-91,13,Sunrise,false,false
1428389738977,39,2147483647,2147483647,2147483647,-105,13,Sunrise,false,false
1428389738977,2147483647,2147483647,2147483647,2147483647,-113,13,Sunrise,false,false
1428389738977,2147483647,2147483647,2147483647,2147483647,-113,13,Sunrise,false,false
1428389738977,2147483647,2147483647,2147483647,2147483647,-113,13,Sunrise,false,false
1428389738977,2147483647,2147483647,2147483647,2147483647,-113,13,Sunrise,false,false
1428389738977,2147483647,2147483647,2147483647,2147483647,-113,13,Sunrise,false,false
1428389738977,2147483647,2147483647,2147483647,2147483647,-113,13,Sunrise,false,false
1428389738977,2147483647,2147483647,2147483647,2147483647,-113,13,Sunrise,false,false
1428389738977,2147483647,2147483647,2147483647,2147483647,-113,13,Sunrise,false,false
1428389738977,2147483647,2147483647,2147483647,2147483647,-113,13,Sunrise,false,false
1428389799427,-1,-1,-1,-1,0,10,Sunrise,true,false
1428389860292,8961030,42010,2,228,-111,13,Sunrise,true,false
1428389860292,150,2147483647,2147483647,2147483647,-107,13,Sunrise,false,false
1428389860292,7,2147483647,2147483647,2147483647,-110,13,Sunrise,false,false
1428389860292,6,2147483647,2147483647,2147483647,-111,13,Sunrise,false,false
1428389860292,20,2147483647,2147483647,2147483647,-118,13,Sunrise,false,false
1428389860292,2147483647,2147483647,2147483647,2147483647,-113,13,Sunrise,false,false
1428389860292,2147483647,2147483647,2147483647,2147483647,-113,13,Sunrise,false,false
1428389860292,2147483647,2147483647,2147483647,2147483647,-113,13,Sunrise,false,false
1428389860292,2147483647,2147483647,2147483647,2147483647,-113,13,Sunrise,false,false
1428389860292,2147483647,2147483647,2147483647,2147483647,-113,13,Sunrise,false,false
1428389860292,2147483647,2147483647,2147483647,2147483647,-113,13,Sunrise,false,false
1428389860292,2147483647,2147483647,2147483647,2147483647,-113,13,Sunrise,false,false
1428389860292,2147483647,2147483647,2147483647,2147483647,-113,13,Sunrise,false,false
1428389860292,2147483647,2147483647,2147483647,2147483647,-113,13,Sunrise,false,false
1428389860292,2147483647,2147483647,2147483647,2147483647,-113,13,Sunrise,false,false
1428389860292,2147483647,2147483647,2147483647,2147483647,-113,13,Sunrise,false,false
1428389860292,2147483647,2147483647,2147483647,2147483647,-113,13,Sunrise,false,false
1428389860292,2147483647,2147483647,2147483647,2147483647,-113,13,Sunrise,false,false
1428389921903,8986370,42010,2,228,-95,13,Sunrise,true,false
1428389921903,52,2147483647,2147483647,2147483647,-109,13,Sunrise,false,false
1428389921903,149,2147483647,2147483647,2147483647,-120,13,Sunrise,false,false
1428389921903,50,2147483647,2147483647,2147483647,-120,13,Sunrise,false,false
1428389983853,8986368,42010,2,228,-104,13,Sunrise,true,false
1428389983853,51,2147483647,2147483647,2147483647,-119,13,Sunrise,false,false
1428389983853,160,2147483647,2147483647,2147483647,-119,13,Sunrise,false,false
1428389983853,345,2147483647,2147483647,2147483647,-112,13,Sunrise,false,false
1428389983853,2147483647,2147483647,2147483647,2147483647,-113,13,Sunrise,false,false
1428389983853,2147483647,2147483647,2147483647,2147483647,-113,13,Sunrise,false,false
1428389983853,2147483647,2147483647,2147483647,2147483647,-113,13,Sunrise,false,false
1428389983853,2147483647,2147483647,2147483647,2147483647,-113,13,Sunrise,false,false
1428389983853,2147483647,2147483647,2147483647,2147483647,-113,13,Sunrise,false,false
1428389983853,2147483647,2147483647,2147483647,2147483647,-113,13,Sunrise,false,false
1428389983853,2147483647,2147483647,2147483647,2147483647,-113,13,Sunrise,false,false
1428389983853,2147483647,2147483647,2147483647,2147483647,-113,13,Sunrise,false,false
1428389983853,2147483647,2147483647,2147483647,2147483647,-113,13,Sunrise,false,false
1428389983853,2147483647,2147483647,2147483647,2147483647,-113,13,Sunrise,false,false
1428389983853,2147483647,2147483647,2147483647,2147483647,-113,13,Sunrise,false,false
1428389983853,2147483647,2147483647,2147483647,2147483647,-113,13,Sunrise,false,false
1428389983853,2147483647,2147483647,2147483647,2147483647,-113,13,Sunrise,false,false
1428389983853,2147483647,2147483647,2147483647,2147483647,-113,13,Sunrise,false,false
1428389983853,2147483647,2147483647,2147483647,2147483647,-113,13,Sunrise,false,false
1428389983853,2147483647,2147483647,2147483647,2147483647,-113,13,Sunrise,false,false
1428389983853,-1,-1,-1,-1,0,13,Sunrise,false,false
1428389983853,-1,-1,-1,-1,0,13,Sunrise,false,false
1428389983853,-1,-1,-1,-1,0,13,Sunrise,false,false
1428390045108,-1,-1,-1,-1,0,10,Sunrise,true,false
1428390045108,-1,-1,-1,-1,0,10,Sunrise,false,false
1428390045108,-1,-1,-1,-1,0,10,Sunrise,false,false
1428390109958,11109,6001,3,228,-109,0,,true,false
1428390109958,-1,0,0,0,-107,0,,false,false
1428390171253,-1,-1,-1,-1,0,0,,true,false
1428390234220,8986368,42010,2,228,-115,13,Sunrise,true,false
1428390234220,51,2147483647,2147483647,2147483647,-128,13,Sunrise,false,false
1428390234220,345,2147483647,2147483647,2147483647,-118,13,Sunrise,false,false
1428390234220,2147483647,2147483647,2147483647,2147483647,-113,13,Sunrise,false,false
1428390234220,2147483647,2147483647,2147483647,2147483647,-113,13,Sunrise,false,false
1428390234220,2147483647,2147483647,2147483647,2147483647,-113,13,Sunrise,false,false
1428390234220,2147483647,2147483647,2147483647,2147483647,-113,13,Sunrise,false,false
1428390234220,2147483647,2147483647,2147483647,2147483647,-113,13,Sunrise,false,false
1428390234220,2147483647,2147483647,2147483647,2147483647,-113,13,Sunrise,false,false
1428390234220,2147483647,2147483647,2147483647,2147483647,-113,13,Sunrise,false,false
1428390234220,2147483647,2147483647,2147483647,2147483647,-113,13,Sunrise,false,false
1428390234220,2147483647,2147483647,2147483647,2147483647,-113,13,Sunrise,false,false
1428390234220,2147483647,2147483647,2147483647,2147483647,-113,13,Sunrise,false,false
1428390234220,2147483647,2147483647,2147483647,2147483647,-113,13,Sunrise,false,false
1428390234220,2147483647,2147483647,2147483647,2147483647,-113,13,Sunrise,false,false
1428390234220,2147483647,2147483647,2147483647,2147483647,-113,13,Sunrise,false,false
1428390234220,2147483647,2147483647,2147483647,2147483647,-113,13,Sunrise,false,false
1428390234220,2147483647,2147483647,2147483647,2147483647,-113,13,Sunrise,false,false
1428390234220,2147483647,2147483647,2147483647,2147483647,-113,13,Sunrise,false,false
1428390234220,-1,-1,-1,-1,0,13,Sunrise,false,false
1428390234220,-1,-1,-1,-1,0,13,Sunrise,false,false
1428390234220,-1,-1,-1,-1,0,13,Sunrise,false,false
1428390296910,8986368,42010,2,228,-117,13,Sunrise,true,false
1428390296910,345,2147483647,2147483647,2147483647,-132,13,Sunrise,false,false
1428390296910,2147483647,2147483647,2147483647,2147483647,-113,13,Sunrise,false,false
1428390296910,2147483647,2147483647,2147483647,2147483647,-113,13,Sunrise,false,false
1428390296910,2147483647,2147483647,2147483647,2147483647,-113,13,Sunrise,false,false
1428390296910,2147483647,2147483647,2147483647,2147483647,-113,13,Sunrise,false,false
1428390296910,2147483647,2147483647,2147483647,2147483647,-113,13,Sunrise,false,false
1428390296910,2147483647,2147483647,2147483647,2147483647,-113,13,Sunrise,false,false
1428390296910,2147483647,2147483647,2147483647,2147483647,-113,13,Sunrise,false,false
1428390296910,2147483647,2147483647,2147483647,2147483647,-113,13,Sunrise,false,false
1428390296910,2147483647,2147483647,2147483647,2147483647,-113,13,Sunrise,false,false
1428390296910,2147483647,2147483647,2147483647,2147483647,-113,13,Sunrise,false,false
1428390296910,2147483647,2147483647,2147483647,2147483647,-113,13,Sunrise,false,false
1428390296910,2147483647,2147483647,2147483647,2147483647,-113,13,Sunrise,false,false
1428390296910,2147483647,2147483647,2147483647,2147483647,-113,13,Sunrise,false,false
1428390296910,2147483647,2147483647,2147483647,2147483647,-113,13,Sunrise,false,false
1428390296910,2147483647,2147483647,2147483647,2147483647,-113,13,Sunrise,false,false
1428390296910,2147483647,2147483647,2147483647,2147483647,-113,13,Sunrise,false,false
1428390296910,-1,-1,-1,-1,0,13,Sunrise,false,false
1428390296910,-1,-1,-1,-1,0,13,Sunrise,false,false
1428390296910,-1,-1,-1,-1,0,13,Sunrise,false,false
1428390296910,-1,-1,-1,-1,0,13,Sunrise,false,false
1428390357937,-1,-1,-1,-1,0,10,Sunrise,true,false
1428390357937,-1,-1,-1,-1,0,10,Sunrise,false,false
1428390357937,-1,-1,-1,-1,0,10,Sunrise,false,false
1428390418977,-1,-1,-1,-1,0,10,Sunrise,true,false
1428390418977,-1,-1,-1,-1,0,10,Sunrise,false,false
1428390418977,-1,-1,-1,-1,0,10,Sunrise,false,false
1428390418977,-1,-1,-1,-1,0,10,Sunrise,false,false
1428390480889,-1,-1,-1,-1,0,10,Sunrise,true,false
1428390480889,-1,-1,-1,-1,0,10,Sunrise,false,false
1428390480889,-1,-1,-1,-1,0,10,Sunrise,false,false
1428390480889,-1,-1,-1,-1,0,10,Sunrise,false,false
1428390543892,-1,-1,-1,-1,0,10,Sunrise,true,false
1428390543892,-1,-1,-1,-1,0,10,Sunrise,false,false
1428390543892,-1,-1,-1,-1,0,10,Sunrise,false,false
1428390543892,-1,-1,-1,-1,0,10,Sunrise,false,false
1428390604988,-1,-1,-1,-1,0,10,Sunrise,true,false
1428390604988,-1,-1,-1,-1,0,10,Sunrise,false,false
1428390604988,-1,-1,-1,-1,0,10,Sunrise,false,false
1428390604988,-1,-1,-1,-1,0,10,Sunrise,false,false
1428390666096,-1,-1,-1,-1,0,10,Sunrise,true,false
1428390666096,-1,-1,-1,-1,0,10,Sunrise,false,false
1428390666096,-1,-1,-1,-1,0,10,Sunrise,false,false
1428390666096,-1,-1,-1,-1,0,10,Sunrise,false,false
1428390727261,-1,-1,-1,-1,0,10,Sunrise,true,false
1428390727261,-1,-1,-1,-1,0,10,Sunrise,false,false
1428390727261,-1,-1,-1,-1,0,10,Sunrise,false,false
1428390727261,-1,-1,-1,-1,0,10,Sunrise,false,false
1428390788476,-1,-1,-1,-1,0,10,Sunrise,true,false
1428390788476,-1,-1,-1,-1,0,10,Sunrise,false,false
1428390788476,-1,-1,-1,-1,0,10,Sunrise,false,false
1428390788476,-1,-1,-1,-1,0,10,Sunrise,false,false
1428390849579,-1,-1,-1,-1,0,10,Sunrise,true,false
1428390849579,-1,-1,-1,-1,0,10,Sunrise,false,false
1428390849579,-1,-1,-1,-1,0,10,Sunrise,false,false
1428390849579,-1,-1,-1,-1,0,10,Sunrise,false,false
1428390910970,-1,-1,-1,-1,0,10,Sunrise,true,false
1428390910970,-1,-1,-1,-1,0,10,Sunrise,false,false
1428390910970,-1,-1,-1,-1,0,10,Sunrise,false,false
1428390910970,-1,-1,-1,-1,0,10,Sunrise,false,false
1428390972059,-1,-1,-1,-1,0,10,Sunrise,true,false
1428390972059,-1,-1,-1,-1,0,10,Sunrise,false,false
1428390972059,-1,-1,-1,-1,0,10,Sunrise,false,false
1428391033220,-1,-1,-1,-1,0,10,Sunrise,true,false
1428391033220,-1,-1,-1,-1,0,10,Sunrise,false,false
1428391033220,-1,-1,-1,-1,0,10,Sunrise,false,false
1428391094338,-1,-1,-1,-1,0,10,Sunrise,true,false
1428391094338,-1,-1,-1,-1,0,10,Sunrise,false,false
1428391094338,-1,-1,-1,-1,0,10,Sunrise,false,false
1428391094338,-1,-1,-1,-1,0,10,Sunrise,false,false
1428391167032,-1,-1,-1,-1,0,10,Sunrise,true,false
1428391167032,-1,-1,-1,-1,0,10,Sunrise,false,false
1428391167032,-1,-1,-1,-1,0,10,Sunrise,false,false
1428391167032,-1,-1,-1,-1,0,10,Sunrise,false,false
1428391227502,-1,-1,-1,-1,0,10,Sunrise,true,false
1428391227502,-1,-1,-1,-1,0,10,Sunrise,false,false
1428391227502,-1,-1,-1,-1,0,10,Sunrise,false,false
1428391227502,-1,-1,-1,-1,0,10,Sunrise,false,false
1428391287878,-1,-1,-1,-1,0,10,Sunrise,true,false
1428391287878,-1,-1,-1,-1,0,10,Sunrise,false,false
1428391287878,-1,-1,-1,-1,0,10,Sunrise,false,false
1428391287878,-1,-1,-1,-1,0,10,Sunrise,false,false
1428391348094,-1,-1,-1,-1,0,10,Sunrise,true,false
1428391348094,-1,-1,-1,-1,0,10,Sunrise,false,false
1428391408033,-1,-1,-1,-1,0,10,Sunrise,true,false
1428391408033,-1,-1,-1,-1,0,10,Sunrise,false,false
1428391408033,-1,-1,-1,-1,0,10,Sunrise,false,false
1428391408033,-1,-1,-1,-1,0,10,Sunrise,false,false
1428391468140,-1,-1,-1,-1,0,10,Sunrise,true,false
1428391468140,-1,-1,-1,-1,0,10,Sunrise,false,false
1428391468140,-1,-1,-1,-1,0,10,Sunrise,false,false
1428391468140,-1,-1,-1,-1,0,10,Sunrise,false,false
1428391468140,-1,-1,-1,-1,0,10,Sunrise,false,false
1428391529896,8986368,42010,2,228,-114,13,Sunrise,true,false
1428391590915,-1,-1,-1,-1,0,10,Sunrise,true,false
1428391590915,-1,-1,-1,-1,0,10,Sunrise,false,false
1428391590915,-1,-1,-1,-1,0,10,Sunrise,false,false
1428391590915,-1,-1,-1,-1,0,10,Sunrise,false,false
1428391651217,-1,-1,-1,-1,0,10,Sunrise,true,false
1428391651217,-1,-1,-1,-1,0,10,Sunrise,false,false
1428391651217,-1,-1,-1,-1,0,10,Sunrise,false,false
1428391651217,-1,-1,-1,-1,0,10,Sunrise,false,false
1428391711452,-1,-1,-1,-1,0,10,Sunrise,true,false
1428391711452,-1,-1,-1,-1,0,10,Sunrise,false,false
1428391711452,-1,-1,-1,-1,0,10,Sunrise,false,false
1428391711452,-1,-1,-1,-1,0,10,Sunrise,false,false
1428391771391,-1,-1,-1,-1,0,10,Sunrise,true,false
1428391771391,-1,-1,-1,-1,0,10,Sunrise,false,false
1428391771391,-1,-1,-1,-1,0,10,Sunrise,false,false
1428391771391,-1,-1,-1,-1,0,10,Sunrise,false,false
1428391831841,-1,-1,-1,-1,0,10,Sunrise,true,false
1428391831841,-1,-1,-1,-1,0,10,Sunrise,false,false
1428391831841,-1,-1,-1,-1,0,10,Sunrise,false,false
1428391831841,-1,-1,-1,-1,0,10,Sunrise,false,false
1428391831841,-1,-1,-1,-1,0,10,Sunrise,false,false
1428391891866,8986368,42010,2,228,-103,13,Sunrise,true,false
1428391891866,2147483647,2147483647,2147483647,2147483647,-113,13,Sunrise,false,false
1428391891866,2147483647,2147483647,2147483647,2147483647,-113,13,Sunrise,false,false
1428391891866,2147483647,2147483647,2147483647,2147483647,-113,13,Sunrise,false,false
1428391891866,2147483647,2147483647,2147483647,2147483647,-113,13,Sunrise,false,false
1428391891866,2147483647,2147483647,2147483647,2147483647,-113,13,Sunrise,false,false
1428391891866,2147483647,2147483647,2147483647,2147483647,-113,13,Sunrise,false,false
1428391891866,2147483647,2147483647,2147483647,2147483647,-113,13,Sunrise,false,false
1428391891866,2147483647,2147483647,2147483647,2147483647,-113,13,Sunrise,false,false
1428391891866,2147483647,2147483647,2147483647,2147483647,-113,13,Sunrise,false,false
1428391891866,2147483647,2147483647,2147483647,2147483647,-113,13,Sunrise,false,false
1428391891866,2147483647,2147483647,2147483647,2147483647,-113,13,Sunrise,false,false
1428391891866,2147483647,2147483647,2147483647,2147483647,-113,13,Sunrise,false,false
1428391891866,2147483647,2147483647,2147483647,2147483647,-113,13,Sunrise,false,false
1428391891866,2147483647,2147483647,2147483647,2147483647,-113,13,Sunrise,false,false
1428391891866,2147483647,2147483647,2147483647,2147483647,-113,13,Sunrise,false,false
1428391891866,2147483647,2147483647,2147483647,2147483647,-113,13,Sunrise,false,false
1428391951916,-1,-1,-1,-1,0,10,Sunrise,true,false
1428391951916,-1,-1,-1,-1,0,10,Sunrise,false,false
1428391951916,-1,-1,-1,-1,0,10,Sunrise,false,false
1428391951916,-1,-1,-1,-1,0,10,Sunrise,false,false
1428391951916,-1,-1,-1,-1,0,10,Sunrise,false,false
1428392011892,-1,-1,-1,-1,0,10,Sunrise,true,false
1428392011892,-1,-1,-1,-1,0,10,Sunrise,false,false
1428392011892,-1,-1,-1,-1,0,10,Sunrise,false,false
1428392011892,-1,-1,-1,-1,0,10,Sunrise,false,false
1428392011892,-1,-1,-1,-1,0,10,Sunrise,false,false
1428392071966,-1,-1,-1,-1,0,10,Sunrise,true,false
1428392071966,-1,-1,-1,-1,0,10,Sunrise,false,false
1428392071966,-1,-1,-1,-1,0,10,Sunrise,false,false
1428392071966,-1,-1,-1,-1,0,10,Sunrise,false,false
1428392071966,-1,-1,-1,-1,0,10,Sunrise,false,false
1428392131914,-1,-1,-1,-1,0,10,Sunrise,true,false
1428392131914,-1,-1,-1,-1,0,10,Sunrise,false,false
1428392131914,-1,-1,-1,-1,0,10,Sunrise,false,false
1428392131914,-1,-1,-1,-1,0,10,Sunrise,false,false
1428392131914,-1,-1,-1,-1,0,10,Sunrise,false,false
1428392131914,-1,-1,-1,-1,0,10,Sunrise,false,false
1428392131914,-1,-1,-1,-1,0,10,Sunrise,false,false
1428392191927,-1,-1,-1,-1,0,10,Sunrise,true,false
1428392191927,-1,-1,-1,-1,0,10,Sunrise,false,false
1428392191927,-1,-1,-1,-1,0,10,Sunrise,false,false
1428392191927,-1,-1,-1,-1,0,10,Sunrise,false,false
1428392191927,-1,-1,-1,-1,0,10,Sunrise,false,false
1428392191927,-1,-1,-1,-1,0,10,Sunrise,false,false
1428392191927,-1,-1,-1,-1,0,10,Sunrise,false,false
1428392252867,-1,-1,-1,-1,0,10,Sunrise,true,false
1428392252867,-1,-1,-1,-1,0,10,Sunrise,false,false
1428392252867,-1,-1,-1,-1,0,10,Sunrise,false,false
1428392252867,-1,-1,-1,-1,0,10,Sunrise,false,false
1428392252867,-1,-1,-1,-1,0,10,Sunrise,false,false
1428392252867,-1,-1,-1,-1,0,10,Sunrise,false,false
1428392252867,-1,-1,-1,-1,0,10,Sunrise,false,false
1428392312859,-1,-1,-1,-1,0,10,Sunrise,true,false
1428392312859,-1,-1,-1,-1,0,10,Sunrise,false,false
1428392312859,-1,-1,-1,-1,0,10,Sunrise,false,false
1428392312859,-1,-1,-1,-1,0,10,Sunrise,false,false
1428392312859,-1,-1,-1,-1,0,10,Sunrise,false,false
1428392312859,-1,-1,-1,-1,0,10,Sunrise,false,false
1428392312859,-1,-1,-1,-1,0,10,Sunrise,false,false
1428392372911,-1,-1,-1,-1,0,10,Sunrise,true,false
1428392372911,-1,-1,-1,-1,0,10,Sunrise,false,false
1428392372911,-1,-1,-1,-1,0,10,Sunrise,false,false
1428392372911,-1,-1,-1,-1,0,10,Sunrise,false,false
1428392372911,-1,-1,-1,-1,0,10,Sunrise,false,false
1428392372911,-1,-1,-1,-1,0,10,Sunrise,false,false
1428392372911,-1,-1,-1,-1,0,10,Sunrise,false,false
1428392432888,-1,-1,-1,-1,0,10,Sunrise,true,false
1428392432888,-1,-1,-1,-1,0,10,Sunrise,false,false
1428392432888,-1,-1,-1,-1,0,10,Sunrise,false,false
1428392432888,-1,-1,-1,-1,0,10,Sunrise,false,false
1428392432888,-1,-1,-1,-1,0,10,Sunrise,false,false
1428392432888,-1,-1,-1,-1,0,10,Sunrise,false,false
1428392432888,-1,-1,-1,-1,0,10,Sunrise,false,false
1428392492921,-1,-1,-1,-1,0,10,Sunrise,true,false
1428392492921,-1,-1,-1,-1,0,10,Sunrise,false,false
1428392492921,-1,-1,-1,-1,0,10,Sunrise,false,false
1428392492921,-1,-1,-1,-1,0,10,Sunrise,false,false
1428392492921,-1,-1,-1,-1,0,10,Sunrise,false,false
1428392492921,-1,-1,-1,-1,0,10,Sunrise,false,false
1428392492921,-1,-1,-1,-1,0,10,Sunrise,false,false
1428392552994,-1,-1,-1,-1,0,10,Sunrise,true,false
1428392552994,-1,-1,-1,-1,0,10,Sunrise,false,false
1428392552994,-1,-1,-1,-1,0,10,Sunrise,false,false
1428392552994,-1,-1,-1,-1,0,10,Sunrise,false,false
1428392552994,-1,-1,-1,-1,0,10,Sunrise,false,false
1428392552994,-1,-1,-1,-1,0,10,Sunrise,false,false
1428392552994,-1,-1,-1,-1,0,10,Sunrise,false,false
1428392612947,-1,-1,-1,-1,0,10,Sunrise,true,false
1428392612947,-1,-1,-1,-1,0,10,Sunrise,false,false
1428392612947,-1,-1,-1,-1,0,10,Sunrise,false,false
1428392612947,-1,-1,-1,-1,0,10,Sunrise,false,false
1428392612947,-1,-1,-1,-1,0,10,Sunrise,false,false
1428392612947,-1,-1,-1,-1,0,10,Sunrise,false,false
1428392612947,-1,-1,-1,-1,0,10,Sunrise,false,false
1428392679858,-1,-1,-1,-1,0,10,Sunrise,true,false
1428392679858,-1,-1,-1,-1,0,10,Sunrise,false,false
1428392679858,-1,-1,-1,-1,0,10,Sunrise,false,false
1428392679858,-1,-1,-1,-1,0,10,Sunrise,false,false
1428392679858,-1,-1,-1,-1,0,10,Sunrise,false,false
1428392679858,-1,-1,-1,-1,0,10,Sunrise,false,false
1428392679858,-1,-1,-1,-1,0,10,Sunrise,false,false
1428392739859,-1,-1,-1,-1,0,10,Sunrise,true,false
1428392739859,-1,-1,-1,-1,0,10,Sunrise,false,false
1428392739859,-1,-1,-1,-1,0,10,Sunrise,false,false
1428392739859,-1,-1,-1,-1,0,10,Sunrise,false,false
1428392739859,-1,-1,-1,-1,0,10,Sunrise,false,false
1428392739859,-1,-1,-1,-1,0,10,Sunrise,false,false
1428392739859,-1,-1,-1,-1,0,10,Sunrise,false,false
1428392799922,-1,-1,-1,-1,0,10,Sunrise,true,false
1428392799922,-1,-1,-1,-1,0,10,Sunrise,false,false
1428392799922,-1,-1,-1,-1,0,10,Sunrise,false,false
1428392799922,-1,-1,-1,-1,0,10,Sunrise,false,false
1428392799922,-1,-1,-1,-1,0,10,Sunrise,false,false
1428392799922,-1,-1,-1,-1,0,10,Sunrise,false,false
1428392799922,-1,-1,-1,-1,0,10,Sunrise,false,false
1428392859953,-1,-1,-1,-1,0,10,Sunrise,true,false
1428392859953,-1,-1,-1,-1,0,10,Sunrise,false,false
1428392859953,-1,-1,-1,-1,0,10,Sunrise,false,false
1428392859953,-1,-1,-1,-1,0,10,Sunrise,false,false
1428392859953,-1,-1,-1,-1,0,10,Sunrise,false,false
1428392859953,-1,-1,-1,-1,0,10,Sunrise,false,false
1428392920920,-1,-1,-1,-1,0,10,Sunrise,true,false
1428392920920,-1,-1,-1,-1,0,10,Sunrise,false,false
1428392920920,-1,-1,-1,-1,0,10,Sunrise,false,false
1428392920920,-1,-1,-1,-1,0,10,Sunrise,false,false
1428392920920,-1,-1,-1,-1,0,10,Sunrise,false,false
1428392920920,-1,-1,-1,-1,0,10,Sunrise,false,false
1428392980965,-1,-1,-1,-1,0,10,Sunrise,true,false
1428392980965,-1,-1,-1,-1,0,10,Sunrise,false,false
1428392980965,-1,-1,-1,-1,0,10,Sunrise,false,false
1428392980965,-1,-1,-1,-1,0,10,Sunrise,false,false
1428392980965,-1,-1,-1,-1,0,10,Sunrise,false,false
1428392980965,-1,-1,-1,-1,0,10,Sunrise,false,false
1428393040989,-1,-1,-1,-1,0,10,Sunrise,true,false
1428393040989,-1,-1,-1,-1,0,10,Sunrise,false,false
1428393040989,-1,-1,-1,-1,0,10,Sunrise,false,false
1428393040989,-1,-1,-1,-1,0,10,Sunrise,false,false
1428393040989,-1,-1,-1,-1,0,10,Sunrise,false,false
1428393040989,-1,-1,-1,-1,0,10,Sunrise,false,false
1428393101027,-1,-1,-1,-1,0,10,Sunrise,true,false
1428393101027,-1,-1,-1,-1,0,10,Sunrise,false,false
1428393161053,-1,-1,-1,-1,0,10,Sunrise,true,false
1428393161053,-1,-1,-1,-1,0,10,Sunrise,false,false
1428393161053,-1,-1,-1,-1,0,10,Sunrise,false,false
1428393221172,-1,-1,-1,-1,0,10,Sunrise,true,false
1428393221172,-1,-1,-1,-1,0,10,Sunrise,false,false
1428393221172,-1,-1,-1,-1,0,10,Sunrise,false,false
1428393281244,-1,-1,-1,-1,0,10,Sunrise,true,false
1428393281244,-1,-1,-1,-1,0,10,Sunrise,false,false
1428393281244,-1,-1,-1,-1,0,10,Sunrise,false,false
1428393341216,8986368,42010,2,228,-109,13,Sunrise,true,false
1428393341216,51,2147483647,2147483647,2147483647,-130,13,Sunrise,false,false
1428393401864,-1,-1,-1,-1,0,10,Sunrise,true,false
1428393401864,-1,-1,-1,-1,0,10,Sunrise,false,false
1428393401864,-1,-1,-1,-1,0,10,Sunrise,false,false
1428393461871,-1,-1,-1,-1,0,10,Sunrise,true,false
1428393461871,-1,-1,-1,-1,0,10,Sunrise,false,false
1428393461871,-1,-1,-1,-1,0,10,Sunrise,false,false
1428393461871,-1,-1,-1,-1,0,10,Sunrise,false,false
1428393521862,-1,-1,-1,-1,0,10,Sunrise,true,false
1428393521862,-1,-1,-1,-1,0,10,Sunrise,false,false
1428393521862,-1,-1,-1,-1,0,10,Sunrise,false,false
1428393521862,-1,-1,-1,-1,0,10,Sunrise,false,false
1428393581900,-1,-1,-1,-1,0,10,Sunrise,true,false
1428393581900,-1,-1,-1,-1,0,10,Sunrise,false,false
1428393581900,-1,-1,-1,-1,0,10,Sunrise,false,false
1428393581900,-1,-1,-1,-1,0,10,Sunrise,false,false
1428393581900,-1,-1,-1,-1,0,10,Sunrise,false,false
1428393641991,-1,-1,-1,-1,0,10,Sunrise,true,false
1428393641991,-1,-1,-1,-1,0,10,Sunrise,false,false
1428393641991,-1,-1,-1,-1,0,10,Sunrise,false,false
1428393641991,-1,-1,-1,-1,0,10,Sunrise,false,false
1428393641991,-1,-1,-1,-1,0,10,Sunrise,false,false
1428393703152,-1,-1,-1,-1,0,10,Sunrise,true,false
1428393703152,-1,-1,-1,-1,0,10,Sunrise,false,false
1428393703152,-1,-1,-1,-1,0,10,Sunrise,false,false
1428393703152,-1,-1,-1,-1,0,10,Sunrise,false,false
1428393703152,-1,-1,-1,-1,0,10,Sunrise,false,false
1428393764237,-1,-1,-1,-1,0,10,Sunrise,true,false
1428393764237,-1,-1,-1,-1,0,10,Sunrise,false,false
1428393764237,-1,-1,-1,-1,0,10,Sunrise,false,false
1428393764237,-1,-1,-1,-1,0,10,Sunrise,false,false
1428393764237,-1,-1,-1,-1,0,10,Sunrise,false,false
1428393825376,-1,-1,-1,-1,0,10,Sunrise,true,false
1428393825376,-1,-1,-1,-1,0,10,Sunrise,false,false
1428393825376,-1,-1,-1,-1,0,10,Sunrise,false,false
1428393825376,-1,-1,-1,-1,0,10,Sunrise,false,false
1428393825376,-1,-1,-1,-1,0,10,Sunrise,false,false
1428393892987,-1,-1,-1,-1,0,10,Sunrise,true,false
1428393892987,-1,-1,-1,-1,0,10,Sunrise,false,false
1428393892987,-1,-1,-1,-1,0,10,Sunrise,false,false
1428393892987,-1,-1,-1,-1,0,10,Sunrise,false,false
1428393892987,-1,-1,-1,-1,0,10,Sunrise,false,false
1428393954063,-1,-1,-1,-1,0,10,Sunrise,true,false
1428393954063,-1,-1,-1,-1,0,10,Sunrise,false,false
1428393954063,-1,-1,-1,-1,0,10,Sunrise,false,false
1428393954063,-1,-1,-1,-1,0,10,Sunrise,false,false
1428393954063,-1,-1,-1,-1,0,10,Sunrise,false,false
1428394015156,-1,-1,-1,-1,0,10,Sunrise,true,false
1428394015156,-1,-1,-1,-1,0,10,Sunrise,false,false
1428394015156,-1,-1,-1,-1,0,10,Sunrise,false,false
1428394015156,-1,-1,-1,-1,0,10,Sunrise,false,false
1428394015156,-1,-1,-1,-1,0,10,Sunrise,false,false
1428394076290,-1,-1,-1,-1,0,10,Sunrise,true,false
1428394076290,-1,-1,-1,-1,0,10,Sunrise,false,false
1428394076290,-1,-1,-1,-1,0,10,Sunrise,false,false
1428394076290,-1,-1,-1,-1,0,10,Sunrise,false,false
1428394076290,-1,-1,-1,-1,0,10,Sunrise,false,false
1428394136862,-1,-1,-1,-1,0,10,Sunrise,true,false
1428394136862,-1,-1,-1,-1,0,10,Sunrise,false,false
1428394136862,-1,-1,-1,-1,0,10,Sunrise,false,false
1428394136862,-1,-1,-1,-1,0,10,Sunrise,false,false
1428394136862,-1,-1,-1,-1,0,10,Sunrise,false,false
1428394136862,-1,-1,-1,-1,0,10,Sunrise,false,false
1428394197984,-1,-1,-1,-1,0,10,Sunrise,true,false
1428394197984,-1,-1,-1,-1,0,10,Sunrise,false,false
1428394197984,-1,-1,-1,-1,0,10,Sunrise,false,false
1428394197984,-1,-1,-1,-1,0,10,Sunrise,false,false
1428394197984,-1,-1,-1,-1,0,10,Sunrise,false,false
1428394197984,-1,-1,-1,-1,0,10,Sunrise,false,false
1428394259040,-1,-1,-1,-1,0,10,Sunrise,true,false
1428394259040,-1,-1,-1,-1,0,10,Sunrise,false,false
1428394259040,-1,-1,-1,-1,0,10,Sunrise,false,false
1428394259040,-1,-1,-1,-1,0,10,Sunrise,false,false
1428394259040,-1,-1,-1,-1,0,10,Sunrise,false,false
1428394259040,-1,-1,-1,-1,0,10,Sunrise,false,false
1428394320152,-1,-1,-1,-1,0,10,Sunrise,true,false
1428394320152,-1,-1,-1,-1,0,10,Sunrise,false,false
1428394320152,-1,-1,-1,-1,0,10,Sunrise,false,false
1428394320152,-1,-1,-1,-1,0,10,Sunrise,false,false
1428394320152,-1,-1,-1,-1,0,10,Sunrise,false,false
1428394320152,-1,-1,-1,-1,0,10,Sunrise,false,false
1428394381197,-1,-1,-1,-1,0,10,Sunrise,true,false
1428394381197,-1,-1,-1,-1,0,10,Sunrise,false,false
1428394381197,-1,-1,-1,-1,0,10,Sunrise,false,false
1428394381197,-1,-1,-1,-1,0,10,Sunrise,false,false
1428394381197,-1,-1,-1,-1,0,10,Sunrise,false,false
1428394381197,-1,-1,-1,-1,0,10,Sunrise,false,false
1428394442429,-1,-1,-1,-1,0,10,Sunrise,true,false
1428394442429,-1,-1,-1,-1,0,10,Sunrise,false,false
1428394442429,-1,-1,-1,-1,0,10,Sunrise,false,false
1428394442429,-1,-1,-1,-1,0,10,Sunrise,false,false
1428394442429,-1,-1,-1,-1,0,10,Sunrise,false,false
1428394506268,-1,-1,-1,-1,0,10,Sunrise,true,false
1428394506268,-1,-1,-1,-1,0,10,Sunrise,false,false
1428394506268,-1,-1,-1,-1,0,10,Sunrise,false,false
1428394506268,-1,-1,-1,-1,0,10,Sunrise,false,false
1428394506268,-1,-1,-1,-1,0,10,Sunrise,false,false
1428394567868,-1,-1,-1,-1,0,10,Sunrise,true,false
1428394567868,-1,-1,-1,-1,0,10,Sunrise,false,false
1428394567868,-1,-1,-1,-1,0,10,Sunrise,false,false
1428394567868,-1,-1,-1,-1,0,10,Sunrise,false,false
1428394567868,-1,-1,-1,-1,0,10,Sunrise,false,false
1428394628989,-1,-1,-1,-1,0,10,Sunrise,true,false
1428394628989,-1,-1,-1,-1,0,10,Sunrise,false,false
1428394628989,-1,-1,-1,-1,0,10,Sunrise,false,false
1428394628989,-1,-1,-1,-1,0,10,Sunrise,false,false
1428394628989,-1,-1,-1,-1,0,10,Sunrise,false,false
1428394690269,-1,-1,-1,-1,0,10,Sunrise,true,false
1428394690269,-1,-1,-1,-1,0,10,Sunrise,false,false
1428394690269,-1,-1,-1,-1,0,10,Sunrise,false,false
1428394690269,-1,-1,-1,-1,0,10,Sunrise,false,false
1428394690269,-1,-1,-1,-1,0,10,Sunrise,false,false
1428394757891,-1,-1,-1,-1,0,10,Sunrise,true,false
1428394757891,-1,-1,-1,-1,0,10,Sunrise,false,false
1428394757891,-1,-1,-1,-1,0,10,Sunrise,false,false
1428394757891,-1,-1,-1,-1,0,10,Sunrise,false,false
1428394757891,-1,-1,-1,-1,0,10,Sunrise,false,false
1428394819038,-1,-1,-1,-1,0,10,Sunrise,true,false
1428394819038,-1,-1,-1,-1,0,10,Sunrise,false,false
1428394819038,-1,-1,-1,-1,0,10,Sunrise,false,false
1428394819038,-1,-1,-1,-1,0,10,Sunrise,false,false
1428394819038,-1,-1,-1,-1,0,10,Sunrise,false,false
1428394880248,-1,-1,-1,-1,0,10,Sunrise,true,false
1428394880248,-1,-1,-1,-1,0,10,Sunrise,false,false
1428394880248,-1,-1,-1,-1,0,10,Sunrise,false,false
1428394880248,-1,-1,-1,-1,0,10,Sunrise,false,false
1428394880248,-1,-1,-1,-1,0,10,Sunrise,false,false
1428394941489,-1,-1,-1,-1,0,10,Sunrise,true,false
1428394941489,-1,-1,-1,-1,0,10,Sunrise,false,false
1428394941489,-1,-1,-1,-1,0,10,Sunrise,false,false
1428394941489,-1,-1,-1,-1,0,10,Sunrise,false,false
1428394941489,-1,-1,-1,-1,0,10,Sunrise,false,false
1428395002973,-1,-1,-1,-1,0,10,Sunrise,true,false
1428395002973,-1,-1,-1,-1,0,10,Sunrise,false,false
1428395002973,-1,-1,-1,-1,0,10,Sunrise,false,false
1428395002973,-1,-1,-1,-1,0,10,Sunrise,false,false
1428395002973,-1,-1,-1,-1,0,10,Sunrise,false,false
1428395064347,-1,-1,-1,-1,0,10,Sunrise,true,false
1428395064347,-1,-1,-1,-1,0,10,Sunrise,false,false
1428395064347,-1,-1,-1,-1,0,10,Sunrise,false,false
1428395064347,-1,-1,-1,-1,0,10,Sunrise,false,false
1428395064347,-1,-1,-1,-1,0,10,Sunrise,false,false
1428395125503,-1,-1,-1,-1,0,10,Sunrise,true,false
1428395125503,-1,-1,-1,-1,0,10,Sunrise,false,false
1428395125503,-1,-1,-1,-1,0,10,Sunrise,false,false
1428395125503,-1,-1,-1,-1,0,10,Sunrise,false,false
1428395125503,-1,-1,-1,-1,0,10,Sunrise,false,false
1428395186914,8986368,42010,2,228,-110,13,Sunrise,true,false
1428395186914,2147483647,2147483647,2147483647,2147483647,-113,13,Sunrise,false,false
1428395186914,2147483647,2147483647,2147483647,2147483647,-113,13,Sunrise,false,false
1428395186914,2147483647,2147483647,2147483647,2147483647,-113,13,Sunrise,false,false
1428395186914,2147483647,2147483647,2147483647,2147483647,-113,13,Sunrise,false,false
1428395186914,2147483647,2147483647,2147483647,2147483647,-113,13,Sunrise,false,false
1428395186914,2147483647,2147483647,2147483647,2147483647,-113,13,Sunrise,false,false
1428395186914,2147483647,2147483647,2147483647,2147483647,-113,13,Sunrise,false,false
1428395186914,2147483647,2147483647,2147483647,2147483647,-113,13,Sunrise,false,false
1428395186914,2147483647,2147483647,2147483647,2147483647,-113,13,Sunrise,false,false
1428395186914,2147483647,2147483647,2147483647,2147483647,-113,13,Sunrise,false,false
1428395186914,2147483647,2147483647,2147483647,2147483647,-113,13,Sunrise,false,false
1428395186914,2147483647,2147483647,2147483647,2147483647,-113,13,Sunrise,false,false
1428395186914,2147483647,2147483647,2147483647,2147483647,-113,13,Sunrise,false,false
1428395186914,2147483647,2147483647,2147483647,2147483647,-113,13,Sunrise,false,false
1428395186914,2147483647,2147483647,2147483647,2147483647,-113,13,Sunrise,false,false
1428395186914,2147483647,2147483647,2147483647,2147483647,-113,13,Sunrise,false,false
1428395248878,8986368,42010,2,228,-106,13,Sunrise,true,false
1428395248878,2147483647,2147483647,2147483647,2147483647,-113,13,Sunrise,false,false
1428395248878,2147483647,2147483647,2147483647,2147483647,-113,13,Sunrise,false,false
1428395248878,2147483647,2147483647,2147483647,2147483647,-113,13,Sunrise,false,false
1428395248878,2147483647,2147483647,2147483647,2147483647,-113,13,Sunrise,false,false
1428395248878,2147483647,2147483647,2147483647,2147483647,-113,13,Sunrise,false,false
1428395248878,2147483647,2147483647,2147483647,2147483647,-113,13,Sunrise,false,false
1428395248878,2147483647,2147483647,2147483647,2147483647,-113,13,Sunrise,false,false
1428395248878,2147483647,2147483647,2147483647,2147483647,-113,13,Sunrise,false,false
1428395248878,2147483647,2147483647,2147483647,2147483647,-113,13,Sunrise,false,false
1428395248878,2147483647,2147483647,2147483647,2147483647,-113,13,Sunrise,false,false
1428395248878,2147483647,2147483647,2147483647,2147483647,-113,13,Sunrise,false,false
1428395248878,2147483647,2147483647,2147483647,2147483647,-113,13,Sunrise,false,false
1428395248878,2147483647,2147483647,2147483647,2147483647,-113,13,Sunrise,false,false
1428395248878,2147483647,2147483647,2147483647,2147483647,-113,13,Sunrise,false,false
1428395248878,2147483647,2147483647,2147483647,2147483647,-113,13,Sunrise,false,false
1428395248878,2147483647,2147483647,2147483647,2147483647,-113,13,Sunrise,false,false
1428395248878,-1,-1,-1,-1,0,13,Sunrise,false,false
1428395309895,8986368,42010,2,228,-107,13,Sunrise,true,false
1428395309895,2147483647,2147483647,2147483647,2147483647,-113,13,Sunrise,false,false
1428395309895,2147483647,2147483647,2147483647,2147483647,-113,13,Sunrise,false,false
1428395309895,2147483647,2147483647,2147483647,2147483647,-113,13,Sunrise,false,false
1428395309895,2147483647,2147483647,2147483647,2147483647,-113,13,Sunrise,false,false
1428395309895,2147483647,2147483647,2147483647,2147483647,-113,13,Sunrise,false,false
1428395309895,2147483647,2147483647,2147483647,2147483647,-113,13,Sunrise,false,false
1428395309895,2147483647,2147483647,2147483647,2147483647,-113,13,Sunrise,false,false
1428395309895,2147483647,2147483647,2147483647,2147483647,-113,13,Sunrise,false,false
1428395309895,2147483647,2147483647,2147483647,2147483647,-113,13,Sunrise,false,false
1428395309895,2147483647,2147483647,2147483647,2147483647,-113,13,Sunrise,false,false
1428395309895,2147483647,2147483647,2147483647,2147483647,-113,13,Sunrise,false,false
1428395309895,2147483647,2147483647,2147483647,2147483647,-113,13,Sunrise,false,false
1428395309895,2147483647,2147483647,2147483647,2147483647,-113,13,Sunrise,false,false
1428395309895,2147483647,2147483647,2147483647,2147483647,-113,13,Sunrise,false,false
1428395309895,2147483647,2147483647,2147483647,2147483647,-113,13,Sunrise,false,false
1428395309895,2147483647,2147483647,2147483647,2147483647,-113,13,Sunrise,false,false
1428395309895,-1,-1,-1,-1,0,13,Sunrise,false,false
1428395376901,8986368,42010,2,228,-104,13,Sunrise,true,false
1428395376901,2147483647,2147483647,2147483647,2147483647,-113,13,Sunrise,false,false
1428395376901,2147483647,2147483647,2147483647,2147483647,-113,13,Sunrise,false,false
1428395376901,2147483647,2147483647,2147483647,2147483647,-113,13,Sunrise,false,false
1428395376901,2147483647,2147483647,2147483647,2147483647,-113,13,Sunrise,false,false
1428395376901,2147483647,2147483647,2147483647,2147483647,-113,13,Sunrise,false,false
1428395376901,2147483647,2147483647,2147483647,2147483647,-113,13,Sunrise,false,false
1428395376901,2147483647,2147483647,2147483647,2147483647,-113,13,Sunrise,false,false
1428395376901,2147483647,2147483647,2147483647,2147483647,-113,13,Sunrise,false,false
1428395376901,2147483647,2147483647,2147483647,2147483647,-113,13,Sunrise,false,false
1428395376901,2147483647,2147483647,2147483647,2147483647,-113,13,Sunrise,false,false
1428395376901,2147483647,2147483647,2147483647,2147483647,-113,13,Sunrise,false,false
1428395376901,2147483647,2147483647,2147483647,2147483647,-113,13,Sunrise,false,false
1428395376901,2147483647,2147483647,2147483647,2147483647,-113,13,Sunrise,false,false
1428395376901,2147483647,2147483647,2147483647,2147483647,-113,13,Sunrise,false,false
1428395376901,2147483647,2147483647,2147483647,2147483647,-113,13,Sunrise,false,false
1428395376901,2147483647,2147483647,2147483647,2147483647,-113,13,Sunrise,false,false
1428395376901,-1,-1,-1,-1,0,13,Sunrise,false,false
1428395437986,-1,-1,-1,-1,0,10,Sunrise,true,false
1428395437986,-1,-1,-1,-1,0,10,Sunrise,false,false
1428395437986,-1,-1,-1,-1,0,10,Sunrise,false,false
1428395437986,-1,-1,-1,-1,0,10,Sunrise,false,false
1428395499015,-1,-1,-1,-1,0,10,Sunrise,true,false
1428395499015,-1,-1,-1,-1,0,10,Sunrise,false,false
1428395499015,-1,-1,-1,-1,0,10,Sunrise,false,false
1428395499015,-1,-1,-1,-1,0,10,Sunrise,false,false
1428395560942,-1,-1,-1,-1,0,10,Sunrise,true,false
1428395560942,-1,-1,-1,-1,0,10,Sunrise,false,false
1428395560942,-1,-1,-1,-1,0,10,Sunrise,false,false
1428395560942,-1,-1,-1,-1,0,10,Sunrise,false,false
1428395622159,-1,-1,-1,-1,0,10,Sunrise,true,false
1428395622159,-1,-1,-1,-1,0,10,Sunrise,false,false
1428395622159,-1,-1,-1,-1,0,10,Sunrise,false,false
1428395622159,-1,-1,-1,-1,0,10,Sunrise,false,false
1428395686880,8986368,42010,2,228,-106,13,Sunrise,true,false
1428395686880,51,2147483647,2147483647,2147483647,-120,13,Sunrise,false,false
1428395686880,2147483647,2147483647,2147483647,2147483647,-113,13,Sunrise,false,false
1428395686880,2147483647,2147483647,2147483647,2147483647,-113,13,Sunrise,false,false
1428395686880,2147483647,2147483647,2147483647,2147483647,-113,13,Sunrise,false,false
1428395686880,2147483647,2147483647,2147483647,2147483647,-113,13,Sunrise,false,false
1428395686880,2147483647,2147483647,2147483647,2147483647,-113,13,Sunrise,false,false
1428395686880,2147483647,2147483647,2147483647,2147483647,-113,13,Sunrise,false,false
1428395686880,2147483647,2147483647,2147483647,2147483647,-113,13,Sunrise,false,false
1428395686880,2147483647,2147483647,2147483647,2147483647,-113,13,Sunrise,false,false
1428395686880,2147483647,2147483647,2147483647,2147483647,-113,13,Sunrise,false,false
1428395686880,2147483647,2147483647,2147483647,2147483647,-113,13,Sunrise,false,false
1428395686880,2147483647,2147483647,2147483647,2147483647,-113,13,Sunrise,false,false
1428395686880,2147483647,2147483647,2147483647,2147483647,-113,13,Sunrise,false,false
1428395686880,2147483647,2147483647,2147483647,2147483647,-113,13,Sunrise,false,false
1428395686880,2147483647,2147483647,2147483647,2147483647,-113,13,Sunrise,false,false
1428395686880,2147483647,2147483647,2147483647,2147483647,-113,13,Sunrise,false,false
1428395686880,2147483647,2147483647,2147483647,2147483647,-113,13,Sunrise,false,false
1428395747981,8986368,42010,2,228,-107,13,Sunrise,true,false
1428395747981,2147483647,2147483647,2147483647,2147483647,-113,13,Sunrise,false,false
1428395747981,2147483647,2147483647,2147483647,2147483647,-113,13,Sunrise,false,false
1428395747981,2147483647,2147483647,2147483647,2147483647,-113,13,Sunrise,false,false
1428395747981,2147483647,2147483647,2147483647,2147483647,-113,13,Sunrise,false,false
1428395747981,2147483647,2147483647,2147483647,2147483647,-113,13,Sunrise,false,false
1428395747981,2147483647,2147483647,2147483647,2147483647,-113,13,Sunrise,false,false
1428395747981,2147483647,2147483647,2147483647,2147483647,-113,13,Sunrise,false,false
1428395747981,2147483647,2147483647,2147483647,2147483647,-113,13,Sunrise,false,false
1428395747981,2147483647,2147483647,2147483647,2147483647,-113,13,Sunrise,false,false
1428395747981,2147483647,2147483647,2147483647,2147483647,-113,13,Sunrise,false,false
1428395747981,2147483647,2147483647,2147483647,2147483647,-113,13,Sunrise,false,false
1428395747981,2147483647,2147483647,2147483647,2147483647,-113,13,Sunrise,false,false
1428395747981,2147483647,2147483647,2147483647,2147483647,-113,13,Sunrise,false,false
1428395747981,2147483647,2147483647,2147483647,2147483647,-113,13,Sunrise,false,false
1428395747981,2147483647,2147483647,2147483647,2147483647,-113,13,Sunrise,false,false
1428395747981,2147483647,2147483647,2147483647,2147483647,-113,13,Sunrise,false,false
1428395809895,8986368,42010,2,228,-106,13,Sunrise,true,false
1428395809895,2147483647,2147483647,2147483647,2147483647,-113,13,Sunrise,false,false
1428395809895,2147483647,2147483647,2147483647,2147483647,-113,13,Sunrise,false,false
1428395809895,2147483647,2147483647,2147483647,2147483647,-113,13,Sunrise,false,false
1428395809895,2147483647,2147483647,2147483647,2147483647,-113,13,Sunrise,false,false
1428395809895,2147483647,2147483647,2147483647,2147483647,-113,13,Sunrise,false,false
1428395809895,2147483647,2147483647,2147483647,2147483647,-113,13,Sunrise,false,false
1428395809895,2147483647,2147483647,2147483647,2147483647,-113,13,Sunrise,false,false
1428395809895,2147483647,2147483647,2147483647,2147483647,-113,13,Sunrise,false,false
1428395809895,2147483647,2147483647,2147483647,2147483647,-113,13,Sunrise,false,false
1428395809895,2147483647,2147483647,2147483647,2147483647,-113,13,Sunrise,false,false
1428395809895,2147483647,2147483647,2147483647,2147483647,-113,13,Sunrise,false,false
1428395809895,2147483647,2147483647,2147483647,2147483647,-113,13,Sunrise,false,false
1428395809895,2147483647,2147483647,2147483647,2147483647,-113,13,Sunrise,false,false
1428395809895,2147483647,2147483647,2147483647,2147483647,-113,13,Sunrise,false,false
1428395809895,2147483647,2147483647,2147483647,2147483647,-113,13,Sunrise,false,false
1428395809895,2147483647,2147483647,2147483647,2147483647,-113,13,Sunrise,false,false
1428395871077,8986368,42010,2,228,-108,13,Sunrise,true,false
1428395871077,2147483647,2147483647,2147483647,2147483647,-113,13,Sunrise,false,false
1428395871077,2147483647,2147483647,2147483647,2147483647,-113,13,Sunrise,false,false
1428395871077,2147483647,2147483647,2147483647,2147483647,-113,13,Sunrise,false,false
1428395871077,2147483647,2147483647,2147483647,2147483647,-113,13,Sunrise,false,false
1428395871077,2147483647,2147483647,2147483647,2147483647,-113,13,Sunrise,false,false
1428395871077,2147483647,2147483647,2147483647,2147483647,-113,13,Sunrise,false,false
1428395871077,2147483647,2147483647,2147483647,2147483647,-113,13,Sunrise,false,false
1428395871077,2147483647,2147483647,2147483647,2147483647,-113,13,Sunrise,false,false
1428395871077,2147483647,2147483647,2147483647,2147483647,-113,13,Sunrise,false,false
1428395871077,2147483647,2147483647,2147483647,2147483647,-113,13,Sunrise,false,false
1428395871077,2147483647,2147483647,2147483647,2147483647,-113,13,Sunrise,false,false
1428395871077,2147483647,2147483647,2147483647,2147483647,-113,13,Sunrise,false,false
1428395871077,2147483647,2147483647,2147483647,2147483647,-113,13,Sunrise,false,false
1428395871077,2147483647,2147483647,2147483647,2147483647,-113,13,Sunrise,false,false
1428395871077,2147483647,2147483647,2147483647,2147483647,-113,13,Sunrise,false,false
1428395871077,2147483647,2147483647,2147483647,2147483647,-113,13,Sunrise,false,false
1428395871077,-1,-1,-1,-1,0,13,Sunrise,false,false
1428395871077,-1,-1,-1,-1,0,13,Sunrise,false,false
1428395871077,-1,-1,-1,-1,0,13,Sunrise,false,false
1428395935946,8986368,42010,2,228,-101,13,Sunrise,true,false
1428395935946,2147483647,2147483647,2147483647,2147483647,-113,13,Sunrise,false,false
1428395935946,2147483647,2147483647,2147483647,2147483647,-113,13,Sunrise,false,false
1428395935946,2147483647,2147483647,2147483647,2147483647,-113,13,Sunrise,false,false
1428395935946,2147483647,2147483647,2147483647,2147483647,-113,13,Sunrise,false,false
1428395935946,2147483647,2147483647,2147483647,2147483647,-113,13,Sunrise,false,false
1428395935946,2147483647,2147483647,2147483647,2147483647,-113,13,Sunrise,false,false
1428395935946,2147483647,2147483647,2147483647,2147483647,-113,13,Sunrise,false,false
1428395935946,2147483647,2147483647,2147483647,2147483647,-113,13,Sunrise,false,false
1428395935946,2147483647,2147483647,2147483647,2147483647,-113,13,Sunrise,false,false
1428395935946,2147483647,2147483647,2147483647,2147483647,-113,13,Sunrise,false,false
1428395935946,2147483647,2147483647,2147483647,2147483647,-113,13,Sunrise,false,false
1428395935946,2147483647,2147483647,2147483647,2147483647,-113,13,Sunrise,false,false
1428395935946,2147483647,2147483647,2147483647,2147483647,-113,13,Sunrise,false,false
1428395935946,2147483647,2147483647,2147483647,2147483647,-113,13,Sunrise,false,false
1428395935946,2147483647,2147483647,2147483647,2147483647,-113,13,Sunrise,false,false
1428395935946,2147483647,2147483647,2147483647,2147483647,-113,13,Sunrise,false,false
1428395935946,-1,-1,-1,-1,0,13,Sunrise,false,false
1428395935946,-1,-1,-1,-1,0,13,Sunrise,false,false
1428395935946,-1,-1,-1,-1,0,13,Sunrise,false,false
1428395935946,-1,-1,-1,-1,0,13,Sunrise,false,false
1428395997078,8986368,42010,2,228,-107,13,Sunrise,true,false
1428395997078,2147483647,2147483647,2147483647,2147483647,-113,13,Sunrise,false,false
1428395997078,2147483647,2147483647,2147483647,2147483647,-113,13,Sunrise,false,false
1428395997078,2147483647,2147483647,2147483647,2147483647,-113,13,Sunrise,false,false
1428395997078,2147483647,2147483647,2147483647,2147483647,-113,13,Sunrise,false,false
1428395997078,2147483647,2147483647,2147483647,2147483647,-113,13,Sunrise,false,false
1428395997078,2147483647,2147483647,2147483647,2147483647,-113,13,Sunrise,false,false
1428395997078,2147483647,2147483647,2147483647,2147483647,-113,13,Sunrise,false,false
1428395997078,2147483647,2147483647,2147483647,2147483647,-113,13,Sunrise,false,false
1428395997078,2147483647,2147483647,2147483647,2147483647,-113,13,Sunrise,false,false
1428395997078,2147483647,2147483647,2147483647,2147483647,-113,13,Sunrise,false,false
1428395997078,2147483647,2147483647,2147483647,2147483647,-113,13,Sunrise,false,false
1428395997078,2147483647,2147483647,2147483647,2147483647,-113,13,Sunrise,false,false
1428395997078,2147483647,2147483647,2147483647,2147483647,-113,13,Sunrise,false,false
1428395997078,2147483647,2147483647,2147483647,2147483647,-113,13,Sunrise,false,false
1428395997078,2147483647,2147483647,2147483647,2147483647,-113,13,Sunrise,false,false
1428395997078,2147483647,2147483647,2147483647,2147483647,-113,13,Sunrise,false,false
1428395997078,-1,-1,-1,-1,0,13,Sunrise,false,false
1428395997078,-1,-1,-1,-1,0,13,Sunrise,false,false
1428395997078,-1,-1,-1,-1,0,13,Sunrise,false,false
1428395997078,-1,-1,-1,-1,0,13,Sunrise,false,false
1428396058242,8986368,42010,2,228,-109,13,Sunrise,true,false
1428396058242,345,2147483647,2147483647,2147483647,-125,13,Sunrise,false,false
1428396058242,2147483647,2147483647,2147483647,2147483647,-113,13,Sunrise,false,false
1428396058242,2147483647,2147483647,2147483647,2147483647,-113,13,Sunrise,false,false
1428396058242,2147483647,2147483647,2147483647,2147483647,-113,13,Sunrise,false,false
1428396058242,2147483647,2147483647,2147483647,2147483647,-113,13,Sunrise,false,false
1428396058242,2147483647,2147483647,2147483647,2147483647,-113,13,Sunrise,false,false
1428396058242,2147483647,2147483647,2147483647,2147483647,-113,13,Sunrise,false,false
1428396058242,2147483647,2147483647,2147483647,2147483647,-113,13,Sunrise,false,false
1428396058242,2147483647,2147483647,2147483647,2147483647,-113,13,Sunrise,false,false
1428396058242,2147483647,2147483647,2147483647,2147483647,-113,13,Sunrise,false,false
1428396058242,2147483647,2147483647,2147483647,2147483647,-113,13,Sunrise,false,false
1428396058242,2147483647,2147483647,2147483647,2147483647,-113,13,Sunrise,false,false
1428396058242,2147483647,2147483647,2147483647,2147483647,-113,13,Sunrise,false,false
1428396058242,2147483647,2147483647,2147483647,2147483647,-113,13,Sunrise,false,false
1428396058242,2147483647,2147483647,2147483647,2147483647,-113,13,Sunrise,false,false
1428396058242,2147483647,2147483647,2147483647,2147483647,-113,13,Sunrise,false,false
1428396058242,2147483647,2147483647,2147483647,2147483647,-113,13,Sunrise,false,false
1428396058242,-1,-1,-1,-1,0,13,Sunrise,false,false
1428396058242,-1,-1,-1,-1,0,13,Sunrise,false,false
1428396058242,-1,-1,-1,-1,0,13,Sunrise,false,false
1428396058242,-1,-1,-1,-1,0,13,Sunrise,false,false
1428396119409,8986368,42010,2,228,-122,13,Sunrise,true,false
1428396119409,2147483647,2147483647,2147483647,2147483647,-113,13,Sunrise,false,false
1428396119409,2147483647,2147483647,2147483647,2147483647,-113,13,Sunrise,false,false
1428396119409,2147483647,2147483647,2147483647,2147483647,-113,13,Sunrise,false,false
1428396119409,2147483647,2147483647,2147483647,2147483647,-113,13,Sunrise,false,false
1428396119409,2147483647,2147483647,2147483647,2147483647,-113,13,Sunrise,false,false
1428396119409,2147483647,2147483647,2147483647,2147483647,-113,13,Sunrise,false,false
1428396119409,2147483647,2147483647,2147483647,2147483647,-113,13,Sunrise,false,false
1428396119409,2147483647,2147483647,2147483647,2147483647,-113,13,Sunrise,false,false
1428396119409,2147483647,2147483647,2147483647,2147483647,-113,13,Sunrise,false,false
1428396119409,2147483647,2147483647,2147483647,2147483647,-113,13,Sunrise,false,false
1428396119409,2147483647,2147483647,2147483647,2147483647,-113,13,Sunrise,false,false
1428396119409,2147483647,2147483647,2147483647,2147483647,-113,13,Sunrise,false,false
1428396119409,2147483647,2147483647,2147483647,2147483647,-113,13,Sunrise,false,false
1428396119409,2147483647,2147483647,2147483647,2147483647,-113,13,Sunrise,false,false
1428396119409,2147483647,2147483647,2147483647,2147483647,-113,13,Sunrise,false,false
1428396119409,2147483647,2147483647,2147483647,2147483647,-113,13,Sunrise,false,false
1428396119409,-1,-1,-1,-1,0,13,Sunrise,false,false
1428396119409,-1,-1,-1,-1,0,13,Sunrise,false,false
1428396119409,-1,-1,-1,-1,0,13,Sunrise,false,false
1428396119409,-1,-1,-1,-1,0,13,Sunrise,false,false
1428396180965,8986368,42010,2,228,-106,13,Sunrise,true,false
1428396180965,2147483647,2147483647,2147483647,2147483647,-113,13,Sunrise,false,false
1428396180965,2147483647,2147483647,2147483647,2147483647,-113,13,Sunrise,false,false
1428396180965,2147483647,2147483647,2147483647,2147483647,-113,13,Sunrise,false,false
1428396180965,2147483647,2147483647,2147483647,2147483647,-113,13,Sunrise,false,false
1428396180965,2147483647,2147483647,2147483647,2147483647,-113,13,Sunrise,false,false
1428396180965,2147483647,2147483647,2147483647,2147483647,-113,13,Sunrise,false,false
1428396180965,2147483647,2147483647,2147483647,2147483647,-113,13,Sunrise,false,false
1428396180965,2147483647,2147483647,2147483647,2147483647,-113,13,Sunrise,false,false
1428396180965,2147483647,2147483647,2147483647,2147483647,-113,13,Sunrise,false,false
1428396180965,2147483647,2147483647,2147483647,2147483647,-113,13,Sunrise,false,false
1428396180965,2147483647,2147483647,2147483647,2147483647,-113,13,Sunrise,false,false
1428396180965,2147483647,2147483647,2147483647,2147483647,-113,13,Sunrise,false,false
1428396180965,2147483647,2147483647,2147483647,2147483647,-113,13,Sunrise,false,false
1428396180965,2147483647,2147483647,2147483647,2147483647,-113,13,Sunrise,false,false
1428396180965,2147483647,2147483647,2147483647,2147483647,-113,13,Sunrise,false,false
1428396180965,2147483647,2147483647,2147483647,2147483647,-113,13,Sunrise,false,false
1428396242108,8986368,42010,2,228,-106,13,Sunrise,true,false
1428396242108,2147483647,2147483647,2147483647,2147483647,-113,13,Sunrise,false,false
1428396242108,2147483647,2147483647,2147483647,2147483647,-113,13,Sunrise,false,false
1428396242108,2147483647,2147483647,2147483647,2147483647,-113,13,Sunrise,false,false
1428396242108,2147483647,2147483647,2147483647,2147483647,-113,13,Sunrise,false,false
1428396242108,2147483647,2147483647,2147483647,2147483647,-113,13,Sunrise,false,false
1428396242108,2147483647,2147483647,2147483647,2147483647,-113,13,Sunrise,false,false
1428396242108,2147483647,2147483647,2147483647,2147483647,-113,13,Sunrise,false,false
1428396242108,2147483647,2147483647,2147483647,2147483647,-113,13,Sunrise,false,false
1428396242108,2147483647,2147483647,2147483647,2147483647,-113,13,Sunrise,false,false
1428396242108,2147483647,2147483647,2147483647,2147483647,-113,13,Sunrise,false,false
1428396242108,2147483647,2147483647,2147483647,2147483647,-113,13,Sunrise,false,false
1428396242108,2147483647,2147483647,2147483647,2147483647,-113,13,Sunrise,false,false
1428396242108,2147483647,2147483647,2147483647,2147483647,-113,13,Sunrise,false,false
1428396242108,2147483647,2147483647,2147483647,2147483647,-113,13,Sunrise,false,false
1428396242108,2147483647,2147483647,2147483647,2147483647,-113,13,Sunrise,false,false
1428396242108,2147483647,2147483647,2147483647,2147483647,-113,13,Sunrise,false,false
1428396307255,8986368,42010,2,228,-106,13,Sunrise,true,false
1428396307255,2147483647,2147483647,2147483647,2147483647,-113,13,Sunrise,false,false
1428396307255,2147483647,2147483647,2147483647,2147483647,-113,13,Sunrise,false,false
1428396307255,2147483647,2147483647,2147483647,2147483647,-113,13,Sunrise,false,false
1428396307255,2147483647,2147483647,2147483647,2147483647,-113,13,Sunrise,false,false
1428396307255,2147483647,2147483647,2147483647,2147483647,-113,13,Sunrise,false,false
1428396307255,2147483647,2147483647,2147483647,2147483647,-113,13,Sunrise,false,false
1428396307255,2147483647,2147483647,2147483647,2147483647,-113,13,Sunrise,false,false
1428396307255,2147483647,2147483647,2147483647,2147483647,-113,13,Sunrise,false,false
1428396307255,2147483647,2147483647,2147483647,2147483647,-113,13,Sunrise,false,false
1428396307255,2147483647,2147483647,2147483647,2147483647,-113,13,Sunrise,false,false
1428396307255,2147483647,2147483647,2147483647,2147483647,-113,13,Sunrise,false,false
1428396307255,2147483647,2147483647,2147483647,2147483647,-113,13,Sunrise,false,false
1428396307255,2147483647,2147483647,2147483647,2147483647,-113,13,Sunrise,false,false
1428396307255,2147483647,2147483647,2147483647,2147483647,-113,13,Sunrise,false,false
1428396307255,2147483647,2147483647,2147483647,2147483647,-113,13,Sunrise,false,false
1428396307255,2147483647,2147483647,2147483647,2147483647,-113,13,Sunrise,false,false
1428396307255,-1,-1,-1,-1,0,13,Sunrise,false,false
1428396307255,-1,-1,-1,-1,0,13,Sunrise,false,false
1428396307255,-1,-1,-1,-1,0,13,Sunrise,false,false
1428396368422,8986368,42010,2,228,-112,13,Sunrise,true,false
1428396368422,345,2147483647,2147483647,2147483647,-124,13,Sunrise,false,false
1428396368422,2147483647,2147483647,2147483647,2147483647,-113,13,Sunrise,false,false
1428396368422,2147483647,2147483647,2147483647,2147483647,-113,13,Sunrise,false,false
1428396368422,2147483647,2147483647,2147483647,2147483647,-113,13,Sunrise,false,false
1428396368422,2147483647,2147483647,2147483647,2147483647,-113,13,Sunrise,false,false
1428396368422,2147483647,2147483647,2147483647,2147483647,-113,13,Sunrise,false,false
1428396368422,2147483647,2147483647,2147483647,2147483647,-113,13,Sunrise,false,false
1428396368422,2147483647,2147483647,2147483647,2147483647,-113,13,Sunrise,false,false
1428396368422,2147483647,2147483647,2147483647,2147483647,-113,13,Sunrise,false,false
1428396368422,2147483647,2147483647,2147483647,2147483647,-113,13,Sunrise,false,false
1428396368422,2147483647,2147483647,2147483647,2147483647,-113,13,Sunrise,false,false
1428396368422,2147483647,2147483647,2147483647,2147483647,-113,13,Sunrise,false,false
1428396368422,2147483647,2147483647,2147483647,2147483647,-113,13,Sunrise,false,false
1428396368422,2147483647,2147483647,2147483647,2147483647,-113,13,Sunrise,false,false
1428396368422,2147483647,2147483647,2147483647,2147483647,-113,13,Sunrise,false,false
1428396368422,2147483647,2147483647,2147483647,2147483647,-113,13,Sunrise,false,false
1428396368422,2147483647,2147483647,2147483647,2147483647,-113,13,Sunrise,false,false
1428396368422,-1,-1,-1,-1,0,13,Sunrise,false,false
1428396368422,-1,-1,-1,-1,0,13,Sunrise,false,false
1428396368422,-1,-1,-1,-1,0,13,Sunrise,false,false
1428396429964,24425,5000,2,228,-93,2,Sunrise,true,false
1428396429964,34541,5000,2,228,-97,2,Sunrise,false,false
1428396429964,34542,5000,2,228,-95,2,Sunrise,false,false
1428396429964,-1,0,0,0,-101,2,Sunrise,false,false
1428396429964,-1,0,0,0,-103,2,Sunrise,false,false
1428396491277,8986368,42010,2,228,-110,13,Sunrise,true,false
1428396491277,2147483647,2147483647,2147483647,2147483647,-113,13,Sunrise,false,false
1428396491277,2147483647,2147483647,2147483647,2147483647,-113,13,Sunrise,false,false
1428396491277,2147483647,2147483647,2147483647,2147483647,-113,13,Sunrise,false,false
1428396491277,2147483647,2147483647,2147483647,2147483647,-113,13,Sunrise,false,false
1428396491277,2147483647,2147483647,2147483647,2147483647,-113,13,Sunrise,false,false
1428396491277,2147483647,2147483647,2147483647,2147483647,-113,13,Sunrise,false,false
1428396491277,2147483647,2147483647,2147483647,2147483647,-113,13,Sunrise,false,false
1428396491277,2147483647,2147483647,2147483647,2147483647,-113,13,Sunrise,false,false
1428396491277,2147483647,2147483647,2147483647,2147483647,-113,13,Sunrise,false,false
1428396491277,2147483647,2147483647,2147483647,2147483647,-113,13,Sunrise,false,false
1428396491277,2147483647,2147483647,2147483647,2147483647,-113,13,Sunrise,false,false
1428396491277,2147483647,2147483647,2147483647,2147483647,-113,13,Sunrise,false,false
1428396491277,2147483647,2147483647,2147483647,2147483647,-113,13,Sunrise,false,false
1428396491277,2147483647,2147483647,2147483647,2147483647,-113,13,Sunrise,false,false
1428396491277,2147483647,2147483647,2147483647,2147483647,-113,13,Sunrise,false,false
1428396491277,2147483647,2147483647,2147483647,2147483647,-113,13,Sunrise,false,false
1428396557263,8986368,42010,2,228,-104,13,Sunrise,true,false
1428396557263,51,2147483647,2147483647,2147483647,-130,13,Sunrise,false,false
1428396557263,2147483647,2147483647,2147483647,2147483647,-113,13,Sunrise,false,false
1428396557263,2147483647,2147483647,2147483647,2147483647,-113,13,Sunrise,false,false
1428396557263,2147483647,2147483647,2147483647,2147483647,-113,13,Sunrise,false,false
1428396557263,2147483647,2147483647,2147483647,2147483647,-113,13,Sunrise,false,false
1428396557263,2147483647,2147483647,2147483647,2147483647,-113,13,Sunrise,false,false
1428396557263,2147483647,2147483647,2147483647,2147483647,-113,13,Sunrise,false,false
1428396557263,2147483647,2147483647,2147483647,2147483647,-113,13,Sunrise,false,false
1428396557263,2147483647,2147483647,2147483647,2147483647,-113,13,Sunrise,false,false
1428396557263,2147483647,2147483647,2147483647,2147483647,-113,13,Sunrise,false,false
1428396557263,2147483647,2147483647,2147483647,2147483647,-113,13,Sunrise,false,false
1428396557263,2147483647,2147483647,2147483647,2147483647,-113,13,Sunrise,false,false
1428396557263,2147483647,2147483647,2147483647,2147483647,-113,13,Sunrise,false,false
1428396557263,2147483647,2147483647,2147483647,2147483647,-113,13,Sunrise,false,false
1428396557263,2147483647,2147483647,2147483647,2147483647,-113,13,Sunrise,false,false
1428396557263,2147483647,2147483647,2147483647,2147483647,-113,13,Sunrise,false,false
1428396557263,2147483647,2147483647,2147483647,2147483647,-113,13,Sunrise,false,false
1428396557263,-1,-1,-1,-1,0,13,Sunrise,false,false
1428396557263,-1,-1,-1,-1,0,13,Sunrise,false,false
1428396557263,-1,-1,-1,-1,0,13,Sunrise,false,false
1428396557263,-1,-1,-1,-1,0,13,Sunrise,false,false
1428396618930,8986368,42010,2,228,-108,13,Sunrise,true,false
1428396618930,345,2147483647,2147483647,2147483647,-123,13,Sunrise,false,false
1428396618930,2147483647,2147483647,2147483647,2147483647,-113,13,Sunrise,false,false
1428396618930,2147483647,2147483647,2147483647,2147483647,-113,13,Sunrise,false,false
1428396618930,2147483647,2147483647,2147483647,2147483647,-113,13,Sunrise,false,false
1428396618930,2147483647,2147483647,2147483647,2147483647,-113,13,Sunrise,false,false
1428396618930,2147483647,2147483647,2147483647,2147483647,-113,13,Sunrise,false,false
1428396618930,2147483647,2147483647,2147483647,2147483647,-113,13,Sunrise,false,false
1428396618930,2147483647,2147483647,2147483647,2147483647,-113,13,Sunrise,false,false
1428396618930,2147483647,2147483647,2147483647,2147483647,-113,13,Sunrise,false,false
1428396618930,2147483647,2147483647,2147483647,2147483647,-113,13,Sunrise,false,false
1428396618930,2147483647,2147483647,2147483647,2147483647,-113,13,Sunrise,false,false
1428396618930,2147483647,2147483647,2147483647,2147483647,-113,13,Sunrise,false,false
1428396618930,2147483647,2147483647,2147483647,2147483647,-113,13,Sunrise,false,false
1428396618930,2147483647,2147483647,2147483647,2147483647,-113,13,Sunrise,false,false
1428396618930,2147483647,2147483647,2147483647,2147483647,-113,13,Sunrise,false,false
1428396618930,2147483647,2147483647,2147483647,2147483647,-113,13,Sunrise,false,false
1428396618930,2147483647,2147483647,2147483647,2147483647,-113,13,Sunrise,false,false
1428396618930,-1,-1,-1,-1,0,13,Sunrise,false,false
1428396618930,-1,-1,-1,-1,0,13,Sunrise,false,false
1428396618930,-1,-1,-1,-1,0,13,Sunrise,false,false
1428396618930,-1,-1,-1,-1,0,13,Sunrise,false,false
1428396680019,8986368,42010,2,228,-111,13,Sunrise,true,false
1428396680019,51,2147483647,2147483647,2147483647,-124,13,Sunrise,false,false
1428396680019,345,2147483647,2147483647,2147483647,-123,13,Sunrise,false,false
1428396680019,2147483647,2147483647,2147483647,2147483647,-113,13,Sunrise,false,false
1428396680019,2147483647,2147483647,2147483647,2147483647,-113,13,Sunrise,false,false
1428396680019,2147483647,2147483647,2147483647,2147483647,-113,13,Sunrise,false,false
1428396680019,2147483647,2147483647,2147483647,2147483647,-113,13,Sunrise,false,false
1428396680019,2147483647,2147483647,2147483647,2147483647,-113,13,Sunrise,false,false
1428396680019,2147483647,2147483647,2147483647,2147483647,-113,13,Sunrise,false,false
1428396680019,2147483647,2147483647,2147483647,2147483647,-113,13,Sunrise,false,false
1428396680019,2147483647,2147483647,2147483647,2147483647,-113,13,Sunrise,false,false
1428396680019,2147483647,2147483647,2147483647,2147483647,-113,13,Sunrise,false,false
1428396680019,2147483647,2147483647,2147483647,2147483647,-113,13,Sunrise,false,false
1428396680019,2147483647,2147483647,2147483647,2147483647,-113,13,Sunrise,false,false
1428396680019,2147483647,2147483647,2147483647,2147483647,-113,13,Sunrise,false,false
1428396680019,2147483647,2147483647,2147483647,2147483647,-113,13,Sunrise,false,false
1428396680019,2147483647,2147483647,2147483647,2147483647,-113,13,Sunrise,false,false
1428396680019,2147483647,2147483647,2147483647,2147483647,-113,13,Sunrise,false,false
1428396680019,2147483647,2147483647,2147483647,2147483647,-113,13,Sunrise,false,false
1428396680019,-1,-1,-1,-1,0,13,Sunrise,false,false
1428396680019,-1,-1,-1,-1,0,13,Sunrise,false,false
1428396680019,-1,-1,-1,-1,0,13,Sunrise,false,false
1428396680019,-1,-1,-1,-1,0,13,Sunrise,false,false
1428396741211,8986368,42010,2,228,-109,13,Sunrise,true,false
1428396741211,51,2147483647,2147483647,2147483647,-125,13,Sunrise,false,false
1428396741211,345,2147483647,2147483647,2147483647,-123,13,Sunrise,false,false
1428396741211,2147483647,2147483647,2147483647,2147483647,-113,13,Sunrise,false,false
1428396741211,2147483647,2147483647,2147483647,2147483647,-113,13,Sunrise,false,false
1428396741211,2147483647,2147483647,2147483647,2147483647,-113,13,Sunrise,false,false
1428396741211,2147483647,2147483647,2147483647,2147483647,-113,13,Sunrise,false,false
1428396741211,2147483647,2147483647,2147483647,2147483647,-113,13,Sunrise,false,false
1428396741211,2147483647,2147483647,2147483647,2147483647,-113,13,Sunrise,false,false
1428396741211,2147483647,2147483647,2147483647,2147483647,-113,13,Sunrise,false,false
1428396741211,2147483647,2147483647,2147483647,2147483647,-113,13,Sunrise,false,false
1428396741211,2147483647,2147483647,2147483647,2147483647,-113,13,Sunrise,false,false
1428396741211,2147483647,2147483647,2147483647,2147483647,-113,13,Sunrise,false,false
1428396741211,2147483647,2147483647,2147483647,2147483647,-113,13,Sunrise,false,false
1428396741211,2147483647,2147483647,2147483647,2147483647,-113,13,Sunrise,false,false
1428396741211,2147483647,2147483647,2147483647,2147483647,-113,13,Sunrise,false,false
1428396741211,2147483647,2147483647,2147483647,2147483647,-113,13,Sunrise,false,false
1428396741211,2147483647,2147483647,2147483647,2147483647,-113,13,Sunrise,false,false
1428396741211,2147483647,2147483647,2147483647,2147483647,-113,13,Sunrise,false,false
1428396741211,-1,-1,-1,-1,0,13,Sunrise,false,false
1428396741211,-1,-1,-1,-1,0,13,Sunrise,false,false
1428396741211,-1,-1,-1,-1,0,13,Sunrise,false,false
1428396741211,-1,-1,-1,-1,0,13,Sunrise,false,false
1428396802340,8986368,42010,2,228,-106,13,Sunrise,true,false
1428396802340,53,2147483647,2147483647,2147483647,-128,13,Sunrise,false,false
1428396802340,345,2147483647,2147483647,2147483647,-123,13,Sunrise,false,false
1428396802340,2147483647,2147483647,2147483647,2147483647,-113,13,Sunrise,false,false
1428396802340,2147483647,2147483647,2147483647,2147483647,-113,13,Sunrise,false,false
1428396802340,2147483647,2147483647,2147483647,2147483647,-113,13,Sunrise,false,false
1428396802340,2147483647,2147483647,2147483647,2147483647,-113,13,Sunrise,false,false
1428396802340,2147483647,2147483647,2147483647,2147483647,-113,13,Sunrise,false,false
1428396802340,2147483647,2147483647,2147483647,2147483647,-113,13,Sunrise,false,false
1428396802340,2147483647,2147483647,2147483647,2147483647,-113,13,Sunrise,false,false
1428396802340,2147483647,2147483647,2147483647,2147483647,-113,13,Sunrise,false,false
1428396802340,2147483647,2147483647,2147483647,2147483647,-113,13,Sunrise,false,false
1428396802340,2147483647,2147483647,2147483647,2147483647,-113,13,Sunrise,false,false
1428396802340,2147483647,2147483647,2147483647,2147483647,-113,13,Sunrise,false,false
1428396802340,2147483647,2147483647,2147483647,2147483647,-113,13,Sunrise,false,false
1428396802340,2147483647,2147483647,2147483647,2147483647,-113,13,Sunrise,false,false
1428396802340,2147483647,2147483647,2147483647,2147483647,-113,13,Sunrise,false,false
1428396802340,2147483647,2147483647,2147483647,2147483647,-113,13,Sunrise,false,false
1428396802340,2147483647,2147483647,2147483647,2147483647,-113,13,Sunrise,false,false
1428396802340,-1,-1,-1,-1,0,13,Sunrise,false,false
1428396802340,-1,-1,-1,-1,0,13,Sunrise,false,false
1428396802340,-1,-1,-1,-1,0,13,Sunrise,false,false
1428396802340,-1,-1,-1,-1,0,13,Sunrise,false,false
1428396864013,8986368,42010,2,228,-108,13,Sunrise,true,false
1428396864013,2147483647,2147483647,2147483647,2147483647,-113,13,Sunrise,false,false
1428396864013,2147483647,2147483647,2147483647,2147483647,-113,13,Sunrise,false,false
1428396864013,2147483647,2147483647,2147483647,2147483647,-113,13,Sunrise,false,false
1428396864013,2147483647,2147483647,2147483647,2147483647,-113,13,Sunrise,false,false
1428396864013,2147483647,2147483647,2147483647,2147483647,-113,13,Sunrise,false,false
1428396864013,2147483647,2147483647,2147483647,2147483647,-113,13,Sunrise,false,false
1428396864013,2147483647,2147483647,2147483647,2147483647,-113,13,Sunrise,false,false
1428396864013,2147483647,2147483647,2147483647,2147483647,-113,13,Sunrise,false,false
1428396864013,2147483647,2147483647,2147483647,2147483647,-113,13,Sunrise,false,false
1428396864013,2147483647,2147483647,2147483647,2147483647,-113,13,Sunrise,false,false
1428396864013,2147483647,2147483647,2147483647,2147483647,-113,13,Sunrise,false,false
1428396864013,2147483647,2147483647,2147483647,2147483647,-113,13,Sunrise,false,false
1428396864013,2147483647,2147483647,2147483647,2147483647,-113,13,Sunrise,false,false
1428396864013,2147483647,2147483647,2147483647,2147483647,-113,13,Sunrise,false,false
1428396864013,2147483647,2147483647,2147483647,2147483647,-113,13,Sunrise,false,false
1428396864013,2147483647,2147483647,2147483647,2147483647,-113,13,Sunrise,false,false
1428396925922,8986368,42010,2,228,-107,13,Sunrise,true,false
1428396925922,51,2147483647,2147483647,2147483647,-120,13,Sunrise,false,false
1428396925922,2147483647,2147483647,2147483647,2147483647,-113,13,Sunrise,false,false
1428396925922,2147483647,2147483647,2147483647,2147483647,-113,13,Sunrise,false,false
1428396925922,2147483647,2147483647,2147483647,2147483647,-113,13,Sunrise,false,false
1428396925922,2147483647,2147483647,2147483647,2147483647,-113,13,Sunrise,false,false
1428396925922,2147483647,2147483647,2147483647,2147483647,-113,13,Sunrise,false,false
1428396925922,2147483647,2147483647,2147483647,2147483647,-113,13,Sunrise,false,false
1428396925922,2147483647,2147483647,2147483647,2147483647,-113,13,Sunrise,false,false
1428396925922,2147483647,2147483647,2147483647,2147483647,-113,13,Sunrise,false,false
1428396925922,2147483647,2147483647,2147483647,2147483647,-113,13,Sunrise,false,false
1428396925922,2147483647,2147483647,2147483647,2147483647,-113,13,Sunrise,false,false
1428396925922,2147483647,2147483647,2147483647,2147483647,-113,13,Sunrise,false,false
1428396925922,2147483647,2147483647,2147483647,2147483647,-113,13,Sunrise,false,false
1428396925922,2147483647,2147483647,2147483647,2147483647,-113,13,Sunrise,false,false
1428396925922,2147483647,2147483647,2147483647,2147483647,-113,13,Sunrise,false,false
1428396925922,2147483647,2147483647,2147483647,2147483647,-113,13,Sunrise,false,false
1428396925922,2147483647,2147483647,2147483647,2147483647,-113,13,Sunrise,false,false
1428396925922,-1,-1,-1,-1,0,13,Sunrise,false,false
1428396925922,-1,-1,-1,-1,0,13,Sunrise,false,false
1428396925922,-1,-1,-1,-1,0,13,Sunrise,false,false
1428396987109,8986368,42010,2,228,-112,13,Sunrise,true,false
1428396987109,345,2147483647,2147483647,2147483647,-120,13,Sunrise,false,false
1428396987109,2147483647,2147483647,2147483647,2147483647,-113,13,Sunrise,false,false
1428396987109,2147483647,2147483647,2147483647,2147483647,-113,13,Sunrise,false,false
1428396987109,2147483647,2147483647,2147483647,2147483647,-113,13,Sunrise,false,false
1428396987109,2147483647,2147483647,2147483647,2147483647,-113,13,Sunrise,false,false
1428396987109,2147483647,2147483647,2147483647,2147483647,-113,13,Sunrise,false,false
1428396987109,2147483647,2147483647,2147483647,2147483647,-113,13,Sunrise,false,false
1428396987109,2147483647,2147483647,2147483647,2147483647,-113,13,Sunrise,false,false
1428396987109,2147483647,2147483647,2147483647,2147483647,-113,13,Sunrise,false,false
1428396987109,2147483647,2147483647,2147483647,2147483647,-113,13,Sunrise,false,false
1428396987109,2147483647,2147483647,2147483647,2147483647,-113,13,Sunrise,false,false
1428396987109,2147483647,2147483647,2147483647,2147483647,-113,13,Sunrise,false,false
1428396987109,2147483647,2147483647,2147483647,2147483647,-113,13,Sunrise,false,false
1428396987109,2147483647,2147483647,2147483647,2147483647,-113,13,Sunrise,false,false
1428396987109,2147483647,2147483647,2147483647,2147483647,-113,13,Sunrise,false,false
1428396987109,2147483647,2147483647,2147483647,2147483647,-113,13,Sunrise,false,false
1428396987109,2147483647,2147483647,2147483647,2147483647,-113,13,Sunrise,false,false
1428396987109,-1,-1,-1,-1,0,13,Sunrise,false,false
1428396987109,-1,-1,-1,-1,0,13,Sunrise,false,false
1428396987109,-1,-1,-1,-1,0,13,Sunrise,false,false
1428396987109,-1,-1,-1,-1,0,13,Sunrise,false,false
1428397048287,8986368,42010,2,228,-111,13,Sunrise,true,false
1428397048287,2147483647,2147483647,2147483647,2147483647,-113,13,Sunrise,false,false
1428397048287,2147483647,2147483647,2147483647,2147483647,-113,13,Sunrise,false,false
1428397048287,2147483647,2147483647,2147483647,2147483647,-113,13,Sunrise,false,false
1428397048287,2147483647,2147483647,2147483647,2147483647,-113,13,Sunrise,false,false
1428397048287,2147483647,2147483647,2147483647,2147483647,-113,13,Sunrise,false,false
1428397048287,2147483647,2147483647,2147483647,2147483647,-113,13,Sunrise,false,false
1428397048287,2147483647,2147483647,2147483647,2147483647,-113,13,Sunrise,false,false
1428397048287,2147483647,2147483647,2147483647,2147483647,-113,13,Sunrise,false,false
1428397048287,2147483647,2147483647,2147483647,2147483647,-113,13,Sunrise,false,false
1428397048287,2147483647,2147483647,2147483647,2147483647,-113,13,Sunrise,false,false
1428397048287,2147483647,2147483647,2147483647,2147483647,-113,13,Sunrise,false,false
1428397048287,2147483647,2147483647,2147483647,2147483647,-113,13,Sunrise,false,false
1428397048287,2147483647,2147483647,2147483647,2147483647,-113,13,Sunrise,false,false
1428397048287,2147483647,2147483647,2147483647,2147483647,-113,13,Sunrise,false,false
1428397048287,2147483647,2147483647,2147483647,2147483647,-113,13,Sunrise,false,false
1428397048287,2147483647,2147483647,2147483647,2147483647,-113,13,Sunrise,false,false
1428397048287,-1,-1,-1,-1,0,13,Sunrise,false,false
1428397048287,-1,-1,-1,-1,0,13,Sunrise,false,false
1428397048287,-1,-1,-1,-1,0,13,Sunrise,false,false
1428397048287,-1,-1,-1,-1,0,13,Sunrise,false,false
1428397109456,8986368,42010,2,228,-109,13,Sunrise,true,false
1428397109456,2147483647,2147483647,2147483647,2147483647,-113,13,Sunrise,false,false
1428397109456,2147483647,2147483647,2147483647,2147483647,-113,13,Sunrise,false,false
1428397109456,2147483647,2147483647,2147483647,2147483647,-113,13,Sunrise,false,false
1428397109456,2147483647,2147483647,2147483647,2147483647,-113,13,Sunrise,false,false
1428397109456,2147483647,2147483647,2147483647,2147483647,-113,13,Sunrise,false,false
1428397109456,2147483647,2147483647,2147483647,2147483647,-113,13,Sunrise,false,false
1428397109456,2147483647,2147483647,2147483647,2147483647,-113,13,Sunrise,false,false
1428397109456,2147483647,2147483647,2147483647,2147483647,-113,13,Sunrise,false,false
1428397109456,2147483647,2147483647,2147483647,2147483647,-113,13,Sunrise,false,false
1428397109456,2147483647,2147483647,2147483647,2147483647,-113,13,Sunrise,false,false
1428397109456,2147483647,2147483647,2147483647,2147483647,-113,13,Sunrise,false,false
1428397109456,2147483647,2147483647,2147483647,2147483647,-113,13,Sunrise,false,false
1428397109456,2147483647,2147483647,2147483647,2147483647,-113,13,Sunrise,false,false
1428397109456,2147483647,2147483647,2147483647,2147483647,-113,13,Sunrise,false,false
1428397109456,2147483647,2147483647,2147483647,2147483647,-113,13,Sunrise,false,false
1428397109456,2147483647,2147483647,2147483647,2147483647,-113,13,Sunrise,false,false
1428397109456,-1,-1,-1,-1,0,13,Sunrise,false,false
1428397109456,-1,-1,-1,-1,0,13,Sunrise,false,false
1428397109456,-1,-1,-1,-1,0,13,Sunrise,false,false
1428397109456,-1,-1,-1,-1,0,13,Sunrise,false,false
1428397170957,8986368,42010,2,228,-109,13,Sunrise,true,false
1428397170957,345,2147483647,2147483647,2147483647,-123,13,Sunrise,false,false
1428397170957,2147483647,2147483647,2147483647,2147483647,-113,13,Sunrise,false,false
1428397170957,2147483647,2147483647,2147483647,2147483647,-113,13,Sunrise,false,false
1428397170957,2147483647,2147483647,2147483647,2147483647,-113,13,Sunrise,false,false
1428397170957,2147483647,2147483647,2147483647,2147483647,-113,13,Sunrise,false,false
1428397170957,2147483647,2147483647,2147483647,2147483647,-113,13,Sunrise,false,false
1428397170957,2147483647,2147483647,2147483647,2147483647,-113,13,Sunrise,false,false
1428397170957,2147483647,2147483647,2147483647,2147483647,-113,13,Sunrise,false,false
1428397170957,2147483647,2147483647,2147483647,2147483647,-113,13,Sunrise,false,false
1428397170957,2147483647,2147483647,2147483647,2147483647,-113,13,Sunrise,false,false
1428397170957,2147483647,2147483647,2147483647,2147483647,-113,13,Sunrise,false,false
1428397170957,2147483647,2147483647,2147483647,2147483647,-113,13,Sunrise,false,false
1428397170957,2147483647,2147483647,2147483647,2147483647,-113,13,Sunrise,false,false
1428397170957,2147483647,2147483647,2147483647,2147483647,-113,13,Sunrise,false,false
1428397170957,2147483647,2147483647,2147483647,2147483647,-113,13,Sunrise,false,false
1428397170957,2147483647,2147483647,2147483647,2147483647,-113,13,Sunrise,false,false
1428397170957,2147483647,2147483647,2147483647,2147483647,-113,13,Sunrise,false,false
1428397170957,-1,-1,-1,-1,0,13,Sunrise,false,false
1428397170957,-1,-1,-1,-1,0,13,Sunrise,false,false
1428397170957,-1,-1,-1,-1,0,13,Sunrise,false,false
1428397170957,-1,-1,-1,-1,0,13,Sunrise,false,false
1428397232273,8986368,42010,2,228,-108,13,Sunrise,true,false
1428397232273,2147483647,2147483647,2147483647,2147483647,-113,13,Sunrise,false,false
1428397232273,2147483647,2147483647,2147483647,2147483647,-113,13,Sunrise,false,false
1428397232273,2147483647,2147483647,2147483647,2147483647,-113,13,Sunrise,false,false
1428397232273,2147483647,2147483647,2147483647,2147483647,-113,13,Sunrise,false,false
1428397232273,2147483647,2147483647,2147483647,2147483647,-113,13,Sunrise,false,false
1428397232273,2147483647,2147483647,2147483647,2147483647,-113,13,Sunrise,false,false
1428397232273,2147483647,2147483647,2147483647,2147483647,-113,13,Sunrise,false,false
1428397232273,2147483647,2147483647,2147483647,2147483647,-113,13,Sunrise,false,false
1428397232273,2147483647,2147483647,2147483647,2147483647,-113,13,Sunrise,false,false
1428397232273,2147483647,2147483647,2147483647,2147483647,-113,13,Sunrise,false,false
1428397232273,2147483647,2147483647,2147483647,2147483647,-113,13,Sunrise,false,false
1428397232273,2147483647,2147483647,2147483647,2147483647,-113,13,Sunrise,false,false
1428397232273,2147483647,2147483647,2147483647,2147483647,-113,13,Sunrise,false,false
1428397232273,2147483647,2147483647,2147483647,2147483647,-113,13,Sunrise,false,false
1428397232273,2147483647,2147483647,2147483647,2147483647,-113,13,Sunrise,false,false
1428397232273,2147483647,2147483647,2147483647,2147483647,-113,13,Sunrise,false,false
1428397232273,-1,-1,-1,-1,0,13,Sunrise,false,false
1428397232273,-1,-1,-1,-1,0,13,Sunrise,false,false
1428397232273,-1,-1,-1,-1,0,13,Sunrise,false,false
1428397232273,-1,-1,-1,-1,0,13,Sunrise,false,false
1428397293284,8986368,42010,2,228,-108,13,Sunrise,true,false
1428397293284,2147483647,2147483647,2147483647,2147483647,-113,13,Sunrise,false,false
1428397293284,2147483647,2147483647,2147483647,2147483647,-113,13,Sunrise,false,false
1428397293284,2147483647,2147483647,2147483647,2147483647,-113,13,Sunrise,false,false
1428397293284,2147483647,2147483647,2147483647,2147483647,-113,13,Sunrise,false,false
1428397293284,2147483647,2147483647,2147483647,2147483647,-113,13,Sunrise,false,false
1428397293284,2147483647,2147483647,2147483647,2147483647,-113,13,Sunrise,false,false
1428397293284,2147483647,2147483647,2147483647,2147483647,-113,13,Sunrise,false,false
1428397293284,2147483647,2147483647,2147483647,2147483647,-113,13,Sunrise,false,false
1428397293284,2147483647,2147483647,2147483647,2147483647,-113,13,Sunrise,false,false
1428397293284,2147483647,2147483647,2147483647,2147483647,-113,13,Sunrise,false,false
1428397293284,2147483647,2147483647,2147483647,2147483647,-113,13,Sunrise,false,false
1428397293284,2147483647,2147483647,2147483647,2147483647,-113,13,Sunrise,false,false
1428397293284,2147483647,2147483647,2147483647,2147483647,-113,13,Sunrise,false,false
1428397293284,2147483647,2147483647,2147483647,2147483647,-113,13,Sunrise,false,false
1428397293284,2147483647,2147483647,2147483647,2147483647,-113,13,Sunrise,false,false
1428397293284,2147483647,2147483647,2147483647,2147483647,-113,13,Sunrise,false,false
1428397293284,-1,-1,-1,-1,0,13,Sunrise,false,false
1428397293284,-1,-1,-1,-1,0,13,Sunrise,false,false
1428397293284,-1,-1,-1,-1,0,13,Sunrise,false,false
1428397293284,-1,-1,-1,-1,0,13,Sunrise,false,false
1428397354879,8986368,42010,2,228,-106,13,Sunrise,true,false
1428397354879,345,2147483647,2147483647,2147483647,-121,13,Sunrise,false,false
1428397354879,2147483647,2147483647,2147483647,2147483647,-113,13,Sunrise,false,false
1428397354879,2147483647,2147483647,2147483647,2147483647,-113,13,Sunrise,false,false
1428397354879,2147483647,2147483647,2147483647,2147483647,-113,13,Sunrise,false,false
1428397354879,2147483647,2147483647,2147483647,2147483647,-113,13,Sunrise,false,false
1428397354879,2147483647,2147483647,2147483647,2147483647,-113,13,Sunrise,false,false
1428397354879,2147483647,2147483647,2147483647,2147483647,-113,13,Sunrise,false,false
1428397354879,2147483647,2147483647,2147483647,2147483647,-113,13,Sunrise,false,false
1428397354879,2147483647,2147483647,2147483647,2147483647,-113,13,Sunrise,false,false
1428397354879,2147483647,2147483647,2147483647,2147483647,-113,13,Sunrise,false,false
1428397354879,2147483647,2147483647,2147483647,2147483647,-113,13,Sunrise,false,false
1428397354879,2147483647,2147483647,2147483647,2147483647,-113,13,Sunrise,false,false
1428397354879,2147483647,2147483647,2147483647,2147483647,-113,13,Sunrise,false,false
1428397354879,2147483647,2147483647,2147483647,2147483647,-113,13,Sunrise,false,false
1428397354879,2147483647,2147483647,2147483647,2147483647,-113,13,Sunrise,false,false
1428397354879,2147483647,2147483647,2147483647,2147483647,-113,13,Sunrise,false,false
1428397354879,2147483647,2147483647,2147483647,2147483647,-113,13,Sunrise,false,false
1428397354879,-1,-1,-1,-1,0,13,Sunrise,false,false
1428397354879,-1,-1,-1,-1,0,13,Sunrise,false,false
1428397354879,-1,-1,-1,-1,0,13,Sunrise,false,false
1428397354879,-1,-1,-1,-1,0,13,Sunrise,false,false
1428397416890,-1,-1,-1,-1,0,10,Sunrise,true,false
1428397416890,-1,-1,-1,-1,0,10,Sunrise,false,false
1428397477969,-1,-1,-1,-1,0,10,Sunrise,true,false
1428397477969,-1,-1,-1,-1,0,10,Sunrise,false,false
1428397477969,-1,-1,-1,-1,0,10,Sunrise,false,false
1428397539115,-1,-1,-1,-1,0,10,Sunrise,true,false
1428397539115,-1,-1,-1,-1,0,10,Sunrise,false,false
1428397539115,-1,-1,-1,-1,0,10,Sunrise,false,false
1428397600276,-1,-1,-1,-1,0,10,Sunrise,true,false
1428397600276,-1,-1,-1,-1,0,10,Sunrise,false,false
1428397600276,-1,-1,-1,-1,0,10,Sunrise,false,false
1428397661423,-1,-1,-1,-1,0,10,Sunrise,true,false
1428397661423,-1,-1,-1,-1,0,10,Sunrise,false,false
1428397661423,-1,-1,-1,-1,0,10,Sunrise,false,false
1428397723025,8986368,42010,2,228,-111,13,Sunrise,true,false
1428397723025,345,2147483647,2147483647,2147483647,-122,13,Sunrise,false,false
1428397723025,2147483647,2147483647,2147483647,2147483647,-113,13,Sunrise,false,false
1428397723025,2147483647,2147483647,2147483647,2147483647,-113,13,Sunrise,false,false
1428397723025,2147483647,2147483647,2147483647,2147483647,-113,13,Sunrise,false,false
1428397723025,2147483647,2147483647,2147483647,2147483647,-113,13,Sunrise,false,false
1428397723025,2147483647,2147483647,2147483647,2147483647,-113,13,Sunrise,false,false
1428397723025,2147483647,2147483647,2147483647,2147483647,-113,13,Sunrise,false,false
1428397723025,2147483647,2147483647,2147483647,2147483647,-113,13,Sunrise,false,false
1428397723025,2147483647,2147483647,2147483647,2147483647,-113,13,Sunrise,false,false
1428397723025,2147483647,2147483647,2147483647,2147483647,-113,13,Sunrise,false,false
1428397723025,2147483647,2147483647,2147483647,2147483647,-113,13,Sunrise,false,false
1428397723025,2147483647,2147483647,2147483647,2147483647,-113,13,Sunrise,false,false
1428397723025,2147483647,2147483647,2147483647,2147483647,-113,13,Sunrise,false,false
1428397723025,2147483647,2147483647,2147483647,2147483647,-113,13,Sunrise,false,false
1428397723025,2147483647,2147483647,2147483647,2147483647,-113,13,Sunrise,false,false
1428397723025,2147483647,2147483647,2147483647,2147483647,-113,13,Sunrise,false,false
1428397723025,2147483647,2147483647,2147483647,2147483647,-113,13,Sunrise,false,false
1428397723025,-1,-1,-1,-1,0,13,Sunrise,false,false
1428397723025,-1,-1,-1,-1,0,13,Sunrise,false,false
1428397788924,8986368,42010,2,228,-108,13,Sunrise,true,false
1428397788924,51,2147483647,2147483647,2147483647,-123,13,Sunrise,false,false
1428397788924,345,2147483647,2147483647,2147483647,-126,13,Sunrise,false,false
1428397788924,2147483647,2147483647,2147483647,2147483647,-113,13,Sunrise,false,false
1428397788924,2147483647,2147483647,2147483647,2147483647,-113,13,Sunrise,false,false
1428397788924,2147483647,2147483647,2147483647,2147483647,-113,13,Sunrise,false,false
1428397788924,2147483647,2147483647,2147483647,2147483647,-113,13,Sunrise,false,false
1428397788924,2147483647,2147483647,2147483647,2147483647,-113,13,Sunrise,false,false
1428397788924,2147483647,2147483647,2147483647,2147483647,-113,13,Sunrise,false,false
1428397788924,2147483647,2147483647,2147483647,2147483647,-113,13,Sunrise,false,false
1428397788924,2147483647,2147483647,2147483647,2147483647,-113,13,Sunrise,false,false
1428397788924,2147483647,2147483647,2147483647,2147483647,-113,13,Sunrise,false,false
1428397788924,2147483647,2147483647,2147483647,2147483647,-113,13,Sunrise,false,false
1428397788924,2147483647,2147483647,2147483647,2147483647,-113,13,Sunrise,false,false
1428397788924,2147483647,2147483647,2147483647,2147483647,-113,13,Sunrise,false,false
1428397788924,2147483647,2147483647,2147483647,2147483647,-113,13,Sunrise,false,false
1428397788924,2147483647,2147483647,2147483647,2147483647,-113,13,Sunrise,false,false
1428397788924,2147483647,2147483647,2147483647,2147483647,-113,13,Sunrise,false,false
1428397788924,2147483647,2147483647,2147483647,2147483647,-113,13,Sunrise,false,false
1428397788924,-1,-1,-1,-1,0,13,Sunrise,false,false
1428397788924,-1,-1,-1,-1,0,13,Sunrise,false,false
1428397850140,8986368,42010,2,228,-110,13,Sunrise,true,false
1428397850140,51,2147483647,2147483647,2147483647,-121,13,Sunrise,false,false
1428397850140,345,2147483647,2147483647,2147483647,-118,13,Sunrise,false,false
1428397850140,2147483647,2147483647,2147483647,2147483647,-113,13,Sunrise,false,false
1428397850140,2147483647,2147483647,2147483647,2147483647,-113,13,Sunrise,false,false
1428397850140,2147483647,2147483647,2147483647,2147483647,-113,13,Sunrise,false,false
1428397850140,2147483647,2147483647,2147483647,2147483647,-113,13,Sunrise,false,false
1428397850140,2147483647,2147483647,2147483647,2147483647,-113,13,Sunrise,false,false
1428397850140,2147483647,2147483647,2147483647,2147483647,-113,13,Sunrise,false,false
1428397850140,2147483647,2147483647,2147483647,2147483647,-113,13,Sunrise,false,false
1428397850140,2147483647,2147483647,2147483647,2147483647,-113,13,Sunrise,false,false
1428397850140,2147483647,2147483647,2147483647,2147483647,-113,13,Sunrise,false,false
1428397850140,2147483647,2147483647,2147483647,2147483647,-113,13,Sunrise,false,false
1428397850140,2147483647,2147483647,2147483647,2147483647,-113,13,Sunrise,false,false
1428397850140,2147483647,2147483647,2147483647,2147483647,-113,13,Sunrise,false,false
1428397850140,2147483647,2147483647,2147483647,2147483647,-113,13,Sunrise,false,false
1428397850140,2147483647,2147483647,2147483647,2147483647,-113,13,Sunrise,false,false
1428397850140,2147483647,2147483647,2147483647,2147483647,-113,13,Sunrise,false,false
1428397850140,2147483647,2147483647,2147483647,2147483647,-113,13,Sunrise,false,false
1428397850140,-1,-1,-1,-1,0,13,Sunrise,false,false
1428397850140,-1,-1,-1,-1,0,13,Sunrise,false,false
1428397912867,-1,-1,-1,-1,0,10,Sunrise,true,false
1428397912867,-1,-1,-1,-1,0,10,Sunrise,false,false
1428397912867,-1,-1,-1,-1,0,10,Sunrise,false,false
1428397974957,-1,-1,-1,-1,0,10,Sunrise,true,false
1428397974957,-1,-1,-1,-1,0,10,Sunrise,false,false
1428397974957,-1,-1,-1,-1,0,10,Sunrise,false,false
1428397974957,-1,-1,-1,-1,0,10,Sunrise,false,false
1428398036900,8986368,42010,2,228,-110,13,Sunrise,true,false
1428398036900,51,2147483647,2147483647,2147483647,-126,13,Sunrise,false,false
1428398099967,8986368,42010,2,228,-108,13,Sunrise,true,false
1428398099967,2147483647,2147483647,2147483647,2147483647,-113,13,Sunrise,false,false
1428398099967,2147483647,2147483647,2147483647,2147483647,-113,13,Sunrise,false,false
1428398099967,2147483647,2147483647,2147483647,2147483647,-113,13,Sunrise,false,false
1428398099967,2147483647,2147483647,2147483647,2147483647,-113,13,Sunrise,false,false
1428398099967,2147483647,2147483647,2147483647,2147483647,-113,13,Sunrise,false,false
1428398099967,2147483647,2147483647,2147483647,2147483647,-113,13,Sunrise,false,false
1428398099967,2147483647,2147483647,2147483647,2147483647,-113,13,Sunrise,false,false
1428398099967,2147483647,2147483647,2147483647,2147483647,-113,13,Sunrise,false,false
1428398099967,2147483647,2147483647,2147483647,2147483647,-113,13,Sunrise,false,false
1428398099967,2147483647,2147483647,2147483647,2147483647,-113,13,Sunrise,false,false
1428398099967,2147483647,2147483647,2147483647,2147483647,-113,13,Sunrise,false,false
1428398099967,2147483647,2147483647,2147483647,2147483647,-113,13,Sunrise,false,false
1428398099967,2147483647,2147483647,2147483647,2147483647,-113,13,Sunrise,false,false
1428398099967,2147483647,2147483647,2147483647,2147483647,-113,13,Sunrise,false,false
1428398099967,2147483647,2147483647,2147483647,2147483647,-113,13,Sunrise,false,false
1428398099967,2147483647,2147483647,2147483647,2147483647,-113,13,Sunrise,false,false
1428398162896,8986368,42010,2,228,-106,13,Sunrise,true,false
1428398162896,2147483647,2147483647,2147483647,2147483647,-113,13,Sunrise,false,false
1428398162896,2147483647,2147483647,2147483647,2147483647,-113,13,Sunrise,false,false
1428398162896,2147483647,2147483647,2147483647,2147483647,-113,13,Sunrise,false,false
1428398162896,2147483647,2147483647,2147483647,2147483647,-113,13,Sunrise,false,false
1428398162896,2147483647,2147483647,2147483647,2147483647,-113,13,Sunrise,false,false
1428398162896,2147483647,2147483647,2147483647,2147483647,-113,13,Sunrise,false,false
1428398162896,2147483647,2147483647,2147483647,2147483647,-113,13,Sunrise,false,false
1428398162896,2147483647,2147483647,2147483647,2147483647,-113,13,Sunrise,false,false
1428398162896,2147483647,2147483647,2147483647,2147483647,-113,13,Sunrise,false,false
1428398162896,2147483647,2147483647,2147483647,2147483647,-113,13,Sunrise,false,false
1428398162896,2147483647,2147483647,2147483647,2147483647,-113,13,Sunrise,false,false
1428398162896,2147483647,2147483647,2147483647,2147483647,-113,13,Sunrise,false,false
1428398162896,2147483647,2147483647,2147483647,2147483647,-113,13,Sunrise,false,false
1428398162896,2147483647,2147483647,2147483647,2147483647,-113,13,Sunrise,false,false
1428398162896,2147483647,2147483647,2147483647,2147483647,-113,13,Sunrise,false,false
1428398162896,2147483647,2147483647,2147483647,2147483647,-113,13,Sunrise,false,false
1428398162896,-1,-1,-1,-1,0,13,Sunrise,false,false
1428398162896,-1,-1,-1,-1,0,13,Sunrise,false,false
1428398224021,-1,-1,-1,-1,0,10,Sunrise,true,false
1428398285326,-1,-1,-1,-1,0,10,Sunrise,true,false
1428398285326,-1,-1,-1,-1,0,10,Sunrise,false,false
1428398285326,-1,-1,-1,-1,0,10,Sunrise,false,false
1428398346940,-1,-1,-1,-1,0,10,Sunrise,true,false
1428398346940,-1,-1,-1,-1,0,10,Sunrise,false,false
1428398346940,-1,-1,-1,-1,0,10,Sunrise,false,false
1428398346940,-1,-1,-1,-1,0,10,Sunrise,false,false
1428398411974,-1,-1,-1,-1,0,10,Sunrise,true,false
1428398411974,-1,-1,-1,-1,0,10,Sunrise,false,false
1428398411974,-1,-1,-1,-1,0,10,Sunrise,false,false
1428398411974,-1,-1,-1,-1,0,10,Sunrise,false,false
1428398473287,-1,-1,-1,-1,0,10,Sunrise,true,false
1428398473287,-1,-1,-1,-1,0,10,Sunrise,false,false
1428398473287,-1,-1,-1,-1,0,10,Sunrise,false,false
1428398473287,-1,-1,-1,-1,0,10,Sunrise,false,false
1428398539410,-1,-1,-1,-1,0,10,Sunrise,true,false
1428398539410,-1,-1,-1,-1,0,10,Sunrise,false,false
1428398539410,-1,-1,-1,-1,0,10,Sunrise,false,false
1428398539410,-1,-1,-1,-1,0,10,Sunrise,false,false
1428398600862,-1,-1,-1,-1,0,10,Sunrise,true,false
1428398600862,-1,-1,-1,-1,0,10,Sunrise,false,false
1428398600862,-1,-1,-1,-1,0,10,Sunrise,false,false
1428398600862,-1,-1,-1,-1,0,10,Sunrise,false,false
1428398662157,-1,-1,-1,-1,0,10,Sunrise,true,false
1428398662157,-1,-1,-1,-1,0,10,Sunrise,false,false
1428398662157,-1,-1,-1,-1,0,10,Sunrise,false,false
1428398662157,-1,-1,-1,-1,0,10,Sunrise,false,false
1428398723355,-1,-1,-1,-1,0,10,Sunrise,true,false
1428398723355,-1,-1,-1,-1,0,10,Sunrise,false,false
1428398723355,-1,-1,-1,-1,0,10,Sunrise,false,false
1428398723355,-1,-1,-1,-1,0,10,Sunrise,false,false
1428398784543,-1,-1,-1,-1,0,10,Sunrise,true,false
1428398784543,-1,-1,-1,-1,0,10,Sunrise,false,false
1428398784543,-1,-1,-1,-1,0,10,Sunrise,false,false
1428398784543,-1,-1,-1,-1,0,10,Sunrise,false,false
1428398845973,-1,-1,-1,-1,0,10,Sunrise,true,false
1428398845973,-1,-1,-1,-1,0,10,Sunrise,false,false
1428398845973,-1,-1,-1,-1,0,10,Sunrise,false,false
1428398845973,-1,-1,-1,-1,0,10,Sunrise,false,false
1428398907184,-1,-1,-1,-1,0,10,Sunrise,true,false
1428398907184,-1,-1,-1,-1,0,10,Sunrise,false,false
1428398907184,-1,-1,-1,-1,0,10,Sunrise,false,false
1428398907184,-1,-1,-1,-1,0,10,Sunrise,false,false
1428398968347,-1,-1,-1,-1,0,10,Sunrise,true,false
1428398968347,-1,-1,-1,-1,0,10,Sunrise,false,false
1428398968347,-1,-1,-1,-1,0,10,Sunrise,false,false
1428398968347,-1,-1,-1,-1,0,10,Sunrise,false,false
1428399029906,-1,-1,-1,-1,0,10,Sunrise,true,false
1428399029906,-1,-1,-1,-1,0,10,Sunrise,false,false
1428399029906,-1,-1,-1,-1,0,10,Sunrise,false,false
1428399029906,-1,-1,-1,-1,0,10,Sunrise,false,false
1428399091152,-1,-1,-1,-1,0,10,Sunrise,true,false
1428399091152,-1,-1,-1,-1,0,10,Sunrise,false,false
1428399091152,-1,-1,-1,-1,0,10,Sunrise,false,false
1428399091152,-1,-1,-1,-1,0,10,Sunrise,false,false
1428399152284,-1,-1,-1,-1,0,10,Sunrise,true,false
1428399152284,-1,-1,-1,-1,0,10,Sunrise,false,false
1428399152284,-1,-1,-1,-1,0,10,Sunrise,false,false
1428399152284,-1,-1,-1,-1,0,10,Sunrise,false,false
1428399213511,-1,-1,-1,-1,0,10,Sunrise,true,false
1428399213511,-1,-1,-1,-1,0,10,Sunrise,false,false
1428399213511,-1,-1,-1,-1,0,10,Sunrise,false,false
1428399213511,-1,-1,-1,-1,0,10,Sunrise,false,false
1428399274954,-1,-1,-1,-1,0,10,Sunrise,true,false
1428399274954,-1,-1,-1,-1,0,10,Sunrise,false,false
1428399274954,-1,-1,-1,-1,0,10,Sunrise,false,false
1428399274954,-1,-1,-1,-1,0,10,Sunrise,false,false
1428399336189,-1,-1,-1,-1,0,10,Sunrise,true,false
1428399336189,-1,-1,-1,-1,0,10,Sunrise,false,false
1428399336189,-1,-1,-1,-1,0,10,Sunrise,false,false
1428399336189,-1,-1,-1,-1,0,10,Sunrise,false,false
1428399397302,-1,-1,-1,-1,0,10,Sunrise,true,false
1428399397302,-1,-1,-1,-1,0,10,Sunrise,false,false
1428399397302,-1,-1,-1,-1,0,10,Sunrise,false,false
1428399397302,-1,-1,-1,-1,0,10,Sunrise,false,false
1428399458870,-1,-1,-1,-1,0,10,Sunrise,true,false
1428399458870,-1,-1,-1,-1,0,10,Sunrise,false,false
1428399458870,-1,-1,-1,-1,0,10,Sunrise,false,false
1428399458870,-1,-1,-1,-1,0,10,Sunrise,false,false
1428399519952,8986368,42010,2,228,-112,13,Sunrise,true,false
1428399519952,2147483647,2147483647,2147483647,2147483647,-113,13,Sunrise,false,false
1428399519952,2147483647,2147483647,2147483647,2147483647,-113,13,Sunrise,false,false
1428399519952,2147483647,2147483647,2147483647,2147483647,-113,13,Sunrise,false,false
1428399519952,2147483647,2147483647,2147483647,2147483647,-113,13,Sunrise,false,false
1428399519952,2147483647,2147483647,2147483647,2147483647,-113,13,Sunrise,false,false
1428399519952,2147483647,2147483647,2147483647,2147483647,-113,13,Sunrise,false,false
1428399519952,2147483647,2147483647,2147483647,2147483647,-113,13,Sunrise,false,false
1428399519952,2147483647,2147483647,2147483647,2147483647,-113,13,Sunrise,false,false
1428399519952,2147483647,2147483647,2147483647,2147483647,-113,13,Sunrise,false,false
1428399519952,2147483647,2147483647,2147483647,2147483647,-113,13,Sunrise,false,false
1428399519952,2147483647,2147483647,2147483647,2147483647,-113,13,Sunrise,false,false
1428399519952,2147483647,2147483647,2147483647,2147483647,-113,13,Sunrise,false,false
1428399519952,2147483647,2147483647,2147483647,2147483647,-113,13,Sunrise,false,false
1428399519952,2147483647,2147483647,2147483647,2147483647,-113,13,Sunrise,false,false
1428399519952,2147483647,2147483647,2147483647,2147483647,-113,13,Sunrise,false,false
1428399519952,2147483647,2147483647,2147483647,2147483647,-113,13,Sunrise,false,false
1428399519952,-1,-1,-1,-1,0,13,Sunrise,false,false
1428399519952,-1,-1,-1,-1,0,13,Sunrise,false,false
1428399581909,-1,-1,-1,-1,0,10,Sunrise,true,false
1428399581909,-1,-1,-1,-1,0,10,Sunrise,false,false
1428399581909,-1,-1,-1,-1,0,10,Sunrise,false,false
1428399643022,8986368,42010,2,228,-107,13,Sunrise,true,false
1428399643022,345,2147483647,2147483647,2147483647,-120,13,Sunrise,false,false
1428399643022,2147483647,2147483647,2147483647,2147483647,-113,13,Sunrise,false,false
1428399643022,2147483647,2147483647,2147483647,2147483647,-113,13,Sunrise,false,false
1428399643022,2147483647,2147483647,2147483647,2147483647,-113,13,Sunrise,false,false
1428399643022,2147483647,2147483647,2147483647,2147483647,-113,13,Sunrise,false,false
1428399643022,2147483647,2147483647,2147483647,2147483647,-113,13,Sunrise,false,false
1428399643022,2147483647,2147483647,2147483647,2147483647,-113,13,Sunrise,false,false
1428399643022,2147483647,2147483647,2147483647,2147483647,-113,13,Sunrise,false,false
1428399643022,2147483647,2147483647,2147483647,2147483647,-113,13,Sunrise,false,false
1428399643022,2147483647,2147483647,2147483647,2147483647,-113,13,Sunrise,false,false
1428399643022,2147483647,2147483647,2147483647,2147483647,-113,13,Sunrise,false,false
1428399643022,2147483647,2147483647,2147483647,2147483647,-113,13,Sunrise,false,false
1428399643022,2147483647,2147483647,2147483647,2147483647,-113,13,Sunrise,false,false
1428399643022,2147483647,2147483647,2147483647,2147483647,-113,13,Sunrise,false,false
1428399643022,2147483647,2147483647,2147483647,2147483647,-113,13,Sunrise,false,false
1428399643022,2147483647,2147483647,2147483647,2147483647,-113,13,Sunrise,false,false
1428399643022,2147483647,2147483647,2147483647,2147483647,-113,13,Sunrise,false,false
1428399707986,8986368,42010,2,228,-108,13,Sunrise,true,false
1428399707986,345,2147483647,2147483647,2147483647,-120,13,Sunrise,false,false
1428399707986,2147483647,2147483647,2147483647,2147483647,-113,13,Sunrise,false,false
1428399707986,2147483647,2147483647,2147483647,2147483647,-113,13,Sunrise,false,false
1428399707986,2147483647,2147483647,2147483647,2147483647,-113,13,Sunrise,false,false
1428399707986,2147483647,2147483647,2147483647,2147483647,-113,13,Sunrise,false,false
1428399707986,2147483647,2147483647,2147483647,2147483647,-113,13,Sunrise,false,false
1428399707986,2147483647,2147483647,2147483647,2147483647,-113,13,Sunrise,false,false
1428399707986,2147483647,2147483647,2147483647,2147483647,-113,13,Sunrise,false,false
1428399707986,2147483647,2147483647,2147483647,2147483647,-113,13,Sunrise,false,false
1428399707986,2147483647,2147483647,2147483647,2147483647,-113,13,Sunrise,false,false
1428399707986,2147483647,2147483647,2147483647,2147483647,-113,13,Sunrise,false,false
1428399707986,2147483647,2147483647,2147483647,2147483647,-113,13,Sunrise,false,false
1428399707986,2147483647,2147483647,2147483647,2147483647,-113,13,Sunrise,false,false
1428399707986,2147483647,2147483647,2147483647,2147483647,-113,13,Sunrise,false,false
1428399707986,2147483647,2147483647,2147483647,2147483647,-113,13,Sunrise,false,false
1428399707986,2147483647,2147483647,2147483647,2147483647,-113,13,Sunrise,false,false
1428399707986,2147483647,2147483647,2147483647,2147483647,-113,13,Sunrise,false,false
1428399769192,8986368,42010,2,228,-109,13,Sunrise,true,false
1428399769192,345,2147483647,2147483647,2147483647,-127,13,Sunrise,false,false
1428399769192,2147483647,2147483647,2147483647,2147483647,-113,13,Sunrise,false,false
1428399769192,2147483647,2147483647,2147483647,2147483647,-113,13,Sunrise,false,false
1428399769192,2147483647,2147483647,2147483647,2147483647,-113,13,Sunrise,false,false
1428399769192,2147483647,2147483647,2147483647,2147483647,-113,13,Sunrise,false,false
1428399769192,2147483647,2147483647,2147483647,2147483647,-113,13,Sunrise,false,false
1428399769192,2147483647,2147483647,2147483647,2147483647,-113,13,Sunrise,false,false
1428399769192,2147483647,2147483647,2147483647,2147483647,-113,13,Sunrise,false,false
1428399769192,2147483647,2147483647,2147483647,2147483647,-113,13,Sunrise,false,false
1428399769192,2147483647,2147483647,2147483647,2147483647,-113,13,Sunrise,false,false
1428399769192,2147483647,2147483647,2147483647,2147483647,-113,13,Sunrise,false,false
1428399769192,2147483647,2147483647,2147483647,2147483647,-113,13,Sunrise,false,false
1428399769192,2147483647,2147483647,2147483647,2147483647,-113,13,Sunrise,false,false
1428399769192,2147483647,2147483647,2147483647,2147483647,-113,13,Sunrise,false,false
1428399769192,2147483647,2147483647,2147483647,2147483647,-113,13,Sunrise,false,false
1428399769192,2147483647,2147483647,2147483647,2147483647,-113,13,Sunrise,false,false
1428399769192,2147483647,2147483647,2147483647,2147483647,-113,13,Sunrise,false,false
1428399769192,-1,-1,-1,-1,0,13,Sunrise,false,false
1428399829953,-1,-1,-1,-1,0,10,Sunrise,true,false
1428399829953,-1,-1,-1,-1,0,10,Sunrise,false,false
1428399903937,-1,-1,-1,-1,0,10,Sunrise,true,false
1428399903937,-1,-1,-1,-1,0,10,Sunrise,false,false
1428399965907,8986368,42010,2,228,-104,13,Sunrise,true,false
1428399965907,2147483647,2147483647,2147483647,2147483647,-113,13,Sunrise,false,false
1428399965907,2147483647,2147483647,2147483647,2147483647,-113,13,Sunrise,false,false
1428399965907,2147483647,2147483647,2147483647,2147483647,-113,13,Sunrise,false,false
1428399965907,2147483647,2147483647,2147483647,2147483647,-113,13,Sunrise,false,false
1428399965907,2147483647,2147483647,2147483647,2147483647,-113,13,Sunrise,false,false
1428399965907,2147483647,2147483647,2147483647,2147483647,-113,13,Sunrise,false,false
1428399965907,2147483647,2147483647,2147483647,2147483647,-113,13,Sunrise,false,false
1428399965907,2147483647,2147483647,2147483647,2147483647,-113,13,Sunrise,false,false
1428399965907,2147483647,2147483647,2147483647,2147483647,-113,13,Sunrise,false,false
1428399965907,2147483647,2147483647,2147483647,2147483647,-113,13,Sunrise,false,false
1428399965907,2147483647,2147483647,2147483647,2147483647,-113,13,Sunrise,false,false
1428399965907,2147483647,2147483647,2147483647,2147483647,-113,13,Sunrise,false,false
1428399965907,2147483647,2147483647,2147483647,2147483647,-113,13,Sunrise,false,false
1428399965907,2147483647,2147483647,2147483647,2147483647,-113,13,Sunrise,false,false
1428399965907,2147483647,2147483647,2147483647,2147483647,-113,13,Sunrise,false,false
1428399965907,2147483647,2147483647,2147483647,2147483647,-113,13,Sunrise,false,false
1428400026931,8986368,42010,2,228,-100,13,Sunrise,true,false
1428400026931,2147483647,2147483647,2147483647,2147483647,-113,13,Sunrise,false,false
1428400026931,2147483647,2147483647,2147483647,2147483647,-113,13,Sunrise,false,false
1428400026931,2147483647,2147483647,2147483647,2147483647,-113,13,Sunrise,false,false
1428400026931,2147483647,2147483647,2147483647,2147483647,-113,13,Sunrise,false,false
1428400026931,2147483647,2147483647,2147483647,2147483647,-113,13,Sunrise,false,false
1428400026931,2147483647,2147483647,2147483647,2147483647,-113,13,Sunrise,false,false
1428400026931,2147483647,2147483647,2147483647,2147483647,-113,13,Sunrise,false,false
1428400026931,2147483647,2147483647,2147483647,2147483647,-113,13,Sunrise,false,false
1428400026931,2147483647,2147483647,2147483647,2147483647,-113,13,Sunrise,false,false
1428400026931,2147483647,2147483647,2147483647,2147483647,-113,13,Sunrise,false,false
1428400026931,2147483647,2147483647,2147483647,2147483647,-113,13,Sunrise,false,false
1428400026931,2147483647,2147483647,2147483647,2147483647,-113,13,Sunrise,false,false
1428400026931,2147483647,2147483647,2147483647,2147483647,-113,13,Sunrise,false,false
1428400026931,2147483647,2147483647,2147483647,2147483647,-113,13,Sunrise,false,false
1428400026931,2147483647,2147483647,2147483647,2147483647,-113,13,Sunrise,false,false
1428400026931,2147483647,2147483647,2147483647,2147483647,-113,13,Sunrise,false,false
1428400086931,-1,-1,-1,-1,0,10,Sunrise,true,false
1428400086931,-1,-1,-1,-1,0,10,Sunrise,false,false
1428400086931,-1,-1,-1,-1,0,10,Sunrise,false,false
1428400148919,8986368,42010,2,228,-104,13,Sunrise,true,false
1428400148919,2147483647,2147483647,2147483647,2147483647,-113,13,Sunrise,false,false
1428400148919,2147483647,2147483647,2147483647,2147483647,-113,13,Sunrise,false,false
1428400148919,2147483647,2147483647,2147483647,2147483647,-113,13,Sunrise,false,false
1428400148919,2147483647,2147483647,2147483647,2147483647,-113,13,Sunrise,false,false
1428400148919,2147483647,2147483647,2147483647,2147483647,-113,13,Sunrise,false,false
1428400148919,2147483647,2147483647,2147483647,2147483647,-113,13,Sunrise,false,false
1428400148919,2147483647,2147483647,2147483647,2147483647,-113,13,Sunrise,false,false
1428400148919,2147483647,2147483647,2147483647,2147483647,-113,13,Sunrise,false,false
1428400148919,2147483647,2147483647,2147483647,2147483647,-113,13,Sunrise,false,false
1428400148919,2147483647,2147483647,2147483647,2147483647,-113,13,Sunrise,false,false
1428400148919,2147483647,2147483647,2147483647,2147483647,-113,13,Sunrise,false,false
1428400148919,2147483647,2147483647,2147483647,2147483647,-113,13,Sunrise,false,false
1428400148919,2147483647,2147483647,2147483647,2147483647,-113,13,Sunrise,false,false
1428400148919,2147483647,2147483647,2147483647,2147483647,-113,13,Sunrise,false,false
1428400148919,2147483647,2147483647,2147483647,2147483647,-113,13,Sunrise,false,false
1428400148919,2147483647,2147483647,2147483647,2147483647,-113,13,Sunrise,false,false
1428400211020,-1,-1,-1,-1,0,10,Sunrise,true,false
1428400211020,-1,-1,-1,-1,0,10,Sunrise,false,false
1428400211020,-1,-1,-1,-1,0,10,Sunrise,false,false
1428400211020,-1,-1,-1,-1,0,10,Sunrise,false,false
1428400272257,-1,-1,-1,-1,0,10,Sunrise,true,false
1428400272257,-1,-1,-1,-1,0,10,Sunrise,false,false
1428400272257,-1,-1,-1,-1,0,10,Sunrise,false,false
1428400272257,-1,-1,-1,-1,0,10,Sunrise,false,false
1428400333494,8986368,42010,2,228,-106,13,Sunrise,true,false
1428400333494,51,2147483647,2147483647,2147483647,-114,13,Sunrise,false,false
1428400394913,-1,-1,-1,-1,0,10,Sunrise,true,false
1428400394913,-1,-1,-1,-1,0,10,Sunrise,false,false
1428400394913,-1,-1,-1,-1,0,10,Sunrise,false,false
1428400455953,-1,-1,-1,-1,0,10,Sunrise,true,false
1428400455953,-1,-1,-1,-1,0,10,Sunrise,false,false
1428400455953,-1,-1,-1,-1,0,10,Sunrise,false,false
1428400455953,-1,-1,-1,-1,0,10,Sunrise,false,false
1428400455953,-1,-1,-1,-1,0,10,Sunrise,false,false
1428400527950,8986368,42010,2,228,-116,13,Sunrise,true,false
1428400527950,2147483647,2147483647,2147483647,2147483647,-113,13,Sunrise,false,false
1428400527950,2147483647,2147483647,2147483647,2147483647,-113,13,Sunrise,false,false
1428400527950,2147483647,2147483647,2147483647,2147483647,-113,13,Sunrise,false,false
1428400527950,2147483647,2147483647,2147483647,2147483647,-113,13,Sunrise,false,false
1428400527950,2147483647,2147483647,2147483647,2147483647,-113,13,Sunrise,false,false
1428400527950,2147483647,2147483647,2147483647,2147483647,-113,13,Sunrise,false,false
1428400527950,2147483647,2147483647,2147483647,2147483647,-113,13,Sunrise,false,false
1428400527950,2147483647,2147483647,2147483647,2147483647,-113,13,Sunrise,false,false
1428400527950,2147483647,2147483647,2147483647,2147483647,-113,13,Sunrise,false,false
1428400527950,2147483647,2147483647,2147483647,2147483647,-113,13,Sunrise,false,false
1428400527950,2147483647,2147483647,2147483647,2147483647,-113,13,Sunrise,false,false
1428400527950,2147483647,2147483647,2147483647,2147483647,-113,13,Sunrise,false,false
1428400527950,2147483647,2147483647,2147483647,2147483647,-113,13,Sunrise,false,false
1428400527950,2147483647,2147483647,2147483647,2147483647,-113,13,Sunrise,false,false
1428400527950,2147483647,2147483647,2147483647,2147483647,-113,13,Sunrise,false,false
1428400527950,2147483647,2147483647,2147483647,2147483647,-113,13,Sunrise,false,false
1428400527950,-1,-1,-1,-1,0,13,Sunrise,false,false
1428400527950,-1,-1,-1,-1,0,13,Sunrise,false,false
1428400527950,-1,-1,-1,-1,0,13,Sunrise,false,false
1428400527950,-1,-1,-1,-1,0,13,Sunrise,false,false
1428400527950,-1,-1,-1,-1,0,13,Sunrise,false,false
1428400607922,8986368,42010,2,228,-98,13,Sunrise,true,false
1428400607922,2147483647,2147483647,2147483647,2147483647,-113,13,Sunrise,false,false
1428400607922,2147483647,2147483647,2147483647,2147483647,-113,13,Sunrise,false,false
1428400607922,2147483647,2147483647,2147483647,2147483647,-113,13,Sunrise,false,false
1428400607922,2147483647,2147483647,2147483647,2147483647,-113,13,Sunrise,false,false
1428400607922,2147483647,2147483647,2147483647,2147483647,-113,13,Sunrise,false,false
1428400607922,2147483647,2147483647,2147483647,2147483647,-113,13,Sunrise,false,false
1428400607922,2147483647,2147483647,2147483647,2147483647,-113,13,Sunrise,false,false
1428400607922,2147483647,2147483647,2147483647,2147483647,-113,13,Sunrise,false,false
1428400607922,2147483647,2147483647,2147483647,2147483647,-113,13,Sunrise,false,false
1428400607922,2147483647,2147483647,2147483647,2147483647,-113,13,Sunrise,false,false
1428400607922,2147483647,2147483647,2147483647,2147483647,-113,13,Sunrise,false,false
1428400607922,2147483647,2147483647,2147483647,2147483647,-113,13,Sunrise,false,false
1428400607922,2147483647,2147483647,2147483647,2147483647,-113,13,Sunrise,false,false
1428400607922,2147483647,2147483647,2147483647,2147483647,-113,13,Sunrise,false,false
1428400607922,2147483647,2147483647,2147483647,2147483647,-113,13,Sunrise,false,false
1428400607922,2147483647,2147483647,2147483647,2147483647,-113,13,Sunrise,false,false
1428400607922,-1,-1,-1,-1,0,13,Sunrise,false,false
1428400607922,-1,-1,-1,-1,0,13,Sunrise,false,false
1428400607922,-1,-1,-1,-1,0,13,Sunrise,false,false
1428400668022,-1,-1,-1,-1,0,10,Sunrise,true,false
1428400668022,-1,-1,-1,-1,0,10,Sunrise,false,false
1428400668022,2147483647,2147483647,2147483647,2147483647,-81,10,Sunrise,false,false
1428400668022,2147483647,2147483647,2147483647,2147483647,-109,10,Sunrise,false,false
1428400668022,2147483647,2147483647,2147483647,2147483647,-111,10,Sunrise,false,false
1428400668022,2147483647,2147483647,2147483647,2147483647,-111,10,Sunrise,false,false
1428400668022,2147483647,2147483647,2147483647,2147483647,-111,10,Sunrise,false,false
1428400668022,2147483647,2147483647,2147483647,2147483647,-113,10,Sunrise,false,false
1428400668022,2147483647,2147483647,2147483647,2147483647,-113,10,Sunrise,false,false
1428400668022,2147483647,2147483647,2147483647,2147483647,-113,10,Sunrise,false,false
1428400728132,-1,-1,-1,-1,0,10,Sunrise,true,false
1428400804987,-1,-1,-1,-1,0,10,Sunrise,true,false
1428400804987,-1,-1,-1,-1,0,10,Sunrise,false,false
1428400804987,-1,-1,-1,-1,0,10,Sunrise,false,false
1428400886951,8986368,42010,2,228,-107,13,Sunrise,true,false
1428400886951,345,2147483647,2147483647,2147483647,-117,13,Sunrise,false,false
1428400886951,2147483647,2147483647,2147483647,2147483647,-113,13,Sunrise,false,false
1428400886951,2147483647,2147483647,2147483647,2147483647,-113,13,Sunrise,false,false
1428400886951,2147483647,2147483647,2147483647,2147483647,-113,13,Sunrise,false,false
1428400886951,2147483647,2147483647,2147483647,2147483647,-113,13,Sunrise,false,false
1428400886951,2147483647,2147483647,2147483647,2147483647,-113,13,Sunrise,false,false
1428400886951,2147483647,2147483647,2147483647,2147483647,-113,13,Sunrise,false,false
1428400886951,2147483647,2147483647,2147483647,2147483647,-113,13,Sunrise,false,false
1428400886951,2147483647,2147483647,2147483647,2147483647,-113,13,Sunrise,false,false
1428400886951,2147483647,2147483647,2147483647,2147483647,-113,13,Sunrise,false,false
1428400886951,2147483647,2147483647,2147483647,2147483647,-113,13,Sunrise,false,false
1428400886951,2147483647,2147483647,2147483647,2147483647,-113,13,Sunrise,false,false
1428400886951,2147483647,2147483647,2147483647,2147483647,-113,13,Sunrise,false,false
1428400886951,2147483647,2147483647,2147483647,2147483647,-113,13,Sunrise,false,false
1428400886951,2147483647,2147483647,2147483647,2147483647,-113,13,Sunrise,false,false
1428400886951,2147483647,2147483647,2147483647,2147483647,-113,13,Sunrise,false,false
1428400886951,2147483647,2147483647,2147483647,2147483647,-113,13,Sunrise,false,false
1428400948143,8986368,42010,2,228,-107,13,Sunrise,true,false
1428400948143,345,2147483647,2147483647,2147483647,-124,13,Sunrise,false,false
1428400948143,2147483647,2147483647,2147483647,2147483647,-113,13,Sunrise,false,false
1428400948143,2147483647,2147483647,2147483647,2147483647,-113,13,Sunrise,false,false
1428400948143,2147483647,2147483647,2147483647,2147483647,-113,13,Sunrise,false,false
1428400948143,2147483647,2147483647,2147483647,2147483647,-113,13,Sunrise,false,false
1428400948143,2147483647,2147483647,2147483647,2147483647,-113,13,Sunrise,false,false
1428400948143,2147483647,2147483647,2147483647,2147483647,-113,13,Sunrise,false,false
1428400948143,2147483647,2147483647,2147483647,2147483647,-113,13,Sunrise,false,false
1428400948143,2147483647,2147483647,2147483647,2147483647,-113,13,Sunrise,false,false
1428400948143,2147483647,2147483647,2147483647,2147483647,-113,13,Sunrise,false,false
1428400948143,2147483647,2147483647,2147483647,2147483647,-113,13,Sunrise,false,false
1428400948143,2147483647,2147483647,2147483647,2147483647,-113,13,Sunrise,false,false
1428400948143,2147483647,2147483647,2147483647,2147483647,-113,13,Sunrise,false,false
1428400948143,2147483647,2147483647,2147483647,2147483647,-113,13,Sunrise,false,false
1428400948143,2147483647,2147483647,2147483647,2147483647,-113,13,Sunrise,false,false
1428400948143,2147483647,2147483647,2147483647,2147483647,-113,13,Sunrise,false,false
1428400948143,2147483647,2147483647,2147483647,2147483647,-113,13,Sunrise,false,false
1428400948143,-1,-1,-1,-1,0,13,Sunrise,false,false
1428400948143,-1,-1,-1,-1,0,13,Sunrise,false,false
1428401009272,8986368,42010,2,228,-113,13,Sunrise,true,false
1428401009272,345,2147483647,2147483647,2147483647,-118,13,Sunrise,false,false
1428401009272,2147483647,2147483647,2147483647,2147483647,-113,13,Sunrise,false,false
1428401009272,2147483647,2147483647,2147483647,2147483647,-113,13,Sunrise,false,false
1428401009272,2147483647,2147483647,2147483647,2147483647,-113,13,Sunrise,false,false
1428401009272,2147483647,2147483647,2147483647,2147483647,-113,13,Sunrise,false,false
1428401009272,2147483647,2147483647,2147483647,2147483647,-113,13,Sunrise,false,false
1428401009272,2147483647,2147483647,2147483647,2147483647,-113,13,Sunrise,false,false
1428401009272,2147483647,2147483647,2147483647,2147483647,-113,13,Sunrise,false,false
1428401009272,2147483647,2147483647,2147483647,2147483647,-113,13,Sunrise,false,false
1428401009272,2147483647,2147483647,2147483647,2147483647,-113,13,Sunrise,false,false
1428401009272,2147483647,2147483647,2147483647,2147483647,-113,13,Sunrise,false,false
1428401009272,2147483647,2147483647,2147483647,2147483647,-113,13,Sunrise,false,false
1428401009272,2147483647,2147483647,2147483647,2147483647,-113,13,Sunrise,false,false
1428401009272,2147483647,2147483647,2147483647,2147483647,-113,13,Sunrise,false,false
1428401009272,2147483647,2147483647,2147483647,2147483647,-113,13,Sunrise,false,false
1428401009272,2147483647,2147483647,2147483647,2147483647,-113,13,Sunrise,false,false
1428401009272,2147483647,2147483647,2147483647,2147483647,-113,13,Sunrise,false,false
1428401009272,-1,-1,-1,-1,0,13,Sunrise,false,false
1428401009272,-1,-1,-1,-1,0,13,Sunrise,false,false
1428401009272,-1,-1,-1,-1,0,13,Sunrise,false,false
1428401071018,8986368,42010,2,228,-102,13,Sunrise,true,false
1428401071018,345,2147483647,2147483647,2147483647,-118,13,Sunrise,false,false
1428401071018,2147483647,2147483647,2147483647,2147483647,-113,13,Sunrise,false,false
1428401071018,2147483647,2147483647,2147483647,2147483647,-113,13,Sunrise,false,false
1428401071018,2147483647,2147483647,2147483647,2147483647,-113,13,Sunrise,false,false
1428401071018,2147483647,2147483647,2147483647,2147483647,-113,13,Sunrise,false,false
1428401071018,2147483647,2147483647,2147483647,2147483647,-113,13,Sunrise,false,false
1428401071018,2147483647,2147483647,2147483647,2147483647,-113,13,Sunrise,false,false
1428401071018,2147483647,2147483647,2147483647,2147483647,-113,13,Sunrise,false,false
1428401071018,2147483647,2147483647,2147483647,2147483647,-113,13,Sunrise,false,false
1428401071018,2147483647,2147483647,2147483647,2147483647,-113,13,Sunrise,false,false
1428401071018,2147483647,2147483647,2147483647,2147483647,-113,13,Sunrise,false,false
1428401071018,2147483647,2147483647,2147483647,2147483647,-113,13,Sunrise,false,false
1428401071018,2147483647,2147483647,2147483647,2147483647,-113,13,Sunrise,false,false
1428401071018,2147483647,2147483647,2147483647,2147483647,-113,13,Sunrise,false,false
1428401071018,2147483647,2147483647,2147483647,2147483647,-113,13,Sunrise,false,false
1428401071018,2147483647,2147483647,2147483647,2147483647,-113,13,Sunrise,false,false
1428401071018,2147483647,2147483647,2147483647,2147483647,-113,13,Sunrise,false,false
1428401071018,-1,-1,-1,-1,0,13,Sunrise,false,false
1428401071018,-1,-1,-1,-1,0,13,Sunrise,false,false
1428401071018,-1,-1,-1,-1,0,13,Sunrise,false,false
1428401132910,8986368,42010,2,228,-104,13,Sunrise,true,false
1428401132910,345,2147483647,2147483647,2147483647,-118,13,Sunrise,false,false
1428401132910,2147483647,2147483647,2147483647,2147483647,-113,13,Sunrise,false,false
1428401132910,2147483647,2147483647,2147483647,2147483647,-113,13,Sunrise,false,false
1428401132910,2147483647,2147483647,2147483647,2147483647,-113,13,Sunrise,false,false
1428401132910,2147483647,2147483647,2147483647,2147483647,-113,13,Sunrise,false,false
1428401132910,2147483647,2147483647,2147483647,2147483647,-113,13,Sunrise,false,false
1428401132910,2147483647,2147483647,2147483647,2147483647,-113,13,Sunrise,false,false
1428401132910,2147483647,2147483647,2147483647,2147483647,-113,13,Sunrise,false,false
1428401132910,2147483647,2147483647,2147483647,2147483647,-113,13,Sunrise,false,false
1428401132910,2147483647,2147483647,2147483647,2147483647,-113,13,Sunrise,false,false
1428401132910,2147483647,2147483647,2147483647,2147483647,-113,13,Sunrise,false,false
1428401132910,2147483647,2147483647,2147483647,2147483647,-113,13,Sunrise,false,false
1428401132910,2147483647,2147483647,2147483647,2147483647,-113,13,Sunrise,false,false
1428401132910,2147483647,2147483647,2147483647,2147483647,-113,13,Sunrise,false,false
1428401132910,2147483647,2147483647,2147483647,2147483647,-113,13,Sunrise,false,false
1428401132910,2147483647,2147483647,2147483647,2147483647,-113,13,Sunrise,false,false
1428401132910,2147483647,2147483647,2147483647,2147483647,-113,13,Sunrise,false,false
1428401132910,-1,-1,-1,-1,0,13,Sunrise,false,false
1428401132910,-1,-1,-1,-1,0,13,Sunrise,false,false
1428401132910,-1,-1,-1,-1,0,13,Sunrise,false,false
1428401193963,8961030,42010,2,228,-113,13,Sunrise,true,false
1428401193963,52,2147483647,2147483647,2147483647,-124,13,Sunrise,false,false
1428401255104,-1,-1,-1,-1,0,10,Sunrise,true,false
1428401255104,-1,-1,-1,-1,0,10,Sunrise,false,false
1428401320356,8961030,42010,2,228,-106,13,Sunrise,true,false
1428401381872,8986368,42010,2,228,-104,13,Sunrise,true,false
1428401381872,490,2147483647,2147483647,2147483647,-132,13,Sunrise,false,false
1428401381872,51,2147483647,2147483647,2147483647,-116,13,Sunrise,false,false
1428401381872,2147483647,2147483647,2147483647,2147483647,-113,13,Sunrise,false,false
1428401381872,2147483647,2147483647,2147483647,2147483647,-113,13,Sunrise,false,false
1428401381872,2147483647,2147483647,2147483647,2147483647,-113,13,Sunrise,false,false
1428401381872,2147483647,2147483647,2147483647,2147483647,-113,13,Sunrise,false,false
1428401381872,2147483647,2147483647,2147483647,2147483647,-113,13,Sunrise,false,false
1428401381872,2147483647,2147483647,2147483647,2147483647,-113,13,Sunrise,false,false
1428401381872,2147483647,2147483647,2147483647,2147483647,-113,13,Sunrise,false,false
1428401381872,2147483647,2147483647,2147483647,2147483647,-113,13,Sunrise,false,false
1428401381872,2147483647,2147483647,2147483647,2147483647,-113,13,Sunrise,false,false
1428401381872,2147483647,2147483647,2147483647,2147483647,-113,13,Sunrise,false,false
1428401381872,2147483647,2147483647,2147483647,2147483647,-113,13,Sunrise,false,false
1428401381872,2147483647,2147483647,2147483647,2147483647,-113,13,Sunrise,false,false
1428401381872,2147483647,2147483647,2147483647,2147483647,-113,13,Sunrise,false,false
1428401381872,2147483647,2147483647,2147483647,2147483647,-113,13,Sunrise,false,false
1428401381872,2147483647,2147483647,2147483647,2147483647,-113,13,Sunrise,false,false
1428401381872,2147483647,2147483647,2147483647,2147483647,-113,13,Sunrise,false,false
1428401466911,8986368,42010,2,228,-109,13,Sunrise,true,false
1428401466911,490,2147483647,2147483647,2147483647,-121,13,Sunrise,false,false
1428401466911,53,2147483647,2147483647,2147483647,-119,13,Sunrise,false,false
1428401466911,51,2147483647,2147483647,2147483647,-117,13,Sunrise,false,false
1428401466911,50,2147483647,2147483647,2147483647,-125,13,Sunrise,false,false
1428401466911,422,2147483647,2147483647,2147483647,-124,13,Sunrise,false,false
1428401466911,345,2147483647,2147483647,2147483647,-111,13,Sunrise,false,false
1428401466911,2147483647,2147483647,2147483647,2147483647,-113,13,Sunrise,false,false
1428401466911,2147483647,2147483647,2147483647,2147483647,-113,13,Sunrise,false,false
1428401466911,2147483647,2147483647,2147483647,2147483647,-113,13,Sunrise,false,false
1428401466911,2147483647,2147483647,2147483647,2147483647,-113,13,Sunrise,false,false
1428401466911,2147483647,2147483647,2147483647,2147483647,-113,13,Sunrise,false,false
1428401466911,2147483647,2147483647,2147483647,2147483647,-113,13,Sunrise,false,false
1428401466911,2147483647,2147483647,2147483647,2147483647,-113,13,Sunrise,false,false
1428401466911,2147483647,2147483647,2147483647,2147483647,-113,13,Sunrise,false,false
1428401466911,2147483647,2147483647,2147483647,2147483647,-113,13,Sunrise,false,false
1428401466911,2147483647,2147483647,2147483647,2147483647,-113,13,Sunrise,false,false
1428401466911,2147483647,2147483647,2147483647,2147483647,-113,13,Sunrise,false,false
1428401466911,2147483647,2147483647,2147483647,2147483647,-113,13,Sunrise,false,false
1428401466911,2147483647,2147483647,2147483647,2147483647,-113,13,Sunrise,false,false
1428401466911,2147483647,2147483647,2147483647,2147483647,-113,13,Sunrise,false,false
1428401466911,2147483647,2147483647,2147483647,2147483647,-113,13,Sunrise,false,false
1428401466911,2147483647,2147483647,2147483647,2147483647,-113,13,Sunrise,false,false
1428401466911,-1,-1,-1,-1,0,13,Sunrise,false,false
1428401466911,-1,-1,-1,-1,0,13,Sunrise,false,false
1428401528134,8986368,42010,2,228,-101,13,Sunrise,true,false
1428401528134,51,2147483647,2147483647,2147483647,-104,13,Sunrise,false,false
1428401528134,345,2147483647,2147483647,2147483647,-111,13,Sunrise,false,false
1428401528134,2147483647,2147483647,2147483647,2147483647,-113,13,Sunrise,false,false
1428401528134,2147483647,2147483647,2147483647,2147483647,-113,13,Sunrise,false,false
1428401528134,2147483647,2147483647,2147483647,2147483647,-113,13,Sunrise,false,false
1428401528134,2147483647,2147483647,2147483647,2147483647,-113,13,Sunrise,false,false
1428401528134,2147483647,2147483647,2147483647,2147483647,-113,13,Sunrise,false,false
1428401528134,2147483647,2147483647,2147483647,2147483647,-113,13,Sunrise,false,false
1428401528134,2147483647,2147483647,2147483647,2147483647,-113,13,Sunrise,false,false
1428401528134,2147483647,2147483647,2147483647,2147483647,-113,13,Sunrise,false,false
1428401528134,2147483647,2147483647,2147483647,2147483647,-113,13,Sunrise,false,false
1428401528134,2147483647,2147483647,2147483647,2147483647,-113,13,Sunrise,false,false
1428401528134,2147483647,2147483647,2147483647,2147483647,-113,13,Sunrise,false,false
1428401528134,2147483647,2147483647,2147483647,2147483647,-113,13,Sunrise,false,false
1428401528134,2147483647,2147483647,2147483647,2147483647,-113,13,Sunrise,false,false
1428401528134,2147483647,2147483647,2147483647,2147483647,-113,13,Sunrise,false,false
1428401528134,2147483647,2147483647,2147483647,2147483647,-113,13,Sunrise,false,false
1428401528134,2147483647,2147483647,2147483647,2147483647,-113,13,Sunrise,false,false
1428401528134,-1,-1,-1,-1,0,13,Sunrise,false,false
1428401528134,-1,-1,-1,-1,0,13,Sunrise,false,false
1428401588246,-1,-1,-1,-1,0,10,Sunrise,true,false
1428401588246,-1,-1,-1,-1,0,10,Sunrise,false,false
1428401648220,8961030,42010,2,228,-115,13,Sunrise,true,false
1428401708343,8961030,42010,2,228,-117,13,Sunrise,true,false
1428401708343,2147483647,2147483647,2147483647,2147483647,-113,13,Sunrise,false,false
1428401708343,2147483647,2147483647,2147483647,2147483647,-113,13,Sunrise,false,false
1428401708343,2147483647,2147483647,2147483647,2147483647,-113,13,Sunrise,false,false
1428401708343,2147483647,2147483647,2147483647,2147483647,-113,13,Sunrise,false,false
1428401708343,2147483647,2147483647,2147483647,2147483647,-113,13,Sunrise,false,false
1428401708343,2147483647,2147483647,2147483647,2147483647,-113,13,Sunrise,false,false
1428401708343,2147483647,2147483647,2147483647,2147483647,-113,13,Sunrise,false,false
1428401708343,2147483647,2147483647,2147483647,2147483647,-113,13,Sunrise,false,false
1428401708343,2147483647,2147483647,2147483647,2147483647,-113,13,Sunrise,false,false
1428401708343,2147483647,2147483647,2147483647,2147483647,-113,13,Sunrise,false,false
1428401708343,2147483647,2147483647,2147483647,2147483647,-113,13,Sunrise,false,false
1428401708343,2147483647,2147483647,2147483647,2147483647,-113,13,Sunrise,false,false
1428401708343,2147483647,2147483647,2147483647,2147483647,-113,13,Sunrise,false,false
1428401708343,-1,-1,-1,-1,0,13,Sunrise,false,false
1428401768852,8961030,42010,2,228,-118,13,Sunrise,true,false
1428401768852,50,2147483647,2147483647,2147483647,-116,13,Sunrise,false,false
1428401768852,2147483647,2147483647,2147483647,2147483647,-113,13,Sunrise,false,false
1428401768852,2147483647,2147483647,2147483647,2147483647,-113,13,Sunrise,false,false
1428401768852,2147483647,2147483647,2147483647,2147483647,-113,13,Sunrise,false,false
1428401768852,2147483647,2147483647,2147483647,2147483647,-113,13,Sunrise,false,false
1428401768852,2147483647,2147483647,2147483647,2147483647,-113,13,Sunrise,false,false
1428401768852,2147483647,2147483647,2147483647,2147483647,-113,13,Sunrise,false,false
1428401768852,2147483647,2147483647,2147483647,2147483647,-113,13,Sunrise,false,false
1428401768852,2147483647,2147483647,2147483647,2147483647,-113,13,Sunrise,false,false
1428401768852,2147483647,2147483647,2147483647,2147483647,-113,13,Sunrise,false,false
1428401768852,2147483647,2147483647,2147483647,2147483647,-113,13,Sunrise,false,false
1428401768852,2147483647,2147483647,2147483647,2147483647,-113,13,Sunrise,false,false
1428401768852,2147483647,2147483647,2147483647,2147483647,-113,13,Sunrise,false,false
1428401768852,2147483647,2147483647,2147483647,2147483647,-113,13,Sunrise,false,false
1428401768852,-1,-1,-1,-1,0,13,Sunrise,false,false
1428401768852,-1,-1,-1,-1,0,13,Sunrise,false,false
1428401828870,8961030,42010,2,228,-107,13,Sunrise,true,false
1428401828870,150,2147483647,2147483647,2147483647,-118,13,Sunrise,false,false
1428401828870,2147483647,2147483647,2147483647,2147483647,-113,13,Sunrise,false,false
1428401828870,2147483647,2147483647,2147483647,2147483647,-113,13,Sunrise,false,false
1428401828870,2147483647,2147483647,2147483647,2147483647,-113,13,Sunrise,false,false
1428401828870,2147483647,2147483647,2147483647,2147483647,-113,13,Sunrise,false,false
1428401828870,2147483647,2147483647,2147483647,2147483647,-113,13,Sunrise,false,false
1428401828870,2147483647,2147483647,2147483647,2147483647,-113,13,Sunrise,false,false
1428401828870,2147483647,2147483647,2147483647,2147483647,-113,13,Sunrise,false,false
1428401828870,2147483647,2147483647,2147483647,2147483647,-113,13,Sunrise,false,false
1428401828870,2147483647,2147483647,2147483647,2147483647,-113,13,Sunrise,false,false
1428401828870,2147483647,2147483647,2147483647,2147483647,-113,13,Sunrise,false,false
1428401828870,2147483647,2147483647,2147483647,2147483647,-113,13,Sunrise,false,false
1428401828870,2147483647,2147483647,2147483647,2147483647,-113,13,Sunrise,false,false
1428401828870,2147483647,2147483647,2147483647,2147483647,-113,13,Sunrise,false,false
1428401889038,8961030,42010,2,228,-111,13,Sunrise,true,false
1428401889038,2147483647,2147483647,2147483647,2147483647,-113,13,Sunrise,false,false
1428401889038,2147483647,2147483647,2147483647,2147483647,-113,13,Sunrise,false,false
1428401889038,2147483647,2147483647,2147483647,2147483647,-113,13,Sunrise,false,false
1428401889038,2147483647,2147483647,2147483647,2147483647,-113,13,Sunrise,false,false
1428401889038,2147483647,2147483647,2147483647,2147483647,-113,13,Sunrise,false,false
1428401889038,2147483647,2147483647,2147483647,2147483647,-113,13,Sunrise,false,false
1428401889038,2147483647,2147483647,2147483647,2147483647,-113,13,Sunrise,false,false
1428401889038,2147483647,2147483647,2147483647,2147483647,-113,13,Sunrise,false,false
1428401889038,2147483647,2147483647,2147483647,2147483647,-113,13,Sunrise,false,false
1428401889038,2147483647,2147483647,2147483647,2147483647,-113,13,Sunrise,false,false
1428401889038,2147483647,2147483647,2147483647,2147483647,-113,13,Sunrise,false,false
1428401889038,2147483647,2147483647,2147483647,2147483647,-113,13,Sunrise,false,false
1428401889038,2147483647,2147483647,2147483647,2147483647,-113,13,Sunrise,false,false
1428401889038,-1,-1,-1,-1,0,13,Sunrise,false,false
1428401889038,-1,-1,-1,-1,0,13,Sunrise,false,false
1428401889038,-1,-1,-1,-1,0,13,Sunrise,false,false
1428401948951,8986368,42010,2,228,-104,13,Sunrise,true,false
1428401948951,345,2147483647,2147483647,2147483647,-121,13,Sunrise,false,false
1428401948951,2147483647,2147483647,2147483647,2147483647,-113,13,Sunrise,false,false
1428401948951,2147483647,2147483647,2147483647,2147483647,-113,13,Sunrise,false,false
1428401948951,2147483647,2147483647,2147483647,2147483647,-113,13,Sunrise,false,false
1428401948951,2147483647,2147483647,2147483647,2147483647,-113,13,Sunrise,false,false
1428401948951,2147483647,2147483647,2147483647,2147483647,-113,13,Sunrise,false,false
1428401948951,2147483647,2147483647,2147483647,2147483647,-113,13,Sunrise,false,false
1428401948951,2147483647,2147483647,2147483647,2147483647,-113,13,Sunrise,false,false
1428401948951,2147483647,2147483647,2147483647,2147483647,-113,13,Sunrise,false,false
1428401948951,2147483647,2147483647,2147483647,2147483647,-113,13,Sunrise,false,false
1428401948951,2147483647,2147483647,2147483647,2147483647,-113,13,Sunrise,false,false
1428401948951,2147483647,2147483647,2147483647,2147483647,-113,13,Sunrise,false,false
1428401948951,2147483647,2147483647,2147483647,2147483647,-113,13,Sunrise,false,false
1428401948951,2147483647,2147483647,2147483647,2147483647,-113,13,Sunrise,false,false
1428401948951,2147483647,2147483647,2147483647,2147483647,-113,13,Sunrise,false,false
1428401948951,2147483647,2147483647,2147483647,2147483647,-113,13,Sunrise,false,false
1428401948951,2147483647,2147483647,2147483647,2147483647,-113,13,Sunrise,false,false
1428401948951,-1,-1,-1,-1,0,13,Sunrise,false,false
1428401948951,-1,-1,-1,-1,0,13,Sunrise,false,false
1428401948951,-1,-1,-1,-1,0,13,Sunrise,false,false
1428401948951,-1,-1,-1,-1,0,13,Sunrise,false,false
1428402011861,-1,-1,-1,-1,0,10,Sunrise,true,false
1428402072108,-1,-1,-1,-1,0,10,Sunrise,true,false
1428402144007,8986368,42010,2,228,-102,13,Sunrise,true,false
1428402144007,51,2147483647,2147483647,2147483647,-114,13,Sunrise,false,false
1428402144007,53,2147483647,2147483647,2147483647,-115,13,Sunrise,false,false
1428402144007,2147483647,2147483647,2147483647,2147483647,-113,13,Sunrise,false,false
1428402144007,2147483647,2147483647,2147483647,2147483647,-113,13,Sunrise,false,false
1428402144007,2147483647,2147483647,2147483647,2147483647,-113,13,Sunrise,false,false
1428402144007,2147483647,2147483647,2147483647,2147483647,-113,13,Sunrise,false,false
1428402144007,2147483647,2147483647,2147483647,2147483647,-113,13,Sunrise,false,false
1428402144007,2147483647,2147483647,2147483647,2147483647,-113,13,Sunrise,false,false
1428402144007,2147483647,2147483647,2147483647,2147483647,-113,13,Sunrise,false,false
1428402144007,2147483647,2147483647,2147483647,2147483647,-113,13,Sunrise,false,false
1428402144007,2147483647,2147483647,2147483647,2147483647,-113,13,Sunrise,false,false
1428402144007,2147483647,2147483647,2147483647,2147483647,-113,13,Sunrise,false,false
1428402144007,2147483647,2147483647,2147483647,2147483647,-113,13,Sunrise,false,false
1428402144007,2147483647,2147483647,2147483647,2147483647,-113,13,Sunrise,false,false
1428402144007,2147483647,2147483647,2147483647,2147483647,-113,13,Sunrise,false,false
1428402144007,2147483647,2147483647,2147483647,2147483647,-113,13,Sunrise,false,false
1428402144007,2147483647,2147483647,2147483647,2147483647,-113,13,Sunrise,false,false
1428402144007,2147483647,2147483647,2147483647,2147483647,-113,13,Sunrise,false,false
1428402204144,8986368,42010,2,228,-107,13,Sunrise,true,false
1428402204144,51,2147483647,2147483647,2147483647,-122,13,Sunrise,false,false
1428402204144,2147483647,2147483647,2147483647,2147483647,-113,13,Sunrise,false,false
1428402204144,2147483647,2147483647,2147483647,2147483647,-113,13,Sunrise,false,false
1428402204144,2147483647,2147483647,2147483647,2147483647,-113,13,Sunrise,false,false
1428402204144,2147483647,2147483647,2147483647,2147483647,-113,13,Sunrise,false,false
1428402204144,2147483647,2147483647,2147483647,2147483647,-113,13,Sunrise,false,false
1428402204144,2147483647,2147483647,2147483647,2147483647,-113,13,Sunrise,false,false
1428402204144,2147483647,2147483647,2147483647,2147483647,-113,13,Sunrise,false,false
1428402204144,2147483647,2147483647,2147483647,2147483647,-113,13,Sunrise,false,false
1428402204144,2147483647,2147483647,2147483647,2147483647,-113,13,Sunrise,false,false
1428402204144,2147483647,2147483647,2147483647,2147483647,-113,13,Sunrise,false,false
1428402204144,2147483647,2147483647,2147483647,2147483647,-113,13,Sunrise,false,false
1428402204144,2147483647,2147483647,2147483647,2147483647,-113,13,Sunrise,false,false
1428402204144,2147483647,2147483647,2147483647,2147483647,-113,13,Sunrise,false,false
1428402204144,2147483647,2147483647,2147483647,2147483647,-113,13,Sunrise,false,false
1428402204144,2147483647,2147483647,2147483647,2147483647,-113,13,Sunrise,false,false
1428402204144,2147483647,2147483647,2147483647,2147483647,-113,13,Sunrise,false,false
1428402270249,8986368,42010,2,228,-110,13,Sunrise,true,false
1428402270249,51,2147483647,2147483647,2147483647,-121,13,Sunrise,false,false
1428402270249,2147483647,2147483647,2147483647,2147483647,-113,13,Sunrise,false,false
1428402270249,2147483647,2147483647,2147483647,2147483647,-113,13,Sunrise,false,false
1428402270249,2147483647,2147483647,2147483647,2147483647,-113,13,Sunrise,false,false
1428402270249,2147483647,2147483647,2147483647,2147483647,-113,13,Sunrise,false,false
1428402270249,2147483647,2147483647,2147483647,2147483647,-113,13,Sunrise,false,false
1428402270249,2147483647,2147483647,2147483647,2147483647,-113,13,Sunrise,false,false
1428402270249,2147483647,2147483647,2147483647,2147483647,-113,13,Sunrise,false,false
1428402270249,2147483647,2147483647,2147483647,2147483647,-113,13,Sunrise,false,false
1428402270249,2147483647,2147483647,2147483647,2147483647,-113,13,Sunrise,false,false
1428402270249,2147483647,2147483647,2147483647,2147483647,-113,13,Sunrise,false,false
1428402270249,2147483647,2147483647,2147483647,2147483647,-113,13,Sunrise,false,false
1428402270249,2147483647,2147483647,2147483647,2147483647,-113,13,Sunrise,false,false
1428402270249,2147483647,2147483647,2147483647,2147483647,-113,13,Sunrise,false,false
1428402270249,2147483647,2147483647,2147483647,2147483647,-113,13,Sunrise,false,false
1428402270249,2147483647,2147483647,2147483647,2147483647,-113,13,Sunrise,false,false
1428402270249,2147483647,2147483647,2147483647,2147483647,-113,13,Sunrise,false,false
1428402270249,-1,-1,-1,-1,0,13,Sunrise,false,false
1428402270249,-1,-1,-1,-1,0,13,Sunrise,false,false
1428402331401,8986368,42010,2,228,-103,13,Sunrise,true,false
1428402331401,2147483647,2147483647,2147483647,2147483647,-113,13,Sunrise,false,false
1428402331401,2147483647,2147483647,2147483647,2147483647,-113,13,Sunrise,false,false
1428402331401,2147483647,2147483647,2147483647,2147483647,-113,13,Sunrise,false,false
1428402331401,2147483647,2147483647,2147483647,2147483647,-113,13,Sunrise,false,false
1428402331401,2147483647,2147483647,2147483647,2147483647,-113,13,Sunrise,false,false
1428402331401,2147483647,2147483647,2147483647,2147483647,-113,13,Sunrise,false,false
1428402331401,2147483647,2147483647,2147483647,2147483647,-113,13,Sunrise,false,false
1428402331401,2147483647,2147483647,2147483647,2147483647,-113,13,Sunrise,false,false
1428402331401,2147483647,2147483647,2147483647,2147483647,-113,13,Sunrise,false,false
1428402331401,2147483647,2147483647,2147483647,2147483647,-113,13,Sunrise,false,false
1428402331401,2147483647,2147483647,2147483647,2147483647,-113,13,Sunrise,false,false
1428402331401,2147483647,2147483647,2147483647,2147483647,-113,13,Sunrise,false,false
1428402331401,2147483647,2147483647,2147483647,2147483647,-113,13,Sunrise,false,false
1428402331401,2147483647,2147483647,2147483647,2147483647,-113,13,Sunrise,false,false
1428402331401,2147483647,2147483647,2147483647,2147483647,-113,13,Sunrise,false,false
1428402331401,2147483647,2147483647,2147483647,2147483647,-113,13,Sunrise,false,false
1428402331401,-1,-1,-1,-1,0,13,Sunrise,false,false
1428402331401,-1,-1,-1,-1,0,13,Sunrise,false,false
1428402391392,8986368,42010,2,228,-92,13,Sunrise,true,false
1428402391392,51,2147483647,2147483647,2147483647,-103,13,Sunrise,false,false
1428402391392,2147483647,2147483647,2147483647,2147483647,-113,13,Sunrise,false,false
1428402391392,2147483647,2147483647,2147483647,2147483647,-113,13,Sunrise,false,false
1428402391392,2147483647,2147483647,2147483647,2147483647,-113,13,Sunrise,false,false
1428402391392,2147483647,2147483647,2147483647,2147483647,-113,13,Sunrise,false,false
1428402391392,2147483647,2147483647,2147483647,2147483647,-113,13,Sunrise,false,false
1428402391392,2147483647,2147483647,2147483647,2147483647,-113,13,Sunrise,false,false
1428402391392,2147483647,2147483647,2147483647,2147483647,-113,13,Sunrise,false,false
1428402391392,2147483647,2147483647,2147483647,2147483647,-113,13,Sunrise,false,false
1428402391392,2147483647,2147483647,2147483647,2147483647,-113,13,Sunrise,false,false
1428402391392,2147483647,2147483647,2147483647,2147483647,-113,13,Sunrise,false,false
1428402391392,2147483647,2147483647,2147483647,2147483647,-113,13,Sunrise,false,false
1428402391392,2147483647,2147483647,2147483647,2147483647,-113,13,Sunrise,false,false
1428402391392,2147483647,2147483647,2147483647,2147483647,-113,13,Sunrise,false,false
1428402391392,2147483647,2147483647,2147483647,2147483647,-113,13,Sunrise,false,false
1428402391392,2147483647,2147483647,2147483647,2147483647,-113,13,Sunrise,false,false
1428402391392,2147483647,2147483647,2147483647,2147483647,-113,13,Sunrise,false,false
1428402391392,-1,-1,-1,-1,0,13,Sunrise,false,false
1428402391392,-1,-1,-1,-1,0,13,Sunrise,false,false
1428402455513,8986368,42010,2,228,-99,13,Sunrise,true,false
1428402455513,51,2147483647,2147483647,2147483647,-111,13,Sunrise,false,false
1428402455513,2147483647,2147483647,2147483647,2147483647,-113,13,Sunrise,false,false
1428402455513,2147483647,2147483647,2147483647,2147483647,-113,13,Sunrise,false,false
1428402455513,2147483647,2147483647,2147483647,2147483647,-113,13,Sunrise,false,false
1428402455513,2147483647,2147483647,2147483647,2147483647,-113,13,Sunrise,false,false
1428402455513,2147483647,2147483647,2147483647,2147483647,-113,13,Sunrise,false,false
1428402455513,2147483647,2147483647,2147483647,2147483647,-113,13,Sunrise,false,false
1428402455513,2147483647,2147483647,2147483647,2147483647,-113,13,Sunrise,false,false
1428402455513,2147483647,2147483647,2147483647,2147483647,-113,13,Sunrise,false,false
1428402455513,2147483647,2147483647,2147483647,2147483647,-113,13,Sunrise,false,false
1428402455513,2147483647,2147483647,2147483647,2147483647,-113,13,Sunrise,false,false
1428402455513,2147483647,2147483647,2147483647,2147483647,-113,13,Sunrise,false,false
1428402455513,2147483647,2147483647,2147483647,2147483647,-113,13,Sunrise,false,false
1428402455513,2147483647,2147483647,2147483647,2147483647,-113,13,Sunrise,false,false
1428402455513,2147483647,2147483647,2147483647,2147483647,-113,13,Sunrise,false,false
1428402455513,2147483647,2147483647,2147483647,2147483647,-113,13,Sunrise,false,false
1428402455513,2147483647,2147483647,2147483647,2147483647,-113,13,Sunrise,false,false
1428402455513,-1,-1,-1,-1,0,13,Sunrise,false,false
1428402455513,-1,-1,-1,-1,0,13,Sunrise,false,false
1428402515737,8986368,42010,2,228,-102,13,Sunrise,true,false
1428402515737,51,2147483647,2147483647,2147483647,-111,13,Sunrise,false,false
1428402515737,2147483647,2147483647,2147483647,2147483647,-113,13,Sunrise,false,false
1428402515737,2147483647,2147483647,2147483647,2147483647,-113,13,Sunrise,false,false
1428402515737,2147483647,2147483647,2147483647,2147483647,-113,13,Sunrise,false,false
1428402515737,2147483647,2147483647,2147483647,2147483647,-113,13,Sunrise,false,false
1428402515737,2147483647,2147483647,2147483647,2147483647,-113,13,Sunrise,false,false
1428402515737,2147483647,2147483647,2147483647,2147483647,-113,13,Sunrise,false,false
1428402515737,2147483647,2147483647,2147483647,2147483647,-113,13,Sunrise,false,false
1428402515737,2147483647,2147483647,2147483647,2147483647,-113,13,Sunrise,false,false
1428402515737,2147483647,2147483647,2147483647,2147483647,-113,13,Sunrise,false,false
1428402515737,2147483647,2147483647,2147483647,2147483647,-113,13,Sunrise,false,false
1428402515737,2147483647,2147483647,2147483647,2147483647,-113,13,Sunrise,false,false
1428402515737,2147483647,2147483647,2147483647,2147483647,-113,13,Sunrise,false,false
1428402515737,2147483647,2147483647,2147483647,2147483647,-113,13,Sunrise,false,false
1428402515737,2147483647,2147483647,2147483647,2147483647,-113,13,Sunrise,false,false
1428402515737,2147483647,2147483647,2147483647,2147483647,-113,13,Sunrise,false,false
1428402515737,2147483647,2147483647,2147483647,2147483647,-113,13,Sunrise,false,false
1428402515737,-1,-1,-1,-1,0,13,Sunrise,false,false
1428402515737,-1,-1,-1,-1,0,13,Sunrise,false,false
1428402579923,8986368,42010,2,228,-99,13,Sunrise,true,false
1428402579923,51,2147483647,2147483647,2147483647,-113,13,Sunrise,false,false
1428402579923,2147483647,2147483647,2147483647,2147483647,-113,13,Sunrise,false,false
1428402579923,2147483647,2147483647,2147483647,2147483647,-113,13,Sunrise,false,false
1428402579923,2147483647,2147483647,2147483647,2147483647,-113,13,Sunrise,false,false
1428402579923,2147483647,2147483647,2147483647,2147483647,-113,13,Sunrise,false,false
1428402579923,2147483647,2147483647,2147483647,2147483647,-113,13,Sunrise,false,false
1428402579923,2147483647,2147483647,2147483647,2147483647,-113,13,Sunrise,false,false
1428402579923,2147483647,2147483647,2147483647,2147483647,-113,13,Sunrise,false,false
1428402579923,2147483647,2147483647,2147483647,2147483647,-113,13,Sunrise,false,false
1428402579923,2147483647,2147483647,2147483647,2147483647,-113,13,Sunrise,false,false
1428402579923,2147483647,2147483647,2147483647,2147483647,-113,13,Sunrise,false,false
1428402579923,2147483647,2147483647,2147483647,2147483647,-113,13,Sunrise,false,false
1428402579923,2147483647,2147483647,2147483647,2147483647,-113,13,Sunrise,false,false
1428402579923,2147483647,2147483647,2147483647,2147483647,-113,13,Sunrise,false,false
1428402579923,2147483647,2147483647,2147483647,2147483647,-113,13,Sunrise,false,false
1428402579923,2147483647,2147483647,2147483647,2147483647,-113,13,Sunrise,false,false
1428402579923,2147483647,2147483647,2147483647,2147483647,-113,13,Sunrise,false,false
1428402579923,-1,-1,-1,-1,0,13,Sunrise,false,false
1428402579923,-1,-1,-1,-1,0,13,Sunrise,false,false
1428402640002,8986368,42010,2,228,-101,13,Sunrise,true,false
1428402640002,51,2147483647,2147483647,2147483647,-114,13,Sunrise,false,false
1428402640002,2147483647,2147483647,2147483647,2147483647,-113,13,Sunrise,false,false
1428402640002,2147483647,2147483647,2147483647,2147483647,-113,13,Sunrise,false,false
1428402640002,2147483647,2147483647,2147483647,2147483647,-113,13,Sunrise,false,false
1428402640002,2147483647,2147483647,2147483647,2147483647,-113,13,Sunrise,false,false
1428402640002,2147483647,2147483647,2147483647,2147483647,-113,13,Sunrise,false,false
1428402640002,2147483647,2147483647,2147483647,2147483647,-113,13,Sunrise,false,false
1428402640002,2147483647,2147483647,2147483647,2147483647,-113,13,Sunrise,false,false
1428402640002,2147483647,2147483647,2147483647,2147483647,-113,13,Sunrise,false,false
1428402640002,2147483647,2147483647,2147483647,2147483647,-113,13,Sunrise,false,false
1428402640002,2147483647,2147483647,2147483647,2147483647,-113,13,Sunrise,false,false
1428402640002,2147483647,2147483647,2147483647,2147483647,-113,13,Sunrise,false,false
1428402640002,2147483647,2147483647,2147483647,2147483647,-113,13,Sunrise,false,false
1428402640002,2147483647,2147483647,2147483647,2147483647,-113,13,Sunrise,false,false
1428402640002,2147483647,2147483647,2147483647,2147483647,-113,13,Sunrise,false,false
1428402640002,2147483647,2147483647,2147483647,2147483647,-113,13,Sunrise,false,false
1428402640002,2147483647,2147483647,2147483647,2147483647,-113,13,Sunrise,false,false
1428402640002,-1,-1,-1,-1,0,13,Sunrise,false,false
1428402640002,-1,-1,-1,-1,0,13,Sunrise,false,false
1428402706359,8986368,42010,2,228,-101,13,Sunrise,true,false
1428402706359,51,2147483647,2147483647,2147483647,-113,13,Sunrise,false,false
1428402706359,2147483647,2147483647,2147483647,2147483647,-113,13,Sunrise,false,false
1428402706359,2147483647,2147483647,2147483647,2147483647,-113,13,Sunrise,false,false
1428402706359,2147483647,2147483647,2147483647,2147483647,-113,13,Sunrise,false,false
1428402706359,2147483647,2147483647,2147483647,2147483647,-113,13,Sunrise,false,false
1428402706359,2147483647,2147483647,2147483647,2147483647,-113,13,Sunrise,false,false
1428402706359,2147483647,2147483647,2147483647,2147483647,-113,13,Sunrise,false,false
1428402706359,2147483647,2147483647,2147483647,2147483647,-113,13,Sunrise,false,false
1428402706359,2147483647,2147483647,2147483647,2147483647,-113,13,Sunrise,false,false
1428402706359,2147483647,2147483647,2147483647,2147483647,-113,13,Sunrise,false,false
1428402706359,2147483647,2147483647,2147483647,2147483647,-113,13,Sunrise,false,false
1428402706359,2147483647,2147483647,2147483647,2147483647,-113,13,Sunrise,false,false
1428402706359,2147483647,2147483647,2147483647,2147483647,-113,13,Sunrise,false,false
1428402706359,2147483647,2147483647,2147483647,2147483647,-113,13,Sunrise,false,false
1428402706359,2147483647,2147483647,2147483647,2147483647,-113,13,Sunrise,false,false
1428402706359,2147483647,2147483647,2147483647,2147483647,-113,13,Sunrise,false,false
1428402706359,2147483647,2147483647,2147483647,2147483647,-113,13,Sunrise,false,false
1428402706359,-1,-1,-1,-1,0,13,Sunrise,false,false
1428402706359,-1,-1,-1,-1,0,13,Sunrise,false,false
1428402766845,8986368,42010,2,228,-99,13,Sunrise,true,false
1428402766845,51,2147483647,2147483647,2147483647,-112,13,Sunrise,false,false
1428402766845,2147483647,2147483647,2147483647,2147483647,-113,13,Sunrise,false,false
1428402766845,2147483647,2147483647,2147483647,2147483647,-113,13,Sunrise,false,false
1428402766845,2147483647,2147483647,2147483647,2147483647,-113,13,Sunrise,false,false
1428402766845,2147483647,2147483647,2147483647,2147483647,-113,13,Sunrise,false,false
1428402766845,2147483647,2147483647,2147483647,2147483647,-113,13,Sunrise,false,false
1428402766845,2147483647,2147483647,2147483647,2147483647,-113,13,Sunrise,false,false
1428402766845,2147483647,2147483647,2147483647,2147483647,-113,13,Sunrise,false,false
1428402766845,2147483647,2147483647,2147483647,2147483647,-113,13,Sunrise,false,false
1428402766845,2147483647,2147483647,2147483647,2147483647,-113,13,Sunrise,false,false
1428402766845,2147483647,2147483647,2147483647,2147483647,-113,13,Sunrise,false,false
1428402766845,2147483647,2147483647,2147483647,2147483647,-113,13,Sunrise,false,false
1428402766845,2147483647,2147483647,2147483647,2147483647,-113,13,Sunrise,false,false
1428402766845,2147483647,2147483647,2147483647,2147483647,-113,13,Sunrise,false,false
1428402766845,2147483647,2147483647,2147483647,2147483647,-113,13,Sunrise,false,false
1428402766845,2147483647,2147483647,2147483647,2147483647,-113,13,Sunrise,false,false
1428402766845,2147483647,2147483647,2147483647,2147483647,-113,13,Sunrise,false,false
1428402766845,-1,-1,-1,-1,0,13,Sunrise,false,false
1428402766845,-1,-1,-1,-1,0,13,Sunrise,false,false
1428402831056,8986368,42010,2,228,-103,13,Sunrise,true,false
1428402831056,2147483647,2147483647,2147483647,2147483647,-113,13,Sunrise,false,false
1428402831056,2147483647,2147483647,2147483647,2147483647,-113,13,Sunrise,false,false
1428402831056,2147483647,2147483647,2147483647,2147483647,-113,13,Sunrise,false,false
1428402831056,2147483647,2147483647,2147483647,2147483647,-113,13,Sunrise,false,false
1428402831056,2147483647,2147483647,2147483647,2147483647,-113,13,Sunrise,false,false
1428402831056,2147483647,2147483647,2147483647,2147483647,-113,13,Sunrise,false,false
1428402831056,2147483647,2147483647,2147483647,2147483647,-113,13,Sunrise,false,false
1428402831056,2147483647,2147483647,2147483647,2147483647,-113,13,Sunrise,false,false
1428402831056,2147483647,2147483647,2147483647,2147483647,-113,13,Sunrise,false,false
1428402831056,2147483647,2147483647,2147483647,2147483647,-113,13,Sunrise,false,false
1428402831056,2147483647,2147483647,2147483647,2147483647,-113,13,Sunrise,false,false
1428402831056,2147483647,2147483647,2147483647,2147483647,-113,13,Sunrise,false,false
1428402831056,2147483647,2147483647,2147483647,2147483647,-113,13,Sunrise,false,false
1428402831056,2147483647,2147483647,2147483647,2147483647,-113,13,Sunrise,false,false
1428402831056,2147483647,2147483647,2147483647,2147483647,-113,13,Sunrise,false,false
1428402831056,2147483647,2147483647,2147483647,2147483647,-113,13,Sunrise,false,false
1428402831056,-1,-1,-1,-1,0,13,Sunrise,false,false
1428402831056,-1,-1,-1,-1,0,13,Sunrise,false,false
1428402891068,8986368,42010,2,228,-103,13,Sunrise,true,false
1428402891068,51,2147483647,2147483647,2147483647,-120,13,Sunrise,false,false
1428402891068,2147483647,2147483647,2147483647,2147483647,-113,13,Sunrise,false,false
1428402891068,2147483647,2147483647,2147483647,2147483647,-113,13,Sunrise,false,false
1428402891068,2147483647,2147483647,2147483647,2147483647,-113,13,Sunrise,false,false
1428402891068,2147483647,2147483647,2147483647,2147483647,-113,13,Sunrise,false,false
1428402891068,2147483647,2147483647,2147483647,2147483647,-113,13,Sunrise,false,false
1428402891068,2147483647,2147483647,2147483647,2147483647,-113,13,Sunrise,false,false
1428402891068,2147483647,2147483647,2147483647,2147483647,-113,13,Sunrise,false,false
1428402891068,2147483647,2147483647,2147483647,2147483647,-113,13,Sunrise,false,false
1428402891068,2147483647,2147483647,2147483647,2147483647,-113,13,Sunrise,false,false
1428402891068,2147483647,2147483647,2147483647,2147483647,-113,13,Sunrise,false,false
1428402891068,2147483647,2147483647,2147483647,2147483647,-113,13,Sunrise,false,false
1428402891068,2147483647,2147483647,2147483647,2147483647,-113,13,Sunrise,false,false
1428402891068,2147483647,2147483647,2147483647,2147483647,-113,13,Sunrise,false,false
1428402891068,2147483647,2147483647,2147483647,2147483647,-113,13,Sunrise,false,false
1428402891068,2147483647,2147483647,2147483647,2147483647,-113,13,Sunrise,false,false
1428402891068,2147483647,2147483647,2147483647,2147483647,-113,13,Sunrise,false,false
1428402891068,-1,-1,-1,-1,0,13,Sunrise,false,false
1428402891068,-1,-1,-1,-1,0,13,Sunrise,false,false
1428402951082,8986368,42010,2,228,-100,13,Sunrise,true,false
1428402951082,51,2147483647,2147483647,2147483647,-114,13,Sunrise,false,false
1428402951082,2147483647,2147483647,2147483647,2147483647,-113,13,Sunrise,false,false
1428402951082,2147483647,2147483647,2147483647,2147483647,-113,13,Sunrise,false,false
1428402951082,2147483647,2147483647,2147483647,2147483647,-113,13,Sunrise,false,false
1428402951082,2147483647,2147483647,2147483647,2147483647,-113,13,Sunrise,false,false
1428402951082,2147483647,2147483647,2147483647,2147483647,-113,13,Sunrise,false,false
1428402951082,2147483647,2147483647,2147483647,2147483647,-113,13,Sunrise,false,false
1428402951082,2147483647,2147483647,2147483647,2147483647,-113,13,Sunrise,false,false
1428402951082,2147483647,2147483647,2147483647,2147483647,-113,13,Sunrise,false,false
1428402951082,2147483647,2147483647,2147483647,2147483647,-113,13,Sunrise,false,false
1428402951082,2147483647,2147483647,2147483647,2147483647,-113,13,Sunrise,false,false
1428402951082,2147483647,2147483647,2147483647,2147483647,-113,13,Sunrise,false,false
1428402951082,2147483647,2147483647,2147483647,2147483647,-113,13,Sunrise,false,false
1428402951082,2147483647,2147483647,2147483647,2147483647,-113,13,Sunrise,false,false
1428402951082,2147483647,2147483647,2147483647,2147483647,-113,13,Sunrise,false,false
1428402951082,2147483647,2147483647,2147483647,2147483647,-113,13,Sunrise,false,false
1428402951082,2147483647,2147483647,2147483647,2147483647,-113,13,Sunrise,false,false
1428402951082,-1,-1,-1,-1,0,13,Sunrise,false,false
1428402951082,-1,-1,-1,-1,0,13,Sunrise,false,false
1428403011095,8986368,42010,2,228,-102,13,Sunrise,true,false
1428403011095,51,2147483647,2147483647,2147483647,-113,13,Sunrise,false,false
1428403011095,2147483647,2147483647,2147483647,2147483647,-113,13,Sunrise,false,false
1428403011095,2147483647,2147483647,2147483647,2147483647,-113,13,Sunrise,false,false
1428403011095,2147483647,2147483647,2147483647,2147483647,-113,13,Sunrise,false,false
1428403011095,2147483647,2147483647,2147483647,2147483647,-113,13,Sunrise,false,false
1428403011095,2147483647,2147483647,2147483647,2147483647,-113,13,Sunrise,false,false
1428403011095,2147483647,2147483647,2147483647,2147483647,-113,13,Sunrise,false,false
1428403011095,2147483647,2147483647,2147483647,2147483647,-113,13,Sunrise,false,false
1428403011095,2147483647,2147483647,2147483647,2147483647,-113,13,Sunrise,false,false
1428403011095,2147483647,2147483647,2147483647,2147483647,-113,13,Sunrise,false,false
1428403011095,2147483647,2147483647,2147483647,2147483647,-113,13,Sunrise,false,false
1428403011095,2147483647,2147483647,2147483647,2147483647,-113,13,Sunrise,false,false
1428403011095,2147483647,2147483647,2147483647,2147483647,-113,13,Sunrise,false,false
1428403011095,2147483647,2147483647,2147483647,2147483647,-113,13,Sunrise,false,false
1428403011095,2147483647,2147483647,2147483647,2147483647,-113,13,Sunrise,false,false
1428403011095,2147483647,2147483647,2147483647,2147483647,-113,13,Sunrise,false,false
1428403011095,2147483647,2147483647,2147483647,2147483647,-113,13,Sunrise,false,false
1428403011095,-1,-1,-1,-1,0,13,Sunrise,false,false
1428403011095,-1,-1,-1,-1,0,13,Sunrise,false,false
1428403071123,8986368,42010,2,228,-102,13,Sunrise,true,false
1428403071123,51,2147483647,2147483647,2147483647,-112,13,Sunrise,false,false
1428403071123,2147483647,2147483647,2147483647,2147483647,-113,13,Sunrise,false,false
1428403071123,2147483647,2147483647,2147483647,2147483647,-113,13,Sunrise,false,false
1428403071123,2147483647,2147483647,2147483647,2147483647,-113,13,Sunrise,false,false
1428403071123,2147483647,2147483647,2147483647,2147483647,-113,13,Sunrise,false,false
1428403071123,2147483647,2147483647,2147483647,2147483647,-113,13,Sunrise,false,false
1428403071123,2147483647,2147483647,2147483647,2147483647,-113,13,Sunrise,false,false
1428403071123,2147483647,2147483647,2147483647,2147483647,-113,13,Sunrise,false,false
1428403071123,2147483647,2147483647,2147483647,2147483647,-113,13,Sunrise,false,false
1428403071123,2147483647,2147483647,2147483647,2147483647,-113,13,Sunrise,false,false
1428403071123,2147483647,2147483647,2147483647,2147483647,-113,13,Sunrise,false,false
1428403071123,2147483647,2147483647,2147483647,2147483647,-113,13,Sunrise,false,false
1428403071123,2147483647,2147483647,2147483647,2147483647,-113,13,Sunrise,false,false
1428403071123,2147483647,2147483647,2147483647,2147483647,-113,13,Sunrise,false,false
1428403071123,2147483647,2147483647,2147483647,2147483647,-113,13,Sunrise,false,false
1428403071123,2147483647,2147483647,2147483647,2147483647,-113,13,Sunrise,false,false
1428403071123,2147483647,2147483647,2147483647,2147483647,-113,13,Sunrise,false,false
1428403071123,-1,-1,-1,-1,0,13,Sunrise,false,false
1428403071123,-1,-1,-1,-1,0,13,Sunrise,false,false
1428403131161,8986368,42010,2,228,-100,13,Sunrise,true,false
1428403131161,51,2147483647,2147483647,2147483647,-111,13,Sunrise,false,false
1428403131161,2147483647,2147483647,2147483647,2147483647,-113,13,Sunrise,false,false
1428403131161,2147483647,2147483647,2147483647,2147483647,-113,13,Sunrise,false,false
1428403131161,2147483647,2147483647,2147483647,2147483647,-113,13,Sunrise,false,false
1428403131161,2147483647,2147483647,2147483647,2147483647,-113,13,Sunrise,false,false
1428403131161,2147483647,2147483647,2147483647,2147483647,-113,13,Sunrise,false,false
1428403131161,2147483647,2147483647,2147483647,2147483647,-113,13,Sunrise,false,false
1428403131161,2147483647,2147483647,2147483647,2147483647,-113,13,Sunrise,false,false
1428403131161,2147483647,2147483647,2147483647,2147483647,-113,13,Sunrise,false,false
1428403131161,2147483647,2147483647,2147483647,2147483647,-113,13,Sunrise,false,false
1428403131161,2147483647,2147483647,2147483647,2147483647,-113,13,Sunrise,false,false
1428403131161,2147483647,2147483647,2147483647,2147483647,-113,13,Sunrise,false,false
1428403131161,2147483647,2147483647,2147483647,2147483647,-113,13,Sunrise,false,false
1428403131161,2147483647,2147483647,2147483647,2147483647,-113,13,Sunrise,false,false
1428403131161,2147483647,2147483647,2147483647,2147483647,-113,13,Sunrise,false,false
1428403131161,2147483647,2147483647,2147483647,2147483647,-113,13,Sunrise,false,false
1428403131161,2147483647,2147483647,2147483647,2147483647,-113,13,Sunrise,false,false
1428403131161,-1,-1,-1,-1,0,13,Sunrise,false,false
1428403131161,-1,-1,-1,-1,0,13,Sunrise,false,false
1428403191153,8986368,42010,2,228,-100,13,Sunrise,true,false
1428403191153,51,2147483647,2147483647,2147483647,-115,13,Sunrise,false,false
1428403191153,2147483647,2147483647,2147483647,2147483647,-113,13,Sunrise,false,false
1428403191153,2147483647,2147483647,2147483647,2147483647,-113,13,Sunrise,false,false
1428403191153,2147483647,2147483647,2147483647,2147483647,-113,13,Sunrise,false,false
1428403191153,2147483647,2147483647,2147483647,2147483647,-113,13,Sunrise,false,false
1428403191153,2147483647,2147483647,2147483647,2147483647,-113,13,Sunrise,false,false
1428403191153,2147483647,2147483647,2147483647,2147483647,-113,13,Sunrise,false,false
1428403191153,2147483647,2147483647,2147483647,2147483647,-113,13,Sunrise,false,false
1428403191153,2147483647,2147483647,2147483647,2147483647,-113,13,Sunrise,false,false
1428403191153,2147483647,2147483647,2147483647,2147483647,-113,13,Sunrise,false,false
1428403191153,2147483647,2147483647,2147483647,2147483647,-113,13,Sunrise,false,false
1428403191153,2147483647,2147483647,2147483647,2147483647,-113,13,Sunrise,false,false
1428403191153,2147483647,2147483647,2147483647,2147483647,-113,13,Sunrise,false,false
1428403191153,2147483647,2147483647,2147483647,2147483647,-113,13,Sunrise,false,false
1428403191153,2147483647,2147483647,2147483647,2147483647,-113,13,Sunrise,false,false
1428403191153,2147483647,2147483647,2147483647,2147483647,-113,13,Sunrise,false,false
1428403191153,2147483647,2147483647,2147483647,2147483647,-113,13,Sunrise,false,false
1428403191153,-1,-1,-1,-1,0,13,Sunrise,false,false
1428403191153,-1,-1,-1,-1,0,13,Sunrise,false,false
1428403251222,8986368,42010,2,228,-101,13,Sunrise,true,false
1428403251222,51,2147483647,2147483647,2147483647,-111,13,Sunrise,false,false
1428403251222,2147483647,2147483647,2147483647,2147483647,-113,13,Sunrise,false,false
1428403251222,2147483647,2147483647,2147483647,2147483647,-113,13,Sunrise,false,false
1428403251222,2147483647,2147483647,2147483647,2147483647,-113,13,Sunrise,false,false
1428403251222,2147483647,2147483647,2147483647,2147483647,-113,13,Sunrise,false,false
1428403251222,2147483647,2147483647,2147483647,2147483647,-113,13,Sunrise,false,false
1428403251222,2147483647,2147483647,2147483647,2147483647,-113,13,Sunrise,false,false
1428403251222,2147483647,2147483647,2147483647,2147483647,-113,13,Sunrise,false,false
1428403251222,2147483647,2147483647,2147483647,2147483647,-113,13,Sunrise,false,false
1428403251222,2147483647,2147483647,2147483647,2147483647,-113,13,Sunrise,false,false
1428403251222,2147483647,2147483647,2147483647,2147483647,-113,13,Sunrise,false,false
1428403251222,2147483647,2147483647,2147483647,2147483647,-113,13,Sunrise,false,false
1428403251222,2147483647,2147483647,2147483647,2147483647,-113,13,Sunrise,false,false
1428403251222,2147483647,2147483647,2147483647,2147483647,-113,13,Sunrise,false,false
1428403251222,2147483647,2147483647,2147483647,2147483647,-113,13,Sunrise,false,false
1428403251222,2147483647,2147483647,2147483647,2147483647,-113,13,Sunrise,false,false
1428403251222,2147483647,2147483647,2147483647,2147483647,-113,13,Sunrise,false,false
1428403251222,-1,-1,-1,-1,0,13,Sunrise,false,false
1428403251222,-1,-1,-1,-1,0,13,Sunrise,false,false
1428403311281,8986368,42010,2,228,-101,13,Sunrise,true,false
1428403311281,51,2147483647,2147483647,2147483647,-114,13,Sunrise,false,false
1428403311281,2147483647,2147483647,2147483647,2147483647,-113,13,Sunrise,false,false
1428403311281,2147483647,2147483647,2147483647,2147483647,-113,13,Sunrise,false,false
1428403311281,2147483647,2147483647,2147483647,2147483647,-113,13,Sunrise,false,false
1428403311281,2147483647,2147483647,2147483647,2147483647,-113,13,Sunrise,false,false
1428403311281,2147483647,2147483647,2147483647,2147483647,-113,13,Sunrise,false,false
1428403311281,2147483647,2147483647,2147483647,2147483647,-113,13,Sunrise,false,false
1428403311281,2147483647,2147483647,2147483647,2147483647,-113,13,Sunrise,false,false
1428403311281,2147483647,2147483647,2147483647,2147483647,-113,13,Sunrise,false,false
1428403311281,2147483647,2147483647,2147483647,2147483647,-113,13,Sunrise,false,false
1428403311281,2147483647,2147483647,2147483647,2147483647,-113,13,Sunrise,false,false
1428403311281,2147483647,2147483647,2147483647,2147483647,-113,13,Sunrise,false,false
1428403311281,2147483647,2147483647,2147483647,2147483647,-113,13,Sunrise,false,false
1428403311281,2147483647,2147483647,2147483647,2147483647,-113,13,Sunrise,false,false
1428403311281,2147483647,2147483647,2147483647,2147483647,-113,13,Sunrise,false,false
1428403311281,2147483647,2147483647,2147483647,2147483647,-113,13,Sunrise,false,false
1428403311281,2147483647,2147483647,2147483647,2147483647,-113,13,Sunrise,false,false
1428403311281,-1,-1,-1,-1,0,13,Sunrise,false,false
1428403311281,-1,-1,-1,-1,0,13,Sunrise,false,false
1428403376421,8986368,42010,2,228,-100,13,Sunrise,true,false
1428403376421,51,2147483647,2147483647,2147483647,-113,13,Sunrise,false,false
1428403376421,2147483647,2147483647,2147483647,2147483647,-113,13,Sunrise,false,false
1428403376421,2147483647,2147483647,2147483647,2147483647,-113,13,Sunrise,false,false
1428403376421,2147483647,2147483647,2147483647,2147483647,-113,13,Sunrise,false,false
1428403376421,2147483647,2147483647,2147483647,2147483647,-113,13,Sunrise,false,false
1428403376421,2147483647,2147483647,2147483647,2147483647,-113,13,Sunrise,false,false
1428403376421,2147483647,2147483647,2147483647,2147483647,-113,13,Sunrise,false,false
1428403376421,2147483647,2147483647,2147483647,2147483647,-113,13,Sunrise,false,false
1428403376421,2147483647,2147483647,2147483647,2147483647,-113,13,Sunrise,false,false
1428403376421,2147483647,2147483647,2147483647,2147483647,-113,13,Sunrise,false,false
1428403376421,2147483647,2147483647,2147483647,2147483647,-113,13,Sunrise,false,false
1428403376421,2147483647,2147483647,2147483647,2147483647,-113,13,Sunrise,false,false
1428403376421,2147483647,2147483647,2147483647,2147483647,-113,13,Sunrise,false,false
1428403376421,2147483647,2147483647,2147483647,2147483647,-113,13,Sunrise,false,false
1428403376421,2147483647,2147483647,2147483647,2147483647,-113,13,Sunrise,false,false
1428403376421,2147483647,2147483647,2147483647,2147483647,-113,13,Sunrise,false,false
1428403376421,2147483647,2147483647,2147483647,2147483647,-113,13,Sunrise,false,false
1428403376421,-1,-1,-1,-1,0,13,Sunrise,false,false
1428403376421,-1,-1,-1,-1,0,13,Sunrise,false,false
1428403438430,8986368,42010,2,228,-103,13,Sunrise,true,false
1428403438430,51,2147483647,2147483647,2147483647,-113,13,Sunrise,false,false
1428403438430,2147483647,2147483647,2147483647,2147483647,-113,13,Sunrise,false,false
1428403438430,2147483647,2147483647,2147483647,2147483647,-113,13,Sunrise,false,false
1428403438430,2147483647,2147483647,2147483647,2147483647,-113,13,Sunrise,false,false
1428403438430,2147483647,2147483647,2147483647,2147483647,-113,13,Sunrise,false,false
1428403438430,2147483647,2147483647,2147483647,2147483647,-113,13,Sunrise,false,false
1428403438430,2147483647,2147483647,2147483647,2147483647,-113,13,Sunrise,false,false
1428403438430,2147483647,2147483647,2147483647,2147483647,-113,13,Sunrise,false,false
1428403438430,2147483647,2147483647,2147483647,2147483647,-113,13,Sunrise,false,false
1428403438430,2147483647,2147483647,2147483647,2147483647,-113,13,Sunrise,false,false
1428403438430,2147483647,2147483647,2147483647,2147483647,-113,13,Sunrise,false,false
1428403438430,2147483647,2147483647,2147483647,2147483647,-113,13,Sunrise,false,false
1428403438430,2147483647,2147483647,2147483647,2147483647,-113,13,Sunrise,false,false
1428403438430,2147483647,2147483647,2147483647,2147483647,-113,13,Sunrise,false,false
1428403438430,2147483647,2147483647,2147483647,2147483647,-113,13,Sunrise,false,false
1428403438430,2147483647,2147483647,2147483647,2147483647,-113,13,Sunrise,false,false
1428403438430,2147483647,2147483647,2147483647,2147483647,-113,13,Sunrise,false,false
1428403438430,-1,-1,-1,-1,0,13,Sunrise,false,false
1428403438430,-1,-1,-1,-1,0,13,Sunrise,false,false
1428403531760,8986368,42010,2,228,-98,13,Sunrise,true,false
1428403531760,2147483647,2147483647,2147483647,2147483647,-113,13,Sunrise,false,false
1428403531760,2147483647,2147483647,2147483647,2147483647,-113,13,Sunrise,false,false
1428403531760,2147483647,2147483647,2147483647,2147483647,-113,13,Sunrise,false,false
1428403531760,2147483647,2147483647,2147483647,2147483647,-113,13,Sunrise,false,false
1428403531760,2147483647,2147483647,2147483647,2147483647,-113,13,Sunrise,false,false
1428403531760,2147483647,2147483647,2147483647,2147483647,-113,13,Sunrise,false,false
1428403531760,2147483647,2147483647,2147483647,2147483647,-113,13,Sunrise,false,false
1428403531760,2147483647,2147483647,2147483647,2147483647,-113,13,Sunrise,false,false
1428403531760,2147483647,2147483647,2147483647,2147483647,-113,13,Sunrise,false,false
1428403531760,2147483647,2147483647,2147483647,2147483647,-113,13,Sunrise,false,false
1428403531760,2147483647,2147483647,2147483647,2147483647,-113,13,Sunrise,false,false
1428403531760,2147483647,2147483647,2147483647,2147483647,-113,13,Sunrise,false,false
1428403531760,2147483647,2147483647,2147483647,2147483647,-113,13,Sunrise,false,false
1428403531760,2147483647,2147483647,2147483647,2147483647,-113,13,Sunrise,false,false
1428403531760,2147483647,2147483647,2147483647,2147483647,-113,13,Sunrise,false,false
1428403531760,2147483647,2147483647,2147483647,2147483647,-113,13,Sunrise,false,false
1428403531760,-1,-1,-1,-1,0,13,Sunrise,false,false
1428403531760,-1,-1,-1,-1,0,13,Sunrise,false,false
1428403591928,8986368,42010,2,228,-119,13,Sunrise,true,false
1428403591928,2147483647,2147483647,2147483647,2147483647,-113,13,Sunrise,false,false
1428403591928,2147483647,2147483647,2147483647,2147483647,-113,13,Sunrise,false,false
1428403591928,2147483647,2147483647,2147483647,2147483647,-113,13,Sunrise,false,false
1428403591928,2147483647,2147483647,2147483647,2147483647,-113,13,Sunrise,false,false
1428403591928,2147483647,2147483647,2147483647,2147483647,-113,13,Sunrise,false,false
1428403591928,2147483647,2147483647,2147483647,2147483647,-113,13,Sunrise,false,false
1428403591928,2147483647,2147483647,2147483647,2147483647,-113,13,Sunrise,false,false
1428403591928,2147483647,2147483647,2147483647,2147483647,-113,13,Sunrise,false,false
1428403591928,2147483647,2147483647,2147483647,2147483647,-113,13,Sunrise,false,false
1428403591928,2147483647,2147483647,2147483647,2147483647,-113,13,Sunrise,false,false
1428403591928,2147483647,2147483647,2147483647,2147483647,-113,13,Sunrise,false,false
1428403591928,2147483647,2147483647,2147483647,2147483647,-113,13,Sunrise,false,false
1428403591928,2147483647,2147483647,2147483647,2147483647,-113,13,Sunrise,false,false
1428403591928,2147483647,2147483647,2147483647,2147483647,-113,13,Sunrise,false,false
1428403591928,2147483647,2147483647,2147483647,2147483647,-113,13,Sunrise,false,false
1428403591928,2147483647,2147483647,2147483647,2147483647,-113,13,Sunrise,false,false
1428403591928,-1,-1,-1,-1,0,13,Sunrise,false,false
1428403591928,-1,-1,-1,-1,0,13,Sunrise,false,false
1428403591928,-1,-1,-1,-1,0,13,Sunrise,false,false
1428403676951,8961030,42010,2,228,-108,13,Sunrise,true,false
1428403676951,2147483647,2147483647,2147483647,2147483647,-113,13,Sunrise,false,false
1428403676951,2147483647,2147483647,2147483647,2147483647,-113,13,Sunrise,false,false
1428403676951,2147483647,2147483647,2147483647,2147483647,-113,13,Sunrise,false,false
1428403676951,2147483647,2147483647,2147483647,2147483647,-113,13,Sunrise,false,false
1428403676951,2147483647,2147483647,2147483647,2147483647,-113,13,Sunrise,false,false
1428403676951,2147483647,2147483647,2147483647,2147483647,-113,13,Sunrise,false,false
1428403676951,2147483647,2147483647,2147483647,2147483647,-113,13,Sunrise,false,false
1428403676951,2147483647,2147483647,2147483647,2147483647,-113,13,Sunrise,false,false
1428403676951,2147483647,2147483647,2147483647,2147483647,-113,13,Sunrise,false,false
1428403676951,2147483647,2147483647,2147483647,2147483647,-113,13,Sunrise,false,false
1428403676951,2147483647,2147483647,2147483647,2147483647,-113,13,Sunrise,false,false
1428403676951,2147483647,2147483647,2147483647,2147483647,-113,13,Sunrise,false,false
1428403676951,2147483647,2147483647,2147483647,2147483647,-113,13,Sunrise,false,false
1428403676951,-1,-1,-1,-1,0,13,Sunrise,false,false
1428403676951,-1,-1,-1,-1,0,13,Sunrise,false,false
1428403676951,-1,-1,-1,-1,0,13,Sunrise,false,false
1428403738092,8961030,42010,2,228,-113,13,Sunrise,true,false
1428403738092,2147483647,2147483647,2147483647,2147483647,-113,13,Sunrise,false,false
1428403738092,2147483647,2147483647,2147483647,2147483647,-113,13,Sunrise,false,false
1428403738092,2147483647,2147483647,2147483647,2147483647,-113,13,Sunrise,false,false
1428403738092,2147483647,2147483647,2147483647,2147483647,-113,13,Sunrise,false,false
1428403738092,2147483647,2147483647,2147483647,2147483647,-113,13,Sunrise,false,false
1428403738092,2147483647,2147483647,2147483647,2147483647,-113,13,Sunrise,false,false
1428403738092,2147483647,2147483647,2147483647,2147483647,-113,13,Sunrise,false,false
1428403738092,2147483647,2147483647,2147483647,2147483647,-113,13,Sunrise,false,false
1428403738092,2147483647,2147483647,2147483647,2147483647,-113,13,Sunrise,false,false
1428403738092,2147483647,2147483647,2147483647,2147483647,-113,13,Sunrise,false,false
1428403738092,2147483647,2147483647,2147483647,2147483647,-113,13,Sunrise,false,false
1428403738092,2147483647,2147483647,2147483647,2147483647,-113,13,Sunrise,false,false
1428403738092,2147483647,2147483647,2147483647,2147483647,-113,13,Sunrise,false,false
1428403738092,-1,-1,-1,-1,0,13,Sunrise,false,false
1428403738092,-1,-1,-1,-1,0,13,Sunrise,false,false
1428403738092,-1,-1,-1,-1,0,13,Sunrise,false,false
1428403738092,-1,-1,-1,-1,0,13,Sunrise,false,false
1428403738092,-1,-1,-1,-1,0,13,Sunrise,false,false
1428403738092,-1,-1,-1,-1,0,13,Sunrise,false,false
1428403799241,8961030,42010,2,228,-114,13,Sunrise,true,false
1428403799241,52,2147483647,2147483647,2147483647,-103,13,Sunrise,false,false
1428403799241,51,2147483647,2147483647,2147483647,-114,13,Sunrise,false,false
1428403799241,2147483647,2147483647,2147483647,2147483647,-113,13,Sunrise,false,false
1428403799241,2147483647,2147483647,2147483647,2147483647,-113,13,Sunrise,false,false
1428403799241,2147483647,2147483647,2147483647,2147483647,-113,13,Sunrise,false,false
1428403799241,2147483647,2147483647,2147483647,2147483647,-113,13,Sunrise,false,false
1428403799241,2147483647,2147483647,2147483647,2147483647,-113,13,Sunrise,false,false
1428403799241,2147483647,2147483647,2147483647,2147483647,-113,13,Sunrise,false,false
1428403799241,2147483647,2147483647,2147483647,2147483647,-113,13,Sunrise,false,false
1428403799241,2147483647,2147483647,2147483647,2147483647,-113,13,Sunrise,false,false
1428403799241,2147483647,2147483647,2147483647,2147483647,-113,13,Sunrise,false,false
1428403799241,2147483647,2147483647,2147483647,2147483647,-113,13,Sunrise,false,false
1428403799241,2147483647,2147483647,2147483647,2147483647,-113,13,Sunrise,false,false
1428403799241,2147483647,2147483647,2147483647,2147483647,-113,13,Sunrise,false,false
1428403799241,2147483647,2147483647,2147483647,2147483647,-113,13,Sunrise,false,false
1428403799241,-1,-1,-1,-1,0,13,Sunrise,false,false
1428403799241,-1,-1,-1,-1,0,13,Sunrise,false,false
1428403799241,-1,-1,-1,-1,0,13,Sunrise,false,false
1428403799241,-1,-1,-1,-1,0,13,Sunrise,false,false
1428403799241,-1,-1,-1,-1,0,13,Sunrise,false,false
1428403799241,-1,-1,-1,-1,0,13,Sunrise,false,false
1428403859240,8986368,42010,2,228,-110,13,Sunrise,true,false
1428403859240,2147483647,2147483647,2147483647,2147483647,-113,13,Sunrise,false,false
1428403859240,2147483647,2147483647,2147483647,2147483647,-113,13,Sunrise,false,false
1428403859240,2147483647,2147483647,2147483647,2147483647,-113,13,Sunrise,false,false
1428403859240,2147483647,2147483647,2147483647,2147483647,-113,13,Sunrise,false,false
1428403859240,2147483647,2147483647,2147483647,2147483647,-113,13,Sunrise,false,false
1428403859240,2147483647,2147483647,2147483647,2147483647,-113,13,Sunrise,false,false
1428403859240,2147483647,2147483647,2147483647,2147483647,-113,13,Sunrise,false,false
1428403859240,2147483647,2147483647,2147483647,2147483647,-113,13,Sunrise,false,false
1428403859240,2147483647,2147483647,2147483647,2147483647,-113,13,Sunrise,false,false
1428403859240,2147483647,2147483647,2147483647,2147483647,-113,13,Sunrise,false,false
1428403859240,2147483647,2147483647,2147483647,2147483647,-113,13,Sunrise,false,false
1428403859240,2147483647,2147483647,2147483647,2147483647,-113,13,Sunrise,false,false
1428403859240,2147483647,2147483647,2147483647,2147483647,-113,13,Sunrise,false,false
1428403859240,2147483647,2147483647,2147483647,2147483647,-113,13,Sunrise,false,false
1428403859240,2147483647,2147483647,2147483647,2147483647,-113,13,Sunrise,false,false
1428403859240,2147483647,2147483647,2147483647,2147483647,-113,13,Sunrise,false,false
1428403859240,-1,-1,-1,-1,0,13,Sunrise,false,false
1428403859240,-1,-1,-1,-1,0,13,Sunrise,false,false
1428403859240,-1,-1,-1,-1,0,13,Sunrise,false,false
1428403859240,-1,-1,-1,-1,0,13,Sunrise,false,false
1428403859240,-1,-1,-1,-1,0,13,Sunrise,false,false
1428403859240,-1,-1,-1,-1,0,13,Sunrise,false,false
1428403925646,8986368,42010,2,228,-106,13,Sunrise,true,false
1428403925646,2147483647,2147483647,2147483647,2147483647,-113,13,Sunrise,false,false
1428403925646,2147483647,2147483647,2147483647,2147483647,-113,13,Sunrise,false,false
1428403925646,2147483647,2147483647,2147483647,2147483647,-113,13,Sunrise,false,false
1428403925646,2147483647,2147483647,2147483647,2147483647,-113,13,Sunrise,false,false
1428403925646,2147483647,2147483647,2147483647,2147483647,-113,13,Sunrise,false,false
1428403925646,2147483647,2147483647,2147483647,2147483647,-113,13,Sunrise,false,false
1428403925646,2147483647,2147483647,2147483647,2147483647,-113,13,Sunrise,false,false
1428403925646,2147483647,2147483647,2147483647,2147483647,-113,13,Sunrise,false,false
1428403925646,2147483647,2147483647,2147483647,2147483647,-113,13,Sunrise,false,false
1428403925646,2147483647,2147483647,2147483647,2147483647,-113,13,Sunrise,false,false
1428403925646,2147483647,2147483647,2147483647,2147483647,-113,13,Sunrise,false,false
1428403925646,2147483647,2147483647,2147483647,2147483647,-113,13,Sunrise,false,false
1428403925646,2147483647,2147483647,2147483647,2147483647,-113,13,Sunrise,false,false
1428403925646,2147483647,2147483647,2147483647,2147483647,-113,13,Sunrise,false,false
1428403925646,2147483647,2147483647,2147483647,2147483647,-113,13,Sunrise,false,false
1428403925646,2147483647,2147483647,2147483647,2147483647,-113,13,Sunrise,false,false
1428403925646,-1,-1,-1,-1,0,13,Sunrise,false,false
1428403925646,-1,-1,-1,-1,0,13,Sunrise,false,false
1428403925646,-1,-1,-1,-1,0,13,Sunrise,false,false
1428403925646,-1,-1,-1,-1,0,13,Sunrise,false,false
1428403925646,-1,-1,-1,-1,0,13,Sunrise,false,false
1428403925646,-1,-1,-1,-1,0,13,Sunrise,false,false
1428403986845,8986368,42010,2,228,-105,13,Sunrise,true,false
1428403986845,2147483647,2147483647,2147483647,2147483647,-113,13,Sunrise,false,false
1428403986845,2147483647,2147483647,2147483647,2147483647,-113,13,Sunrise,false,false
1428403986845,2147483647,2147483647,2147483647,2147483647,-113,13,Sunrise,false,false
1428403986845,2147483647,2147483647,2147483647,2147483647,-113,13,Sunrise,false,false
1428403986845,2147483647,2147483647,2147483647,2147483647,-113,13,Sunrise,false,false
1428403986845,2147483647,2147483647,2147483647,2147483647,-113,13,Sunrise,false,false
1428403986845,2147483647,2147483647,2147483647,2147483647,-113,13,Sunrise,false,false
1428403986845,2147483647,2147483647,2147483647,2147483647,-113,13,Sunrise,false,false
1428403986845,2147483647,2147483647,2147483647,2147483647,-113,13,Sunrise,false,false
1428403986845,2147483647,2147483647,2147483647,2147483647,-113,13,Sunrise,false,false
1428403986845,2147483647,2147483647,2147483647,2147483647,-113,13,Sunrise,false,false
1428403986845,2147483647,2147483647,2147483647,2147483647,-113,13,Sunrise,false,false
1428403986845,2147483647,2147483647,2147483647,2147483647,-113,13,Sunrise,false,false
1428403986845,2147483647,2147483647,2147483647,2147483647,-113,13,Sunrise,false,false
1428403986845,2147483647,2147483647,2147483647,2147483647,-113,13,Sunrise,false,false
1428403986845,2147483647,2147483647,2147483647,2147483647,-113,13,Sunrise,false,false
1428403986845,-1,-1,-1,-1,0,13,Sunrise,false,false
1428403986845,-1,-1,-1,-1,0,13,Sunrise,false,false
1428403986845,-1,-1,-1,-1,0,13,Sunrise,false,false
1428403986845,-1,-1,-1,-1,0,13,Sunrise,false,false
1428403986845,-1,-1,-1,-1,0,13,Sunrise,false,false
1428403986845,-1,-1,-1,-1,0,13,Sunrise,false,false
1428404048091,8986368,42010,2,228,-106,13,Sunrise,true,false
1428404048091,2147483647,2147483647,2147483647,2147483647,-113,13,Sunrise,false,false
1428404048091,2147483647,2147483647,2147483647,2147483647,-113,13,Sunrise,false,false
1428404048091,2147483647,2147483647,2147483647,2147483647,-113,13,Sunrise,false,false
1428404048091,2147483647,2147483647,2147483647,2147483647,-113,13,Sunrise,false,false
1428404048091,2147483647,2147483647,2147483647,2147483647,-113,13,Sunrise,false,false
1428404048091,2147483647,2147483647,2147483647,2147483647,-113,13,Sunrise,false,false
1428404048091,2147483647,2147483647,2147483647,2147483647,-113,13,Sunrise,false,false
1428404048091,2147483647,2147483647,2147483647,2147483647,-113,13,Sunrise,false,false
1428404048091,2147483647,2147483647,2147483647,2147483647,-113,13,Sunrise,false,false
1428404048091,2147483647,2147483647,2147483647,2147483647,-113,13,Sunrise,false,false
1428404048091,2147483647,2147483647,2147483647,2147483647,-113,13,Sunrise,false,false
1428404048091,2147483647,2147483647,2147483647,2147483647,-113,13,Sunrise,false,false
1428404048091,2147483647,2147483647,2147483647,2147483647,-113,13,Sunrise,false,false
1428404048091,2147483647,2147483647,2147483647,2147483647,-113,13,Sunrise,false,false
1428404048091,2147483647,2147483647,2147483647,2147483647,-113,13,Sunrise,false,false
1428404048091,2147483647,2147483647,2147483647,2147483647,-113,13,Sunrise,false,false
1428404048091,-1,-1,-1,-1,0,13,Sunrise,false,false
1428404048091,-1,-1,-1,-1,0,13,Sunrise,false,false
1428404048091,-1,-1,-1,-1,0,13,Sunrise,false,false
1428404048091,-1,-1,-1,-1,0,13,Sunrise,false,false
1428404048091,-1,-1,-1,-1,0,13,Sunrise,false,false
1428404048091,-1,-1,-1,-1,0,13,Sunrise,false,false
1428404109221,8986368,42010,2,228,-106,13,Sunrise,true,false
1428404109221,2147483647,2147483647,2147483647,2147483647,-113,13,Sunrise,false,false
1428404109221,2147483647,2147483647,2147483647,2147483647,-113,13,Sunrise,false,false
1428404109221,2147483647,2147483647,2147483647,2147483647,-113,13,Sunrise,false,false
1428404109221,2147483647,2147483647,2147483647,2147483647,-113,13,Sunrise,false,false
1428404109221,2147483647,2147483647,2147483647,2147483647,-113,13,Sunrise,false,false
1428404109221,2147483647,2147483647,2147483647,2147483647,-113,13,Sunrise,false,false
1428404109221,2147483647,2147483647,2147483647,2147483647,-113,13,Sunrise,false,false
1428404109221,2147483647,2147483647,2147483647,2147483647,-113,13,Sunrise,false,false
1428404109221,2147483647,2147483647,2147483647,2147483647,-113,13,Sunrise,false,false
1428404109221,2147483647,2147483647,2147483647,2147483647,-113,13,Sunrise,false,false
1428404109221,2147483647,2147483647,2147483647,2147483647,-113,13,Sunrise,false,false
1428404109221,2147483647,2147483647,2147483647,2147483647,-113,13,Sunrise,false,false
1428404109221,2147483647,2147483647,2147483647,2147483647,-113,13,Sunrise,false,false
1428404109221,2147483647,2147483647,2147483647,2147483647,-113,13,Sunrise,false,false
1428404109221,2147483647,2147483647,2147483647,2147483647,-113,13,Sunrise,false,false
1428404109221,2147483647,2147483647,2147483647,2147483647,-113,13,Sunrise,false,false
1428404109221,-1,-1,-1,-1,0,13,Sunrise,false,false
1428404109221,-1,-1,-1,-1,0,13,Sunrise,false,false
1428404109221,-1,-1,-1,-1,0,13,Sunrise,false,false
1428404109221,-1,-1,-1,-1,0,13,Sunrise,false,false
1428404109221,-1,-1,-1,-1,0,13,Sunrise,false,false
1428404109221,-1,-1,-1,-1,0,13,Sunrise,false,false
1428404170368,8986368,42010,2,228,-106,13,Sunrise,true,false
1428404170368,345,2147483647,2147483647,2147483647,-125,13,Sunrise,false,false
1428404170368,2147483647,2147483647,2147483647,2147483647,-113,13,Sunrise,false,false
1428404170368,2147483647,2147483647,2147483647,2147483647,-113,13,Sunrise,false,false
1428404170368,2147483647,2147483647,2147483647,2147483647,-113,13,Sunrise,false,false
1428404170368,2147483647,2147483647,2147483647,2147483647,-113,13,Sunrise,false,false
1428404170368,2147483647,2147483647,2147483647,2147483647,-113,13,Sunrise,false,false
1428404170368,2147483647,2147483647,2147483647,2147483647,-113,13,Sunrise,false,false
1428404170368,2147483647,2147483647,2147483647,2147483647,-113,13,Sunrise,false,false
1428404170368,2147483647,2147483647,2147483647,2147483647,-113,13,Sunrise,false,false
1428404170368,2147483647,2147483647,2147483647,2147483647,-113,13,Sunrise,false,false
1428404170368,2147483647,2147483647,2147483647,2147483647,-113,13,Sunrise,false,false
1428404170368,2147483647,2147483647,2147483647,2147483647,-113,13,Sunrise,false,false
1428404170368,2147483647,2147483647,2147483647,2147483647,-113,13,Sunrise,false,false
1428404170368,2147483647,2147483647,2147483647,2147483647,-113,13,Sunrise,false,false
1428404170368,2147483647,2147483647,2147483647,2147483647,-113,13,Sunrise,false,false
1428404170368,2147483647,2147483647,2147483647,2147483647,-113,13,Sunrise,false,false
1428404170368,2147483647,2147483647,2147483647,2147483647,-113,13,Sunrise,false,false
1428404170368,-1,-1,-1,-1,0,13,Sunrise,false,false
1428404170368,-1,-1,-1,-1,0,13,Sunrise,false,false
1428404170368,-1,-1,-1,-1,0,13,Sunrise,false,false
1428404170368,-1,-1,-1,-1,0,13,Sunrise,false,false
1428404170368,-1,-1,-1,-1,0,13,Sunrise,false,false
1428404170368,-1,-1,-1,-1,0,13,Sunrise,false,false
1428404231528,8986368,42010,2,228,-107,13,Sunrise,true,false
1428404231528,345,2147483647,2147483647,2147483647,-114,13,Sunrise,false,false
1428404231528,2147483647,2147483647,2147483647,2147483647,-113,13,Sunrise,false,false
1428404231528,2147483647,2147483647,2147483647,2147483647,-113,13,Sunrise,false,false
1428404231528,2147483647,2147483647,2147483647,2147483647,-113,13,Sunrise,false,false
1428404231528,2147483647,2147483647,2147483647,2147483647,-113,13,Sunrise,false,false
1428404231528,2147483647,2147483647,2147483647,2147483647,-113,13,Sunrise,false,false
1428404231528,2147483647,2147483647,2147483647,2147483647,-113,13,Sunrise,false,false
1428404231528,2147483647,2147483647,2147483647,2147483647,-113,13,Sunrise,false,false
1428404231528,2147483647,2147483647,2147483647,2147483647,-113,13,Sunrise,false,false
1428404231528,2147483647,2147483647,2147483647,2147483647,-113,13,Sunrise,false,false
1428404231528,2147483647,2147483647,2147483647,2147483647,-113,13,Sunrise,false,false
1428404231528,2147483647,2147483647,2147483647,2147483647,-113,13,Sunrise,false,false
1428404231528,2147483647,2147483647,2147483647,2147483647,-113,13,Sunrise,false,false
1428404231528,2147483647,2147483647,2147483647,2147483647,-113,13,Sunrise,false,false
1428404231528,2147483647,2147483647,2147483647,2147483647,-113,13,Sunrise,false,false
1428404231528,2147483647,2147483647,2147483647,2147483647,-113,13,Sunrise,false,false
1428404231528,2147483647,2147483647,2147483647,2147483647,-113,13,Sunrise,false,false
1428404231528,-1,-1,-1,-1,0,13,Sunrise,false,false
1428404231528,-1,-1,-1,-1,0,13,Sunrise,false,false
1428404231528,-1,-1,-1,-1,0,13,Sunrise,false,false
1428404231528,-1,-1,-1,-1,0,13,Sunrise,false,false
1428404231528,-1,-1,-1,-1,0,13,Sunrise,false,false
1428404294187,8986368,42010,2,228,-107,13,Sunrise,true,false
1428404294187,53,2147483647,2147483647,2147483647,-126,13,Sunrise,false,false
1428404294187,345,2147483647,2147483647,2147483647,-114,13,Sunrise,false,false
1428404294187,2147483647,2147483647,2147483647,2147483647,-113,13,Sunrise,false,false
1428404294187,2147483647,2147483647,2147483647,2147483647,-113,13,Sunrise,false,false
1428404294187,2147483647,2147483647,2147483647,2147483647,-113,13,Sunrise,false,false
1428404294187,2147483647,2147483647,2147483647,2147483647,-113,13,Sunrise,false,false
1428404294187,2147483647,2147483647,2147483647,2147483647,-113,13,Sunrise,false,false
1428404294187,2147483647,2147483647,2147483647,2147483647,-113,13,Sunrise,false,false
1428404294187,2147483647,2147483647,2147483647,2147483647,-113,13,Sunrise,false,false
1428404294187,2147483647,2147483647,2147483647,2147483647,-113,13,Sunrise,false,false
1428404294187,2147483647,2147483647,2147483647,2147483647,-113,13,Sunrise,false,false
1428404294187,2147483647,2147483647,2147483647,2147483647,-113,13,Sunrise,false,false
1428404294187,2147483647,2147483647,2147483647,2147483647,-113,13,Sunrise,false,false
1428404294187,2147483647,2147483647,2147483647,2147483647,-113,13,Sunrise,false,false
1428404294187,2147483647,2147483647,2147483647,2147483647,-113,13,Sunrise,false,false
1428404294187,2147483647,2147483647,2147483647,2147483647,-113,13,Sunrise,false,false
1428404294187,2147483647,2147483647,2147483647,2147483647,-113,13,Sunrise,false,false
1428404294187,2147483647,2147483647,2147483647,2147483647,-113,13,Sunrise,false,false
1428404294187,-1,-1,-1,-1,0,13,Sunrise,false,false
1428404294187,-1,-1,-1,-1,0,13,Sunrise,false,false
1428404294187,-1,-1,-1,-1,0,13,Sunrise,false,false
1428404294187,-1,-1,-1,-1,0,13,Sunrise,false,false
1428404294187,-1,-1,-1,-1,0,13,Sunrise,false,false
1428404354203,8986368,42010,2,228,-107,13,Sunrise,true,false
1428404354203,345,2147483647,2147483647,2147483647,-125,13,Sunrise,false,false
1428404354203,2147483647,2147483647,2147483647,2147483647,-113,13,Sunrise,false,false
1428404354203,2147483647,2147483647,2147483647,2147483647,-113,13,Sunrise,false,false
1428404354203,2147483647,2147483647,2147483647,2147483647,-113,13,Sunrise,false,false
1428404354203,2147483647,2147483647,2147483647,2147483647,-113,13,Sunrise,false,false
1428404354203,2147483647,2147483647,2147483647,2147483647,-113,13,Sunrise,false,false
1428404354203,2147483647,2147483647,2147483647,2147483647,-113,13,Sunrise,false,false
1428404354203,2147483647,2147483647,2147483647,2147483647,-113,13,Sunrise,false,false
1428404354203,2147483647,2147483647,2147483647,2147483647,-113,13,Sunrise,false,false
1428404354203,2147483647,2147483647,2147483647,2147483647,-113,13,Sunrise,false,false
1428404354203,2147483647,2147483647,2147483647,2147483647,-113,13,Sunrise,false,false
1428404354203,2147483647,2147483647,2147483647,2147483647,-113,13,Sunrise,false,false
1428404354203,2147483647,2147483647,2147483647,2147483647,-113,13,Sunrise,false,false
1428404354203,2147483647,2147483647,2147483647,2147483647,-113,13,Sunrise,false,false
1428404354203,2147483647,2147483647,2147483647,2147483647,-113,13,Sunrise,false,false
1428404354203,2147483647,2147483647,2147483647,2147483647,-113,13,Sunrise,false,false
1428404354203,2147483647,2147483647,2147483647,2147483647,-113,13,Sunrise,false,false
1428404354203,-1,-1,-1,-1,0,13,Sunrise,false,false
1428404354203,-1,-1,-1,-1,0,13,Sunrise,false,false
1428404375045,8986368,42010,2,228,-113,13,Sunrise,true,false
1428404375045,345,2147483647,2147483647,2147483647,-125,13,Sunrise,false,false
1428404375045,2147483647,2147483647,2147483647,2147483647,-113,13,Sunrise,false,false
1428404375045,2147483647,2147483647,2147483647,2147483647,-113,13,Sunrise,false,false
1428404375045,2147483647,2147483647,2147483647,2147483647,-113,13,Sunrise,false,false
1428404375045,2147483647,2147483647,2147483647,2147483647,-113,13,Sunrise,false,false
1428404375045,2147483647,2147483647,2147483647,2147483647,-113,13,Sunrise,false,false
1428404375045,2147483647,2147483647,2147483647,2147483647,-113,13,Sunrise,false,false
1428404375045,2147483647,2147483647,2147483647,2147483647,-113,13,Sunrise,false,false
1428404375045,2147483647,2147483647,2147483647,2147483647,-113,13,Sunrise,false,false
1428404375045,2147483647,2147483647,2147483647,2147483647,-113,13,Sunrise,false,false
1428404375045,2147483647,2147483647,2147483647,2147483647,-113,13,Sunrise,false,false
1428404375045,2147483647,2147483647,2147483647,2147483647,-113,13,Sunrise,false,false
1428404375045,2147483647,2147483647,2147483647,2147483647,-113,13,Sunrise,false,false
1428404375045,2147483647,2147483647,2147483647,2147483647,-113,13,Sunrise,false,false
1428404375045,2147483647,2147483647,2147483647,2147483647,-113,13,Sunrise,false,false
1428404375045,2147483647,2147483647,2147483647,2147483647,-113,13,Sunrise,false,false
1428404375045,2147483647,2147483647,2147483647,2147483647,-113,13,Sunrise,false,false
1428404375045,-1,-1,-1,-1,0,13,Sunrise,false,false
1428404375045,-1,-1,-1,-1,0,13,Sunrise,false,false
1428404435140,8986368,42010,2,228,-112,13,Sunrise,true,false
1428404435140,51,2147483647,2147483647,2147483647,-124,13,Sunrise,false,false
1428404435140,345,2147483647,2147483647,2147483647,-119,13,Sunrise,false,false
1428404435140,2147483647,2147483647,2147483647,2147483647,-113,13,Sunrise,false,false
1428404435140,2147483647,2147483647,2147483647,2147483647,-113,13,Sunrise,false,false
1428404435140,2147483647,2147483647,2147483647,2147483647,-113,13,Sunrise,false,false
1428404435140,2147483647,2147483647,2147483647,2147483647,-113,13,Sunrise,false,false
1428404435140,2147483647,2147483647,2147483647,2147483647,-113,13,Sunrise,false,false
1428404435140,2147483647,2147483647,2147483647,2147483647,-113,13,Sunrise,false,false
1428404435140,2147483647,2147483647,2147483647,2147483647,-113,13,Sunrise,false,false
1428404435140,2147483647,2147483647,2147483647,2147483647,-113,13,Sunrise,false,false
1428404435140,2147483647,2147483647,2147483647,2147483647,-113,13,Sunrise,false,false
1428404435140,2147483647,2147483647,2147483647,2147483647,-113,13,Sunrise,false,false
1428404435140,2147483647,2147483647,2147483647,2147483647,-113,13,Sunrise,false,false
1428404435140,2147483647,2147483647,2147483647,2147483647,-113,13,Sunrise,false,false
1428404435140,2147483647,2147483647,2147483647,2147483647,-113,13,Sunrise,false,false
1428404435140,2147483647,2147483647,2147483647,2147483647,-113,13,Sunrise,false,false
1428404435140,2147483647,2147483647,2147483647,2147483647,-113,13,Sunrise,false,false
1428404435140,2147483647,2147483647,2147483647,2147483647,-113,13,Sunrise,false,false
1428404435140,-1,-1,-1,-1,0,13,Sunrise,false,false
1428404435140,-1,-1,-1,-1,0,13,Sunrise,false,false
1428404495199,8986368,42010,2,228,-111,13,Sunrise,true,false
1428404495199,51,2147483647,2147483647,2147483647,-124,13,Sunrise,false,false
1428404495199,345,2147483647,2147483647,2147483647,-128,13,Sunrise,false,false
1428404495199,2147483647,2147483647,2147483647,2147483647,-113,13,Sunrise,false,false
1428404495199,2147483647,2147483647,2147483647,2147483647,-113,13,Sunrise,false,false
1428404495199,2147483647,2147483647,2147483647,2147483647,-113,13,Sunrise,false,false
1428404495199,2147483647,2147483647,2147483647,2147483647,-113,13,Sunrise,false,false
1428404495199,2147483647,2147483647,2147483647,2147483647,-113,13,Sunrise,false,false
1428404495199,2147483647,2147483647,2147483647,2147483647,-113,13,Sunrise,false,false
1428404495199,2147483647,2147483647,2147483647,2147483647,-113,13,Sunrise,false,false
1428404495199,2147483647,2147483647,2147483647,2147483647,-113,13,Sunrise,false,false
1428404495199,2147483647,2147483647,2147483647,2147483647,-113,13,Sunrise,false,false
1428404495199,2147483647,2147483647,2147483647,2147483647,-113,13,Sunrise,false,false
1428404495199,2147483647,2147483647,2147483647,2147483647,-113,13,Sunrise,false,false
1428404495199,2147483647,2147483647,2147483647,2147483647,-113,13,Sunrise,false,false
1428404495199,2147483647,2147483647,2147483647,2147483647,-113,13,Sunrise,false,false
1428404495199,2147483647,2147483647,2147483647,2147483647,-113,13,Sunrise,false,false
1428404495199,2147483647,2147483647,2147483647,2147483647,-113,13,Sunrise,false,false
1428404495199,2147483647,2147483647,2147483647,2147483647,-113,13,Sunrise,false,false
1428404495199,-1,-1,-1,-1,0,13,Sunrise,false,false
1428404495199,-1,-1,-1,-1,0,13,Sunrise,false,false
1428404555253,8986368,42010,2,228,-111,13,Sunrise,true,false
1428404555253,51,2147483647,2147483647,2147483647,-130,13,Sunrise,false,false
1428404555253,345,2147483647,2147483647,2147483647,-125,13,Sunrise,false,false
1428404555253,2147483647,2147483647,2147483647,2147483647,-113,13,Sunrise,false,false
1428404555253,2147483647,2147483647,2147483647,2147483647,-113,13,Sunrise,false,false
1428404555253,2147483647,2147483647,2147483647,2147483647,-113,13,Sunrise,false,false
1428404555253,2147483647,2147483647,2147483647,2147483647,-113,13,Sunrise,false,false
1428404555253,2147483647,2147483647,2147483647,2147483647,-113,13,Sunrise,false,false
1428404555253,2147483647,2147483647,2147483647,2147483647,-113,13,Sunrise,false,false
1428404555253,2147483647,2147483647,2147483647,2147483647,-113,13,Sunrise,false,false
1428404555253,2147483647,2147483647,2147483647,2147483647,-113,13,Sunrise,false,false
1428404555253,2147483647,2147483647,2147483647,2147483647,-113,13,Sunrise,false,false
1428404555253,2147483647,2147483647,2147483647,2147483647,-113,13,Sunrise,false,false
1428404555253,2147483647,2147483647,2147483647,2147483647,-113,13,Sunrise,false,false
1428404555253,2147483647,2147483647,2147483647,2147483647,-113,13,Sunrise,false,false
1428404555253,2147483647,2147483647,2147483647,2147483647,-113,13,Sunrise,false,false
1428404555253,2147483647,2147483647,2147483647,2147483647,-113,13,Sunrise,false,false
1428404555253,2147483647,2147483647,2147483647,2147483647,-113,13,Sunrise,false,false
1428404555253,2147483647,2147483647,2147483647,2147483647,-113,13,Sunrise,false,false
1428404555253,-1,-1,-1,-1,0,13,Sunrise,false,false
1428404615294,8986368,42010,2,228,-114,13,Sunrise,true,false
1428404615294,2147483647,2147483647,2147483647,2147483647,-113,13,Sunrise,false,false
1428404615294,2147483647,2147483647,2147483647,2147483647,-113,13,Sunrise,false,false
1428404615294,2147483647,2147483647,2147483647,2147483647,-113,13,Sunrise,false,false
1428404615294,2147483647,2147483647,2147483647,2147483647,-113,13,Sunrise,false,false
1428404615294,2147483647,2147483647,2147483647,2147483647,-113,13,Sunrise,false,false
1428404615294,2147483647,2147483647,2147483647,2147483647,-113,13,Sunrise,false,false
1428404615294,2147483647,2147483647,2147483647,2147483647,-113,13,Sunrise,false,false
1428404615294,2147483647,2147483647,2147483647,2147483647,-113,13,Sunrise,false,false
1428404615294,2147483647,2147483647,2147483647,2147483647,-113,13,Sunrise,false,false
1428404615294,2147483647,2147483647,2147483647,2147483647,-113,13,Sunrise,false,false
1428404615294,2147483647,2147483647,2147483647,2147483647,-113,13,Sunrise,false,false
1428404615294,2147483647,2147483647,2147483647,2147483647,-113,13,Sunrise,false,false
1428404615294,2147483647,2147483647,2147483647,2147483647,-113,13,Sunrise,false,false
1428404615294,2147483647,2147483647,2147483647,2147483647,-113,13,Sunrise,false,false
1428404615294,2147483647,2147483647,2147483647,2147483647,-113,13,Sunrise,false,false
1428404615294,2147483647,2147483647,2147483647,2147483647,-113,13,Sunrise,false,false
1428404615294,-1,-1,-1,-1,0,13,Sunrise,false,false
1428404675382,8986368,42010,2,228,-113,13,Sunrise,true,false
1428404675382,2147483647,2147483647,2147483647,2147483647,-113,13,Sunrise,false,false
1428404675382,2147483647,2147483647,2147483647,2147483647,-113,13,Sunrise,false,false
1428404675382,2147483647,2147483647,2147483647,2147483647,-113,13,Sunrise,false,false
1428404675382,2147483647,2147483647,2147483647,2147483647,-113,13,Sunrise,false,false
1428404675382,2147483647,2147483647,2147483647,2147483647,-113,13,Sunrise,false,false
1428404675382,2147483647,2147483647,2147483647,2147483647,-113,13,Sunrise,false,false
1428404675382,2147483647,2147483647,2147483647,2147483647,-113,13,Sunrise,false,false
1428404675382,2147483647,2147483647,2147483647,2147483647,-113,13,Sunrise,false,false
1428404675382,2147483647,2147483647,2147483647,2147483647,-113,13,Sunrise,false,false
1428404675382,2147483647,2147483647,2147483647,2147483647,-113,13,Sunrise,false,false
1428404675382,2147483647,2147483647,2147483647,2147483647,-113,13,Sunrise,false,false
1428404675382,2147483647,2147483647,2147483647,2147483647,-113,13,Sunrise,false,false
1428404675382,2147483647,2147483647,2147483647,2147483647,-113,13,Sunrise,false,false
1428404675382,2147483647,2147483647,2147483647,2147483647,-113,13,Sunrise,false,false
1428404675382,2147483647,2147483647,2147483647,2147483647,-113,13,Sunrise,false,false
1428404675382,2147483647,2147483647,2147483647,2147483647,-113,13,Sunrise,false,false
1428404675382,-1,-1,-1,-1,0,13,Sunrise,false,false
1428404735463,8986368,42010,2,228,-113,13,Sunrise,true,false
1428404735463,53,2147483647,2147483647,2147483647,-127,13,Sunrise,false,false
1428404735463,2147483647,2147483647,2147483647,2147483647,-113,13,Sunrise,false,false
1428404735463,2147483647,2147483647,2147483647,2147483647,-113,13,Sunrise,false,false
1428404735463,2147483647,2147483647,2147483647,2147483647,-113,13,Sunrise,false,false
1428404735463,2147483647,2147483647,2147483647,2147483647,-113,13,Sunrise,false,false
1428404735463,2147483647,2147483647,2147483647,2147483647,-113,13,Sunrise,false,false
1428404735463,2147483647,2147483647,2147483647,2147483647,-113,13,Sunrise,false,false
1428404735463,2147483647,2147483647,2147483647,2147483647,-113,13,Sunrise,false,false
1428404735463,2147483647,2147483647,2147483647,2147483647,-113,13,Sunrise,false,false
1428404735463,2147483647,2147483647,2147483647,2147483647,-113,13,Sunrise,false,false
1428404735463,2147483647,2147483647,2147483647,2147483647,-113,13,Sunrise,false,false
1428404735463,2147483647,2147483647,2147483647,2147483647,-113,13,Sunrise,false,false
1428404735463,2147483647,2147483647,2147483647,2147483647,-113,13,Sunrise,false,false
1428404735463,2147483647,2147483647,2147483647,2147483647,-113,13,Sunrise,false,false
1428404735463,2147483647,2147483647,2147483647,2147483647,-113,13,Sunrise,false,false
1428404735463,2147483647,2147483647,2147483647,2147483647,-113,13,Sunrise,false,false
1428404735463,2147483647,2147483647,2147483647,2147483647,-113,13,Sunrise,false,false
1428404735463,-1,-1,-1,-1,0,13,Sunrise,false,false
1428404735463,-1,-1,-1,-1,0,13,Sunrise,false,false
1428404796652,8986368,42010,2,228,-113,13,Sunrise,true,false
1428404796652,53,2147483647,2147483647,2147483647,-126,13,Sunrise,false,false
1428404796652,2147483647,2147483647,2147483647,2147483647,-113,13,Sunrise,false,false
1428404796652,2147483647,2147483647,2147483647,2147483647,-113,13,Sunrise,false,false
1428404796652,2147483647,2147483647,2147483647,2147483647,-113,13,Sunrise,false,false
1428404796652,2147483647,2147483647,2147483647,2147483647,-113,13,Sunrise,false,false
1428404796652,2147483647,2147483647,2147483647,2147483647,-113,13,Sunrise,false,false
1428404796652,2147483647,2147483647,2147483647,2147483647,-113,13,Sunrise,false,false
1428404796652,2147483647,2147483647,2147483647,2147483647,-113,13,Sunrise,false,false
1428404796652,2147483647,2147483647,2147483647,2147483647,-113,13,Sunrise,false,false
1428404796652,2147483647,2147483647,2147483647,2147483647,-113,13,Sunrise,false,false
1428404796652,2147483647,2147483647,2147483647,2147483647,-113,13,Sunrise,false,false
1428404796652,2147483647,2147483647,2147483647,2147483647,-113,13,Sunrise,false,false
1428404796652,2147483647,2147483647,2147483647,2147483647,-113,13,Sunrise,false,false
1428404796652,2147483647,2147483647,2147483647,2147483647,-113,13,Sunrise,false,false
1428404796652,2147483647,2147483647,2147483647,2147483647,-113,13,Sunrise,false,false
1428404796652,2147483647,2147483647,2147483647,2147483647,-113,13,Sunrise,false,false
1428404796652,2147483647,2147483647,2147483647,2147483647,-113,13,Sunrise,false,false
1428404796652,-1,-1,-1,-1,0,13,Sunrise,false,false
1428404796652,-1,-1,-1,-1,0,13,Sunrise,false,false
1428404796652,-1,-1,-1,-1,0,13,Sunrise,false,false
1428404857778,8986368,42010,2,228,-113,13,Sunrise,true,false
1428404857778,2147483647,2147483647,2147483647,2147483647,-113,13,Sunrise,false,false
1428404857778,2147483647,2147483647,2147483647,2147483647,-113,13,Sunrise,false,false
1428404857778,2147483647,2147483647,2147483647,2147483647,-113,13,Sunrise,false,false
1428404857778,2147483647,2147483647,2147483647,2147483647,-113,13,Sunrise,false,false
1428404857778,2147483647,2147483647,2147483647,2147483647,-113,13,Sunrise,false,false
1428404857778,2147483647,2147483647,2147483647,2147483647,-113,13,Sunrise,false,false
1428404857778,2147483647,2147483647,2147483647,2147483647,-113,13,Sunrise,false,false
1428404857778,2147483647,2147483647,2147483647,2147483647,-113,13,Sunrise,false,false
1428404857778,2147483647,2147483647,2147483647,2147483647,-113,13,Sunrise,false,false
1428404857778,2147483647,2147483647,2147483647,2147483647,-113,13,Sunrise,false,false
1428404857778,2147483647,2147483647,2147483647,2147483647,-113,13,Sunrise,false,false
1428404857778,2147483647,2147483647,2147483647,2147483647,-113,13,Sunrise,false,false
1428404857778,2147483647,2147483647,2147483647,2147483647,-113,13,Sunrise,false,false
1428404857778,2147483647,2147483647,2147483647,2147483647,-113,13,Sunrise,false,false
1428404857778,2147483647,2147483647,2147483647,2147483647,-113,13,Sunrise,false,false
1428404857778,2147483647,2147483647,2147483647,2147483647,-113,13,Sunrise,false,false
1428404857778,-1,-1,-1,-1,0,13,Sunrise,false,false
1428404857778,-1,-1,-1,-1,0,13,Sunrise,false,false
1428404857778,-1,-1,-1,-1,0,13,Sunrise,false,false
1428404918990,8986368,42010,2,228,-114,13,Sunrise,true,false
1428404918990,51,2147483647,2147483647,2147483647,-126,13,Sunrise,false,false
1428404918990,2147483647,2147483647,2147483647,2147483647,-113,13,Sunrise,false,false
1428404918990,2147483647,2147483647,2147483647,2147483647,-113,13,Sunrise,false,false
1428404918990,2147483647,2147483647,2147483647,2147483647,-113,13,Sunrise,false,false
1428404918990,2147483647,2147483647,2147483647,2147483647,-113,13,Sunrise,false,false
1428404918990,2147483647,2147483647,2147483647,2147483647,-113,13,Sunrise,false,false
1428404918990,2147483647,2147483647,2147483647,2147483647,-113,13,Sunrise,false,false
1428404918990,2147483647,2147483647,2147483647,2147483647,-113,13,Sunrise,false,false
1428404918990,2147483647,2147483647,2147483647,2147483647,-113,13,Sunrise,false,false
1428404918990,2147483647,2147483647,2147483647,2147483647,-113,13,Sunrise,false,false
1428404918990,2147483647,2147483647,2147483647,2147483647,-113,13,Sunrise,false,false
1428404918990,2147483647,2147483647,2147483647,2147483647,-113,13,Sunrise,false,false
1428404918990,2147483647,2147483647,2147483647,2147483647,-113,13,Sunrise,false,false
1428404918990,2147483647,2147483647,2147483647,2147483647,-113,13,Sunrise,false,false
1428404918990,2147483647,2147483647,2147483647,2147483647,-113,13,Sunrise,false,false
1428404918990,2147483647,2147483647,2147483647,2147483647,-113,13,Sunrise,false,false
1428404918990,2147483647,2147483647,2147483647,2147483647,-113,13,Sunrise,false,false
1428404918990,-1,-1,-1,-1,0,13,Sunrise,false,false
1428404918990,-1,-1,-1,-1,0,13,Sunrise,false,false
1428404918990,-1,-1,-1,-1,0,13,Sunrise,false,false
1428404979181,8986368,42010,2,228,-112,13,Sunrise,true,false
1428404979181,2147483647,2147483647,2147483647,2147483647,-113,13,Sunrise,false,false
1428404979181,2147483647,2147483647,2147483647,2147483647,-113,13,Sunrise,false,false
1428404979181,2147483647,2147483647,2147483647,2147483647,-113,13,Sunrise,false,false
1428404979181,2147483647,2147483647,2147483647,2147483647,-113,13,Sunrise,false,false
1428404979181,2147483647,2147483647,2147483647,2147483647,-113,13,Sunrise,false,false
1428404979181,2147483647,2147483647,2147483647,2147483647,-113,13,Sunrise,false,false
1428404979181,2147483647,2147483647,2147483647,2147483647,-113,13,Sunrise,false,false
1428404979181,2147483647,2147483647,2147483647,2147483647,-113,13,Sunrise,false,false
1428404979181,2147483647,2147483647,2147483647,2147483647,-113,13,Sunrise,false,false
1428404979181,2147483647,2147483647,2147483647,2147483647,-113,13,Sunrise,false,false
1428404979181,2147483647,2147483647,2147483647,2147483647,-113,13,Sunrise,false,false
1428404979181,2147483647,2147483647,2147483647,2147483647,-113,13,Sunrise,false,false
1428404979181,2147483647,2147483647,2147483647,2147483647,-113,13,Sunrise,false,false
1428404979181,2147483647,2147483647,2147483647,2147483647,-113,13,Sunrise,false,false
1428404979181,2147483647,2147483647,2147483647,2147483647,-113,13,Sunrise,false,false
1428404979181,2147483647,2147483647,2147483647,2147483647,-113,13,Sunrise,false,false
1428404979181,-1,-1,-1,-1,0,13,Sunrise,false,false
1428404979181,-1,-1,-1,-1,0,13,Sunrise,false,false
1428404979181,-1,-1,-1,-1,0,13,Sunrise,false,false
1428405039224,8986368,42010,2,228,-113,13,Sunrise,true,false
1428405039224,51,2147483647,2147483647,2147483647,-125,13,Sunrise,false,false
1428405039224,2147483647,2147483647,2147483647,2147483647,-113,13,Sunrise,false,false
1428405039224,2147483647,2147483647,2147483647,2147483647,-113,13,Sunrise,false,false
1428405039224,2147483647,2147483647,2147483647,2147483647,-113,13,Sunrise,false,false
1428405039224,2147483647,2147483647,2147483647,2147483647,-113,13,Sunrise,false,false
1428405039224,2147483647,2147483647,2147483647,2147483647,-113,13,Sunrise,false,false
1428405039224,2147483647,2147483647,2147483647,2147483647,-113,13,Sunrise,false,false
1428405039224,2147483647,2147483647,2147483647,2147483647,-113,13,Sunrise,false,false
1428405039224,2147483647,2147483647,2147483647,2147483647,-113,13,Sunrise,false,false
1428405039224,2147483647,2147483647,2147483647,2147483647,-113,13,Sunrise,false,false
1428405039224,2147483647,2147483647,2147483647,2147483647,-113,13,Sunrise,false,false
1428405039224,2147483647,2147483647,2147483647,2147483647,-113,13,Sunrise,false,false
1428405039224,2147483647,2147483647,2147483647,2147483647,-113,13,Sunrise,false,false
1428405039224,2147483647,2147483647,2147483647,2147483647,-113,13,Sunrise,false,false
1428405039224,2147483647,2147483647,2147483647,2147483647,-113,13,Sunrise,false,false
1428405039224,2147483647,2147483647,2147483647,2147483647,-113,13,Sunrise,false,false
1428405039224,2147483647,2147483647,2147483647,2147483647,-113,13,Sunrise,false,false
1428405039224,-1,-1,-1,-1,0,13,Sunrise,false,false
1428405039224,-1,-1,-1,-1,0,13,Sunrise,false,false
1428405039224,-1,-1,-1,-1,0,13,Sunrise,false,false
1428405101588,8986368,42010,2,228,-112,13,Sunrise,true,false
1428405101588,53,2147483647,2147483647,2147483647,-125,13,Sunrise,false,false
1428405101588,2147483647,2147483647,2147483647,2147483647,-113,13,Sunrise,false,false
1428405101588,2147483647,2147483647,2147483647,2147483647,-113,13,Sunrise,false,false
1428405101588,2147483647,2147483647,2147483647,2147483647,-113,13,Sunrise,false,false
1428405101588,2147483647,2147483647,2147483647,2147483647,-113,13,Sunrise,false,false
1428405101588,2147483647,2147483647,2147483647,2147483647,-113,13,Sunrise,false,false
1428405101588,2147483647,2147483647,2147483647,2147483647,-113,13,Sunrise,false,false
1428405101588,2147483647,2147483647,2147483647,2147483647,-113,13,Sunrise,false,false
1428405101588,2147483647,2147483647,2147483647,2147483647,-113,13,Sunrise,false,false
1428405101588,2147483647,2147483647,2147483647,2147483647,-113,13,Sunrise,false,false
1428405101588,2147483647,2147483647,2147483647,2147483647,-113,13,Sunrise,false,false
1428405101588,2147483647,2147483647,2147483647,2147483647,-113,13,Sunrise,false,false
1428405101588,2147483647,2147483647,2147483647,2147483647,-113,13,Sunrise,false,false
1428405101588,2147483647,2147483647,2147483647,2147483647,-113,13,Sunrise,false,false
1428405101588,2147483647,2147483647,2147483647,2147483647,-113,13,Sunrise,false,false
1428405101588,2147483647,2147483647,2147483647,2147483647,-113,13,Sunrise,false,false
1428405101588,2147483647,2147483647,2147483647,2147483647,-113,13,Sunrise,false,false
1428405101588,-1,-1,-1,-1,0,13,Sunrise,false,false
1428405101588,-1,-1,-1,-1,0,13,Sunrise,false,false
1428405101588,-1,-1,-1,-1,0,13,Sunrise,false,false
1428405161686,8986368,42010,2,228,-112,13,Sunrise,true,false
1428405161686,2147483647,2147483647,2147483647,2147483647,-113,13,Sunrise,false,false
1428405161686,2147483647,2147483647,2147483647,2147483647,-113,13,Sunrise,false,false
1428405161686,2147483647,2147483647,2147483647,2147483647,-113,13,Sunrise,false,false
1428405161686,2147483647,2147483647,2147483647,2147483647,-113,13,Sunrise,false,false
1428405161686,2147483647,2147483647,2147483647,2147483647,-113,13,Sunrise,false,false
1428405161686,2147483647,2147483647,2147483647,2147483647,-113,13,Sunrise,false,false
1428405161686,2147483647,2147483647,2147483647,2147483647,-113,13,Sunrise,false,false
1428405161686,2147483647,2147483647,2147483647,2147483647,-113,13,Sunrise,false,false
1428405161686,2147483647,2147483647,2147483647,2147483647,-113,13,Sunrise,false,false
1428405161686,2147483647,2147483647,2147483647,2147483647,-113,13,Sunrise,false,false
1428405161686,2147483647,2147483647,2147483647,2147483647,-113,13,Sunrise,false,false
1428405161686,2147483647,2147483647,2147483647,2147483647,-113,13,Sunrise,false,false
1428405161686,2147483647,2147483647,2147483647,2147483647,-113,13,Sunrise,false,false
1428405161686,2147483647,2147483647,2147483647,2147483647,-113,13,Sunrise,false,false
1428405161686,2147483647,2147483647,2147483647,2147483647,-113,13,Sunrise,false,false
1428405161686,2147483647,2147483647,2147483647,2147483647,-113,13,Sunrise,false,false
1428405161686,-1,-1,-1,-1,0,13,Sunrise,false,false
1428405161686,-1,-1,-1,-1,0,13,Sunrise,false,false
1428405161686,-1,-1,-1,-1,0,13,Sunrise,false,false
1428405222010,8986368,42010,2,228,-113,13,Sunrise,true,false
1428405222010,2147483647,2147483647,2147483647,2147483647,-113,13,Sunrise,false,false
1428405222010,2147483647,2147483647,2147483647,2147483647,-113,13,Sunrise,false,false
1428405222010,2147483647,2147483647,2147483647,2147483647,-113,13,Sunrise,false,false
1428405222010,2147483647,2147483647,2147483647,2147483647,-113,13,Sunrise,false,false
1428405222010,2147483647,2147483647,2147483647,2147483647,-113,13,Sunrise,false,false
1428405222010,2147483647,2147483647,2147483647,2147483647,-113,13,Sunrise,false,false
1428405222010,2147483647,2147483647,2147483647,2147483647,-113,13,Sunrise,false,false
1428405222010,2147483647,2147483647,2147483647,2147483647,-113,13,Sunrise,false,false
1428405222010,2147483647,2147483647,2147483647,2147483647,-113,13,Sunrise,false,false
1428405222010,2147483647,2147483647,2147483647,2147483647,-113,13,Sunrise,false,false
1428405222010,2147483647,2147483647,2147483647,2147483647,-113,13,Sunrise,false,false
1428405222010,2147483647,2147483647,2147483647,2147483647,-113,13,Sunrise,false,false
1428405222010,2147483647,2147483647,2147483647,2147483647,-113,13,Sunrise,false,false
1428405222010,2147483647,2147483647,2147483647,2147483647,-113,13,Sunrise,false,false
1428405222010,2147483647,2147483647,2147483647,2147483647,-113,13,Sunrise,false,false
1428405222010,2147483647,2147483647,2147483647,2147483647,-113,13,Sunrise,false,false
1428405222010,-1,-1,-1,-1,0,13,Sunrise,false,false
1428405222010,-1,-1,-1,-1,0,13,Sunrise,false,false
1428405222010,-1,-1,-1,-1,0,13,Sunrise,false,false
1428405282117,8986368,42010,2,228,-113,13,Sunrise,true,false
1428405282117,2147483647,2147483647,2147483647,2147483647,-113,13,Sunrise,false,false
1428405282117,2147483647,2147483647,2147483647,2147483647,-113,13,Sunrise,false,false
1428405282117,2147483647,2147483647,2147483647,2147483647,-113,13,Sunrise,false,false
1428405282117,2147483647,2147483647,2147483647,2147483647,-113,13,Sunrise,false,false
1428405282117,2147483647,2147483647,2147483647,2147483647,-113,13,Sunrise,false,false
1428405282117,2147483647,2147483647,2147483647,2147483647,-113,13,Sunrise,false,false
1428405282117,2147483647,2147483647,2147483647,2147483647,-113,13,Sunrise,false,false
1428405282117,2147483647,2147483647,2147483647,2147483647,-113,13,Sunrise,false,false
1428405282117,2147483647,2147483647,2147483647,2147483647,-113,13,Sunrise,false,false
1428405282117,2147483647,2147483647,2147483647,2147483647,-113,13,Sunrise,false,false
1428405282117,2147483647,2147483647,2147483647,2147483647,-113,13,Sunrise,false,false
1428405282117,2147483647,2147483647,2147483647,2147483647,-113,13,Sunrise,false,false
1428405282117,2147483647,2147483647,2147483647,2147483647,-113,13,Sunrise,false,false
1428405282117,2147483647,2147483647,2147483647,2147483647,-113,13,Sunrise,false,false
1428405282117,2147483647,2147483647,2147483647,2147483647,-113,13,Sunrise,false,false
1428405282117,2147483647,2147483647,2147483647,2147483647,-113,13,Sunrise,false,false
1428405282117,-1,-1,-1,-1,0,13,Sunrise,false,false
1428405282117,-1,-1,-1,-1,0,13,Sunrise,false,false
1428405282117,-1,-1,-1,-1,0,13,Sunrise,false,false
1428405356797,8986368,42010,2,228,-114,13,Sunrise,true,false
1428405356797,2147483647,2147483647,2147483647,2147483647,-113,13,Sunrise,false,false
1428405356797,2147483647,2147483647,2147483647,2147483647,-113,13,Sunrise,false,false
1428405356797,2147483647,2147483647,2147483647,2147483647,-113,13,Sunrise,false,false
1428405356797,2147483647,2147483647,2147483647,2147483647,-113,13,Sunrise,false,false
1428405356797,2147483647,2147483647,2147483647,2147483647,-113,13,Sunrise,false,false
1428405356797,2147483647,2147483647,2147483647,2147483647,-113,13,Sunrise,false,false
1428405356797,2147483647,2147483647,2147483647,2147483647,-113,13,Sunrise,false,false
1428405356797,2147483647,2147483647,2147483647,2147483647,-113,13,Sunrise,false,false
1428405356797,2147483647,2147483647,2147483647,2147483647,-113,13,Sunrise,false,false
1428405356797,2147483647,2147483647,2147483647,2147483647,-113,13,Sunrise,false,false
1428405356797,2147483647,2147483647,2147483647,2147483647,-113,13,Sunrise,false,false
1428405356797,2147483647,2147483647,2147483647,2147483647,-113,13,Sunrise,false,false
1428405356797,2147483647,2147483647,2147483647,2147483647,-113,13,Sunrise,false,false
1428405356797,2147483647,2147483647,2147483647,2147483647,-113,13,Sunrise,false,false
1428405356797,2147483647,2147483647,2147483647,2147483647,-113,13,Sunrise,false,false
1428405356797,2147483647,2147483647,2147483647,2147483647,-113,13,Sunrise,false,false
1428405356797,-1,-1,-1,-1,0,13,Sunrise,false,false
1428405356797,-1,-1,-1,-1,0,13,Sunrise,false,false
1428405442841,8986368,42010,2,228,-114,13,Sunrise,true,false
1428405442841,53,2147483647,2147483647,2147483647,-125,13,Sunrise,false,false
1428405442841,2147483647,2147483647,2147483647,2147483647,-113,13,Sunrise,false,false
1428405442841,2147483647,2147483647,2147483647,2147483647,-113,13,Sunrise,false,false
1428405442841,2147483647,2147483647,2147483647,2147483647,-113,13,Sunrise,false,false
1428405442841,2147483647,2147483647,2147483647,2147483647,-113,13,Sunrise,false,false
1428405442841,2147483647,2147483647,2147483647,2147483647,-113,13,Sunrise,false,false
1428405442841,2147483647,2147483647,2147483647,2147483647,-113,13,Sunrise,false,false
1428405442841,2147483647,2147483647,2147483647,2147483647,-113,13,Sunrise,false,false
1428405442841,2147483647,2147483647,2147483647,2147483647,-113,13,Sunrise,false,false
1428405442841,2147483647,2147483647,2147483647,2147483647,-113,13,Sunrise,false,false
1428405442841,2147483647,2147483647,2147483647,2147483647,-113,13,Sunrise,false,false
1428405442841,2147483647,2147483647,2147483647,2147483647,-113,13,Sunrise,false,false
1428405442841,2147483647,2147483647,2147483647,2147483647,-113,13,Sunrise,false,false
1428405442841,2147483647,2147483647,2147483647,2147483647,-113,13,Sunrise,false,false
1428405442841,2147483647,2147483647,2147483647,2147483647,-113,13,Sunrise,false,false
1428405442841,2147483647,2147483647,2147483647,2147483647,-113,13,Sunrise,false,false
1428405442841,2147483647,2147483647,2147483647,2147483647,-113,13,Sunrise,false,false
1428405442841,-1,-1,-1,-1,0,13,Sunrise,false,false
1428405502959,8986368,42010,2,228,-113,13,Sunrise,true,false
1428405502959,345,2147483647,2147483647,2147483647,-125,13,Sunrise,false,false
1428405502959,2147483647,2147483647,2147483647,2147483647,-113,13,Sunrise,false,false
1428405502959,2147483647,2147483647,2147483647,2147483647,-113,13,Sunrise,false,false
1428405502959,2147483647,2147483647,2147483647,2147483647,-113,13,Sunrise,false,false
1428405502959,2147483647,2147483647,2147483647,2147483647,-113,13,Sunrise,false,false
1428405502959,2147483647,2147483647,2147483647,2147483647,-113,13,Sunrise,false,false
1428405502959,2147483647,2147483647,2147483647,2147483647,-113,13,Sunrise,false,false
1428405502959,2147483647,2147483647,2147483647,2147483647,-113,13,Sunrise,false,false
1428405502959,2147483647,2147483647,2147483647,2147483647,-113,13,Sunrise,false,false
1428405502959,2147483647,2147483647,2147483647,2147483647,-113,13,Sunrise,false,false
1428405502959,2147483647,2147483647,2147483647,2147483647,-113,13,Sunrise,false,false
1428405502959,2147483647,2147483647,2147483647,2147483647,-113,13,Sunrise,false,false
1428405502959,2147483647,2147483647,2147483647,2147483647,-113,13,Sunrise,false,false
1428405502959,2147483647,2147483647,2147483647,2147483647,-113,13,Sunrise,false,false
1428405502959,2147483647,2147483647,2147483647,2147483647,-113,13,Sunrise,false,false
1428405502959,2147483647,2147483647,2147483647,2147483647,-113,13,Sunrise,false,false
1428405502959,2147483647,2147483647,2147483647,2147483647,-113,13,Sunrise,false,false
1428405502959,-1,-1,-1,-1,0,13,Sunrise,false,false
1428405502959,-1,-1,-1,-1,0,13,Sunrise,false,false
1428405502959,-1,-1,-1,-1,0,13,Sunrise,false,false
1428405563251,8986368,42010,2,228,-114,13,Sunrise,true,false
1428405563251,53,2147483647,2147483647,2147483647,-124,13,Sunrise,false,false
1428405563251,2147483647,2147483647,2147483647,2147483647,-113,13,Sunrise,false,false
1428405563251,2147483647,2147483647,2147483647,2147483647,-113,13,Sunrise,false,false
1428405563251,2147483647,2147483647,2147483647,2147483647,-113,13,Sunrise,false,false
1428405563251,2147483647,2147483647,2147483647,2147483647,-113,13,Sunrise,false,false
1428405563251,2147483647,2147483647,2147483647,2147483647,-113,13,Sunrise,false,false
1428405563251,2147483647,2147483647,2147483647,2147483647,-113,13,Sunrise,false,false
1428405563251,2147483647,2147483647,2147483647,2147483647,-113,13,Sunrise,false,false
1428405563251,2147483647,2147483647,2147483647,2147483647,-113,13,Sunrise,false,false
1428405563251,2147483647,2147483647,2147483647,2147483647,-113,13,Sunrise,false,false
1428405563251,2147483647,2147483647,2147483647,2147483647,-113,13,Sunrise,false,false
1428405563251,2147483647,2147483647,2147483647,2147483647,-113,13,Sunrise,false,false
1428405563251,2147483647,2147483647,2147483647,2147483647,-113,13,Sunrise,false,false
1428405563251,2147483647,2147483647,2147483647,2147483647,-113,13,Sunrise,false,false
1428405563251,2147483647,2147483647,2147483647,2147483647,-113,13,Sunrise,false,false
1428405563251,2147483647,2147483647,2147483647,2147483647,-113,13,Sunrise,false,false
1428405563251,2147483647,2147483647,2147483647,2147483647,-113,13,Sunrise,false,false
1428405563251,-1,-1,-1,-1,0,13,Sunrise,false,false
1428405563251,-1,-1,-1,-1,0,13,Sunrise,false,false
1428405563251,-1,-1,-1,-1,0,13,Sunrise,false,false
1428405623419,8986368,42010,2,228,-113,13,Sunrise,true,false
1428405623419,345,2147483647,2147483647,2147483647,-125,13,Sunrise,false,false
1428405623419,2147483647,2147483647,2147483647,2147483647,-113,13,Sunrise,false,false
1428405623419,2147483647,2147483647,2147483647,2147483647,-113,13,Sunrise,false,false
1428405623419,2147483647,2147483647,2147483647,2147483647,-113,13,Sunrise,false,false
1428405623419,2147483647,2147483647,2147483647,2147483647,-113,13,Sunrise,false,false
1428405623419,2147483647,2147483647,2147483647,2147483647,-113,13,Sunrise,false,false
1428405623419,2147483647,2147483647,2147483647,2147483647,-113,13,Sunrise,false,false
1428405623419,2147483647,2147483647,2147483647,2147483647,-113,13,Sunrise,false,false
1428405623419,2147483647,2147483647,2147483647,2147483647,-113,13,Sunrise,false,false
1428405623419,2147483647,2147483647,2147483647,2147483647,-113,13,Sunrise,false,false
1428405623419,2147483647,2147483647,2147483647,2147483647,-113,13,Sunrise,false,false
1428405623419,2147483647,2147483647,2147483647,2147483647,-113,13,Sunrise,false,false
1428405623419,2147483647,2147483647,2147483647,2147483647,-113,13,Sunrise,false,false
1428405623419,2147483647,2147483647,2147483647,2147483647,-113,13,Sunrise,false,false
1428405623419,2147483647,2147483647,2147483647,2147483647,-113,13,Sunrise,false,false
1428405623419,2147483647,2147483647,2147483647,2147483647,-113,13,Sunrise,false,false
1428405623419,2147483647,2147483647,2147483647,2147483647,-113,13,Sunrise,false,false
1428405623419,-1,-1,-1,-1,0,13,Sunrise,false,false
1428405623419,-1,-1,-1,-1,0,13,Sunrise,false,false
1428405623419,-1,-1,-1,-1,0,13,Sunrise,false,false
1428405712853,8986368,42010,2,228,-113,13,Sunrise,true,false
1428405712853,345,2147483647,2147483647,2147483647,-125,13,Sunrise,false,false
1428405712853,2147483647,2147483647,2147483647,2147483647,-113,13,Sunrise,false,false
1428405712853,2147483647,2147483647,2147483647,2147483647,-113,13,Sunrise,false,false
1428405712853,2147483647,2147483647,2147483647,2147483647,-113,13,Sunrise,false,false
1428405712853,2147483647,2147483647,2147483647,2147483647,-113,13,Sunrise,false,false
1428405712853,2147483647,2147483647,2147483647,2147483647,-113,13,Sunrise,false,false
1428405712853,2147483647,2147483647,2147483647,2147483647,-113,13,Sunrise,false,false
1428405712853,2147483647,2147483647,2147483647,2147483647,-113,13,Sunrise,false,false
1428405712853,2147483647,2147483647,2147483647,2147483647,-113,13,Sunrise,false,false
1428405712853,2147483647,2147483647,2147483647,2147483647,-113,13,Sunrise,false,false
1428405712853,2147483647,2147483647,2147483647,2147483647,-113,13,Sunrise,false,false
1428405712853,2147483647,2147483647,2147483647,2147483647,-113,13,Sunrise,false,false
1428405712853,2147483647,2147483647,2147483647,2147483647,-113,13,Sunrise,false,false
1428405712853,2147483647,2147483647,2147483647,2147483647,-113,13,Sunrise,false,false
1428405712853,2147483647,2147483647,2147483647,2147483647,-113,13,Sunrise,false,false
1428405712853,2147483647,2147483647,2147483647,2147483647,-113,13,Sunrise,false,false
1428405712853,2147483647,2147483647,2147483647,2147483647,-113,13,Sunrise,false,false
1428405712853,-1,-1,-1,-1,0,13,Sunrise,false,false
1428405712853,-1,-1,-1,-1,0,13,Sunrise,false,false
1428405712853,-1,-1,-1,-1,0,13,Sunrise,false,false
1428405773104,8986368,42010,2,228,-112,13,Sunrise,true,false
1428405773104,2147483647,2147483647,2147483647,2147483647,-113,13,Sunrise,false,false
1428405773104,2147483647,2147483647,2147483647,2147483647,-113,13,Sunrise,false,false
1428405773104,2147483647,2147483647,2147483647,2147483647,-113,13,Sunrise,false,false
1428405773104,2147483647,2147483647,2147483647,2147483647,-113,13,Sunrise,false,false
1428405773104,2147483647,2147483647,2147483647,2147483647,-113,13,Sunrise,false,false
1428405773104,2147483647,2147483647,2147483647,2147483647,-113,13,Sunrise,false,false
1428405773104,2147483647,2147483647,2147483647,2147483647,-113,13,Sunrise,false,false
1428405773104,2147483647,2147483647,2147483647,2147483647,-113,13,Sunrise,false,false
1428405773104,2147483647,2147483647,2147483647,2147483647,-113,13,Sunrise,false,false
1428405773104,2147483647,2147483647,2147483647,2147483647,-113,13,Sunrise,false,false
1428405773104,2147483647,2147483647,2147483647,2147483647,-113,13,Sunrise,false,false
1428405773104,2147483647,2147483647,2147483647,2147483647,-113,13,Sunrise,false,false
1428405773104,2147483647,2147483647,2147483647,2147483647,-113,13,Sunrise,false,false
1428405773104,2147483647,2147483647,2147483647,2147483647,-113,13,Sunrise,false,false
1428405773104,2147483647,2147483647,2147483647,2147483647,-113,13,Sunrise,false,false
1428405773104,2147483647,2147483647,2147483647,2147483647,-113,13,Sunrise,false,false
1428405773104,-1,-1,-1,-1,0,13,Sunrise,false,false
1428405773104,-1,-1,-1,-1,0,13,Sunrise,false,false
1428405773104,-1,-1,-1,-1,0,13,Sunrise,false,false
1428405862840,8986368,42010,2,228,-114,13,Sunrise,true,false
1428405862840,2147483647,2147483647,2147483647,2147483647,-113,13,Sunrise,false,false
1428405862840,2147483647,2147483647,2147483647,2147483647,-113,13,Sunrise,false,false
1428405862840,2147483647,2147483647,2147483647,2147483647,-113,13,Sunrise,false,false
1428405862840,2147483647,2147483647,2147483647,2147483647,-113,13,Sunrise,false,false
1428405862840,2147483647,2147483647,2147483647,2147483647,-113,13,Sunrise,false,false
1428405862840,2147483647,2147483647,2147483647,2147483647,-113,13,Sunrise,false,false
1428405862840,2147483647,2147483647,2147483647,2147483647,-113,13,Sunrise,false,false
1428405862840,2147483647,2147483647,2147483647,2147483647,-113,13,Sunrise,false,false
1428405862840,2147483647,2147483647,2147483647,2147483647,-113,13,Sunrise,false,false
1428405862840,2147483647,2147483647,2147483647,2147483647,-113,13,Sunrise,false,false
1428405862840,2147483647,2147483647,2147483647,2147483647,-113,13,Sunrise,false,false
1428405862840,2147483647,2147483647,2147483647,2147483647,-113,13,Sunrise,false,false
1428405862840,2147483647,2147483647,2147483647,2147483647,-113,13,Sunrise,false,false
1428405862840,2147483647,2147483647,2147483647,2147483647,-113,13,Sunrise,false,false
1428405862840,2147483647,2147483647,2147483647,2147483647,-113,13,Sunrise,false,false
1428405862840,2147483647,2147483647,2147483647,2147483647,-113,13,Sunrise,false,false
1428405862840,-1,-1,-1,-1,0,13,Sunrise,false,false
1428405862840,-1,-1,-1,-1,0,13,Sunrise,false,false
1428405862840,-1,-1,-1,-1,0,13,Sunrise,false,false
1428405923061,8986368,42010,2,228,-113,13,Sunrise,true,false
1428405923061,2147483647,2147483647,2147483647,2147483647,-113,13,Sunrise,false,false
1428405923061,2147483647,2147483647,2147483647,2147483647,-113,13,Sunrise,false,false
1428405923061,2147483647,2147483647,2147483647,2147483647,-113,13,Sunrise,false,false
1428405923061,2147483647,2147483647,2147483647,2147483647,-113,13,Sunrise,false,false
1428405923061,2147483647,2147483647,2147483647,2147483647,-113,13,Sunrise,false,false
1428405923061,2147483647,2147483647,2147483647,2147483647,-113,13,Sunrise,false,false
1428405923061,2147483647,2147483647,2147483647,2147483647,-113,13,Sunrise,false,false
1428405923061,2147483647,2147483647,2147483647,2147483647,-113,13,Sunrise,false,false
1428405923061,2147483647,2147483647,2147483647,2147483647,-113,13,Sunrise,false,false
1428405923061,2147483647,2147483647,2147483647,2147483647,-113,13,Sunrise,false,false
1428405923061,2147483647,2147483647,2147483647,2147483647,-113,13,Sunrise,false,false
1428405923061,2147483647,2147483647,2147483647,2147483647,-113,13,Sunrise,false,false
1428405923061,2147483647,2147483647,2147483647,2147483647,-113,13,Sunrise,false,false
1428405923061,2147483647,2147483647,2147483647,2147483647,-113,13,Sunrise,false,false
1428405923061,2147483647,2147483647,2147483647,2147483647,-113,13,Sunrise,false,false
1428405923061,2147483647,2147483647,2147483647,2147483647,-113,13,Sunrise,false,false
1428405923061,-1,-1,-1,-1,0,13,Sunrise,false,false
1428405923061,-1,-1,-1,-1,0,13,Sunrise,false,false
1428405923061,-1,-1,-1,-1,0,13,Sunrise,false,false
1428405983321,8986368,42010,2,228,-114,13,Sunrise,true,false
1428405983321,345,2147483647,2147483647,2147483647,-128,13,Sunrise,false,false
1428405983321,2147483647,2147483647,2147483647,2147483647,-113,13,Sunrise,false,false
1428405983321,2147483647,2147483647,2147483647,2147483647,-113,13,Sunrise,false,false
1428405983321,2147483647,2147483647,2147483647,2147483647,-113,13,Sunrise,false,false
1428405983321,2147483647,2147483647,2147483647,2147483647,-113,13,Sunrise,false,false
1428405983321,2147483647,2147483647,2147483647,2147483647,-113,13,Sunrise,false,false
1428405983321,2147483647,2147483647,2147483647,2147483647,-113,13,Sunrise,false,false
1428405983321,2147483647,2147483647,2147483647,2147483647,-113,13,Sunrise,false,false
1428405983321,2147483647,2147483647,2147483647,2147483647,-113,13,Sunrise,false,false
1428405983321,2147483647,2147483647,2147483647,2147483647,-113,13,Sunrise,false,false
1428405983321,2147483647,2147483647,2147483647,2147483647,-113,13,Sunrise,false,false
1428405983321,2147483647,2147483647,2147483647,2147483647,-113,13,Sunrise,false,false
1428405983321,2147483647,2147483647,2147483647,2147483647,-113,13,Sunrise,false,false
1428405983321,2147483647,2147483647,2147483647,2147483647,-113,13,Sunrise,false,false
1428405983321,2147483647,2147483647,2147483647,2147483647,-113,13,Sunrise,false,false
1428405983321,2147483647,2147483647,2147483647,2147483647,-113,13,Sunrise,false,false
1428405983321,2147483647,2147483647,2147483647,2147483647,-113,13,Sunrise,false,false
1428405983321,-1,-1,-1,-1,0,13,Sunrise,false,false
1428405983321,-1,-1,-1,-1,0,13,Sunrise,false,false
1428405983321,-1,-1,-1,-1,0,13,Sunrise,false,false
1428406062764,8986368,42010,2,228,-113,13,Sunrise,true,false
1428406062764,2147483647,2147483647,2147483647,2147483647,-113,13,Sunrise,false,false
1428406062764,2147483647,2147483647,2147483647,2147483647,-113,13,Sunrise,false,false
1428406062764,2147483647,2147483647,2147483647,2147483647,-113,13,Sunrise,false,false
1428406062764,2147483647,2147483647,2147483647,2147483647,-113,13,Sunrise,false,false
1428406062764,2147483647,2147483647,2147483647,2147483647,-113,13,Sunrise,false,false
1428406062764,2147483647,2147483647,2147483647,2147483647,-113,13,Sunrise,false,false
1428406062764,2147483647,2147483647,2147483647,2147483647,-113,13,Sunrise,false,false
1428406062764,2147483647,2147483647,2147483647,2147483647,-113,13,Sunrise,false,false
1428406062764,2147483647,2147483647,2147483647,2147483647,-113,13,Sunrise,false,false
1428406062764,2147483647,2147483647,2147483647,2147483647,-113,13,Sunrise,false,false
1428406062764,2147483647,2147483647,2147483647,2147483647,-113,13,Sunrise,false,false
1428406062764,2147483647,2147483647,2147483647,2147483647,-113,13,Sunrise,false,false
1428406062764,2147483647,2147483647,2147483647,2147483647,-113,13,Sunrise,false,false
1428406062764,2147483647,2147483647,2147483647,2147483647,-113,13,Sunrise,false,false
1428406062764,2147483647,2147483647,2147483647,2147483647,-113,13,Sunrise,false,false
1428406062764,2147483647,2147483647,2147483647,2147483647,-113,13,Sunrise,false,false
1428406062764,-1,-1,-1,-1,0,13,Sunrise,false,false
1428406062764,-1,-1,-1,-1,0,13,Sunrise,false,false
1428406122977,8986368,42010,2,228,-114,13,Sunrise,true,false
1428406122977,2147483647,2147483647,2147483647,2147483647,-113,13,Sunrise,false,false
1428406122977,2147483647,2147483647,2147483647,2147483647,-113,13,Sunrise,false,false
1428406122977,2147483647,2147483647,2147483647,2147483647,-113,13,Sunrise,false,false
1428406122977,2147483647,2147483647,2147483647,2147483647,-113,13,Sunrise,false,false
1428406122977,2147483647,2147483647,2147483647,2147483647,-113,13,Sunrise,false,false
1428406122977,2147483647,2147483647,2147483647,2147483647,-113,13,Sunrise,false,false
1428406122977,2147483647,2147483647,2147483647,2147483647,-113,13,Sunrise,false,false
1428406122977,2147483647,2147483647,2147483647,2147483647,-113,13,Sunrise,false,false
1428406122977,2147483647,2147483647,2147483647,2147483647,-113,13,Sunrise,false,false
1428406122977,2147483647,2147483647,2147483647,2147483647,-113,13,Sunrise,false,false
1428406122977,2147483647,2147483647,2147483647,2147483647,-113,13,Sunrise,false,false
1428406122977,2147483647,2147483647,2147483647,2147483647,-113,13,Sunrise,false,false
1428406122977,2147483647,2147483647,2147483647,2147483647,-113,13,Sunrise,false,false
1428406122977,2147483647,2147483647,2147483647,2147483647,-113,13,Sunrise,false,false
1428406122977,2147483647,2147483647,2147483647,2147483647,-113,13,Sunrise,false,false
1428406122977,2147483647,2147483647,2147483647,2147483647,-113,13,Sunrise,false,false
1428406122977,-1,-1,-1,-1,0,13,Sunrise,false,false
1428406122977,-1,-1,-1,-1,0,13,Sunrise,false,false
1428406183090,8986368,42010,2,228,-113,13,Sunrise,true,false
1428406183090,345,2147483647,2147483647,2147483647,-125,13,Sunrise,false,false
1428406183090,2147483647,2147483647,2147483647,2147483647,-113,13,Sunrise,false,false
1428406183090,2147483647,2147483647,2147483647,2147483647,-113,13,Sunrise,false,false
1428406183090,2147483647,2147483647,2147483647,2147483647,-113,13,Sunrise,false,false
1428406183090,2147483647,2147483647,2147483647,2147483647,-113,13,Sunrise,false,false
1428406183090,2147483647,2147483647,2147483647,2147483647,-113,13,Sunrise,false,false
1428406183090,2147483647,2147483647,2147483647,2147483647,-113,13,Sunrise,false,false
1428406183090,2147483647,2147483647,2147483647,2147483647,-113,13,Sunrise,false,false
1428406183090,2147483647,2147483647,2147483647,2147483647,-113,13,Sunrise,false,false
1428406183090,2147483647,2147483647,2147483647,2147483647,-113,13,Sunrise,false,false
1428406183090,2147483647,2147483647,2147483647,2147483647,-113,13,Sunrise,false,false
1428406183090,2147483647,2147483647,2147483647,2147483647,-113,13,Sunrise,false,false
1428406183090,2147483647,2147483647,2147483647,2147483647,-113,13,Sunrise,false,false
1428406183090,2147483647,2147483647,2147483647,2147483647,-113,13,Sunrise,false,false
1428406183090,2147483647,2147483647,2147483647,2147483647,-113,13,Sunrise,false,false
1428406183090,2147483647,2147483647,2147483647,2147483647,-113,13,Sunrise,false,false
1428406183090,2147483647,2147483647,2147483647,2147483647,-113,13,Sunrise,false,false
1428406183090,-1,-1,-1,-1,0,13,Sunrise,false,false
1428406183090,-1,-1,-1,-1,0,13,Sunrise,false,false
1428406243327,8986368,42010,2,228,-113,13,Sunrise,true,false
1428406243327,2147483647,2147483647,2147483647,2147483647,-113,13,Sunrise,false,false
1428406243327,2147483647,2147483647,2147483647,2147483647,-113,13,Sunrise,false,false
1428406243327,2147483647,2147483647,2147483647,2147483647,-113,13,Sunrise,false,false
1428406243327,2147483647,2147483647,2147483647,2147483647,-113,13,Sunrise,false,false
1428406243327,2147483647,2147483647,2147483647,2147483647,-113,13,Sunrise,false,false
1428406243327,2147483647,2147483647,2147483647,2147483647,-113,13,Sunrise,false,false
1428406243327,2147483647,2147483647,2147483647,2147483647,-113,13,Sunrise,false,false
1428406243327,2147483647,2147483647,2147483647,2147483647,-113,13,Sunrise,false,false
1428406243327,2147483647,2147483647,2147483647,2147483647,-113,13,Sunrise,false,false
1428406243327,2147483647,2147483647,2147483647,2147483647,-113,13,Sunrise,false,false
1428406243327,2147483647,2147483647,2147483647,2147483647,-113,13,Sunrise,false,false
1428406243327,2147483647,2147483647,2147483647,2147483647,-113,13,Sunrise,false,false
1428406243327,2147483647,2147483647,2147483647,2147483647,-113,13,Sunrise,false,false
1428406243327,2147483647,2147483647,2147483647,2147483647,-113,13,Sunrise,false,false
1428406243327,2147483647,2147483647,2147483647,2147483647,-113,13,Sunrise,false,false
1428406243327,2147483647,2147483647,2147483647,2147483647,-113,13,Sunrise,false,false
1428406243327,-1,-1,-1,-1,0,13,Sunrise,false,false
1428406243327,-1,-1,-1,-1,0,13,Sunrise,false,false
1428406303622,8986368,42010,2,228,-114,13,Sunrise,true,false
1428406303622,2147483647,2147483647,2147483647,2147483647,-113,13,Sunrise,false,false
1428406303622,2147483647,2147483647,2147483647,2147483647,-113,13,Sunrise,false,false
1428406303622,2147483647,2147483647,2147483647,2147483647,-113,13,Sunrise,false,false
1428406303622,2147483647,2147483647,2147483647,2147483647,-113,13,Sunrise,false,false
1428406303622,2147483647,2147483647,2147483647,2147483647,-113,13,Sunrise,false,false
1428406303622,2147483647,2147483647,2147483647,2147483647,-113,13,Sunrise,false,false
1428406303622,2147483647,2147483647,2147483647,2147483647,-113,13,Sunrise,false,false
1428406303622,2147483647,2147483647,2147483647,2147483647,-113,13,Sunrise,false,false
1428406303622,2147483647,2147483647,2147483647,2147483647,-113,13,Sunrise,false,false
1428406303622,2147483647,2147483647,2147483647,2147483647,-113,13,Sunrise,false,false
1428406303622,2147483647,2147483647,2147483647,2147483647,-113,13,Sunrise,false,false
1428406303622,2147483647,2147483647,2147483647,2147483647,-113,13,Sunrise,false,false
1428406303622,2147483647,2147483647,2147483647,2147483647,-113,13,Sunrise,false,false
1428406303622,2147483647,2147483647,2147483647,2147483647,-113,13,Sunrise,false,false
1428406303622,2147483647,2147483647,2147483647,2147483647,-113,13,Sunrise,false,false
1428406303622,2147483647,2147483647,2147483647,2147483647,-113,13,Sunrise,false,false
1428406303622,-1,-1,-1,-1,0,13,Sunrise,false,false
1428406303622,-1,-1,-1,-1,0,13,Sunrise,false,false
1428406363863,8986368,42010,2,228,-113,13,Sunrise,true,false
1428406363863,345,2147483647,2147483647,2147483647,-121,13,Sunrise,false,false
1428406363863,2147483647,2147483647,2147483647,2147483647,-113,13,Sunrise,false,false
1428406363863,2147483647,2147483647,2147483647,2147483647,-113,13,Sunrise,false,false
1428406363863,2147483647,2147483647,2147483647,2147483647,-113,13,Sunrise,false,false
1428406363863,2147483647,2147483647,2147483647,2147483647,-113,13,Sunrise,false,false
1428406363863,2147483647,2147483647,2147483647,2147483647,-113,13,Sunrise,false,false
1428406363863,2147483647,2147483647,2147483647,2147483647,-113,13,Sunrise,false,false
1428406363863,2147483647,2147483647,2147483647,2147483647,-113,13,Sunrise,false,false
1428406363863,2147483647,2147483647,2147483647,2147483647,-113,13,Sunrise,false,false
1428406363863,2147483647,2147483647,2147483647,2147483647,-113,13,Sunrise,false,false
1428406363863,2147483647,2147483647,2147483647,2147483647,-113,13,Sunrise,false,false
1428406363863,2147483647,2147483647,2147483647,2147483647,-113,13,Sunrise,false,false
1428406363863,2147483647,2147483647,2147483647,2147483647,-113,13,Sunrise,false,false
1428406363863,2147483647,2147483647,2147483647,2147483647,-113,13,Sunrise,false,false
1428406363863,2147483647,2147483647,2147483647,2147483647,-113,13,Sunrise,false,false
1428406363863,2147483647,2147483647,2147483647,2147483647,-113,13,Sunrise,false,false
1428406363863,2147483647,2147483647,2147483647,2147483647,-113,13,Sunrise,false,false
1428406363863,-1,-1,-1,-1,0,13,Sunrise,false,false
1428406363863,-1,-1,-1,-1,0,13,Sunrise,false,false
1428406424139,8986368,42010,2,228,-113,13,Sunrise,true,false
1428406424139,345,2147483647,2147483647,2147483647,-123,13,Sunrise,false,false
1428406424139,2147483647,2147483647,2147483647,2147483647,-113,13,Sunrise,false,false
1428406424139,2147483647,2147483647,2147483647,2147483647,-113,13,Sunrise,false,false
1428406424139,2147483647,2147483647,2147483647,2147483647,-113,13,Sunrise,false,false
1428406424139,2147483647,2147483647,2147483647,2147483647,-113,13,Sunrise,false,false
1428406424139,2147483647,2147483647,2147483647,2147483647,-113,13,Sunrise,false,false
1428406424139,2147483647,2147483647,2147483647,2147483647,-113,13,Sunrise,false,false
1428406424139,2147483647,2147483647,2147483647,2147483647,-113,13,Sunrise,false,false
1428406424139,2147483647,2147483647,2147483647,2147483647,-113,13,Sunrise,false,false
1428406424139,2147483647,2147483647,2147483647,2147483647,-113,13,Sunrise,false,false
1428406424139,2147483647,2147483647,2147483647,2147483647,-113,13,Sunrise,false,false
1428406424139,2147483647,2147483647,2147483647,2147483647,-113,13,Sunrise,false,false
1428406424139,2147483647,2147483647,2147483647,2147483647,-113,13,Sunrise,false,false
1428406424139,2147483647,2147483647,2147483647,2147483647,-113,13,Sunrise,false,false
1428406424139,2147483647,2147483647,2147483647,2147483647,-113,13,Sunrise,false,false
1428406424139,2147483647,2147483647,2147483647,2147483647,-113,13,Sunrise,false,false
1428406424139,2147483647,2147483647,2147483647,2147483647,-113,13,Sunrise,false,false
1428406424139,-1,-1,-1,-1,0,13,Sunrise,false,false
1428406424139,-1,-1,-1,-1,0,13,Sunrise,false,false
1428406424139,-1,-1,-1,-1,0,13,Sunrise,false,false
1428406484396,8986368,42010,2,228,-114,13,Sunrise,true,false
1428406484396,345,2147483647,2147483647,2147483647,-123,13,Sunrise,false,false
1428406484396,2147483647,2147483647,2147483647,2147483647,-113,13,Sunrise,false,false
1428406484396,2147483647,2147483647,2147483647,2147483647,-113,13,Sunrise,false,false
1428406484396,2147483647,2147483647,2147483647,2147483647,-113,13,Sunrise,false,false
1428406484396,2147483647,2147483647,2147483647,2147483647,-113,13,Sunrise,false,false
1428406484396,2147483647,2147483647,2147483647,2147483647,-113,13,Sunrise,false,false
1428406484396,2147483647,2147483647,2147483647,2147483647,-113,13,Sunrise,false,false
1428406484396,2147483647,2147483647,2147483647,2147483647,-113,13,Sunrise,false,false
1428406484396,2147483647,2147483647,2147483647,2147483647,-113,13,Sunrise,false,false
1428406484396,2147483647,2147483647,2147483647,2147483647,-113,13,Sunrise,false,false
1428406484396,2147483647,2147483647,2147483647,2147483647,-113,13,Sunrise,false,false
1428406484396,2147483647,2147483647,2147483647,2147483647,-113,13,Sunrise,false,false
1428406484396,2147483647,2147483647,2147483647,2147483647,-113,13,Sunrise,false,false
1428406484396,2147483647,2147483647,2147483647,2147483647,-113,13,Sunrise,false,false
1428406484396,2147483647,2147483647,2147483647,2147483647,-113,13,Sunrise,false,false
1428406484396,2147483647,2147483647,2147483647,2147483647,-113,13,Sunrise,false,false
1428406484396,2147483647,2147483647,2147483647,2147483647,-113,13,Sunrise,false,false
1428406484396,-1,-1,-1,-1,0,13,Sunrise,false,false
1428406484396,-1,-1,-1,-1,0,13,Sunrise,false,false
1428406484396,-1,-1,-1,-1,0,13,Sunrise,false,false
1428406583263,8986368,42010,2,228,-114,13,Sunrise,true,false
1428406583263,345,2147483647,2147483647,2147483647,-119,13,Sunrise,false,false
1428406583263,2147483647,2147483647,2147483647,2147483647,-113,13,Sunrise,false,false
1428406583263,2147483647,2147483647,2147483647,2147483647,-113,13,Sunrise,false,false
1428406583263,2147483647,2147483647,2147483647,2147483647,-113,13,Sunrise,false,false
1428406583263,2147483647,2147483647,2147483647,2147483647,-113,13,Sunrise,false,false
1428406583263,2147483647,2147483647,2147483647,2147483647,-113,13,Sunrise,false,false
1428406583263,2147483647,2147483647,2147483647,2147483647,-113,13,Sunrise,false,false
1428406583263,2147483647,2147483647,2147483647,2147483647,-113,13,Sunrise,false,false
1428406583263,2147483647,2147483647,2147483647,2147483647,-113,13,Sunrise,false,false
1428406583263,2147483647,2147483647,2147483647,2147483647,-113,13,Sunrise,false,false
1428406583263,2147483647,2147483647,2147483647,2147483647,-113,13,Sunrise,false,false
1428406583263,2147483647,2147483647,2147483647,2147483647,-113,13,Sunrise,false,false
1428406583263,2147483647,2147483647,2147483647,2147483647,-113,13,Sunrise,false,false
1428406583263,2147483647,2147483647,2147483647,2147483647,-113,13,Sunrise,false,false
1428406583263,2147483647,2147483647,2147483647,2147483647,-113,13,Sunrise,false,false
1428406583263,2147483647,2147483647,2147483647,2147483647,-113,13,Sunrise,false,false
1428406583263,2147483647,2147483647,2147483647,2147483647,-113,13,Sunrise,false,false
1428406583263,-1,-1,-1,-1,0,13,Sunrise,false,false
1428406583263,-1,-1,-1,-1,0,13,Sunrise,false,false
1428406583263,-1,-1,-1,-1,0,13,Sunrise,false,false
1428406643347,8986368,42010,2,228,-113,13,Sunrise,true,false
1428406643347,2147483647,2147483647,2147483647,2147483647,-113,13,Sunrise,false,false
1428406643347,2147483647,2147483647,2147483647,2147483647,-113,13,Sunrise,false,false
1428406643347,2147483647,2147483647,2147483647,2147483647,-113,13,Sunrise,false,false
1428406643347,2147483647,2147483647,2147483647,2147483647,-113,13,Sunrise,false,false
1428406643347,2147483647,2147483647,2147483647,2147483647,-113,13,Sunrise,false,false
1428406643347,2147483647,2147483647,2147483647,2147483647,-113,13,Sunrise,false,false
1428406643347,2147483647,2147483647,2147483647,2147483647,-113,13,Sunrise,false,false
1428406643347,2147483647,2147483647,2147483647,2147483647,-113,13,Sunrise,false,false
1428406643347,2147483647,2147483647,2147483647,2147483647,-113,13,Sunrise,false,false
1428406643347,2147483647,2147483647,2147483647,2147483647,-113,13,Sunrise,false,false
1428406643347,2147483647,2147483647,2147483647,2147483647,-113,13,Sunrise,false,false
1428406643347,2147483647,2147483647,2147483647,2147483647,-113,13,Sunrise,false,false
1428406643347,2147483647,2147483647,2147483647,2147483647,-113,13,Sunrise,false,false
1428406643347,2147483647,2147483647,2147483647,2147483647,-113,13,Sunrise,false,false
1428406643347,2147483647,2147483647,2147483647,2147483647,-113,13,Sunrise,false,false
1428406643347,2147483647,2147483647,2147483647,2147483647,-113,13,Sunrise,false,false
1428406643347,-1,-1,-1,-1,0,13,Sunrise,false,false
1428406643347,-1,-1,-1,-1,0,13,Sunrise,false,false
1428406643347,-1,-1,-1,-1,0,13,Sunrise,false,false
1428406703638,8986368,42010,2,228,-113,13,Sunrise,true,false
1428406703638,345,2147483647,2147483647,2147483647,-125,13,Sunrise,false,false
1428406703638,2147483647,2147483647,2147483647,2147483647,-113,13,Sunrise,false,false
1428406703638,2147483647,2147483647,2147483647,2147483647,-113,13,Sunrise,false,false
1428406703638,2147483647,2147483647,2147483647,2147483647,-113,13,Sunrise,false,false
1428406703638,2147483647,2147483647,2147483647,2147483647,-113,13,Sunrise,false,false
1428406703638,2147483647,2147483647,2147483647,2147483647,-113,13,Sunrise,false,false
1428406703638,2147483647,2147483647,2147483647,2147483647,-113,13,Sunrise,false,false
1428406703638,2147483647,2147483647,2147483647,2147483647,-113,13,Sunrise,false,false
1428406703638,2147483647,2147483647,2147483647,2147483647,-113,13,Sunrise,false,false
1428406703638,2147483647,2147483647,2147483647,2147483647,-113,13,Sunrise,false,false
1428406703638,2147483647,2147483647,2147483647,2147483647,-113,13,Sunrise,false,false
1428406703638,2147483647,2147483647,2147483647,2147483647,-113,13,Sunrise,false,false
1428406703638,2147483647,2147483647,2147483647,2147483647,-113,13,Sunrise,false,false
1428406703638,2147483647,2147483647,2147483647,2147483647,-113,13,Sunrise,false,false
1428406703638,2147483647,2147483647,2147483647,2147483647,-113,13,Sunrise,false,false
1428406703638,2147483647,2147483647,2147483647,2147483647,-113,13,Sunrise,false,false
1428406703638,2147483647,2147483647,2147483647,2147483647,-113,13,Sunrise,false,false
1428406703638,-1,-1,-1,-1,0,13,Sunrise,false,false
1428406703638,-1,-1,-1,-1,0,13,Sunrise,false,false
1428406703638,-1,-1,-1,-1,0,13,Sunrise,false,false
1428406703638,-1,-1,-1,-1,0,13,Sunrise,false,false
1428406769346,8986368,42010,2,228,-113,13,Sunrise,true,false
1428406769346,2147483647,2147483647,2147483647,2147483647,-113,13,Sunrise,false,false
1428406769346,2147483647,2147483647,2147483647,2147483647,-113,13,Sunrise,false,false
1428406769346,2147483647,2147483647,2147483647,2147483647,-113,13,Sunrise,false,false
1428406769346,2147483647,2147483647,2147483647,2147483647,-113,13,Sunrise,false,false
1428406769346,2147483647,2147483647,2147483647,2147483647,-113,13,Sunrise,false,false
1428406769346,2147483647,2147483647,2147483647,2147483647,-113,13,Sunrise,false,false
1428406769346,2147483647,2147483647,2147483647,2147483647,-113,13,Sunrise,false,false
1428406769346,2147483647,2147483647,2147483647,2147483647,-113,13,Sunrise,false,false
1428406769346,2147483647,2147483647,2147483647,2147483647,-113,13,Sunrise,false,false
1428406769346,2147483647,2147483647,2147483647,2147483647,-113,13,Sunrise,false,false
1428406769346,2147483647,2147483647,2147483647,2147483647,-113,13,Sunrise,false,false
1428406769346,2147483647,2147483647,2147483647,2147483647,-113,13,Sunrise,false,false
1428406769346,2147483647,2147483647,2147483647,2147483647,-113,13,Sunrise,false,false
1428406769346,2147483647,2147483647,2147483647,2147483647,-113,13,Sunrise,false,false
1428406769346,2147483647,2147483647,2147483647,2147483647,-113,13,Sunrise,false,false
1428406769346,2147483647,2147483647,2147483647,2147483647,-113,13,Sunrise,false,false
1428406769346,-1,-1,-1,-1,0,13,Sunrise,false,false
1428406769346,-1,-1,-1,-1,0,13,Sunrise,false,false
1428406769346,-1,-1,-1,-1,0,13,Sunrise,false,false
1428406769346,-1,-1,-1,-1,0,13,Sunrise,false,false
1428406829559,8986368,42010,2,228,-113,13,Sunrise,true,false
1428406829559,2147483647,2147483647,2147483647,2147483647,-113,13,Sunrise,false,false
1428406829559,2147483647,2147483647,2147483647,2147483647,-113,13,Sunrise,false,false
1428406829559,2147483647,2147483647,2147483647,2147483647,-113,13,Sunrise,false,false
1428406829559,2147483647,2147483647,2147483647,2147483647,-113,13,Sunrise,false,false
1428406829559,2147483647,2147483647,2147483647,2147483647,-113,13,Sunrise,false,false
1428406829559,2147483647,2147483647,2147483647,2147483647,-113,13,Sunrise,false,false
1428406829559,2147483647,2147483647,2147483647,2147483647,-113,13,Sunrise,false,false
1428406829559,2147483647,2147483647,2147483647,2147483647,-113,13,Sunrise,false,false
1428406829559,2147483647,2147483647,2147483647,2147483647,-113,13,Sunrise,false,false
1428406829559,2147483647,2147483647,2147483647,2147483647,-113,13,Sunrise,false,false
1428406829559,2147483647,2147483647,2147483647,2147483647,-113,13,Sunrise,false,false
1428406829559,2147483647,2147483647,2147483647,2147483647,-113,13,Sunrise,false,false
1428406829559,2147483647,2147483647,2147483647,2147483647,-113,13,Sunrise,false,false
1428406829559,2147483647,2147483647,2147483647,2147483647,-113,13,Sunrise,false,false
1428406829559,2147483647,2147483647,2147483647,2147483647,-113,13,Sunrise,false,false
1428406829559,2147483647,2147483647,2147483647,2147483647,-113,13,Sunrise,false,false
1428406829559,-1,-1,-1,-1,0,13,Sunrise,false,false
1428406829559,-1,-1,-1,-1,0,13,Sunrise,false,false
1428406829559,-1,-1,-1,-1,0,13,Sunrise,false,false
1428406829559,-1,-1,-1,-1,0,13,Sunrise,false,false
1428406889719,8986368,42010,2,228,-113,13,Sunrise,true,false
1428406889719,2147483647,2147483647,2147483647,2147483647,-113,13,Sunrise,false,false
1428406889719,2147483647,2147483647,2147483647,2147483647,-113,13,Sunrise,false,false
1428406889719,2147483647,2147483647,2147483647,2147483647,-113,13,Sunrise,false,false
1428406889719,2147483647,2147483647,2147483647,2147483647,-113,13,Sunrise,false,false
1428406889719,2147483647,2147483647,2147483647,2147483647,-113,13,Sunrise,false,false
1428406889719,2147483647,2147483647,2147483647,2147483647,-113,13,Sunrise,false,false
1428406889719,2147483647,2147483647,2147483647,2147483647,-113,13,Sunrise,false,false
1428406889719,2147483647,2147483647,2147483647,2147483647,-113,13,Sunrise,false,false
1428406889719,2147483647,2147483647,2147483647,2147483647,-113,13,Sunrise,false,false
1428406889719,2147483647,2147483647,2147483647,2147483647,-113,13,Sunrise,false,false
1428406889719,2147483647,2147483647,2147483647,2147483647,-113,13,Sunrise,false,false
1428406889719,2147483647,2147483647,2147483647,2147483647,-113,13,Sunrise,false,false
1428406889719,2147483647,2147483647,2147483647,2147483647,-113,13,Sunrise,false,false
1428406889719,2147483647,2147483647,2147483647,2147483647,-113,13,Sunrise,false,false
1428406889719,2147483647,2147483647,2147483647,2147483647,-113,13,Sunrise,false,false
1428406889719,2147483647,2147483647,2147483647,2147483647,-113,13,Sunrise,false,false
1428406889719,-1,-1,-1,-1,0,13,Sunrise,false,false
1428406889719,-1,-1,-1,-1,0,13,Sunrise,false,false
1428406889719,-1,-1,-1,-1,0,13,Sunrise,false,false
1428406889719,-1,-1,-1,-1,0,13,Sunrise,false,false
1428406950010,8986368,42010,2,228,-114,13,Sunrise,true,false
1428406950010,345,2147483647,2147483647,2147483647,-125,13,Sunrise,false,false
1428406950010,2147483647,2147483647,2147483647,2147483647,-113,13,Sunrise,false,false
1428406950010,2147483647,2147483647,2147483647,2147483647,-113,13,Sunrise,false,false
1428406950010,2147483647,2147483647,2147483647,2147483647,-113,13,Sunrise,false,false
1428406950010,2147483647,2147483647,2147483647,2147483647,-113,13,Sunrise,false,false
1428406950010,2147483647,2147483647,2147483647,2147483647,-113,13,Sunrise,false,false
1428406950010,2147483647,2147483647,2147483647,2147483647,-113,13,Sunrise,false,false
1428406950010,2147483647,2147483647,2147483647,2147483647,-113,13,Sunrise,false,false
1428406950010,2147483647,2147483647,2147483647,2147483647,-113,13,Sunrise,false,false
1428406950010,2147483647,2147483647,2147483647,2147483647,-113,13,Sunrise,false,false
1428406950010,2147483647,2147483647,2147483647,2147483647,-113,13,Sunrise,false,false
1428406950010,2147483647,2147483647,2147483647,2147483647,-113,13,Sunrise,false,false
1428406950010,2147483647,2147483647,2147483647,2147483647,-113,13,Sunrise,false,false
1428406950010,2147483647,2147483647,2147483647,2147483647,-113,13,Sunrise,false,false
1428406950010,2147483647,2147483647,2147483647,2147483647,-113,13,Sunrise,false,false
1428406950010,2147483647,2147483647,2147483647,2147483647,-113,13,Sunrise,false,false
1428406950010,2147483647,2147483647,2147483647,2147483647,-113,13,Sunrise,false,false
1428406950010,-1,-1,-1,-1,0,13,Sunrise,false,false
1428406950010,-1,-1,-1,-1,0,13,Sunrise,false,false
1428406950010,-1,-1,-1,-1,0,13,Sunrise,false,false
1428406950010,-1,-1,-1,-1,0,13,Sunrise,false,false
1428407010076,8986368,42010,2,228,-113,13,Sunrise,true,false
1428407010076,2147483647,2147483647,2147483647,2147483647,-113,13,Sunrise,false,false
1428407010076,2147483647,2147483647,2147483647,2147483647,-113,13,Sunrise,false,false
1428407010076,2147483647,2147483647,2147483647,2147483647,-113,13,Sunrise,false,false
1428407010076,2147483647,2147483647,2147483647,2147483647,-113,13,Sunrise,false,false
1428407010076,2147483647,2147483647,2147483647,2147483647,-113,13,Sunrise,false,false
1428407010076,2147483647,2147483647,2147483647,2147483647,-113,13,Sunrise,false,false
1428407010076,2147483647,2147483647,2147483647,2147483647,-113,13,Sunrise,false,false
1428407010076,2147483647,2147483647,2147483647,2147483647,-113,13,Sunrise,false,false
1428407010076,2147483647,2147483647,2147483647,2147483647,-113,13,Sunrise,false,false
1428407010076,2147483647,2147483647,2147483647,2147483647,-113,13,Sunrise,false,false
1428407010076,2147483647,2147483647,2147483647,2147483647,-113,13,Sunrise,false,false
1428407010076,2147483647,2147483647,2147483647,2147483647,-113,13,Sunrise,false,false
1428407010076,2147483647,2147483647,2147483647,2147483647,-113,13,Sunrise,false,false
1428407010076,2147483647,2147483647,2147483647,2147483647,-113,13,Sunrise,false,false
1428407010076,2147483647,2147483647,2147483647,2147483647,-113,13,Sunrise,false,false
1428407010076,2147483647,2147483647,2147483647,2147483647,-113,13,Sunrise,false,false
1428407010076,-1,-1,-1,-1,0,13,Sunrise,false,false
1428407010076,-1,-1,-1,-1,0,13,Sunrise,false,false
1428407010076,-1,-1,-1,-1,0,13,Sunrise,false,false
1428407084490,8986368,42010,2,228,-113,13,Sunrise,true,false
1428407084490,2147483647,2147483647,2147483647,2147483647,-113,13,Sunrise,false,false
1428407084490,2147483647,2147483647,2147483647,2147483647,-113,13,Sunrise,false,false
1428407084490,2147483647,2147483647,2147483647,2147483647,-113,13,Sunrise,false,false
1428407084490,2147483647,2147483647,2147483647,2147483647,-113,13,Sunrise,false,false
1428407084490,2147483647,2147483647,2147483647,2147483647,-113,13,Sunrise,false,false
1428407084490,2147483647,2147483647,2147483647,2147483647,-113,13,Sunrise,false,false
1428407084490,2147483647,2147483647,2147483647,2147483647,-113,13,Sunrise,false,false
1428407084490,2147483647,2147483647,2147483647,2147483647,-113,13,Sunrise,false,false
1428407084490,2147483647,2147483647,2147483647,2147483647,-113,13,Sunrise,false,false
1428407084490,2147483647,2147483647,2147483647,2147483647,-113,13,Sunrise,false,false
1428407084490,2147483647,2147483647,2147483647,2147483647,-113,13,Sunrise,false,false
1428407084490,2147483647,2147483647,2147483647,2147483647,-113,13,Sunrise,false,false
1428407084490,2147483647,2147483647,2147483647,2147483647,-113,13,Sunrise,false,false
1428407084490,2147483647,2147483647,2147483647,2147483647,-113,13,Sunrise,false,false
1428407084490,2147483647,2147483647,2147483647,2147483647,-113,13,Sunrise,false,false
1428407084490,2147483647,2147483647,2147483647,2147483647,-113,13,Sunrise,false,false
1428407084490,-1,-1,-1,-1,0,13,Sunrise,false,false
1428407084490,-1,-1,-1,-1,0,13,Sunrise,false,false
1428407084490,-1,-1,-1,-1,0,13,Sunrise,false,false
1428407144737,8986368,42010,2,228,-114,13,Sunrise,true,false
1428407144737,2147483647,2147483647,2147483647,2147483647,-113,13,Sunrise,false,false
1428407144737,2147483647,2147483647,2147483647,2147483647,-113,13,Sunrise,false,false
1428407144737,2147483647,2147483647,2147483647,2147483647,-113,13,Sunrise,false,false
1428407144737,2147483647,2147483647,2147483647,2147483647,-113,13,Sunrise,false,false
1428407144737,2147483647,2147483647,2147483647,2147483647,-113,13,Sunrise,false,false
1428407144737,2147483647,2147483647,2147483647,2147483647,-113,13,Sunrise,false,false
1428407144737,2147483647,2147483647,2147483647,2147483647,-113,13,Sunrise,false,false
1428407144737,2147483647,2147483647,2147483647,2147483647,-113,13,Sunrise,false,false
1428407144737,2147483647,2147483647,2147483647,2147483647,-113,13,Sunrise,false,false
1428407144737,2147483647,2147483647,2147483647,2147483647,-113,13,Sunrise,false,false
1428407144737,2147483647,2147483647,2147483647,2147483647,-113,13,Sunrise,false,false
1428407144737,2147483647,2147483647,2147483647,2147483647,-113,13,Sunrise,false,false
1428407144737,2147483647,2147483647,2147483647,2147483647,-113,13,Sunrise,false,false
1428407144737,2147483647,2147483647,2147483647,2147483647,-113,13,Sunrise,false,false
1428407144737,2147483647,2147483647,2147483647,2147483647,-113,13,Sunrise,false,false
1428407144737,2147483647,2147483647,2147483647,2147483647,-113,13,Sunrise,false,false
1428407144737,-1,-1,-1,-1,0,13,Sunrise,false,false
1428407144737,-1,-1,-1,-1,0,13,Sunrise,false,false
1428407144737,-1,-1,-1,-1,0,13,Sunrise,false,false
1428407217559,8986368,42010,2,228,-114,13,Sunrise,true,false
1428407217559,2147483647,2147483647,2147483647,2147483647,-113,13,Sunrise,false,false
1428407217559,2147483647,2147483647,2147483647,2147483647,-113,13,Sunrise,false,false
1428407217559,2147483647,2147483647,2147483647,2147483647,-113,13,Sunrise,false,false
1428407217559,2147483647,2147483647,2147483647,2147483647,-113,13,Sunrise,false,false
1428407217559,2147483647,2147483647,2147483647,2147483647,-113,13,Sunrise,false,false
1428407217559,2147483647,2147483647,2147483647,2147483647,-113,13,Sunrise,false,false
1428407217559,2147483647,2147483647,2147483647,2147483647,-113,13,Sunrise,false,false
1428407217559,2147483647,2147483647,2147483647,2147483647,-113,13,Sunrise,false,false
1428407217559,2147483647,2147483647,2147483647,2147483647,-113,13,Sunrise,false,false
1428407217559,2147483647,2147483647,2147483647,2147483647,-113,13,Sunrise,false,false
1428407217559,2147483647,2147483647,2147483647,2147483647,-113,13,Sunrise,false,false
1428407217559,2147483647,2147483647,2147483647,2147483647,-113,13,Sunrise,false,false
1428407217559,2147483647,2147483647,2147483647,2147483647,-113,13,Sunrise,false,false
1428407217559,2147483647,2147483647,2147483647,2147483647,-113,13,Sunrise,false,false
1428407217559,2147483647,2147483647,2147483647,2147483647,-113,13,Sunrise,false,false
1428407217559,2147483647,2147483647,2147483647,2147483647,-113,13,Sunrise,false,false
1428407217559,-1,-1,-1,-1,0,13,Sunrise,false,false
1428407217559,-1,-1,-1,-1,0,13,Sunrise,false,false
1428407217559,-1,-1,-1,-1,0,13,Sunrise,false,false
1428407277849,8986368,42010,2,228,-114,13,Sunrise,true,false
1428407277849,2147483647,2147483647,2147483647,2147483647,-113,13,Sunrise,false,false
1428407277849,2147483647,2147483647,2147483647,2147483647,-113,13,Sunrise,false,false
1428407277849,2147483647,2147483647,2147483647,2147483647,-113,13,Sunrise,false,false
1428407277849,2147483647,2147483647,2147483647,2147483647,-113,13,Sunrise,false,false
1428407277849,2147483647,2147483647,2147483647,2147483647,-113,13,Sunrise,false,false
1428407277849,2147483647,2147483647,2147483647,2147483647,-113,13,Sunrise,false,false
1428407277849,2147483647,2147483647,2147483647,2147483647,-113,13,Sunrise,false,false
1428407277849,2147483647,2147483647,2147483647,2147483647,-113,13,Sunrise,false,false
1428407277849,2147483647,2147483647,2147483647,2147483647,-113,13,Sunrise,false,false
1428407277849,2147483647,2147483647,2147483647,2147483647,-113,13,Sunrise,false,false
1428407277849,2147483647,2147483647,2147483647,2147483647,-113,13,Sunrise,false,false
1428407277849,2147483647,2147483647,2147483647,2147483647,-113,13,Sunrise,false,false
1428407277849,2147483647,2147483647,2147483647,2147483647,-113,13,Sunrise,false,false
1428407277849,2147483647,2147483647,2147483647,2147483647,-113,13,Sunrise,false,false
1428407277849,2147483647,2147483647,2147483647,2147483647,-113,13,Sunrise,false,false
1428407277849,2147483647,2147483647,2147483647,2147483647,-113,13,Sunrise,false,false
1428407277849,-1,-1,-1,-1,0,13,Sunrise,false,false
1428407277849,-1,-1,-1,-1,0,13,Sunrise,false,false
1428407277849,-1,-1,-1,-1,0,13,Sunrise,false,false
1428407277849,-1,-1,-1,-1,0,13,Sunrise,false,false
1428407369610,8986368,42010,2,228,-113,13,Sunrise,true,false
1428407369610,2147483647,2147483647,2147483647,2147483647,-113,13,Sunrise,false,false
1428407369610,2147483647,2147483647,2147483647,2147483647,-113,13,Sunrise,false,false
1428407369610,2147483647,2147483647,2147483647,2147483647,-113,13,Sunrise,false,false
1428407369610,2147483647,2147483647,2147483647,2147483647,-113,13,Sunrise,false,false
1428407369610,2147483647,2147483647,2147483647,2147483647,-113,13,Sunrise,false,false
1428407369610,2147483647,2147483647,2147483647,2147483647,-113,13,Sunrise,false,false
1428407369610,2147483647,2147483647,2147483647,2147483647,-113,13,Sunrise,false,false
1428407369610,2147483647,2147483647,2147483647,2147483647,-113,13,Sunrise,false,false
1428407369610,2147483647,2147483647,2147483647,2147483647,-113,13,Sunrise,false,false
1428407369610,2147483647,2147483647,2147483647,2147483647,-113,13,Sunrise,false,false
1428407369610,2147483647,2147483647,2147483647,2147483647,-113,13,Sunrise,false,false
1428407369610,2147483647,2147483647,2147483647,2147483647,-113,13,Sunrise,false,false
1428407369610,2147483647,2147483647,2147483647,2147483647,-113,13,Sunrise,false,false
1428407369610,2147483647,2147483647,2147483647,2147483647,-113,13,Sunrise,false,false
1428407369610,2147483647,2147483647,2147483647,2147483647,-113,13,Sunrise,false,false
1428407369610,2147483647,2147483647,2147483647,2147483647,-113,13,Sunrise,false,false
1428407369610,-1,-1,-1,-1,0,13,Sunrise,false,false
1428407369610,-1,-1,-1,-1,0,13,Sunrise,false,false
1428407369610,-1,-1,-1,-1,0,13,Sunrise,false,false
1428407369610,-1,-1,-1,-1,0,13,Sunrise,false,false
1428407429885,8986368,42010,2,228,-113,13,Sunrise,true,false
1428407429885,2147483647,2147483647,2147483647,2147483647,-113,13,Sunrise,false,false
1428407429885,2147483647,2147483647,2147483647,2147483647,-113,13,Sunrise,false,false
1428407429885,2147483647,2147483647,2147483647,2147483647,-113,13,Sunrise,false,false
1428407429885,2147483647,2147483647,2147483647,2147483647,-113,13,Sunrise,false,false
1428407429885,2147483647,2147483647,2147483647,2147483647,-113,13,Sunrise,false,false
1428407429885,2147483647,2147483647,2147483647,2147483647,-113,13,Sunrise,false,false
1428407429885,2147483647,2147483647,2147483647,2147483647,-113,13,Sunrise,false,false
1428407429885,2147483647,2147483647,2147483647,2147483647,-113,13,Sunrise,false,false
1428407429885,2147483647,2147483647,2147483647,2147483647,-113,13,Sunrise,false,false
1428407429885,2147483647,2147483647,2147483647,2147483647,-113,13,Sunrise,false,false
1428407429885,2147483647,2147483647,2147483647,2147483647,-113,13,Sunrise,false,false
1428407429885,2147483647,2147483647,2147483647,2147483647,-113,13,Sunrise,false,false
1428407429885,2147483647,2147483647,2147483647,2147483647,-113,13,Sunrise,false,false
1428407429885,2147483647,2147483647,2147483647,2147483647,-113,13,Sunrise,false,false
1428407429885,2147483647,2147483647,2147483647,2147483647,-113,13,Sunrise,false,false
1428407429885,2147483647,2147483647,2147483647,2147483647,-113,13,Sunrise,false,false
1428407429885,-1,-1,-1,-1,0,13,Sunrise,false,false
1428407429885,-1,-1,-1,-1,0,13,Sunrise,false,false
1428407429885,-1,-1,-1,-1,0,13,Sunrise,false,false
1428407489999,8986368,42010,2,228,-113,13,Sunrise,true,false
1428407489999,2147483647,2147483647,2147483647,2147483647,-113,13,Sunrise,false,false
1428407489999,2147483647,2147483647,2147483647,2147483647,-113,13,Sunrise,false,false
1428407489999,2147483647,2147483647,2147483647,2147483647,-113,13,Sunrise,false,false
1428407489999,2147483647,2147483647,2147483647,2147483647,-113,13,Sunrise,false,false
1428407489999,2147483647,2147483647,2147483647,2147483647,-113,13,Sunrise,false,false
1428407489999,2147483647,2147483647,2147483647,2147483647,-113,13,Sunrise,false,false
1428407489999,2147483647,2147483647,2147483647,2147483647,-113,13,Sunrise,false,false
1428407489999,2147483647,2147483647,2147483647,2147483647,-113,13,Sunrise,false,false
1428407489999,2147483647,2147483647,2147483647,2147483647,-113,13,Sunrise,false,false
1428407489999,2147483647,2147483647,2147483647,2147483647,-113,13,Sunrise,false,false
1428407489999,2147483647,2147483647,2147483647,2147483647,-113,13,Sunrise,false,false
1428407489999,2147483647,2147483647,2147483647,2147483647,-113,13,Sunrise,false,false
1428407489999,2147483647,2147483647,2147483647,2147483647,-113,13,Sunrise,false,false
1428407489999,2147483647,2147483647,2147483647,2147483647,-113,13,Sunrise,false,false
1428407489999,2147483647,2147483647,2147483647,2147483647,-113,13,Sunrise,false,false
1428407489999,2147483647,2147483647,2147483647,2147483647,-113,13,Sunrise,false,false
1428407489999,-1,-1,-1,-1,0,13,Sunrise,false,false
1428407489999,-1,-1,-1,-1,0,13,Sunrise,false,false
1428407489999,-1,-1,-1,-1,0,13,Sunrise,false,false
1428407489999,-1,-1,-1,-1,0,13,Sunrise,false,false
1428407550272,8986368,42010,2,228,-114,13,Sunrise,true,false
1428407550272,345,2147483647,2147483647,2147483647,-131,13,Sunrise,false,false
1428407550272,2147483647,2147483647,2147483647,2147483647,-113,13,Sunrise,false,false
1428407550272,2147483647,2147483647,2147483647,2147483647,-113,13,Sunrise,false,false
1428407550272,2147483647,2147483647,2147483647,2147483647,-113,13,Sunrise,false,false
1428407550272,2147483647,2147483647,2147483647,2147483647,-113,13,Sunrise,false,false
1428407550272,2147483647,2147483647,2147483647,2147483647,-113,13,Sunrise,false,false
1428407550272,2147483647,2147483647,2147483647,2147483647,-113,13,Sunrise,false,false
1428407550272,2147483647,2147483647,2147483647,2147483647,-113,13,Sunrise,false,false
1428407550272,2147483647,2147483647,2147483647,2147483647,-113,13,Sunrise,false,false
1428407550272,2147483647,2147483647,2147483647,2147483647,-113,13,Sunrise,false,false
1428407550272,2147483647,2147483647,2147483647,2147483647,-113,13,Sunrise,false,false
1428407550272,2147483647,2147483647,2147483647,2147483647,-113,13,Sunrise,false,false
1428407550272,2147483647,2147483647,2147483647,2147483647,-113,13,Sunrise,false,false
1428407550272,2147483647,2147483647,2147483647,2147483647,-113,13,Sunrise,false,false
1428407550272,2147483647,2147483647,2147483647,2147483647,-113,13,Sunrise,false,false
1428407550272,2147483647,2147483647,2147483647,2147483647,-113,13,Sunrise,false,false
1428407550272,2147483647,2147483647,2147483647,2147483647,-113,13,Sunrise,false,false
1428407550272,-1,-1,-1,-1,0,13,Sunrise,false,false
1428407550272,-1,-1,-1,-1,0,13,Sunrise,false,false
1428407550272,-1,-1,-1,-1,0,13,Sunrise,false,false
1428407550272,-1,-1,-1,-1,0,13,Sunrise,false,false
1428407610388,8986368,42010,2,228,-116,13,Sunrise,true,false
1428407610388,2147483647,2147483647,2147483647,2147483647,-113,13,Sunrise,false,false
1428407610388,2147483647,2147483647,2147483647,2147483647,-113,13,Sunrise,false,false
1428407610388,2147483647,2147483647,2147483647,2147483647,-113,13,Sunrise,false,false
1428407610388,2147483647,2147483647,2147483647,2147483647,-113,13,Sunrise,false,false
1428407610388,2147483647,2147483647,2147483647,2147483647,-113,13,Sunrise,false,false
1428407610388,2147483647,2147483647,2147483647,2147483647,-113,13,Sunrise,false,false
1428407610388,2147483647,2147483647,2147483647,2147483647,-113,13,Sunrise,false,false
1428407610388,2147483647,2147483647,2147483647,2147483647,-113,13,Sunrise,false,false
1428407610388,2147483647,2147483647,2147483647,2147483647,-113,13,Sunrise,false,false
1428407610388,2147483647,2147483647,2147483647,2147483647,-113,13,Sunrise,false,false
1428407610388,2147483647,2147483647,2147483647,2147483647,-113,13,Sunrise,false,false
1428407610388,2147483647,2147483647,2147483647,2147483647,-113,13,Sunrise,false,false
1428407610388,2147483647,2147483647,2147483647,2147483647,-113,13,Sunrise,false,false
1428407610388,2147483647,2147483647,2147483647,2147483647,-113,13,Sunrise,false,false
1428407610388,2147483647,2147483647,2147483647,2147483647,-113,13,Sunrise,false,false
1428407610388,2147483647,2147483647,2147483647,2147483647,-113,13,Sunrise,false,false
1428407610388,-1,-1,-1,-1,0,13,Sunrise,false,false
1428407610388,-1,-1,-1,-1,0,13,Sunrise,false,false
1428407610388,-1,-1,-1,-1,0,13,Sunrise,false,false
1428407610388,-1,-1,-1,-1,0,13,Sunrise,false,false
1428407684637,8986368,42010,2,228,-114,13,Sunrise,true,false
1428407684637,2147483647,2147483647,2147483647,2147483647,-113,13,Sunrise,false,false
1428407684637,2147483647,2147483647,2147483647,2147483647,-113,13,Sunrise,false,false
1428407684637,2147483647,2147483647,2147483647,2147483647,-113,13,Sunrise,false,false
1428407684637,2147483647,2147483647,2147483647,2147483647,-113,13,Sunrise,false,false
1428407684637,2147483647,2147483647,2147483647,2147483647,-113,13,Sunrise,false,false
1428407684637,2147483647,2147483647,2147483647,2147483647,-113,13,Sunrise,false,false
1428407684637,2147483647,2147483647,2147483647,2147483647,-113,13,Sunrise,false,false
1428407684637,2147483647,2147483647,2147483647,2147483647,-113,13,Sunrise,false,false
1428407684637,2147483647,2147483647,2147483647,2147483647,-113,13,Sunrise,false,false
1428407684637,2147483647,2147483647,2147483647,2147483647,-113,13,Sunrise,false,false
1428407684637,2147483647,2147483647,2147483647,2147483647,-113,13,Sunrise,false,false
1428407684637,2147483647,2147483647,2147483647,2147483647,-113,13,Sunrise,false,false
1428407684637,2147483647,2147483647,2147483647,2147483647,-113,13,Sunrise,false,false
1428407684637,2147483647,2147483647,2147483647,2147483647,-113,13,Sunrise,false,false
1428407684637,2147483647,2147483647,2147483647,2147483647,-113,13,Sunrise,false,false
1428407684637,2147483647,2147483647,2147483647,2147483647,-113,13,Sunrise,false,false
1428407684637,-1,-1,-1,-1,0,13,Sunrise,false,false
1428407684637,-1,-1,-1,-1,0,13,Sunrise,false,false
1428407684637,-1,-1,-1,-1,0,13,Sunrise,false,false
1428407744750,8986368,42010,2,228,-112,13,Sunrise,true,false
1428407744750,51,2147483647,2147483647,2147483647,-126,13,Sunrise,false,false
1428407744750,2147483647,2147483647,2147483647,2147483647,-113,13,Sunrise,false,false
1428407744750,2147483647,2147483647,2147483647,2147483647,-113,13,Sunrise,false,false
1428407744750,2147483647,2147483647,2147483647,2147483647,-113,13,Sunrise,false,false
1428407744750,2147483647,2147483647,2147483647,2147483647,-113,13,Sunrise,false,false
1428407744750,2147483647,2147483647,2147483647,2147483647,-113,13,Sunrise,false,false
1428407744750,2147483647,2147483647,2147483647,2147483647,-113,13,Sunrise,false,false
1428407744750,2147483647,2147483647,2147483647,2147483647,-113,13,Sunrise,false,false
1428407744750,2147483647,2147483647,2147483647,2147483647,-113,13,Sunrise,false,false
1428407744750,2147483647,2147483647,2147483647,2147483647,-113,13,Sunrise,false,false
1428407744750,2147483647,2147483647,2147483647,2147483647,-113,13,Sunrise,false,false
1428407744750,2147483647,2147483647,2147483647,2147483647,-113,13,Sunrise,false,false
1428407744750,2147483647,2147483647,2147483647,2147483647,-113,13,Sunrise,false,false
1428407744750,2147483647,2147483647,2147483647,2147483647,-113,13,Sunrise,false,false
1428407744750,2147483647,2147483647,2147483647,2147483647,-113,13,Sunrise,false,false
1428407744750,2147483647,2147483647,2147483647,2147483647,-113,13,Sunrise,false,false
1428407744750,2147483647,2147483647,2147483647,2147483647,-113,13,Sunrise,false,false
1428407744750,-1,-1,-1,-1,0,13,Sunrise,false,false
1428407744750,-1,-1,-1,-1,0,13,Sunrise,false,false
1428407744750,-1,-1,-1,-1,0,13,Sunrise,false,false
1428407805019,8986368,42010,2,228,-112,13,Sunrise,true,false
1428407805019,2147483647,2147483647,2147483647,2147483647,-113,13,Sunrise,false,false
1428407805019,2147483647,2147483647,2147483647,2147483647,-113,13,Sunrise,false,false
1428407805019,2147483647,2147483647,2147483647,2147483647,-113,13,Sunrise,false,false
1428407805019,2147483647,2147483647,2147483647,2147483647,-113,13,Sunrise,false,false
1428407805019,2147483647,2147483647,2147483647,2147483647,-113,13,Sunrise,false,false
1428407805019,2147483647,2147483647,2147483647,2147483647,-113,13,Sunrise,false,false
1428407805019,2147483647,2147483647,2147483647,2147483647,-113,13,Sunrise,false,false
1428407805019,2147483647,2147483647,2147483647,2147483647,-113,13,Sunrise,false,false
1428407805019,2147483647,2147483647,2147483647,2147483647,-113,13,Sunrise,false,false
1428407805019,2147483647,2147483647,2147483647,2147483647,-113,13,Sunrise,false,false
1428407805019,2147483647,2147483647,2147483647,2147483647,-113,13,Sunrise,false,false
1428407805019,2147483647,2147483647,2147483647,2147483647,-113,13,Sunrise,false,false
1428407805019,2147483647,2147483647,2147483647,2147483647,-113,13,Sunrise,false,false
1428407805019,2147483647,2147483647,2147483647,2147483647,-113,13,Sunrise,false,false
1428407805019,2147483647,2147483647,2147483647,2147483647,-113,13,Sunrise,false,false
1428407805019,2147483647,2147483647,2147483647,2147483647,-113,13,Sunrise,false,false
1428407805019,-1,-1,-1,-1,0,13,Sunrise,false,false
1428407805019,-1,-1,-1,-1,0,13,Sunrise,false,false
1428407805019,-1,-1,-1,-1,0,13,Sunrise,false,false
1428407865143,8986368,42010,2,228,-114,13,Sunrise,true,false
1428407865143,2147483647,2147483647,2147483647,2147483647,-113,13,Sunrise,false,false
1428407865143,2147483647,2147483647,2147483647,2147483647,-113,13,Sunrise,false,false
1428407865143,2147483647,2147483647,2147483647,2147483647,-113,13,Sunrise,false,false
1428407865143,2147483647,2147483647,2147483647,2147483647,-113,13,Sunrise,false,false
1428407865143,2147483647,2147483647,2147483647,2147483647,-113,13,Sunrise,false,false
1428407865143,2147483647,2147483647,2147483647,2147483647,-113,13,Sunrise,false,false
1428407865143,2147483647,2147483647,2147483647,2147483647,-113,13,Sunrise,false,false
1428407865143,2147483647,2147483647,2147483647,2147483647,-113,13,Sunrise,false,false
1428407865143,2147483647,2147483647,2147483647,2147483647,-113,13,Sunrise,false,false
1428407865143,2147483647,2147483647,2147483647,2147483647,-113,13,Sunrise,false,false
1428407865143,2147483647,2147483647,2147483647,2147483647,-113,13,Sunrise,false,false
1428407865143,2147483647,2147483647,2147483647,2147483647,-113,13,Sunrise,false,false
1428407865143,2147483647,2147483647,2147483647,2147483647,-113,13,Sunrise,false,false
1428407865143,2147483647,2147483647,2147483647,2147483647,-113,13,Sunrise,false,false
1428407865143,2147483647,2147483647,2147483647,2147483647,-113,13,Sunrise,false,false
1428407865143,2147483647,2147483647,2147483647,2147483647,-113,13,Sunrise,false,false
1428407865143,-1,-1,-1,-1,0,13,Sunrise,false,false
1428407865143,-1,-1,-1,-1,0,13,Sunrise,false,false
1428407865143,-1,-1,-1,-1,0,13,Sunrise,false,false
1428407969670,8986368,42010,2,228,-114,13,Sunrise,true,false
1428407969670,2147483647,2147483647,2147483647,2147483647,-113,13,Sunrise,false,false
1428407969670,2147483647,2147483647,2147483647,2147483647,-113,13,Sunrise,false,false
1428407969670,2147483647,2147483647,2147483647,2147483647,-113,13,Sunrise,false,false
1428407969670,2147483647,2147483647,2147483647,2147483647,-113,13,Sunrise,false,false
1428407969670,2147483647,2147483647,2147483647,2147483647,-113,13,Sunrise,false,false
1428407969670,2147483647,2147483647,2147483647,2147483647,-113,13,Sunrise,false,false
1428407969670,2147483647,2147483647,2147483647,2147483647,-113,13,Sunrise,false,false
1428407969670,2147483647,2147483647,2147483647,2147483647,-113,13,Sunrise,false,false
1428407969670,2147483647,2147483647,2147483647,2147483647,-113,13,Sunrise,false,false
1428407969670,2147483647,2147483647,2147483647,2147483647,-113,13,Sunrise,false,false
1428407969670,2147483647,2147483647,2147483647,2147483647,-113,13,Sunrise,false,false
1428407969670,2147483647,2147483647,2147483647,2147483647,-113,13,Sunrise,false,false
1428407969670,2147483647,2147483647,2147483647,2147483647,-113,13,Sunrise,false,false
1428407969670,2147483647,2147483647,2147483647,2147483647,-113,13,Sunrise,false,false
1428407969670,2147483647,2147483647,2147483647,2147483647,-113,13,Sunrise,false,false
1428407969670,2147483647,2147483647,2147483647,2147483647,-113,13,Sunrise,false,false
1428407969670,-1,-1,-1,-1,0,13,Sunrise,false,false
1428407969670,-1,-1,-1,-1,0,13,Sunrise,false,false
1428407969670,-1,-1,-1,-1,0,13,Sunrise,false,false
1428408043674,8986368,42010,2,228,-113,13,Sunrise,true,false
1428408043674,2147483647,2147483647,2147483647,2147483647,-113,13,Sunrise,false,false
1428408043674,2147483647,2147483647,2147483647,2147483647,-113,13,Sunrise,false,false
1428408043674,2147483647,2147483647,2147483647,2147483647,-113,13,Sunrise,false,false
1428408043674,2147483647,2147483647,2147483647,2147483647,-113,13,Sunrise,false,false
1428408043674,2147483647,2147483647,2147483647,2147483647,-113,13,Sunrise,false,false
1428408043674,2147483647,2147483647,2147483647,2147483647,-113,13,Sunrise,false,false
1428408043674,2147483647,2147483647,2147483647,2147483647,-113,13,Sunrise,false,false
1428408043674,2147483647,2147483647,2147483647,2147483647,-113,13,Sunrise,false,false
1428408043674,2147483647,2147483647,2147483647,2147483647,-113,13,Sunrise,false,false
1428408043674,2147483647,2147483647,2147483647,2147483647,-113,13,Sunrise,false,false
1428408043674,2147483647,2147483647,2147483647,2147483647,-113,13,Sunrise,false,false
1428408043674,2147483647,2147483647,2147483647,2147483647,-113,13,Sunrise,false,false
1428408043674,2147483647,2147483647,2147483647,2147483647,-113,13,Sunrise,false,false
1428408043674,2147483647,2147483647,2147483647,2147483647,-113,13,Sunrise,false,false
1428408043674,2147483647,2147483647,2147483647,2147483647,-113,13,Sunrise,false,false
1428408043674,2147483647,2147483647,2147483647,2147483647,-113,13,Sunrise,false,false
1428408043674,-1,-1,-1,-1,0,13,Sunrise,false,false
1428408043674,-1,-1,-1,-1,0,13,Sunrise,false,false
1428408043674,-1,-1,-1,-1,0,13,Sunrise,false,false
1428408043674,-1,-1,-1,-1,0,13,Sunrise,false,false
1428408110059,8986368,42010,2,228,-113,13,Sunrise,true,false
1428408110059,2147483647,2147483647,2147483647,2147483647,-113,13,Sunrise,false,false
1428408110059,2147483647,2147483647,2147483647,2147483647,-113,13,Sunrise,false,false
1428408110059,2147483647,2147483647,2147483647,2147483647,-113,13,Sunrise,false,false
1428408110059,2147483647,2147483647,2147483647,2147483647,-113,13,Sunrise,false,false
1428408110059,2147483647,2147483647,2147483647,2147483647,-113,13,Sunrise,false,false
1428408110059,2147483647,2147483647,2147483647,2147483647,-113,13,Sunrise,false,false
1428408110059,2147483647,2147483647,2147483647,2147483647,-113,13,Sunrise,false,false
1428408110059,2147483647,2147483647,2147483647,2147483647,-113,13,Sunrise,false,false
1428408110059,2147483647,2147483647,2147483647,2147483647,-113,13,Sunrise,false,false
1428408110059,2147483647,2147483647,2147483647,2147483647,-113,13,Sunrise,false,false
1428408110059,2147483647,2147483647,2147483647,2147483647,-113,13,Sunrise,false,false
1428408110059,2147483647,2147483647,2147483647,2147483647,-113,13,Sunrise,false,false
1428408110059,2147483647,2147483647,2147483647,2147483647,-113,13,Sunrise,false,false
1428408110059,2147483647,2147483647,2147483647,2147483647,-113,13,Sunrise,false,false
1428408110059,2147483647,2147483647,2147483647,2147483647,-113,13,Sunrise,false,false
1428408110059,2147483647,2147483647,2147483647,2147483647,-113,13,Sunrise,false,false
1428408110059,-1,-1,-1,-1,0,13,Sunrise,false,false
1428408110059,-1,-1,-1,-1,0,13,Sunrise,false,false
1428408110059,-1,-1,-1,-1,0,13,Sunrise,false,false
1428408110059,-1,-1,-1,-1,0,13,Sunrise,false,false
1428408170085,8986368,42010,2,228,-113,13,Sunrise,true,false
1428408170085,2147483647,2147483647,2147483647,2147483647,-113,13,Sunrise,false,false
1428408170085,2147483647,2147483647,2147483647,2147483647,-113,13,Sunrise,false,false
1428408170085,2147483647,2147483647,2147483647,2147483647,-113,13,Sunrise,false,false
1428408170085,2147483647,2147483647,2147483647,2147483647,-113,13,Sunrise,false,false
1428408170085,2147483647,2147483647,2147483647,2147483647,-113,13,Sunrise,false,false
1428408170085,2147483647,2147483647,2147483647,2147483647,-113,13,Sunrise,false,false
1428408170085,2147483647,2147483647,2147483647,2147483647,-113,13,Sunrise,false,false
1428408170085,2147483647,2147483647,2147483647,2147483647,-113,13,Sunrise,false,false
1428408170085,2147483647,2147483647,2147483647,2147483647,-113,13,Sunrise,false,false
1428408170085,2147483647,2147483647,2147483647,2147483647,-113,13,Sunrise,false,false
1428408170085,2147483647,2147483647,2147483647,2147483647,-113,13,Sunrise,false,false
1428408170085,2147483647,2147483647,2147483647,2147483647,-113,13,Sunrise,false,false
1428408170085,2147483647,2147483647,2147483647,2147483647,-113,13,Sunrise,false,false
1428408170085,2147483647,2147483647,2147483647,2147483647,-113,13,Sunrise,false,false
1428408170085,2147483647,2147483647,2147483647,2147483647,-113,13,Sunrise,false,false
1428408170085,2147483647,2147483647,2147483647,2147483647,-113,13,Sunrise,false,false
1428408170085,-1,-1,-1,-1,0,13,Sunrise,false,false
1428408170085,-1,-1,-1,-1,0,13,Sunrise,false,false
1428408170085,-1,-1,-1,-1,0,13,Sunrise,false,false
1428408170085,-1,-1,-1,-1,0,13,Sunrise,false,false
1428408230320,8986368,42010,2,228,-113,13,Sunrise,true,false
1428408230320,51,2147483647,2147483647,2147483647,-125,13,Sunrise,false,false
1428408230320,2147483647,2147483647,2147483647,2147483647,-113,13,Sunrise,false,false
1428408230320,2147483647,2147483647,2147483647,2147483647,-113,13,Sunrise,false,false
1428408230320,2147483647,2147483647,2147483647,2147483647,-113,13,Sunrise,false,false
1428408230320,2147483647,2147483647,2147483647,2147483647,-113,13,Sunrise,false,false
1428408230320,2147483647,2147483647,2147483647,2147483647,-113,13,Sunrise,false,false
1428408230320,2147483647,2147483647,2147483647,2147483647,-113,13,Sunrise,false,false
1428408230320,2147483647,2147483647,2147483647,2147483647,-113,13,Sunrise,false,false
1428408230320,2147483647,2147483647,2147483647,2147483647,-113,13,Sunrise,false,false
1428408230320,2147483647,2147483647,2147483647,2147483647,-113,13,Sunrise,false,false
1428408230320,2147483647,2147483647,2147483647,2147483647,-113,13,Sunrise,false,false
1428408230320,2147483647,2147483647,2147483647,2147483647,-113,13,Sunrise,false,false
1428408230320,2147483647,2147483647,2147483647,2147483647,-113,13,Sunrise,false,false
1428408230320,2147483647,2147483647,2147483647,2147483647,-113,13,Sunrise,false,false
1428408230320,2147483647,2147483647,2147483647,2147483647,-113,13,Sunrise,false,false
1428408230320,2147483647,2147483647,2147483647,2147483647,-113,13,Sunrise,false,false
1428408230320,2147483647,2147483647,2147483647,2147483647,-113,13,Sunrise,false,false
1428408230320,-1,-1,-1,-1,0,13,Sunrise,false,false
1428408230320,-1,-1,-1,-1,0,13,Sunrise,false,false
1428408230320,-1,-1,-1,-1,0,13,Sunrise,false,false
1428408230320,-1,-1,-1,-1,0,13,Sunrise,false,false
1428408295616,8986368,42010,2,228,-112,13,Sunrise,true,false
1428408295616,2147483647,2147483647,2147483647,2147483647,-113,13,Sunrise,false,false
1428408295616,2147483647,2147483647,2147483647,2147483647,-113,13,Sunrise,false,false
1428408295616,2147483647,2147483647,2147483647,2147483647,-113,13,Sunrise,false,false
1428408295616,2147483647,2147483647,2147483647,2147483647,-113,13,Sunrise,false,false
1428408295616,2147483647,2147483647,2147483647,2147483647,-113,13,Sunrise,false,false
1428408295616,2147483647,2147483647,2147483647,2147483647,-113,13,Sunrise,false,false
1428408295616,2147483647,2147483647,2147483647,2147483647,-113,13,Sunrise,false,false
1428408295616,2147483647,2147483647,2147483647,2147483647,-113,13,Sunrise,false,false
1428408295616,2147483647,2147483647,2147483647,2147483647,-113,13,Sunrise,false,false
1428408295616,2147483647,2147483647,2147483647,2147483647,-113,13,Sunrise,false,false
1428408295616,2147483647,2147483647,2147483647,2147483647,-113,13,Sunrise,false,false
1428408295616,2147483647,2147483647,2147483647,2147483647,-113,13,Sunrise,false,false
1428408295616,2147483647,2147483647,2147483647,2147483647,-113,13,Sunrise,false,false
1428408295616,2147483647,2147483647,2147483647,2147483647,-113,13,Sunrise,false,false
1428408295616,2147483647,2147483647,2147483647,2147483647,-113,13,Sunrise,false,false
1428408295616,2147483647,2147483647,2147483647,2147483647,-113,13,Sunrise,false,false
1428408295616,-1,-1,-1,-1,0,13,Sunrise,false,false
1428408295616,-1,-1,-1,-1,0,13,Sunrise,false,false
1428408295616,-1,-1,-1,-1,0,13,Sunrise,false,false
1428408295616,-1,-1,-1,-1,0,13,Sunrise,false,false
1428408355906,8986368,42010,2,228,-114,13,Sunrise,true,false
1428408355906,2147483647,2147483647,2147483647,2147483647,-113,13,Sunrise,false,false
1428408355906,2147483647,2147483647,2147483647,2147483647,-113,13,Sunrise,false,false
1428408355906,2147483647,2147483647,2147483647,2147483647,-113,13,Sunrise,false,false
1428408355906,2147483647,2147483647,2147483647,2147483647,-113,13,Sunrise,false,false
1428408355906,2147483647,2147483647,2147483647,2147483647,-113,13,Sunrise,false,false
1428408355906,2147483647,2147483647,2147483647,2147483647,-113,13,Sunrise,false,false
1428408355906,2147483647,2147483647,2147483647,2147483647,-113,13,Sunrise,false,false
1428408355906,2147483647,2147483647,2147483647,2147483647,-113,13,Sunrise,false,false
1428408355906,2147483647,2147483647,2147483647,2147483647,-113,13,Sunrise,false,false
1428408355906,2147483647,2147483647,2147483647,2147483647,-113,13,Sunrise,false,false
1428408355906,2147483647,2147483647,2147483647,2147483647,-113,13,Sunrise,false,false
1428408355906,2147483647,2147483647,2147483647,2147483647,-113,13,Sunrise,false,false
1428408355906,2147483647,2147483647,2147483647,2147483647,-113,13,Sunrise,false,false
1428408355906,2147483647,2147483647,2147483647,2147483647,-113,13,Sunrise,false,false
1428408355906,2147483647,2147483647,2147483647,2147483647,-113,13,Sunrise,false,false
1428408355906,2147483647,2147483647,2147483647,2147483647,-113,13,Sunrise,false,false
1428408355906,-1,-1,-1,-1,0,13,Sunrise,false,false
1428408355906,-1,-1,-1,-1,0,13,Sunrise,false,false
1428408416143,8986368,42010,2,228,-114,13,Sunrise,true,false
1428408416143,2147483647,2147483647,2147483647,2147483647,-113,13,Sunrise,false,false
1428408416143,2147483647,2147483647,2147483647,2147483647,-113,13,Sunrise,false,false
1428408416143,2147483647,2147483647,2147483647,2147483647,-113,13,Sunrise,false,false
1428408416143,2147483647,2147483647,2147483647,2147483647,-113,13,Sunrise,false,false
1428408416143,2147483647,2147483647,2147483647,2147483647,-113,13,Sunrise,false,false
1428408416143,2147483647,2147483647,2147483647,2147483647,-113,13,Sunrise,false,false
1428408416143,2147483647,2147483647,2147483647,2147483647,-113,13,Sunrise,false,false
1428408416143,2147483647,2147483647,2147483647,2147483647,-113,13,Sunrise,false,false
1428408416143,2147483647,2147483647,2147483647,2147483647,-113,13,Sunrise,false,false
1428408416143,2147483647,2147483647,2147483647,2147483647,-113,13,Sunrise,false,false
1428408416143,2147483647,2147483647,2147483647,2147483647,-113,13,Sunrise,false,false
1428408416143,2147483647,2147483647,2147483647,2147483647,-113,13,Sunrise,false,false
1428408416143,2147483647,2147483647,2147483647,2147483647,-113,13,Sunrise,false,false
1428408416143,2147483647,2147483647,2147483647,2147483647,-113,13,Sunrise,false,false
1428408416143,2147483647,2147483647,2147483647,2147483647,-113,13,Sunrise,false,false
1428408416143,2147483647,2147483647,2147483647,2147483647,-113,13,Sunrise,false,false
1428408416143,-1,-1,-1,-1,0,13,Sunrise,false,false
1428408416143,-1,-1,-1,-1,0,13,Sunrise,false,false
1428408476238,8986368,42010,2,228,-113,13,Sunrise,true,false
1428408476238,2147483647,2147483647,2147483647,2147483647,-113,13,Sunrise,false,false
1428408476238,2147483647,2147483647,2147483647,2147483647,-113,13,Sunrise,false,false
1428408476238,2147483647,2147483647,2147483647,2147483647,-113,13,Sunrise,false,false
1428408476238,2147483647,2147483647,2147483647,2147483647,-113,13,Sunrise,false,false
1428408476238,2147483647,2147483647,2147483647,2147483647,-113,13,Sunrise,false,false
1428408476238,2147483647,2147483647,2147483647,2147483647,-113,13,Sunrise,false,false
1428408476238,2147483647,2147483647,2147483647,2147483647,-113,13,Sunrise,false,false
1428408476238,2147483647,2147483647,2147483647,2147483647,-113,13,Sunrise,false,false
1428408476238,2147483647,2147483647,2147483647,2147483647,-113,13,Sunrise,false,false
1428408476238,2147483647,2147483647,2147483647,2147483647,-113,13,Sunrise,false,false
1428408476238,2147483647,2147483647,2147483647,2147483647,-113,13,Sunrise,false,false
1428408476238,2147483647,2147483647,2147483647,2147483647,-113,13,Sunrise,false,false
1428408476238,2147483647,2147483647,2147483647,2147483647,-113,13,Sunrise,false,false
1428408476238,2147483647,2147483647,2147483647,2147483647,-113,13,Sunrise,false,false
1428408476238,2147483647,2147483647,2147483647,2147483647,-113,13,Sunrise,false,false
1428408476238,2147483647,2147483647,2147483647,2147483647,-113,13,Sunrise,false,false
1428408476238,-1,-1,-1,-1,0,13,Sunrise,false,false
1428408476238,-1,-1,-1,-1,0,13,Sunrise,false,false
1428408549172,8986368,42010,2,228,-113,13,Sunrise,true,false
1428408549172,2147483647,2147483647,2147483647,2147483647,-113,13,Sunrise,false,false
1428408549172,2147483647,2147483647,2147483647,2147483647,-113,13,Sunrise,false,false
1428408549172,2147483647,2147483647,2147483647,2147483647,-113,13,Sunrise,false,false
1428408549172,2147483647,2147483647,2147483647,2147483647,-113,13,Sunrise,false,false
1428408549172,2147483647,2147483647,2147483647,2147483647,-113,13,Sunrise,false,false
1428408549172,2147483647,2147483647,2147483647,2147483647,-113,13,Sunrise,false,false
1428408549172,2147483647,2147483647,2147483647,2147483647,-113,13,Sunrise,false,false
1428408549172,2147483647,2147483647,2147483647,2147483647,-113,13,Sunrise,false,false
1428408549172,2147483647,2147483647,2147483647,2147483647,-113,13,Sunrise,false,false
1428408549172,2147483647,2147483647,2147483647,2147483647,-113,13,Sunrise,false,false
1428408549172,2147483647,2147483647,2147483647,2147483647,-113,13,Sunrise,false,false
1428408549172,2147483647,2147483647,2147483647,2147483647,-113,13,Sunrise,false,false
1428408549172,2147483647,2147483647,2147483647,2147483647,-113,13,Sunrise,false,false
1428408549172,2147483647,2147483647,2147483647,2147483647,-113,13,Sunrise,false,false
1428408549172,2147483647,2147483647,2147483647,2147483647,-113,13,Sunrise,false,false
1428408549172,2147483647,2147483647,2147483647,2147483647,-113,13,Sunrise,false,false
1428408549172,-1,-1,-1,-1,0,13,Sunrise,false,false
1428408549172,-1,-1,-1,-1,0,13,Sunrise,false,false
1428408624319,8986368,42010,2,228,-114,13,Sunrise,true,false
1428408624319,2147483647,2147483647,2147483647,2147483647,-113,13,Sunrise,false,false
1428408624319,2147483647,2147483647,2147483647,2147483647,-113,13,Sunrise,false,false
1428408624319,2147483647,2147483647,2147483647,2147483647,-113,13,Sunrise,false,false
1428408624319,2147483647,2147483647,2147483647,2147483647,-113,13,Sunrise,false,false
1428408624319,2147483647,2147483647,2147483647,2147483647,-113,13,Sunrise,false,false
1428408624319,2147483647,2147483647,2147483647,2147483647,-113,13,Sunrise,false,false
1428408624319,2147483647,2147483647,2147483647,2147483647,-113,13,Sunrise,false,false
1428408624319,2147483647,2147483647,2147483647,2147483647,-113,13,Sunrise,false,false
1428408624319,2147483647,2147483647,2147483647,2147483647,-113,13,Sunrise,false,false
1428408624319,2147483647,2147483647,2147483647,2147483647,-113,13,Sunrise,false,false
1428408624319,2147483647,2147483647,2147483647,2147483647,-113,13,Sunrise,false,false
1428408624319,2147483647,2147483647,2147483647,2147483647,-113,13,Sunrise,false,false
1428408624319,2147483647,2147483647,2147483647,2147483647,-113,13,Sunrise,false,false
1428408624319,2147483647,2147483647,2147483647,2147483647,-113,13,Sunrise,false,false
1428408624319,2147483647,2147483647,2147483647,2147483647,-113,13,Sunrise,false,false
1428408624319,2147483647,2147483647,2147483647,2147483647,-113,13,Sunrise,false,false
1428408624319,-1,-1,-1,-1,0,13,Sunrise,false,false
1428408624319,-1,-1,-1,-1,0,13,Sunrise,false,false
1428408702001,8986368,42010,2,228,-114,13,Sunrise,true,false
1428408702001,2147483647,2147483647,2147483647,2147483647,-113,13,Sunrise,false,false
1428408702001,2147483647,2147483647,2147483647,2147483647,-113,13,Sunrise,false,false
1428408702001,2147483647,2147483647,2147483647,2147483647,-113,13,Sunrise,false,false
1428408702001,2147483647,2147483647,2147483647,2147483647,-113,13,Sunrise,false,false
1428408702001,2147483647,2147483647,2147483647,2147483647,-113,13,Sunrise,false,false
1428408702001,2147483647,2147483647,2147483647,2147483647,-113,13,Sunrise,false,false
1428408702001,2147483647,2147483647,2147483647,2147483647,-113,13,Sunrise,false,false
1428408702001,2147483647,2147483647,2147483647,2147483647,-113,13,Sunrise,false,false
1428408702001,2147483647,2147483647,2147483647,2147483647,-113,13,Sunrise,false,false
1428408702001,2147483647,2147483647,2147483647,2147483647,-113,13,Sunrise,false,false
1428408702001,2147483647,2147483647,2147483647,2147483647,-113,13,Sunrise,false,false
1428408702001,2147483647,2147483647,2147483647,2147483647,-113,13,Sunrise,false,false
1428408702001,2147483647,2147483647,2147483647,2147483647,-113,13,Sunrise,false,false
1428408702001,2147483647,2147483647,2147483647,2147483647,-113,13,Sunrise,false,false
1428408702001,2147483647,2147483647,2147483647,2147483647,-113,13,Sunrise,false,false
1428408702001,2147483647,2147483647,2147483647,2147483647,-113,13,Sunrise,false,false
1428408702001,-1,-1,-1,-1,0,13,Sunrise,false,false
1428408702001,-1,-1,-1,-1,0,13,Sunrise,false,false
1428408762333,8986368,42010,2,228,-112,13,Sunrise,true,false
1428408762333,2147483647,2147483647,2147483647,2147483647,-113,13,Sunrise,false,false
1428408762333,2147483647,2147483647,2147483647,2147483647,-113,13,Sunrise,false,false
1428408762333,2147483647,2147483647,2147483647,2147483647,-113,13,Sunrise,false,false
1428408762333,2147483647,2147483647,2147483647,2147483647,-113,13,Sunrise,false,false
1428408762333,2147483647,2147483647,2147483647,2147483647,-113,13,Sunrise,false,false
1428408762333,2147483647,2147483647,2147483647,2147483647,-113,13,Sunrise,false,false
1428408762333,2147483647,2147483647,2147483647,2147483647,-113,13,Sunrise,false,false
1428408762333,2147483647,2147483647,2147483647,2147483647,-113,13,Sunrise,false,false
1428408762333,2147483647,2147483647,2147483647,2147483647,-113,13,Sunrise,false,false
1428408762333,2147483647,2147483647,2147483647,2147483647,-113,13,Sunrise,false,false
1428408762333,2147483647,2147483647,2147483647,2147483647,-113,13,Sunrise,false,false
1428408762333,2147483647,2147483647,2147483647,2147483647,-113,13,Sunrise,false,false
1428408762333,2147483647,2147483647,2147483647,2147483647,-113,13,Sunrise,false,false
1428408762333,2147483647,2147483647,2147483647,2147483647,-113,13,Sunrise,false,false
1428408762333,2147483647,2147483647,2147483647,2147483647,-113,13,Sunrise,false,false
1428408762333,2147483647,2147483647,2147483647,2147483647,-113,13,Sunrise,false,false
1428408762333,-1,-1,-1,-1,0,13,Sunrise,false,false
1428408762333,-1,-1,-1,-1,0,13,Sunrise,false,false
1428408834325,8986368,42010,2,228,-113,13,Sunrise,true,false
1428408834325,2147483647,2147483647,2147483647,2147483647,-113,13,Sunrise,false,false
1428408834325,2147483647,2147483647,2147483647,2147483647,-113,13,Sunrise,false,false
1428408834325,2147483647,2147483647,2147483647,2147483647,-113,13,Sunrise,false,false
1428408834325,2147483647,2147483647,2147483647,2147483647,-113,13,Sunrise,false,false
1428408834325,2147483647,2147483647,2147483647,2147483647,-113,13,Sunrise,false,false
1428408834325,2147483647,2147483647,2147483647,2147483647,-113,13,Sunrise,false,false
1428408834325,2147483647,2147483647,2147483647,2147483647,-113,13,Sunrise,false,false
1428408834325,2147483647,2147483647,2147483647,2147483647,-113,13,Sunrise,false,false
1428408834325,2147483647,2147483647,2147483647,2147483647,-113,13,Sunrise,false,false
1428408834325,2147483647,2147483647,2147483647,2147483647,-113,13,Sunrise,false,false
1428408834325,2147483647,2147483647,2147483647,2147483647,-113,13,Sunrise,false,false
1428408834325,2147483647,2147483647,2147483647,2147483647,-113,13,Sunrise,false,false
1428408834325,2147483647,2147483647,2147483647,2147483647,-113,13,Sunrise,false,false
1428408834325,2147483647,2147483647,2147483647,2147483647,-113,13,Sunrise,false,false
1428408834325,2147483647,2147483647,2147483647,2147483647,-113,13,Sunrise,false,false
1428408834325,2147483647,2147483647,2147483647,2147483647,-113,13,Sunrise,false,false
1428408834325,-1,-1,-1,-1,0,13,Sunrise,false,false
1428408834325,-1,-1,-1,-1,0,13,Sunrise,false,false
1428408924644,8986368,42010,2,228,-113,13,Sunrise,true,false
1428408924644,2147483647,2147483647,2147483647,2147483647,-113,13,Sunrise,false,false
1428408924644,2147483647,2147483647,2147483647,2147483647,-113,13,Sunrise,false,false
1428408924644,2147483647,2147483647,2147483647,2147483647,-113,13,Sunrise,false,false
1428408924644,2147483647,2147483647,2147483647,2147483647,-113,13,Sunrise,false,false
1428408924644,2147483647,2147483647,2147483647,2147483647,-113,13,Sunrise,false,false
1428408924644,2147483647,2147483647,2147483647,2147483647,-113,13,Sunrise,false,false
1428408924644,2147483647,2147483647,2147483647,2147483647,-113,13,Sunrise,false,false
1428408924644,2147483647,2147483647,2147483647,2147483647,-113,13,Sunrise,false,false
1428408924644,2147483647,2147483647,2147483647,2147483647,-113,13,Sunrise,false,false
1428408924644,2147483647,2147483647,2147483647,2147483647,-113,13,Sunrise,false,false
1428408924644,2147483647,2147483647,2147483647,2147483647,-113,13,Sunrise,false,false
1428408924644,2147483647,2147483647,2147483647,2147483647,-113,13,Sunrise,false,false
1428408924644,2147483647,2147483647,2147483647,2147483647,-113,13,Sunrise,false,false
1428408924644,2147483647,2147483647,2147483647,2147483647,-113,13,Sunrise,false,false
1428408924644,2147483647,2147483647,2147483647,2147483647,-113,13,Sunrise,false,false
1428408924644,2147483647,2147483647,2147483647,2147483647,-113,13,Sunrise,false,false
1428408924644,-1,-1,-1,-1,0,13,Sunrise,false,false
1428408924644,-1,-1,-1,-1,0,13,Sunrise,false,false
1428408984734,8986368,42010,2,228,-114,13,Sunrise,true,false
1428408984734,2147483647,2147483647,2147483647,2147483647,-113,13,Sunrise,false,false
1428408984734,2147483647,2147483647,2147483647,2147483647,-113,13,Sunrise,false,false
1428408984734,2147483647,2147483647,2147483647,2147483647,-113,13,Sunrise,false,false
1428408984734,2147483647,2147483647,2147483647,2147483647,-113,13,Sunrise,false,false
1428408984734,2147483647,2147483647,2147483647,2147483647,-113,13,Sunrise,false,false
1428408984734,2147483647,2147483647,2147483647,2147483647,-113,13,Sunrise,false,false
1428408984734,2147483647,2147483647,2147483647,2147483647,-113,13,Sunrise,false,false
1428408984734,2147483647,2147483647,2147483647,2147483647,-113,13,Sunrise,false,false
1428408984734,2147483647,2147483647,2147483647,2147483647,-113,13,Sunrise,false,false
1428408984734,2147483647,2147483647,2147483647,2147483647,-113,13,Sunrise,false,false
1428408984734,2147483647,2147483647,2147483647,2147483647,-113,13,Sunrise,false,false
1428408984734,2147483647,2147483647,2147483647,2147483647,-113,13,Sunrise,false,false
1428408984734,2147483647,2147483647,2147483647,2147483647,-113,13,Sunrise,false,false
1428408984734,2147483647,2147483647,2147483647,2147483647,-113,13,Sunrise,false,false
1428408984734,2147483647,2147483647,2147483647,2147483647,-113,13,Sunrise,false,false
1428408984734,2147483647,2147483647,2147483647,2147483647,-113,13,Sunrise,false,false
1428408984734,-1,-1,-1,-1,0,13,Sunrise,false,false
1428408984734,-1,-1,-1,-1,0,13,Sunrise,false,false
1428409045037,8986368,42010,2,228,-113,13,Sunrise,true,false
1428409045037,2147483647,2147483647,2147483647,2147483647,-113,13,Sunrise,false,false
1428409045037,2147483647,2147483647,2147483647,2147483647,-113,13,Sunrise,false,false
1428409045037,2147483647,2147483647,2147483647,2147483647,-113,13,Sunrise,false,false
1428409045037,2147483647,2147483647,2147483647,2147483647,-113,13,Sunrise,false,false
1428409045037,2147483647,2147483647,2147483647,2147483647,-113,13,Sunrise,false,false
1428409045037,2147483647,2147483647,2147483647,2147483647,-113,13,Sunrise,false,false
1428409045037,2147483647,2147483647,2147483647,2147483647,-113,13,Sunrise,false,false
1428409045037,2147483647,2147483647,2147483647,2147483647,-113,13,Sunrise,false,false
1428409045037,2147483647,2147483647,2147483647,2147483647,-113,13,Sunrise,false,false
1428409045037,2147483647,2147483647,2147483647,2147483647,-113,13,Sunrise,false,false
1428409045037,2147483647,2147483647,2147483647,2147483647,-113,13,Sunrise,false,false
1428409045037,2147483647,2147483647,2147483647,2147483647,-113,13,Sunrise,false,false
1428409045037,2147483647,2147483647,2147483647,2147483647,-113,13,Sunrise,false,false
1428409045037,2147483647,2147483647,2147483647,2147483647,-113,13,Sunrise,false,false
1428409045037,2147483647,2147483647,2147483647,2147483647,-113,13,Sunrise,false,false
1428409045037,2147483647,2147483647,2147483647,2147483647,-113,13,Sunrise,false,false
1428409045037,-1,-1,-1,-1,0,13,Sunrise,false,false
1428409045037,-1,-1,-1,-1,0,13,Sunrise,false,false
1428409133275,8986368,42010,2,228,-113,13,Sunrise,true,false
1428409133275,2147483647,2147483647,2147483647,2147483647,-113,13,Sunrise,false,false
1428409133275,2147483647,2147483647,2147483647,2147483647,-113,13,Sunrise,false,false
1428409133275,2147483647,2147483647,2147483647,2147483647,-113,13,Sunrise,false,false
1428409133275,2147483647,2147483647,2147483647,2147483647,-113,13,Sunrise,false,false
1428409133275,2147483647,2147483647,2147483647,2147483647,-113,13,Sunrise,false,false
1428409133275,2147483647,2147483647,2147483647,2147483647,-113,13,Sunrise,false,false
1428409133275,2147483647,2147483647,2147483647,2147483647,-113,13,Sunrise,false,false
1428409133275,2147483647,2147483647,2147483647,2147483647,-113,13,Sunrise,false,false
1428409133275,2147483647,2147483647,2147483647,2147483647,-113,13,Sunrise,false,false
1428409133275,2147483647,2147483647,2147483647,2147483647,-113,13,Sunrise,false,false
1428409133275,2147483647,2147483647,2147483647,2147483647,-113,13,Sunrise,false,false
1428409133275,2147483647,2147483647,2147483647,2147483647,-113,13,Sunrise,false,false
1428409133275,2147483647,2147483647,2147483647,2147483647,-113,13,Sunrise,false,false
1428409133275,2147483647,2147483647,2147483647,2147483647,-113,13,Sunrise,false,false
1428409133275,2147483647,2147483647,2147483647,2147483647,-113,13,Sunrise,false,false
1428409133275,2147483647,2147483647,2147483647,2147483647,-113,13,Sunrise,false,false
1428409133275,-1,-1,-1,-1,0,13,Sunrise,false,false
1428409133275,-1,-1,-1,-1,0,13,Sunrise,false,false
1428409193612,8986368,42010,2,228,-113,13,Sunrise,true,false
1428409193612,2147483647,2147483647,2147483647,2147483647,-113,13,Sunrise,false,false
1428409193612,2147483647,2147483647,2147483647,2147483647,-113,13,Sunrise,false,false
1428409193612,2147483647,2147483647,2147483647,2147483647,-113,13,Sunrise,false,false
1428409193612,2147483647,2147483647,2147483647,2147483647,-113,13,Sunrise,false,false
1428409193612,2147483647,2147483647,2147483647,2147483647,-113,13,Sunrise,false,false
1428409193612,2147483647,2147483647,2147483647,2147483647,-113,13,Sunrise,false,false
1428409193612,2147483647,2147483647,2147483647,2147483647,-113,13,Sunrise,false,false
1428409193612,2147483647,2147483647,2147483647,2147483647,-113,13,Sunrise,false,false
1428409193612,2147483647,2147483647,2147483647,2147483647,-113,13,Sunrise,false,false
1428409193612,2147483647,2147483647,2147483647,2147483647,-113,13,Sunrise,false,false
1428409193612,2147483647,2147483647,2147483647,2147483647,-113,13,Sunrise,false,false
1428409193612,2147483647,2147483647,2147483647,2147483647,-113,13,Sunrise,false,false
1428409193612,2147483647,2147483647,2147483647,2147483647,-113,13,Sunrise,false,false
1428409193612,2147483647,2147483647,2147483647,2147483647,-113,13,Sunrise,false,false
1428409193612,2147483647,2147483647,2147483647,2147483647,-113,13,Sunrise,false,false
1428409193612,2147483647,2147483647,2147483647,2147483647,-113,13,Sunrise,false,false
1428409193612,-1,-1,-1,-1,0,13,Sunrise,false,false
1428409193612,-1,-1,-1,-1,0,13,Sunrise,false,false
1428409284636,8986368,42010,2,228,-114,13,Sunrise,true,false
1428409284636,2147483647,2147483647,2147483647,2147483647,-113,13,Sunrise,false,false
1428409284636,2147483647,2147483647,2147483647,2147483647,-113,13,Sunrise,false,false
1428409284636,2147483647,2147483647,2147483647,2147483647,-113,13,Sunrise,false,false
1428409284636,2147483647,2147483647,2147483647,2147483647,-113,13,Sunrise,false,false
1428409284636,2147483647,2147483647,2147483647,2147483647,-113,13,Sunrise,false,false
1428409284636,2147483647,2147483647,2147483647,2147483647,-113,13,Sunrise,false,false
1428409284636,2147483647,2147483647,2147483647,2147483647,-113,13,Sunrise,false,false
1428409284636,2147483647,2147483647,2147483647,2147483647,-113,13,Sunrise,false,false
1428409284636,2147483647,2147483647,2147483647,2147483647,-113,13,Sunrise,false,false
1428409284636,2147483647,2147483647,2147483647,2147483647,-113,13,Sunrise,false,false
1428409284636,2147483647,2147483647,2147483647,2147483647,-113,13,Sunrise,false,false
1428409284636,2147483647,2147483647,2147483647,2147483647,-113,13,Sunrise,false,false
1428409284636,2147483647,2147483647,2147483647,2147483647,-113,13,Sunrise,false,false
1428409284636,2147483647,2147483647,2147483647,2147483647,-113,13,Sunrise,false,false
1428409284636,2147483647,2147483647,2147483647,2147483647,-113,13,Sunrise,false,false
1428409284636,2147483647,2147483647,2147483647,2147483647,-113,13,Sunrise,false,false
1428409284636,-1,-1,-1,-1,0,13,Sunrise,false,false
1428409284636,-1,-1,-1,-1,0,13,Sunrise,false,false
1428409284636,-1,-1,-1,-1,0,13,Sunrise,false,false
1428409346599,8986368,42010,2,228,-113,13,Sunrise,true,false
1428409346599,2147483647,2147483647,2147483647,2147483647,-113,13,Sunrise,false,false
1428409346599,2147483647,2147483647,2147483647,2147483647,-113,13,Sunrise,false,false
1428409346599,2147483647,2147483647,2147483647,2147483647,-113,13,Sunrise,false,false
1428409346599,2147483647,2147483647,2147483647,2147483647,-113,13,Sunrise,false,false
1428409346599,2147483647,2147483647,2147483647,2147483647,-113,13,Sunrise,false,false
1428409346599,2147483647,2147483647,2147483647,2147483647,-113,13,Sunrise,false,false
1428409346599,2147483647,2147483647,2147483647,2147483647,-113,13,Sunrise,false,false
1428409346599,2147483647,2147483647,2147483647,2147483647,-113,13,Sunrise,false,false
1428409346599,2147483647,2147483647,2147483647,2147483647,-113,13,Sunrise,false,false
1428409346599,2147483647,2147483647,2147483647,2147483647,-113,13,Sunrise,false,false
1428409346599,2147483647,2147483647,2147483647,2147483647,-113,13,Sunrise,false,false
1428409346599,2147483647,2147483647,2147483647,2147483647,-113,13,Sunrise,false,false
1428409346599,2147483647,2147483647,2147483647,2147483647,-113,13,Sunrise,false,false
1428409346599,2147483647,2147483647,2147483647,2147483647,-113,13,Sunrise,false,false
1428409346599,2147483647,2147483647,2147483647,2147483647,-113,13,Sunrise,false,false
1428409346599,2147483647,2147483647,2147483647,2147483647,-113,13,Sunrise,false,false
1428409346599,-1,-1,-1,-1,0,13,Sunrise,false,false
1428409346599,-1,-1,-1,-1,0,13,Sunrise,false,false
1428409346599,-1,-1,-1,-1,0,13,Sunrise,false,false
1428409406840,8986368,42010,2,228,-113,13,Sunrise,true,false
1428409406840,2147483647,2147483647,2147483647,2147483647,-113,13,Sunrise,false,false
1428409406840,2147483647,2147483647,2147483647,2147483647,-113,13,Sunrise,false,false
1428409406840,2147483647,2147483647,2147483647,2147483647,-113,13,Sunrise,false,false
1428409406840,2147483647,2147483647,2147483647,2147483647,-113,13,Sunrise,false,false
1428409406840,2147483647,2147483647,2147483647,2147483647,-113,13,Sunrise,false,false
1428409406840,2147483647,2147483647,2147483647,2147483647,-113,13,Sunrise,false,false
1428409406840,2147483647,2147483647,2147483647,2147483647,-113,13,Sunrise,false,false
1428409406840,2147483647,2147483647,2147483647,2147483647,-113,13,Sunrise,false,false
1428409406840,2147483647,2147483647,2147483647,2147483647,-113,13,Sunrise,false,false
1428409406840,2147483647,2147483647,2147483647,2147483647,-113,13,Sunrise,false,false
1428409406840,2147483647,2147483647,2147483647,2147483647,-113,13,Sunrise,false,false
1428409406840,2147483647,2147483647,2147483647,2147483647,-113,13,Sunrise,false,false
1428409406840,2147483647,2147483647,2147483647,2147483647,-113,13,Sunrise,false,false
1428409406840,2147483647,2147483647,2147483647,2147483647,-113,13,Sunrise,false,false
1428409406840,2147483647,2147483647,2147483647,2147483647,-113,13,Sunrise,false,false
1428409406840,2147483647,2147483647,2147483647,2147483647,-113,13,Sunrise,false,false
1428409406840,-1,-1,-1,-1,0,13,Sunrise,false,false
1428409406840,-1,-1,-1,-1,0,13,Sunrise,false,false
1428409478230,8986368,42010,2,228,-113,13,Sunrise,true,false
1428409478230,2147483647,2147483647,2147483647,2147483647,-113,13,Sunrise,false,false
1428409478230,2147483647,2147483647,2147483647,2147483647,-113,13,Sunrise,false,false
1428409478230,2147483647,2147483647,2147483647,2147483647,-113,13,Sunrise,false,false
1428409478230,2147483647,2147483647,2147483647,2147483647,-113,13,Sunrise,false,false
1428409478230,2147483647,2147483647,2147483647,2147483647,-113,13,Sunrise,false,false
1428409478230,2147483647,2147483647,2147483647,2147483647,-113,13,Sunrise,false,false
1428409478230,2147483647,2147483647,2147483647,2147483647,-113,13,Sunrise,false,false
1428409478230,2147483647,2147483647,2147483647,2147483647,-113,13,Sunrise,false,false
1428409478230,2147483647,2147483647,2147483647,2147483647,-113,13,Sunrise,false,false
1428409478230,2147483647,2147483647,2147483647,2147483647,-113,13,Sunrise,false,false
1428409478230,2147483647,2147483647,2147483647,2147483647,-113,13,Sunrise,false,false
1428409478230,2147483647,2147483647,2147483647,2147483647,-113,13,Sunrise,false,false
1428409478230,2147483647,2147483647,2147483647,2147483647,-113,13,Sunrise,false,false
1428409478230,2147483647,2147483647,2147483647,2147483647,-113,13,Sunrise,false,false
1428409478230,2147483647,2147483647,2147483647,2147483647,-113,13,Sunrise,false,false
1428409478230,2147483647,2147483647,2147483647,2147483647,-113,13,Sunrise,false,false
1428409478230,-1,-1,-1,-1,0,13,Sunrise,false,false
1428409478230,-1,-1,-1,-1,0,13,Sunrise,false,false
1428409538308,8986368,42010,2,228,-113,13,Sunrise,true,false
1428409538308,345,2147483647,2147483647,2147483647,-119,13,Sunrise,false,false
1428409538308,2147483647,2147483647,2147483647,2147483647,-113,13,Sunrise,false,false
1428409538308,2147483647,2147483647,2147483647,2147483647,-113,13,Sunrise,false,false
1428409538308,2147483647,2147483647,2147483647,2147483647,-113,13,Sunrise,false,false
1428409538308,2147483647,2147483647,2147483647,2147483647,-113,13,Sunrise,false,false
1428409538308,2147483647,2147483647,2147483647,2147483647,-113,13,Sunrise,false,false
1428409538308,2147483647,2147483647,2147483647,2147483647,-113,13,Sunrise,false,false
1428409538308,2147483647,2147483647,2147483647,2147483647,-113,13,Sunrise,false,false
1428409538308,2147483647,2147483647,2147483647,2147483647,-113,13,Sunrise,false,false
1428409538308,2147483647,2147483647,2147483647,2147483647,-113,13,Sunrise,false,false
1428409538308,2147483647,2147483647,2147483647,2147483647,-113,13,Sunrise,false,false
1428409538308,2147483647,2147483647,2147483647,2147483647,-113,13,Sunrise,false,false
1428409538308,2147483647,2147483647,2147483647,2147483647,-113,13,Sunrise,false,false
1428409538308,2147483647,2147483647,2147483647,2147483647,-113,13,Sunrise,false,false
1428409538308,2147483647,2147483647,2147483647,2147483647,-113,13,Sunrise,false,false
1428409538308,2147483647,2147483647,2147483647,2147483647,-113,13,Sunrise,false,false
1428409538308,2147483647,2147483647,2147483647,2147483647,-113,13,Sunrise,false,false
1428409538308,-1,-1,-1,-1,0,13,Sunrise,false,false
1428409538308,-1,-1,-1,-1,0,13,Sunrise,false,false
1428409598550,8986368,42010,2,228,-114,13,Sunrise,true,false
1428409598550,2147483647,2147483647,2147483647,2147483647,-113,13,Sunrise,false,false
1428409598550,2147483647,2147483647,2147483647,2147483647,-113,13,Sunrise,false,false
1428409598550,2147483647,2147483647,2147483647,2147483647,-113,13,Sunrise,false,false
1428409598550,2147483647,2147483647,2147483647,2147483647,-113,13,Sunrise,false,false
1428409598550,2147483647,2147483647,2147483647,2147483647,-113,13,Sunrise,false,false
1428409598550,2147483647,2147483647,2147483647,2147483647,-113,13,Sunrise,false,false
1428409598550,2147483647,2147483647,2147483647,2147483647,-113,13,Sunrise,false,false
1428409598550,2147483647,2147483647,2147483647,2147483647,-113,13,Sunrise,false,false
1428409598550,2147483647,2147483647,2147483647,2147483647,-113,13,Sunrise,false,false
1428409598550,2147483647,2147483647,2147483647,2147483647,-113,13,Sunrise,false,false
1428409598550,2147483647,2147483647,2147483647,2147483647,-113,13,Sunrise,false,false
1428409598550,2147483647,2147483647,2147483647,2147483647,-113,13,Sunrise,false,false
1428409598550,2147483647,2147483647,2147483647,2147483647,-113,13,Sunrise,false,false
1428409598550,2147483647,2147483647,2147483647,2147483647,-113,13,Sunrise,false,false
1428409598550,2147483647,2147483647,2147483647,2147483647,-113,13,Sunrise,false,false
1428409598550,2147483647,2147483647,2147483647,2147483647,-113,13,Sunrise,false,false
1428409598550,-1,-1,-1,-1,0,13,Sunrise,false,false
1428409598550,-1,-1,-1,-1,0,13,Sunrise,false,false
1428409658642,8986368,42010,2,228,-114,13,Sunrise,true,false
1428409658642,2147483647,2147483647,2147483647,2147483647,-113,13,Sunrise,false,false
1428409658642,2147483647,2147483647,2147483647,2147483647,-113,13,Sunrise,false,false
1428409658642,2147483647,2147483647,2147483647,2147483647,-113,13,Sunrise,false,false
1428409658642,2147483647,2147483647,2147483647,2147483647,-113,13,Sunrise,false,false
1428409658642,2147483647,2147483647,2147483647,2147483647,-113,13,Sunrise,false,false
1428409658642,2147483647,2147483647,2147483647,2147483647,-113,13,Sunrise,false,false
1428409658642,2147483647,2147483647,2147483647,2147483647,-113,13,Sunrise,false,false
1428409658642,2147483647,2147483647,2147483647,2147483647,-113,13,Sunrise,false,false
1428409658642,2147483647,2147483647,2147483647,2147483647,-113,13,Sunrise,false,false
1428409658642,2147483647,2147483647,2147483647,2147483647,-113,13,Sunrise,false,false
1428409658642,2147483647,2147483647,2147483647,2147483647,-113,13,Sunrise,false,false
1428409658642,2147483647,2147483647,2147483647,2147483647,-113,13,Sunrise,false,false
1428409658642,2147483647,2147483647,2147483647,2147483647,-113,13,Sunrise,false,false
1428409658642,2147483647,2147483647,2147483647,2147483647,-113,13,Sunrise,false,false
1428409658642,2147483647,2147483647,2147483647,2147483647,-113,13,Sunrise,false,false
1428409658642,2147483647,2147483647,2147483647,2147483647,-113,13,Sunrise,false,false
1428409658642,-1,-1,-1,-1,0,13,Sunrise,false,false
1428409658642,-1,-1,-1,-1,0,13,Sunrise,false,false
1428409718755,8986368,42010,2,228,-114,13,Sunrise,true,false
1428409718755,2147483647,2147483647,2147483647,2147483647,-113,13,Sunrise,false,false
1428409718755,2147483647,2147483647,2147483647,2147483647,-113,13,Sunrise,false,false
1428409718755,2147483647,2147483647,2147483647,2147483647,-113,13,Sunrise,false,false
1428409718755,2147483647,2147483647,2147483647,2147483647,-113,13,Sunrise,false,false
1428409718755,2147483647,2147483647,2147483647,2147483647,-113,13,Sunrise,false,false
1428409718755,2147483647,2147483647,2147483647,2147483647,-113,13,Sunrise,false,false
1428409718755,2147483647,2147483647,2147483647,2147483647,-113,13,Sunrise,false,false
1428409718755,2147483647,2147483647,2147483647,2147483647,-113,13,Sunrise,false,false
1428409718755,2147483647,2147483647,2147483647,2147483647,-113,13,Sunrise,false,false
1428409718755,2147483647,2147483647,2147483647,2147483647,-113,13,Sunrise,false,false
1428409718755,2147483647,2147483647,2147483647,2147483647,-113,13,Sunrise,false,false
1428409718755,2147483647,2147483647,2147483647,2147483647,-113,13,Sunrise,false,false
1428409718755,2147483647,2147483647,2147483647,2147483647,-113,13,Sunrise,false,false
1428409718755,2147483647,2147483647,2147483647,2147483647,-113,13,Sunrise,false,false
1428409718755,2147483647,2147483647,2147483647,2147483647,-113,13,Sunrise,false,false
1428409718755,2147483647,2147483647,2147483647,2147483647,-113,13,Sunrise,false,false
1428409718755,-1,-1,-1,-1,0,13,Sunrise,false,false
1428409718755,-1,-1,-1,-1,0,13,Sunrise,false,false
1428409778990,8986368,42010,2,228,-113,13,Sunrise,true,false
1428409778990,2147483647,2147483647,2147483647,2147483647,-113,13,Sunrise,false,false
1428409778990,2147483647,2147483647,2147483647,2147483647,-113,13,Sunrise,false,false
1428409778990,2147483647,2147483647,2147483647,2147483647,-113,13,Sunrise,false,false
1428409778990,2147483647,2147483647,2147483647,2147483647,-113,13,Sunrise,false,false
1428409778990,2147483647,2147483647,2147483647,2147483647,-113,13,Sunrise,false,false
1428409778990,2147483647,2147483647,2147483647,2147483647,-113,13,Sunrise,false,false
1428409778990,2147483647,2147483647,2147483647,2147483647,-113,13,Sunrise,false,false
1428409778990,2147483647,2147483647,2147483647,2147483647,-113,13,Sunrise,false,false
1428409778990,2147483647,2147483647,2147483647,2147483647,-113,13,Sunrise,false,false
1428409778990,2147483647,2147483647,2147483647,2147483647,-113,13,Sunrise,false,false
1428409778990,2147483647,2147483647,2147483647,2147483647,-113,13,Sunrise,false,false
1428409778990,2147483647,2147483647,2147483647,2147483647,-113,13,Sunrise,false,false
1428409778990,2147483647,2147483647,2147483647,2147483647,-113,13,Sunrise,false,false
1428409778990,2147483647,2147483647,2147483647,2147483647,-113,13,Sunrise,false,false
1428409778990,2147483647,2147483647,2147483647,2147483647,-113,13,Sunrise,false,false
1428409778990,2147483647,2147483647,2147483647,2147483647,-113,13,Sunrise,false,false
1428409778990,-1,-1,-1,-1,0,13,Sunrise,false,false
1428409778990,-1,-1,-1,-1,0,13,Sunrise,false,false
1428409844068,8986368,42010,2,228,-113,13,Sunrise,true,false
1428409844068,2147483647,2147483647,2147483647,2147483647,-113,13,Sunrise,false,false
1428409844068,2147483647,2147483647,2147483647,2147483647,-113,13,Sunrise,false,false
1428409844068,2147483647,2147483647,2147483647,2147483647,-113,13,Sunrise,false,false
1428409844068,2147483647,2147483647,2147483647,2147483647,-113,13,Sunrise,false,false
1428409844068,2147483647,2147483647,2147483647,2147483647,-113,13,Sunrise,false,false
1428409844068,2147483647,2147483647,2147483647,2147483647,-113,13,Sunrise,false,false
1428409844068,2147483647,2147483647,2147483647,2147483647,-113,13,Sunrise,false,false
1428409844068,2147483647,2147483647,2147483647,2147483647,-113,13,Sunrise,false,false
1428409844068,2147483647,2147483647,2147483647,2147483647,-113,13,Sunrise,false,false
1428409844068,2147483647,2147483647,2147483647,2147483647,-113,13,Sunrise,false,false
1428409844068,2147483647,2147483647,2147483647,2147483647,-113,13,Sunrise,false,false
1428409844068,2147483647,2147483647,2147483647,2147483647,-113,13,Sunrise,false,false
1428409844068,2147483647,2147483647,2147483647,2147483647,-113,13,Sunrise,false,false
1428409844068,2147483647,2147483647,2147483647,2147483647,-113,13,Sunrise,false,false
1428409844068,2147483647,2147483647,2147483647,2147483647,-113,13,Sunrise,false,false
1428409844068,2147483647,2147483647,2147483647,2147483647,-113,13,Sunrise,false,false
1428409844068,-1,-1,-1,-1,0,13,Sunrise,false,false
1428409844068,-1,-1,-1,-1,0,13,Sunrise,false,false
1428409904168,8986368,42010,2,228,-114,13,Sunrise,true,false
1428409904168,2147483647,2147483647,2147483647,2147483647,-113,13,Sunrise,false,false
1428409904168,2147483647,2147483647,2147483647,2147483647,-113,13,Sunrise,false,false
1428409904168,2147483647,2147483647,2147483647,2147483647,-113,13,Sunrise,false,false
1428409904168,2147483647,2147483647,2147483647,2147483647,-113,13,Sunrise,false,false
1428409904168,2147483647,2147483647,2147483647,2147483647,-113,13,Sunrise,false,false
1428409904168,2147483647,2147483647,2147483647,2147483647,-113,13,Sunrise,false,false
1428409904168,2147483647,2147483647,2147483647,2147483647,-113,13,Sunrise,false,false
1428409904168,2147483647,2147483647,2147483647,2147483647,-113,13,Sunrise,false,false
1428409904168,2147483647,2147483647,2147483647,2147483647,-113,13,Sunrise,false,false
1428409904168,2147483647,2147483647,2147483647,2147483647,-113,13,Sunrise,false,false
1428409904168,2147483647,2147483647,2147483647,2147483647,-113,13,Sunrise,false,false
1428409904168,2147483647,2147483647,2147483647,2147483647,-113,13,Sunrise,false,false
1428409904168,2147483647,2147483647,2147483647,2147483647,-113,13,Sunrise,false,false
1428409904168,2147483647,2147483647,2147483647,2147483647,-113,13,Sunrise,false,false
1428409904168,2147483647,2147483647,2147483647,2147483647,-113,13,Sunrise,false,false
1428409904168,2147483647,2147483647,2147483647,2147483647,-113,13,Sunrise,false,false
1428409904168,-1,-1,-1,-1,0,13,Sunrise,false,false
1428409904168,-1,-1,-1,-1,0,13,Sunrise,false,false
1428409964282,8986368,42010,2,228,-114,13,Sunrise,true,false
1428409964282,2147483647,2147483647,2147483647,2147483647,-113,13,Sunrise,false,false
1428409964282,2147483647,2147483647,2147483647,2147483647,-113,13,Sunrise,false,false
1428409964282,2147483647,2147483647,2147483647,2147483647,-113,13,Sunrise,false,false
1428409964282,2147483647,2147483647,2147483647,2147483647,-113,13,Sunrise,false,false
1428409964282,2147483647,2147483647,2147483647,2147483647,-113,13,Sunrise,false,false
1428409964282,2147483647,2147483647,2147483647,2147483647,-113,13,Sunrise,false,false
1428409964282,2147483647,2147483647,2147483647,2147483647,-113,13,Sunrise,false,false
1428409964282,2147483647,2147483647,2147483647,2147483647,-113,13,Sunrise,false,false
1428409964282,2147483647,2147483647,2147483647,2147483647,-113,13,Sunrise,false,false
1428409964282,2147483647,2147483647,2147483647,2147483647,-113,13,Sunrise,false,false
1428409964282,2147483647,2147483647,2147483647,2147483647,-113,13,Sunrise,false,false
1428409964282,2147483647,2147483647,2147483647,2147483647,-113,13,Sunrise,false,false
1428409964282,2147483647,2147483647,2147483647,2147483647,-113,13,Sunrise,false,false
1428409964282,2147483647,2147483647,2147483647,2147483647,-113,13,Sunrise,false,false
1428409964282,2147483647,2147483647,2147483647,2147483647,-113,13,Sunrise,false,false
1428409964282,2147483647,2147483647,2147483647,2147483647,-113,13,Sunrise,false,false
1428409964282,-1,-1,-1,-1,0,13,Sunrise,false,false
1428409964282,-1,-1,-1,-1,0,13,Sunrise,false,false
1428410034477,8986368,42010,2,228,-114,13,Sunrise,true,false
1428410034477,2147483647,2147483647,2147483647,2147483647,-113,13,Sunrise,false,false
1428410034477,2147483647,2147483647,2147483647,2147483647,-113,13,Sunrise,false,false
1428410034477,2147483647,2147483647,2147483647,2147483647,-113,13,Sunrise,false,false
1428410034477,2147483647,2147483647,2147483647,2147483647,-113,13,Sunrise,false,false
1428410034477,2147483647,2147483647,2147483647,2147483647,-113,13,Sunrise,false,false
1428410034477,2147483647,2147483647,2147483647,2147483647,-113,13,Sunrise,false,false
1428410034477,2147483647,2147483647,2147483647,2147483647,-113,13,Sunrise,false,false
1428410034477,2147483647,2147483647,2147483647,2147483647,-113,13,Sunrise,false,false
1428410034477,2147483647,2147483647,2147483647,2147483647,-113,13,Sunrise,false,false
1428410034477,2147483647,2147483647,2147483647,2147483647,-113,13,Sunrise,false,false
1428410034477,2147483647,2147483647,2147483647,2147483647,-113,13,Sunrise,false,false
1428410034477,2147483647,2147483647,2147483647,2147483647,-113,13,Sunrise,false,false
1428410034477,2147483647,2147483647,2147483647,2147483647,-113,13,Sunrise,false,false
1428410034477,2147483647,2147483647,2147483647,2147483647,-113,13,Sunrise,false,false
1428410034477,2147483647,2147483647,2147483647,2147483647,-113,13,Sunrise,false,false
1428410034477,2147483647,2147483647,2147483647,2147483647,-113,13,Sunrise,false,false
1428410034477,-1,-1,-1,-1,0,13,Sunrise,false,false
1428410034477,-1,-1,-1,-1,0,13,Sunrise,false,false
1428410124959,8986368,42010,2,228,-114,13,Sunrise,true,false
1428410124959,2147483647,2147483647,2147483647,2147483647,-113,13,Sunrise,false,false
1428410124959,2147483647,2147483647,2147483647,2147483647,-113,13,Sunrise,false,false
1428410124959,2147483647,2147483647,2147483647,2147483647,-113,13,Sunrise,false,false
1428410124959,2147483647,2147483647,2147483647,2147483647,-113,13,Sunrise,false,false
1428410124959,2147483647,2147483647,2147483647,2147483647,-113,13,Sunrise,false,false
1428410124959,2147483647,2147483647,2147483647,2147483647,-113,13,Sunrise,false,false
1428410124959,2147483647,2147483647,2147483647,2147483647,-113,13,Sunrise,false,false
1428410124959,2147483647,2147483647,2147483647,2147483647,-113,13,Sunrise,false,false
1428410124959,2147483647,2147483647,2147483647,2147483647,-113,13,Sunrise,false,false
1428410124959,2147483647,2147483647,2147483647,2147483647,-113,13,Sunrise,false,false
1428410124959,2147483647,2147483647,2147483647,2147483647,2147483647,13,Sunrise,false,false
1428410124959,2147483647,2147483647,2147483647,2147483647,-113,13,Sunrise,false,false
1428410124959,2147483647,2147483647,2147483647,2147483647,-113,13,Sunrise,false,false
1428410124959,2147483647,2147483647,2147483647,2147483647,-113,13,Sunrise,false,false
1428410124959,2147483647,2147483647,2147483647,2147483647,-113,13,Sunrise,false,false
1428410124959,2147483647,2147483647,2147483647,2147483647,-113,13,Sunrise,false,false
1428410124959,-1,-1,-1,-1,0,13,Sunrise,false,false
1428410124959,-1,-1,-1,-1,0,13,Sunrise,false,false
1428410124959,-1,-1,-1,-1,0,13,Sunrise,false,false
1428410185152,8986368,42010,2,228,-114,13,Sunrise,true,false
1428410185152,2147483647,2147483647,2147483647,2147483647,-113,13,Sunrise,false,false
1428410185152,2147483647,2147483647,2147483647,2147483647,-113,13,Sunrise,false,false
1428410185152,2147483647,2147483647,2147483647,2147483647,-113,13,Sunrise,false,false
1428410185152,2147483647,2147483647,2147483647,2147483647,-113,13,Sunrise,false,false
1428410185152,2147483647,2147483647,2147483647,2147483647,-113,13,Sunrise,false,false
1428410185152,2147483647,2147483647,2147483647,2147483647,-113,13,Sunrise,false,false
1428410185152,2147483647,2147483647,2147483647,2147483647,-113,13,Sunrise,false,false
1428410185152,2147483647,2147483647,2147483647,2147483647,-113,13,Sunrise,false,false
1428410185152,2147483647,2147483647,2147483647,2147483647,-113,13,Sunrise,false,false
1428410185152,2147483647,2147483647,2147483647,2147483647,-113,13,Sunrise,false,false
1428410185152,2147483647,2147483647,2147483647,2147483647,-113,13,Sunrise,false,false
1428410185152,2147483647,2147483647,2147483647,2147483647,-113,13,Sunrise,false,false
1428410185152,2147483647,2147483647,2147483647,2147483647,-113,13,Sunrise,false,false
1428410185152,2147483647,2147483647,2147483647,2147483647,-113,13,Sunrise,false,false
1428410185152,2147483647,2147483647,2147483647,2147483647,-113,13,Sunrise,false,false
1428410185152,2147483647,2147483647,2147483647,2147483647,-113,13,Sunrise,false,false
1428410185152,-1,-1,-1,-1,0,13,Sunrise,false,false
1428410185152,-1,-1,-1,-1,0,13,Sunrise,false,false
1428410185152,-1,-1,-1,-1,0,13,Sunrise,false,false
1428410278522,8986368,42010,2,228,-114,13,Sunrise,true,false
1428410278522,2147483647,2147483647,2147483647,2147483647,-113,13,Sunrise,false,false
1428410278522,2147483647,2147483647,2147483647,2147483647,-113,13,Sunrise,false,false
1428410278522,2147483647,2147483647,2147483647,2147483647,-113,13,Sunrise,false,false
1428410278522,2147483647,2147483647,2147483647,2147483647,-113,13,Sunrise,false,false
1428410278522,2147483647,2147483647,2147483647,2147483647,-113,13,Sunrise,false,false
1428410278522,2147483647,2147483647,2147483647,2147483647,-113,13,Sunrise,false,false
1428410278522,2147483647,2147483647,2147483647,2147483647,-113,13,Sunrise,false,false
1428410278522,2147483647,2147483647,2147483647,2147483647,-113,13,Sunrise,false,false
1428410278522,2147483647,2147483647,2147483647,2147483647,-113,13,Sunrise,false,false
1428410278522,2147483647,2147483647,2147483647,2147483647,-113,13,Sunrise,false,false
1428410278522,2147483647,2147483647,2147483647,2147483647,-113,13,Sunrise,false,false
1428410278522,2147483647,2147483647,2147483647,2147483647,-113,13,Sunrise,false,false
1428410278522,2147483647,2147483647,2147483647,2147483647,-113,13,Sunrise,false,false
1428410278522,2147483647,2147483647,2147483647,2147483647,-113,13,Sunrise,false,false
1428410278522,2147483647,2147483647,2147483647,2147483647,-113,13,Sunrise,false,false
1428410278522,2147483647,2147483647,2147483647,2147483647,-113,13,Sunrise,false,false
1428410278522,-1,-1,-1,-1,0,13,Sunrise,false,false
1428410278522,-1,-1,-1,-1,0,13,Sunrise,false,false
1428410338603,8986368,42010,2,228,-114,13,Sunrise,true,false
1428410338603,2147483647,2147483647,2147483647,2147483647,-113,13,Sunrise,false,false
1428410338603,2147483647,2147483647,2147483647,2147483647,-113,13,Sunrise,false,false
1428410338603,2147483647,2147483647,2147483647,2147483647,-113,13,Sunrise,false,false
1428410338603,2147483647,2147483647,2147483647,2147483647,-113,13,Sunrise,false,false
1428410338603,2147483647,2147483647,2147483647,2147483647,-113,13,Sunrise,false,false
1428410338603,2147483647,2147483647,2147483647,2147483647,-113,13,Sunrise,false,false
1428410338603,2147483647,2147483647,2147483647,2147483647,-113,13,Sunrise,false,false
1428410338603,2147483647,2147483647,2147483647,2147483647,-113,13,Sunrise,false,false
1428410338603,2147483647,2147483647,2147483647,2147483647,-113,13,Sunrise,false,false
1428410338603,2147483647,2147483647,2147483647,2147483647,-113,13,Sunrise,false,false
1428410338603,2147483647,2147483647,2147483647,2147483647,-113,13,Sunrise,false,false
1428410338603,2147483647,2147483647,2147483647,2147483647,-113,13,Sunrise,false,false
1428410338603,2147483647,2147483647,2147483647,2147483647,-113,13,Sunrise,false,false
1428410338603,2147483647,2147483647,2147483647,2147483647,-113,13,Sunrise,false,false
1428410338603,2147483647,2147483647,2147483647,2147483647,-113,13,Sunrise,false,false
1428410338603,2147483647,2147483647,2147483647,2147483647,-113,13,Sunrise,false,false
1428410338603,-1,-1,-1,-1,0,13,Sunrise,false,false
1428410338603,-1,-1,-1,-1,0,13,Sunrise,false,false
1428410439770,8986368,42010,2,228,-114,13,Sunrise,true,false
1428410439770,2147483647,2147483647,2147483647,2147483647,-113,13,Sunrise,false,false
1428410439770,2147483647,2147483647,2147483647,2147483647,-113,13,Sunrise,false,false
1428410439770,2147483647,2147483647,2147483647,2147483647,-113,13,Sunrise,false,false
1428410439770,2147483647,2147483647,2147483647,2147483647,-113,13,Sunrise,false,false
1428410439770,2147483647,2147483647,2147483647,2147483647,-113,13,Sunrise,false,false
1428410439770,2147483647,2147483647,2147483647,2147483647,-113,13,Sunrise,false,false
1428410439770,2147483647,2147483647,2147483647,2147483647,-113,13,Sunrise,false,false
1428410439770,2147483647,2147483647,2147483647,2147483647,-113,13,Sunrise,false,false
1428410439770,2147483647,2147483647,2147483647,2147483647,-113,13,Sunrise,false,false
1428410439770,2147483647,2147483647,2147483647,2147483647,-113,13,Sunrise,false,false
1428410439770,2147483647,2147483647,2147483647,2147483647,2147483647,13,Sunrise,false,false
1428410439770,2147483647,2147483647,2147483647,2147483647,-113,13,Sunrise,false,false
1428410439770,2147483647,2147483647,2147483647,2147483647,-113,13,Sunrise,false,false
1428410439770,2147483647,2147483647,2147483647,2147483647,-113,13,Sunrise,false,false
1428410439770,2147483647,2147483647,2147483647,2147483647,-113,13,Sunrise,false,false
1428410439770,2147483647,2147483647,2147483647,2147483647,-113,13,Sunrise,false,false
1428410439770,-1,-1,-1,-1,0,13,Sunrise,false,false
1428410439770,-1,-1,-1,-1,0,13,Sunrise,false,false
1428410500006,8986368,42010,2,228,-114,13,Sunrise,true,false
1428410500006,2147483647,2147483647,2147483647,2147483647,-113,13,Sunrise,false,false
1428410500006,2147483647,2147483647,2147483647,2147483647,-113,13,Sunrise,false,false
1428410500006,2147483647,2147483647,2147483647,2147483647,-113,13,Sunrise,false,false
1428410500006,2147483647,2147483647,2147483647,2147483647,-113,13,Sunrise,false,false
1428410500006,2147483647,2147483647,2147483647,2147483647,-113,13,Sunrise,false,false
1428410500006,2147483647,2147483647,2147483647,2147483647,-113,13,Sunrise,false,false
1428410500006,2147483647,2147483647,2147483647,2147483647,-113,13,Sunrise,false,false
1428410500006,2147483647,2147483647,2147483647,2147483647,-113,13,Sunrise,false,false
1428410500006,2147483647,2147483647,2147483647,2147483647,-113,13,Sunrise,false,false
1428410500006,2147483647,2147483647,2147483647,2147483647,-113,13,Sunrise,false,false
1428410500006,2147483647,2147483647,2147483647,2147483647,-113,13,Sunrise,false,false
1428410500006,2147483647,2147483647,2147483647,2147483647,-113,13,Sunrise,false,false
1428410500006,2147483647,2147483647,2147483647,2147483647,-113,13,Sunrise,false,false
1428410500006,2147483647,2147483647,2147483647,2147483647,-113,13,Sunrise,false,false
1428410500006,2147483647,2147483647,2147483647,2147483647,-113,13,Sunrise,false,false
1428410500006,2147483647,2147483647,2147483647,2147483647,-113,13,Sunrise,false,false
1428410500006,-1,-1,-1,-1,0,13,Sunrise,false,false
1428410500006,-1,-1,-1,-1,0,13,Sunrise,false,false
1428410604682,8986368,42010,2,228,-114,13,Sunrise,true,false
1428410604682,2147483647,2147483647,2147483647,2147483647,-113,13,Sunrise,false,false
1428410604682,2147483647,2147483647,2147483647,2147483647,-113,13,Sunrise,false,false
1428410604682,2147483647,2147483647,2147483647,2147483647,-113,13,Sunrise,false,false
1428410604682,2147483647,2147483647,2147483647,2147483647,-113,13,Sunrise,false,false
1428410604682,2147483647,2147483647,2147483647,2147483647,-113,13,Sunrise,false,false
1428410604682,2147483647,2147483647,2147483647,2147483647,-113,13,Sunrise,false,false
1428410604682,2147483647,2147483647,2147483647,2147483647,-113,13,Sunrise,false,false
1428410604682,2147483647,2147483647,2147483647,2147483647,-113,13,Sunrise,false,false
1428410604682,2147483647,2147483647,2147483647,2147483647,-113,13,Sunrise,false,false
1428410604682,2147483647,2147483647,2147483647,2147483647,-113,13,Sunrise,false,false
1428410604682,2147483647,2147483647,2147483647,2147483647,-113,13,Sunrise,false,false
1428410604682,2147483647,2147483647,2147483647,2147483647,-113,13,Sunrise,false,false
1428410604682,2147483647,2147483647,2147483647,2147483647,-113,13,Sunrise,false,false
1428410604682,2147483647,2147483647,2147483647,2147483647,-113,13,Sunrise,false,false
1428410604682,2147483647,2147483647,2147483647,2147483647,-113,13,Sunrise,false,false
1428410604682,2147483647,2147483647,2147483647,2147483647,-113,13,Sunrise,false,false
1428410604682,-1,-1,-1,-1,0,13,Sunrise,false,false
1428410604682,-1,-1,-1,-1,0,13,Sunrise,false,false
1428410604682,-1,-1,-1,-1,0,13,Sunrise,false,false
1428410665344,8986368,42010,2,228,-113,13,Sunrise,true,false
1428410665344,2147483647,2147483647,2147483647,2147483647,-113,13,Sunrise,false,false
1428410665344,2147483647,2147483647,2147483647,2147483647,-113,13,Sunrise,false,false
1428410665344,2147483647,2147483647,2147483647,2147483647,-113,13,Sunrise,false,false
1428410665344,2147483647,2147483647,2147483647,2147483647,-113,13,Sunrise,false,false
1428410665344,2147483647,2147483647,2147483647,2147483647,-113,13,Sunrise,false,false
1428410665344,2147483647,2147483647,2147483647,2147483647,-113,13,Sunrise,false,false
1428410665344,2147483647,2147483647,2147483647,2147483647,-113,13,Sunrise,false,false
1428410665344,2147483647,2147483647,2147483647,2147483647,-113,13,Sunrise,false,false
1428410665344,2147483647,2147483647,2147483647,2147483647,-113,13,Sunrise,false,false
1428410665344,2147483647,2147483647,2147483647,2147483647,-113,13,Sunrise,false,false
1428410665344,2147483647,2147483647,2147483647,2147483647,-113,13,Sunrise,false,false
1428410665344,2147483647,2147483647,2147483647,2147483647,-113,13,Sunrise,false,false
1428410665344,2147483647,2147483647,2147483647,2147483647,-113,13,Sunrise,false,false
1428410665344,2147483647,2147483647,2147483647,2147483647,-113,13,Sunrise,false,false
1428410665344,2147483647,2147483647,2147483647,2147483647,-113,13,Sunrise,false,false
1428410665344,2147483647,2147483647,2147483647,2147483647,-113,13,Sunrise,false,false
1428410665344,-1,-1,-1,-1,0,13,Sunrise,false,false
1428410665344,-1,-1,-1,-1,0,13,Sunrise,false,false
1428410725527,8986368,42010,2,228,-113,13,Sunrise,true,false
1428410725527,2147483647,2147483647,2147483647,2147483647,-113,13,Sunrise,false,false
1428410725527,2147483647,2147483647,2147483647,2147483647,-113,13,Sunrise,false,false
1428410725527,2147483647,2147483647,2147483647,2147483647,-113,13,Sunrise,false,false
1428410725527,2147483647,2147483647,2147483647,2147483647,-113,13,Sunrise,false,false
1428410725527,2147483647,2147483647,2147483647,2147483647,-113,13,Sunrise,false,false
1428410725527,2147483647,2147483647,2147483647,2147483647,-113,13,Sunrise,false,false
1428410725527,2147483647,2147483647,2147483647,2147483647,-113,13,Sunrise,false,false
1428410725527,2147483647,2147483647,2147483647,2147483647,-113,13,Sunrise,false,false
1428410725527,2147483647,2147483647,2147483647,2147483647,-113,13,Sunrise,false,false
1428410725527,2147483647,2147483647,2147483647,2147483647,-113,13,Sunrise,false,false
1428410725527,2147483647,2147483647,2147483647,2147483647,-113,13,Sunrise,false,false
1428410725527,2147483647,2147483647,2147483647,2147483647,-113,13,Sunrise,false,false
1428410725527,2147483647,2147483647,2147483647,2147483647,-113,13,Sunrise,false,false
1428410725527,2147483647,2147483647,2147483647,2147483647,-113,13,Sunrise,false,false
1428410725527,2147483647,2147483647,2147483647,2147483647,-113,13,Sunrise,false,false
1428410725527,2147483647,2147483647,2147483647,2147483647,-113,13,Sunrise,false,false
1428410725527,-1,-1,-1,-1,0,13,Sunrise,false,false
1428410725527,-1,-1,-1,-1,0,13,Sunrise,false,false
1428410785690,8986368,42010,2,228,-112,13,Sunrise,true,false
1428410785690,2147483647,2147483647,2147483647,2147483647,-113,13,Sunrise,false,false
1428410785690,2147483647,2147483647,2147483647,2147483647,-113,13,Sunrise,false,false
1428410785690,2147483647,2147483647,2147483647,2147483647,-113,13,Sunrise,false,false
1428410785690,2147483647,2147483647,2147483647,2147483647,-113,13,Sunrise,false,false
1428410785690,2147483647,2147483647,2147483647,2147483647,-113,13,Sunrise,false,false
1428410785690,2147483647,2147483647,2147483647,2147483647,-113,13,Sunrise,false,false
1428410785690,2147483647,2147483647,2147483647,2147483647,-113,13,Sunrise,false,false
1428410785690,2147483647,2147483647,2147483647,2147483647,-113,13,Sunrise,false,false
1428410785690,2147483647,2147483647,2147483647,2147483647,-113,13,Sunrise,false,false
1428410785690,2147483647,2147483647,2147483647,2147483647,-113,13,Sunrise,false,false
1428410785690,2147483647,2147483647,2147483647,2147483647,-113,13,Sunrise,false,false
1428410785690,2147483647,2147483647,2147483647,2147483647,-113,13,Sunrise,false,false
1428410785690,2147483647,2147483647,2147483647,2147483647,-113,13,Sunrise,false,false
1428410785690,2147483647,2147483647,2147483647,2147483647,-113,13,Sunrise,false,false
1428410785690,2147483647,2147483647,2147483647,2147483647,-113,13,Sunrise,false,false
1428410785690,2147483647,2147483647,2147483647,2147483647,-113,13,Sunrise,false,false
1428410785690,-1,-1,-1,-1,0,13,Sunrise,false,false
1428410785690,-1,-1,-1,-1,0,13,Sunrise,false,false
1428410889832,8986368,42010,2,228,-114,13,Sunrise,true,false
1428410889832,345,2147483647,2147483647,2147483647,-126,13,Sunrise,false,false
1428410889832,2147483647,2147483647,2147483647,2147483647,-113,13,Sunrise,false,false
1428410889832,2147483647,2147483647,2147483647,2147483647,-113,13,Sunrise,false,false
1428410889832,2147483647,2147483647,2147483647,2147483647,-113,13,Sunrise,false,false
1428410889832,2147483647,2147483647,2147483647,2147483647,-113,13,Sunrise,false,false
1428410889832,2147483647,2147483647,2147483647,2147483647,-113,13,Sunrise,false,false
1428410889832,2147483647,2147483647,2147483647,2147483647,-113,13,Sunrise,false,false
1428410889832,2147483647,2147483647,2147483647,2147483647,-113,13,Sunrise,false,false
1428410889832,2147483647,2147483647,2147483647,2147483647,-113,13,Sunrise,false,false
1428410889832,2147483647,2147483647,2147483647,2147483647,-113,13,Sunrise,false,false
1428410889832,2147483647,2147483647,2147483647,2147483647,-113,13,Sunrise,false,false
1428410889832,2147483647,2147483647,2147483647,2147483647,-113,13,Sunrise,false,false
1428410889832,2147483647,2147483647,2147483647,2147483647,-113,13,Sunrise,false,false
1428410889832,2147483647,2147483647,2147483647,2147483647,-113,13,Sunrise,false,false
1428410889832,2147483647,2147483647,2147483647,2147483647,-113,13,Sunrise,false,false
1428410889832,2147483647,2147483647,2147483647,2147483647,-113,13,Sunrise,false,false
1428410889832,2147483647,2147483647,2147483647,2147483647,-113,13,Sunrise,false,false
1428410889832,-1,-1,-1,-1,0,13,Sunrise,false,false
1428410889832,-1,-1,-1,-1,0,13,Sunrise,false,false
1428410889832,-1,-1,-1,-1,0,13,Sunrise,false,false
1428410889832,-1,-1,-1,-1,0,13,Sunrise,false,false
1428410949929,8986368,42010,2,228,-112,13,Sunrise,true,false
1428410949929,2147483647,2147483647,2147483647,2147483647,-113,13,Sunrise,false,false
1428410949929,2147483647,2147483647,2147483647,2147483647,-113,13,Sunrise,false,false
1428410949929,2147483647,2147483647,2147483647,2147483647,-113,13,Sunrise,false,false
1428410949929,2147483647,2147483647,2147483647,2147483647,-113,13,Sunrise,false,false
1428410949929,2147483647,2147483647,2147483647,2147483647,-113,13,Sunrise,false,false
1428410949929,2147483647,2147483647,2147483647,2147483647,-113,13,Sunrise,false,false
1428410949929,2147483647,2147483647,2147483647,2147483647,-113,13,Sunrise,false,false
1428410949929,2147483647,2147483647,2147483647,2147483647,-113,13,Sunrise,false,false
1428410949929,2147483647,2147483647,2147483647,2147483647,-113,13,Sunrise,false,false
1428410949929,2147483647,2147483647,2147483647,2147483647,-113,13,Sunrise,false,false
1428410949929,2147483647,2147483647,2147483647,2147483647,-113,13,Sunrise,false,false
1428410949929,2147483647,2147483647,2147483647,2147483647,-113,13,Sunrise,false,false
1428410949929,2147483647,2147483647,2147483647,2147483647,-113,13,Sunrise,false,false
1428410949929,2147483647,2147483647,2147483647,2147483647,-113,13,Sunrise,false,false
1428410949929,2147483647,2147483647,2147483647,2147483647,-113,13,Sunrise,false,false
1428410949929,2147483647,2147483647,2147483647,2147483647,-113,13,Sunrise,false,false
1428410949929,-1,-1,-1,-1,0,13,Sunrise,false,false
1428410949929,-1,-1,-1,-1,0,13,Sunrise,false,false
1428410949929,-1,-1,-1,-1,0,13,Sunrise,false,false
1428410949929,-1,-1,-1,-1,0,13,Sunrise,false,false
1428411030214,8986368,42010,2,228,-113,13,Sunrise,true,false
1428411030214,2147483647,2147483647,2147483647,2147483647,-113,13,Sunrise,false,false
1428411030214,2147483647,2147483647,2147483647,2147483647,-113,13,Sunrise,false,false
1428411030214,2147483647,2147483647,2147483647,2147483647,-113,13,Sunrise,false,false
1428411030214,2147483647,2147483647,2147483647,2147483647,-113,13,Sunrise,false,false
1428411030214,2147483647,2147483647,2147483647,2147483647,-113,13,Sunrise,false,false
1428411030214,2147483647,2147483647,2147483647,2147483647,-113,13,Sunrise,false,false
1428411030214,2147483647,2147483647,2147483647,2147483647,-113,13,Sunrise,false,false
1428411030214,2147483647,2147483647,2147483647,2147483647,-113,13,Sunrise,false,false
1428411030214,2147483647,2147483647,2147483647,2147483647,-113,13,Sunrise,false,false
1428411030214,2147483647,2147483647,2147483647,2147483647,-113,13,Sunrise,false,false
1428411030214,2147483647,2147483647,2147483647,2147483647,-113,13,Sunrise,false,false
1428411030214,2147483647,2147483647,2147483647,2147483647,-113,13,Sunrise,false,false
1428411030214,2147483647,2147483647,2147483647,2147483647,-113,13,Sunrise,false,false
1428411030214,2147483647,2147483647,2147483647,2147483647,-113,13,Sunrise,false,false
1428411030214,2147483647,2147483647,2147483647,2147483647,-113,13,Sunrise,false,false
1428411030214,2147483647,2147483647,2147483647,2147483647,-113,13,Sunrise,false,false
1428411030214,-1,-1,-1,-1,0,13,Sunrise,false,false
1428411030214,-1,-1,-1,-1,0,13,Sunrise,false,false
1428411030214,-1,-1,-1,-1,0,13,Sunrise,false,false
1428411090559,8986368,42010,2,228,-113,13,Sunrise,true,false
1428411090559,345,2147483647,2147483647,2147483647,-123,13,Sunrise,false,false
1428411090559,2147483647,2147483647,2147483647,2147483647,-113,13,Sunrise,false,false
1428411090559,2147483647,2147483647,2147483647,2147483647,-113,13,Sunrise,false,false
1428411090559,2147483647,2147483647,2147483647,2147483647,-113,13,Sunrise,false,false
1428411090559,2147483647,2147483647,2147483647,2147483647,-113,13,Sunrise,false,false
1428411090559,2147483647,2147483647,2147483647,2147483647,-113,13,Sunrise,false,false
1428411090559,2147483647,2147483647,2147483647,2147483647,-113,13,Sunrise,false,false
1428411090559,2147483647,2147483647,2147483647,2147483647,-113,13,Sunrise,false,false
1428411090559,2147483647,2147483647,2147483647,2147483647,-113,13,Sunrise,false,false
1428411090559,2147483647,2147483647,2147483647,2147483647,-113,13,Sunrise,false,false
1428411090559,2147483647,2147483647,2147483647,2147483647,-113,13,Sunrise,false,false
1428411090559,2147483647,2147483647,2147483647,2147483647,2147483647,13,Sunrise,false,false
1428411090559,2147483647,2147483647,2147483647,2147483647,-113,13,Sunrise,false,false
1428411090559,2147483647,2147483647,2147483647,2147483647,-113,13,Sunrise,false,false
1428411090559,2147483647,2147483647,2147483647,2147483647,-113,13,Sunrise,false,false
1428411090559,2147483647,2147483647,2147483647,2147483647,-113,13,Sunrise,false,false
1428411090559,2147483647,2147483647,2147483647,2147483647,-113,13,Sunrise,false,false
1428411090559,-1,-1,-1,-1,0,13,Sunrise,false,false
1428411090559,-1,-1,-1,-1,0,13,Sunrise,false,false
1428411090559,-1,-1,-1,-1,0,13,Sunrise,false,false
1428411175013,8986368,42010,2,228,-112,13,Sunrise,true,false
1428411175013,345,2147483647,2147483647,2147483647,-123,13,Sunrise,false,false
1428411175013,2147483647,2147483647,2147483647,2147483647,-113,13,Sunrise,false,false
1428411175013,2147483647,2147483647,2147483647,2147483647,-113,13,Sunrise,false,false
1428411175013,2147483647,2147483647,2147483647,2147483647,-113,13,Sunrise,false,false
1428411175013,2147483647,2147483647,2147483647,2147483647,-113,13,Sunrise,false,false
1428411175013,2147483647,2147483647,2147483647,2147483647,-113,13,Sunrise,false,false
1428411175013,2147483647,2147483647,2147483647,2147483647,-113,13,Sunrise,false,false
1428411175013,2147483647,2147483647,2147483647,2147483647,-113,13,Sunrise,false,false
1428411175013,2147483647,2147483647,2147483647,2147483647,-113,13,Sunrise,false,false
1428411175013,2147483647,2147483647,2147483647,2147483647,-113,13,Sunrise,false,false
1428411175013,2147483647,2147483647,2147483647,2147483647,-113,13,Sunrise,false,false
1428411175013,2147483647,2147483647,2147483647,2147483647,2147483647,13,Sunrise,false,false
1428411175013,2147483647,2147483647,2147483647,2147483647,-113,13,Sunrise,false,false
1428411175013,2147483647,2147483647,2147483647,2147483647,-113,13,Sunrise,false,false
1428411175013,2147483647,2147483647,2147483647,2147483647,-113,13,Sunrise,false,false
1428411175013,2147483647,2147483647,2147483647,2147483647,-113,13,Sunrise,false,false
1428411175013,2147483647,2147483647,2147483647,2147483647,-113,13,Sunrise,false,false
1428411175013,-1,-1,-1,-1,0,13,Sunrise,false,false
1428411175013,-1,-1,-1,-1,0,13,Sunrise,false,false
1428411175013,-1,-1,-1,-1,0,13,Sunrise,false,false
1428411235203,8986368,42010,2,228,-111,13,Sunrise,true,false
1428411235203,53,2147483647,2147483647,2147483647,-124,13,Sunrise,false,false
1428411235203,2147483647,2147483647,2147483647,2147483647,-113,13,Sunrise,false,false
1428411235203,2147483647,2147483647,2147483647,2147483647,-113,13,Sunrise,false,false
1428411235203,2147483647,2147483647,2147483647,2147483647,-113,13,Sunrise,false,false
1428411235203,2147483647,2147483647,2147483647,2147483647,-113,13,Sunrise,false,false
1428411235203,2147483647,2147483647,2147483647,2147483647,-113,13,Sunrise,false,false
1428411235203,2147483647,2147483647,2147483647,2147483647,-113,13,Sunrise,false,false
1428411235203,2147483647,2147483647,2147483647,2147483647,-113,13,Sunrise,false,false
1428411235203,2147483647,2147483647,2147483647,2147483647,-113,13,Sunrise,false,false
1428411235203,2147483647,2147483647,2147483647,2147483647,-113,13,Sunrise,false,false
1428411235203,2147483647,2147483647,2147483647,2147483647,-113,13,Sunrise,false,false
1428411235203,2147483647,2147483647,2147483647,2147483647,-113,13,Sunrise,false,false
1428411235203,2147483647,2147483647,2147483647,2147483647,-113,13,Sunrise,false,false
1428411235203,2147483647,2147483647,2147483647,2147483647,-113,13,Sunrise,false,false
1428411235203,2147483647,2147483647,2147483647,2147483647,-113,13,Sunrise,false,false
1428411235203,2147483647,2147483647,2147483647,2147483647,-113,13,Sunrise,false,false
1428411235203,2147483647,2147483647,2147483647,2147483647,-113,13,Sunrise,false,false
1428411235203,-1,-1,-1,-1,0,13,Sunrise,false,false
1428411235203,-1,-1,-1,-1,0,13,Sunrise,false,false
1428411235203,-1,-1,-1,-1,0,13,Sunrise,false,false
1428411325535,8986368,42010,2,228,-113,13,Sunrise,true,false
1428411325535,2147483647,2147483647,2147483647,2147483647,-113,13,Sunrise,false,false
1428411325535,2147483647,2147483647,2147483647,2147483647,-113,13,Sunrise,false,false
1428411325535,2147483647,2147483647,2147483647,2147483647,-113,13,Sunrise,false,false
1428411325535,2147483647,2147483647,2147483647,2147483647,-113,13,Sunrise,false,false
1428411325535,2147483647,2147483647,2147483647,2147483647,-113,13,Sunrise,false,false
1428411325535,2147483647,2147483647,2147483647,2147483647,-113,13,Sunrise,false,false
1428411325535,2147483647,2147483647,2147483647,2147483647,-113,13,Sunrise,false,false
1428411325535,2147483647,2147483647,2147483647,2147483647,-113,13,Sunrise,false,false
1428411325535,2147483647,2147483647,2147483647,2147483647,-113,13,Sunrise,false,false
1428411325535,2147483647,2147483647,2147483647,2147483647,-113,13,Sunrise,false,false
1428411325535,2147483647,2147483647,2147483647,2147483647,-113,13,Sunrise,false,false
1428411325535,2147483647,2147483647,2147483647,2147483647,-113,13,Sunrise,false,false
1428411325535,2147483647,2147483647,2147483647,2147483647,-113,13,Sunrise,false,false
1428411325535,2147483647,2147483647,2147483647,2147483647,-113,13,Sunrise,false,false
1428411325535,2147483647,2147483647,2147483647,2147483647,-113,13,Sunrise,false,false
1428411325535,2147483647,2147483647,2147483647,2147483647,-113,13,Sunrise,false,false
1428411325535,-1,-1,-1,-1,0,13,Sunrise,false,false
1428411325535,-1,-1,-1,-1,0,13,Sunrise,false,false
1428411325535,-1,-1,-1,-1,0,13,Sunrise,false,false
1428411325535,-1,-1,-1,-1,0,13,Sunrise,false,false
1428411421176,8986368,42010,2,228,-110,13,Sunrise,true,false
1428411421176,2147483647,2147483647,2147483647,2147483647,-113,13,Sunrise,false,false
1428411421176,2147483647,2147483647,2147483647,2147483647,-113,13,Sunrise,false,false
1428411421176,2147483647,2147483647,2147483647,2147483647,-113,13,Sunrise,false,false
1428411421176,2147483647,2147483647,2147483647,2147483647,-113,13,Sunrise,false,false
1428411421176,2147483647,2147483647,2147483647,2147483647,-113,13,Sunrise,false,false
1428411421176,2147483647,2147483647,2147483647,2147483647,-113,13,Sunrise,false,false
1428411421176,2147483647,2147483647,2147483647,2147483647,-113,13,Sunrise,false,false
1428411421176,2147483647,2147483647,2147483647,2147483647,-113,13,Sunrise,false,false
1428411421176,2147483647,2147483647,2147483647,2147483647,-113,13,Sunrise,false,false
1428411421176,2147483647,2147483647,2147483647,2147483647,-113,13,Sunrise,false,false
1428411421176,2147483647,2147483647,2147483647,2147483647,-113,13,Sunrise,false,false
1428411421176,2147483647,2147483647,2147483647,2147483647,-113,13,Sunrise,false,false
1428411421176,2147483647,2147483647,2147483647,2147483647,-113,13,Sunrise,false,false
1428411421176,2147483647,2147483647,2147483647,2147483647,-113,13,Sunrise,false,false
1428411421176,2147483647,2147483647,2147483647,2147483647,-113,13,Sunrise,false,false
1428411421176,2147483647,2147483647,2147483647,2147483647,-113,13,Sunrise,false,false
1428411421176,-1,-1,-1,-1,0,13,Sunrise,false,false
1428411421176,-1,-1,-1,-1,0,13,Sunrise,false,false
1428411421176,-1,-1,-1,-1,0,13,Sunrise,false,false
1428411421176,-1,-1,-1,-1,0,13,Sunrise,false,false
1428411481302,8986368,42010,2,228,-113,13,Sunrise,true,false
1428411481302,2147483647,2147483647,2147483647,2147483647,-113,13,Sunrise,false,false
1428411481302,2147483647,2147483647,2147483647,2147483647,-113,13,Sunrise,false,false
1428411481302,2147483647,2147483647,2147483647,2147483647,-113,13,Sunrise,false,false
1428411481302,2147483647,2147483647,2147483647,2147483647,-113,13,Sunrise,false,false
1428411481302,2147483647,2147483647,2147483647,2147483647,-113,13,Sunrise,false,false
1428411481302,2147483647,2147483647,2147483647,2147483647,-113,13,Sunrise,false,false
1428411481302,2147483647,2147483647,2147483647,2147483647,-113,13,Sunrise,false,false
1428411481302,2147483647,2147483647,2147483647,2147483647,-113,13,Sunrise,false,false
1428411481302,2147483647,2147483647,2147483647,2147483647,-113,13,Sunrise,false,false
1428411481302,2147483647,2147483647,2147483647,2147483647,-113,13,Sunrise,false,false
1428411481302,2147483647,2147483647,2147483647,2147483647,-113,13,Sunrise,false,false
1428411481302,2147483647,2147483647,2147483647,2147483647,-113,13,Sunrise,false,false
1428411481302,2147483647,2147483647,2147483647,2147483647,-113,13,Sunrise,false,false
1428411481302,2147483647,2147483647,2147483647,2147483647,-113,13,Sunrise,false,false
1428411481302,2147483647,2147483647,2147483647,2147483647,-113,13,Sunrise,false,false
1428411481302,2147483647,2147483647,2147483647,2147483647,-113,13,Sunrise,false,false
1428411481302,-1,-1,-1,-1,0,13,Sunrise,false,false
1428411481302,-1,-1,-1,-1,0,13,Sunrise,false,false
1428411481302,-1,-1,-1,-1,0,13,Sunrise,false,false
1428411481302,-1,-1,-1,-1,0,13,Sunrise,false,false
1428411565796,8986368,42010,2,228,-112,13,Sunrise,true,false
1428411565796,2147483647,2147483647,2147483647,2147483647,-113,13,Sunrise,false,false
1428411565796,2147483647,2147483647,2147483647,2147483647,-113,13,Sunrise,false,false
1428411565796,2147483647,2147483647,2147483647,2147483647,-113,13,Sunrise,false,false
1428411565796,2147483647,2147483647,2147483647,2147483647,-113,13,Sunrise,false,false
1428411565796,2147483647,2147483647,2147483647,2147483647,-113,13,Sunrise,false,false
1428411565796,2147483647,2147483647,2147483647,2147483647,-113,13,Sunrise,false,false
1428411565796,2147483647,2147483647,2147483647,2147483647,-113,13,Sunrise,false,false
1428411565796,2147483647,2147483647,2147483647,2147483647,-113,13,Sunrise,false,false
1428411565796,2147483647,2147483647,2147483647,2147483647,-113,13,Sunrise,false,false
1428411565796,2147483647,2147483647,2147483647,2147483647,-113,13,Sunrise,false,false
1428411565796,2147483647,2147483647,2147483647,2147483647,-113,13,Sunrise,false,false
1428411565796,2147483647,2147483647,2147483647,2147483647,-113,13,Sunrise,false,false
1428411565796,2147483647,2147483647,2147483647,2147483647,-113,13,Sunrise,false,false
1428411565796,2147483647,2147483647,2147483647,2147483647,-113,13,Sunrise,false,false
1428411565796,2147483647,2147483647,2147483647,2147483647,-113,13,Sunrise,false,false
1428411565796,2147483647,2147483647,2147483647,2147483647,-113,13,Sunrise,false,false
1428411565796,-1,-1,-1,-1,0,13,Sunrise,false,false
1428411565796,-1,-1,-1,-1,0,13,Sunrise,false,false
1428411565796,-1,-1,-1,-1,0,13,Sunrise,false,false
1428411565796,-1,-1,-1,-1,0,13,Sunrise,false,false
1428411644365,8986368,42010,2,228,-113,13,Sunrise,true,false
1428411644365,2147483647,2147483647,2147483647,2147483647,-113,13,Sunrise,false,false
1428411644365,2147483647,2147483647,2147483647,2147483647,-113,13,Sunrise,false,false
1428411644365,2147483647,2147483647,2147483647,2147483647,-113,13,Sunrise,false,false
1428411644365,2147483647,2147483647,2147483647,2147483647,-113,13,Sunrise,false,false
1428411644365,2147483647,2147483647,2147483647,2147483647,-113,13,Sunrise,false,false
1428411644365,2147483647,2147483647,2147483647,2147483647,-113,13,Sunrise,false,false
1428411644365,2147483647,2147483647,2147483647,2147483647,-113,13,Sunrise,false,false
1428411644365,2147483647,2147483647,2147483647,2147483647,-113,13,Sunrise,false,false
1428411644365,2147483647,2147483647,2147483647,2147483647,-113,13,Sunrise,false,false
1428411644365,2147483647,2147483647,2147483647,2147483647,-113,13,Sunrise,false,false
1428411644365,2147483647,2147483647,2147483647,2147483647,-113,13,Sunrise,false,false
1428411644365,2147483647,2147483647,2147483647,2147483647,-113,13,Sunrise,false,false
1428411644365,2147483647,2147483647,2147483647,2147483647,-113,13,Sunrise,false,false
1428411644365,2147483647,2147483647,2147483647,2147483647,-113,13,Sunrise,false,false
1428411644365,2147483647,2147483647,2147483647,2147483647,-113,13,Sunrise,false,false
1428411644365,2147483647,2147483647,2147483647,2147483647,-113,13,Sunrise,false,false
1428411644365,-1,-1,-1,-1,0,13,Sunrise,false,false
1428411644365,-1,-1,-1,-1,0,13,Sunrise,false,false
1428411644365,-1,-1,-1,-1,0,13,Sunrise,false,false
1428411644365,-1,-1,-1,-1,0,13,Sunrise,false,false
1428411704660,8986368,42010,2,228,-111,13,Sunrise,true,false
1428411704660,2147483647,2147483647,2147483647,2147483647,-113,13,Sunrise,false,false
1428411704660,2147483647,2147483647,2147483647,2147483647,-113,13,Sunrise,false,false
1428411704660,2147483647,2147483647,2147483647,2147483647,-113,13,Sunrise,false,false
1428411704660,2147483647,2147483647,2147483647,2147483647,-113,13,Sunrise,false,false
1428411704660,2147483647,2147483647,2147483647,2147483647,-113,13,Sunrise,false,false
1428411704660,2147483647,2147483647,2147483647,2147483647,-113,13,Sunrise,false,false
1428411704660,2147483647,2147483647,2147483647,2147483647,-113,13,Sunrise,false,false
1428411704660,2147483647,2147483647,2147483647,2147483647,-113,13,Sunrise,false,false
1428411704660,2147483647,2147483647,2147483647,2147483647,-113,13,Sunrise,false,false
1428411704660,2147483647,2147483647,2147483647,2147483647,-113,13,Sunrise,false,false
1428411704660,2147483647,2147483647,2147483647,2147483647,-113,13,Sunrise,false,false
1428411704660,2147483647,2147483647,2147483647,2147483647,-113,13,Sunrise,false,false
1428411704660,2147483647,2147483647,2147483647,2147483647,-113,13,Sunrise,false,false
1428411704660,2147483647,2147483647,2147483647,2147483647,-113,13,Sunrise,false,false
1428411704660,2147483647,2147483647,2147483647,2147483647,-113,13,Sunrise,false,false
1428411704660,2147483647,2147483647,2147483647,2147483647,-113,13,Sunrise,false,false
1428411704660,-1,-1,-1,-1,0,13,Sunrise,false,false
1428411704660,-1,-1,-1,-1,0,13,Sunrise,false,false
1428411704660,-1,-1,-1,-1,0,13,Sunrise,false,false
1428411704660,-1,-1,-1,-1,0,13,Sunrise,false,false
1428411766489,8986368,42010,2,228,-112,13,Sunrise,true,false
1428411766489,2147483647,2147483647,2147483647,2147483647,-113,13,Sunrise,false,false
1428411766489,2147483647,2147483647,2147483647,2147483647,-113,13,Sunrise,false,false
1428411766489,2147483647,2147483647,2147483647,2147483647,-113,13,Sunrise,false,false
1428411766489,2147483647,2147483647,2147483647,2147483647,-113,13,Sunrise,false,false
1428411766489,2147483647,2147483647,2147483647,2147483647,-113,13,Sunrise,false,false
1428411766489,2147483647,2147483647,2147483647,2147483647,-113,13,Sunrise,false,false
1428411766489,2147483647,2147483647,2147483647,2147483647,-113,13,Sunrise,false,false
1428411766489,2147483647,2147483647,2147483647,2147483647,-113,13,Sunrise,false,false
1428411766489,2147483647,2147483647,2147483647,2147483647,-113,13,Sunrise,false,false
1428411766489,2147483647,2147483647,2147483647,2147483647,-113,13,Sunrise,false,false
1428411766489,2147483647,2147483647,2147483647,2147483647,-113,13,Sunrise,false,false
1428411766489,2147483647,2147483647,2147483647,2147483647,-113,13,Sunrise,false,false
1428411766489,2147483647,2147483647,2147483647,2147483647,-113,13,Sunrise,false,false
1428411766489,2147483647,2147483647,2147483647,2147483647,-113,13,Sunrise,false,false
1428411766489,2147483647,2147483647,2147483647,2147483647,-113,13,Sunrise,false,false
1428411766489,2147483647,2147483647,2147483647,2147483647,-113,13,Sunrise,false,false
1428411766489,-1,-1,-1,-1,0,13,Sunrise,false,false
1428411766489,-1,-1,-1,-1,0,13,Sunrise,false,false
1428411766489,-1,-1,-1,-1,0,13,Sunrise,false,false
1428411766489,-1,-1,-1,-1,0,13,Sunrise,false,false
1428411866121,8986368,42010,2,228,-112,13,Sunrise,true,false
1428411866121,2147483647,2147483647,2147483647,2147483647,-113,13,Sunrise,false,false
1428411866121,2147483647,2147483647,2147483647,2147483647,-113,13,Sunrise,false,false
1428411866121,2147483647,2147483647,2147483647,2147483647,-113,13,Sunrise,false,false
1428411866121,2147483647,2147483647,2147483647,2147483647,-113,13,Sunrise,false,false
1428411866121,2147483647,2147483647,2147483647,2147483647,-113,13,Sunrise,false,false
1428411866121,2147483647,2147483647,2147483647,2147483647,-113,13,Sunrise,false,false
1428411866121,2147483647,2147483647,2147483647,2147483647,-113,13,Sunrise,false,false
1428411866121,2147483647,2147483647,2147483647,2147483647,-113,13,Sunrise,false,false
1428411866121,2147483647,2147483647,2147483647,2147483647,-113,13,Sunrise,false,false
1428411866121,2147483647,2147483647,2147483647,2147483647,-113,13,Sunrise,false,false
1428411866121,2147483647,2147483647,2147483647,2147483647,-113,13,Sunrise,false,false
1428411866121,2147483647,2147483647,2147483647,2147483647,-113,13,Sunrise,false,false
1428411866121,2147483647,2147483647,2147483647,2147483647,-113,13,Sunrise,false,false
1428411866121,2147483647,2147483647,2147483647,2147483647,-113,13,Sunrise,false,false
1428411866121,2147483647,2147483647,2147483647,2147483647,-113,13,Sunrise,false,false
1428411866121,2147483647,2147483647,2147483647,2147483647,-113,13,Sunrise,false,false
1428411866121,-1,-1,-1,-1,0,13,Sunrise,false,false
1428411866121,-1,-1,-1,-1,0,13,Sunrise,false,false
1428411866121,-1,-1,-1,-1,0,13,Sunrise,false,false
1428411866121,-1,-1,-1,-1,0,13,Sunrise,false,false
1428411926392,8986368,42010,2,228,-110,13,Sunrise,true,false
1428411926392,51,2147483647,2147483647,2147483647,-129,13,Sunrise,false,false
1428411926392,2147483647,2147483647,2147483647,2147483647,-113,13,Sunrise,false,false
1428411926392,2147483647,2147483647,2147483647,2147483647,-113,13,Sunrise,false,false
1428411926392,2147483647,2147483647,2147483647,2147483647,-113,13,Sunrise,false,false
1428411926392,2147483647,2147483647,2147483647,2147483647,-113,13,Sunrise,false,false
1428411926392,2147483647,2147483647,2147483647,2147483647,-113,13,Sunrise,false,false
1428411926392,2147483647,2147483647,2147483647,2147483647,-113,13,Sunrise,false,false
1428411926392,2147483647,2147483647,2147483647,2147483647,-113,13,Sunrise,false,false
1428411926392,2147483647,2147483647,2147483647,2147483647,-113,13,Sunrise,false,false
1428411926392,2147483647,2147483647,2147483647,2147483647,-113,13,Sunrise,false,false
1428411926392,2147483647,2147483647,2147483647,2147483647,-113,13,Sunrise,false,false
1428411926392,2147483647,2147483647,2147483647,2147483647,-113,13,Sunrise,false,false
1428411926392,2147483647,2147483647,2147483647,2147483647,-113,13,Sunrise,false,false
1428411926392,2147483647,2147483647,2147483647,2147483647,-113,13,Sunrise,false,false
1428411926392,2147483647,2147483647,2147483647,2147483647,-113,13,Sunrise,false,false
1428411926392,2147483647,2147483647,2147483647,2147483647,-113,13,Sunrise,false,false
1428411926392,2147483647,2147483647,2147483647,2147483647,-113,13,Sunrise,false,false
1428411926392,-1,-1,-1,-1,0,13,Sunrise,false,false
1428411926392,-1,-1,-1,-1,0,13,Sunrise,false,false
1428411926392,-1,-1,-1,-1,0,13,Sunrise,false,false
1428411926392,-1,-1,-1,-1,0,13,Sunrise,false,false
1428411986528,8986368,42010,2,228,-110,13,Sunrise,true,false
1428411986528,2147483647,2147483647,2147483647,2147483647,-113,13,Sunrise,false,false
1428411986528,2147483647,2147483647,2147483647,2147483647,-113,13,Sunrise,false,false
1428411986528,2147483647,2147483647,2147483647,2147483647,-113,13,Sunrise,false,false
1428411986528,2147483647,2147483647,2147483647,2147483647,-113,13,Sunrise,false,false
1428411986528,2147483647,2147483647,2147483647,2147483647,-113,13,Sunrise,false,false
1428411986528,2147483647,2147483647,2147483647,2147483647,-113,13,Sunrise,false,false
1428411986528,2147483647,2147483647,2147483647,2147483647,-113,13,Sunrise,false,false
1428411986528,2147483647,2147483647,2147483647,2147483647,-113,13,Sunrise,false,false
1428411986528,2147483647,2147483647,2147483647,2147483647,-113,13,Sunrise,false,false
1428411986528,2147483647,2147483647,2147483647,2147483647,-113,13,Sunrise,false,false
1428411986528,2147483647,2147483647,2147483647,2147483647,-113,13,Sunrise,false,false
1428411986528,2147483647,2147483647,2147483647,2147483647,-113,13,Sunrise,false,false
1428411986528,2147483647,2147483647,2147483647,2147483647,-113,13,Sunrise,false,false
1428411986528,2147483647,2147483647,2147483647,2147483647,-113,13,Sunrise,false,false
1428411986528,2147483647,2147483647,2147483647,2147483647,-113,13,Sunrise,false,false
1428411986528,2147483647,2147483647,2147483647,2147483647,-113,13,Sunrise,false,false
1428411986528,-1,-1,-1,-1,0,13,Sunrise,false,false
1428411986528,-1,-1,-1,-1,0,13,Sunrise,false,false
1428411986528,-1,-1,-1,-1,0,13,Sunrise,false,false
1428411986528,-1,-1,-1,-1,0,13,Sunrise,false,false
1428412051662,8986368,42010,2,228,-112,13,Sunrise,true,false
1428412051662,2147483647,2147483647,2147483647,2147483647,-113,13,Sunrise,false,false
1428412051662,2147483647,2147483647,2147483647,2147483647,-113,13,Sunrise,false,false
1428412051662,2147483647,2147483647,2147483647,2147483647,-113,13,Sunrise,false,false
1428412051662,2147483647,2147483647,2147483647,2147483647,-113,13,Sunrise,false,false
1428412051662,2147483647,2147483647,2147483647,2147483647,-113,13,Sunrise,false,false
1428412051662,2147483647,2147483647,2147483647,2147483647,-113,13,Sunrise,false,false
1428412051662,2147483647,2147483647,2147483647,2147483647,-113,13,Sunrise,false,false
1428412051662,2147483647,2147483647,2147483647,2147483647,-113,13,Sunrise,false,false
1428412051662,2147483647,2147483647,2147483647,2147483647,-113,13,Sunrise,false,false
1428412051662,2147483647,2147483647,2147483647,2147483647,-113,13,Sunrise,false,false
1428412051662,2147483647,2147483647,2147483647,2147483647,-113,13,Sunrise,false,false
1428412051662,2147483647,2147483647,2147483647,2147483647,-113,13,Sunrise,false,false
1428412051662,2147483647,2147483647,2147483647,2147483647,-113,13,Sunrise,false,false
1428412051662,2147483647,2147483647,2147483647,2147483647,-113,13,Sunrise,false,false
1428412051662,2147483647,2147483647,2147483647,2147483647,-113,13,Sunrise,false,false
1428412051662,2147483647,2147483647,2147483647,2147483647,-113,13,Sunrise,false,false
1428412051662,-1,-1,-1,-1,0,13,Sunrise,false,false
1428412051662,-1,-1,-1,-1,0,13,Sunrise,false,false
1428412051662,-1,-1,-1,-1,0,13,Sunrise,false,false
1428412051662,-1,-1,-1,-1,0,13,Sunrise,false,false
1428412149262,8986368,42010,2,228,-111,13,Sunrise,true,false
1428412149262,2147483647,2147483647,2147483647,2147483647,-113,13,Sunrise,false,false
1428412149262,2147483647,2147483647,2147483647,2147483647,-113,13,Sunrise,false,false
1428412149262,2147483647,2147483647,2147483647,2147483647,-113,13,Sunrise,false,false
1428412149262,2147483647,2147483647,2147483647,2147483647,-113,13,Sunrise,false,false
1428412149262,2147483647,2147483647,2147483647,2147483647,-113,13,Sunrise,false,false
1428412149262,2147483647,2147483647,2147483647,2147483647,-113,13,Sunrise,false,false
1428412149262,2147483647,2147483647,2147483647,2147483647,-113,13,Sunrise,false,false
1428412149262,2147483647,2147483647,2147483647,2147483647,-113,13,Sunrise,false,false
1428412149262,2147483647,2147483647,2147483647,2147483647,-113,13,Sunrise,false,false
1428412149262,2147483647,2147483647,2147483647,2147483647,-113,13,Sunrise,false,false
1428412149262,2147483647,2147483647,2147483647,2147483647,-113,13,Sunrise,false,false
1428412149262,2147483647,2147483647,2147483647,2147483647,-113,13,Sunrise,false,false
1428412149262,2147483647,2147483647,2147483647,2147483647,-113,13,Sunrise,false,false
1428412149262,2147483647,2147483647,2147483647,2147483647,-113,13,Sunrise,false,false
1428412149262,2147483647,2147483647,2147483647,2147483647,-113,13,Sunrise,false,false
1428412149262,2147483647,2147483647,2147483647,2147483647,-113,13,Sunrise,false,false
1428412149262,-1,-1,-1,-1,0,13,Sunrise,false,false
1428412149262,-1,-1,-1,-1,0,13,Sunrise,false,false
1428412149262,-1,-1,-1,-1,0,13,Sunrise,false,false
1428412149262,-1,-1,-1,-1,0,13,Sunrise,false,false
1428412226048,8986368,42010,2,228,-113,13,Sunrise,true,false
1428412226048,2147483647,2147483647,2147483647,2147483647,-113,13,Sunrise,false,false
1428412226048,2147483647,2147483647,2147483647,2147483647,-113,13,Sunrise,false,false
1428412226048,2147483647,2147483647,2147483647,2147483647,-113,13,Sunrise,false,false
1428412226048,2147483647,2147483647,2147483647,2147483647,-113,13,Sunrise,false,false
1428412226048,2147483647,2147483647,2147483647,2147483647,-113,13,Sunrise,false,false
1428412226048,2147483647,2147483647,2147483647,2147483647,-113,13,Sunrise,false,false
1428412226048,2147483647,2147483647,2147483647,2147483647,-113,13,Sunrise,false,false
1428412226048,2147483647,2147483647,2147483647,2147483647,-113,13,Sunrise,false,false
1428412226048,2147483647,2147483647,2147483647,2147483647,-113,13,Sunrise,false,false
1428412226048,2147483647,2147483647,2147483647,2147483647,-113,13,Sunrise,false,false
1428412226048,2147483647,2147483647,2147483647,2147483647,-113,13,Sunrise,false,false
1428412226048,2147483647,2147483647,2147483647,2147483647,-113,13,Sunrise,false,false
1428412226048,2147483647,2147483647,2147483647,2147483647,-113,13,Sunrise,false,false
1428412226048,2147483647,2147483647,2147483647,2147483647,-113,13,Sunrise,false,false
1428412226048,2147483647,2147483647,2147483647,2147483647,-113,13,Sunrise,false,false
1428412226048,2147483647,2147483647,2147483647,2147483647,-113,13,Sunrise,false,false
1428412226048,-1,-1,-1,-1,0,13,Sunrise,false,false
1428412226048,-1,-1,-1,-1,0,13,Sunrise,false,false
1428412226048,-1,-1,-1,-1,0,13,Sunrise,false,false
1428412226048,-1,-1,-1,-1,0,13,Sunrise,false,false
1428412286176,8986368,42010,2,228,-112,13,Sunrise,true,false
1428412286176,2147483647,2147483647,2147483647,2147483647,-113,13,Sunrise,false,false
1428412286176,2147483647,2147483647,2147483647,2147483647,-113,13,Sunrise,false,false
1428412286176,2147483647,2147483647,2147483647,2147483647,-113,13,Sunrise,false,false
1428412286176,2147483647,2147483647,2147483647,2147483647,-113,13,Sunrise,false,false
1428412286176,2147483647,2147483647,2147483647,2147483647,-113,13,Sunrise,false,false
1428412286176,2147483647,2147483647,2147483647,2147483647,-113,13,Sunrise,false,false
1428412286176,2147483647,2147483647,2147483647,2147483647,-113,13,Sunrise,false,false
1428412286176,2147483647,2147483647,2147483647,2147483647,-113,13,Sunrise,false,false
1428412286176,2147483647,2147483647,2147483647,2147483647,-113,13,Sunrise,false,false
1428412286176,2147483647,2147483647,2147483647,2147483647,-113,13,Sunrise,false,false
1428412286176,2147483647,2147483647,2147483647,2147483647,-113,13,Sunrise,false,false
1428412286176,2147483647,2147483647,2147483647,2147483647,-113,13,Sunrise,false,false
1428412286176,2147483647,2147483647,2147483647,2147483647,-113,13,Sunrise,false,false
1428412286176,2147483647,2147483647,2147483647,2147483647,-113,13,Sunrise,false,false
1428412286176,2147483647,2147483647,2147483647,2147483647,-113,13,Sunrise,false,false
1428412286176,2147483647,2147483647,2147483647,2147483647,-113,13,Sunrise,false,false
1428412286176,-1,-1,-1,-1,0,13,Sunrise,false,false
1428412286176,-1,-1,-1,-1,0,13,Sunrise,false,false
1428412286176,-1,-1,-1,-1,0,13,Sunrise,false,false
1428412286176,-1,-1,-1,-1,0,13,Sunrise,false,false
1428412346294,8986368,42010,2,228,-113,13,Sunrise,true,false
1428412346294,2147483647,2147483647,2147483647,2147483647,-113,13,Sunrise,false,false
1428412346294,2147483647,2147483647,2147483647,2147483647,-113,13,Sunrise,false,false
1428412346294,2147483647,2147483647,2147483647,2147483647,-113,13,Sunrise,false,false
1428412346294,2147483647,2147483647,2147483647,2147483647,-113,13,Sunrise,false,false
1428412346294,2147483647,2147483647,2147483647,2147483647,-113,13,Sunrise,false,false
1428412346294,2147483647,2147483647,2147483647,2147483647,-113,13,Sunrise,false,false
1428412346294,2147483647,2147483647,2147483647,2147483647,-113,13,Sunrise,false,false
1428412346294,2147483647,2147483647,2147483647,2147483647,-113,13,Sunrise,false,false
1428412346294,2147483647,2147483647,2147483647,2147483647,-113,13,Sunrise,false,false
1428412346294,2147483647,2147483647,2147483647,2147483647,-113,13,Sunrise,false,false
1428412346294,2147483647,2147483647,2147483647,2147483647,-113,13,Sunrise,false,false
1428412346294,2147483647,2147483647,2147483647,2147483647,-113,13,Sunrise,false,false
1428412346294,2147483647,2147483647,2147483647,2147483647,-113,13,Sunrise,false,false
1428412346294,2147483647,2147483647,2147483647,2147483647,-113,13,Sunrise,false,false
1428412346294,2147483647,2147483647,2147483647,2147483647,-113,13,Sunrise,false,false
1428412346294,2147483647,2147483647,2147483647,2147483647,-113,13,Sunrise,false,false
1428412346294,-1,-1,-1,-1,0,13,Sunrise,false,false
1428412346294,-1,-1,-1,-1,0,13,Sunrise,false,false
1428412346294,-1,-1,-1,-1,0,13,Sunrise,false,false
1428412346294,-1,-1,-1,-1,0,13,Sunrise,false,false
1428412406544,8986368,42010,2,228,-113,13,Sunrise,true,false
1428412406544,2147483647,2147483647,2147483647,2147483647,-113,13,Sunrise,false,false
1428412406544,2147483647,2147483647,2147483647,2147483647,-113,13,Sunrise,false,false
1428412406544,2147483647,2147483647,2147483647,2147483647,-113,13,Sunrise,false,false
1428412406544,2147483647,2147483647,2147483647,2147483647,-113,13,Sunrise,false,false
1428412406544,2147483647,2147483647,2147483647,2147483647,-113,13,Sunrise,false,false
1428412406544,2147483647,2147483647,2147483647,2147483647,-113,13,Sunrise,false,false
1428412406544,2147483647,2147483647,2147483647,2147483647,-113,13,Sunrise,false,false
1428412406544,2147483647,2147483647,2147483647,2147483647,-113,13,Sunrise,false,false
1428412406544,2147483647,2147483647,2147483647,2147483647,-113,13,Sunrise,false,false
1428412406544,2147483647,2147483647,2147483647,2147483647,-113,13,Sunrise,false,false
1428412406544,2147483647,2147483647,2147483647,2147483647,-113,13,Sunrise,false,false
1428412406544,2147483647,2147483647,2147483647,2147483647,-113,13,Sunrise,false,false
1428412406544,2147483647,2147483647,2147483647,2147483647,-113,13,Sunrise,false,false
1428412406544,2147483647,2147483647,2147483647,2147483647,-113,13,Sunrise,false,false
1428412406544,2147483647,2147483647,2147483647,2147483647,-113,13,Sunrise,false,false
1428412406544,2147483647,2147483647,2147483647,2147483647,-113,13,Sunrise,false,false
1428412406544,-1,-1,-1,-1,0,13,Sunrise,false,false
1428412406544,-1,-1,-1,-1,0,13,Sunrise,false,false
1428412406544,-1,-1,-1,-1,0,13,Sunrise,false,false
1428412406544,-1,-1,-1,-1,0,13,Sunrise,false,false
1428412486523,8986368,42010,2,228,-112,13,Sunrise,true,false
1428412486523,2147483647,2147483647,2147483647,2147483647,-113,13,Sunrise,false,false
1428412486523,2147483647,2147483647,2147483647,2147483647,-113,13,Sunrise,false,false
1428412486523,2147483647,2147483647,2147483647,2147483647,-113,13,Sunrise,false,false
1428412486523,2147483647,2147483647,2147483647,2147483647,-113,13,Sunrise,false,false
1428412486523,2147483647,2147483647,2147483647,2147483647,-113,13,Sunrise,false,false
1428412486523,2147483647,2147483647,2147483647,2147483647,-113,13,Sunrise,false,false
1428412486523,2147483647,2147483647,2147483647,2147483647,-113,13,Sunrise,false,false
1428412486523,2147483647,2147483647,2147483647,2147483647,-113,13,Sunrise,false,false
1428412486523,2147483647,2147483647,2147483647,2147483647,-113,13,Sunrise,false,false
1428412486523,2147483647,2147483647,2147483647,2147483647,-113,13,Sunrise,false,false
1428412486523,2147483647,2147483647,2147483647,2147483647,-113,13,Sunrise,false,false
1428412486523,2147483647,2147483647,2147483647,2147483647,-113,13,Sunrise,false,false
1428412486523,2147483647,2147483647,2147483647,2147483647,-113,13,Sunrise,false,false
1428412486523,2147483647,2147483647,2147483647,2147483647,-113,13,Sunrise,false,false
1428412486523,2147483647,2147483647,2147483647,2147483647,-113,13,Sunrise,false,false
1428412486523,2147483647,2147483647,2147483647,2147483647,-113,13,Sunrise,false,false
1428412486523,-1,-1,-1,-1,0,13,Sunrise,false,false
1428412486523,-1,-1,-1,-1,0,13,Sunrise,false,false
1428412486523,-1,-1,-1,-1,0,13,Sunrise,false,false
1428412486523,-1,-1,-1,-1,0,13,Sunrise,false,false
1428412546908,8986368,42010,2,228,-113,13,Sunrise,true,false
1428412546908,2147483647,2147483647,2147483647,2147483647,-113,13,Sunrise,false,false
1428412546908,2147483647,2147483647,2147483647,2147483647,-113,13,Sunrise,false,false
1428412546908,2147483647,2147483647,2147483647,2147483647,-113,13,Sunrise,false,false
1428412546908,2147483647,2147483647,2147483647,2147483647,-113,13,Sunrise,false,false
1428412546908,2147483647,2147483647,2147483647,2147483647,-113,13,Sunrise,false,false
1428412546908,2147483647,2147483647,2147483647,2147483647,-113,13,Sunrise,false,false
1428412546908,2147483647,2147483647,2147483647,2147483647,-113,13,Sunrise,false,false
1428412546908,2147483647,2147483647,2147483647,2147483647,-113,13,Sunrise,false,false
1428412546908,2147483647,2147483647,2147483647,2147483647,-113,13,Sunrise,false,false
1428412546908,2147483647,2147483647,2147483647,2147483647,-113,13,Sunrise,false,false
1428412546908,2147483647,2147483647,2147483647,2147483647,-113,13,Sunrise,false,false
1428412546908,2147483647,2147483647,2147483647,2147483647,-113,13,Sunrise,false,false
1428412546908,2147483647,2147483647,2147483647,2147483647,-113,13,Sunrise,false,false
1428412546908,2147483647,2147483647,2147483647,2147483647,-113,13,Sunrise,false,false
1428412546908,2147483647,2147483647,2147483647,2147483647,-113,13,Sunrise,false,false
1428412546908,2147483647,2147483647,2147483647,2147483647,-113,13,Sunrise,false,false
1428412546908,-1,-1,-1,-1,0,13,Sunrise,false,false
1428412546908,-1,-1,-1,-1,0,13,Sunrise,false,false
1428412546908,-1,-1,-1,-1,0,13,Sunrise,false,false
1428412546908,-1,-1,-1,-1,0,13,Sunrise,false,false
1428412651808,8986368,42010,2,228,-113,13,Sunrise,true,false
1428412651808,345,2147483647,2147483647,2147483647,-118,13,Sunrise,false,false
1428412651808,2147483647,2147483647,2147483647,2147483647,-113,13,Sunrise,false,false
1428412651808,2147483647,2147483647,2147483647,2147483647,-113,13,Sunrise,false,false
1428412651808,2147483647,2147483647,2147483647,2147483647,-113,13,Sunrise,false,false
1428412651808,2147483647,2147483647,2147483647,2147483647,-113,13,Sunrise,false,false
1428412651808,2147483647,2147483647,2147483647,2147483647,-113,13,Sunrise,false,false
1428412651808,2147483647,2147483647,2147483647,2147483647,-113,13,Sunrise,false,false
1428412651808,2147483647,2147483647,2147483647,2147483647,-113,13,Sunrise,false,false
1428412651808,2147483647,2147483647,2147483647,2147483647,-113,13,Sunrise,false,false
1428412651808,2147483647,2147483647,2147483647,2147483647,-113,13,Sunrise,false,false
1428412651808,2147483647,2147483647,2147483647,2147483647,-113,13,Sunrise,false,false
1428412651808,2147483647,2147483647,2147483647,2147483647,-113,13,Sunrise,false,false
1428412651808,2147483647,2147483647,2147483647,2147483647,-113,13,Sunrise,false,false
1428412651808,2147483647,2147483647,2147483647,2147483647,-113,13,Sunrise,false,false
1428412651808,2147483647,2147483647,2147483647,2147483647,-113,13,Sunrise,false,false
1428412651808,2147483647,2147483647,2147483647,2147483647,-113,13,Sunrise,false,false
1428412651808,2147483647,2147483647,2147483647,2147483647,-113,13,Sunrise,false,false
1428412651808,-1,-1,-1,-1,0,13,Sunrise,false,false
1428412651808,-1,-1,-1,-1,0,13,Sunrise,false,false
1428412651808,-1,-1,-1,-1,0,13,Sunrise,false,false
1428412651808,-1,-1,-1,-1,0,13,Sunrise,false,false
1428412716532,8986368,42010,2,228,-113,13,Sunrise,true,false
1428412716532,51,2147483647,2147483647,2147483647,-127,13,Sunrise,false,false
1428412716532,2147483647,2147483647,2147483647,2147483647,-113,13,Sunrise,false,false
1428412716532,2147483647,2147483647,2147483647,2147483647,-113,13,Sunrise,false,false
1428412716532,2147483647,2147483647,2147483647,2147483647,-113,13,Sunrise,false,false
1428412716532,2147483647,2147483647,2147483647,2147483647,-113,13,Sunrise,false,false
1428412716532,2147483647,2147483647,2147483647,2147483647,-113,13,Sunrise,false,false
1428412716532,2147483647,2147483647,2147483647,2147483647,-113,13,Sunrise,false,false
1428412716532,2147483647,2147483647,2147483647,2147483647,-113,13,Sunrise,false,false
1428412716532,2147483647,2147483647,2147483647,2147483647,-113,13,Sunrise,false,false
1428412716532,2147483647,2147483647,2147483647,2147483647,-113,13,Sunrise,false,false
1428412716532,2147483647,2147483647,2147483647,2147483647,-113,13,Sunrise,false,false
1428412716532,2147483647,2147483647,2147483647,2147483647,-113,13,Sunrise,false,false
1428412716532,2147483647,2147483647,2147483647,2147483647,-113,13,Sunrise,false,false
1428412716532,2147483647,2147483647,2147483647,2147483647,-113,13,Sunrise,false,false
1428412716532,2147483647,2147483647,2147483647,2147483647,-113,13,Sunrise,false,false
1428412716532,2147483647,2147483647,2147483647,2147483647,-113,13,Sunrise,false,false
1428412716532,2147483647,2147483647,2147483647,2147483647,-113,13,Sunrise,false,false
1428412716532,-1,-1,-1,-1,0,13,Sunrise,false,false
1428412716532,-1,-1,-1,-1,0,13,Sunrise,false,false
1428412716532,-1,-1,-1,-1,0,13,Sunrise,false,false
1428412716532,-1,-1,-1,-1,0,13,Sunrise,false,false
1428412788100,8986368,42010,2,228,-114,13,Sunrise,true,false
1428412788100,2147483647,2147483647,2147483647,2147483647,-113,13,Sunrise,false,false
1428412788100,2147483647,2147483647,2147483647,2147483647,-113,13,Sunrise,false,false
1428412788100,2147483647,2147483647,2147483647,2147483647,-113,13,Sunrise,false,false
1428412788100,2147483647,2147483647,2147483647,2147483647,-113,13,Sunrise,false,false
1428412788100,2147483647,2147483647,2147483647,2147483647,-113,13,Sunrise,false,false
1428412788100,2147483647,2147483647,2147483647,2147483647,-113,13,Sunrise,false,false
1428412788100,2147483647,2147483647,2147483647,2147483647,-113,13,Sunrise,false,false
1428412788100,2147483647,2147483647,2147483647,2147483647,-113,13,Sunrise,false,false
1428412788100,2147483647,2147483647,2147483647,2147483647,-113,13,Sunrise,false,false
1428412788100,2147483647,2147483647,2147483647,2147483647,-113,13,Sunrise,false,false
1428412788100,2147483647,2147483647,2147483647,2147483647,-113,13,Sunrise,false,false
1428412788100,2147483647,2147483647,2147483647,2147483647,-113,13,Sunrise,false,false
1428412788100,2147483647,2147483647,2147483647,2147483647,-113,13,Sunrise,false,false
1428412788100,2147483647,2147483647,2147483647,2147483647,-113,13,Sunrise,false,false
1428412788100,2147483647,2147483647,2147483647,2147483647,-113,13,Sunrise,false,false
1428412788100,2147483647,2147483647,2147483647,2147483647,-113,13,Sunrise,false,false
1428412788100,-1,-1,-1,-1,0,13,Sunrise,false,false
1428412788100,-1,-1,-1,-1,0,13,Sunrise,false,false
1428412788100,-1,-1,-1,-1,0,13,Sunrise,false,false
1428412788100,-1,-1,-1,-1,0,13,Sunrise,false,false
1428412848453,8986368,42010,2,228,-113,13,Sunrise,true,false
1428412848453,2147483647,2147483647,2147483647,2147483647,-113,13,Sunrise,false,false
1428412848453,2147483647,2147483647,2147483647,2147483647,-113,13,Sunrise,false,false
1428412848453,2147483647,2147483647,2147483647,2147483647,-113,13,Sunrise,false,false
1428412848453,2147483647,2147483647,2147483647,2147483647,-113,13,Sunrise,false,false
1428412848453,2147483647,2147483647,2147483647,2147483647,-113,13,Sunrise,false,false
1428412848453,2147483647,2147483647,2147483647,2147483647,-113,13,Sunrise,false,false
1428412848453,2147483647,2147483647,2147483647,2147483647,-113,13,Sunrise,false,false
1428412848453,2147483647,2147483647,2147483647,2147483647,-113,13,Sunrise,false,false
1428412848453,2147483647,2147483647,2147483647,2147483647,-113,13,Sunrise,false,false
1428412848453,2147483647,2147483647,2147483647,2147483647,-113,13,Sunrise,false,false
1428412848453,2147483647,2147483647,2147483647,2147483647,-113,13,Sunrise,false,false
1428412848453,2147483647,2147483647,2147483647,2147483647,-113,13,Sunrise,false,false
1428412848453,2147483647,2147483647,2147483647,2147483647,-113,13,Sunrise,false,false
1428412848453,2147483647,2147483647,2147483647,2147483647,-113,13,Sunrise,false,false
1428412848453,2147483647,2147483647,2147483647,2147483647,-113,13,Sunrise,false,false
1428412848453,2147483647,2147483647,2147483647,2147483647,-113,13,Sunrise,false,false
1428412848453,-1,-1,-1,-1,0,13,Sunrise,false,false
1428412848453,-1,-1,-1,-1,0,13,Sunrise,false,false
1428412848453,-1,-1,-1,-1,0,13,Sunrise,false,false
1428412848453,-1,-1,-1,-1,0,13,Sunrise,false,false
1428412946566,8986368,42010,2,228,-113,13,Sunrise,true,false
1428412946566,2147483647,2147483647,2147483647,2147483647,-113,13,Sunrise,false,false
1428412946566,2147483647,2147483647,2147483647,2147483647,-113,13,Sunrise,false,false
1428412946566,2147483647,2147483647,2147483647,2147483647,-113,13,Sunrise,false,false
1428412946566,2147483647,2147483647,2147483647,2147483647,-113,13,Sunrise,false,false
1428412946566,2147483647,2147483647,2147483647,2147483647,-113,13,Sunrise,false,false
1428412946566,2147483647,2147483647,2147483647,2147483647,-113,13,Sunrise,false,false
1428412946566,2147483647,2147483647,2147483647,2147483647,-113,13,Sunrise,false,false
1428412946566,2147483647,2147483647,2147483647,2147483647,-113,13,Sunrise,false,false
1428412946566,2147483647,2147483647,2147483647,2147483647,-113,13,Sunrise,false,false
1428412946566,2147483647,2147483647,2147483647,2147483647,-113,13,Sunrise,false,false
1428412946566,2147483647,2147483647,2147483647,2147483647,-113,13,Sunrise,false,false
1428412946566,2147483647,2147483647,2147483647,2147483647,-113,13,Sunrise,false,false
1428412946566,2147483647,2147483647,2147483647,2147483647,-113,13,Sunrise,false,false
1428412946566,2147483647,2147483647,2147483647,2147483647,-113,13,Sunrise,false,false
1428412946566,2147483647,2147483647,2147483647,2147483647,-113,13,Sunrise,false,false
1428412946566,2147483647,2147483647,2147483647,2147483647,-113,13,Sunrise,false,false
1428412946566,-1,-1,-1,-1,0,13,Sunrise,false,false
1428412946566,-1,-1,-1,-1,0,13,Sunrise,false,false
1428412946566,-1,-1,-1,-1,0,13,Sunrise,false,false
1428412946566,-1,-1,-1,-1,0,13,Sunrise,false,false
1428412946566,-1,-1,-1,-1,0,13,Sunrise,false,false
1428413006817,8986368,42010,2,228,-113,13,Sunrise,true,false
1428413006817,345,2147483647,2147483647,2147483647,-123,13,Sunrise,false,false
1428413006817,2147483647,2147483647,2147483647,2147483647,-113,13,Sunrise,false,false
1428413006817,2147483647,2147483647,2147483647,2147483647,-113,13,Sunrise,false,false
1428413006817,2147483647,2147483647,2147483647,2147483647,-113,13,Sunrise,false,false
1428413006817,2147483647,2147483647,2147483647,2147483647,-113,13,Sunrise,false,false
1428413006817,2147483647,2147483647,2147483647,2147483647,-113,13,Sunrise,false,false
1428413006817,2147483647,2147483647,2147483647,2147483647,-113,13,Sunrise,false,false
1428413006817,2147483647,2147483647,2147483647,2147483647,-113,13,Sunrise,false,false
1428413006817,2147483647,2147483647,2147483647,2147483647,-113,13,Sunrise,false,false
1428413006817,2147483647,2147483647,2147483647,2147483647,-113,13,Sunrise,false,false
1428413006817,2147483647,2147483647,2147483647,2147483647,-113,13,Sunrise,false,false
1428413006817,2147483647,2147483647,2147483647,2147483647,2147483647,13,Sunrise,false,false
1428413006817,2147483647,2147483647,2147483647,2147483647,-113,13,Sunrise,false,false
1428413006817,2147483647,2147483647,2147483647,2147483647,-113,13,Sunrise,false,false
1428413006817,2147483647,2147483647,2147483647,2147483647,-113,13,Sunrise,false,false
1428413006817,2147483647,2147483647,2147483647,2147483647,-113,13,Sunrise,false,false
1428413006817,2147483647,2147483647,2147483647,2147483647,-113,13,Sunrise,false,false
1428413006817,-1,-1,-1,-1,0,13,Sunrise,false,false
1428413006817,-1,-1,-1,-1,0,13,Sunrise,false,false
1428413006817,-1,-1,-1,-1,0,13,Sunrise,false,false
1428413006817,-1,-1,-1,-1,0,13,Sunrise,false,false
1428413006817,-1,-1,-1,-1,0,13,Sunrise,false,false
1428413066930,8986368,42010,2,228,-113,13,Sunrise,true,false
1428413066930,2147483647,2147483647,2147483647,2147483647,-113,13,Sunrise,false,false
1428413066930,2147483647,2147483647,2147483647,2147483647,-113,13,Sunrise,false,false
1428413066930,2147483647,2147483647,2147483647,2147483647,-113,13,Sunrise,false,false
1428413066930,2147483647,2147483647,2147483647,2147483647,-113,13,Sunrise,false,false
1428413066930,2147483647,2147483647,2147483647,2147483647,-113,13,Sunrise,false,false
1428413066930,2147483647,2147483647,2147483647,2147483647,-113,13,Sunrise,false,false
1428413066930,2147483647,2147483647,2147483647,2147483647,-113,13,Sunrise,false,false
1428413066930,2147483647,2147483647,2147483647,2147483647,-113,13,Sunrise,false,false
1428413066930,2147483647,2147483647,2147483647,2147483647,-113,13,Sunrise,false,false
1428413066930,2147483647,2147483647,2147483647,2147483647,-113,13,Sunrise,false,false
1428413066930,2147483647,2147483647,2147483647,2147483647,-113,13,Sunrise,false,false
1428413066930,2147483647,2147483647,2147483647,2147483647,-113,13,Sunrise,false,false
1428413066930,2147483647,2147483647,2147483647,2147483647,-113,13,Sunrise,false,false
1428413066930,2147483647,2147483647,2147483647,2147483647,-113,13,Sunrise,false,false
1428413066930,2147483647,2147483647,2147483647,2147483647,-113,13,Sunrise,false,false
1428413066930,2147483647,2147483647,2147483647,2147483647,-113,13,Sunrise,false,false
1428413066930,-1,-1,-1,-1,0,13,Sunrise,false,false
1428413066930,-1,-1,-1,-1,0,13,Sunrise,false,false
1428413066930,-1,-1,-1,-1,0,13,Sunrise,false,false
1428413066930,-1,-1,-1,-1,0,13,Sunrise,false,false
1428413066930,-1,-1,-1,-1,0,13,Sunrise,false,false
1428413127229,8986368,42010,2,228,-113,13,Sunrise,true,false
1428413127229,345,2147483647,2147483647,2147483647,-123,13,Sunrise,false,false
1428413127229,2147483647,2147483647,2147483647,2147483647,-113,13,Sunrise,false,false
1428413127229,2147483647,2147483647,2147483647,2147483647,-113,13,Sunrise,false,false
1428413127229,2147483647,2147483647,2147483647,2147483647,-113,13,Sunrise,false,false
1428413127229,2147483647,2147483647,2147483647,2147483647,-113,13,Sunrise,false,false
1428413127229,2147483647,2147483647,2147483647,2147483647,-113,13,Sunrise,false,false
1428413127229,2147483647,2147483647,2147483647,2147483647,-113,13,Sunrise,false,false
1428413127229,2147483647,2147483647,2147483647,2147483647,-113,13,Sunrise,false,false
1428413127229,2147483647,2147483647,2147483647,2147483647,-113,13,Sunrise,false,false
1428413127229,2147483647,2147483647,2147483647,2147483647,-113,13,Sunrise,false,false
1428413127229,2147483647,2147483647,2147483647,2147483647,-113,13,Sunrise,false,false
1428413127229,2147483647,2147483647,2147483647,2147483647,2147483647,13,Sunrise,false,false
1428413127229,2147483647,2147483647,2147483647,2147483647,-113,13,Sunrise,false,false
1428413127229,2147483647,2147483647,2147483647,2147483647,-113,13,Sunrise,false,false
1428413127229,2147483647,2147483647,2147483647,2147483647,-113,13,Sunrise,false,false
1428413127229,2147483647,2147483647,2147483647,2147483647,-113,13,Sunrise,false,false
1428413127229,2147483647,2147483647,2147483647,2147483647,-113,13,Sunrise,false,false
1428413127229,-1,-1,-1,-1,0,13,Sunrise,false,false
1428413127229,-1,-1,-1,-1,0,13,Sunrise,false,false
1428413127229,-1,-1,-1,-1,0,13,Sunrise,false,false
1428413127229,-1,-1,-1,-1,0,13,Sunrise,false,false
1428413127229,-1,-1,-1,-1,0,13,Sunrise,false,false
1428413127229,-1,-1,-1,-1,0,13,Sunrise,false,false
1428413187367,8986368,42010,2,228,-113,13,Sunrise,true,false
1428413187367,2147483647,2147483647,2147483647,2147483647,-113,13,Sunrise,false,false
1428413187367,2147483647,2147483647,2147483647,2147483647,-113,13,Sunrise,false,false
1428413187367,2147483647,2147483647,2147483647,2147483647,-113,13,Sunrise,false,false
1428413187367,2147483647,2147483647,2147483647,2147483647,-113,13,Sunrise,false,false
1428413187367,2147483647,2147483647,2147483647,2147483647,-113,13,Sunrise,false,false
1428413187367,2147483647,2147483647,2147483647,2147483647,-113,13,Sunrise,false,false
1428413187367,2147483647,2147483647,2147483647,2147483647,-113,13,Sunrise,false,false
1428413187367,2147483647,2147483647,2147483647,2147483647,-113,13,Sunrise,false,false
1428413187367,2147483647,2147483647,2147483647,2147483647,-113,13,Sunrise,false,false
1428413187367,2147483647,2147483647,2147483647,2147483647,-113,13,Sunrise,false,false
1428413187367,2147483647,2147483647,2147483647,2147483647,-113,13,Sunrise,false,false
1428413187367,2147483647,2147483647,2147483647,2147483647,-113,13,Sunrise,false,false
1428413187367,2147483647,2147483647,2147483647,2147483647,-113,13,Sunrise,false,false
1428413187367,2147483647,2147483647,2147483647,2147483647,-113,13,Sunrise,false,false
1428413187367,2147483647,2147483647,2147483647,2147483647,-113,13,Sunrise,false,false
1428413187367,2147483647,2147483647,2147483647,2147483647,-113,13,Sunrise,false,false
1428413187367,-1,-1,-1,-1,0,13,Sunrise,false,false
1428413187367,-1,-1,-1,-1,0,13,Sunrise,false,false
1428413187367,-1,-1,-1,-1,0,13,Sunrise,false,false
1428413187367,-1,-1,-1,-1,0,13,Sunrise,false,false
1428413187367,-1,-1,-1,-1,0,13,Sunrise,false,false
1428413252025,8986368,42010,2,228,-113,13,Sunrise,true,false
1428413252025,2147483647,2147483647,2147483647,2147483647,-113,13,Sunrise,false,false
1428413252025,2147483647,2147483647,2147483647,2147483647,-113,13,Sunrise,false,false
1428413252025,2147483647,2147483647,2147483647,2147483647,-113,13,Sunrise,false,false
1428413252025,2147483647,2147483647,2147483647,2147483647,-113,13,Sunrise,false,false
1428413252025,2147483647,2147483647,2147483647,2147483647,-113,13,Sunrise,false,false
1428413252025,2147483647,2147483647,2147483647,2147483647,-113,13,Sunrise,false,false
1428413252025,2147483647,2147483647,2147483647,2147483647,-113,13,Sunrise,false,false
1428413252025,2147483647,2147483647,2147483647,2147483647,-113,13,Sunrise,false,false
1428413252025,2147483647,2147483647,2147483647,2147483647,-113,13,Sunrise,false,false
1428413252025,2147483647,2147483647,2147483647,2147483647,-113,13,Sunrise,false,false
1428413252025,2147483647,2147483647,2147483647,2147483647,-113,13,Sunrise,false,false
1428413252025,2147483647,2147483647,2147483647,2147483647,-113,13,Sunrise,false,false
1428413252025,2147483647,2147483647,2147483647,2147483647,-113,13,Sunrise,false,false
1428413252025,2147483647,2147483647,2147483647,2147483647,-113,13,Sunrise,false,false
1428413252025,2147483647,2147483647,2147483647,2147483647,-113,13,Sunrise,false,false
1428413252025,2147483647,2147483647,2147483647,2147483647,-113,13,Sunrise,false,false
1428413252025,-1,-1,-1,-1,0,13,Sunrise,false,false
1428413252025,-1,-1,-1,-1,0,13,Sunrise,false,false
1428413252025,-1,-1,-1,-1,0,13,Sunrise,false,false
1428413252025,-1,-1,-1,-1,0,13,Sunrise,false,false
1428413252025,-1,-1,-1,-1,0,13,Sunrise,false,false
1428413312297,8986368,42010,2,228,-113,13,Sunrise,true,false
1428413312297,2147483647,2147483647,2147483647,2147483647,-113,13,Sunrise,false,false
1428413312297,2147483647,2147483647,2147483647,2147483647,-113,13,Sunrise,false,false
1428413312297,2147483647,2147483647,2147483647,2147483647,-113,13,Sunrise,false,false
1428413312297,2147483647,2147483647,2147483647,2147483647,-113,13,Sunrise,false,false
1428413312297,2147483647,2147483647,2147483647,2147483647,-113,13,Sunrise,false,false
1428413312297,2147483647,2147483647,2147483647,2147483647,-113,13,Sunrise,false,false
1428413312297,2147483647,2147483647,2147483647,2147483647,-113,13,Sunrise,false,false
1428413312297,2147483647,2147483647,2147483647,2147483647,-113,13,Sunrise,false,false
1428413312297,2147483647,2147483647,2147483647,2147483647,-113,13,Sunrise,false,false
1428413312297,2147483647,2147483647,2147483647,2147483647,-113,13,Sunrise,false,false
1428413312297,2147483647,2147483647,2147483647,2147483647,-113,13,Sunrise,false,false
1428413312297,2147483647,2147483647,2147483647,2147483647,-113,13,Sunrise,false,false
1428413312297,2147483647,2147483647,2147483647,2147483647,-113,13,Sunrise,false,false
1428413312297,2147483647,2147483647,2147483647,2147483647,-113,13,Sunrise,false,false
1428413312297,2147483647,2147483647,2147483647,2147483647,-113,13,Sunrise,false,false
1428413312297,2147483647,2147483647,2147483647,2147483647,-113,13,Sunrise,false,false
1428413312297,-1,-1,-1,-1,0,13,Sunrise,false,false
1428413312297,-1,-1,-1,-1,0,13,Sunrise,false,false
1428413312297,-1,-1,-1,-1,0,13,Sunrise,false,false
1428413312297,-1,-1,-1,-1,0,13,Sunrise,false,false
1428413372363,8986368,42010,2,228,-112,13,Sunrise,true,false
1428413372363,2147483647,2147483647,2147483647,2147483647,-113,13,Sunrise,false,false
1428413372363,2147483647,2147483647,2147483647,2147483647,-113,13,Sunrise,false,false
1428413372363,2147483647,2147483647,2147483647,2147483647,-113,13,Sunrise,false,false
1428413372363,2147483647,2147483647,2147483647,2147483647,-113,13,Sunrise,false,false
1428413372363,2147483647,2147483647,2147483647,2147483647,-113,13,Sunrise,false,false
1428413372363,2147483647,2147483647,2147483647,2147483647,-113,13,Sunrise,false,false
1428413372363,2147483647,2147483647,2147483647,2147483647,-113,13,Sunrise,false,false
1428413372363,2147483647,2147483647,2147483647,2147483647,-113,13,Sunrise,false,false
1428413372363,2147483647,2147483647,2147483647,2147483647,-113,13,Sunrise,false,false
1428413372363,2147483647,2147483647,2147483647,2147483647,-113,13,Sunrise,false,false
1428413372363,2147483647,2147483647,2147483647,2147483647,-113,13,Sunrise,false,false
1428413372363,2147483647,2147483647,2147483647,2147483647,-113,13,Sunrise,false,false
1428413372363,2147483647,2147483647,2147483647,2147483647,-113,13,Sunrise,false,false
1428413372363,2147483647,2147483647,2147483647,2147483647,-113,13,Sunrise,false,false
1428413372363,2147483647,2147483647,2147483647,2147483647,-113,13,Sunrise,false,false
1428413372363,2147483647,2147483647,2147483647,2147483647,-113,13,Sunrise,false,false
1428413372363,-1,-1,-1,-1,0,13,Sunrise,false,false
1428413372363,-1,-1,-1,-1,0,13,Sunrise,false,false
1428413372363,-1,-1,-1,-1,0,13,Sunrise,false,false
1428413372363,-1,-1,-1,-1,0,13,Sunrise,false,false
1428413444706,8986368,42010,2,228,-113,13,Sunrise,true,false
1428413444706,2147483647,2147483647,2147483647,2147483647,-113,13,Sunrise,false,false
1428413444706,2147483647,2147483647,2147483647,2147483647,-113,13,Sunrise,false,false
1428413444706,2147483647,2147483647,2147483647,2147483647,-113,13,Sunrise,false,false
1428413444706,2147483647,2147483647,2147483647,2147483647,-113,13,Sunrise,false,false
1428413444706,2147483647,2147483647,2147483647,2147483647,-113,13,Sunrise,false,false
1428413444706,2147483647,2147483647,2147483647,2147483647,-113,13,Sunrise,false,false
1428413444706,2147483647,2147483647,2147483647,2147483647,-113,13,Sunrise,false,false
1428413444706,2147483647,2147483647,2147483647,2147483647,-113,13,Sunrise,false,false
1428413444706,2147483647,2147483647,2147483647,2147483647,-113,13,Sunrise,false,false
1428413444706,2147483647,2147483647,2147483647,2147483647,-113,13,Sunrise,false,false
1428413444706,2147483647,2147483647,2147483647,2147483647,-113,13,Sunrise,false,false
1428413444706,2147483647,2147483647,2147483647,2147483647,-113,13,Sunrise,false,false
1428413444706,2147483647,2147483647,2147483647,2147483647,-113,13,Sunrise,false,false
1428413444706,2147483647,2147483647,2147483647,2147483647,-113,13,Sunrise,false,false
1428413444706,2147483647,2147483647,2147483647,2147483647,-113,13,Sunrise,false,false
1428413444706,2147483647,2147483647,2147483647,2147483647,-113,13,Sunrise,false,false
1428413444706,-1,-1,-1,-1,0,13,Sunrise,false,false
1428413444706,-1,-1,-1,-1,0,13,Sunrise,false,false
1428413444706,-1,-1,-1,-1,0,13,Sunrise,false,false
1428413444706,-1,-1,-1,-1,0,13,Sunrise,false,false
1428413546806,8986368,42010,2,228,-112,13,Sunrise,true,false
1428413546806,2147483647,2147483647,2147483647,2147483647,-113,13,Sunrise,false,false
1428413546806,2147483647,2147483647,2147483647,2147483647,-113,13,Sunrise,false,false
1428413546806,2147483647,2147483647,2147483647,2147483647,-113,13,Sunrise,false,false
1428413546806,2147483647,2147483647,2147483647,2147483647,-113,13,Sunrise,false,false
1428413546806,2147483647,2147483647,2147483647,2147483647,-113,13,Sunrise,false,false
1428413546806,2147483647,2147483647,2147483647,2147483647,-113,13,Sunrise,false,false
1428413546806,2147483647,2147483647,2147483647,2147483647,-113,13,Sunrise,false,false
1428413546806,2147483647,2147483647,2147483647,2147483647,-113,13,Sunrise,false,false
1428413546806,2147483647,2147483647,2147483647,2147483647,-113,13,Sunrise,false,false
1428413546806,2147483647,2147483647,2147483647,2147483647,-113,13,Sunrise,false,false
1428413546806,2147483647,2147483647,2147483647,2147483647,-113,13,Sunrise,false,false
1428413546806,2147483647,2147483647,2147483647,2147483647,-113,13,Sunrise,false,false
1428413546806,2147483647,2147483647,2147483647,2147483647,-113,13,Sunrise,false,false
1428413546806,2147483647,2147483647,2147483647,2147483647,-113,13,Sunrise,false,false
1428413546806,2147483647,2147483647,2147483647,2147483647,-113,13,Sunrise,false,false
1428413546806,2147483647,2147483647,2147483647,2147483647,-113,13,Sunrise,false,false
1428413546806,-1,-1,-1,-1,0,13,Sunrise,false,false
1428413546806,-1,-1,-1,-1,0,13,Sunrise,false,false
1428413546806,-1,-1,-1,-1,0,13,Sunrise,false,false
1428413546806,-1,-1,-1,-1,0,13,Sunrise,false,false
1428413606955,8986368,42010,2,228,-112,13,Sunrise,true,false
1428413606955,2147483647,2147483647,2147483647,2147483647,-113,13,Sunrise,false,false
1428413606955,2147483647,2147483647,2147483647,2147483647,-113,13,Sunrise,false,false
1428413606955,2147483647,2147483647,2147483647,2147483647,-113,13,Sunrise,false,false
1428413606955,2147483647,2147483647,2147483647,2147483647,-113,13,Sunrise,false,false
1428413606955,2147483647,2147483647,2147483647,2147483647,-113,13,Sunrise,false,false
1428413606955,2147483647,2147483647,2147483647,2147483647,-113,13,Sunrise,false,false
1428413606955,2147483647,2147483647,2147483647,2147483647,-113,13,Sunrise,false,false
1428413606955,2147483647,2147483647,2147483647,2147483647,-113,13,Sunrise,false,false
1428413606955,2147483647,2147483647,2147483647,2147483647,-113,13,Sunrise,false,false
1428413606955,2147483647,2147483647,2147483647,2147483647,-113,13,Sunrise,false,false
1428413606955,2147483647,2147483647,2147483647,2147483647,-113,13,Sunrise,false,false
1428413606955,2147483647,2147483647,2147483647,2147483647,-113,13,Sunrise,false,false
1428413606955,2147483647,2147483647,2147483647,2147483647,-113,13,Sunrise,false,false
1428413606955,2147483647,2147483647,2147483647,2147483647,-113,13,Sunrise,false,false
1428413606955,2147483647,2147483647,2147483647,2147483647,-113,13,Sunrise,false,false
1428413606955,2147483647,2147483647,2147483647,2147483647,-113,13,Sunrise,false,false
1428413606955,-1,-1,-1,-1,0,13,Sunrise,false,false
1428413606955,-1,-1,-1,-1,0,13,Sunrise,false,false
1428413606955,-1,-1,-1,-1,0,13,Sunrise,false,false
1428413606955,-1,-1,-1,-1,0,13,Sunrise,false,false
1428413606955,-1,-1,-1,-1,0,13,Sunrise,false,false
1428413687173,8986368,42010,2,228,-113,13,Sunrise,true,false
1428413687173,345,2147483647,2147483647,2147483647,-116,13,Sunrise,false,false
1428413687173,2147483647,2147483647,2147483647,2147483647,-113,13,Sunrise,false,false
1428413687173,2147483647,2147483647,2147483647,2147483647,-113,13,Sunrise,false,false
1428413687173,2147483647,2147483647,2147483647,2147483647,-113,13,Sunrise,false,false
1428413687173,2147483647,2147483647,2147483647,2147483647,-113,13,Sunrise,false,false
1428413687173,2147483647,2147483647,2147483647,2147483647,-113,13,Sunrise,false,false
1428413687173,2147483647,2147483647,2147483647,2147483647,-113,13,Sunrise,false,false
1428413687173,2147483647,2147483647,2147483647,2147483647,-113,13,Sunrise,false,false
1428413687173,2147483647,2147483647,2147483647,2147483647,-113,13,Sunrise,false,false
1428413687173,2147483647,2147483647,2147483647,2147483647,-113,13,Sunrise,false,false
1428413687173,2147483647,2147483647,2147483647,2147483647,-113,13,Sunrise,false,false
1428413687173,2147483647,2147483647,2147483647,2147483647,-113,13,Sunrise,false,false
1428413687173,2147483647,2147483647,2147483647,2147483647,-113,13,Sunrise,false,false
1428413687173,2147483647,2147483647,2147483647,2147483647,-113,13,Sunrise,false,false
1428413687173,2147483647,2147483647,2147483647,2147483647,-113,13,Sunrise,false,false
1428413687173,2147483647,2147483647,2147483647,2147483647,-113,13,Sunrise,false,false
1428413687173,2147483647,2147483647,2147483647,2147483647,-113,13,Sunrise,false,false
1428413687173,-1,-1,-1,-1,0,13,Sunrise,false,false
1428413687173,-1,-1,-1,-1,0,13,Sunrise,false,false
1428413687173,-1,-1,-1,-1,0,13,Sunrise,false,false
1428413687173,-1,-1,-1,-1,0,13,Sunrise,false,false
1428413687173,-1,-1,-1,-1,0,13,Sunrise,false,false
1428413747424,8986368,42010,2,228,-113,13,Sunrise,true,false
1428413747424,2147483647,2147483647,2147483647,2147483647,-113,13,Sunrise,false,false
1428413747424,2147483647,2147483647,2147483647,2147483647,-113,13,Sunrise,false,false
1428413747424,2147483647,2147483647,2147483647,2147483647,-113,13,Sunrise,false,false
1428413747424,2147483647,2147483647,2147483647,2147483647,-113,13,Sunrise,false,false
1428413747424,2147483647,2147483647,2147483647,2147483647,-113,13,Sunrise,false,false
1428413747424,2147483647,2147483647,2147483647,2147483647,-113,13,Sunrise,false,false
1428413747424,2147483647,2147483647,2147483647,2147483647,-113,13,Sunrise,false,false
1428413747424,2147483647,2147483647,2147483647,2147483647,-113,13,Sunrise,false,false
1428413747424,2147483647,2147483647,2147483647,2147483647,-113,13,Sunrise,false,false
1428413747424,2147483647,2147483647,2147483647,2147483647,-113,13,Sunrise,false,false
1428413747424,2147483647,2147483647,2147483647,2147483647,-113,13,Sunrise,false,false
1428413747424,2147483647,2147483647,2147483647,2147483647,-113,13,Sunrise,false,false
1428413747424,2147483647,2147483647,2147483647,2147483647,-113,13,Sunrise,false,false
1428413747424,2147483647,2147483647,2147483647,2147483647,-113,13,Sunrise,false,false
1428413747424,2147483647,2147483647,2147483647,2147483647,-113,13,Sunrise,false,false
1428413747424,2147483647,2147483647,2147483647,2147483647,-113,13,Sunrise,false,false
1428413747424,-1,-1,-1,-1,0,13,Sunrise,false,false
1428413747424,-1,-1,-1,-1,0,13,Sunrise,false,false
1428413747424,-1,-1,-1,-1,0,13,Sunrise,false,false
1428413747424,-1,-1,-1,-1,0,13,Sunrise,false,false
1428413852072,8986368,42010,2,228,-114,13,Sunrise,true,false
1428413852072,2147483647,2147483647,2147483647,2147483647,-113,13,Sunrise,false,false
1428413852072,2147483647,2147483647,2147483647,2147483647,-113,13,Sunrise,false,false
1428413852072,2147483647,2147483647,2147483647,2147483647,-113,13,Sunrise,false,false
1428413852072,2147483647,2147483647,2147483647,2147483647,-113,13,Sunrise,false,false
1428413852072,2147483647,2147483647,2147483647,2147483647,-113,13,Sunrise,false,false
1428413852072,2147483647,2147483647,2147483647,2147483647,-113,13,Sunrise,false,false
1428413852072,2147483647,2147483647,2147483647,2147483647,-113,13,Sunrise,false,false
1428413852072,2147483647,2147483647,2147483647,2147483647,-113,13,Sunrise,false,false
1428413852072,2147483647,2147483647,2147483647,2147483647,-113,13,Sunrise,false,false
1428413852072,2147483647,2147483647,2147483647,2147483647,-113,13,Sunrise,false,false
1428413852072,2147483647,2147483647,2147483647,2147483647,-113,13,Sunrise,false,false
1428413852072,2147483647,2147483647,2147483647,2147483647,-113,13,Sunrise,false,false
1428413852072,2147483647,2147483647,2147483647,2147483647,-113,13,Sunrise,false,false
1428413852072,2147483647,2147483647,2147483647,2147483647,-113,13,Sunrise,false,false
1428413852072,2147483647,2147483647,2147483647,2147483647,-113,13,Sunrise,false,false
1428413852072,2147483647,2147483647,2147483647,2147483647,-113,13,Sunrise,false,false
1428413852072,-1,-1,-1,-1,0,13,Sunrise,false,false
1428413852072,-1,-1,-1,-1,0,13,Sunrise,false,false
1428413916521,8986368,42010,2,228,-114,13,Sunrise,true,false
1428413916521,345,2147483647,2147483647,2147483647,-118,13,Sunrise,false,false
1428413916521,2147483647,2147483647,2147483647,2147483647,-113,13,Sunrise,false,false
1428413916521,2147483647,2147483647,2147483647,2147483647,-113,13,Sunrise,false,false
1428413916521,2147483647,2147483647,2147483647,2147483647,-113,13,Sunrise,false,false
1428413916521,2147483647,2147483647,2147483647,2147483647,-113,13,Sunrise,false,false
1428413916521,2147483647,2147483647,2147483647,2147483647,-113,13,Sunrise,false,false
1428413916521,2147483647,2147483647,2147483647,2147483647,-113,13,Sunrise,false,false
1428413916521,2147483647,2147483647,2147483647,2147483647,-113,13,Sunrise,false,false
1428413916521,2147483647,2147483647,2147483647,2147483647,-113,13,Sunrise,false,false
1428413916521,2147483647,2147483647,2147483647,2147483647,-113,13,Sunrise,false,false
1428413916521,2147483647,2147483647,2147483647,2147483647,-113,13,Sunrise,false,false
1428413916521,2147483647,2147483647,2147483647,2147483647,-113,13,Sunrise,false,false
1428413916521,2147483647,2147483647,2147483647,2147483647,-113,13,Sunrise,false,false
1428413916521,2147483647,2147483647,2147483647,2147483647,-113,13,Sunrise,false,false
1428413916521,2147483647,2147483647,2147483647,2147483647,-113,13,Sunrise,false,false
1428413916521,2147483647,2147483647,2147483647,2147483647,-113,13,Sunrise,false,false
1428413916521,2147483647,2147483647,2147483647,2147483647,-113,13,Sunrise,false,false
1428413916521,-1,-1,-1,-1,0,13,Sunrise,false,false
1428413916521,-1,-1,-1,-1,0,13,Sunrise,false,false
1428413916521,-1,-1,-1,-1,0,13,Sunrise,false,false
1428413976626,8986368,42010,2,228,-117,13,Sunrise,true,false
1428413976626,345,2147483647,2147483647,2147483647,-119,13,Sunrise,false,false
1428413976626,2147483647,2147483647,2147483647,2147483647,-113,13,Sunrise,false,false
1428413976626,2147483647,2147483647,2147483647,2147483647,-113,13,Sunrise,false,false
1428413976626,2147483647,2147483647,2147483647,2147483647,-113,13,Sunrise,false,false
1428413976626,2147483647,2147483647,2147483647,2147483647,-113,13,Sunrise,false,false
1428413976626,2147483647,2147483647,2147483647,2147483647,-113,13,Sunrise,false,false
1428413976626,2147483647,2147483647,2147483647,2147483647,-113,13,Sunrise,false,false
1428413976626,2147483647,2147483647,2147483647,2147483647,-113,13,Sunrise,false,false
1428413976626,2147483647,2147483647,2147483647,2147483647,-113,13,Sunrise,false,false
1428413976626,2147483647,2147483647,2147483647,2147483647,-113,13,Sunrise,false,false
1428413976626,2147483647,2147483647,2147483647,2147483647,-113,13,Sunrise,false,false
1428413976626,2147483647,2147483647,2147483647,2147483647,-113,13,Sunrise,false,false
1428413976626,2147483647,2147483647,2147483647,2147483647,-113,13,Sunrise,false,false
1428413976626,2147483647,2147483647,2147483647,2147483647,-113,13,Sunrise,false,false
1428413976626,2147483647,2147483647,2147483647,2147483647,-113,13,Sunrise,false,false
1428413976626,2147483647,2147483647,2147483647,2147483647,-113,13,Sunrise,false,false
1428413976626,2147483647,2147483647,2147483647,2147483647,-113,13,Sunrise,false,false
1428413976626,-1,-1,-1,-1,0,13,Sunrise,false,false
1428413976626,-1,-1,-1,-1,0,13,Sunrise,false,false
1428413976626,-1,-1,-1,-1,0,13,Sunrise,false,false
1428414036893,8986368,42010,2,228,-113,13,Sunrise,true,false
1428414036893,2147483647,2147483647,2147483647,2147483647,-113,13,Sunrise,false,false
1428414036893,2147483647,2147483647,2147483647,2147483647,-113,13,Sunrise,false,false
1428414036893,2147483647,2147483647,2147483647,2147483647,-113,13,Sunrise,false,false
1428414036893,2147483647,2147483647,2147483647,2147483647,-113,13,Sunrise,false,false
1428414036893,2147483647,2147483647,2147483647,2147483647,-113,13,Sunrise,false,false
1428414036893,2147483647,2147483647,2147483647,2147483647,-113,13,Sunrise,false,false
1428414036893,2147483647,2147483647,2147483647,2147483647,-113,13,Sunrise,false,false
1428414036893,2147483647,2147483647,2147483647,2147483647,-113,13,Sunrise,false,false
1428414036893,2147483647,2147483647,2147483647,2147483647,-113,13,Sunrise,false,false
1428414036893,2147483647,2147483647,2147483647,2147483647,-113,13,Sunrise,false,false
1428414036893,2147483647,2147483647,2147483647,2147483647,-113,13,Sunrise,false,false
1428414036893,2147483647,2147483647,2147483647,2147483647,-113,13,Sunrise,false,false
1428414036893,2147483647,2147483647,2147483647,2147483647,-113,13,Sunrise,false,false
1428414036893,2147483647,2147483647,2147483647,2147483647,-113,13,Sunrise,false,false
1428414036893,2147483647,2147483647,2147483647,2147483647,-113,13,Sunrise,false,false
1428414036893,2147483647,2147483647,2147483647,2147483647,-113,13,Sunrise,false,false
1428414036893,-1,-1,-1,-1,0,13,Sunrise,false,false
1428414036893,-1,-1,-1,-1,0,13,Sunrise,false,false
1428414036893,-1,-1,-1,-1,0,13,Sunrise,false,false
1428414137222,8986368,42010,2,228,-114,13,Sunrise,true,false
1428414137222,345,2147483647,2147483647,2147483647,-118,13,Sunrise,false,false
1428414137222,2147483647,2147483647,2147483647,2147483647,-113,13,Sunrise,false,false
1428414137222,2147483647,2147483647,2147483647,2147483647,-113,13,Sunrise,false,false
1428414137222,2147483647,2147483647,2147483647,2147483647,-113,13,Sunrise,false,false
1428414137222,2147483647,2147483647,2147483647,2147483647,-113,13,Sunrise,false,false
1428414137222,2147483647,2147483647,2147483647,2147483647,-113,13,Sunrise,false,false
1428414137222,2147483647,2147483647,2147483647,2147483647,-113,13,Sunrise,false,false
1428414137222,2147483647,2147483647,2147483647,2147483647,-113,13,Sunrise,false,false
1428414137222,2147483647,2147483647,2147483647,2147483647,-113,13,Sunrise,false,false
1428414137222,2147483647,2147483647,2147483647,2147483647,-113,13,Sunrise,false,false
1428414137222,2147483647,2147483647,2147483647,2147483647,-113,13,Sunrise,false,false
1428414137222,2147483647,2147483647,2147483647,2147483647,-113,13,Sunrise,false,false
1428414137222,2147483647,2147483647,2147483647,2147483647,-113,13,Sunrise,false,false
1428414137222,2147483647,2147483647,2147483647,2147483647,-113,13,Sunrise,false,false
1428414137222,2147483647,2147483647,2147483647,2147483647,-113,13,Sunrise,false,false
1428414137222,2147483647,2147483647,2147483647,2147483647,-113,13,Sunrise,false,false
1428414137222,2147483647,2147483647,2147483647,2147483647,-113,13,Sunrise,false,false
1428414137222,-1,-1,-1,-1,0,13,Sunrise,false,false
1428414137222,-1,-1,-1,-1,0,13,Sunrise,false,false
1428414137222,-1,-1,-1,-1,0,13,Sunrise,false,false
1428414207069,8986368,42010,2,228,-112,13,Sunrise,true,false
1428414207069,345,2147483647,2147483647,2147483647,-118,13,Sunrise,false,false
1428414207069,2147483647,2147483647,2147483647,2147483647,-113,13,Sunrise,false,false
1428414207069,2147483647,2147483647,2147483647,2147483647,-113,13,Sunrise,false,false
1428414207069,2147483647,2147483647,2147483647,2147483647,-113,13,Sunrise,false,false
1428414207069,2147483647,2147483647,2147483647,2147483647,-113,13,Sunrise,false,false
1428414207069,2147483647,2147483647,2147483647,2147483647,-113,13,Sunrise,false,false
1428414207069,2147483647,2147483647,2147483647,2147483647,-113,13,Sunrise,false,false
1428414207069,2147483647,2147483647,2147483647,2147483647,-113,13,Sunrise,false,false
1428414207069,2147483647,2147483647,2147483647,2147483647,-113,13,Sunrise,false,false
1428414207069,2147483647,2147483647,2147483647,2147483647,-113,13,Sunrise,false,false
1428414207069,2147483647,2147483647,2147483647,2147483647,-113,13,Sunrise,false,false
1428414207069,2147483647,2147483647,2147483647,2147483647,-113,13,Sunrise,false,false
1428414207069,2147483647,2147483647,2147483647,2147483647,-113,13,Sunrise,false,false
1428414207069,2147483647,2147483647,2147483647,2147483647,-113,13,Sunrise,false,false
1428414207069,2147483647,2147483647,2147483647,2147483647,-113,13,Sunrise,false,false
1428414207069,2147483647,2147483647,2147483647,2147483647,-113,13,Sunrise,false,false
1428414207069,2147483647,2147483647,2147483647,2147483647,-113,13,Sunrise,false,false
1428414207069,-1,-1,-1,-1,0,13,Sunrise,false,false
1428414207069,-1,-1,-1,-1,0,13,Sunrise,false,false
1428414267273,8986368,42010,2,228,-114,13,Sunrise,true,false
1428414267273,345,2147483647,2147483647,2147483647,-116,13,Sunrise,false,false
1428414267273,2147483647,2147483647,2147483647,2147483647,-113,13,Sunrise,false,false
1428414267273,2147483647,2147483647,2147483647,2147483647,-113,13,Sunrise,false,false
1428414267273,2147483647,2147483647,2147483647,2147483647,-113,13,Sunrise,false,false
1428414267273,2147483647,2147483647,2147483647,2147483647,-113,13,Sunrise,false,false
1428414267273,2147483647,2147483647,2147483647,2147483647,-113,13,Sunrise,false,false
1428414267273,2147483647,2147483647,2147483647,2147483647,-113,13,Sunrise,false,false
1428414267273,2147483647,2147483647,2147483647,2147483647,-113,13,Sunrise,false,false
1428414267273,2147483647,2147483647,2147483647,2147483647,-113,13,Sunrise,false,false
1428414267273,2147483647,2147483647,2147483647,2147483647,-113,13,Sunrise,false,false
1428414267273,2147483647,2147483647,2147483647,2147483647,-113,13,Sunrise,false,false
1428414267273,2147483647,2147483647,2147483647,2147483647,-113,13,Sunrise,false,false
1428414267273,2147483647,2147483647,2147483647,2147483647,-113,13,Sunrise,false,false
1428414267273,2147483647,2147483647,2147483647,2147483647,-113,13,Sunrise,false,false
1428414267273,2147483647,2147483647,2147483647,2147483647,-113,13,Sunrise,false,false
1428414267273,2147483647,2147483647,2147483647,2147483647,-113,13,Sunrise,false,false
1428414267273,2147483647,2147483647,2147483647,2147483647,-113,13,Sunrise,false,false
1428414267273,-1,-1,-1,-1,0,13,Sunrise,false,false
1428414267273,-1,-1,-1,-1,0,13,Sunrise,false,false
1428414327513,8986368,42010,2,228,-114,13,Sunrise,true,false
1428414327513,2147483647,2147483647,2147483647,2147483647,-113,13,Sunrise,false,false
1428414327513,2147483647,2147483647,2147483647,2147483647,-113,13,Sunrise,false,false
1428414327513,2147483647,2147483647,2147483647,2147483647,-113,13,Sunrise,false,false
1428414327513,2147483647,2147483647,2147483647,2147483647,-113,13,Sunrise,false,false
1428414327513,2147483647,2147483647,2147483647,2147483647,-113,13,Sunrise,false,false
1428414327513,2147483647,2147483647,2147483647,2147483647,-113,13,Sunrise,false,false
1428414327513,2147483647,2147483647,2147483647,2147483647,-113,13,Sunrise,false,false
1428414327513,2147483647,2147483647,2147483647,2147483647,-113,13,Sunrise,false,false
1428414327513,2147483647,2147483647,2147483647,2147483647,-113,13,Sunrise,false,false
1428414327513,2147483647,2147483647,2147483647,2147483647,-113,13,Sunrise,false,false
1428414327513,2147483647,2147483647,2147483647,2147483647,-113,13,Sunrise,false,false
1428414327513,2147483647,2147483647,2147483647,2147483647,-113,13,Sunrise,false,false
1428414327513,2147483647,2147483647,2147483647,2147483647,-113,13,Sunrise,false,false
1428414327513,2147483647,2147483647,2147483647,2147483647,-113,13,Sunrise,false,false
1428414327513,2147483647,2147483647,2147483647,2147483647,-113,13,Sunrise,false,false
1428414327513,2147483647,2147483647,2147483647,2147483647,-113,13,Sunrise,false,false
1428414327513,-1,-1,-1,-1,0,13,Sunrise,false,false
1428414327513,-1,-1,-1,-1,0,13,Sunrise,false,false
1428414387628,8986368,42010,2,228,-115,13,Sunrise,true,false
1428414387628,345,2147483647,2147483647,2147483647,-115,13,Sunrise,false,false
1428414387628,2147483647,2147483647,2147483647,2147483647,-113,13,Sunrise,false,false
1428414387628,2147483647,2147483647,2147483647,2147483647,-113,13,Sunrise,false,false
1428414387628,2147483647,2147483647,2147483647,2147483647,-113,13,Sunrise,false,false
1428414387628,2147483647,2147483647,2147483647,2147483647,-113,13,Sunrise,false,false
1428414387628,2147483647,2147483647,2147483647,2147483647,-113,13,Sunrise,false,false
1428414387628,2147483647,2147483647,2147483647,2147483647,-113,13,Sunrise,false,false
1428414387628,2147483647,2147483647,2147483647,2147483647,-113,13,Sunrise,false,false
1428414387628,2147483647,2147483647,2147483647,2147483647,-113,13,Sunrise,false,false
1428414387628,2147483647,2147483647,2147483647,2147483647,-113,13,Sunrise,false,false
1428414387628,2147483647,2147483647,2147483647,2147483647,-113,13,Sunrise,false,false
1428414387628,2147483647,2147483647,2147483647,2147483647,-113,13,Sunrise,false,false
1428414387628,2147483647,2147483647,2147483647,2147483647,-113,13,Sunrise,false,false
1428414387628,2147483647,2147483647,2147483647,2147483647,-113,13,Sunrise,false,false
1428414387628,2147483647,2147483647,2147483647,2147483647,-113,13,Sunrise,false,false
1428414387628,2147483647,2147483647,2147483647,2147483647,-113,13,Sunrise,false,false
1428414387628,2147483647,2147483647,2147483647,2147483647,-113,13,Sunrise,false,false
1428414387628,-1,-1,-1,-1,0,13,Sunrise,false,false
1428414452303,8986368,42010,2,228,-115,13,Sunrise,true,false
1428414452303,345,2147483647,2147483647,2147483647,-118,13,Sunrise,false,false
1428414452303,2147483647,2147483647,2147483647,2147483647,-113,13,Sunrise,false,false
1428414452303,2147483647,2147483647,2147483647,2147483647,-113,13,Sunrise,false,false
1428414452303,2147483647,2147483647,2147483647,2147483647,-113,13,Sunrise,false,false
1428414452303,2147483647,2147483647,2147483647,2147483647,-113,13,Sunrise,false,false
1428414452303,2147483647,2147483647,2147483647,2147483647,-113,13,Sunrise,false,false
1428414452303,2147483647,2147483647,2147483647,2147483647,-113,13,Sunrise,false,false
1428414452303,2147483647,2147483647,2147483647,2147483647,-113,13,Sunrise,false,false
1428414452303,2147483647,2147483647,2147483647,2147483647,-113,13,Sunrise,false,false
1428414452303,2147483647,2147483647,2147483647,2147483647,-113,13,Sunrise,false,false
1428414452303,2147483647,2147483647,2147483647,2147483647,-113,13,Sunrise,false,false
1428414452303,2147483647,2147483647,2147483647,2147483647,-113,13,Sunrise,false,false
1428414452303,2147483647,2147483647,2147483647,2147483647,-113,13,Sunrise,false,false
1428414452303,2147483647,2147483647,2147483647,2147483647,-113,13,Sunrise,false,false
1428414452303,2147483647,2147483647,2147483647,2147483647,-113,13,Sunrise,false,false
1428414452303,2147483647,2147483647,2147483647,2147483647,-113,13,Sunrise,false,false
1428414452303,2147483647,2147483647,2147483647,2147483647,-113,13,Sunrise,false,false
1428414452303,-1,-1,-1,-1,0,13,Sunrise,false,false
1428414452303,-1,-1,-1,-1,0,13,Sunrise,false,false
1428414452303,-1,-1,-1,-1,0,13,Sunrise,false,false
1428414512609,8986368,42010,2,228,-113,13,Sunrise,true,false
1428414512609,345,2147483647,2147483647,2147483647,-121,13,Sunrise,false,false
1428414512609,2147483647,2147483647,2147483647,2147483647,-113,13,Sunrise,false,false
1428414512609,2147483647,2147483647,2147483647,2147483647,-113,13,Sunrise,false,false
1428414512609,2147483647,2147483647,2147483647,2147483647,-113,13,Sunrise,false,false
1428414512609,2147483647,2147483647,2147483647,2147483647,-113,13,Sunrise,false,false
1428414512609,2147483647,2147483647,2147483647,2147483647,-113,13,Sunrise,false,false
1428414512609,2147483647,2147483647,2147483647,2147483647,-113,13,Sunrise,false,false
1428414512609,2147483647,2147483647,2147483647,2147483647,-113,13,Sunrise,false,false
1428414512609,2147483647,2147483647,2147483647,2147483647,-113,13,Sunrise,false,false
1428414512609,2147483647,2147483647,2147483647,2147483647,-113,13,Sunrise,false,false
1428414512609,2147483647,2147483647,2147483647,2147483647,-113,13,Sunrise,false,false
1428414512609,2147483647,2147483647,2147483647,2147483647,-113,13,Sunrise,false,false
1428414512609,2147483647,2147483647,2147483647,2147483647,-113,13,Sunrise,false,false
1428414512609,2147483647,2147483647,2147483647,2147483647,-113,13,Sunrise,false,false
1428414512609,2147483647,2147483647,2147483647,2147483647,-113,13,Sunrise,false,false
1428414512609,2147483647,2147483647,2147483647,2147483647,-113,13,Sunrise,false,false
1428414512609,2147483647,2147483647,2147483647,2147483647,-113,13,Sunrise,false,false
1428414512609,-1,-1,-1,-1,0,13,Sunrise,false,false
1428414512609,-1,-1,-1,-1,0,13,Sunrise,false,false
1428414512609,-1,-1,-1,-1,0,13,Sunrise,false,false
1428414572709,8986368,42010,2,228,-113,13,Sunrise,true,false
1428414572709,345,2147483647,2147483647,2147483647,-124,13,Sunrise,false,false
1428414572709,2147483647,2147483647,2147483647,2147483647,-113,13,Sunrise,false,false
1428414572709,2147483647,2147483647,2147483647,2147483647,-113,13,Sunrise,false,false
1428414572709,2147483647,2147483647,2147483647,2147483647,-113,13,Sunrise,false,false
1428414572709,2147483647,2147483647,2147483647,2147483647,-113,13,Sunrise,false,false
1428414572709,2147483647,2147483647,2147483647,2147483647,-113,13,Sunrise,false,false
1428414572709,2147483647,2147483647,2147483647,2147483647,-113,13,Sunrise,false,false
1428414572709,2147483647,2147483647,2147483647,2147483647,-113,13,Sunrise,false,false
1428414572709,2147483647,2147483647,2147483647,2147483647,-113,13,Sunrise,false,false
1428414572709,2147483647,2147483647,2147483647,2147483647,-113,13,Sunrise,false,false
1428414572709,2147483647,2147483647,2147483647,2147483647,-113,13,Sunrise,false,false
1428414572709,2147483647,2147483647,2147483647,2147483647,-113,13,Sunrise,false,false
1428414572709,2147483647,2147483647,2147483647,2147483647,-113,13,Sunrise,false,false
1428414572709,2147483647,2147483647,2147483647,2147483647,-113,13,Sunrise,false,false
1428414572709,2147483647,2147483647,2147483647,2147483647,-113,13,Sunrise,false,false
1428414572709,2147483647,2147483647,2147483647,2147483647,-113,13,Sunrise,false,false
1428414572709,2147483647,2147483647,2147483647,2147483647,-113,13,Sunrise,false,false
1428414572709,-1,-1,-1,-1,0,13,Sunrise,false,false
1428414572709,-1,-1,-1,-1,0,13,Sunrise,false,false
1428414572709,-1,-1,-1,-1,0,13,Sunrise,false,false
1428414633038,8986368,42010,2,228,-115,13,Sunrise,true,false
1428414633038,345,2147483647,2147483647,2147483647,-123,13,Sunrise,false,false
1428414633038,2147483647,2147483647,2147483647,2147483647,-113,13,Sunrise,false,false
1428414633038,2147483647,2147483647,2147483647,2147483647,-113,13,Sunrise,false,false
1428414633038,2147483647,2147483647,2147483647,2147483647,-113,13,Sunrise,false,false
1428414633038,2147483647,2147483647,2147483647,2147483647,-113,13,Sunrise,false,false
1428414633038,2147483647,2147483647,2147483647,2147483647,-113,13,Sunrise,false,false
1428414633038,2147483647,2147483647,2147483647,2147483647,-113,13,Sunrise,false,false
1428414633038,2147483647,2147483647,2147483647,2147483647,-113,13,Sunrise,false,false
1428414633038,2147483647,2147483647,2147483647,2147483647,-113,13,Sunrise,false,false
1428414633038,2147483647,2147483647,2147483647,2147483647,-113,13,Sunrise,false,false
1428414633038,2147483647,2147483647,2147483647,2147483647,-113,13,Sunrise,false,false
1428414633038,2147483647,2147483647,2147483647,2147483647,-113,13,Sunrise,false,false
1428414633038,2147483647,2147483647,2147483647,2147483647,-113,13,Sunrise,false,false
1428414633038,2147483647,2147483647,2147483647,2147483647,-113,13,Sunrise,false,false
1428414633038,2147483647,2147483647,2147483647,2147483647,-113,13,Sunrise,false,false
1428414633038,2147483647,2147483647,2147483647,2147483647,-113,13,Sunrise,false,false
1428414633038,2147483647,2147483647,2147483647,2147483647,-113,13,Sunrise,false,false
1428414633038,-1,-1,-1,-1,0,13,Sunrise,false,false
1428414633038,-1,-1,-1,-1,0,13,Sunrise,false,false
1428414633038,-1,-1,-1,-1,0,13,Sunrise,false,false
1428414671887,8986368,42010,2,228,-113,13,Sunrise,true,false
1428414671887,2147483647,2147483647,2147483647,2147483647,-113,13,Sunrise,false,false
1428414671887,2147483647,2147483647,2147483647,2147483647,-113,13,Sunrise,false,false
1428414671887,2147483647,2147483647,2147483647,2147483647,-113,13,Sunrise,false,false
1428414671887,2147483647,2147483647,2147483647,2147483647,-113,13,Sunrise,false,false
1428414671887,2147483647,2147483647,2147483647,2147483647,-113,13,Sunrise,false,false
1428414671887,2147483647,2147483647,2147483647,2147483647,-113,13,Sunrise,false,false
1428414671887,2147483647,2147483647,2147483647,2147483647,-113,13,Sunrise,false,false
1428414671887,2147483647,2147483647,2147483647,2147483647,-113,13,Sunrise,false,false
1428414671887,2147483647,2147483647,2147483647,2147483647,-113,13,Sunrise,false,false
1428414671887,2147483647,2147483647,2147483647,2147483647,-113,13,Sunrise,false,false
1428414671887,2147483647,2147483647,2147483647,2147483647,-113,13,Sunrise,false,false
1428414671887,2147483647,2147483647,2147483647,2147483647,-113,13,Sunrise,false,false
1428414671887,2147483647,2147483647,2147483647,2147483647,-113,13,Sunrise,false,false
1428414671887,2147483647,2147483647,2147483647,2147483647,-113,13,Sunrise,false,false
1428414671887,2147483647,2147483647,2147483647,2147483647,-113,13,Sunrise,false,false
1428414671887,2147483647,2147483647,2147483647,2147483647,-113,13,Sunrise,false,false
1428414671887,-1,-1,-1,-1,0,13,Sunrise,false,false
1428414671887,-1,-1,-1,-1,0,13,Sunrise,false,false
1428414671887,-1,-1,-1,-1,0,13,Sunrise,false,false
1428414756891,8986368,42010,2,228,-109,13,Sunrise,true,false
1428414756891,2147483647,2147483647,2147483647,2147483647,-113,13,Sunrise,false,false
1428414756891,2147483647,2147483647,2147483647,2147483647,-113,13,Sunrise,false,false
1428414756891,2147483647,2147483647,2147483647,2147483647,-113,13,Sunrise,false,false
1428414756891,2147483647,2147483647,2147483647,2147483647,-113,13,Sunrise,false,false
1428414756891,2147483647,2147483647,2147483647,2147483647,-113,13,Sunrise,false,false
1428414756891,2147483647,2147483647,2147483647,2147483647,-113,13,Sunrise,false,false
1428414756891,2147483647,2147483647,2147483647,2147483647,-113,13,Sunrise,false,false
1428414756891,2147483647,2147483647,2147483647,2147483647,-113,13,Sunrise,false,false
1428414756891,2147483647,2147483647,2147483647,2147483647,-113,13,Sunrise,false,false
1428414756891,2147483647,2147483647,2147483647,2147483647,-113,13,Sunrise,false,false
1428414756891,2147483647,2147483647,2147483647,2147483647,-113,13,Sunrise,false,false
1428414756891,2147483647,2147483647,2147483647,2147483647,-113,13,Sunrise,false,false
1428414756891,2147483647,2147483647,2147483647,2147483647,-113,13,Sunrise,false,false
1428414756891,2147483647,2147483647,2147483647,2147483647,-113,13,Sunrise,false,false
1428414756891,2147483647,2147483647,2147483647,2147483647,-113,13,Sunrise,false,false
1428414756891,2147483647,2147483647,2147483647,2147483647,-113,13,Sunrise,false,false
1428414756891,-1,-1,-1,-1,0,13,Sunrise,false,false
1428414756891,-1,-1,-1,-1,0,13,Sunrise,false,false
1428414756891,-1,-1,-1,-1,0,13,Sunrise,false,false
1428414816966,8986368,42010,2,228,-111,13,Sunrise,true,false
1428414816966,2147483647,2147483647,2147483647,2147483647,-113,13,Sunrise,false,false
1428414816966,2147483647,2147483647,2147483647,2147483647,-113,13,Sunrise,false,false
1428414816966,2147483647,2147483647,2147483647,2147483647,-113,13,Sunrise,false,false
1428414816966,2147483647,2147483647,2147483647,2147483647,-113,13,Sunrise,false,false
1428414816966,2147483647,2147483647,2147483647,2147483647,-113,13,Sunrise,false,false
1428414816966,2147483647,2147483647,2147483647,2147483647,-113,13,Sunrise,false,false
1428414816966,2147483647,2147483647,2147483647,2147483647,-113,13,Sunrise,false,false
1428414816966,2147483647,2147483647,2147483647,2147483647,-113,13,Sunrise,false,false
1428414816966,2147483647,2147483647,2147483647,2147483647,-113,13,Sunrise,false,false
1428414816966,2147483647,2147483647,2147483647,2147483647,-113,13,Sunrise,false,false
1428414816966,2147483647,2147483647,2147483647,2147483647,-113,13,Sunrise,false,false
1428414816966,2147483647,2147483647,2147483647,2147483647,-113,13,Sunrise,false,false
1428414816966,2147483647,2147483647,2147483647,2147483647,-113,13,Sunrise,false,false
1428414816966,2147483647,2147483647,2147483647,2147483647,-113,13,Sunrise,false,false
1428414816966,2147483647,2147483647,2147483647,2147483647,-113,13,Sunrise,false,false
1428414816966,2147483647,2147483647,2147483647,2147483647,-113,13,Sunrise,false,false
1428414816966,-1,-1,-1,-1,0,13,Sunrise,false,false
1428414816966,-1,-1,-1,-1,0,13,Sunrise,false,false
1428414816966,-1,-1,-1,-1,0,13,Sunrise,false,false
1428414877085,8986368,42010,2,228,-112,13,Sunrise,true,false
1428414877085,2147483647,2147483647,2147483647,2147483647,-113,13,Sunrise,false,false
1428414877085,2147483647,2147483647,2147483647,2147483647,-113,13,Sunrise,false,false
1428414877085,2147483647,2147483647,2147483647,2147483647,-113,13,Sunrise,false,false
1428414877085,2147483647,2147483647,2147483647,2147483647,-113,13,Sunrise,false,false
1428414877085,2147483647,2147483647,2147483647,2147483647,-113,13,Sunrise,false,false
1428414877085,2147483647,2147483647,2147483647,2147483647,-113,13,Sunrise,false,false
1428414877085,2147483647,2147483647,2147483647,2147483647,-113,13,Sunrise,false,false
1428414877085,2147483647,2147483647,2147483647,2147483647,-113,13,Sunrise,false,false
1428414877085,2147483647,2147483647,2147483647,2147483647,-113,13,Sunrise,false,false
1428414877085,2147483647,2147483647,2147483647,2147483647,-113,13,Sunrise,false,false
1428414877085,2147483647,2147483647,2147483647,2147483647,-113,13,Sunrise,false,false
1428414877085,2147483647,2147483647,2147483647,2147483647,-113,13,Sunrise,false,false
1428414877085,2147483647,2147483647,2147483647,2147483647,-113,13,Sunrise,false,false
1428414877085,2147483647,2147483647,2147483647,2147483647,-113,13,Sunrise,false,false
1428414877085,2147483647,2147483647,2147483647,2147483647,-113,13,Sunrise,false,false
1428414877085,2147483647,2147483647,2147483647,2147483647,-113,13,Sunrise,false,false
1428414877085,-1,-1,-1,-1,0,13,Sunrise,false,false
1428414877085,-1,-1,-1,-1,0,13,Sunrise,false,false
1428414877085,-1,-1,-1,-1,0,13,Sunrise,false,false
1428414957329,8986368,42010,2,228,-110,13,Sunrise,true,false
1428414957329,2147483647,2147483647,2147483647,2147483647,-113,13,Sunrise,false,false
1428414957329,2147483647,2147483647,2147483647,2147483647,-113,13,Sunrise,false,false
1428414957329,2147483647,2147483647,2147483647,2147483647,-113,13,Sunrise,false,false
1428414957329,2147483647,2147483647,2147483647,2147483647,-113,13,Sunrise,false,false
1428414957329,2147483647,2147483647,2147483647,2147483647,-113,13,Sunrise,false,false
1428414957329,2147483647,2147483647,2147483647,2147483647,-113,13,Sunrise,false,false
1428414957329,2147483647,2147483647,2147483647,2147483647,-113,13,Sunrise,false,false
1428414957329,2147483647,2147483647,2147483647,2147483647,-113,13,Sunrise,false,false
1428414957329,2147483647,2147483647,2147483647,2147483647,-113,13,Sunrise,false,false
1428414957329,2147483647,2147483647,2147483647,2147483647,-113,13,Sunrise,false,false
1428414957329,2147483647,2147483647,2147483647,2147483647,-113,13,Sunrise,false,false
1428414957329,2147483647,2147483647,2147483647,2147483647,-113,13,Sunrise,false,false
1428414957329,2147483647,2147483647,2147483647,2147483647,-113,13,Sunrise,false,false
1428414957329,2147483647,2147483647,2147483647,2147483647,-113,13,Sunrise,false,false
1428414957329,2147483647,2147483647,2147483647,2147483647,-113,13,Sunrise,false,false
1428414957329,2147483647,2147483647,2147483647,2147483647,-113,13,Sunrise,false,false
1428414957329,-1,-1,-1,-1,0,13,Sunrise,false,false
1428414957329,-1,-1,-1,-1,0,13,Sunrise,false,false
1428414957329,-1,-1,-1,-1,0,13,Sunrise,false,false
1428415017405,8986368,42010,2,228,-109,13,Sunrise,true,false
1428415017405,2147483647,2147483647,2147483647,2147483647,-113,13,Sunrise,false,false
1428415017405,2147483647,2147483647,2147483647,2147483647,-113,13,Sunrise,false,false
1428415017405,2147483647,2147483647,2147483647,2147483647,-113,13,Sunrise,false,false
1428415017405,2147483647,2147483647,2147483647,2147483647,-113,13,Sunrise,false,false
1428415017405,2147483647,2147483647,2147483647,2147483647,-113,13,Sunrise,false,false
1428415017405,2147483647,2147483647,2147483647,2147483647,-113,13,Sunrise,false,false
1428415017405,2147483647,2147483647,2147483647,2147483647,-113,13,Sunrise,false,false
1428415017405,2147483647,2147483647,2147483647,2147483647,-113,13,Sunrise,false,false
1428415017405,2147483647,2147483647,2147483647,2147483647,-113,13,Sunrise,false,false
1428415017405,2147483647,2147483647,2147483647,2147483647,-113,13,Sunrise,false,false
1428415017405,2147483647,2147483647,2147483647,2147483647,-113,13,Sunrise,false,false
1428415017405,2147483647,2147483647,2147483647,2147483647,-113,13,Sunrise,false,false
1428415017405,2147483647,2147483647,2147483647,2147483647,-113,13,Sunrise,false,false
1428415017405,2147483647,2147483647,2147483647,2147483647,-113,13,Sunrise,false,false
1428415017405,2147483647,2147483647,2147483647,2147483647,-113,13,Sunrise,false,false
1428415017405,2147483647,2147483647,2147483647,2147483647,-113,13,Sunrise,false,false
1428415017405,-1,-1,-1,-1,0,13,Sunrise,false,false
1428415017405,-1,-1,-1,-1,0,13,Sunrise,false,false
1428415017405,-1,-1,-1,-1,0,13,Sunrise,false,false
1428415077536,8986368,42010,2,228,-112,13,Sunrise,true,false
1428415077536,345,2147483647,2147483647,2147483647,-117,13,Sunrise,false,false
1428415077536,2147483647,2147483647,2147483647,2147483647,-113,13,Sunrise,false,false
1428415077536,2147483647,2147483647,2147483647,2147483647,-113,13,Sunrise,false,false
1428415077536,2147483647,2147483647,2147483647,2147483647,-113,13,Sunrise,false,false
1428415077536,2147483647,2147483647,2147483647,2147483647,-113,13,Sunrise,false,false
1428415077536,2147483647,2147483647,2147483647,2147483647,-113,13,Sunrise,false,false
1428415077536,2147483647,2147483647,2147483647,2147483647,-113,13,Sunrise,false,false
1428415077536,2147483647,2147483647,2147483647,2147483647,-113,13,Sunrise,false,false
1428415077536,2147483647,2147483647,2147483647,2147483647,-113,13,Sunrise,false,false
1428415077536,2147483647,2147483647,2147483647,2147483647,-113,13,Sunrise,false,false
1428415077536,2147483647,2147483647,2147483647,2147483647,-113,13,Sunrise,false,false
1428415077536,2147483647,2147483647,2147483647,2147483647,-113,13,Sunrise,false,false
1428415077536,2147483647,2147483647,2147483647,2147483647,-113,13,Sunrise,false,false
1428415077536,2147483647,2147483647,2147483647,2147483647,-113,13,Sunrise,false,false
1428415077536,2147483647,2147483647,2147483647,2147483647,-113,13,Sunrise,false,false
1428415077536,2147483647,2147483647,2147483647,2147483647,-113,13,Sunrise,false,false
1428415077536,2147483647,2147483647,2147483647,2147483647,-113,13,Sunrise,false,false
1428415077536,-1,-1,-1,-1,0,13,Sunrise,false,false
1428415077536,-1,-1,-1,-1,0,13,Sunrise,false,false
1428415077536,-1,-1,-1,-1,0,13,Sunrise,false,false
1428415138959,8986368,42010,2,228,-111,13,Sunrise,true,false
1428415138959,345,2147483647,2147483647,2147483647,-119,13,Sunrise,false,false
1428415138959,2147483647,2147483647,2147483647,2147483647,-113,13,Sunrise,false,false
1428415138959,2147483647,2147483647,2147483647,2147483647,-113,13,Sunrise,false,false
1428415138959,2147483647,2147483647,2147483647,2147483647,-113,13,Sunrise,false,false
1428415138959,2147483647,2147483647,2147483647,2147483647,-113,13,Sunrise,false,false
1428415138959,2147483647,2147483647,2147483647,2147483647,-113,13,Sunrise,false,false
1428415138959,2147483647,2147483647,2147483647,2147483647,-113,13,Sunrise,false,false
1428415138959,2147483647,2147483647,2147483647,2147483647,-113,13,Sunrise,false,false
1428415138959,2147483647,2147483647,2147483647,2147483647,-113,13,Sunrise,false,false
1428415138959,2147483647,2147483647,2147483647,2147483647,-113,13,Sunrise,false,false
1428415138959,2147483647,2147483647,2147483647,2147483647,-113,13,Sunrise,false,false
1428415138959,2147483647,2147483647,2147483647,2147483647,-113,13,Sunrise,false,false
1428415138959,2147483647,2147483647,2147483647,2147483647,-113,13,Sunrise,false,false
1428415138959,2147483647,2147483647,2147483647,2147483647,-113,13,Sunrise,false,false
1428415138959,2147483647,2147483647,2147483647,2147483647,-113,13,Sunrise,false,false
1428415138959,2147483647,2147483647,2147483647,2147483647,-113,13,Sunrise,false,false
1428415138959,2147483647,2147483647,2147483647,2147483647,-113,13,Sunrise,false,false
1428415138959,-1,-1,-1,-1,0,13,Sunrise,false,false
1428415138959,-1,-1,-1,-1,0,13,Sunrise,false,false
1428415138959,-1,-1,-1,-1,0,13,Sunrise,false,false
1428415138959,-1,-1,-1,-1,0,13,Sunrise,false,false
1428415198920,8986368,42010,2,228,-112,13,Sunrise,true,false
1428415198920,345,2147483647,2147483647,2147483647,-121,13,Sunrise,false,false
1428415198920,2147483647,2147483647,2147483647,2147483647,-113,13,Sunrise,false,false
1428415198920,2147483647,2147483647,2147483647,2147483647,-113,13,Sunrise,false,false
1428415198920,2147483647,2147483647,2147483647,2147483647,-113,13,Sunrise,false,false
1428415198920,2147483647,2147483647,2147483647,2147483647,-113,13,Sunrise,false,false
1428415198920,2147483647,2147483647,2147483647,2147483647,-113,13,Sunrise,false,false
1428415198920,2147483647,2147483647,2147483647,2147483647,-113,13,Sunrise,false,false
1428415198920,2147483647,2147483647,2147483647,2147483647,-113,13,Sunrise,false,false
1428415198920,2147483647,2147483647,2147483647,2147483647,-113,13,Sunrise,false,false
1428415198920,2147483647,2147483647,2147483647,2147483647,-113,13,Sunrise,false,false
1428415198920,2147483647,2147483647,2147483647,2147483647,-113,13,Sunrise,false,false
1428415198920,2147483647,2147483647,2147483647,2147483647,-113,13,Sunrise,false,false
1428415198920,2147483647,2147483647,2147483647,2147483647,-113,13,Sunrise,false,false
1428415198920,2147483647,2147483647,2147483647,2147483647,-113,13,Sunrise,false,false
1428415198920,2147483647,2147483647,2147483647,2147483647,-113,13,Sunrise,false,false
1428415198920,2147483647,2147483647,2147483647,2147483647,-113,13,Sunrise,false,false
1428415198920,2147483647,2147483647,2147483647,2147483647,-113,13,Sunrise,false,false
1428415198920,-1,-1,-1,-1,0,13,Sunrise,false,false
1428415198920,-1,-1,-1,-1,0,13,Sunrise,false,false
1428415198920,-1,-1,-1,-1,0,13,Sunrise,false,false
1428415198920,-1,-1,-1,-1,0,13,Sunrise,false,false
1428415258989,8986368,42010,2,228,-112,13,Sunrise,true,false
1428415258989,345,2147483647,2147483647,2147483647,-121,13,Sunrise,false,false
1428415258989,2147483647,2147483647,2147483647,2147483647,-113,13,Sunrise,false,false
1428415258989,2147483647,2147483647,2147483647,2147483647,-113,13,Sunrise,false,false
1428415258989,2147483647,2147483647,2147483647,2147483647,-113,13,Sunrise,false,false
1428415258989,2147483647,2147483647,2147483647,2147483647,-113,13,Sunrise,false,false
1428415258989,2147483647,2147483647,2147483647,2147483647,-113,13,Sunrise,false,false
1428415258989,2147483647,2147483647,2147483647,2147483647,-113,13,Sunrise,false,false
1428415258989,2147483647,2147483647,2147483647,2147483647,-113,13,Sunrise,false,false
1428415258989,2147483647,2147483647,2147483647,2147483647,-113,13,Sunrise,false,false
1428415258989,2147483647,2147483647,2147483647,2147483647,-113,13,Sunrise,false,false
1428415258989,2147483647,2147483647,2147483647,2147483647,-113,13,Sunrise,false,false
1428415258989,2147483647,2147483647,2147483647,2147483647,-113,13,Sunrise,false,false
1428415258989,2147483647,2147483647,2147483647,2147483647,-113,13,Sunrise,false,false
1428415258989,2147483647,2147483647,2147483647,2147483647,-113,13,Sunrise,false,false
1428415258989,2147483647,2147483647,2147483647,2147483647,-113,13,Sunrise,false,false
1428415258989,2147483647,2147483647,2147483647,2147483647,-113,13,Sunrise,false,false
1428415258989,2147483647,2147483647,2147483647,2147483647,-113,13,Sunrise,false,false
1428415258989,-1,-1,-1,-1,0,13,Sunrise,false,false
1428415258989,-1,-1,-1,-1,0,13,Sunrise,false,false
1428415258989,-1,-1,-1,-1,0,13,Sunrise,false,false
1428415258989,-1,-1,-1,-1,0,13,Sunrise,false,false
1428415319067,8986368,42010,2,228,-112,13,Sunrise,true,false
1428415319067,181,2147483647,2147483647,2147483647,-127,13,Sunrise,false,false
1428415319067,345,2147483647,2147483647,2147483647,-121,13,Sunrise,false,false
1428415319067,2147483647,2147483647,2147483647,2147483647,-113,13,Sunrise,false,false
1428415319067,2147483647,2147483647,2147483647,2147483647,-113,13,Sunrise,false,false
1428415319067,2147483647,2147483647,2147483647,2147483647,-113,13,Sunrise,false,false
1428415319067,2147483647,2147483647,2147483647,2147483647,-113,13,Sunrise,false,false
1428415319067,2147483647,2147483647,2147483647,2147483647,-113,13,Sunrise,false,false
1428415319067,2147483647,2147483647,2147483647,2147483647,-113,13,Sunrise,false,false
1428415319067,2147483647,2147483647,2147483647,2147483647,-113,13,Sunrise,false,false
1428415319067,2147483647,2147483647,2147483647,2147483647,-113,13,Sunrise,false,false
1428415319067,2147483647,2147483647,2147483647,2147483647,-113,13,Sunrise,false,false
1428415319067,2147483647,2147483647,2147483647,2147483647,-113,13,Sunrise,false,false
1428415319067,2147483647,2147483647,2147483647,2147483647,-113,13,Sunrise,false,false
1428415319067,2147483647,2147483647,2147483647,2147483647,-113,13,Sunrise,false,false
1428415319067,2147483647,2147483647,2147483647,2147483647,-113,13,Sunrise,false,false
1428415319067,2147483647,2147483647,2147483647,2147483647,-113,13,Sunrise,false,false
1428415319067,2147483647,2147483647,2147483647,2147483647,-113,13,Sunrise,false,false
1428415319067,2147483647,2147483647,2147483647,2147483647,-113,13,Sunrise,false,false
1428415319067,-1,-1,-1,-1,0,13,Sunrise,false,false
1428415319067,-1,-1,-1,-1,0,13,Sunrise,false,false
1428415319067,-1,-1,-1,-1,0,13,Sunrise,false,false
1428415319067,-1,-1,-1,-1,0,13,Sunrise,false,false
1428415416942,8986368,42010,2,228,-113,13,Sunrise,true,false
1428415416942,345,2147483647,2147483647,2147483647,-120,13,Sunrise,false,false
1428415416942,2147483647,2147483647,2147483647,2147483647,-113,13,Sunrise,false,false
1428415416942,2147483647,2147483647,2147483647,2147483647,-113,13,Sunrise,false,false
1428415416942,2147483647,2147483647,2147483647,2147483647,-113,13,Sunrise,false,false
1428415416942,2147483647,2147483647,2147483647,2147483647,-113,13,Sunrise,false,false
1428415416942,2147483647,2147483647,2147483647,2147483647,-113,13,Sunrise,false,false
1428415416942,2147483647,2147483647,2147483647,2147483647,-113,13,Sunrise,false,false
1428415416942,2147483647,2147483647,2147483647,2147483647,-113,13,Sunrise,false,false
1428415416942,2147483647,2147483647,2147483647,2147483647,-113,13,Sunrise,false,false
1428415416942,2147483647,2147483647,2147483647,2147483647,-113,13,Sunrise,false,false
1428415416942,2147483647,2147483647,2147483647,2147483647,-113,13,Sunrise,false,false
1428415416942,2147483647,2147483647,2147483647,2147483647,-113,13,Sunrise,false,false
1428415416942,2147483647,2147483647,2147483647,2147483647,-113,13,Sunrise,false,false
1428415416942,2147483647,2147483647,2147483647,2147483647,-113,13,Sunrise,false,false
1428415416942,2147483647,2147483647,2147483647,2147483647,-113,13,Sunrise,false,false
1428415416942,2147483647,2147483647,2147483647,2147483647,-113,13,Sunrise,false,false
1428415416942,2147483647,2147483647,2147483647,2147483647,-113,13,Sunrise,false,false
1428415416942,-1,-1,-1,-1,0,13,Sunrise,false,false
1428415416942,-1,-1,-1,-1,0,13,Sunrise,false,false
1428415416942,-1,-1,-1,-1,0,13,Sunrise,false,false
1428415416942,-1,-1,-1,-1,0,13,Sunrise,false,false
1428415477031,8986368,42010,2,228,-113,13,Sunrise,true,false
1428415477031,345,2147483647,2147483647,2147483647,-120,13,Sunrise,false,false
1428415477031,2147483647,2147483647,2147483647,2147483647,-113,13,Sunrise,false,false
1428415477031,2147483647,2147483647,2147483647,2147483647,-113,13,Sunrise,false,false
1428415477031,2147483647,2147483647,2147483647,2147483647,-113,13,Sunrise,false,false
1428415477031,2147483647,2147483647,2147483647,2147483647,-113,13,Sunrise,false,false
1428415477031,2147483647,2147483647,2147483647,2147483647,-113,13,Sunrise,false,false
1428415477031,2147483647,2147483647,2147483647,2147483647,-113,13,Sunrise,false,false
1428415477031,2147483647,2147483647,2147483647,2147483647,-113,13,Sunrise,false,false
1428415477031,2147483647,2147483647,2147483647,2147483647,-113,13,Sunrise,false,false
1428415477031,2147483647,2147483647,2147483647,2147483647,-113,13,Sunrise,false,false
1428415477031,2147483647,2147483647,2147483647,2147483647,-113,13,Sunrise,false,false
1428415477031,2147483647,2147483647,2147483647,2147483647,-113,13,Sunrise,false,false
1428415477031,2147483647,2147483647,2147483647,2147483647,-113,13,Sunrise,false,false
1428415477031,2147483647,2147483647,2147483647,2147483647,-113,13,Sunrise,false,false
1428415477031,2147483647,2147483647,2147483647,2147483647,-113,13,Sunrise,false,false
1428415477031,2147483647,2147483647,2147483647,2147483647,-113,13,Sunrise,false,false
1428415477031,2147483647,2147483647,2147483647,2147483647,-113,13,Sunrise,false,false
1428415477031,-1,-1,-1,-1,0,13,Sunrise,false,false
1428415477031,-1,-1,-1,-1,0,13,Sunrise,false,false
1428415477031,-1,-1,-1,-1,0,13,Sunrise,false,false
1428415477031,-1,-1,-1,-1,0,13,Sunrise,false,false
1428415570881,8986368,42010,2,228,-113,13,Sunrise,true,false
1428415570881,345,2147483647,2147483647,2147483647,-119,13,Sunrise,false,false
1428415570881,2147483647,2147483647,2147483647,2147483647,-113,13,Sunrise,false,false
1428415570881,2147483647,2147483647,2147483647,2147483647,-113,13,Sunrise,false,false
1428415570881,2147483647,2147483647,2147483647,2147483647,-113,13,Sunrise,false,false
1428415570881,2147483647,2147483647,2147483647,2147483647,-113,13,Sunrise,false,false
1428415570881,2147483647,2147483647,2147483647,2147483647,-113,13,Sunrise,false,false
1428415570881,2147483647,2147483647,2147483647,2147483647,-113,13,Sunrise,false,false
1428415570881,2147483647,2147483647,2147483647,2147483647,-113,13,Sunrise,false,false
1428415570881,2147483647,2147483647,2147483647,2147483647,-113,13,Sunrise,false,false
1428415570881,2147483647,2147483647,2147483647,2147483647,-113,13,Sunrise,false,false
1428415570881,2147483647,2147483647,2147483647,2147483647,-113,13,Sunrise,false,false
1428415570881,2147483647,2147483647,2147483647,2147483647,-113,13,Sunrise,false,false
1428415570881,2147483647,2147483647,2147483647,2147483647,-113,13,Sunrise,false,false
1428415570881,2147483647,2147483647,2147483647,2147483647,-113,13,Sunrise,false,false
1428415570881,2147483647,2147483647,2147483647,2147483647,-113,13,Sunrise,false,false
1428415570881,2147483647,2147483647,2147483647,2147483647,-113,13,Sunrise,false,false
1428415570881,2147483647,2147483647,2147483647,2147483647,-113,13,Sunrise,false,false
1428415570881,-1,-1,-1,-1,0,13,Sunrise,false,false
1428415570881,-1,-1,-1,-1,0,13,Sunrise,false,false
1428415570881,-1,-1,-1,-1,0,13,Sunrise,false,false
1428415570881,-1,-1,-1,-1,0,13,Sunrise,false,false
1428415630968,8986368,42010,2,228,-114,13,Sunrise,true,false
1428415630968,345,2147483647,2147483647,2147483647,-116,13,Sunrise,false,false
1428415630968,2147483647,2147483647,2147483647,2147483647,-113,13,Sunrise,false,false
1428415630968,2147483647,2147483647,2147483647,2147483647,-113,13,Sunrise,false,false
1428415630968,2147483647,2147483647,2147483647,2147483647,-113,13,Sunrise,false,false
1428415630968,2147483647,2147483647,2147483647,2147483647,-113,13,Sunrise,false,false
1428415630968,2147483647,2147483647,2147483647,2147483647,-113,13,Sunrise,false,false
1428415630968,2147483647,2147483647,2147483647,2147483647,-113,13,Sunrise,false,false
1428415630968,2147483647,2147483647,2147483647,2147483647,-113,13,Sunrise,false,false
1428415630968,2147483647,2147483647,2147483647,2147483647,-113,13,Sunrise,false,false
1428415630968,2147483647,2147483647,2147483647,2147483647,-113,13,Sunrise,false,false
1428415630968,2147483647,2147483647,2147483647,2147483647,-113,13,Sunrise,false,false
1428415630968,2147483647,2147483647,2147483647,2147483647,-113,13,Sunrise,false,false
1428415630968,2147483647,2147483647,2147483647,2147483647,-113,13,Sunrise,false,false
1428415630968,2147483647,2147483647,2147483647,2147483647,-113,13,Sunrise,false,false
1428415630968,2147483647,2147483647,2147483647,2147483647,-113,13,Sunrise,false,false
1428415630968,2147483647,2147483647,2147483647,2147483647,-113,13,Sunrise,false,false
1428415630968,2147483647,2147483647,2147483647,2147483647,-113,13,Sunrise,false,false
1428415630968,-1,-1,-1,-1,0,13,Sunrise,false,false
1428415630968,-1,-1,-1,-1,0,13,Sunrise,false,false
1428415630968,-1,-1,-1,-1,0,13,Sunrise,false,false
1428415630968,-1,-1,-1,-1,0,13,Sunrise,false,false
1428415691906,8986368,42010,2,228,-113,13,Sunrise,true,false
1428415691906,345,2147483647,2147483647,2147483647,-119,13,Sunrise,false,false
1428415691906,2147483647,2147483647,2147483647,2147483647,-113,13,Sunrise,false,false
1428415691906,2147483647,2147483647,2147483647,2147483647,-113,13,Sunrise,false,false
1428415691906,2147483647,2147483647,2147483647,2147483647,-113,13,Sunrise,false,false
1428415691906,2147483647,2147483647,2147483647,2147483647,-113,13,Sunrise,false,false
1428415691906,2147483647,2147483647,2147483647,2147483647,-113,13,Sunrise,false,false
1428415691906,2147483647,2147483647,2147483647,2147483647,-113,13,Sunrise,false,false
1428415691906,2147483647,2147483647,2147483647,2147483647,-113,13,Sunrise,false,false
1428415691906,2147483647,2147483647,2147483647,2147483647,-113,13,Sunrise,false,false
1428415691906,2147483647,2147483647,2147483647,2147483647,-113,13,Sunrise,false,false
1428415691906,2147483647,2147483647,2147483647,2147483647,-113,13,Sunrise,false,false
1428415691906,2147483647,2147483647,2147483647,2147483647,-113,13,Sunrise,false,false
1428415691906,2147483647,2147483647,2147483647,2147483647,-113,13,Sunrise,false,false
1428415691906,2147483647,2147483647,2147483647,2147483647,-113,13,Sunrise,false,false
1428415691906,2147483647,2147483647,2147483647,2147483647,-113,13,Sunrise,false,false
1428415691906,2147483647,2147483647,2147483647,2147483647,-113,13,Sunrise,false,false
1428415691906,2147483647,2147483647,2147483647,2147483647,-113,13,Sunrise,false,false
1428415691906,-1,-1,-1,-1,0,13,Sunrise,false,false
1428415691906,-1,-1,-1,-1,0,13,Sunrise,false,false
1428415691906,-1,-1,-1,-1,0,13,Sunrise,false,false
1428415691906,-1,-1,-1,-1,0,13,Sunrise,false,false
1428415752316,8986368,42010,2,228,-113,13,Sunrise,true,false
1428415752316,345,2147483647,2147483647,2147483647,-121,13,Sunrise,false,false
1428415752316,2147483647,2147483647,2147483647,2147483647,-113,13,Sunrise,false,false
1428415752316,2147483647,2147483647,2147483647,2147483647,-113,13,Sunrise,false,false
1428415752316,2147483647,2147483647,2147483647,2147483647,-113,13,Sunrise,false,false
1428415752316,2147483647,2147483647,2147483647,2147483647,-113,13,Sunrise,false,false
1428415752316,2147483647,2147483647,2147483647,2147483647,-113,13,Sunrise,false,false
1428415752316,2147483647,2147483647,2147483647,2147483647,-113,13,Sunrise,false,false
1428415752316,2147483647,2147483647,2147483647,2147483647,-113,13,Sunrise,false,false
1428415752316,2147483647,2147483647,2147483647,2147483647,-113,13,Sunrise,false,false
1428415752316,2147483647,2147483647,2147483647,2147483647,-113,13,Sunrise,false,false
1428415752316,2147483647,2147483647,2147483647,2147483647,-113,13,Sunrise,false,false
1428415752316,2147483647,2147483647,2147483647,2147483647,-113,13,Sunrise,false,false
1428415752316,2147483647,2147483647,2147483647,2147483647,-113,13,Sunrise,false,false
1428415752316,2147483647,2147483647,2147483647,2147483647,-113,13,Sunrise,false,false
1428415752316,2147483647,2147483647,2147483647,2147483647,-113,13,Sunrise,false,false
1428415752316,2147483647,2147483647,2147483647,2147483647,-113,13,Sunrise,false,false
1428415752316,2147483647,2147483647,2147483647,2147483647,-113,13,Sunrise,false,false
1428415752316,-1,-1,-1,-1,0,13,Sunrise,false,false
1428415752316,-1,-1,-1,-1,0,13,Sunrise,false,false
1428415752316,-1,-1,-1,-1,0,13,Sunrise,false,false
1428415752316,-1,-1,-1,-1,0,13,Sunrise,false,false
1428415812450,8986368,42010,2,228,-114,13,Sunrise,true,false
1428415812450,2147483647,2147483647,2147483647,2147483647,-113,13,Sunrise,false,false
1428415812450,2147483647,2147483647,2147483647,2147483647,-113,13,Sunrise,false,false
1428415812450,2147483647,2147483647,2147483647,2147483647,-113,13,Sunrise,false,false
1428415812450,2147483647,2147483647,2147483647,2147483647,-113,13,Sunrise,false,false
1428415812450,2147483647,2147483647,2147483647,2147483647,-113,13,Sunrise,false,false
1428415812450,2147483647,2147483647,2147483647,2147483647,-113,13,Sunrise,false,false
1428415812450,2147483647,2147483647,2147483647,2147483647,-113,13,Sunrise,false,false
1428415812450,2147483647,2147483647,2147483647,2147483647,-113,13,Sunrise,false,false
1428415812450,2147483647,2147483647,2147483647,2147483647,-113,13,Sunrise,false,false
1428415812450,2147483647,2147483647,2147483647,2147483647,-113,13,Sunrise,false,false
1428415812450,2147483647,2147483647,2147483647,2147483647,-113,13,Sunrise,false,false
1428415812450,2147483647,2147483647,2147483647,2147483647,-113,13,Sunrise,false,false
1428415812450,2147483647,2147483647,2147483647,2147483647,-113,13,Sunrise,false,false
1428415812450,2147483647,2147483647,2147483647,2147483647,-113,13,Sunrise,false,false
1428415812450,2147483647,2147483647,2147483647,2147483647,-113,13,Sunrise,false,false
1428415812450,2147483647,2147483647,2147483647,2147483647,-113,13,Sunrise,false,false
1428415812450,-1,-1,-1,-1,0,13,Sunrise,false,false
1428415812450,-1,-1,-1,-1,0,13,Sunrise,false,false
1428415812450,-1,-1,-1,-1,0,13,Sunrise,false,false
1428415812450,-1,-1,-1,-1,0,13,Sunrise,false,false
1428415891019,8986368,42010,2,228,-113,13,Sunrise,true,false
1428415891019,345,2147483647,2147483647,2147483647,-118,13,Sunrise,false,false
1428415891019,2147483647,2147483647,2147483647,2147483647,-113,13,Sunrise,false,false
1428415891019,2147483647,2147483647,2147483647,2147483647,-113,13,Sunrise,false,false
1428415891019,2147483647,2147483647,2147483647,2147483647,-113,13,Sunrise,false,false
1428415891019,2147483647,2147483647,2147483647,2147483647,-113,13,Sunrise,false,false
1428415891019,2147483647,2147483647,2147483647,2147483647,-113,13,Sunrise,false,false
1428415891019,2147483647,2147483647,2147483647,2147483647,-113,13,Sunrise,false,false
1428415891019,2147483647,2147483647,2147483647,2147483647,-113,13,Sunrise,false,false
1428415891019,2147483647,2147483647,2147483647,2147483647,-113,13,Sunrise,false,false
1428415891019,2147483647,2147483647,2147483647,2147483647,-113,13,Sunrise,false,false
1428415891019,2147483647,2147483647,2147483647,2147483647,-113,13,Sunrise,false,false
1428415891019,2147483647,2147483647,2147483647,2147483647,-113,13,Sunrise,false,false
1428415891019,2147483647,2147483647,2147483647,2147483647,-113,13,Sunrise,false,false
1428415891019,2147483647,2147483647,2147483647,2147483647,-113,13,Sunrise,false,false
1428415891019,2147483647,2147483647,2147483647,2147483647,-113,13,Sunrise,false,false
1428415891019,2147483647,2147483647,2147483647,2147483647,-113,13,Sunrise,false,false
1428415891019,2147483647,2147483647,2147483647,2147483647,-113,13,Sunrise,false,false
1428415891019,-1,-1,-1,-1,0,13,Sunrise,false,false
1428415891019,-1,-1,-1,-1,0,13,Sunrise,false,false
1428415891019,-1,-1,-1,-1,0,13,Sunrise,false,false
1428415891019,-1,-1,-1,-1,0,13,Sunrise,false,false
1428415951139,8986368,42010,2,228,-114,13,Sunrise,true,false
1428415951139,345,2147483647,2147483647,2147483647,-119,13,Sunrise,false,false
1428415951139,2147483647,2147483647,2147483647,2147483647,-113,13,Sunrise,false,false
1428415951139,2147483647,2147483647,2147483647,2147483647,-113,13,Sunrise,false,false
1428415951139,2147483647,2147483647,2147483647,2147483647,-113,13,Sunrise,false,false
1428415951139,2147483647,2147483647,2147483647,2147483647,-113,13,Sunrise,false,false
1428415951139,2147483647,2147483647,2147483647,2147483647,-113,13,Sunrise,false,false
1428415951139,2147483647,2147483647,2147483647,2147483647,-113,13,Sunrise,false,false
1428415951139,2147483647,2147483647,2147483647,2147483647,-113,13,Sunrise,false,false
1428415951139,2147483647,2147483647,2147483647,2147483647,-113,13,Sunrise,false,false
1428415951139,2147483647,2147483647,2147483647,2147483647,-113,13,Sunrise,false,false
1428415951139,2147483647,2147483647,2147483647,2147483647,-113,13,Sunrise,false,false
1428415951139,2147483647,2147483647,2147483647,2147483647,-113,13,Sunrise,false,false
1428415951139,2147483647,2147483647,2147483647,2147483647,-113,13,Sunrise,false,false
1428415951139,2147483647,2147483647,2147483647,2147483647,-113,13,Sunrise,false,false
1428415951139,2147483647,2147483647,2147483647,2147483647,-113,13,Sunrise,false,false
1428415951139,2147483647,2147483647,2147483647,2147483647,-113,13,Sunrise,false,false
1428415951139,2147483647,2147483647,2147483647,2147483647,-113,13,Sunrise,false,false
1428415951139,-1,-1,-1,-1,0,13,Sunrise,false,false
1428415951139,-1,-1,-1,-1,0,13,Sunrise,false,false
1428415951139,-1,-1,-1,-1,0,13,Sunrise,false,false
1428415951139,-1,-1,-1,-1,0,13,Sunrise,false,false
1428416011227,8986368,42010,2,228,-115,13,Sunrise,true,false
1428416011227,345,2147483647,2147483647,2147483647,-118,13,Sunrise,false,false
1428416011227,2147483647,2147483647,2147483647,2147483647,-113,13,Sunrise,false,false
1428416011227,2147483647,2147483647,2147483647,2147483647,-113,13,Sunrise,false,false
1428416011227,2147483647,2147483647,2147483647,2147483647,-113,13,Sunrise,false,false
1428416011227,2147483647,2147483647,2147483647,2147483647,-113,13,Sunrise,false,false
1428416011227,2147483647,2147483647,2147483647,2147483647,-113,13,Sunrise,false,false
1428416011227,2147483647,2147483647,2147483647,2147483647,-113,13,Sunrise,false,false
1428416011227,2147483647,2147483647,2147483647,2147483647,-113,13,Sunrise,false,false
1428416011227,2147483647,2147483647,2147483647,2147483647,-113,13,Sunrise,false,false
1428416011227,2147483647,2147483647,2147483647,2147483647,-113,13,Sunrise,false,false
1428416011227,2147483647,2147483647,2147483647,2147483647,-113,13,Sunrise,false,false
1428416011227,2147483647,2147483647,2147483647,2147483647,-113,13,Sunrise,false,false
1428416011227,2147483647,2147483647,2147483647,2147483647,-113,13,Sunrise,false,false
1428416011227,2147483647,2147483647,2147483647,2147483647,-113,13,Sunrise,false,false
1428416011227,2147483647,2147483647,2147483647,2147483647,-113,13,Sunrise,false,false
1428416011227,2147483647,2147483647,2147483647,2147483647,-113,13,Sunrise,false,false
1428416011227,2147483647,2147483647,2147483647,2147483647,-113,13,Sunrise,false,false
1428416011227,-1,-1,-1,-1,0,13,Sunrise,false,false
1428416011227,-1,-1,-1,-1,0,13,Sunrise,false,false
1428416011227,-1,-1,-1,-1,0,13,Sunrise,false,false
1428416011227,-1,-1,-1,-1,0,13,Sunrise,false,false
1428416071959,8986368,42010,2,228,-113,13,Sunrise,true,false
1428416071959,2147483647,2147483647,2147483647,2147483647,-113,13,Sunrise,false,false
1428416071959,2147483647,2147483647,2147483647,2147483647,-113,13,Sunrise,false,false
1428416071959,2147483647,2147483647,2147483647,2147483647,-113,13,Sunrise,false,false
1428416071959,2147483647,2147483647,2147483647,2147483647,-113,13,Sunrise,false,false
1428416071959,2147483647,2147483647,2147483647,2147483647,-113,13,Sunrise,false,false
1428416071959,2147483647,2147483647,2147483647,2147483647,-113,13,Sunrise,false,false
1428416071959,2147483647,2147483647,2147483647,2147483647,-113,13,Sunrise,false,false
1428416071959,2147483647,2147483647,2147483647,2147483647,-113,13,Sunrise,false,false
1428416071959,2147483647,2147483647,2147483647,2147483647,-113,13,Sunrise,false,false
1428416071959,2147483647,2147483647,2147483647,2147483647,-113,13,Sunrise,false,false
1428416071959,2147483647,2147483647,2147483647,2147483647,-113,13,Sunrise,false,false
1428416071959,2147483647,2147483647,2147483647,2147483647,-113,13,Sunrise,false,false
1428416071959,2147483647,2147483647,2147483647,2147483647,-113,13,Sunrise,false,false
1428416071959,2147483647,2147483647,2147483647,2147483647,-113,13,Sunrise,false,false
1428416071959,2147483647,2147483647,2147483647,2147483647,-113,13,Sunrise,false,false
1428416071959,2147483647,2147483647,2147483647,2147483647,-113,13,Sunrise,false,false
1428416071959,-1,-1,-1,-1,0,13,Sunrise,false,false
1428416071959,-1,-1,-1,-1,0,13,Sunrise,false,false
1428416071959,-1,-1,-1,-1,0,13,Sunrise,false,false
1428416071959,-1,-1,-1,-1,0,13,Sunrise,false,false
1428416136957,8986368,42010,2,228,-115,13,Sunrise,true,false
1428416136957,2147483647,2147483647,2147483647,2147483647,-113,13,Sunrise,false,false
1428416136957,2147483647,2147483647,2147483647,2147483647,-113,13,Sunrise,false,false
1428416136957,2147483647,2147483647,2147483647,2147483647,-113,13,Sunrise,false,false
1428416136957,2147483647,2147483647,2147483647,2147483647,-113,13,Sunrise,false,false
1428416136957,2147483647,2147483647,2147483647,2147483647,-113,13,Sunrise,false,false
1428416136957,2147483647,2147483647,2147483647,2147483647,-113,13,Sunrise,false,false
1428416136957,2147483647,2147483647,2147483647,2147483647,-113,13,Sunrise,false,false
1428416136957,2147483647,2147483647,2147483647,2147483647,-113,13,Sunrise,false,false
1428416136957,2147483647,2147483647,2147483647,2147483647,-113,13,Sunrise,false,false
1428416136957,2147483647,2147483647,2147483647,2147483647,-113,13,Sunrise,false,false
1428416136957,2147483647,2147483647,2147483647,2147483647,-113,13,Sunrise,false,false
1428416136957,2147483647,2147483647,2147483647,2147483647,-113,13,Sunrise,false,false
1428416136957,2147483647,2147483647,2147483647,2147483647,-113,13,Sunrise,false,false
1428416136957,2147483647,2147483647,2147483647,2147483647,-113,13,Sunrise,false,false
1428416136957,2147483647,2147483647,2147483647,2147483647,-113,13,Sunrise,false,false
1428416136957,2147483647,2147483647,2147483647,2147483647,-113,13,Sunrise,false,false
1428416136957,-1,-1,-1,-1,0,13,Sunrise,false,false
1428416136957,-1,-1,-1,-1,0,13,Sunrise,false,false
1428416136957,-1,-1,-1,-1,0,13,Sunrise,false,false
1428416136957,-1,-1,-1,-1,0,13,Sunrise,false,false
1428416197247,8986368,42010,2,228,-115,13,Sunrise,true,false
1428416197247,345,2147483647,2147483647,2147483647,-118,13,Sunrise,false,false
1428416197247,2147483647,2147483647,2147483647,2147483647,-113,13,Sunrise,false,false
1428416197247,2147483647,2147483647,2147483647,2147483647,-113,13,Sunrise,false,false
1428416197247,2147483647,2147483647,2147483647,2147483647,-113,13,Sunrise,false,false
1428416197247,2147483647,2147483647,2147483647,2147483647,-113,13,Sunrise,false,false
1428416197247,2147483647,2147483647,2147483647,2147483647,-113,13,Sunrise,false,false
1428416197247,2147483647,2147483647,2147483647,2147483647,-113,13,Sunrise,false,false
1428416197247,2147483647,2147483647,2147483647,2147483647,-113,13,Sunrise,false,false
1428416197247,2147483647,2147483647,2147483647,2147483647,-113,13,Sunrise,false,false
1428416197247,2147483647,2147483647,2147483647,2147483647,-113,13,Sunrise,false,false
1428416197247,2147483647,2147483647,2147483647,2147483647,-113,13,Sunrise,false,false
1428416197247,2147483647,2147483647,2147483647,2147483647,-113,13,Sunrise,false,false
1428416197247,2147483647,2147483647,2147483647,2147483647,-113,13,Sunrise,false,false
1428416197247,2147483647,2147483647,2147483647,2147483647,-113,13,Sunrise,false,false
1428416197247,2147483647,2147483647,2147483647,2147483647,-113,13,Sunrise,false,false
1428416197247,2147483647,2147483647,2147483647,2147483647,-113,13,Sunrise,false,false
1428416197247,2147483647,2147483647,2147483647,2147483647,-113,13,Sunrise,false,false
1428416197247,-1,-1,-1,-1,0,13,Sunrise,false,false
1428416197247,-1,-1,-1,-1,0,13,Sunrise,false,false
1428416197247,-1,-1,-1,-1,0,13,Sunrise,false,false
1428416197247,-1,-1,-1,-1,0,13,Sunrise,false,false
1428416257242,8986368,42010,2,228,-110,13,Sunrise,true,false
1428416257242,51,2147483647,2147483647,2147483647,-120,13,Sunrise,false,false
1428416317239,8986368,42010,2,228,-110,13,Sunrise,true,false
1428416317239,345,2147483647,2147483647,2147483647,-118,13,Sunrise,false,false
1428416377356,8986368,42010,2,228,-107,13,Sunrise,true,false
1428416437515,8986368,42010,2,228,-109,13,Sunrise,true,false
1428416497632,8986368,42010,2,228,-109,13,Sunrise,true,false
1428416557535,8986368,42010,2,228,-111,13,Sunrise,true,false
1428416617632,8986368,42010,2,228,-113,13,Sunrise,true,false
1428416617632,51,2147483647,2147483647,2147483647,-127,13,Sunrise,false,false
1428416677737,8986368,42010,2,228,-107,13,Sunrise,true,false
1428416737756,8986368,42010,2,228,-101,13,Sunrise,true,false
1428416801014,8986368,42010,2,228,-109,13,Sunrise,true,false
1428416801014,345,2147483647,2147483647,2147483647,-116,13,Sunrise,false,false
1428416862221,8986368,42010,2,228,-116,13,Sunrise,true,false
1428416862221,345,2147483647,2147483647,2147483647,-118,13,Sunrise,false,false
1428416922279,-1,-1,-1,-1,0,10,Sunrise,true,false
1428416982271,8986368,42010,2,228,-92,13,Sunrise,true,false
1428416982271,51,2147483647,2147483647,2147483647,-107,13,Sunrise,false,false
1428417042406,8986368,42010,2,228,-92,13,Sunrise,true,false
1428417042406,51,2147483647,2147483647,2147483647,-105,13,Sunrise,false,false
1428417110608,8986368,42010,2,228,-105,13,Sunrise,true,false
1428417110608,51,2147483647,2147483647,2147483647,-115,13,Sunrise,false,false
1428417110608,469,2147483647,2147483647,2147483647,-121,13,Sunrise,false,false
1428417110608,2147483647,2147483647,2147483647,2147483647,-113,13,Sunrise,false,false
1428417110608,2147483647,2147483647,2147483647,2147483647,-113,13,Sunrise,false,false
1428417110608,2147483647,2147483647,2147483647,2147483647,-113,13,Sunrise,false,false
1428417110608,2147483647,2147483647,2147483647,2147483647,-113,13,Sunrise,false,false
1428417110608,2147483647,2147483647,2147483647,2147483647,-113,13,Sunrise,false,false
1428417110608,2147483647,2147483647,2147483647,2147483647,-113,13,Sunrise,false,false
1428417110608,2147483647,2147483647,2147483647,2147483647,-113,13,Sunrise,false,false
1428417110608,2147483647,2147483647,2147483647,2147483647,-113,13,Sunrise,false,false
1428417110608,2147483647,2147483647,2147483647,2147483647,-113,13,Sunrise,false,false
1428417110608,2147483647,2147483647,2147483647,2147483647,-113,13,Sunrise,false,false
1428417110608,2147483647,2147483647,2147483647,2147483647,-113,13,Sunrise,false,false
1428417110608,2147483647,2147483647,2147483647,2147483647,-113,13,Sunrise,false,false
1428417110608,2147483647,2147483647,2147483647,2147483647,-113,13,Sunrise,false,false
1428417110608,2147483647,2147483647,2147483647,2147483647,-113,13,Sunrise,false,false
1428417110608,2147483647,2147483647,2147483647,2147483647,-113,13,Sunrise,false,false
1428417110608,2147483647,2147483647,2147483647,2147483647,-113,13,Sunrise,false,false
1428417174990,8986368,42010,2,228,-105,13,Sunrise,true,false
1428417174990,51,2147483647,2147483647,2147483647,-118,13,Sunrise,false,false
1428417174990,2147483647,2147483647,2147483647,2147483647,-113,13,Sunrise,false,false
1428417174990,2147483647,2147483647,2147483647,2147483647,-113,13,Sunrise,false,false
1428417174990,2147483647,2147483647,2147483647,2147483647,-113,13,Sunrise,false,false
1428417174990,2147483647,2147483647,2147483647,2147483647,-113,13,Sunrise,false,false
1428417174990,2147483647,2147483647,2147483647,2147483647,-113,13,Sunrise,false,false
1428417174990,2147483647,2147483647,2147483647,2147483647,-113,13,Sunrise,false,false
1428417174990,2147483647,2147483647,2147483647,2147483647,-113,13,Sunrise,false,false
1428417174990,2147483647,2147483647,2147483647,2147483647,-113,13,Sunrise,false,false
1428417174990,2147483647,2147483647,2147483647,2147483647,-113,13,Sunrise,false,false
1428417174990,2147483647,2147483647,2147483647,2147483647,-113,13,Sunrise,false,false
1428417174990,2147483647,2147483647,2147483647,2147483647,-113,13,Sunrise,false,false
1428417174990,2147483647,2147483647,2147483647,2147483647,-113,13,Sunrise,false,false
1428417174990,2147483647,2147483647,2147483647,2147483647,-113,13,Sunrise,false,false
1428417174990,2147483647,2147483647,2147483647,2147483647,-113,13,Sunrise,false,false
1428417174990,2147483647,2147483647,2147483647,2147483647,-113,13,Sunrise,false,false
1428417174990,2147483647,2147483647,2147483647,2147483647,-113,13,Sunrise,false,false
1428417236211,-1,-1,-1,-1,0,10,Sunrise,true,false
1428417236211,-1,-1,-1,-1,0,10,Sunrise,false,false
1428417236211,-1,-1,-1,-1,0,10,Sunrise,false,false
1428417236211,-1,-1,-1,-1,0,10,Sunrise,false,false
1428417299557,8986368,42010,2,228,-110,13,Sunrise,true,false
1428417299557,345,2147483647,2147483647,2147483647,-120,13,Sunrise,false,false
1428417299557,2147483647,2147483647,2147483647,2147483647,-113,13,Sunrise,false,false
1428417299557,2147483647,2147483647,2147483647,2147483647,-113,13,Sunrise,false,false
1428417299557,2147483647,2147483647,2147483647,2147483647,-113,13,Sunrise,false,false
1428417299557,2147483647,2147483647,2147483647,2147483647,-113,13,Sunrise,false,false
1428417299557,2147483647,2147483647,2147483647,2147483647,-113,13,Sunrise,false,false
1428417299557,2147483647,2147483647,2147483647,2147483647,-113,13,Sunrise,false,false
1428417299557,2147483647,2147483647,2147483647,2147483647,-113,13,Sunrise,false,false
1428417299557,2147483647,2147483647,2147483647,2147483647,-113,13,Sunrise,false,false
1428417299557,2147483647,2147483647,2147483647,2147483647,-113,13,Sunrise,false,false
1428417299557,2147483647,2147483647,2147483647,2147483647,-113,13,Sunrise,false,false
1428417299557,2147483647,2147483647,2147483647,2147483647,-113,13,Sunrise,false,false
1428417299557,2147483647,2147483647,2147483647,2147483647,-113,13,Sunrise,false,false
1428417299557,2147483647,2147483647,2147483647,2147483647,-113,13,Sunrise,false,false
1428417299557,2147483647,2147483647,2147483647,2147483647,-113,13,Sunrise,false,false
1428417299557,2147483647,2147483647,2147483647,2147483647,-113,13,Sunrise,false,false
1428417299557,2147483647,2147483647,2147483647,2147483647,-113,13,Sunrise,false,false
1428417299557,-1,-1,-1,-1,0,13,Sunrise,false,false
1428417365198,8986368,42010,2,228,-109,13,Sunrise,true,false
1428417365198,345,2147483647,2147483647,2147483647,-124,13,Sunrise,false,false
1428417365198,2147483647,2147483647,2147483647,2147483647,-113,13,Sunrise,false,false
1428417365198,2147483647,2147483647,2147483647,2147483647,-113,13,Sunrise,false,false
1428417365198,2147483647,2147483647,2147483647,2147483647,-113,13,Sunrise,false,false
1428417365198,2147483647,2147483647,2147483647,2147483647,-113,13,Sunrise,false,false
1428417365198,2147483647,2147483647,2147483647,2147483647,-113,13,Sunrise,false,false
1428417365198,2147483647,2147483647,2147483647,2147483647,-113,13,Sunrise,false,false
1428417365198,2147483647,2147483647,2147483647,2147483647,-113,13,Sunrise,false,false
1428417365198,2147483647,2147483647,2147483647,2147483647,-113,13,Sunrise,false,false
1428417365198,2147483647,2147483647,2147483647,2147483647,-113,13,Sunrise,false,false
1428417365198,2147483647,2147483647,2147483647,2147483647,-113,13,Sunrise,false,false
1428417365198,2147483647,2147483647,2147483647,2147483647,-113,13,Sunrise,false,false
1428417365198,2147483647,2147483647,2147483647,2147483647,-113,13,Sunrise,false,false
1428417365198,2147483647,2147483647,2147483647,2147483647,-113,13,Sunrise,false,false
1428417365198,2147483647,2147483647,2147483647,2147483647,-113,13,Sunrise,false,false
1428417365198,2147483647,2147483647,2147483647,2147483647,-113,13,Sunrise,false,false
1428417365198,2147483647,2147483647,2147483647,2147483647,-113,13,Sunrise,false,false
1428417365198,-1,-1,-1,-1,0,13,Sunrise,false,false
1428417365198,-1,-1,-1,-1,0,13,Sunrise,false,false
1428417426306,8986368,42010,2,228,-109,13,Sunrise,true,false
1428417426306,345,2147483647,2147483647,2147483647,-124,13,Sunrise,false,false
1428417426306,2147483647,2147483647,2147483647,2147483647,-113,13,Sunrise,false,false
1428417426306,2147483647,2147483647,2147483647,2147483647,-113,13,Sunrise,false,false
1428417426306,2147483647,2147483647,2147483647,2147483647,-113,13,Sunrise,false,false
1428417426306,2147483647,2147483647,2147483647,2147483647,-113,13,Sunrise,false,false
1428417426306,2147483647,2147483647,2147483647,2147483647,-113,13,Sunrise,false,false
1428417426306,2147483647,2147483647,2147483647,2147483647,-113,13,Sunrise,false,false
1428417426306,2147483647,2147483647,2147483647,2147483647,-113,13,Sunrise,false,false
1428417426306,2147483647,2147483647,2147483647,2147483647,-113,13,Sunrise,false,false
1428417426306,2147483647,2147483647,2147483647,2147483647,-113,13,Sunrise,false,false
1428417426306,2147483647,2147483647,2147483647,2147483647,-113,13,Sunrise,false,false
1428417426306,2147483647,2147483647,2147483647,2147483647,-113,13,Sunrise,false,false
1428417426306,2147483647,2147483647,2147483647,2147483647,-113,13,Sunrise,false,false
1428417426306,2147483647,2147483647,2147483647,2147483647,-113,13,Sunrise,false,false
1428417426306,2147483647,2147483647,2147483647,2147483647,-113,13,Sunrise,false,false
1428417426306,2147483647,2147483647,2147483647,2147483647,-113,13,Sunrise,false,false
1428417426306,2147483647,2147483647,2147483647,2147483647,-113,13,Sunrise,false,false
1428417426306,-1,-1,-1,-1,0,13,Sunrise,false,false
1428417426306,-1,-1,-1,-1,0,13,Sunrise,false,false
1428417487447,8986368,42010,2,228,-107,13,Sunrise,true,false
1428417487447,345,2147483647,2147483647,2147483647,-124,13,Sunrise,false,false
1428417487447,2147483647,2147483647,2147483647,2147483647,-113,13,Sunrise,false,false
1428417487447,2147483647,2147483647,2147483647,2147483647,-113,13,Sunrise,false,false
1428417487447,2147483647,2147483647,2147483647,2147483647,-113,13,Sunrise,false,false
1428417487447,2147483647,2147483647,2147483647,2147483647,-113,13,Sunrise,false,false
1428417487447,2147483647,2147483647,2147483647,2147483647,-113,13,Sunrise,false,false
1428417487447,2147483647,2147483647,2147483647,2147483647,-113,13,Sunrise,false,false
1428417487447,2147483647,2147483647,2147483647,2147483647,-113,13,Sunrise,false,false
1428417487447,2147483647,2147483647,2147483647,2147483647,-113,13,Sunrise,false,false
1428417487447,2147483647,2147483647,2147483647,2147483647,-113,13,Sunrise,false,false
1428417487447,2147483647,2147483647,2147483647,2147483647,-113,13,Sunrise,false,false
1428417487447,2147483647,2147483647,2147483647,2147483647,-113,13,Sunrise,false,false
1428417487447,2147483647,2147483647,2147483647,2147483647,-113,13,Sunrise,false,false
1428417487447,2147483647,2147483647,2147483647,2147483647,-113,13,Sunrise,false,false
1428417487447,2147483647,2147483647,2147483647,2147483647,-113,13,Sunrise,false,false
1428417487447,2147483647,2147483647,2147483647,2147483647,-113,13,Sunrise,false,false
1428417487447,2147483647,2147483647,2147483647,2147483647,-113,13,Sunrise,false,false
1428417487447,-1,-1,-1,-1,0,13,Sunrise,false,false
1428417487447,-1,-1,-1,-1,0,13,Sunrise,false,false
1428417548940,8986368,42010,2,228,-110,13,Sunrise,true,false
1428417548940,345,2147483647,2147483647,2147483647,-124,13,Sunrise,false,false
1428417548940,2147483647,2147483647,2147483647,2147483647,-113,13,Sunrise,false,false
1428417548940,2147483647,2147483647,2147483647,2147483647,-113,13,Sunrise,false,false
1428417548940,2147483647,2147483647,2147483647,2147483647,-113,13,Sunrise,false,false
1428417548940,2147483647,2147483647,2147483647,2147483647,-113,13,Sunrise,false,false
1428417548940,2147483647,2147483647,2147483647,2147483647,-113,13,Sunrise,false,false
1428417548940,2147483647,2147483647,2147483647,2147483647,-113,13,Sunrise,false,false
1428417548940,2147483647,2147483647,2147483647,2147483647,-113,13,Sunrise,false,false
1428417548940,2147483647,2147483647,2147483647,2147483647,-113,13,Sunrise,false,false
1428417548940,2147483647,2147483647,2147483647,2147483647,-113,13,Sunrise,false,false
1428417548940,2147483647,2147483647,2147483647,2147483647,-113,13,Sunrise,false,false
1428417548940,2147483647,2147483647,2147483647,2147483647,-113,13,Sunrise,false,false
1428417548940,2147483647,2147483647,2147483647,2147483647,-113,13,Sunrise,false,false
1428417548940,2147483647,2147483647,2147483647,2147483647,-113,13,Sunrise,false,false
1428417548940,2147483647,2147483647,2147483647,2147483647,-113,13,Sunrise,false,false
1428417548940,2147483647,2147483647,2147483647,2147483647,-113,13,Sunrise,false,false
1428417548940,2147483647,2147483647,2147483647,2147483647,-113,13,Sunrise,false,false
1428417548940,-1,-1,-1,-1,0,13,Sunrise,false,false
1428417548940,-1,-1,-1,-1,0,13,Sunrise,false,false
1428417610282,8986368,42010,2,228,-110,13,Sunrise,true,false
1428417610282,345,2147483647,2147483647,2147483647,-124,13,Sunrise,false,false
1428417610282,2147483647,2147483647,2147483647,2147483647,-113,13,Sunrise,false,false
1428417610282,2147483647,2147483647,2147483647,2147483647,-113,13,Sunrise,false,false
1428417610282,2147483647,2147483647,2147483647,2147483647,-113,13,Sunrise,false,false
1428417610282,2147483647,2147483647,2147483647,2147483647,-113,13,Sunrise,false,false
1428417610282,2147483647,2147483647,2147483647,2147483647,-113,13,Sunrise,false,false
1428417610282,2147483647,2147483647,2147483647,2147483647,-113,13,Sunrise,false,false
1428417610282,2147483647,2147483647,2147483647,2147483647,-113,13,Sunrise,false,false
1428417610282,2147483647,2147483647,2147483647,2147483647,-113,13,Sunrise,false,false
1428417610282,2147483647,2147483647,2147483647,2147483647,-113,13,Sunrise,false,false
1428417610282,2147483647,2147483647,2147483647,2147483647,-113,13,Sunrise,false,false
1428417610282,2147483647,2147483647,2147483647,2147483647,-113,13,Sunrise,false,false
1428417610282,2147483647,2147483647,2147483647,2147483647,-113,13,Sunrise,false,false
1428417610282,2147483647,2147483647,2147483647,2147483647,-113,13,Sunrise,false,false
1428417610282,2147483647,2147483647,2147483647,2147483647,-113,13,Sunrise,false,false
1428417610282,2147483647,2147483647,2147483647,2147483647,-113,13,Sunrise,false,false
1428417610282,2147483647,2147483647,2147483647,2147483647,-113,13,Sunrise,false,false
1428417610282,-1,-1,-1,-1,0,13,Sunrise,false,false
1428417610282,-1,-1,-1,-1,0,13,Sunrise,false,false
1428417671362,8986368,42010,2,228,-111,13,Sunrise,true,false
1428417671362,345,2147483647,2147483647,2147483647,-126,13,Sunrise,false,false
1428417671362,2147483647,2147483647,2147483647,2147483647,-113,13,Sunrise,false,false
1428417671362,2147483647,2147483647,2147483647,2147483647,-113,13,Sunrise,false,false
1428417671362,2147483647,2147483647,2147483647,2147483647,-113,13,Sunrise,false,false
1428417671362,2147483647,2147483647,2147483647,2147483647,-113,13,Sunrise,false,false
1428417671362,2147483647,2147483647,2147483647,2147483647,-113,13,Sunrise,false,false
1428417671362,2147483647,2147483647,2147483647,2147483647,-113,13,Sunrise,false,false
1428417671362,2147483647,2147483647,2147483647,2147483647,-113,13,Sunrise,false,false
1428417671362,2147483647,2147483647,2147483647,2147483647,-113,13,Sunrise,false,false
1428417671362,2147483647,2147483647,2147483647,2147483647,-113,13,Sunrise,false,false
1428417671362,2147483647,2147483647,2147483647,2147483647,-113,13,Sunrise,false,false
1428417671362,2147483647,2147483647,2147483647,2147483647,-113,13,Sunrise,false,false
1428417671362,2147483647,2147483647,2147483647,2147483647,-113,13,Sunrise,false,false
1428417671362,2147483647,2147483647,2147483647,2147483647,-113,13,Sunrise,false,false
1428417671362,2147483647,2147483647,2147483647,2147483647,-113,13,Sunrise,false,false
1428417671362,2147483647,2147483647,2147483647,2147483647,-113,13,Sunrise,false,false
1428417671362,2147483647,2147483647,2147483647,2147483647,-113,13,Sunrise,false,false
1428417671362,-1,-1,-1,-1,0,13,Sunrise,false,false
1428417671362,-1,-1,-1,-1,0,13,Sunrise,false,false
1428417671362,-1,-1,-1,-1,0,13,Sunrise,false,false
1428417732433,8986368,42010,2,228,-110,13,Sunrise,true,false
1428417732433,345,2147483647,2147483647,2147483647,-126,13,Sunrise,false,false
1428417732433,2147483647,2147483647,2147483647,2147483647,-113,13,Sunrise,false,false
1428417732433,2147483647,2147483647,2147483647,2147483647,-113,13,Sunrise,false,false
1428417732433,2147483647,2147483647,2147483647,2147483647,-113,13,Sunrise,false,false
1428417732433,2147483647,2147483647,2147483647,2147483647,-113,13,Sunrise,false,false
1428417732433,2147483647,2147483647,2147483647,2147483647,-113,13,Sunrise,false,false
1428417732433,2147483647,2147483647,2147483647,2147483647,-113,13,Sunrise,false,false
1428417732433,2147483647,2147483647,2147483647,2147483647,-113,13,Sunrise,false,false
1428417732433,2147483647,2147483647,2147483647,2147483647,-113,13,Sunrise,false,false
1428417732433,2147483647,2147483647,2147483647,2147483647,-113,13,Sunrise,false,false
1428417732433,2147483647,2147483647,2147483647,2147483647,-113,13,Sunrise,false,false
1428417732433,2147483647,2147483647,2147483647,2147483647,-113,13,Sunrise,false,false
1428417732433,2147483647,2147483647,2147483647,2147483647,-113,13,Sunrise,false,false
1428417732433,2147483647,2147483647,2147483647,2147483647,-113,13,Sunrise,false,false
1428417732433,2147483647,2147483647,2147483647,2147483647,-113,13,Sunrise,false,false
1428417732433,2147483647,2147483647,2147483647,2147483647,-113,13,Sunrise,false,false
1428417732433,2147483647,2147483647,2147483647,2147483647,-113,13,Sunrise,false,false
1428417732433,-1,-1,-1,-1,0,13,Sunrise,false,false
1428417732433,-1,-1,-1,-1,0,13,Sunrise,false,false
1428417732433,-1,-1,-1,-1,0,13,Sunrise,false,false
1428417798535,8986368,42010,2,228,-110,13,Sunrise,true,false
1428417798535,345,2147483647,2147483647,2147483647,-126,13,Sunrise,false,false
1428417798535,2147483647,2147483647,2147483647,2147483647,-113,13,Sunrise,false,false
1428417798535,2147483647,2147483647,2147483647,2147483647,-113,13,Sunrise,false,false
1428417798535,2147483647,2147483647,2147483647,2147483647,-113,13,Sunrise,false,false
1428417798535,2147483647,2147483647,2147483647,2147483647,-113,13,Sunrise,false,false
1428417798535,2147483647,2147483647,2147483647,2147483647,-113,13,Sunrise,false,false
1428417798535,2147483647,2147483647,2147483647,2147483647,-113,13,Sunrise,false,false
1428417798535,2147483647,2147483647,2147483647,2147483647,-113,13,Sunrise,false,false
1428417798535,2147483647,2147483647,2147483647,2147483647,-113,13,Sunrise,false,false
1428417798535,2147483647,2147483647,2147483647,2147483647,-113,13,Sunrise,false,false
1428417798535,2147483647,2147483647,2147483647,2147483647,-113,13,Sunrise,false,false
1428417798535,2147483647,2147483647,2147483647,2147483647,-113,13,Sunrise,false,false
1428417798535,2147483647,2147483647,2147483647,2147483647,-113,13,Sunrise,false,false
1428417798535,2147483647,2147483647,2147483647,2147483647,-113,13,Sunrise,false,false
1428417798535,2147483647,2147483647,2147483647,2147483647,-113,13,Sunrise,false,false
1428417798535,2147483647,2147483647,2147483647,2147483647,-113,13,Sunrise,false,false
1428417798535,2147483647,2147483647,2147483647,2147483647,-113,13,Sunrise,false,false
1428417798535,-1,-1,-1,-1,0,13,Sunrise,false,false
1428417798535,-1,-1,-1,-1,0,13,Sunrise,false,false
1428417798535,-1,-1,-1,-1,0,13,Sunrise,false,false
1428417858708,8986368,42010,2,228,-111,13,Sunrise,true,false
1428417858708,2147483647,2147483647,2147483647,2147483647,-113,13,Sunrise,false,false
1428417858708,2147483647,2147483647,2147483647,2147483647,-113,13,Sunrise,false,false
1428417858708,2147483647,2147483647,2147483647,2147483647,-113,13,Sunrise,false,false
1428417858708,2147483647,2147483647,2147483647,2147483647,-113,13,Sunrise,false,false
1428417858708,2147483647,2147483647,2147483647,2147483647,-113,13,Sunrise,false,false
1428417858708,2147483647,2147483647,2147483647,2147483647,-113,13,Sunrise,false,false
1428417858708,2147483647,2147483647,2147483647,2147483647,-113,13,Sunrise,false,false
1428417858708,2147483647,2147483647,2147483647,2147483647,-113,13,Sunrise,false,false
1428417858708,2147483647,2147483647,2147483647,2147483647,-113,13,Sunrise,false,false
1428417858708,2147483647,2147483647,2147483647,2147483647,-113,13,Sunrise,false,false
1428417858708,2147483647,2147483647,2147483647,2147483647,-113,13,Sunrise,false,false
1428417858708,2147483647,2147483647,2147483647,2147483647,-113,13,Sunrise,false,false
1428417858708,2147483647,2147483647,2147483647,2147483647,-113,13,Sunrise,false,false
1428417858708,2147483647,2147483647,2147483647,2147483647,-113,13,Sunrise,false,false
1428417858708,2147483647,2147483647,2147483647,2147483647,-113,13,Sunrise,false,false
1428417858708,2147483647,2147483647,2147483647,2147483647,-113,13,Sunrise,false,false
1428417858708,-1,-1,-1,-1,0,13,Sunrise,false,false
1428417858708,-1,-1,-1,-1,0,13,Sunrise,false,false
1428417858708,-1,-1,-1,-1,0,13,Sunrise,false,false
1428417918847,8986368,42010,2,228,-110,13,Sunrise,true,false
1428417918847,2147483647,2147483647,2147483647,2147483647,-113,13,Sunrise,false,false
1428417918847,2147483647,2147483647,2147483647,2147483647,-113,13,Sunrise,false,false
1428417918847,2147483647,2147483647,2147483647,2147483647,-113,13,Sunrise,false,false
1428417918847,2147483647,2147483647,2147483647,2147483647,-113,13,Sunrise,false,false
1428417918847,2147483647,2147483647,2147483647,2147483647,-113,13,Sunrise,false,false
1428417918847,2147483647,2147483647,2147483647,2147483647,-113,13,Sunrise,false,false
1428417918847,2147483647,2147483647,2147483647,2147483647,-113,13,Sunrise,false,false
1428417918847,2147483647,2147483647,2147483647,2147483647,-113,13,Sunrise,false,false
1428417918847,2147483647,2147483647,2147483647,2147483647,-113,13,Sunrise,false,false
1428417918847,2147483647,2147483647,2147483647,2147483647,-113,13,Sunrise,false,false
1428417918847,2147483647,2147483647,2147483647,2147483647,-113,13,Sunrise,false,false
1428417918847,2147483647,2147483647,2147483647,2147483647,-113,13,Sunrise,false,false
1428417918847,2147483647,2147483647,2147483647,2147483647,-113,13,Sunrise,false,false
1428417918847,2147483647,2147483647,2147483647,2147483647,-113,13,Sunrise,false,false
1428417918847,2147483647,2147483647,2147483647,2147483647,-113,13,Sunrise,false,false
1428417918847,2147483647,2147483647,2147483647,2147483647,-113,13,Sunrise,false,false
1428417918847,-1,-1,-1,-1,0,13,Sunrise,false,false
1428417918847,-1,-1,-1,-1,0,13,Sunrise,false,false
1428417918847,-1,-1,-1,-1,0,13,Sunrise,false,false
1428417978897,8986368,42010,2,228,-110,13,Sunrise,true,false
1428417978897,2147483647,2147483647,2147483647,2147483647,-113,13,Sunrise,false,false
1428417978897,2147483647,2147483647,2147483647,2147483647,-113,13,Sunrise,false,false
1428417978897,2147483647,2147483647,2147483647,2147483647,-113,13,Sunrise,false,false
1428417978897,2147483647,2147483647,2147483647,2147483647,-113,13,Sunrise,false,false
1428417978897,2147483647,2147483647,2147483647,2147483647,-113,13,Sunrise,false,false
1428417978897,2147483647,2147483647,2147483647,2147483647,-113,13,Sunrise,false,false
1428417978897,2147483647,2147483647,2147483647,2147483647,-113,13,Sunrise,false,false
1428417978897,2147483647,2147483647,2147483647,2147483647,-113,13,Sunrise,false,false
1428417978897,2147483647,2147483647,2147483647,2147483647,-113,13,Sunrise,false,false
1428417978897,2147483647,2147483647,2147483647,2147483647,-113,13,Sunrise,false,false
1428417978897,2147483647,2147483647,2147483647,2147483647,-113,13,Sunrise,false,false
1428417978897,2147483647,2147483647,2147483647,2147483647,-113,13,Sunrise,false,false
1428417978897,2147483647,2147483647,2147483647,2147483647,-113,13,Sunrise,false,false
1428417978897,2147483647,2147483647,2147483647,2147483647,-113,13,Sunrise,false,false
1428417978897,2147483647,2147483647,2147483647,2147483647,-113,13,Sunrise,false,false
1428417978897,2147483647,2147483647,2147483647,2147483647,-113,13,Sunrise,false,false
1428417978897,-1,-1,-1,-1,0,13,Sunrise,false,false
1428417978897,-1,-1,-1,-1,0,13,Sunrise,false,false
1428417978897,-1,-1,-1,-1,0,13,Sunrise,false,false
1428418039951,8986368,42010,2,228,-110,13,Sunrise,true,false
1428418039951,2147483647,2147483647,2147483647,2147483647,-113,13,Sunrise,false,false
1428418039951,2147483647,2147483647,2147483647,2147483647,-113,13,Sunrise,false,false
1428418039951,2147483647,2147483647,2147483647,2147483647,-113,13,Sunrise,false,false
1428418039951,2147483647,2147483647,2147483647,2147483647,-113,13,Sunrise,false,false
1428418039951,2147483647,2147483647,2147483647,2147483647,-113,13,Sunrise,false,false
1428418039951,2147483647,2147483647,2147483647,2147483647,-113,13,Sunrise,false,false
1428418039951,2147483647,2147483647,2147483647,2147483647,-113,13,Sunrise,false,false
1428418039951,2147483647,2147483647,2147483647,2147483647,-113,13,Sunrise,false,false
1428418039951,2147483647,2147483647,2147483647,2147483647,-113,13,Sunrise,false,false
1428418039951,2147483647,2147483647,2147483647,2147483647,-113,13,Sunrise,false,false
1428418039951,2147483647,2147483647,2147483647,2147483647,-113,13,Sunrise,false,false
1428418039951,2147483647,2147483647,2147483647,2147483647,-113,13,Sunrise,false,false
1428418039951,2147483647,2147483647,2147483647,2147483647,-113,13,Sunrise,false,false
1428418039951,2147483647,2147483647,2147483647,2147483647,-113,13,Sunrise,false,false
1428418039951,2147483647,2147483647,2147483647,2147483647,-113,13,Sunrise,false,false
1428418039951,2147483647,2147483647,2147483647,2147483647,-113,13,Sunrise,false,false
1428418039951,-1,-1,-1,-1,0,13,Sunrise,false,false
1428418039951,-1,-1,-1,-1,0,13,Sunrise,false,false
1428418039951,-1,-1,-1,-1,0,13,Sunrise,false,false
1428418100930,8986368,42010,2,228,-111,13,Sunrise,true,false
1428418100930,2147483647,2147483647,2147483647,2147483647,-113,13,Sunrise,false,false
1428418100930,2147483647,2147483647,2147483647,2147483647,-113,13,Sunrise,false,false
1428418100930,2147483647,2147483647,2147483647,2147483647,-113,13,Sunrise,false,false
1428418100930,2147483647,2147483647,2147483647,2147483647,-113,13,Sunrise,false,false
1428418100930,2147483647,2147483647,2147483647,2147483647,-113,13,Sunrise,false,false
1428418100930,2147483647,2147483647,2147483647,2147483647,-113,13,Sunrise,false,false
1428418100930,2147483647,2147483647,2147483647,2147483647,-113,13,Sunrise,false,false
1428418100930,2147483647,2147483647,2147483647,2147483647,-113,13,Sunrise,false,false
1428418100930,2147483647,2147483647,2147483647,2147483647,-113,13,Sunrise,false,false
1428418100930,2147483647,2147483647,2147483647,2147483647,-113,13,Sunrise,false,false
1428418100930,2147483647,2147483647,2147483647,2147483647,-113,13,Sunrise,false,false
1428418100930,2147483647,2147483647,2147483647,2147483647,-113,13,Sunrise,false,false
1428418100930,2147483647,2147483647,2147483647,2147483647,-113,13,Sunrise,false,false
1428418100930,2147483647,2147483647,2147483647,2147483647,-113,13,Sunrise,false,false
1428418100930,2147483647,2147483647,2147483647,2147483647,-113,13,Sunrise,false,false
1428418100930,2147483647,2147483647,2147483647,2147483647,-113,13,Sunrise,false,false
1428418100930,-1,-1,-1,-1,0,13,Sunrise,false,false
1428418100930,-1,-1,-1,-1,0,13,Sunrise,false,false
1428418100930,-1,-1,-1,-1,0,13,Sunrise,false,false
1428418160951,8986368,42010,2,228,-111,13,Sunrise,true,false
1428418160951,2147483647,2147483647,2147483647,2147483647,-113,13,Sunrise,false,false
1428418160951,2147483647,2147483647,2147483647,2147483647,-113,13,Sunrise,false,false
1428418160951,2147483647,2147483647,2147483647,2147483647,-113,13,Sunrise,false,false
1428418160951,2147483647,2147483647,2147483647,2147483647,-113,13,Sunrise,false,false
1428418160951,2147483647,2147483647,2147483647,2147483647,-113,13,Sunrise,false,false
1428418160951,2147483647,2147483647,2147483647,2147483647,-113,13,Sunrise,false,false
1428418160951,2147483647,2147483647,2147483647,2147483647,-113,13,Sunrise,false,false
1428418160951,2147483647,2147483647,2147483647,2147483647,-113,13,Sunrise,false,false
1428418160951,2147483647,2147483647,2147483647,2147483647,-113,13,Sunrise,false,false
1428418160951,2147483647,2147483647,2147483647,2147483647,-113,13,Sunrise,false,false
1428418160951,2147483647,2147483647,2147483647,2147483647,-113,13,Sunrise,false,false
1428418160951,2147483647,2147483647,2147483647,2147483647,-113,13,Sunrise,false,false
1428418160951,2147483647,2147483647,2147483647,2147483647,-113,13,Sunrise,false,false
1428418160951,2147483647,2147483647,2147483647,2147483647,-113,13,Sunrise,false,false
1428418160951,2147483647,2147483647,2147483647,2147483647,-113,13,Sunrise,false,false
1428418160951,2147483647,2147483647,2147483647,2147483647,-113,13,Sunrise,false,false
1428418160951,-1,-1,-1,-1,0,13,Sunrise,false,false
1428418160951,-1,-1,-1,-1,0,13,Sunrise,false,false
1428418160951,-1,-1,-1,-1,0,13,Sunrise,false,false
1428418221105,8986368,42010,2,228,-110,13,Sunrise,true,false
1428418221105,2147483647,2147483647,2147483647,2147483647,-113,13,Sunrise,false,false
1428418221105,2147483647,2147483647,2147483647,2147483647,-113,13,Sunrise,false,false
1428418221105,2147483647,2147483647,2147483647,2147483647,-113,13,Sunrise,false,false
1428418221105,2147483647,2147483647,2147483647,2147483647,-113,13,Sunrise,false,false
1428418221105,2147483647,2147483647,2147483647,2147483647,-113,13,Sunrise,false,false
1428418221105,2147483647,2147483647,2147483647,2147483647,-113,13,Sunrise,false,false
1428418221105,2147483647,2147483647,2147483647,2147483647,-113,13,Sunrise,false,false
1428418221105,2147483647,2147483647,2147483647,2147483647,-113,13,Sunrise,false,false
1428418221105,2147483647,2147483647,2147483647,2147483647,-113,13,Sunrise,false,false
1428418221105,2147483647,2147483647,2147483647,2147483647,-113,13,Sunrise,false,false
1428418221105,2147483647,2147483647,2147483647,2147483647,-113,13,Sunrise,false,false
1428418221105,2147483647,2147483647,2147483647,2147483647,-113,13,Sunrise,false,false
1428418221105,2147483647,2147483647,2147483647,2147483647,-113,13,Sunrise,false,false
1428418221105,2147483647,2147483647,2147483647,2147483647,-113,13,Sunrise,false,false
1428418221105,2147483647,2147483647,2147483647,2147483647,-113,13,Sunrise,false,false
1428418221105,2147483647,2147483647,2147483647,2147483647,-113,13,Sunrise,false,false
1428418221105,-1,-1,-1,-1,0,13,Sunrise,false,false
1428418221105,-1,-1,-1,-1,0,13,Sunrise,false,false
1428418221105,-1,-1,-1,-1,0,13,Sunrise,false,false
1428418302955,8986368,42010,2,228,-110,13,Sunrise,true,false
1428418302955,2147483647,2147483647,2147483647,2147483647,-113,13,Sunrise,false,false
1428418302955,2147483647,2147483647,2147483647,2147483647,-113,13,Sunrise,false,false
1428418302955,2147483647,2147483647,2147483647,2147483647,-113,13,Sunrise,false,false
1428418302955,2147483647,2147483647,2147483647,2147483647,-113,13,Sunrise,false,false
1428418302955,2147483647,2147483647,2147483647,2147483647,-113,13,Sunrise,false,false
1428418302955,2147483647,2147483647,2147483647,2147483647,-113,13,Sunrise,false,false
1428418302955,2147483647,2147483647,2147483647,2147483647,-113,13,Sunrise,false,false
1428418302955,2147483647,2147483647,2147483647,2147483647,-113,13,Sunrise,false,false
1428418302955,2147483647,2147483647,2147483647,2147483647,-113,13,Sunrise,false,false
1428418302955,2147483647,2147483647,2147483647,2147483647,-113,13,Sunrise,false,false
1428418302955,2147483647,2147483647,2147483647,2147483647,-113,13,Sunrise,false,false
1428418302955,2147483647,2147483647,2147483647,2147483647,-113,13,Sunrise,false,false
1428418302955,2147483647,2147483647,2147483647,2147483647,-113,13,Sunrise,false,false
1428418302955,2147483647,2147483647,2147483647,2147483647,-113,13,Sunrise,false,false
1428418302955,2147483647,2147483647,2147483647,2147483647,-113,13,Sunrise,false,false
1428418302955,2147483647,2147483647,2147483647,2147483647,-113,13,Sunrise,false,false
1428418302955,-1,-1,-1,-1,0,13,Sunrise,false,false
1428418302955,-1,-1,-1,-1,0,13,Sunrise,false,false
1428418302955,-1,-1,-1,-1,0,13,Sunrise,false,false
1428418363005,8986368,42010,2,228,-108,13,Sunrise,true,false
1428418363005,2147483647,2147483647,2147483647,2147483647,-113,13,Sunrise,false,false
1428418363005,2147483647,2147483647,2147483647,2147483647,-113,13,Sunrise,false,false
1428418363005,2147483647,2147483647,2147483647,2147483647,-113,13,Sunrise,false,false
1428418363005,2147483647,2147483647,2147483647,2147483647,-113,13,Sunrise,false,false
1428418363005,2147483647,2147483647,2147483647,2147483647,-113,13,Sunrise,false,false
1428418363005,2147483647,2147483647,2147483647,2147483647,-113,13,Sunrise,false,false
1428418363005,2147483647,2147483647,2147483647,2147483647,-113,13,Sunrise,false,false
1428418363005,2147483647,2147483647,2147483647,2147483647,-113,13,Sunrise,false,false
1428418363005,2147483647,2147483647,2147483647,2147483647,-113,13,Sunrise,false,false
1428418363005,2147483647,2147483647,2147483647,2147483647,-113,13,Sunrise,false,false
1428418363005,2147483647,2147483647,2147483647,2147483647,-113,13,Sunrise,false,false
1428418363005,2147483647,2147483647,2147483647,2147483647,-113,13,Sunrise,false,false
1428418363005,2147483647,2147483647,2147483647,2147483647,-113,13,Sunrise,false,false
1428418363005,2147483647,2147483647,2147483647,2147483647,-113,13,Sunrise,false,false
1428418363005,2147483647,2147483647,2147483647,2147483647,-113,13,Sunrise,false,false
1428418363005,2147483647,2147483647,2147483647,2147483647,-113,13,Sunrise,false,false
1428418363005,-1,-1,-1,-1,0,13,Sunrise,false,false
1428418363005,-1,-1,-1,-1,0,13,Sunrise,false,false
1428418363005,-1,-1,-1,-1,0,13,Sunrise,false,false
1428418446927,8986368,42010,2,228,-107,13,Sunrise,true,false
1428418446927,2147483647,2147483647,2147483647,2147483647,-113,13,Sunrise,false,false
1428418446927,2147483647,2147483647,2147483647,2147483647,-113,13,Sunrise,false,false
1428418446927,2147483647,2147483647,2147483647,2147483647,-113,13,Sunrise,false,false
1428418446927,2147483647,2147483647,2147483647,2147483647,-113,13,Sunrise,false,false
1428418446927,2147483647,2147483647,2147483647,2147483647,-113,13,Sunrise,false,false
1428418446927,2147483647,2147483647,2147483647,2147483647,-113,13,Sunrise,false,false
1428418446927,2147483647,2147483647,2147483647,2147483647,-113,13,Sunrise,false,false
1428418446927,2147483647,2147483647,2147483647,2147483647,-113,13,Sunrise,false,false
1428418446927,2147483647,2147483647,2147483647,2147483647,-113,13,Sunrise,false,false
1428418446927,2147483647,2147483647,2147483647,2147483647,-113,13,Sunrise,false,false
1428418446927,2147483647,2147483647,2147483647,2147483647,-113,13,Sunrise,false,false
1428418446927,2147483647,2147483647,2147483647,2147483647,-113,13,Sunrise,false,false
1428418446927,2147483647,2147483647,2147483647,2147483647,-113,13,Sunrise,false,false
1428418446927,2147483647,2147483647,2147483647,2147483647,-113,13,Sunrise,false,false
1428418446927,2147483647,2147483647,2147483647,2147483647,-113,13,Sunrise,false,false
1428418446927,2147483647,2147483647,2147483647,2147483647,-113,13,Sunrise,false,false
1428418446927,-1,-1,-1,-1,0,13,Sunrise,false,false
1428418446927,-1,-1,-1,-1,0,13,Sunrise,false,false
1428418446927,-1,-1,-1,-1,0,13,Sunrise,false,false
1428418506941,8986368,42010,2,228,-107,13,Sunrise,true,false
1428418506941,2147483647,2147483647,2147483647,2147483647,-113,13,Sunrise,false,false
1428418506941,2147483647,2147483647,2147483647,2147483647,-113,13,Sunrise,false,false
1428418506941,2147483647,2147483647,2147483647,2147483647,-113,13,Sunrise,false,false
1428418506941,2147483647,2147483647,2147483647,2147483647,-113,13,Sunrise,false,false
1428418506941,2147483647,2147483647,2147483647,2147483647,-113,13,Sunrise,false,false
1428418506941,2147483647,2147483647,2147483647,2147483647,-113,13,Sunrise,false,false
1428418506941,2147483647,2147483647,2147483647,2147483647,-113,13,Sunrise,false,false
1428418506941,2147483647,2147483647,2147483647,2147483647,-113,13,Sunrise,false,false
1428418506941,2147483647,2147483647,2147483647,2147483647,-113,13,Sunrise,false,false
1428418506941,2147483647,2147483647,2147483647,2147483647,-113,13,Sunrise,false,false
1428418506941,2147483647,2147483647,2147483647,2147483647,-113,13,Sunrise,false,false
1428418506941,2147483647,2147483647,2147483647,2147483647,-113,13,Sunrise,false,false
1428418506941,2147483647,2147483647,2147483647,2147483647,-113,13,Sunrise,false,false
1428418506941,2147483647,2147483647,2147483647,2147483647,-113,13,Sunrise,false,false
1428418506941,2147483647,2147483647,2147483647,2147483647,-113,13,Sunrise,false,false
1428418506941,2147483647,2147483647,2147483647,2147483647,-113,13,Sunrise,false,false
1428418506941,-1,-1,-1,-1,0,13,Sunrise,false,false
1428418506941,-1,-1,-1,-1,0,13,Sunrise,false,false
1428418506941,-1,-1,-1,-1,0,13,Sunrise,false,false
1428418567014,8986368,42010,2,228,-106,13,Sunrise,true,false
1428418567014,2147483647,2147483647,2147483647,2147483647,-113,13,Sunrise,false,false
1428418567014,2147483647,2147483647,2147483647,2147483647,-113,13,Sunrise,false,false
1428418567014,2147483647,2147483647,2147483647,2147483647,-113,13,Sunrise,false,false
1428418567014,2147483647,2147483647,2147483647,2147483647,-113,13,Sunrise,false,false
1428418567014,2147483647,2147483647,2147483647,2147483647,-113,13,Sunrise,false,false
1428418567014,2147483647,2147483647,2147483647,2147483647,-113,13,Sunrise,false,false
1428418567014,2147483647,2147483647,2147483647,2147483647,-113,13,Sunrise,false,false
1428418567014,2147483647,2147483647,2147483647,2147483647,-113,13,Sunrise,false,false
1428418567014,2147483647,2147483647,2147483647,2147483647,-113,13,Sunrise,false,false
1428418567014,2147483647,2147483647,2147483647,2147483647,-113,13,Sunrise,false,false
1428418567014,2147483647,2147483647,2147483647,2147483647,-113,13,Sunrise,false,false
1428418567014,2147483647,2147483647,2147483647,2147483647,-113,13,Sunrise,false,false
1428418567014,2147483647,2147483647,2147483647,2147483647,-113,13,Sunrise,false,false
1428418567014,2147483647,2147483647,2147483647,2147483647,-113,13,Sunrise,false,false
1428418567014,2147483647,2147483647,2147483647,2147483647,-113,13,Sunrise,false,false
1428418567014,2147483647,2147483647,2147483647,2147483647,-113,13,Sunrise,false,false
1428418567014,-1,-1,-1,-1,0,13,Sunrise,false,false
1428418567014,-1,-1,-1,-1,0,13,Sunrise,false,false
1428418567014,-1,-1,-1,-1,0,13,Sunrise,false,false
1428418627099,8986368,42010,2,228,-109,13,Sunrise,true,false
1428418627099,345,2147483647,2147483647,2147483647,-118,13,Sunrise,false,false
1428418627099,2147483647,2147483647,2147483647,2147483647,-113,13,Sunrise,false,false
1428418627099,2147483647,2147483647,2147483647,2147483647,-113,13,Sunrise,false,false
1428418627099,2147483647,2147483647,2147483647,2147483647,-113,13,Sunrise,false,false
1428418627099,2147483647,2147483647,2147483647,2147483647,-113,13,Sunrise,false,false
1428418627099,2147483647,2147483647,2147483647,2147483647,-113,13,Sunrise,false,false
1428418627099,2147483647,2147483647,2147483647,2147483647,-113,13,Sunrise,false,false
1428418627099,2147483647,2147483647,2147483647,2147483647,-113,13,Sunrise,false,false
1428418627099,2147483647,2147483647,2147483647,2147483647,-113,13,Sunrise,false,false
1428418627099,2147483647,2147483647,2147483647,2147483647,-113,13,Sunrise,false,false
1428418627099,2147483647,2147483647,2147483647,2147483647,-113,13,Sunrise,false,false
1428418627099,2147483647,2147483647,2147483647,2147483647,-113,13,Sunrise,false,false
1428418627099,2147483647,2147483647,2147483647,2147483647,-113,13,Sunrise,false,false
1428418627099,2147483647,2147483647,2147483647,2147483647,-113,13,Sunrise,false,false
1428418627099,2147483647,2147483647,2147483647,2147483647,-113,13,Sunrise,false,false
1428418627099,2147483647,2147483647,2147483647,2147483647,-113,13,Sunrise,false,false
1428418627099,2147483647,2147483647,2147483647,2147483647,-113,13,Sunrise,false,false
1428418627099,-1,-1,-1,-1,0,13,Sunrise,false,false
1428418627099,-1,-1,-1,-1,0,13,Sunrise,false,false
1428418627099,-1,-1,-1,-1,0,13,Sunrise,false,false
1428418732071,8986368,42010,2,228,-110,13,Sunrise,true,false
1428418732071,345,2147483647,2147483647,2147483647,-122,13,Sunrise,false,false
1428418732071,2147483647,2147483647,2147483647,2147483647,-113,13,Sunrise,false,false
1428418732071,2147483647,2147483647,2147483647,2147483647,-113,13,Sunrise,false,false
1428418732071,2147483647,2147483647,2147483647,2147483647,-113,13,Sunrise,false,false
1428418732071,2147483647,2147483647,2147483647,2147483647,-113,13,Sunrise,false,false
1428418732071,2147483647,2147483647,2147483647,2147483647,-113,13,Sunrise,false,false
1428418732071,2147483647,2147483647,2147483647,2147483647,-113,13,Sunrise,false,false
1428418732071,2147483647,2147483647,2147483647,2147483647,-113,13,Sunrise,false,false
1428418732071,2147483647,2147483647,2147483647,2147483647,-113,13,Sunrise,false,false
1428418732071,2147483647,2147483647,2147483647,2147483647,-113,13,Sunrise,false,false
1428418732071,2147483647,2147483647,2147483647,2147483647,-113,13,Sunrise,false,false
1428418732071,2147483647,2147483647,2147483647,2147483647,-113,13,Sunrise,false,false
1428418732071,2147483647,2147483647,2147483647,2147483647,-113,13,Sunrise,false,false
1428418732071,2147483647,2147483647,2147483647,2147483647,-113,13,Sunrise,false,false
1428418732071,2147483647,2147483647,2147483647,2147483647,-113,13,Sunrise,false,false
1428418732071,2147483647,2147483647,2147483647,2147483647,-113,13,Sunrise,false,false
1428418732071,2147483647,2147483647,2147483647,2147483647,-113,13,Sunrise,false,false
1428418732071,-1,-1,-1,-1,0,13,Sunrise,false,false
1428418732071,-1,-1,-1,-1,0,13,Sunrise,false,false
1428418732071,-1,-1,-1,-1,0,13,Sunrise,false,false
1428418732071,-1,-1,-1,-1,0,13,Sunrise,false,false
1428418792146,8986368,42010,2,228,-109,13,Sunrise,true,false
1428418792146,345,2147483647,2147483647,2147483647,-122,13,Sunrise,false,false
1428418792146,2147483647,2147483647,2147483647,2147483647,-113,13,Sunrise,false,false
1428418792146,2147483647,2147483647,2147483647,2147483647,-113,13,Sunrise,false,false
1428418792146,2147483647,2147483647,2147483647,2147483647,-113,13,Sunrise,false,false
1428418792146,2147483647,2147483647,2147483647,2147483647,-113,13,Sunrise,false,false
1428418792146,2147483647,2147483647,2147483647,2147483647,-113,13,Sunrise,false,false
1428418792146,2147483647,2147483647,2147483647,2147483647,-113,13,Sunrise,false,false
1428418792146,2147483647,2147483647,2147483647,2147483647,-113,13,Sunrise,false,false
1428418792146,2147483647,2147483647,2147483647,2147483647,-113,13,Sunrise,false,false
1428418792146,2147483647,2147483647,2147483647,2147483647,-113,13,Sunrise,false,false
1428418792146,2147483647,2147483647,2147483647,2147483647,-113,13,Sunrise,false,false
1428418792146,2147483647,2147483647,2147483647,2147483647,-113,13,Sunrise,false,false
1428418792146,2147483647,2147483647,2147483647,2147483647,-113,13,Sunrise,false,false
1428418792146,2147483647,2147483647,2147483647,2147483647,-113,13,Sunrise,false,false
1428418792146,2147483647,2147483647,2147483647,2147483647,-113,13,Sunrise,false,false
1428418792146,2147483647,2147483647,2147483647,2147483647,-113,13,Sunrise,false,false
1428418792146,2147483647,2147483647,2147483647,2147483647,-113,13,Sunrise,false,false
1428418792146,-1,-1,-1,-1,0,13,Sunrise,false,false
1428418792146,-1,-1,-1,-1,0,13,Sunrise,false,false
1428418792146,-1,-1,-1,-1,0,13,Sunrise,false,false
1428418792146,-1,-1,-1,-1,0,13,Sunrise,false,false
1428418869599,8986368,42010,2,228,-109,13,Sunrise,true,false
1428418869599,345,2147483647,2147483647,2147483647,-120,13,Sunrise,false,false
1428418869599,2147483647,2147483647,2147483647,2147483647,-113,13,Sunrise,false,false
1428418869599,2147483647,2147483647,2147483647,2147483647,-113,13,Sunrise,false,false
1428418869599,2147483647,2147483647,2147483647,2147483647,-113,13,Sunrise,false,false
1428418869599,2147483647,2147483647,2147483647,2147483647,-113,13,Sunrise,false,false
1428418869599,2147483647,2147483647,2147483647,2147483647,-113,13,Sunrise,false,false
1428418869599,2147483647,2147483647,2147483647,2147483647,-113,13,Sunrise,false,false
1428418869599,2147483647,2147483647,2147483647,2147483647,-113,13,Sunrise,false,false
1428418869599,2147483647,2147483647,2147483647,2147483647,-113,13,Sunrise,false,false
1428418869599,2147483647,2147483647,2147483647,2147483647,-113,13,Sunrise,false,false
1428418869599,2147483647,2147483647,2147483647,2147483647,-113,13,Sunrise,false,false
1428418869599,2147483647,2147483647,2147483647,2147483647,-113,13,Sunrise,false,false
1428418869599,2147483647,2147483647,2147483647,2147483647,-113,13,Sunrise,false,false
1428418869599,2147483647,2147483647,2147483647,2147483647,-113,13,Sunrise,false,false
1428418869599,2147483647,2147483647,2147483647,2147483647,-113,13,Sunrise,false,false
1428418869599,2147483647,2147483647,2147483647,2147483647,-113,13,Sunrise,false,false
1428418869599,2147483647,2147483647,2147483647,2147483647,-113,13,Sunrise,false,false
1428418869599,-1,-1,-1,-1,0,13,Sunrise,false,false
1428418869599,-1,-1,-1,-1,0,13,Sunrise,false,false
1428418869599,-1,-1,-1,-1,0,13,Sunrise,false,false
1428418869599,-1,-1,-1,-1,0,13,Sunrise,false,false
1428418929959,8986368,42010,2,228,-109,13,Sunrise,true,false
1428418929959,345,2147483647,2147483647,2147483647,-120,13,Sunrise,false,false
1428418929959,2147483647,2147483647,2147483647,2147483647,-113,13,Sunrise,false,false
1428418929959,2147483647,2147483647,2147483647,2147483647,-113,13,Sunrise,false,false
1428418929959,2147483647,2147483647,2147483647,2147483647,-113,13,Sunrise,false,false
1428418929959,2147483647,2147483647,2147483647,2147483647,-113,13,Sunrise,false,false
1428418929959,2147483647,2147483647,2147483647,2147483647,-113,13,Sunrise,false,false
1428418929959,2147483647,2147483647,2147483647,2147483647,-113,13,Sunrise,false,false
1428418929959,2147483647,2147483647,2147483647,2147483647,-113,13,Sunrise,false,false
1428418929959,2147483647,2147483647,2147483647,2147483647,-113,13,Sunrise,false,false
1428418929959,2147483647,2147483647,2147483647,2147483647,-113,13,Sunrise,false,false
1428418929959,2147483647,2147483647,2147483647,2147483647,-113,13,Sunrise,false,false
1428418929959,2147483647,2147483647,2147483647,2147483647,-113,13,Sunrise,false,false
1428418929959,2147483647,2147483647,2147483647,2147483647,-113,13,Sunrise,false,false
1428418929959,2147483647,2147483647,2147483647,2147483647,-113,13,Sunrise,false,false
1428418929959,2147483647,2147483647,2147483647,2147483647,-113,13,Sunrise,false,false
1428418929959,2147483647,2147483647,2147483647,2147483647,-113,13,Sunrise,false,false
1428418929959,2147483647,2147483647,2147483647,2147483647,-113,13,Sunrise,false,false
1428418929959,-1,-1,-1,-1,0,13,Sunrise,false,false
1428418929959,-1,-1,-1,-1,0,13,Sunrise,false,false
1428418929959,-1,-1,-1,-1,0,13,Sunrise,false,false
1428418929959,-1,-1,-1,-1,0,13,Sunrise,false,false
1428419023972,8986368,42010,2,228,-110,13,Sunrise,true,false
1428419023972,345,2147483647,2147483647,2147483647,-120,13,Sunrise,false,false
1428419023972,2147483647,2147483647,2147483647,2147483647,-113,13,Sunrise,false,false
1428419023972,2147483647,2147483647,2147483647,2147483647,-113,13,Sunrise,false,false
1428419023972,2147483647,2147483647,2147483647,2147483647,-113,13,Sunrise,false,false
1428419023972,2147483647,2147483647,2147483647,2147483647,-113,13,Sunrise,false,false
1428419023972,2147483647,2147483647,2147483647,2147483647,-113,13,Sunrise,false,false
1428419023972,2147483647,2147483647,2147483647,2147483647,-113,13,Sunrise,false,false
1428419023972,2147483647,2147483647,2147483647,2147483647,-113,13,Sunrise,false,false
1428419023972,2147483647,2147483647,2147483647,2147483647,-113,13,Sunrise,false,false
1428419023972,2147483647,2147483647,2147483647,2147483647,-113,13,Sunrise,false,false
1428419023972,2147483647,2147483647,2147483647,2147483647,-113,13,Sunrise,false,false
1428419023972,2147483647,2147483647,2147483647,2147483647,-113,13,Sunrise,false,false
1428419023972,2147483647,2147483647,2147483647,2147483647,-113,13,Sunrise,false,false
1428419023972,2147483647,2147483647,2147483647,2147483647,-113,13,Sunrise,false,false
1428419023972,2147483647,2147483647,2147483647,2147483647,-113,13,Sunrise,false,false
1428419023972,2147483647,2147483647,2147483647,2147483647,-113,13,Sunrise,false,false
1428419023972,2147483647,2147483647,2147483647,2147483647,-113,13,Sunrise,false,false
1428419023972,-1,-1,-1,-1,0,13,Sunrise,false,false
1428419023972,-1,-1,-1,-1,0,13,Sunrise,false,false
1428419023972,-1,-1,-1,-1,0,13,Sunrise,false,false
1428419023972,-1,-1,-1,-1,0,13,Sunrise,false,false
1428419083992,8986368,42010,2,228,-111,13,Sunrise,true,false
1428419083992,345,2147483647,2147483647,2147483647,-120,13,Sunrise,false,false
1428419083992,2147483647,2147483647,2147483647,2147483647,-113,13,Sunrise,false,false
1428419083992,2147483647,2147483647,2147483647,2147483647,-113,13,Sunrise,false,false
1428419083992,2147483647,2147483647,2147483647,2147483647,-113,13,Sunrise,false,false
1428419083992,2147483647,2147483647,2147483647,2147483647,-113,13,Sunrise,false,false
1428419083992,2147483647,2147483647,2147483647,2147483647,-113,13,Sunrise,false,false
1428419083992,2147483647,2147483647,2147483647,2147483647,-113,13,Sunrise,false,false
1428419083992,2147483647,2147483647,2147483647,2147483647,-113,13,Sunrise,false,false
1428419083992,2147483647,2147483647,2147483647,2147483647,-113,13,Sunrise,false,false
1428419083992,2147483647,2147483647,2147483647,2147483647,-113,13,Sunrise,false,false
1428419083992,2147483647,2147483647,2147483647,2147483647,-113,13,Sunrise,false,false
1428419083992,2147483647,2147483647,2147483647,2147483647,-113,13,Sunrise,false,false
1428419083992,2147483647,2147483647,2147483647,2147483647,-113,13,Sunrise,false,false
1428419083992,2147483647,2147483647,2147483647,2147483647,-113,13,Sunrise,false,false
1428419083992,2147483647,2147483647,2147483647,2147483647,-113,13,Sunrise,false,false
1428419083992,2147483647,2147483647,2147483647,2147483647,-113,13,Sunrise,false,false
1428419083992,2147483647,2147483647,2147483647,2147483647,-113,13,Sunrise,false,false
1428419083992,-1,-1,-1,-1,0,13,Sunrise,false,false
1428419083992,-1,-1,-1,-1,0,13,Sunrise,false,false
1428419083992,-1,-1,-1,-1,0,13,Sunrise,false,false
1428419083992,-1,-1,-1,-1,0,13,Sunrise,false,false
1428419144076,8986368,42010,2,228,-111,13,Sunrise,true,false
1428419144076,345,2147483647,2147483647,2147483647,-121,13,Sunrise,false,false
1428419144076,2147483647,2147483647,2147483647,2147483647,-113,13,Sunrise,false,false
1428419144076,2147483647,2147483647,2147483647,2147483647,-113,13,Sunrise,false,false
1428419144076,2147483647,2147483647,2147483647,2147483647,-113,13,Sunrise,false,false
1428419144076,2147483647,2147483647,2147483647,2147483647,-113,13,Sunrise,false,false
1428419144076,2147483647,2147483647,2147483647,2147483647,-113,13,Sunrise,false,false
1428419144076,2147483647,2147483647,2147483647,2147483647,-113,13,Sunrise,false,false
1428419144076,2147483647,2147483647,2147483647,2147483647,-113,13,Sunrise,false,false
1428419144076,2147483647,2147483647,2147483647,2147483647,-113,13,Sunrise,false,false
1428419144076,2147483647,2147483647,2147483647,2147483647,-113,13,Sunrise,false,false
1428419144076,2147483647,2147483647,2147483647,2147483647,-113,13,Sunrise,false,false
1428419144076,2147483647,2147483647,2147483647,2147483647,-113,13,Sunrise,false,false
1428419144076,2147483647,2147483647,2147483647,2147483647,-113,13,Sunrise,false,false
1428419144076,2147483647,2147483647,2147483647,2147483647,-113,13,Sunrise,false,false
1428419144076,2147483647,2147483647,2147483647,2147483647,-113,13,Sunrise,false,false
1428419144076,2147483647,2147483647,2147483647,2147483647,-113,13,Sunrise,false,false
1428419144076,2147483647,2147483647,2147483647,2147483647,-113,13,Sunrise,false,false
1428419144076,-1,-1,-1,-1,0,13,Sunrise,false,false
1428419144076,-1,-1,-1,-1,0,13,Sunrise,false,false
1428419144076,-1,-1,-1,-1,0,13,Sunrise,false,false
1428419144076,-1,-1,-1,-1,0,13,Sunrise,false,false
1428419204134,8986368,42010,2,228,-111,13,Sunrise,true,false
1428419204134,345,2147483647,2147483647,2147483647,-121,13,Sunrise,false,false
1428419204134,2147483647,2147483647,2147483647,2147483647,-113,13,Sunrise,false,false
1428419204134,2147483647,2147483647,2147483647,2147483647,-113,13,Sunrise,false,false
1428419204134,2147483647,2147483647,2147483647,2147483647,-113,13,Sunrise,false,false
1428419204134,2147483647,2147483647,2147483647,2147483647,-113,13,Sunrise,false,false
1428419204134,2147483647,2147483647,2147483647,2147483647,-113,13,Sunrise,false,false
1428419204134,2147483647,2147483647,2147483647,2147483647,-113,13,Sunrise,false,false
1428419204134,2147483647,2147483647,2147483647,2147483647,-113,13,Sunrise,false,false
1428419204134,2147483647,2147483647,2147483647,2147483647,-113,13,Sunrise,false,false
1428419204134,2147483647,2147483647,2147483647,2147483647,-113,13,Sunrise,false,false
1428419204134,2147483647,2147483647,2147483647,2147483647,-113,13,Sunrise,false,false
1428419204134,2147483647,2147483647,2147483647,2147483647,-113,13,Sunrise,false,false
1428419204134,2147483647,2147483647,2147483647,2147483647,-113,13,Sunrise,false,false
1428419204134,2147483647,2147483647,2147483647,2147483647,-113,13,Sunrise,false,false
1428419204134,2147483647,2147483647,2147483647,2147483647,-113,13,Sunrise,false,false
1428419204134,2147483647,2147483647,2147483647,2147483647,-113,13,Sunrise,false,false
1428419204134,2147483647,2147483647,2147483647,2147483647,-113,13,Sunrise,false,false
1428419204134,-1,-1,-1,-1,0,13,Sunrise,false,false
1428419204134,-1,-1,-1,-1,0,13,Sunrise,false,false
1428419204134,-1,-1,-1,-1,0,13,Sunrise,false,false
1428419204134,-1,-1,-1,-1,0,13,Sunrise,false,false
1428419309285,8986368,42010,2,228,-111,13,Sunrise,true,false
1428419309285,345,2147483647,2147483647,2147483647,-121,13,Sunrise,false,false
1428419309285,2147483647,2147483647,2147483647,2147483647,-113,13,Sunrise,false,false
1428419309285,2147483647,2147483647,2147483647,2147483647,-113,13,Sunrise,false,false
1428419309285,2147483647,2147483647,2147483647,2147483647,-113,13,Sunrise,false,false
1428419309285,2147483647,2147483647,2147483647,2147483647,-113,13,Sunrise,false,false
1428419309285,2147483647,2147483647,2147483647,2147483647,-113,13,Sunrise,false,false
1428419309285,2147483647,2147483647,2147483647,2147483647,-113,13,Sunrise,false,false
1428419309285,2147483647,2147483647,2147483647,2147483647,-113,13,Sunrise,false,false
1428419309285,2147483647,2147483647,2147483647,2147483647,-113,13,Sunrise,false,false
1428419309285,2147483647,2147483647,2147483647,2147483647,-113,13,Sunrise,false,false
1428419309285,2147483647,2147483647,2147483647,2147483647,-113,13,Sunrise,false,false
1428419309285,2147483647,2147483647,2147483647,2147483647,-113,13,Sunrise,false,false
1428419309285,2147483647,2147483647,2147483647,2147483647,-113,13,Sunrise,false,false
1428419309285,2147483647,2147483647,2147483647,2147483647,-113,13,Sunrise,false,false
1428419309285,2147483647,2147483647,2147483647,2147483647,-113,13,Sunrise,false,false
1428419309285,2147483647,2147483647,2147483647,2147483647,-113,13,Sunrise,false,false
1428419309285,2147483647,2147483647,2147483647,2147483647,-113,13,Sunrise,false,false
1428419309285,-1,-1,-1,-1,0,13,Sunrise,false,false
1428419309285,-1,-1,-1,-1,0,13,Sunrise,false,false
1428419309285,-1,-1,-1,-1,0,13,Sunrise,false,false
1428419309285,-1,-1,-1,-1,0,13,Sunrise,false,false
1428419369274,8986368,42010,2,228,-109,13,Sunrise,true,false
1428419369274,345,2147483647,2147483647,2147483647,-121,13,Sunrise,false,false
1428419369274,2147483647,2147483647,2147483647,2147483647,-113,13,Sunrise,false,false
1428419369274,2147483647,2147483647,2147483647,2147483647,-113,13,Sunrise,false,false
1428419369274,2147483647,2147483647,2147483647,2147483647,-113,13,Sunrise,false,false
1428419369274,2147483647,2147483647,2147483647,2147483647,-113,13,Sunrise,false,false
1428419369274,2147483647,2147483647,2147483647,2147483647,-113,13,Sunrise,false,false
1428419369274,2147483647,2147483647,2147483647,2147483647,-113,13,Sunrise,false,false
1428419369274,2147483647,2147483647,2147483647,2147483647,-113,13,Sunrise,false,false
1428419369274,2147483647,2147483647,2147483647,2147483647,-113,13,Sunrise,false,false
1428419369274,2147483647,2147483647,2147483647,2147483647,-113,13,Sunrise,false,false
1428419369274,2147483647,2147483647,2147483647,2147483647,-113,13,Sunrise,false,false
1428419369274,2147483647,2147483647,2147483647,2147483647,-113,13,Sunrise,false,false
1428419369274,2147483647,2147483647,2147483647,2147483647,-113,13,Sunrise,false,false
1428419369274,2147483647,2147483647,2147483647,2147483647,-113,13,Sunrise,false,false
1428419369274,2147483647,2147483647,2147483647,2147483647,-113,13,Sunrise,false,false
1428419369274,2147483647,2147483647,2147483647,2147483647,-113,13,Sunrise,false,false
1428419369274,2147483647,2147483647,2147483647,2147483647,-113,13,Sunrise,false,false
1428419369274,-1,-1,-1,-1,0,13,Sunrise,false,false
1428419369274,-1,-1,-1,-1,0,13,Sunrise,false,false
1428419369274,-1,-1,-1,-1,0,13,Sunrise,false,false
1428419369274,-1,-1,-1,-1,0,13,Sunrise,false,false
1428419429426,8986368,42010,2,228,-109,13,Sunrise,true,false
1428419429426,345,2147483647,2147483647,2147483647,-121,13,Sunrise,false,false
1428419429426,2147483647,2147483647,2147483647,2147483647,-113,13,Sunrise,false,false
1428419429426,2147483647,2147483647,2147483647,2147483647,-113,13,Sunrise,false,false
1428419429426,2147483647,2147483647,2147483647,2147483647,-113,13,Sunrise,false,false
1428419429426,2147483647,2147483647,2147483647,2147483647,-113,13,Sunrise,false,false
1428419429426,2147483647,2147483647,2147483647,2147483647,-113,13,Sunrise,false,false
1428419429426,2147483647,2147483647,2147483647,2147483647,-113,13,Sunrise,false,false
1428419429426,2147483647,2147483647,2147483647,2147483647,-113,13,Sunrise,false,false
1428419429426,2147483647,2147483647,2147483647,2147483647,-113,13,Sunrise,false,false
1428419429426,2147483647,2147483647,2147483647,2147483647,-113,13,Sunrise,false,false
1428419429426,2147483647,2147483647,2147483647,2147483647,-113,13,Sunrise,false,false
1428419429426,2147483647,2147483647,2147483647,2147483647,-113,13,Sunrise,false,false
1428419429426,2147483647,2147483647,2147483647,2147483647,-113,13,Sunrise,false,false
1428419429426,2147483647,2147483647,2147483647,2147483647,-113,13,Sunrise,false,false
1428419429426,2147483647,2147483647,2147483647,2147483647,-113,13,Sunrise,false,false
1428419429426,2147483647,2147483647,2147483647,2147483647,-113,13,Sunrise,false,false
1428419429426,2147483647,2147483647,2147483647,2147483647,-113,13,Sunrise,false,false
1428419429426,-1,-1,-1,-1,0,13,Sunrise,false,false
1428419429426,-1,-1,-1,-1,0,13,Sunrise,false,false
1428419429426,-1,-1,-1,-1,0,13,Sunrise,false,false
1428419429426,-1,-1,-1,-1,0,13,Sunrise,false,false
1428419489513,8986368,42010,2,228,-111,13,Sunrise,true,false
1428419489513,345,2147483647,2147483647,2147483647,-121,13,Sunrise,false,false
1428419489513,2147483647,2147483647,2147483647,2147483647,-113,13,Sunrise,false,false
1428419489513,2147483647,2147483647,2147483647,2147483647,-113,13,Sunrise,false,false
1428419489513,2147483647,2147483647,2147483647,2147483647,-113,13,Sunrise,false,false
1428419489513,2147483647,2147483647,2147483647,2147483647,-113,13,Sunrise,false,false
1428419489513,2147483647,2147483647,2147483647,2147483647,-113,13,Sunrise,false,false
1428419489513,2147483647,2147483647,2147483647,2147483647,-113,13,Sunrise,false,false
1428419489513,2147483647,2147483647,2147483647,2147483647,-113,13,Sunrise,false,false
1428419489513,2147483647,2147483647,2147483647,2147483647,-113,13,Sunrise,false,false
1428419489513,2147483647,2147483647,2147483647,2147483647,-113,13,Sunrise,false,false
1428419489513,2147483647,2147483647,2147483647,2147483647,-113,13,Sunrise,false,false
1428419489513,2147483647,2147483647,2147483647,2147483647,-113,13,Sunrise,false,false
1428419489513,2147483647,2147483647,2147483647,2147483647,-113,13,Sunrise,false,false
1428419489513,2147483647,2147483647,2147483647,2147483647,-113,13,Sunrise,false,false
1428419489513,2147483647,2147483647,2147483647,2147483647,-113,13,Sunrise,false,false
1428419489513,2147483647,2147483647,2147483647,2147483647,-113,13,Sunrise,false,false
1428419489513,2147483647,2147483647,2147483647,2147483647,-113,13,Sunrise,false,false
1428419489513,-1,-1,-1,-1,0,13,Sunrise,false,false
1428419489513,-1,-1,-1,-1,0,13,Sunrise,false,false
1428419489513,-1,-1,-1,-1,0,13,Sunrise,false,false
1428419489513,-1,-1,-1,-1,0,13,Sunrise,false,false
1428419594607,8986368,42010,2,228,-111,13,Sunrise,true,false
1428419594607,345,2147483647,2147483647,2147483647,-119,13,Sunrise,false,false
1428419594607,2147483647,2147483647,2147483647,2147483647,-113,13,Sunrise,false,false
1428419594607,2147483647,2147483647,2147483647,2147483647,-113,13,Sunrise,false,false
1428419594607,2147483647,2147483647,2147483647,2147483647,-113,13,Sunrise,false,false
1428419594607,2147483647,2147483647,2147483647,2147483647,-113,13,Sunrise,false,false
1428419594607,2147483647,2147483647,2147483647,2147483647,-113,13,Sunrise,false,false
1428419594607,2147483647,2147483647,2147483647,2147483647,-113,13,Sunrise,false,false
1428419594607,2147483647,2147483647,2147483647,2147483647,-113,13,Sunrise,false,false
1428419594607,2147483647,2147483647,2147483647,2147483647,-113,13,Sunrise,false,false
1428419594607,2147483647,2147483647,2147483647,2147483647,-113,13,Sunrise,false,false
1428419594607,2147483647,2147483647,2147483647,2147483647,-113,13,Sunrise,false,false
1428419594607,2147483647,2147483647,2147483647,2147483647,-113,13,Sunrise,false,false
1428419594607,2147483647,2147483647,2147483647,2147483647,-113,13,Sunrise,false,false
1428419594607,2147483647,2147483647,2147483647,2147483647,-113,13,Sunrise,false,false
1428419594607,2147483647,2147483647,2147483647,2147483647,-113,13,Sunrise,false,false
1428419594607,2147483647,2147483647,2147483647,2147483647,-113,13,Sunrise,false,false
1428419594607,2147483647,2147483647,2147483647,2147483647,-113,13,Sunrise,false,false
1428419594607,-1,-1,-1,-1,0,13,Sunrise,false,false
1428419594607,-1,-1,-1,-1,0,13,Sunrise,false,false
1428419594607,-1,-1,-1,-1,0,13,Sunrise,false,false
1428419594607,-1,-1,-1,-1,0,13,Sunrise,false,false
1428419654776,8986368,42010,2,228,-108,13,Sunrise,true,false
1428419654776,51,2147483647,2147483647,2147483647,-125,13,Sunrise,false,false
1428419654776,345,2147483647,2147483647,2147483647,-125,13,Sunrise,false,false
1428419654776,2147483647,2147483647,2147483647,2147483647,-113,13,Sunrise,false,false
1428419654776,2147483647,2147483647,2147483647,2147483647,-113,13,Sunrise,false,false
1428419654776,2147483647,2147483647,2147483647,2147483647,-113,13,Sunrise,false,false
1428419654776,2147483647,2147483647,2147483647,2147483647,-113,13,Sunrise,false,false
1428419654776,2147483647,2147483647,2147483647,2147483647,-113,13,Sunrise,false,false
1428419654776,2147483647,2147483647,2147483647,2147483647,-113,13,Sunrise,false,false
1428419654776,2147483647,2147483647,2147483647,2147483647,-113,13,Sunrise,false,false
1428419654776,2147483647,2147483647,2147483647,2147483647,-113,13,Sunrise,false,false
1428419654776,2147483647,2147483647,2147483647,2147483647,-113,13,Sunrise,false,false
1428419654776,2147483647,2147483647,2147483647,2147483647,-113,13,Sunrise,false,false
1428419654776,2147483647,2147483647,2147483647,2147483647,-113,13,Sunrise,false,false
1428419654776,2147483647,2147483647,2147483647,2147483647,-113,13,Sunrise,false,false
1428419654776,2147483647,2147483647,2147483647,2147483647,-113,13,Sunrise,false,false
1428419654776,2147483647,2147483647,2147483647,2147483647,-113,13,Sunrise,false,false
1428419654776,2147483647,2147483647,2147483647,2147483647,-113,13,Sunrise,false,false
1428419654776,2147483647,2147483647,2147483647,2147483647,-113,13,Sunrise,false,false
1428419654776,-1,-1,-1,-1,0,13,Sunrise,false,false
1428419654776,-1,-1,-1,-1,0,13,Sunrise,false,false
1428419654776,-1,-1,-1,-1,0,13,Sunrise,false,false
1428419654776,-1,-1,-1,-1,0,13,Sunrise,false,false
1428419743970,8986368,42010,2,228,-107,13,Sunrise,true,false
1428419743970,345,2147483647,2147483647,2147483647,-123,13,Sunrise,false,false
1428419743970,2147483647,2147483647,2147483647,2147483647,-113,13,Sunrise,false,false
1428419743970,2147483647,2147483647,2147483647,2147483647,-113,13,Sunrise,false,false
1428419743970,2147483647,2147483647,2147483647,2147483647,-113,13,Sunrise,false,false
1428419743970,2147483647,2147483647,2147483647,2147483647,-113,13,Sunrise,false,false
1428419743970,2147483647,2147483647,2147483647,2147483647,-113,13,Sunrise,false,false
1428419743970,2147483647,2147483647,2147483647,2147483647,-113,13,Sunrise,false,false
1428419743970,2147483647,2147483647,2147483647,2147483647,-113,13,Sunrise,false,false
1428419743970,2147483647,2147483647,2147483647,2147483647,-113,13,Sunrise,false,false
1428419743970,2147483647,2147483647,2147483647,2147483647,-113,13,Sunrise,false,false
1428419743970,2147483647,2147483647,2147483647,2147483647,-113,13,Sunrise,false,false
1428419743970,2147483647,2147483647,2147483647,2147483647,-113,13,Sunrise,false,false
1428419743970,2147483647,2147483647,2147483647,2147483647,-113,13,Sunrise,false,false
1428419743970,2147483647,2147483647,2147483647,2147483647,-113,13,Sunrise,false,false
1428419743970,2147483647,2147483647,2147483647,2147483647,-113,13,Sunrise,false,false
1428419743970,2147483647,2147483647,2147483647,2147483647,-113,13,Sunrise,false,false
1428419743970,2147483647,2147483647,2147483647,2147483647,-113,13,Sunrise,false,false
1428419743970,-1,-1,-1,-1,0,13,Sunrise,false,false
1428419743970,-1,-1,-1,-1,0,13,Sunrise,false,false
1428419743970,-1,-1,-1,-1,0,13,Sunrise,false,false
1428419743970,-1,-1,-1,-1,0,13,Sunrise,false,false
1428419804118,8986368,42010,2,228,-109,13,Sunrise,true,false
1428419804118,345,2147483647,2147483647,2147483647,-123,13,Sunrise,false,false
1428419804118,2147483647,2147483647,2147483647,2147483647,-113,13,Sunrise,false,false
1428419804118,2147483647,2147483647,2147483647,2147483647,-113,13,Sunrise,false,false
1428419804118,2147483647,2147483647,2147483647,2147483647,-113,13,Sunrise,false,false
1428419804118,2147483647,2147483647,2147483647,2147483647,-113,13,Sunrise,false,false
1428419804118,2147483647,2147483647,2147483647,2147483647,-113,13,Sunrise,false,false
1428419804118,2147483647,2147483647,2147483647,2147483647,-113,13,Sunrise,false,false
1428419804118,2147483647,2147483647,2147483647,2147483647,-113,13,Sunrise,false,false
1428419804118,2147483647,2147483647,2147483647,2147483647,-113,13,Sunrise,false,false
1428419804118,2147483647,2147483647,2147483647,2147483647,-113,13,Sunrise,false,false
1428419804118,2147483647,2147483647,2147483647,2147483647,-113,13,Sunrise,false,false
1428419804118,2147483647,2147483647,2147483647,2147483647,-113,13,Sunrise,false,false
1428419804118,2147483647,2147483647,2147483647,2147483647,-113,13,Sunrise,false,false
1428419804118,2147483647,2147483647,2147483647,2147483647,-113,13,Sunrise,false,false
1428419804118,2147483647,2147483647,2147483647,2147483647,-113,13,Sunrise,false,false
1428419804118,2147483647,2147483647,2147483647,2147483647,-113,13,Sunrise,false,false
1428419804118,2147483647,2147483647,2147483647,2147483647,-113,13,Sunrise,false,false
1428419804118,-1,-1,-1,-1,0,13,Sunrise,false,false
1428419804118,-1,-1,-1,-1,0,13,Sunrise,false,false
1428419804118,-1,-1,-1,-1,0,13,Sunrise,false,false
1428419804118,-1,-1,-1,-1,0,13,Sunrise,false,false
1428419879940,8986368,42010,2,228,-111,13,Sunrise,true,false
1428419879940,345,2147483647,2147483647,2147483647,-123,13,Sunrise,false,false
1428419879940,2147483647,2147483647,2147483647,2147483647,-113,13,Sunrise,false,false
1428419879940,2147483647,2147483647,2147483647,2147483647,-113,13,Sunrise,false,false
1428419879940,2147483647,2147483647,2147483647,2147483647,-113,13,Sunrise,false,false
1428419879940,2147483647,2147483647,2147483647,2147483647,-113,13,Sunrise,false,false
1428419879940,2147483647,2147483647,2147483647,2147483647,-113,13,Sunrise,false,false
1428419879940,2147483647,2147483647,2147483647,2147483647,-113,13,Sunrise,false,false
1428419879940,2147483647,2147483647,2147483647,2147483647,-113,13,Sunrise,false,false
1428419879940,2147483647,2147483647,2147483647,2147483647,-113,13,Sunrise,false,false
1428419879940,2147483647,2147483647,2147483647,2147483647,-113,13,Sunrise,false,false
1428419879940,2147483647,2147483647,2147483647,2147483647,-113,13,Sunrise,false,false
1428419879940,2147483647,2147483647,2147483647,2147483647,-113,13,Sunrise,false,false
1428419879940,2147483647,2147483647,2147483647,2147483647,-113,13,Sunrise,false,false
1428419879940,2147483647,2147483647,2147483647,2147483647,-113,13,Sunrise,false,false
1428419879940,2147483647,2147483647,2147483647,2147483647,-113,13,Sunrise,false,false
1428419879940,2147483647,2147483647,2147483647,2147483647,-113,13,Sunrise,false,false
1428419879940,2147483647,2147483647,2147483647,2147483647,-113,13,Sunrise,false,false
1428419879940,-1,-1,-1,-1,0,13,Sunrise,false,false
1428419879940,-1,-1,-1,-1,0,13,Sunrise,false,false
1428419879940,-1,-1,-1,-1,0,13,Sunrise,false,false
1428419879940,-1,-1,-1,-1,0,13,Sunrise,false,false
1428419969919,8986368,42010,2,228,-110,13,Sunrise,true,false
1428419969919,345,2147483647,2147483647,2147483647,-123,13,Sunrise,false,false
1428419969919,2147483647,2147483647,2147483647,2147483647,-113,13,Sunrise,false,false
1428419969919,2147483647,2147483647,2147483647,2147483647,-113,13,Sunrise,false,false
1428419969919,2147483647,2147483647,2147483647,2147483647,-113,13,Sunrise,false,false
1428419969919,2147483647,2147483647,2147483647,2147483647,-113,13,Sunrise,false,false
1428419969919,2147483647,2147483647,2147483647,2147483647,-113,13,Sunrise,false,false
1428419969919,2147483647,2147483647,2147483647,2147483647,-113,13,Sunrise,false,false
1428419969919,2147483647,2147483647,2147483647,2147483647,-113,13,Sunrise,false,false
1428419969919,2147483647,2147483647,2147483647,2147483647,-113,13,Sunrise,false,false
1428419969919,2147483647,2147483647,2147483647,2147483647,-113,13,Sunrise,false,false
1428419969919,2147483647,2147483647,2147483647,2147483647,-113,13,Sunrise,false,false
1428419969919,2147483647,2147483647,2147483647,2147483647,-113,13,Sunrise,false,false
1428419969919,2147483647,2147483647,2147483647,2147483647,-113,13,Sunrise,false,false
1428419969919,2147483647,2147483647,2147483647,2147483647,-113,13,Sunrise,false,false
1428419969919,2147483647,2147483647,2147483647,2147483647,-113,13,Sunrise,false,false
1428419969919,2147483647,2147483647,2147483647,2147483647,-113,13,Sunrise,false,false
1428419969919,2147483647,2147483647,2147483647,2147483647,-113,13,Sunrise,false,false
1428419969919,-1,-1,-1,-1,0,13,Sunrise,false,false
1428419969919,-1,-1,-1,-1,0,13,Sunrise,false,false
1428419969919,-1,-1,-1,-1,0,13,Sunrise,false,false
1428419969919,-1,-1,-1,-1,0,13,Sunrise,false,false
1428420030111,8986368,42010,2,228,-111,13,Sunrise,true,false
1428420030111,345,2147483647,2147483647,2147483647,-123,13,Sunrise,false,false
1428420030111,2147483647,2147483647,2147483647,2147483647,-113,13,Sunrise,false,false
1428420030111,2147483647,2147483647,2147483647,2147483647,-113,13,Sunrise,false,false
1428420030111,2147483647,2147483647,2147483647,2147483647,-113,13,Sunrise,false,false
1428420030111,2147483647,2147483647,2147483647,2147483647,-113,13,Sunrise,false,false
1428420030111,2147483647,2147483647,2147483647,2147483647,-113,13,Sunrise,false,false
1428420030111,2147483647,2147483647,2147483647,2147483647,-113,13,Sunrise,false,false
1428420030111,2147483647,2147483647,2147483647,2147483647,-113,13,Sunrise,false,false
1428420030111,2147483647,2147483647,2147483647,2147483647,-113,13,Sunrise,false,false
1428420030111,2147483647,2147483647,2147483647,2147483647,-113,13,Sunrise,false,false
1428420030111,2147483647,2147483647,2147483647,2147483647,-113,13,Sunrise,false,false
1428420030111,2147483647,2147483647,2147483647,2147483647,-113,13,Sunrise,false,false
1428420030111,2147483647,2147483647,2147483647,2147483647,-113,13,Sunrise,false,false
1428420030111,2147483647,2147483647,2147483647,2147483647,-113,13,Sunrise,false,false
1428420030111,2147483647,2147483647,2147483647,2147483647,-113,13,Sunrise,false,false
1428420030111,2147483647,2147483647,2147483647,2147483647,-113,13,Sunrise,false,false
1428420030111,2147483647,2147483647,2147483647,2147483647,-113,13,Sunrise,false,false
1428420030111,-1,-1,-1,-1,0,13,Sunrise,false,false
1428420030111,-1,-1,-1,-1,0,13,Sunrise,false,false
1428420030111,-1,-1,-1,-1,0,13,Sunrise,false,false
1428420030111,-1,-1,-1,-1,0,13,Sunrise,false,false
1428420090305,8986368,42010,2,228,-359,13,Sunrise,true,false
1428420165133,8986368,42010,2,228,-112,13,Sunrise,true,false
1428420165133,345,2147483647,2147483647,2147483647,-119,13,Sunrise,false,false
1428420165133,2147483647,2147483647,2147483647,2147483647,-113,13,Sunrise,false,false
1428420165133,2147483647,2147483647,2147483647,2147483647,-113,13,Sunrise,false,false
1428420165133,2147483647,2147483647,2147483647,2147483647,-113,13,Sunrise,false,false
1428420165133,2147483647,2147483647,2147483647,2147483647,-113,13,Sunrise,false,false
1428420165133,2147483647,2147483647,2147483647,2147483647,-113,13,Sunrise,false,false
1428420165133,2147483647,2147483647,2147483647,2147483647,-113,13,Sunrise,false,false
1428420165133,2147483647,2147483647,2147483647,2147483647,-113,13,Sunrise,false,false
1428420165133,2147483647,2147483647,2147483647,2147483647,-113,13,Sunrise,false,false
1428420165133,2147483647,2147483647,2147483647,2147483647,-113,13,Sunrise,false,false
1428420165133,2147483647,2147483647,2147483647,2147483647,-113,13,Sunrise,false,false
1428420165133,2147483647,2147483647,2147483647,2147483647,-113,13,Sunrise,false,false
1428420165133,2147483647,2147483647,2147483647,2147483647,-113,13,Sunrise,false,false
1428420165133,2147483647,2147483647,2147483647,2147483647,-113,13,Sunrise,false,false
1428420165133,2147483647,2147483647,2147483647,2147483647,-113,13,Sunrise,false,false
1428420165133,2147483647,2147483647,2147483647,2147483647,-113,13,Sunrise,false,false
1428420165133,2147483647,2147483647,2147483647,2147483647,-113,13,Sunrise,false,false
1428420225939,8986368,42010,2,228,-112,13,Sunrise,true,false
1428420225939,51,2147483647,2147483647,2147483647,-125,13,Sunrise,false,false
1428420225939,345,2147483647,2147483647,2147483647,-119,13,Sunrise,false,false
1428420225939,2147483647,2147483647,2147483647,2147483647,-113,13,Sunrise,false,false
1428420225939,2147483647,2147483647,2147483647,2147483647,-113,13,Sunrise,false,false
1428420225939,2147483647,2147483647,2147483647,2147483647,-113,13,Sunrise,false,false
1428420225939,2147483647,2147483647,2147483647,2147483647,-113,13,Sunrise,false,false
1428420225939,2147483647,2147483647,2147483647,2147483647,-113,13,Sunrise,false,false
1428420225939,2147483647,2147483647,2147483647,2147483647,-113,13,Sunrise,false,false
1428420225939,2147483647,2147483647,2147483647,2147483647,-113,13,Sunrise,false,false
1428420225939,2147483647,2147483647,2147483647,2147483647,-113,13,Sunrise,false,false
1428420225939,2147483647,2147483647,2147483647,2147483647,-113,13,Sunrise,false,false
1428420225939,2147483647,2147483647,2147483647,2147483647,-113,13,Sunrise,false,false
1428420225939,2147483647,2147483647,2147483647,2147483647,-113,13,Sunrise,false,false
1428420225939,2147483647,2147483647,2147483647,2147483647,-113,13,Sunrise,false,false
1428420225939,2147483647,2147483647,2147483647,2147483647,-113,13,Sunrise,false,false
1428420225939,2147483647,2147483647,2147483647,2147483647,-113,13,Sunrise,false,false
1428420225939,2147483647,2147483647,2147483647,2147483647,-113,13,Sunrise,false,false
1428420225939,2147483647,2147483647,2147483647,2147483647,-113,13,Sunrise,false,false
1428420286009,8986368,42010,2,228,-112,13,Sunrise,true,false
1428420286009,345,2147483647,2147483647,2147483647,-119,13,Sunrise,false,false
1428420286009,2147483647,2147483647,2147483647,2147483647,-113,13,Sunrise,false,false
1428420286009,2147483647,2147483647,2147483647,2147483647,-113,13,Sunrise,false,false
1428420286009,2147483647,2147483647,2147483647,2147483647,-113,13,Sunrise,false,false
1428420286009,2147483647,2147483647,2147483647,2147483647,-113,13,Sunrise,false,false
1428420286009,2147483647,2147483647,2147483647,2147483647,-113,13,Sunrise,false,false
1428420286009,2147483647,2147483647,2147483647,2147483647,-113,13,Sunrise,false,false
1428420286009,2147483647,2147483647,2147483647,2147483647,-113,13,Sunrise,false,false
1428420286009,2147483647,2147483647,2147483647,2147483647,-113,13,Sunrise,false,false
1428420286009,2147483647,2147483647,2147483647,2147483647,-113,13,Sunrise,false,false
1428420286009,2147483647,2147483647,2147483647,2147483647,-113,13,Sunrise,false,false
1428420286009,2147483647,2147483647,2147483647,2147483647,-113,13,Sunrise,false,false
1428420286009,2147483647,2147483647,2147483647,2147483647,-113,13,Sunrise,false,false
1428420286009,2147483647,2147483647,2147483647,2147483647,-113,13,Sunrise,false,false
1428420286009,2147483647,2147483647,2147483647,2147483647,-113,13,Sunrise,false,false
1428420286009,2147483647,2147483647,2147483647,2147483647,-113,13,Sunrise,false,false
1428420286009,2147483647,2147483647,2147483647,2147483647,-113,13,Sunrise,false,false
1428420346007,8986368,42010,2,228,-110,13,Sunrise,true,false
1428420346007,51,2147483647,2147483647,2147483647,-124,13,Sunrise,false,false
1428420346007,345,2147483647,2147483647,2147483647,-119,13,Sunrise,false,false
1428420346007,2147483647,2147483647,2147483647,2147483647,-113,13,Sunrise,false,false
1428420346007,2147483647,2147483647,2147483647,2147483647,-113,13,Sunrise,false,false
1428420346007,2147483647,2147483647,2147483647,2147483647,-113,13,Sunrise,false,false
1428420346007,2147483647,2147483647,2147483647,2147483647,-113,13,Sunrise,false,false
1428420346007,2147483647,2147483647,2147483647,2147483647,-113,13,Sunrise,false,false
1428420346007,2147483647,2147483647,2147483647,2147483647,-113,13,Sunrise,false,false
1428420346007,2147483647,2147483647,2147483647,2147483647,-113,13,Sunrise,false,false
1428420346007,2147483647,2147483647,2147483647,2147483647,-113,13,Sunrise,false,false
1428420346007,2147483647,2147483647,2147483647,2147483647,-113,13,Sunrise,false,false
1428420346007,2147483647,2147483647,2147483647,2147483647,-113,13,Sunrise,false,false
1428420346007,2147483647,2147483647,2147483647,2147483647,-113,13,Sunrise,false,false
1428420346007,2147483647,2147483647,2147483647,2147483647,-113,13,Sunrise,false,false
1428420346007,2147483647,2147483647,2147483647,2147483647,-113,13,Sunrise,false,false
1428420346007,2147483647,2147483647,2147483647,2147483647,-113,13,Sunrise,false,false
1428420346007,2147483647,2147483647,2147483647,2147483647,-113,13,Sunrise,false,false
1428420346007,2147483647,2147483647,2147483647,2147483647,-113,13,Sunrise,false,false
1428420450263,8986368,42010,2,228,-109,13,Sunrise,true,false
1428420450263,345,2147483647,2147483647,2147483647,-119,13,Sunrise,false,false
1428420450263,2147483647,2147483647,2147483647,2147483647,-113,13,Sunrise,false,false
1428420450263,2147483647,2147483647,2147483647,2147483647,-113,13,Sunrise,false,false
1428420450263,2147483647,2147483647,2147483647,2147483647,-113,13,Sunrise,false,false
1428420450263,2147483647,2147483647,2147483647,2147483647,-113,13,Sunrise,false,false
1428420450263,2147483647,2147483647,2147483647,2147483647,-113,13,Sunrise,false,false
1428420450263,2147483647,2147483647,2147483647,2147483647,-113,13,Sunrise,false,false
1428420450263,2147483647,2147483647,2147483647,2147483647,-113,13,Sunrise,false,false
1428420450263,2147483647,2147483647,2147483647,2147483647,-113,13,Sunrise,false,false
1428420450263,2147483647,2147483647,2147483647,2147483647,-113,13,Sunrise,false,false
1428420450263,2147483647,2147483647,2147483647,2147483647,-113,13,Sunrise,false,false
1428420450263,2147483647,2147483647,2147483647,2147483647,-113,13,Sunrise,false,false
1428420450263,2147483647,2147483647,2147483647,2147483647,-113,13,Sunrise,false,false
1428420450263,2147483647,2147483647,2147483647,2147483647,-113,13,Sunrise,false,false
1428420450263,2147483647,2147483647,2147483647,2147483647,-113,13,Sunrise,false,false
1428420450263,2147483647,2147483647,2147483647,2147483647,-113,13,Sunrise,false,false
1428420450263,2147483647,2147483647,2147483647,2147483647,-113,13,Sunrise,false,false
1428420510459,8986368,42010,2,228,-112,13,Sunrise,true,false
1428420510459,345,2147483647,2147483647,2147483647,-119,13,Sunrise,false,false
1428420510459,2147483647,2147483647,2147483647,2147483647,-113,13,Sunrise,false,false
1428420510459,2147483647,2147483647,2147483647,2147483647,-113,13,Sunrise,false,false
1428420510459,2147483647,2147483647,2147483647,2147483647,-113,13,Sunrise,false,false
1428420510459,2147483647,2147483647,2147483647,2147483647,-113,13,Sunrise,false,false
1428420510459,2147483647,2147483647,2147483647,2147483647,-113,13,Sunrise,false,false
1428420510459,2147483647,2147483647,2147483647,2147483647,-113,13,Sunrise,false,false
1428420510459,2147483647,2147483647,2147483647,2147483647,-113,13,Sunrise,false,false
1428420510459,2147483647,2147483647,2147483647,2147483647,-113,13,Sunrise,false,false
1428420510459,2147483647,2147483647,2147483647,2147483647,-113,13,Sunrise,false,false
1428420510459,2147483647,2147483647,2147483647,2147483647,-113,13,Sunrise,false,false
1428420510459,2147483647,2147483647,2147483647,2147483647,-113,13,Sunrise,false,false
1428420510459,2147483647,2147483647,2147483647,2147483647,-113,13,Sunrise,false,false
1428420510459,2147483647,2147483647,2147483647,2147483647,-113,13,Sunrise,false,false
1428420510459,2147483647,2147483647,2147483647,2147483647,-113,13,Sunrise,false,false
1428420510459,2147483647,2147483647,2147483647,2147483647,-113,13,Sunrise,false,false
1428420510459,2147483647,2147483647,2147483647,2147483647,-113,13,Sunrise,false,false
1428420570526,8986368,42010,2,228,-112,13,Sunrise,true,false
1428420570526,345,2147483647,2147483647,2147483647,-119,13,Sunrise,false,false
1428420570526,2147483647,2147483647,2147483647,2147483647,-113,13,Sunrise,false,false
1428420570526,2147483647,2147483647,2147483647,2147483647,-113,13,Sunrise,false,false
1428420570526,2147483647,2147483647,2147483647,2147483647,-113,13,Sunrise,false,false
1428420570526,2147483647,2147483647,2147483647,2147483647,-113,13,Sunrise,false,false
1428420570526,2147483647,2147483647,2147483647,2147483647,-113,13,Sunrise,false,false
1428420570526,2147483647,2147483647,2147483647,2147483647,-113,13,Sunrise,false,false
1428420570526,2147483647,2147483647,2147483647,2147483647,-113,13,Sunrise,false,false
1428420570526,2147483647,2147483647,2147483647,2147483647,-113,13,Sunrise,false,false
1428420570526,2147483647,2147483647,2147483647,2147483647,-113,13,Sunrise,false,false
1428420570526,2147483647,2147483647,2147483647,2147483647,-113,13,Sunrise,false,false
1428420570526,2147483647,2147483647,2147483647,2147483647,-113,13,Sunrise,false,false
1428420570526,2147483647,2147483647,2147483647,2147483647,-113,13,Sunrise,false,false
1428420570526,2147483647,2147483647,2147483647,2147483647,-113,13,Sunrise,false,false
1428420570526,2147483647,2147483647,2147483647,2147483647,-113,13,Sunrise,false,false
1428420570526,2147483647,2147483647,2147483647,2147483647,-113,13,Sunrise,false,false
1428420570526,2147483647,2147483647,2147483647,2147483647,-113,13,Sunrise,false,false
1428420630719,8986368,42010,2,228,-112,13,Sunrise,true,false
1428420630719,345,2147483647,2147483647,2147483647,-122,13,Sunrise,false,false
1428420630719,2147483647,2147483647,2147483647,2147483647,-113,13,Sunrise,false,false
1428420630719,2147483647,2147483647,2147483647,2147483647,-113,13,Sunrise,false,false
1428420630719,2147483647,2147483647,2147483647,2147483647,-113,13,Sunrise,false,false
1428420630719,2147483647,2147483647,2147483647,2147483647,-113,13,Sunrise,false,false
1428420630719,2147483647,2147483647,2147483647,2147483647,-113,13,Sunrise,false,false
1428420630719,2147483647,2147483647,2147483647,2147483647,-113,13,Sunrise,false,false
1428420630719,2147483647,2147483647,2147483647,2147483647,-113,13,Sunrise,false,false
1428420630719,2147483647,2147483647,2147483647,2147483647,-113,13,Sunrise,false,false
1428420630719,2147483647,2147483647,2147483647,2147483647,-113,13,Sunrise,false,false
1428420630719,2147483647,2147483647,2147483647,2147483647,-113,13,Sunrise,false,false
1428420630719,2147483647,2147483647,2147483647,2147483647,-113,13,Sunrise,false,false
1428420630719,2147483647,2147483647,2147483647,2147483647,-113,13,Sunrise,false,false
1428420630719,2147483647,2147483647,2147483647,2147483647,-113,13,Sunrise,false,false
1428420630719,2147483647,2147483647,2147483647,2147483647,-113,13,Sunrise,false,false
1428420630719,2147483647,2147483647,2147483647,2147483647,-113,13,Sunrise,false,false
1428420630719,2147483647,2147483647,2147483647,2147483647,-113,13,Sunrise,false,false
1428420630719,-1,-1,-1,-1,0,13,Sunrise,false,false
1428420630719,-1,-1,-1,-1,0,13,Sunrise,false,false
1428420735939,8986368,42010,2,228,-117,13,Sunrise,true,false
1428420735939,345,2147483647,2147483647,2147483647,-118,13,Sunrise,false,false
1428420735939,2147483647,2147483647,2147483647,2147483647,-113,13,Sunrise,false,false
1428420735939,2147483647,2147483647,2147483647,2147483647,-113,13,Sunrise,false,false
1428420735939,2147483647,2147483647,2147483647,2147483647,-113,13,Sunrise,false,false
1428420735939,2147483647,2147483647,2147483647,2147483647,-113,13,Sunrise,false,false
1428420735939,2147483647,2147483647,2147483647,2147483647,-113,13,Sunrise,false,false
1428420735939,2147483647,2147483647,2147483647,2147483647,-113,13,Sunrise,false,false
1428420735939,2147483647,2147483647,2147483647,2147483647,-113,13,Sunrise,false,false
1428420735939,2147483647,2147483647,2147483647,2147483647,-113,13,Sunrise,false,false
1428420735939,2147483647,2147483647,2147483647,2147483647,-113,13,Sunrise,false,false
1428420735939,2147483647,2147483647,2147483647,2147483647,-113,13,Sunrise,false,false
1428420735939,2147483647,2147483647,2147483647,2147483647,2147483647,13,Sunrise,false,false
1428420735939,2147483647,2147483647,2147483647,2147483647,-113,13,Sunrise,false,false
1428420735939,2147483647,2147483647,2147483647,2147483647,-113,13,Sunrise,false,false
1428420735939,2147483647,2147483647,2147483647,2147483647,-113,13,Sunrise,false,false
1428420735939,2147483647,2147483647,2147483647,2147483647,-113,13,Sunrise,false,false
1428420735939,2147483647,2147483647,2147483647,2147483647,-113,13,Sunrise,false,false
1428420735939,-1,-1,-1,-1,0,13,Sunrise,false,false
1428420735939,-1,-1,-1,-1,0,13,Sunrise,false,false
1428420735939,-1,-1,-1,-1,0,13,Sunrise,false,false
1428420796923,8986368,42010,2,228,-110,13,Sunrise,true,false
1428420796923,345,2147483647,2147483647,2147483647,-118,13,Sunrise,false,false
1428420796923,2147483647,2147483647,2147483647,2147483647,-113,13,Sunrise,false,false
1428420796923,2147483647,2147483647,2147483647,2147483647,-113,13,Sunrise,false,false
1428420796923,2147483647,2147483647,2147483647,2147483647,-113,13,Sunrise,false,false
1428420796923,2147483647,2147483647,2147483647,2147483647,-113,13,Sunrise,false,false
1428420796923,2147483647,2147483647,2147483647,2147483647,-113,13,Sunrise,false,false
1428420796923,2147483647,2147483647,2147483647,2147483647,-113,13,Sunrise,false,false
1428420796923,2147483647,2147483647,2147483647,2147483647,-113,13,Sunrise,false,false
1428420796923,2147483647,2147483647,2147483647,2147483647,-113,13,Sunrise,false,false
1428420796923,2147483647,2147483647,2147483647,2147483647,-113,13,Sunrise,false,false
1428420796923,2147483647,2147483647,2147483647,2147483647,-113,13,Sunrise,false,false
1428420796923,2147483647,2147483647,2147483647,2147483647,2147483647,13,Sunrise,false,false
1428420796923,2147483647,2147483647,2147483647,2147483647,-113,13,Sunrise,false,false
1428420796923,2147483647,2147483647,2147483647,2147483647,-113,13,Sunrise,false,false
1428420796923,2147483647,2147483647,2147483647,2147483647,-113,13,Sunrise,false,false
1428420796923,2147483647,2147483647,2147483647,2147483647,-113,13,Sunrise,false,false
1428420796923,2147483647,2147483647,2147483647,2147483647,-113,13,Sunrise,false,false
1428420796923,-1,-1,-1,-1,0,13,Sunrise,false,false
1428420796923,-1,-1,-1,-1,0,13,Sunrise,false,false
1428420796923,-1,-1,-1,-1,0,13,Sunrise,false,false
1428420856934,8986368,42010,2,228,-111,13,Sunrise,true,false
1428420856934,345,2147483647,2147483647,2147483647,-118,13,Sunrise,false,false
1428420856934,2147483647,2147483647,2147483647,2147483647,-113,13,Sunrise,false,false
1428420856934,2147483647,2147483647,2147483647,2147483647,-113,13,Sunrise,false,false
1428420856934,2147483647,2147483647,2147483647,2147483647,-113,13,Sunrise,false,false
1428420856934,2147483647,2147483647,2147483647,2147483647,-113,13,Sunrise,false,false
1428420856934,2147483647,2147483647,2147483647,2147483647,-113,13,Sunrise,false,false
1428420856934,2147483647,2147483647,2147483647,2147483647,-113,13,Sunrise,false,false
1428420856934,2147483647,2147483647,2147483647,2147483647,-113,13,Sunrise,false,false
1428420856934,2147483647,2147483647,2147483647,2147483647,-113,13,Sunrise,false,false
1428420856934,2147483647,2147483647,2147483647,2147483647,-113,13,Sunrise,false,false
1428420856934,2147483647,2147483647,2147483647,2147483647,-113,13,Sunrise,false,false
1428420856934,2147483647,2147483647,2147483647,2147483647,2147483647,13,Sunrise,false,false
1428420856934,2147483647,2147483647,2147483647,2147483647,-113,13,Sunrise,false,false
1428420856934,2147483647,2147483647,2147483647,2147483647,-113,13,Sunrise,false,false
1428420856934,2147483647,2147483647,2147483647,2147483647,-113,13,Sunrise,false,false
1428420856934,2147483647,2147483647,2147483647,2147483647,-113,13,Sunrise,false,false
1428420856934,2147483647,2147483647,2147483647,2147483647,-113,13,Sunrise,false,false
1428420856934,-1,-1,-1,-1,0,13,Sunrise,false,false
1428420856934,-1,-1,-1,-1,0,13,Sunrise,false,false
1428420856934,-1,-1,-1,-1,0,13,Sunrise,false,false
1428420917932,8986368,42010,2,228,-110,13,Sunrise,true,false
1428420917932,345,2147483647,2147483647,2147483647,-122,13,Sunrise,false,false
1428420917932,286,2147483647,2147483647,2147483647,-124,13,Sunrise,false,false
1428420917932,2147483647,2147483647,2147483647,2147483647,-113,13,Sunrise,false,false
1428420917932,2147483647,2147483647,2147483647,2147483647,-113,13,Sunrise,false,false
1428420917932,2147483647,2147483647,2147483647,2147483647,-113,13,Sunrise,false,false
1428420917932,2147483647,2147483647,2147483647,2147483647,-113,13,Sunrise,false,false
1428420917932,2147483647,2147483647,2147483647,2147483647,-113,13,Sunrise,false,false
1428420917932,2147483647,2147483647,2147483647,2147483647,-113,13,Sunrise,false,false
1428420917932,2147483647,2147483647,2147483647,2147483647,-113,13,Sunrise,false,false
1428420917932,2147483647,2147483647,2147483647,2147483647,-113,13,Sunrise,false,false
1428420917932,2147483647,2147483647,2147483647,2147483647,-113,13,Sunrise,false,false
1428420917932,2147483647,2147483647,2147483647,2147483647,-113,13,Sunrise,false,false
1428420917932,2147483647,2147483647,2147483647,2147483647,-113,13,Sunrise,false,false
1428420917932,2147483647,2147483647,2147483647,2147483647,-113,13,Sunrise,false,false
1428420917932,2147483647,2147483647,2147483647,2147483647,-113,13,Sunrise,false,false
1428420917932,2147483647,2147483647,2147483647,2147483647,-113,13,Sunrise,false,false
1428420917932,2147483647,2147483647,2147483647,2147483647,-113,13,Sunrise,false,false
1428420917932,2147483647,2147483647,2147483647,2147483647,-113,13,Sunrise,false,false
1428420917932,-1,-1,-1,-1,0,13,Sunrise,false,false
1428420917932,-1,-1,-1,-1,0,13,Sunrise,false,false
1428420917932,-1,-1,-1,-1,0,13,Sunrise,false,false
1428421021104,8986368,42010,2,228,-110,13,Sunrise,true,false
1428421021104,345,2147483647,2147483647,2147483647,-126,13,Sunrise,false,false
1428421021104,286,2147483647,2147483647,2147483647,-122,13,Sunrise,false,false
1428421021104,2147483647,2147483647,2147483647,2147483647,-113,13,Sunrise,false,false
1428421021104,2147483647,2147483647,2147483647,2147483647,-113,13,Sunrise,false,false
1428421021104,2147483647,2147483647,2147483647,2147483647,-113,13,Sunrise,false,false
1428421021104,2147483647,2147483647,2147483647,2147483647,-113,13,Sunrise,false,false
1428421021104,2147483647,2147483647,2147483647,2147483647,-113,13,Sunrise,false,false
1428421021104,2147483647,2147483647,2147483647,2147483647,-113,13,Sunrise,false,false
1428421021104,2147483647,2147483647,2147483647,2147483647,-113,13,Sunrise,false,false
1428421021104,2147483647,2147483647,2147483647,2147483647,-113,13,Sunrise,false,false
1428421021104,2147483647,2147483647,2147483647,2147483647,-113,13,Sunrise,false,false
1428421021104,2147483647,2147483647,2147483647,2147483647,-113,13,Sunrise,false,false
1428421021104,2147483647,2147483647,2147483647,2147483647,-113,13,Sunrise,false,false
1428421021104,2147483647,2147483647,2147483647,2147483647,-113,13,Sunrise,false,false
1428421021104,2147483647,2147483647,2147483647,2147483647,-113,13,Sunrise,false,false
1428421021104,2147483647,2147483647,2147483647,2147483647,-113,13,Sunrise,false,false
1428421021104,2147483647,2147483647,2147483647,2147483647,-113,13,Sunrise,false,false
1428421021104,2147483647,2147483647,2147483647,2147483647,-113,13,Sunrise,false,false
1428421021104,-1,-1,-1,-1,0,13,Sunrise,false,false
1428421021104,-1,-1,-1,-1,0,13,Sunrise,false,false
1428421021104,-1,-1,-1,-1,0,13,Sunrise,false,false
1428421081244,8986368,42010,2,228,-109,13,Sunrise,true,false
1428421081244,345,2147483647,2147483647,2147483647,-120,13,Sunrise,false,false
1428421081244,2147483647,2147483647,2147483647,2147483647,-113,13,Sunrise,false,false
1428421081244,2147483647,2147483647,2147483647,2147483647,-113,13,Sunrise,false,false
1428421081244,2147483647,2147483647,2147483647,2147483647,-113,13,Sunrise,false,false
1428421081244,2147483647,2147483647,2147483647,2147483647,-113,13,Sunrise,false,false
1428421081244,2147483647,2147483647,2147483647,2147483647,-113,13,Sunrise,false,false
1428421081244,2147483647,2147483647,2147483647,2147483647,-113,13,Sunrise,false,false
1428421081244,2147483647,2147483647,2147483647,2147483647,-113,13,Sunrise,false,false
1428421081244,2147483647,2147483647,2147483647,2147483647,-113,13,Sunrise,false,false
1428421081244,2147483647,2147483647,2147483647,2147483647,-113,13,Sunrise,false,false
1428421081244,2147483647,2147483647,2147483647,2147483647,-113,13,Sunrise,false,false
1428421081244,2147483647,2147483647,2147483647,2147483647,-113,13,Sunrise,false,false
1428421081244,2147483647,2147483647,2147483647,2147483647,-113,13,Sunrise,false,false
1428421081244,2147483647,2147483647,2147483647,2147483647,-113,13,Sunrise,false,false
1428421081244,2147483647,2147483647,2147483647,2147483647,-113,13,Sunrise,false,false
1428421081244,2147483647,2147483647,2147483647,2147483647,-113,13,Sunrise,false,false
1428421081244,2147483647,2147483647,2147483647,2147483647,-113,13,Sunrise,false,false
1428421081244,-1,-1,-1,-1,0,13,Sunrise,false,false
1428421081244,-1,-1,-1,-1,0,13,Sunrise,false,false
1428421081244,-1,-1,-1,-1,0,13,Sunrise,false,false
1428421141283,8986368,42010,2,228,-111,13,Sunrise,true,false
1428421141283,345,2147483647,2147483647,2147483647,-120,13,Sunrise,false,false
1428421141283,2147483647,2147483647,2147483647,2147483647,-113,13,Sunrise,false,false
1428421141283,2147483647,2147483647,2147483647,2147483647,-113,13,Sunrise,false,false
1428421141283,2147483647,2147483647,2147483647,2147483647,-113,13,Sunrise,false,false
1428421141283,2147483647,2147483647,2147483647,2147483647,-113,13,Sunrise,false,false
1428421141283,2147483647,2147483647,2147483647,2147483647,-113,13,Sunrise,false,false
1428421141283,2147483647,2147483647,2147483647,2147483647,-113,13,Sunrise,false,false
1428421141283,2147483647,2147483647,2147483647,2147483647,-113,13,Sunrise,false,false
1428421141283,2147483647,2147483647,2147483647,2147483647,-113,13,Sunrise,false,false
1428421141283,2147483647,2147483647,2147483647,2147483647,-113,13,Sunrise,false,false
1428421141283,2147483647,2147483647,2147483647,2147483647,-113,13,Sunrise,false,false
1428421141283,2147483647,2147483647,2147483647,2147483647,-113,13,Sunrise,false,false
1428421141283,2147483647,2147483647,2147483647,2147483647,-113,13,Sunrise,false,false
1428421141283,2147483647,2147483647,2147483647,2147483647,-113,13,Sunrise,false,false
1428421141283,2147483647,2147483647,2147483647,2147483647,-113,13,Sunrise,false,false
1428421141283,2147483647,2147483647,2147483647,2147483647,-113,13,Sunrise,false,false
1428421141283,2147483647,2147483647,2147483647,2147483647,-113,13,Sunrise,false,false
1428421141283,-1,-1,-1,-1,0,13,Sunrise,false,false
1428421141283,-1,-1,-1,-1,0,13,Sunrise,false,false
1428421141283,-1,-1,-1,-1,0,13,Sunrise,false,false
1428421201317,8986368,42010,2,228,-110,13,Sunrise,true,false
1428421201317,345,2147483647,2147483647,2147483647,-120,13,Sunrise,false,false
1428421201317,2147483647,2147483647,2147483647,2147483647,-113,13,Sunrise,false,false
1428421201317,2147483647,2147483647,2147483647,2147483647,-113,13,Sunrise,false,false
1428421201317,2147483647,2147483647,2147483647,2147483647,-113,13,Sunrise,false,false
1428421201317,2147483647,2147483647,2147483647,2147483647,-113,13,Sunrise,false,false
1428421201317,2147483647,2147483647,2147483647,2147483647,-113,13,Sunrise,false,false
1428421201317,2147483647,2147483647,2147483647,2147483647,-113,13,Sunrise,false,false
1428421201317,2147483647,2147483647,2147483647,2147483647,-113,13,Sunrise,false,false
1428421201317,2147483647,2147483647,2147483647,2147483647,-113,13,Sunrise,false,false
1428421201317,2147483647,2147483647,2147483647,2147483647,-113,13,Sunrise,false,false
1428421201317,2147483647,2147483647,2147483647,2147483647,-113,13,Sunrise,false,false
1428421201317,2147483647,2147483647,2147483647,2147483647,-113,13,Sunrise,false,false
1428421201317,2147483647,2147483647,2147483647,2147483647,-113,13,Sunrise,false,false
1428421201317,2147483647,2147483647,2147483647,2147483647,-113,13,Sunrise,false,false
1428421201317,2147483647,2147483647,2147483647,2147483647,-113,13,Sunrise,false,false
1428421201317,2147483647,2147483647,2147483647,2147483647,-113,13,Sunrise,false,false
1428421201317,2147483647,2147483647,2147483647,2147483647,-113,13,Sunrise,false,false
1428421201317,-1,-1,-1,-1,0,13,Sunrise,false,false
1428421201317,-1,-1,-1,-1,0,13,Sunrise,false,false
1428421201317,-1,-1,-1,-1,0,13,Sunrise,false,false
1428421306934,8986368,42010,2,228,-110,13,Sunrise,true,false
1428421306934,345,2147483647,2147483647,2147483647,-120,13,Sunrise,false,false
1428421306934,2147483647,2147483647,2147483647,2147483647,-113,13,Sunrise,false,false
1428421306934,2147483647,2147483647,2147483647,2147483647,-113,13,Sunrise,false,false
1428421306934,2147483647,2147483647,2147483647,2147483647,-113,13,Sunrise,false,false
1428421306934,2147483647,2147483647,2147483647,2147483647,-113,13,Sunrise,false,false
1428421306934,2147483647,2147483647,2147483647,2147483647,-113,13,Sunrise,false,false
1428421306934,2147483647,2147483647,2147483647,2147483647,-113,13,Sunrise,false,false
1428421306934,2147483647,2147483647,2147483647,2147483647,-113,13,Sunrise,false,false
1428421306934,2147483647,2147483647,2147483647,2147483647,-113,13,Sunrise,false,false
1428421306934,2147483647,2147483647,2147483647,2147483647,-113,13,Sunrise,false,false
1428421306934,2147483647,2147483647,2147483647,2147483647,-113,13,Sunrise,false,false
1428421306934,2147483647,2147483647,2147483647,2147483647,-113,13,Sunrise,false,false
1428421306934,2147483647,2147483647,2147483647,2147483647,-113,13,Sunrise,false,false
1428421306934,2147483647,2147483647,2147483647,2147483647,-113,13,Sunrise,false,false
1428421306934,2147483647,2147483647,2147483647,2147483647,-113,13,Sunrise,false,false
1428421306934,2147483647,2147483647,2147483647,2147483647,-113,13,Sunrise,false,false
1428421306934,2147483647,2147483647,2147483647,2147483647,-113,13,Sunrise,false,false
1428421306934,-1,-1,-1,-1,0,13,Sunrise,false,false
1428421306934,-1,-1,-1,-1,0,13,Sunrise,false,false
1428421306934,-1,-1,-1,-1,0,13,Sunrise,false,false
1428421399055,8986368,42010,2,228,-110,13,Sunrise,true,false
1428421399055,345,2147483647,2147483647,2147483647,-120,13,Sunrise,false,false
1428421399055,2147483647,2147483647,2147483647,2147483647,-113,13,Sunrise,false,false
1428421399055,2147483647,2147483647,2147483647,2147483647,-113,13,Sunrise,false,false
1428421399055,2147483647,2147483647,2147483647,2147483647,-113,13,Sunrise,false,false
1428421399055,2147483647,2147483647,2147483647,2147483647,-113,13,Sunrise,false,false
1428421399055,2147483647,2147483647,2147483647,2147483647,-113,13,Sunrise,false,false
1428421399055,2147483647,2147483647,2147483647,2147483647,-113,13,Sunrise,false,false
1428421399055,2147483647,2147483647,2147483647,2147483647,-113,13,Sunrise,false,false
1428421399055,2147483647,2147483647,2147483647,2147483647,-113,13,Sunrise,false,false
1428421399055,2147483647,2147483647,2147483647,2147483647,-113,13,Sunrise,false,false
1428421399055,2147483647,2147483647,2147483647,2147483647,-113,13,Sunrise,false,false
1428421399055,2147483647,2147483647,2147483647,2147483647,-113,13,Sunrise,false,false
1428421399055,2147483647,2147483647,2147483647,2147483647,-113,13,Sunrise,false,false
1428421399055,2147483647,2147483647,2147483647,2147483647,-113,13,Sunrise,false,false
1428421399055,2147483647,2147483647,2147483647,2147483647,-113,13,Sunrise,false,false
1428421399055,2147483647,2147483647,2147483647,2147483647,-113,13,Sunrise,false,false
1428421399055,2147483647,2147483647,2147483647,2147483647,-113,13,Sunrise,false,false
1428421399055,-1,-1,-1,-1,0,13,Sunrise,false,false
1428421399055,-1,-1,-1,-1,0,13,Sunrise,false,false
1428421399055,-1,-1,-1,-1,0,13,Sunrise,false,false
1428421467797,8986368,42010,2,228,-111,13,Sunrise,true,false
1428421467797,2147483647,2147483647,2147483647,2147483647,-113,13,Sunrise,false,false
1428421467797,2147483647,2147483647,2147483647,2147483647,-113,13,Sunrise,false,false
1428421467797,2147483647,2147483647,2147483647,2147483647,-113,13,Sunrise,false,false
1428421467797,2147483647,2147483647,2147483647,2147483647,-113,13,Sunrise,false,false
1428421467797,2147483647,2147483647,2147483647,2147483647,-113,13,Sunrise,false,false
1428421467797,2147483647,2147483647,2147483647,2147483647,-113,13,Sunrise,false,false
1428421467797,2147483647,2147483647,2147483647,2147483647,-113,13,Sunrise,false,false
1428421467797,2147483647,2147483647,2147483647,2147483647,-113,13,Sunrise,false,false
1428421467797,2147483647,2147483647,2147483647,2147483647,-113,13,Sunrise,false,false
1428421467797,2147483647,2147483647,2147483647,2147483647,-113,13,Sunrise,false,false
1428421467797,2147483647,2147483647,2147483647,2147483647,-113,13,Sunrise,false,false
1428421467797,2147483647,2147483647,2147483647,2147483647,-113,13,Sunrise,false,false
1428421467797,2147483647,2147483647,2147483647,2147483647,-113,13,Sunrise,false,false
1428421467797,2147483647,2147483647,2147483647,2147483647,-113,13,Sunrise,false,false
1428421467797,2147483647,2147483647,2147483647,2147483647,-113,13,Sunrise,false,false
1428421467797,2147483647,2147483647,2147483647,2147483647,-113,13,Sunrise,false,false
1428421467797,-1,-1,-1,-1,0,13,Sunrise,false,false
1428421467797,-1,-1,-1,-1,0,13,Sunrise,false,false
1428421467797,-1,-1,-1,-1,0,13,Sunrise,false,false
1428421527918,8986368,42010,2,228,-111,13,Sunrise,true,false
1428421527918,345,2147483647,2147483647,2147483647,-121,13,Sunrise,false,false
1428421527918,2147483647,2147483647,2147483647,2147483647,-113,13,Sunrise,false,false
1428421527918,2147483647,2147483647,2147483647,2147483647,-113,13,Sunrise,false,false
1428421527918,2147483647,2147483647,2147483647,2147483647,-113,13,Sunrise,false,false
1428421527918,2147483647,2147483647,2147483647,2147483647,-113,13,Sunrise,false,false
1428421527918,2147483647,2147483647,2147483647,2147483647,-113,13,Sunrise,false,false
1428421527918,2147483647,2147483647,2147483647,2147483647,-113,13,Sunrise,false,false
1428421527918,2147483647,2147483647,2147483647,2147483647,-113,13,Sunrise,false,false
1428421527918,2147483647,2147483647,2147483647,2147483647,-113,13,Sunrise,false,false
1428421527918,2147483647,2147483647,2147483647,2147483647,-113,13,Sunrise,false,false
1428421527918,2147483647,2147483647,2147483647,2147483647,-113,13,Sunrise,false,false
1428421527918,2147483647,2147483647,2147483647,2147483647,-113,13,Sunrise,false,false
1428421527918,2147483647,2147483647,2147483647,2147483647,-113,13,Sunrise,false,false
1428421527918,2147483647,2147483647,2147483647,2147483647,-113,13,Sunrise,false,false
1428421527918,2147483647,2147483647,2147483647,2147483647,-113,13,Sunrise,false,false
1428421527918,2147483647,2147483647,2147483647,2147483647,-113,13,Sunrise,false,false
1428421527918,2147483647,2147483647,2147483647,2147483647,-113,13,Sunrise,false,false
1428421527918,-1,-1,-1,-1,0,13,Sunrise,false,false
1428421527918,-1,-1,-1,-1,0,13,Sunrise,false,false
1428421527918,-1,-1,-1,-1,0,13,Sunrise,false,false
1428421591998,8986368,42010,2,228,-111,13,Sunrise,true,false
1428421591998,345,2147483647,2147483647,2147483647,-121,13,Sunrise,false,false
1428421591998,2147483647,2147483647,2147483647,2147483647,-113,13,Sunrise,false,false
1428421591998,2147483647,2147483647,2147483647,2147483647,-113,13,Sunrise,false,false
1428421591998,2147483647,2147483647,2147483647,2147483647,-113,13,Sunrise,false,false
1428421591998,2147483647,2147483647,2147483647,2147483647,-113,13,Sunrise,false,false
1428421591998,2147483647,2147483647,2147483647,2147483647,-113,13,Sunrise,false,false
1428421591998,2147483647,2147483647,2147483647,2147483647,-113,13,Sunrise,false,false
1428421591998,2147483647,2147483647,2147483647,2147483647,-113,13,Sunrise,false,false
1428421591998,2147483647,2147483647,2147483647,2147483647,-113,13,Sunrise,false,false
1428421591998,2147483647,2147483647,2147483647,2147483647,-113,13,Sunrise,false,false
1428421591998,2147483647,2147483647,2147483647,2147483647,-113,13,Sunrise,false,false
1428421591998,2147483647,2147483647,2147483647,2147483647,-113,13,Sunrise,false,false
1428421591998,2147483647,2147483647,2147483647,2147483647,-113,13,Sunrise,false,false
1428421591998,2147483647,2147483647,2147483647,2147483647,-113,13,Sunrise,false,false
1428421591998,2147483647,2147483647,2147483647,2147483647,-113,13,Sunrise,false,false
1428421591998,2147483647,2147483647,2147483647,2147483647,-113,13,Sunrise,false,false
1428421591998,2147483647,2147483647,2147483647,2147483647,-113,13,Sunrise,false,false
1428421591998,-1,-1,-1,-1,0,13,Sunrise,false,false
1428421591998,-1,-1,-1,-1,0,13,Sunrise,false,false
1428421591998,-1,-1,-1,-1,0,13,Sunrise,false,false
1428421680930,8986368,42010,2,228,-111,13,Sunrise,true,false
1428421680930,345,2147483647,2147483647,2147483647,-121,13,Sunrise,false,false
1428421680930,2147483647,2147483647,2147483647,2147483647,-113,13,Sunrise,false,false
1428421680930,2147483647,2147483647,2147483647,2147483647,-113,13,Sunrise,false,false
1428421680930,2147483647,2147483647,2147483647,2147483647,-113,13,Sunrise,false,false
1428421680930,2147483647,2147483647,2147483647,2147483647,-113,13,Sunrise,false,false
1428421680930,2147483647,2147483647,2147483647,2147483647,-113,13,Sunrise,false,false
1428421680930,2147483647,2147483647,2147483647,2147483647,-113,13,Sunrise,false,false
1428421680930,2147483647,2147483647,2147483647,2147483647,-113,13,Sunrise,false,false
1428421680930,2147483647,2147483647,2147483647,2147483647,-113,13,Sunrise,false,false
1428421680930,2147483647,2147483647,2147483647,2147483647,-113,13,Sunrise,false,false
1428421680930,2147483647,2147483647,2147483647,2147483647,-113,13,Sunrise,false,false
1428421680930,2147483647,2147483647,2147483647,2147483647,-113,13,Sunrise,false,false
1428421680930,2147483647,2147483647,2147483647,2147483647,-113,13,Sunrise,false,false
1428421680930,2147483647,2147483647,2147483647,2147483647,-113,13,Sunrise,false,false
1428421680930,2147483647,2147483647,2147483647,2147483647,-113,13,Sunrise,false,false
1428421680930,2147483647,2147483647,2147483647,2147483647,-113,13,Sunrise,false,false
1428421680930,2147483647,2147483647,2147483647,2147483647,-113,13,Sunrise,false,false
1428421680930,-1,-1,-1,-1,0,13,Sunrise,false,false
1428421680930,-1,-1,-1,-1,0,13,Sunrise,false,false
1428421680930,-1,-1,-1,-1,0,13,Sunrise,false,false
1428421757960,-1,-1,-1,-1,0,10,Sunrise,true,false
1428421757960,-1,-1,-1,-1,0,10,Sunrise,false,false
1428421757960,-1,-1,-1,-1,0,10,Sunrise,false,false
1428421757960,-1,-1,-1,-1,0,10,Sunrise,false,false
1428421818946,-1,-1,-1,-1,0,10,Sunrise,true,false
1428421818946,-1,-1,-1,-1,0,10,Sunrise,false,false
1428421818946,-1,-1,-1,-1,0,10,Sunrise,false,false
1428421818946,-1,-1,-1,-1,0,10,Sunrise,false,false
1428421879920,8986368,42010,2,228,-111,13,Sunrise,true,false
1428421879920,345,2147483647,2147483647,2147483647,-126,13,Sunrise,false,false
1428421879920,2147483647,2147483647,2147483647,2147483647,-113,13,Sunrise,false,false
1428421879920,2147483647,2147483647,2147483647,2147483647,-113,13,Sunrise,false,false
1428421879920,2147483647,2147483647,2147483647,2147483647,-113,13,Sunrise,false,false
1428421879920,2147483647,2147483647,2147483647,2147483647,-113,13,Sunrise,false,false
1428421879920,2147483647,2147483647,2147483647,2147483647,-113,13,Sunrise,false,false
1428421879920,2147483647,2147483647,2147483647,2147483647,-113,13,Sunrise,false,false
1428421879920,2147483647,2147483647,2147483647,2147483647,-113,13,Sunrise,false,false
1428421879920,2147483647,2147483647,2147483647,2147483647,-113,13,Sunrise,false,false
1428421879920,2147483647,2147483647,2147483647,2147483647,-113,13,Sunrise,false,false
1428421879920,2147483647,2147483647,2147483647,2147483647,-113,13,Sunrise,false,false
1428421879920,2147483647,2147483647,2147483647,2147483647,-113,13,Sunrise,false,false
1428421879920,2147483647,2147483647,2147483647,2147483647,-113,13,Sunrise,false,false
1428421879920,2147483647,2147483647,2147483647,2147483647,-113,13,Sunrise,false,false
1428421879920,2147483647,2147483647,2147483647,2147483647,-113,13,Sunrise,false,false
1428421879920,2147483647,2147483647,2147483647,2147483647,-113,13,Sunrise,false,false
1428421879920,2147483647,2147483647,2147483647,2147483647,-113,13,Sunrise,false,false
1428421940073,8986368,42010,2,228,-112,13,Sunrise,true,false
1428421940073,19,2147483647,2147483647,2147483647,-124,13,Sunrise,false,false
1428421940073,345,2147483647,2147483647,2147483647,-126,13,Sunrise,false,false
1428421940073,2147483647,2147483647,2147483647,2147483647,-113,13,Sunrise,false,false
1428421940073,2147483647,2147483647,2147483647,2147483647,-113,13,Sunrise,false,false
1428421940073,2147483647,2147483647,2147483647,2147483647,-113,13,Sunrise,false,false
1428421940073,2147483647,2147483647,2147483647,2147483647,-113,13,Sunrise,false,false
1428421940073,2147483647,2147483647,2147483647,2147483647,-113,13,Sunrise,false,false
1428421940073,2147483647,2147483647,2147483647,2147483647,-113,13,Sunrise,false,false
1428421940073,2147483647,2147483647,2147483647,2147483647,-113,13,Sunrise,false,false
1428421940073,2147483647,2147483647,2147483647,2147483647,-113,13,Sunrise,false,false
1428421940073,2147483647,2147483647,2147483647,2147483647,-113,13,Sunrise,false,false
1428421940073,2147483647,2147483647,2147483647,2147483647,-113,13,Sunrise,false,false
1428421940073,2147483647,2147483647,2147483647,2147483647,-113,13,Sunrise,false,false
1428421940073,2147483647,2147483647,2147483647,2147483647,-113,13,Sunrise,false,false
1428421940073,2147483647,2147483647,2147483647,2147483647,-113,13,Sunrise,false,false
1428421940073,2147483647,2147483647,2147483647,2147483647,-113,13,Sunrise,false,false
1428421940073,2147483647,2147483647,2147483647,2147483647,-113,13,Sunrise,false,false
1428421940073,2147483647,2147483647,2147483647,2147483647,-113,13,Sunrise,false,false
1428422000157,8986368,42010,2,228,-111,13,Sunrise,true,false
1428422000157,51,2147483647,2147483647,2147483647,-124,13,Sunrise,false,false
1428422000157,345,2147483647,2147483647,2147483647,-116,13,Sunrise,false,false
1428422000157,2147483647,2147483647,2147483647,2147483647,-113,13,Sunrise,false,false
1428422000157,2147483647,2147483647,2147483647,2147483647,-113,13,Sunrise,false,false
1428422000157,2147483647,2147483647,2147483647,2147483647,-113,13,Sunrise,false,false
1428422000157,2147483647,2147483647,2147483647,2147483647,-113,13,Sunrise,false,false
1428422000157,2147483647,2147483647,2147483647,2147483647,-113,13,Sunrise,false,false
1428422000157,2147483647,2147483647,2147483647,2147483647,-113,13,Sunrise,false,false
1428422000157,2147483647,2147483647,2147483647,2147483647,-113,13,Sunrise,false,false
1428422000157,2147483647,2147483647,2147483647,2147483647,-113,13,Sunrise,false,false
1428422000157,2147483647,2147483647,2147483647,2147483647,-113,13,Sunrise,false,false
1428422000157,2147483647,2147483647,2147483647,2147483647,-113,13,Sunrise,false,false
1428422000157,2147483647,2147483647,2147483647,2147483647,-113,13,Sunrise,false,false
1428422000157,2147483647,2147483647,2147483647,2147483647,-113,13,Sunrise,false,false
1428422000157,2147483647,2147483647,2147483647,2147483647,-113,13,Sunrise,false,false
1428422000157,2147483647,2147483647,2147483647,2147483647,-113,13,Sunrise,false,false
1428422000157,2147483647,2147483647,2147483647,2147483647,-113,13,Sunrise,false,false
1428422000157,2147483647,2147483647,2147483647,2147483647,-113,13,Sunrise,false,false
1428422000157,-1,-1,-1,-1,0,13,Sunrise,false,false
1428422060248,8986368,42010,2,228,-113,13,Sunrise,true,false
1428422060248,345,2147483647,2147483647,2147483647,-120,13,Sunrise,false,false
1428422060248,2147483647,2147483647,2147483647,2147483647,-113,13,Sunrise,false,false
1428422060248,2147483647,2147483647,2147483647,2147483647,-113,13,Sunrise,false,false
1428422060248,2147483647,2147483647,2147483647,2147483647,-113,13,Sunrise,false,false
1428422060248,2147483647,2147483647,2147483647,2147483647,-113,13,Sunrise,false,false
1428422060248,2147483647,2147483647,2147483647,2147483647,-113,13,Sunrise,false,false
1428422060248,2147483647,2147483647,2147483647,2147483647,-113,13,Sunrise,false,false
1428422060248,2147483647,2147483647,2147483647,2147483647,-113,13,Sunrise,false,false
1428422060248,2147483647,2147483647,2147483647,2147483647,-113,13,Sunrise,false,false
1428422060248,2147483647,2147483647,2147483647,2147483647,-113,13,Sunrise,false,false
1428422060248,2147483647,2147483647,2147483647,2147483647,-113,13,Sunrise,false,false
1428422060248,2147483647,2147483647,2147483647,2147483647,-113,13,Sunrise,false,false
1428422060248,2147483647,2147483647,2147483647,2147483647,-113,13,Sunrise,false,false
1428422060248,2147483647,2147483647,2147483647,2147483647,-113,13,Sunrise,false,false
1428422060248,2147483647,2147483647,2147483647,2147483647,-113,13,Sunrise,false,false
1428422060248,2147483647,2147483647,2147483647,2147483647,-113,13,Sunrise,false,false
1428422060248,2147483647,2147483647,2147483647,2147483647,-113,13,Sunrise,false,false
1428422060248,-1,-1,-1,-1,0,13,Sunrise,false,false
1428422060248,-1,-1,-1,-1,0,13,Sunrise,false,false
1428422060248,-1,-1,-1,-1,0,13,Sunrise,false,false
1428422060248,-1,-1,-1,-1,0,13,Sunrise,false,false
1428422162320,8986368,42010,2,228,-113,13,Sunrise,true,false
1428422162320,345,2147483647,2147483647,2147483647,-120,13,Sunrise,false,false
1428422162320,2147483647,2147483647,2147483647,2147483647,-113,13,Sunrise,false,false
1428422162320,2147483647,2147483647,2147483647,2147483647,-113,13,Sunrise,false,false
1428422162320,2147483647,2147483647,2147483647,2147483647,-113,13,Sunrise,false,false
1428422162320,2147483647,2147483647,2147483647,2147483647,-113,13,Sunrise,false,false
1428422162320,2147483647,2147483647,2147483647,2147483647,-113,13,Sunrise,false,false
1428422162320,2147483647,2147483647,2147483647,2147483647,-113,13,Sunrise,false,false
1428422162320,2147483647,2147483647,2147483647,2147483647,-113,13,Sunrise,false,false
1428422162320,2147483647,2147483647,2147483647,2147483647,-113,13,Sunrise,false,false
1428422162320,2147483647,2147483647,2147483647,2147483647,-113,13,Sunrise,false,false
1428422162320,2147483647,2147483647,2147483647,2147483647,-113,13,Sunrise,false,false
1428422162320,2147483647,2147483647,2147483647,2147483647,-113,13,Sunrise,false,false
1428422162320,2147483647,2147483647,2147483647,2147483647,-113,13,Sunrise,false,false
1428422162320,2147483647,2147483647,2147483647,2147483647,-113,13,Sunrise,false,false
1428422162320,2147483647,2147483647,2147483647,2147483647,-113,13,Sunrise,false,false
1428422162320,2147483647,2147483647,2147483647,2147483647,-113,13,Sunrise,false,false
1428422162320,2147483647,2147483647,2147483647,2147483647,-113,13,Sunrise,false,false
1428422162320,-1,-1,-1,-1,0,13,Sunrise,false,false
1428422162320,-1,-1,-1,-1,0,13,Sunrise,false,false
1428422162320,-1,-1,-1,-1,0,13,Sunrise,false,false
1428422162320,-1,-1,-1,-1,0,13,Sunrise,false,false
1428422222408,8986368,42010,2,228,-112,13,Sunrise,true,false
1428422222408,345,2147483647,2147483647,2147483647,-120,13,Sunrise,false,false
1428422222408,2147483647,2147483647,2147483647,2147483647,-113,13,Sunrise,false,false
1428422222408,2147483647,2147483647,2147483647,2147483647,-113,13,Sunrise,false,false
1428422222408,2147483647,2147483647,2147483647,2147483647,-113,13,Sunrise,false,false
1428422222408,2147483647,2147483647,2147483647,2147483647,-113,13,Sunrise,false,false
1428422222408,2147483647,2147483647,2147483647,2147483647,-113,13,Sunrise,false,false
1428422222408,2147483647,2147483647,2147483647,2147483647,-113,13,Sunrise,false,false
1428422222408,2147483647,2147483647,2147483647,2147483647,-113,13,Sunrise,false,false
1428422222408,2147483647,2147483647,2147483647,2147483647,-113,13,Sunrise,false,false
1428422222408,2147483647,2147483647,2147483647,2147483647,-113,13,Sunrise,false,false
1428422222408,2147483647,2147483647,2147483647,2147483647,-113,13,Sunrise,false,false
1428422222408,2147483647,2147483647,2147483647,2147483647,-113,13,Sunrise,false,false
1428422222408,2147483647,2147483647,2147483647,2147483647,-113,13,Sunrise,false,false
1428422222408,2147483647,2147483647,2147483647,2147483647,-113,13,Sunrise,false,false
1428422222408,2147483647,2147483647,2147483647,2147483647,-113,13,Sunrise,false,false
1428422222408,2147483647,2147483647,2147483647,2147483647,-113,13,Sunrise,false,false
1428422222408,2147483647,2147483647,2147483647,2147483647,-113,13,Sunrise,false,false
1428422222408,-1,-1,-1,-1,0,13,Sunrise,false,false
1428422222408,-1,-1,-1,-1,0,13,Sunrise,false,false
1428422222408,-1,-1,-1,-1,0,13,Sunrise,false,false
1428422222408,-1,-1,-1,-1,0,13,Sunrise,false,false
1428422282514,8986368,42010,2,228,-110,13,Sunrise,true,false
1428422282514,2147483647,2147483647,2147483647,2147483647,-113,13,Sunrise,false,false
1428422282514,2147483647,2147483647,2147483647,2147483647,-113,13,Sunrise,false,false
1428422282514,2147483647,2147483647,2147483647,2147483647,-113,13,Sunrise,false,false
1428422282514,2147483647,2147483647,2147483647,2147483647,-113,13,Sunrise,false,false
1428422282514,2147483647,2147483647,2147483647,2147483647,-113,13,Sunrise,false,false
1428422282514,2147483647,2147483647,2147483647,2147483647,-113,13,Sunrise,false,false
1428422282514,2147483647,2147483647,2147483647,2147483647,-113,13,Sunrise,false,false
1428422282514,2147483647,2147483647,2147483647,2147483647,-113,13,Sunrise,false,false
1428422282514,2147483647,2147483647,2147483647,2147483647,-113,13,Sunrise,false,false
1428422282514,2147483647,2147483647,2147483647,2147483647,-113,13,Sunrise,false,false
1428422282514,2147483647,2147483647,2147483647,2147483647,-113,13,Sunrise,false,false
1428422282514,2147483647,2147483647,2147483647,2147483647,-113,13,Sunrise,false,false
1428422282514,2147483647,2147483647,2147483647,2147483647,-113,13,Sunrise,false,false
1428422282514,2147483647,2147483647,2147483647,2147483647,-113,13,Sunrise,false,false
1428422282514,2147483647,2147483647,2147483647,2147483647,-113,13,Sunrise,false,false
1428422282514,2147483647,2147483647,2147483647,2147483647,-113,13,Sunrise,false,false
1428422282514,-1,-1,-1,-1,0,13,Sunrise,false,false
1428422282514,-1,-1,-1,-1,0,13,Sunrise,false,false
1428422282514,-1,-1,-1,-1,0,13,Sunrise,false,false
1428422282514,-1,-1,-1,-1,0,13,Sunrise,false,false
1428422342655,8986368,42010,2,228,-111,13,Sunrise,true,false
1428422342655,2147483647,2147483647,2147483647,2147483647,-113,13,Sunrise,false,false
1428422342655,2147483647,2147483647,2147483647,2147483647,-113,13,Sunrise,false,false
1428422342655,2147483647,2147483647,2147483647,2147483647,-113,13,Sunrise,false,false
1428422342655,2147483647,2147483647,2147483647,2147483647,-113,13,Sunrise,false,false
1428422342655,2147483647,2147483647,2147483647,2147483647,-113,13,Sunrise,false,false
1428422342655,2147483647,2147483647,2147483647,2147483647,-113,13,Sunrise,false,false
1428422342655,2147483647,2147483647,2147483647,2147483647,-113,13,Sunrise,false,false
1428422342655,2147483647,2147483647,2147483647,2147483647,-113,13,Sunrise,false,false
1428422342655,2147483647,2147483647,2147483647,2147483647,-113,13,Sunrise,false,false
1428422342655,2147483647,2147483647,2147483647,2147483647,-113,13,Sunrise,false,false
1428422342655,2147483647,2147483647,2147483647,2147483647,-113,13,Sunrise,false,false
1428422342655,2147483647,2147483647,2147483647,2147483647,-113,13,Sunrise,false,false
1428422342655,2147483647,2147483647,2147483647,2147483647,-113,13,Sunrise,false,false
1428422342655,2147483647,2147483647,2147483647,2147483647,-113,13,Sunrise,false,false
1428422342655,2147483647,2147483647,2147483647,2147483647,-113,13,Sunrise,false,false
1428422342655,2147483647,2147483647,2147483647,2147483647,-113,13,Sunrise,false,false
1428422342655,-1,-1,-1,-1,0,13,Sunrise,false,false
1428422342655,-1,-1,-1,-1,0,13,Sunrise,false,false
1428422342655,-1,-1,-1,-1,0,13,Sunrise,false,false
1428422342655,-1,-1,-1,-1,0,13,Sunrise,false,false
1428422402798,8986368,42010,2,228,-110,13,Sunrise,true,false
1428422402798,2147483647,2147483647,2147483647,2147483647,-113,13,Sunrise,false,false
1428422402798,2147483647,2147483647,2147483647,2147483647,-113,13,Sunrise,false,false
1428422402798,2147483647,2147483647,2147483647,2147483647,-113,13,Sunrise,false,false
1428422402798,2147483647,2147483647,2147483647,2147483647,-113,13,Sunrise,false,false
1428422402798,2147483647,2147483647,2147483647,2147483647,-113,13,Sunrise,false,false
1428422402798,2147483647,2147483647,2147483647,2147483647,-113,13,Sunrise,false,false
1428422402798,2147483647,2147483647,2147483647,2147483647,-113,13,Sunrise,false,false
1428422402798,2147483647,2147483647,2147483647,2147483647,-113,13,Sunrise,false,false
1428422402798,2147483647,2147483647,2147483647,2147483647,-113,13,Sunrise,false,false
1428422402798,2147483647,2147483647,2147483647,2147483647,-113,13,Sunrise,false,false
1428422402798,2147483647,2147483647,2147483647,2147483647,-113,13,Sunrise,false,false
1428422402798,2147483647,2147483647,2147483647,2147483647,-113,13,Sunrise,false,false
1428422402798,2147483647,2147483647,2147483647,2147483647,-113,13,Sunrise,false,false
1428422402798,2147483647,2147483647,2147483647,2147483647,-113,13,Sunrise,false,false
1428422402798,2147483647,2147483647,2147483647,2147483647,-113,13,Sunrise,false,false
1428422402798,2147483647,2147483647,2147483647,2147483647,-113,13,Sunrise,false,false
1428422402798,-1,-1,-1,-1,0,13,Sunrise,false,false
1428422402798,-1,-1,-1,-1,0,13,Sunrise,false,false
1428422402798,-1,-1,-1,-1,0,13,Sunrise,false,false
1428422402798,-1,-1,-1,-1,0,13,Sunrise,false,false
1428422477304,8986368,42010,2,228,-112,13,Sunrise,true,false
1428422477304,2147483647,2147483647,2147483647,2147483647,-113,13,Sunrise,false,false
1428422477304,2147483647,2147483647,2147483647,2147483647,-113,13,Sunrise,false,false
1428422477304,2147483647,2147483647,2147483647,2147483647,-113,13,Sunrise,false,false
1428422477304,2147483647,2147483647,2147483647,2147483647,-113,13,Sunrise,false,false
1428422477304,2147483647,2147483647,2147483647,2147483647,-113,13,Sunrise,false,false
1428422477304,2147483647,2147483647,2147483647,2147483647,-113,13,Sunrise,false,false
1428422477304,2147483647,2147483647,2147483647,2147483647,-113,13,Sunrise,false,false
1428422477304,2147483647,2147483647,2147483647,2147483647,-113,13,Sunrise,false,false
1428422477304,2147483647,2147483647,2147483647,2147483647,-113,13,Sunrise,false,false
1428422477304,2147483647,2147483647,2147483647,2147483647,-113,13,Sunrise,false,false
1428422477304,2147483647,2147483647,2147483647,2147483647,-113,13,Sunrise,false,false
1428422477304,2147483647,2147483647,2147483647,2147483647,-113,13,Sunrise,false,false
1428422477304,2147483647,2147483647,2147483647,2147483647,-113,13,Sunrise,false,false
1428422477304,2147483647,2147483647,2147483647,2147483647,-113,13,Sunrise,false,false
1428422477304,2147483647,2147483647,2147483647,2147483647,-113,13,Sunrise,false,false
1428422477304,2147483647,2147483647,2147483647,2147483647,-113,13,Sunrise,false,false
1428422477304,-1,-1,-1,-1,0,13,Sunrise,false,false
1428422477304,-1,-1,-1,-1,0,13,Sunrise,false,false
1428422477304,-1,-1,-1,-1,0,13,Sunrise,false,false
1428422477304,-1,-1,-1,-1,0,13,Sunrise,false,false
1428422537966,8986368,42010,2,228,-110,13,Sunrise,true,false
1428422537966,2147483647,2147483647,2147483647,2147483647,-113,13,Sunrise,false,false
1428422537966,2147483647,2147483647,2147483647,2147483647,-113,13,Sunrise,false,false
1428422537966,2147483647,2147483647,2147483647,2147483647,-113,13,Sunrise,false,false
1428422537966,2147483647,2147483647,2147483647,2147483647,-113,13,Sunrise,false,false
1428422537966,2147483647,2147483647,2147483647,2147483647,-113,13,Sunrise,false,false
1428422537966,2147483647,2147483647,2147483647,2147483647,-113,13,Sunrise,false,false
1428422537966,2147483647,2147483647,2147483647,2147483647,-113,13,Sunrise,false,false
1428422537966,2147483647,2147483647,2147483647,2147483647,-113,13,Sunrise,false,false
1428422537966,2147483647,2147483647,2147483647,2147483647,-113,13,Sunrise,false,false
1428422537966,2147483647,2147483647,2147483647,2147483647,-113,13,Sunrise,false,false
1428422537966,2147483647,2147483647,2147483647,2147483647,-113,13,Sunrise,false,false
1428422537966,2147483647,2147483647,2147483647,2147483647,-113,13,Sunrise,false,false
1428422537966,2147483647,2147483647,2147483647,2147483647,-113,13,Sunrise,false,false
1428422537966,2147483647,2147483647,2147483647,2147483647,-113,13,Sunrise,false,false
1428422537966,2147483647,2147483647,2147483647,2147483647,-113,13,Sunrise,false,false
1428422537966,2147483647,2147483647,2147483647,2147483647,-113,13,Sunrise,false,false
1428422537966,-1,-1,-1,-1,0,13,Sunrise,false,false
1428422537966,-1,-1,-1,-1,0,13,Sunrise,false,false
1428422537966,-1,-1,-1,-1,0,13,Sunrise,false,false
1428422537966,-1,-1,-1,-1,0,13,Sunrise,false,false
1428422598897,8986368,42010,2,228,-113,13,Sunrise,true,false
1428422598897,345,2147483647,2147483647,2147483647,-128,13,Sunrise,false,false
1428422598897,2147483647,2147483647,2147483647,2147483647,-113,13,Sunrise,false,false
1428422598897,2147483647,2147483647,2147483647,2147483647,-113,13,Sunrise,false,false
1428422598897,2147483647,2147483647,2147483647,2147483647,-113,13,Sunrise,false,false
1428422598897,2147483647,2147483647,2147483647,2147483647,-113,13,Sunrise,false,false
1428422598897,2147483647,2147483647,2147483647,2147483647,-113,13,Sunrise,false,false
1428422598897,2147483647,2147483647,2147483647,2147483647,-113,13,Sunrise,false,false
1428422598897,2147483647,2147483647,2147483647,2147483647,-113,13,Sunrise,false,false
1428422598897,2147483647,2147483647,2147483647,2147483647,-113,13,Sunrise,false,false
1428422598897,2147483647,2147483647,2147483647,2147483647,-113,13,Sunrise,false,false
1428422598897,2147483647,2147483647,2147483647,2147483647,-113,13,Sunrise,false,false
1428422598897,2147483647,2147483647,2147483647,2147483647,-113,13,Sunrise,false,false
1428422598897,2147483647,2147483647,2147483647,2147483647,-113,13,Sunrise,false,false
1428422598897,2147483647,2147483647,2147483647,2147483647,-113,13,Sunrise,false,false
1428422598897,2147483647,2147483647,2147483647,2147483647,-113,13,Sunrise,false,false
1428422598897,2147483647,2147483647,2147483647,2147483647,-113,13,Sunrise,false,false
1428422598897,2147483647,2147483647,2147483647,2147483647,-113,13,Sunrise,false,false
1428422598897,-1,-1,-1,-1,0,13,Sunrise,false,false
1428422598897,-1,-1,-1,-1,0,13,Sunrise,false,false
1428422598897,-1,-1,-1,-1,0,13,Sunrise,false,false
1428422660111,8986368,42010,2,228,-111,13,Sunrise,true,false
1428422660111,2147483647,2147483647,2147483647,2147483647,-113,13,Sunrise,false,false
1428422660111,2147483647,2147483647,2147483647,2147483647,-113,13,Sunrise,false,false
1428422660111,2147483647,2147483647,2147483647,2147483647,-113,13,Sunrise,false,false
1428422660111,2147483647,2147483647,2147483647,2147483647,-113,13,Sunrise,false,false
1428422660111,2147483647,2147483647,2147483647,2147483647,-113,13,Sunrise,false,false
1428422660111,2147483647,2147483647,2147483647,2147483647,-113,13,Sunrise,false,false
1428422660111,2147483647,2147483647,2147483647,2147483647,-113,13,Sunrise,false,false
1428422660111,2147483647,2147483647,2147483647,2147483647,-113,13,Sunrise,false,false
1428422660111,2147483647,2147483647,2147483647,2147483647,-113,13,Sunrise,false,false
1428422660111,2147483647,2147483647,2147483647,2147483647,-113,13,Sunrise,false,false
1428422660111,2147483647,2147483647,2147483647,2147483647,-113,13,Sunrise,false,false
1428422660111,2147483647,2147483647,2147483647,2147483647,-113,13,Sunrise,false,false
1428422660111,2147483647,2147483647,2147483647,2147483647,-113,13,Sunrise,false,false
1428422660111,2147483647,2147483647,2147483647,2147483647,-113,13,Sunrise,false,false
1428422660111,2147483647,2147483647,2147483647,2147483647,-113,13,Sunrise,false,false
1428422660111,2147483647,2147483647,2147483647,2147483647,-113,13,Sunrise,false,false
1428422660111,-1,-1,-1,-1,0,13,Sunrise,false,false
1428422660111,-1,-1,-1,-1,0,13,Sunrise,false,false
1428422660111,-1,-1,-1,-1,0,13,Sunrise,false,false
1428422762441,8986368,42010,2,228,-113,13,Sunrise,true,false
1428422762441,345,2147483647,2147483647,2147483647,-128,13,Sunrise,false,false
1428422762441,2147483647,2147483647,2147483647,2147483647,-113,13,Sunrise,false,false
1428422762441,2147483647,2147483647,2147483647,2147483647,-113,13,Sunrise,false,false
1428422762441,2147483647,2147483647,2147483647,2147483647,-113,13,Sunrise,false,false
1428422762441,2147483647,2147483647,2147483647,2147483647,-113,13,Sunrise,false,false
1428422762441,2147483647,2147483647,2147483647,2147483647,-113,13,Sunrise,false,false
1428422762441,2147483647,2147483647,2147483647,2147483647,-113,13,Sunrise,false,false
1428422762441,2147483647,2147483647,2147483647,2147483647,-113,13,Sunrise,false,false
1428422762441,2147483647,2147483647,2147483647,2147483647,-113,13,Sunrise,false,false
1428422762441,2147483647,2147483647,2147483647,2147483647,-113,13,Sunrise,false,false
1428422762441,2147483647,2147483647,2147483647,2147483647,-113,13,Sunrise,false,false
1428422762441,2147483647,2147483647,2147483647,2147483647,-113,13,Sunrise,false,false
1428422762441,2147483647,2147483647,2147483647,2147483647,-113,13,Sunrise,false,false
1428422762441,2147483647,2147483647,2147483647,2147483647,-113,13,Sunrise,false,false
1428422762441,2147483647,2147483647,2147483647,2147483647,-113,13,Sunrise,false,false
1428422762441,2147483647,2147483647,2147483647,2147483647,-113,13,Sunrise,false,false
1428422762441,2147483647,2147483647,2147483647,2147483647,-113,13,Sunrise,false,false
1428422762441,-1,-1,-1,-1,0,13,Sunrise,false,false
1428422762441,-1,-1,-1,-1,0,13,Sunrise,false,false
1428422762441,-1,-1,-1,-1,0,13,Sunrise,false,false
1428422822933,8986368,42010,2,228,-112,13,Sunrise,true,false
1428422822933,345,2147483647,2147483647,2147483647,-124,13,Sunrise,false,false
1428422822933,2147483647,2147483647,2147483647,2147483647,-113,13,Sunrise,false,false
1428422822933,2147483647,2147483647,2147483647,2147483647,-113,13,Sunrise,false,false
1428422822933,2147483647,2147483647,2147483647,2147483647,-113,13,Sunrise,false,false
1428422822933,2147483647,2147483647,2147483647,2147483647,-113,13,Sunrise,false,false
1428422822933,2147483647,2147483647,2147483647,2147483647,-113,13,Sunrise,false,false
1428422822933,2147483647,2147483647,2147483647,2147483647,-113,13,Sunrise,false,false
1428422822933,2147483647,2147483647,2147483647,2147483647,-113,13,Sunrise,false,false
1428422822933,2147483647,2147483647,2147483647,2147483647,-113,13,Sunrise,false,false
1428422822933,2147483647,2147483647,2147483647,2147483647,-113,13,Sunrise,false,false
1428422822933,2147483647,2147483647,2147483647,2147483647,-113,13,Sunrise,false,false
1428422822933,2147483647,2147483647,2147483647,2147483647,-113,13,Sunrise,false,false
1428422822933,2147483647,2147483647,2147483647,2147483647,-113,13,Sunrise,false,false
1428422822933,2147483647,2147483647,2147483647,2147483647,-113,13,Sunrise,false,false
1428422822933,2147483647,2147483647,2147483647,2147483647,-113,13,Sunrise,false,false
1428422822933,2147483647,2147483647,2147483647,2147483647,-113,13,Sunrise,false,false
1428422822933,2147483647,2147483647,2147483647,2147483647,-113,13,Sunrise,false,false
1428422822933,-1,-1,-1,-1,0,13,Sunrise,false,false
1428422822933,-1,-1,-1,-1,0,13,Sunrise,false,false
1428422822933,-1,-1,-1,-1,0,13,Sunrise,false,false
1428422882936,8986368,42010,2,228,-113,13,Sunrise,true,false
1428422882936,345,2147483647,2147483647,2147483647,-121,13,Sunrise,false,false
1428422882936,2147483647,2147483647,2147483647,2147483647,-113,13,Sunrise,false,false
1428422882936,2147483647,2147483647,2147483647,2147483647,-113,13,Sunrise,false,false
1428422882936,2147483647,2147483647,2147483647,2147483647,-113,13,Sunrise,false,false
1428422882936,2147483647,2147483647,2147483647,2147483647,-113,13,Sunrise,false,false
1428422882936,2147483647,2147483647,2147483647,2147483647,-113,13,Sunrise,false,false
1428422882936,2147483647,2147483647,2147483647,2147483647,-113,13,Sunrise,false,false
1428422882936,2147483647,2147483647,2147483647,2147483647,-113,13,Sunrise,false,false
1428422882936,2147483647,2147483647,2147483647,2147483647,-113,13,Sunrise,false,false
1428422882936,2147483647,2147483647,2147483647,2147483647,-113,13,Sunrise,false,false
1428422882936,2147483647,2147483647,2147483647,2147483647,-113,13,Sunrise,false,false
1428422882936,2147483647,2147483647,2147483647,2147483647,-113,13,Sunrise,false,false
1428422882936,2147483647,2147483647,2147483647,2147483647,-113,13,Sunrise,false,false
1428422882936,2147483647,2147483647,2147483647,2147483647,-113,13,Sunrise,false,false
1428422882936,2147483647,2147483647,2147483647,2147483647,-113,13,Sunrise,false,false
1428422882936,2147483647,2147483647,2147483647,2147483647,-113,13,Sunrise,false,false
1428422882936,2147483647,2147483647,2147483647,2147483647,-113,13,Sunrise,false,false
1428422882936,-1,-1,-1,-1,0,13,Sunrise,false,false
1428422882936,-1,-1,-1,-1,0,13,Sunrise,false,false
1428422882936,-1,-1,-1,-1,0,13,Sunrise,false,false
1428422942987,8986368,42010,2,228,-110,13,Sunrise,true,false
1428422942987,2147483647,2147483647,2147483647,2147483647,-113,13,Sunrise,false,false
1428422942987,2147483647,2147483647,2147483647,2147483647,-113,13,Sunrise,false,false
1428422942987,2147483647,2147483647,2147483647,2147483647,-113,13,Sunrise,false,false
1428422942987,2147483647,2147483647,2147483647,2147483647,-113,13,Sunrise,false,false
1428422942987,2147483647,2147483647,2147483647,2147483647,-113,13,Sunrise,false,false
1428422942987,2147483647,2147483647,2147483647,2147483647,-113,13,Sunrise,false,false
1428422942987,2147483647,2147483647,2147483647,2147483647,-113,13,Sunrise,false,false
1428422942987,2147483647,2147483647,2147483647,2147483647,-113,13,Sunrise,false,false
1428422942987,2147483647,2147483647,2147483647,2147483647,-113,13,Sunrise,false,false
1428422942987,2147483647,2147483647,2147483647,2147483647,-113,13,Sunrise,false,false
1428422942987,2147483647,2147483647,2147483647,2147483647,-113,13,Sunrise,false,false
1428422942987,2147483647,2147483647,2147483647,2147483647,-113,13,Sunrise,false,false
1428422942987,2147483647,2147483647,2147483647,2147483647,-113,13,Sunrise,false,false
1428422942987,2147483647,2147483647,2147483647,2147483647,-113,13,Sunrise,false,false
1428422942987,2147483647,2147483647,2147483647,2147483647,-113,13,Sunrise,false,false
1428422942987,2147483647,2147483647,2147483647,2147483647,-113,13,Sunrise,false,false
1428423003151,8986368,42010,2,228,-111,13,Sunrise,true,false
1428423003151,2147483647,2147483647,2147483647,2147483647,-113,13,Sunrise,false,false
1428423003151,2147483647,2147483647,2147483647,2147483647,-113,13,Sunrise,false,false
1428423003151,2147483647,2147483647,2147483647,2147483647,-113,13,Sunrise,false,false
1428423003151,2147483647,2147483647,2147483647,2147483647,-113,13,Sunrise,false,false
1428423003151,2147483647,2147483647,2147483647,2147483647,-113,13,Sunrise,false,false
1428423003151,2147483647,2147483647,2147483647,2147483647,-113,13,Sunrise,false,false
1428423003151,2147483647,2147483647,2147483647,2147483647,-113,13,Sunrise,false,false
1428423003151,2147483647,2147483647,2147483647,2147483647,-113,13,Sunrise,false,false
1428423003151,2147483647,2147483647,2147483647,2147483647,-113,13,Sunrise,false,false
1428423003151,2147483647,2147483647,2147483647,2147483647,-113,13,Sunrise,false,false
1428423003151,2147483647,2147483647,2147483647,2147483647,-113,13,Sunrise,false,false
1428423003151,2147483647,2147483647,2147483647,2147483647,-113,13,Sunrise,false,false
1428423003151,2147483647,2147483647,2147483647,2147483647,-113,13,Sunrise,false,false
1428423003151,2147483647,2147483647,2147483647,2147483647,-113,13,Sunrise,false,false
1428423003151,2147483647,2147483647,2147483647,2147483647,-113,13,Sunrise,false,false
1428423003151,2147483647,2147483647,2147483647,2147483647,-113,13,Sunrise,false,false
1428423077325,8986368,42010,2,228,-110,13,Sunrise,true,false
1428423077325,2147483647,2147483647,2147483647,2147483647,-113,13,Sunrise,false,false
1428423077325,2147483647,2147483647,2147483647,2147483647,-113,13,Sunrise,false,false
1428423077325,2147483647,2147483647,2147483647,2147483647,-113,13,Sunrise,false,false
1428423077325,2147483647,2147483647,2147483647,2147483647,-113,13,Sunrise,false,false
1428423077325,2147483647,2147483647,2147483647,2147483647,-113,13,Sunrise,false,false
1428423077325,2147483647,2147483647,2147483647,2147483647,-113,13,Sunrise,false,false
1428423077325,2147483647,2147483647,2147483647,2147483647,-113,13,Sunrise,false,false
1428423077325,2147483647,2147483647,2147483647,2147483647,-113,13,Sunrise,false,false
1428423077325,2147483647,2147483647,2147483647,2147483647,-113,13,Sunrise,false,false
1428423077325,2147483647,2147483647,2147483647,2147483647,-113,13,Sunrise,false,false
1428423077325,2147483647,2147483647,2147483647,2147483647,-113,13,Sunrise,false,false
1428423077325,2147483647,2147483647,2147483647,2147483647,-113,13,Sunrise,false,false
1428423077325,2147483647,2147483647,2147483647,2147483647,-113,13,Sunrise,false,false
1428423077325,2147483647,2147483647,2147483647,2147483647,-113,13,Sunrise,false,false
1428423077325,2147483647,2147483647,2147483647,2147483647,-113,13,Sunrise,false,false
1428423077325,2147483647,2147483647,2147483647,2147483647,-113,13,Sunrise,false,false
1428423149971,8986368,42010,2,228,-109,13,Sunrise,true,false
1428423210065,8986368,42010,2,228,-109,13,Sunrise,true,false
1428423210065,2147483647,2147483647,2147483647,2147483647,-113,13,Sunrise,false,false
1428423210065,2147483647,2147483647,2147483647,2147483647,-113,13,Sunrise,false,false
1428423210065,2147483647,2147483647,2147483647,2147483647,-113,13,Sunrise,false,false
1428423210065,2147483647,2147483647,2147483647,2147483647,-113,13,Sunrise,false,false
1428423210065,2147483647,2147483647,2147483647,2147483647,-113,13,Sunrise,false,false
1428423210065,2147483647,2147483647,2147483647,2147483647,-113,13,Sunrise,false,false
1428423210065,2147483647,2147483647,2147483647,2147483647,-113,13,Sunrise,false,false
1428423210065,2147483647,2147483647,2147483647,2147483647,-113,13,Sunrise,false,false
1428423210065,2147483647,2147483647,2147483647,2147483647,-113,13,Sunrise,false,false
1428423210065,2147483647,2147483647,2147483647,2147483647,-113,13,Sunrise,false,false
1428423210065,2147483647,2147483647,2147483647,2147483647,-113,13,Sunrise,false,false
1428423210065,2147483647,2147483647,2147483647,2147483647,-113,13,Sunrise,false,false
1428423210065,2147483647,2147483647,2147483647,2147483647,-113,13,Sunrise,false,false
1428423210065,2147483647,2147483647,2147483647,2147483647,-113,13,Sunrise,false,false
1428423210065,2147483647,2147483647,2147483647,2147483647,-113,13,Sunrise,false,false
1428423210065,2147483647,2147483647,2147483647,2147483647,-113,13,Sunrise,false,false
1428423270113,8986368,42010,2,228,-111,13,Sunrise,true,false
1428423270113,2147483647,2147483647,2147483647,2147483647,-113,13,Sunrise,false,false
1428423270113,2147483647,2147483647,2147483647,2147483647,-113,13,Sunrise,false,false
1428423270113,2147483647,2147483647,2147483647,2147483647,-113,13,Sunrise,false,false
1428423270113,2147483647,2147483647,2147483647,2147483647,-113,13,Sunrise,false,false
1428423270113,2147483647,2147483647,2147483647,2147483647,-113,13,Sunrise,false,false
1428423270113,2147483647,2147483647,2147483647,2147483647,-113,13,Sunrise,false,false
1428423270113,2147483647,2147483647,2147483647,2147483647,-113,13,Sunrise,false,false
1428423270113,2147483647,2147483647,2147483647,2147483647,-113,13,Sunrise,false,false
1428423270113,2147483647,2147483647,2147483647,2147483647,-113,13,Sunrise,false,false
1428423270113,2147483647,2147483647,2147483647,2147483647,-113,13,Sunrise,false,false
1428423270113,2147483647,2147483647,2147483647,2147483647,-113,13,Sunrise,false,false
1428423270113,2147483647,2147483647,2147483647,2147483647,-113,13,Sunrise,false,false
1428423270113,2147483647,2147483647,2147483647,2147483647,-113,13,Sunrise,false,false
1428423270113,2147483647,2147483647,2147483647,2147483647,-113,13,Sunrise,false,false
1428423270113,2147483647,2147483647,2147483647,2147483647,-113,13,Sunrise,false,false
1428423270113,2147483647,2147483647,2147483647,2147483647,-113,13,Sunrise,false,false
1428423330211,8986368,42010,2,228,-109,13,Sunrise,true,false
1428423330211,2147483647,2147483647,2147483647,2147483647,-113,13,Sunrise,false,false
1428423330211,2147483647,2147483647,2147483647,2147483647,-113,13,Sunrise,false,false
1428423330211,2147483647,2147483647,2147483647,2147483647,-113,13,Sunrise,false,false
1428423330211,2147483647,2147483647,2147483647,2147483647,-113,13,Sunrise,false,false
1428423330211,2147483647,2147483647,2147483647,2147483647,-113,13,Sunrise,false,false
1428423330211,2147483647,2147483647,2147483647,2147483647,-113,13,Sunrise,false,false
1428423330211,2147483647,2147483647,2147483647,2147483647,-113,13,Sunrise,false,false
1428423330211,2147483647,2147483647,2147483647,2147483647,-113,13,Sunrise,false,false
1428423330211,2147483647,2147483647,2147483647,2147483647,-113,13,Sunrise,false,false
1428423330211,2147483647,2147483647,2147483647,2147483647,-113,13,Sunrise,false,false
1428423330211,2147483647,2147483647,2147483647,2147483647,-113,13,Sunrise,false,false
1428423330211,2147483647,2147483647,2147483647,2147483647,-113,13,Sunrise,false,false
1428423330211,2147483647,2147483647,2147483647,2147483647,-113,13,Sunrise,false,false
1428423330211,2147483647,2147483647,2147483647,2147483647,-113,13,Sunrise,false,false
1428423330211,2147483647,2147483647,2147483647,2147483647,-113,13,Sunrise,false,false
1428423330211,2147483647,2147483647,2147483647,2147483647,-113,13,Sunrise,false,false
1428423390253,8986368,42010,2,228,-109,13,Sunrise,true,false
1428423450312,8986368,42010,2,228,-109,13,Sunrise,true,false
1428423450312,2147483647,2147483647,2147483647,2147483647,-113,13,Sunrise,false,false
1428423450312,2147483647,2147483647,2147483647,2147483647,-113,13,Sunrise,false,false
1428423450312,2147483647,2147483647,2147483647,2147483647,-113,13,Sunrise,false,false
1428423450312,2147483647,2147483647,2147483647,2147483647,-113,13,Sunrise,false,false
1428423450312,2147483647,2147483647,2147483647,2147483647,-113,13,Sunrise,false,false
1428423450312,2147483647,2147483647,2147483647,2147483647,-113,13,Sunrise,false,false
1428423450312,2147483647,2147483647,2147483647,2147483647,-113,13,Sunrise,false,false
1428423450312,2147483647,2147483647,2147483647,2147483647,-113,13,Sunrise,false,false
1428423450312,2147483647,2147483647,2147483647,2147483647,-113,13,Sunrise,false,false
1428423450312,2147483647,2147483647,2147483647,2147483647,-113,13,Sunrise,false,false
1428423450312,2147483647,2147483647,2147483647,2147483647,-113,13,Sunrise,false,false
1428423450312,2147483647,2147483647,2147483647,2147483647,-113,13,Sunrise,false,false
1428423450312,2147483647,2147483647,2147483647,2147483647,-113,13,Sunrise,false,false
1428423450312,2147483647,2147483647,2147483647,2147483647,-113,13,Sunrise,false,false
1428423450312,2147483647,2147483647,2147483647,2147483647,-113,13,Sunrise,false,false
1428423450312,2147483647,2147483647,2147483647,2147483647,-113,13,Sunrise,false,false
1428423516488,8986368,42010,2,228,-110,13,Sunrise,true,false
1428423516488,2147483647,2147483647,2147483647,2147483647,-113,13,Sunrise,false,false
1428423516488,2147483647,2147483647,2147483647,2147483647,-113,13,Sunrise,false,false
1428423516488,2147483647,2147483647,2147483647,2147483647,-113,13,Sunrise,false,false
1428423516488,2147483647,2147483647,2147483647,2147483647,-113,13,Sunrise,false,false
1428423516488,2147483647,2147483647,2147483647,2147483647,-113,13,Sunrise,false,false
1428423516488,2147483647,2147483647,2147483647,2147483647,-113,13,Sunrise,false,false
1428423516488,2147483647,2147483647,2147483647,2147483647,-113,13,Sunrise,false,false
1428423516488,2147483647,2147483647,2147483647,2147483647,-113,13,Sunrise,false,false
1428423516488,2147483647,2147483647,2147483647,2147483647,-113,13,Sunrise,false,false
1428423516488,2147483647,2147483647,2147483647,2147483647,-113,13,Sunrise,false,false
1428423516488,2147483647,2147483647,2147483647,2147483647,-113,13,Sunrise,false,false
1428423516488,2147483647,2147483647,2147483647,2147483647,-113,13,Sunrise,false,false
1428423516488,2147483647,2147483647,2147483647,2147483647,-113,13,Sunrise,false,false
1428423516488,2147483647,2147483647,2147483647,2147483647,-113,13,Sunrise,false,false
1428423516488,2147483647,2147483647,2147483647,2147483647,-113,13,Sunrise,false,false
1428423516488,2147483647,2147483647,2147483647,2147483647,-113,13,Sunrise,false,false
1428423516488,-1,-1,-1,-1,0,13,Sunrise,false,false
1428423576543,8986368,42010,2,228,-110,13,Sunrise,true,false
1428423576543,51,2147483647,2147483647,2147483647,-126,13,Sunrise,false,false
1428423576543,2147483647,2147483647,2147483647,2147483647,-113,13,Sunrise,false,false
1428423576543,2147483647,2147483647,2147483647,2147483647,-113,13,Sunrise,false,false
1428423576543,2147483647,2147483647,2147483647,2147483647,-113,13,Sunrise,false,false
1428423576543,2147483647,2147483647,2147483647,2147483647,-113,13,Sunrise,false,false
1428423576543,2147483647,2147483647,2147483647,2147483647,-113,13,Sunrise,false,false
1428423576543,2147483647,2147483647,2147483647,2147483647,-113,13,Sunrise,false,false
1428423576543,2147483647,2147483647,2147483647,2147483647,-113,13,Sunrise,false,false
1428423576543,2147483647,2147483647,2147483647,2147483647,-113,13,Sunrise,false,false
1428423576543,2147483647,2147483647,2147483647,2147483647,-113,13,Sunrise,false,false
1428423576543,2147483647,2147483647,2147483647,2147483647,-113,13,Sunrise,false,false
1428423576543,2147483647,2147483647,2147483647,2147483647,-113,13,Sunrise,false,false
1428423576543,2147483647,2147483647,2147483647,2147483647,-113,13,Sunrise,false,false
1428423576543,2147483647,2147483647,2147483647,2147483647,-113,13,Sunrise,false,false
1428423576543,2147483647,2147483647,2147483647,2147483647,-113,13,Sunrise,false,false
1428423576543,2147483647,2147483647,2147483647,2147483647,-113,13,Sunrise,false,false
1428423576543,2147483647,2147483647,2147483647,2147483647,-113,13,Sunrise,false,false
1428423576543,-1,-1,-1,-1,0,13,Sunrise,false,false
1428423636640,8986368,42010,2,228,-110,13,Sunrise,true,false
1428423636640,2147483647,2147483647,2147483647,2147483647,-113,13,Sunrise,false,false
1428423636640,2147483647,2147483647,2147483647,2147483647,-113,13,Sunrise,false,false
1428423636640,2147483647,2147483647,2147483647,2147483647,-113,13,Sunrise,false,false
1428423636640,2147483647,2147483647,2147483647,2147483647,-113,13,Sunrise,false,false
1428423636640,2147483647,2147483647,2147483647,2147483647,-113,13,Sunrise,false,false
1428423636640,2147483647,2147483647,2147483647,2147483647,-113,13,Sunrise,false,false
1428423636640,2147483647,2147483647,2147483647,2147483647,-113,13,Sunrise,false,false
1428423636640,2147483647,2147483647,2147483647,2147483647,-113,13,Sunrise,false,false
1428423636640,2147483647,2147483647,2147483647,2147483647,-113,13,Sunrise,false,false
1428423636640,2147483647,2147483647,2147483647,2147483647,-113,13,Sunrise,false,false
1428423636640,2147483647,2147483647,2147483647,2147483647,-113,13,Sunrise,false,false
1428423636640,2147483647,2147483647,2147483647,2147483647,-113,13,Sunrise,false,false
1428423636640,2147483647,2147483647,2147483647,2147483647,-113,13,Sunrise,false,false
1428423636640,2147483647,2147483647,2147483647,2147483647,-113,13,Sunrise,false,false
1428423636640,2147483647,2147483647,2147483647,2147483647,-113,13,Sunrise,false,false
1428423636640,2147483647,2147483647,2147483647,2147483647,-113,13,Sunrise,false,false
1428423636640,-1,-1,-1,-1,0,13,Sunrise,false,false
1428423701996,8986368,42010,2,228,-110,13,Sunrise,true,false
1428423701996,2147483647,2147483647,2147483647,2147483647,-113,13,Sunrise,false,false
1428423701996,2147483647,2147483647,2147483647,2147483647,-113,13,Sunrise,false,false
1428423701996,2147483647,2147483647,2147483647,2147483647,-113,13,Sunrise,false,false
1428423701996,2147483647,2147483647,2147483647,2147483647,-113,13,Sunrise,false,false
1428423701996,2147483647,2147483647,2147483647,2147483647,-113,13,Sunrise,false,false
1428423701996,2147483647,2147483647,2147483647,2147483647,-113,13,Sunrise,false,false
1428423701996,2147483647,2147483647,2147483647,2147483647,-113,13,Sunrise,false,false
1428423701996,2147483647,2147483647,2147483647,2147483647,-113,13,Sunrise,false,false
1428423701996,2147483647,2147483647,2147483647,2147483647,-113,13,Sunrise,false,false
1428423701996,2147483647,2147483647,2147483647,2147483647,-113,13,Sunrise,false,false
1428423701996,2147483647,2147483647,2147483647,2147483647,-113,13,Sunrise,false,false
1428423701996,2147483647,2147483647,2147483647,2147483647,-113,13,Sunrise,false,false
1428423701996,2147483647,2147483647,2147483647,2147483647,-113,13,Sunrise,false,false
1428423701996,2147483647,2147483647,2147483647,2147483647,-113,13,Sunrise,false,false
1428423701996,2147483647,2147483647,2147483647,2147483647,-113,13,Sunrise,false,false
1428423701996,2147483647,2147483647,2147483647,2147483647,-113,13,Sunrise,false,false
1428423701996,-1,-1,-1,-1,0,13,Sunrise,false,false
1428423701996,-1,-1,-1,-1,0,13,Sunrise,false,false
1428423762191,8986368,42010,2,228,-110,13,Sunrise,true,false
1428423762191,2147483647,2147483647,2147483647,2147483647,-113,13,Sunrise,false,false
1428423762191,2147483647,2147483647,2147483647,2147483647,-113,13,Sunrise,false,false
1428423762191,2147483647,2147483647,2147483647,2147483647,-113,13,Sunrise,false,false
1428423762191,2147483647,2147483647,2147483647,2147483647,-113,13,Sunrise,false,false
1428423762191,2147483647,2147483647,2147483647,2147483647,-113,13,Sunrise,false,false
1428423762191,2147483647,2147483647,2147483647,2147483647,-113,13,Sunrise,false,false
1428423762191,2147483647,2147483647,2147483647,2147483647,-113,13,Sunrise,false,false
1428423762191,2147483647,2147483647,2147483647,2147483647,-113,13,Sunrise,false,false
1428423762191,2147483647,2147483647,2147483647,2147483647,-113,13,Sunrise,false,false
1428423762191,2147483647,2147483647,2147483647,2147483647,-113,13,Sunrise,false,false
1428423762191,2147483647,2147483647,2147483647,2147483647,-113,13,Sunrise,false,false
1428423762191,2147483647,2147483647,2147483647,2147483647,-113,13,Sunrise,false,false
1428423762191,2147483647,2147483647,2147483647,2147483647,-113,13,Sunrise,false,false
1428423762191,2147483647,2147483647,2147483647,2147483647,-113,13,Sunrise,false,false
1428423762191,2147483647,2147483647,2147483647,2147483647,-113,13,Sunrise,false,false
1428423762191,2147483647,2147483647,2147483647,2147483647,-113,13,Sunrise,false,false
1428423762191,-1,-1,-1,-1,0,13,Sunrise,false,false
1428423762191,-1,-1,-1,-1,0,13,Sunrise,false,false
1428423822286,8986368,42010,2,228,-110,13,Sunrise,true,false
1428423822286,2147483647,2147483647,2147483647,2147483647,-113,13,Sunrise,false,false
1428423822286,2147483647,2147483647,2147483647,2147483647,-113,13,Sunrise,false,false
1428423822286,2147483647,2147483647,2147483647,2147483647,-113,13,Sunrise,false,false
1428423822286,2147483647,2147483647,2147483647,2147483647,-113,13,Sunrise,false,false
1428423822286,2147483647,2147483647,2147483647,2147483647,-113,13,Sunrise,false,false
1428423822286,2147483647,2147483647,2147483647,2147483647,-113,13,Sunrise,false,false
1428423822286,2147483647,2147483647,2147483647,2147483647,-113,13,Sunrise,false,false
1428423822286,2147483647,2147483647,2147483647,2147483647,-113,13,Sunrise,false,false
1428423822286,2147483647,2147483647,2147483647,2147483647,-113,13,Sunrise,false,false
1428423822286,2147483647,2147483647,2147483647,2147483647,-113,13,Sunrise,false,false
1428423822286,2147483647,2147483647,2147483647,2147483647,-113,13,Sunrise,false,false
1428423822286,2147483647,2147483647,2147483647,2147483647,-113,13,Sunrise,false,false
1428423822286,2147483647,2147483647,2147483647,2147483647,-113,13,Sunrise,false,false
1428423822286,2147483647,2147483647,2147483647,2147483647,-113,13,Sunrise,false,false
1428423822286,2147483647,2147483647,2147483647,2147483647,-113,13,Sunrise,false,false
1428423822286,2147483647,2147483647,2147483647,2147483647,-113,13,Sunrise,false,false
1428423822286,-1,-1,-1,-1,0,13,Sunrise,false,false
1428423822286,-1,-1,-1,-1,0,13,Sunrise,false,false
1428423882467,8986368,42010,2,228,-110,13,Sunrise,true,false
1428423882467,2147483647,2147483647,2147483647,2147483647,-113,13,Sunrise,false,false
1428423882467,2147483647,2147483647,2147483647,2147483647,-113,13,Sunrise,false,false
1428423882467,2147483647,2147483647,2147483647,2147483647,-113,13,Sunrise,false,false
1428423882467,2147483647,2147483647,2147483647,2147483647,-113,13,Sunrise,false,false
1428423882467,2147483647,2147483647,2147483647,2147483647,-113,13,Sunrise,false,false
1428423882467,2147483647,2147483647,2147483647,2147483647,-113,13,Sunrise,false,false
1428423882467,2147483647,2147483647,2147483647,2147483647,-113,13,Sunrise,false,false
1428423882467,2147483647,2147483647,2147483647,2147483647,-113,13,Sunrise,false,false
1428423882467,2147483647,2147483647,2147483647,2147483647,-113,13,Sunrise,false,false
1428423882467,2147483647,2147483647,2147483647,2147483647,-113,13,Sunrise,false,false
1428423882467,2147483647,2147483647,2147483647,2147483647,-113,13,Sunrise,false,false
1428423882467,2147483647,2147483647,2147483647,2147483647,-113,13,Sunrise,false,false
1428423882467,2147483647,2147483647,2147483647,2147483647,-113,13,Sunrise,false,false
1428423882467,2147483647,2147483647,2147483647,2147483647,-113,13,Sunrise,false,false
1428423882467,2147483647,2147483647,2147483647,2147483647,-113,13,Sunrise,false,false
1428423882467,2147483647,2147483647,2147483647,2147483647,-113,13,Sunrise,false,false
1428423882467,-1,-1,-1,-1,0,13,Sunrise,false,false
1428423882467,-1,-1,-1,-1,0,13,Sunrise,false,false
1428423986910,8986368,42010,2,228,-110,13,Sunrise,true,false
1428423986910,2147483647,2147483647,2147483647,2147483647,-113,13,Sunrise,false,false
1428423986910,2147483647,2147483647,2147483647,2147483647,-113,13,Sunrise,false,false
1428423986910,2147483647,2147483647,2147483647,2147483647,-113,13,Sunrise,false,false
1428423986910,2147483647,2147483647,2147483647,2147483647,-113,13,Sunrise,false,false
1428423986910,2147483647,2147483647,2147483647,2147483647,-113,13,Sunrise,false,false
1428423986910,2147483647,2147483647,2147483647,2147483647,-113,13,Sunrise,false,false
1428423986910,2147483647,2147483647,2147483647,2147483647,-113,13,Sunrise,false,false
1428423986910,2147483647,2147483647,2147483647,2147483647,-113,13,Sunrise,false,false
1428423986910,2147483647,2147483647,2147483647,2147483647,-113,13,Sunrise,false,false
1428423986910,2147483647,2147483647,2147483647,2147483647,-113,13,Sunrise,false,false
1428423986910,2147483647,2147483647,2147483647,2147483647,-113,13,Sunrise,false,false
1428423986910,2147483647,2147483647,2147483647,2147483647,-113,13,Sunrise,false,false
1428423986910,2147483647,2147483647,2147483647,2147483647,-113,13,Sunrise,false,false
1428423986910,2147483647,2147483647,2147483647,2147483647,-113,13,Sunrise,false,false
1428423986910,2147483647,2147483647,2147483647,2147483647,-113,13,Sunrise,false,false
1428423986910,2147483647,2147483647,2147483647,2147483647,-113,13,Sunrise,false,false
1428423986910,-1,-1,-1,-1,0,13,Sunrise,false,false
1428423986910,-1,-1,-1,-1,0,13,Sunrise,false,false
1428424050475,8986368,42010,2,228,-109,13,Sunrise,true,false
1428424050475,51,2147483647,2147483647,2147483647,-124,13,Sunrise,false,false
1428424050475,2147483647,2147483647,2147483647,2147483647,-113,13,Sunrise,false,false
1428424050475,2147483647,2147483647,2147483647,2147483647,-113,13,Sunrise,false,false
1428424050475,2147483647,2147483647,2147483647,2147483647,-113,13,Sunrise,false,false
1428424050475,2147483647,2147483647,2147483647,2147483647,-113,13,Sunrise,false,false
1428424050475,2147483647,2147483647,2147483647,2147483647,-113,13,Sunrise,false,false
1428424050475,2147483647,2147483647,2147483647,2147483647,-113,13,Sunrise,false,false
1428424050475,2147483647,2147483647,2147483647,2147483647,-113,13,Sunrise,false,false
1428424050475,2147483647,2147483647,2147483647,2147483647,-113,13,Sunrise,false,false
1428424050475,2147483647,2147483647,2147483647,2147483647,-113,13,Sunrise,false,false
1428424050475,2147483647,2147483647,2147483647,2147483647,-113,13,Sunrise,false,false
1428424050475,2147483647,2147483647,2147483647,2147483647,-113,13,Sunrise,false,false
1428424050475,2147483647,2147483647,2147483647,2147483647,-113,13,Sunrise,false,false
1428424050475,2147483647,2147483647,2147483647,2147483647,-113,13,Sunrise,false,false
1428424050475,2147483647,2147483647,2147483647,2147483647,-113,13,Sunrise,false,false
1428424050475,2147483647,2147483647,2147483647,2147483647,-113,13,Sunrise,false,false
1428424050475,2147483647,2147483647,2147483647,2147483647,-113,13,Sunrise,false,false
1428424110522,8986368,42010,2,228,-109,13,Sunrise,true,false
1428424110522,2147483647,2147483647,2147483647,2147483647,-113,13,Sunrise,false,false
1428424110522,2147483647,2147483647,2147483647,2147483647,-113,13,Sunrise,false,false
1428424110522,2147483647,2147483647,2147483647,2147483647,-113,13,Sunrise,false,false
1428424110522,2147483647,2147483647,2147483647,2147483647,-113,13,Sunrise,false,false
1428424110522,2147483647,2147483647,2147483647,2147483647,-113,13,Sunrise,false,false
1428424110522,2147483647,2147483647,2147483647,2147483647,-113,13,Sunrise,false,false
1428424110522,2147483647,2147483647,2147483647,2147483647,-113,13,Sunrise,false,false
1428424110522,2147483647,2147483647,2147483647,2147483647,-113,13,Sunrise,false,false
1428424110522,2147483647,2147483647,2147483647,2147483647,-113,13,Sunrise,false,false
1428424110522,2147483647,2147483647,2147483647,2147483647,-113,13,Sunrise,false,false
1428424110522,2147483647,2147483647,2147483647,2147483647,-113,13,Sunrise,false,false
1428424110522,2147483647,2147483647,2147483647,2147483647,-113,13,Sunrise,false,false
1428424110522,2147483647,2147483647,2147483647,2147483647,-113,13,Sunrise,false,false
1428424110522,2147483647,2147483647,2147483647,2147483647,-113,13,Sunrise,false,false
1428424110522,2147483647,2147483647,2147483647,2147483647,-113,13,Sunrise,false,false
1428424110522,2147483647,2147483647,2147483647,2147483647,-113,13,Sunrise,false,false
1428424110522,-1,-1,-1,-1,0,13,Sunrise,false,false
1428424170707,8986368,42010,2,228,-110,13,Sunrise,true,false
1428424170707,2147483647,2147483647,2147483647,2147483647,-113,13,Sunrise,false,false
1428424170707,2147483647,2147483647,2147483647,2147483647,-113,13,Sunrise,false,false
1428424170707,2147483647,2147483647,2147483647,2147483647,-113,13,Sunrise,false,false
1428424170707,2147483647,2147483647,2147483647,2147483647,-113,13,Sunrise,false,false
1428424170707,2147483647,2147483647,2147483647,2147483647,-113,13,Sunrise,false,false
1428424170707,2147483647,2147483647,2147483647,2147483647,-113,13,Sunrise,false,false
1428424170707,2147483647,2147483647,2147483647,2147483647,-113,13,Sunrise,false,false
1428424170707,2147483647,2147483647,2147483647,2147483647,-113,13,Sunrise,false,false
1428424170707,2147483647,2147483647,2147483647,2147483647,-113,13,Sunrise,false,false
1428424170707,2147483647,2147483647,2147483647,2147483647,-113,13,Sunrise,false,false
1428424170707,2147483647,2147483647,2147483647,2147483647,-113,13,Sunrise,false,false
1428424170707,2147483647,2147483647,2147483647,2147483647,-113,13,Sunrise,false,false
1428424170707,2147483647,2147483647,2147483647,2147483647,-113,13,Sunrise,false,false
1428424170707,2147483647,2147483647,2147483647,2147483647,-113,13,Sunrise,false,false
1428424170707,2147483647,2147483647,2147483647,2147483647,-113,13,Sunrise,false,false
1428424170707,2147483647,2147483647,2147483647,2147483647,-113,13,Sunrise,false,false
1428424170707,-1,-1,-1,-1,0,13,Sunrise,false,false
1428424230737,8986368,42010,2,228,-109,13,Sunrise,true,false
1428424230737,2147483647,2147483647,2147483647,2147483647,-113,13,Sunrise,false,false
1428424230737,2147483647,2147483647,2147483647,2147483647,-113,13,Sunrise,false,false
1428424230737,2147483647,2147483647,2147483647,2147483647,-113,13,Sunrise,false,false
1428424230737,2147483647,2147483647,2147483647,2147483647,-113,13,Sunrise,false,false
1428424230737,2147483647,2147483647,2147483647,2147483647,-113,13,Sunrise,false,false
1428424230737,2147483647,2147483647,2147483647,2147483647,-113,13,Sunrise,false,false
1428424230737,2147483647,2147483647,2147483647,2147483647,-113,13,Sunrise,false,false
1428424230737,2147483647,2147483647,2147483647,2147483647,-113,13,Sunrise,false,false
1428424230737,2147483647,2147483647,2147483647,2147483647,-113,13,Sunrise,false,false
1428424230737,2147483647,2147483647,2147483647,2147483647,-113,13,Sunrise,false,false
1428424230737,2147483647,2147483647,2147483647,2147483647,-113,13,Sunrise,false,false
1428424230737,2147483647,2147483647,2147483647,2147483647,-113,13,Sunrise,false,false
1428424230737,2147483647,2147483647,2147483647,2147483647,-113,13,Sunrise,false,false
1428424230737,2147483647,2147483647,2147483647,2147483647,-113,13,Sunrise,false,false
1428424230737,2147483647,2147483647,2147483647,2147483647,-113,13,Sunrise,false,false
1428424230737,2147483647,2147483647,2147483647,2147483647,-113,13,Sunrise,false,false
1428424230737,-1,-1,-1,-1,0,13,Sunrise,false,false
1428424301935,8986368,42010,2,228,-109,13,Sunrise,true,false
1428424301935,2147483647,2147483647,2147483647,2147483647,-113,13,Sunrise,false,false
1428424301935,2147483647,2147483647,2147483647,2147483647,-113,13,Sunrise,false,false
1428424301935,2147483647,2147483647,2147483647,2147483647,-113,13,Sunrise,false,false
1428424301935,2147483647,2147483647,2147483647,2147483647,-113,13,Sunrise,false,false
1428424301935,2147483647,2147483647,2147483647,2147483647,-113,13,Sunrise,false,false
1428424301935,2147483647,2147483647,2147483647,2147483647,-113,13,Sunrise,false,false
1428424301935,2147483647,2147483647,2147483647,2147483647,-113,13,Sunrise,false,false
1428424301935,2147483647,2147483647,2147483647,2147483647,-113,13,Sunrise,false,false
1428424301935,2147483647,2147483647,2147483647,2147483647,-113,13,Sunrise,false,false
1428424301935,2147483647,2147483647,2147483647,2147483647,-113,13,Sunrise,false,false
1428424301935,2147483647,2147483647,2147483647,2147483647,-113,13,Sunrise,false,false
1428424301935,2147483647,2147483647,2147483647,2147483647,-113,13,Sunrise,false,false
1428424301935,2147483647,2147483647,2147483647,2147483647,-113,13,Sunrise,false,false
1428424301935,2147483647,2147483647,2147483647,2147483647,-113,13,Sunrise,false,false
1428424301935,2147483647,2147483647,2147483647,2147483647,-113,13,Sunrise,false,false
1428424301935,2147483647,2147483647,2147483647,2147483647,-113,13,Sunrise,false,false
1428424301935,-1,-1,-1,-1,0,13,Sunrise,false,false
1428424361997,8986368,42010,2,228,-109,13,Sunrise,true,false
1428424361997,2147483647,2147483647,2147483647,2147483647,-113,13,Sunrise,false,false
1428424361997,2147483647,2147483647,2147483647,2147483647,-113,13,Sunrise,false,false
1428424361997,2147483647,2147483647,2147483647,2147483647,-113,13,Sunrise,false,false
1428424361997,2147483647,2147483647,2147483647,2147483647,-113,13,Sunrise,false,false
1428424361997,2147483647,2147483647,2147483647,2147483647,-113,13,Sunrise,false,false
1428424361997,2147483647,2147483647,2147483647,2147483647,-113,13,Sunrise,false,false
1428424361997,2147483647,2147483647,2147483647,2147483647,-113,13,Sunrise,false,false
1428424361997,2147483647,2147483647,2147483647,2147483647,-113,13,Sunrise,false,false
1428424361997,2147483647,2147483647,2147483647,2147483647,-113,13,Sunrise,false,false
1428424361997,2147483647,2147483647,2147483647,2147483647,-113,13,Sunrise,false,false
1428424361997,2147483647,2147483647,2147483647,2147483647,-113,13,Sunrise,false,false
1428424361997,2147483647,2147483647,2147483647,2147483647,-113,13,Sunrise,false,false
1428424361997,2147483647,2147483647,2147483647,2147483647,-113,13,Sunrise,false,false
1428424361997,2147483647,2147483647,2147483647,2147483647,-113,13,Sunrise,false,false
1428424361997,2147483647,2147483647,2147483647,2147483647,-113,13,Sunrise,false,false
1428424361997,2147483647,2147483647,2147483647,2147483647,-113,13,Sunrise,false,false
1428424361997,-1,-1,-1,-1,0,13,Sunrise,false,false
1428424422113,8986368,42010,2,228,-109,13,Sunrise,true,false
1428424483868,8986368,42010,2,228,-108,13,Sunrise,true,false
1428424483868,2147483647,2147483647,2147483647,2147483647,-113,13,Sunrise,false,false
1428424483868,2147483647,2147483647,2147483647,2147483647,-113,13,Sunrise,false,false
1428424483868,2147483647,2147483647,2147483647,2147483647,-113,13,Sunrise,false,false
1428424483868,2147483647,2147483647,2147483647,2147483647,-113,13,Sunrise,false,false
1428424483868,2147483647,2147483647,2147483647,2147483647,-113,13,Sunrise,false,false
1428424483868,2147483647,2147483647,2147483647,2147483647,-113,13,Sunrise,false,false
1428424483868,2147483647,2147483647,2147483647,2147483647,-113,13,Sunrise,false,false
1428424483868,2147483647,2147483647,2147483647,2147483647,-113,13,Sunrise,false,false
1428424483868,2147483647,2147483647,2147483647,2147483647,-113,13,Sunrise,false,false
1428424483868,2147483647,2147483647,2147483647,2147483647,-113,13,Sunrise,false,false
1428424483868,2147483647,2147483647,2147483647,2147483647,-113,13,Sunrise,false,false
1428424483868,2147483647,2147483647,2147483647,2147483647,-113,13,Sunrise,false,false
1428424483868,2147483647,2147483647,2147483647,2147483647,-113,13,Sunrise,false,false
1428424483868,2147483647,2147483647,2147483647,2147483647,-113,13,Sunrise,false,false
1428424483868,2147483647,2147483647,2147483647,2147483647,-113,13,Sunrise,false,false
1428424483868,2147483647,2147483647,2147483647,2147483647,-113,13,Sunrise,false,false
1428424543920,-1,-1,-1,-1,0,10,Sunrise,true,false
1428424543920,-1,-1,-1,-1,0,10,Sunrise,false,false
1428424603956,8986368,42010,2,228,-103,13,Sunrise,true,false
1428424603956,53,2147483647,2147483647,2147483647,-123,13,Sunrise,false,false
1428424603956,51,2147483647,2147483647,2147483647,-122,13,Sunrise,false,false
1428424666936,8986368,42010,2,228,-105,13,Sunrise,true,false
1428424666936,53,2147483647,2147483647,2147483647,-121,13,Sunrise,false,false
1428424666936,345,2147483647,2147483647,2147483647,-123,13,Sunrise,false,false
1428424666936,2147483647,2147483647,2147483647,2147483647,-113,13,Sunrise,false,false
1428424666936,2147483647,2147483647,2147483647,2147483647,-113,13,Sunrise,false,false
1428424666936,2147483647,2147483647,2147483647,2147483647,-113,13,Sunrise,false,false
1428424666936,2147483647,2147483647,2147483647,2147483647,-113,13,Sunrise,false,false
1428424666936,2147483647,2147483647,2147483647,2147483647,-113,13,Sunrise,false,false
1428424666936,2147483647,2147483647,2147483647,2147483647,-113,13,Sunrise,false,false
1428424666936,2147483647,2147483647,2147483647,2147483647,-113,13,Sunrise,false,false
1428424666936,2147483647,2147483647,2147483647,2147483647,-113,13,Sunrise,false,false
1428424666936,2147483647,2147483647,2147483647,2147483647,-113,13,Sunrise,false,false
1428424666936,2147483647,2147483647,2147483647,2147483647,-113,13,Sunrise,false,false
1428424666936,2147483647,2147483647,2147483647,2147483647,-113,13,Sunrise,false,false
1428424666936,2147483647,2147483647,2147483647,2147483647,-113,13,Sunrise,false,false
1428424666936,2147483647,2147483647,2147483647,2147483647,-113,13,Sunrise,false,false
1428424666936,2147483647,2147483647,2147483647,2147483647,-113,13,Sunrise,false,false
1428424666936,2147483647,2147483647,2147483647,2147483647,-113,13,Sunrise,false,false
1428424666936,2147483647,2147483647,2147483647,2147483647,-113,13,Sunrise,false,false
1428424666936,-1,-1,-1,-1,0,13,Sunrise,false,false
1428424727994,-1,-1,-1,-1,0,10,Sunrise,true,false
1428424727994,-1,-1,-1,-1,0,10,Sunrise,false,false
1428424727994,-1,-1,-1,-1,0,10,Sunrise,false,false
1428424727994,-1,-1,-1,-1,0,10,Sunrise,false,false
1428424727994,-1,-1,-1,-1,0,10,Sunrise,false,false
1428424789126,-1,-1,-1,-1,0,10,Sunrise,true,false
1428424789126,-1,-1,-1,-1,0,10,Sunrise,false,false
1428424789126,-1,-1,-1,-1,0,10,Sunrise,false,false
1428424789126,-1,-1,-1,-1,0,10,Sunrise,false,false
1428424789126,-1,-1,-1,-1,0,10,Sunrise,false,false
1428424789126,-1,-1,-1,-1,0,10,Sunrise,false,false
1428424850896,-1,-1,-1,-1,0,10,Sunrise,true,false
1428424850896,-1,-1,-1,-1,0,10,Sunrise,false,false
1428424910924,8986368,42010,2,228,-107,13,Sunrise,true,false
1428424910924,345,2147483647,2147483647,2147483647,-119,13,Sunrise,false,false
1428424910924,2147483647,2147483647,2147483647,2147483647,-113,13,Sunrise,false,false
1428424910924,2147483647,2147483647,2147483647,2147483647,-113,13,Sunrise,false,false
1428424910924,2147483647,2147483647,2147483647,2147483647,-113,13,Sunrise,false,false
1428424910924,2147483647,2147483647,2147483647,2147483647,-113,13,Sunrise,false,false
1428424910924,2147483647,2147483647,2147483647,2147483647,-113,13,Sunrise,false,false
1428424910924,2147483647,2147483647,2147483647,2147483647,-113,13,Sunrise,false,false
1428424910924,2147483647,2147483647,2147483647,2147483647,-113,13,Sunrise,false,false
1428424910924,2147483647,2147483647,2147483647,2147483647,-113,13,Sunrise,false,false
1428424910924,2147483647,2147483647,2147483647,2147483647,-113,13,Sunrise,false,false
1428424910924,2147483647,2147483647,2147483647,2147483647,-113,13,Sunrise,false,false
1428424910924,2147483647,2147483647,2147483647,2147483647,-113,13,Sunrise,false,false
1428424910924,2147483647,2147483647,2147483647,2147483647,-113,13,Sunrise,false,false
1428424910924,2147483647,2147483647,2147483647,2147483647,-113,13,Sunrise,false,false
1428424910924,2147483647,2147483647,2147483647,2147483647,-113,13,Sunrise,false,false
1428424910924,2147483647,2147483647,2147483647,2147483647,-113,13,Sunrise,false,false
1428424910924,2147483647,2147483647,2147483647,2147483647,-113,13,Sunrise,false,false
1428424971978,8986368,42010,2,228,-110,13,Sunrise,true,false
1428424971978,51,2147483647,2147483647,2147483647,-124,13,Sunrise,false,false
1428424971978,345,2147483647,2147483647,2147483647,-117,13,Sunrise,false,false
1428424971978,2147483647,2147483647,2147483647,2147483647,-113,13,Sunrise,false,false
1428424971978,2147483647,2147483647,2147483647,2147483647,-113,13,Sunrise,false,false
1428424971978,2147483647,2147483647,2147483647,2147483647,-113,13,Sunrise,false,false
1428424971978,2147483647,2147483647,2147483647,2147483647,-113,13,Sunrise,false,false
1428424971978,2147483647,2147483647,2147483647,2147483647,-113,13,Sunrise,false,false
1428424971978,2147483647,2147483647,2147483647,2147483647,-113,13,Sunrise,false,false
1428424971978,2147483647,2147483647,2147483647,2147483647,-113,13,Sunrise,false,false
1428424971978,2147483647,2147483647,2147483647,2147483647,-113,13,Sunrise,false,false
1428424971978,2147483647,2147483647,2147483647,2147483647,-113,13,Sunrise,false,false
1428424971978,2147483647,2147483647,2147483647,2147483647,-113,13,Sunrise,false,false
1428424971978,2147483647,2147483647,2147483647,2147483647,-113,13,Sunrise,false,false
1428424971978,2147483647,2147483647,2147483647,2147483647,-113,13,Sunrise,false,false
1428424971978,2147483647,2147483647,2147483647,2147483647,-113,13,Sunrise,false,false
1428424971978,2147483647,2147483647,2147483647,2147483647,-113,13,Sunrise,false,false
1428424971978,2147483647,2147483647,2147483647,2147483647,-113,13,Sunrise,false,false
1428424971978,2147483647,2147483647,2147483647,2147483647,-113,13,Sunrise,false,false
1428424971978,-1,-1,-1,-1,0,13,Sunrise,false,false
1428425033058,8986368,42010,2,228,-100,13,Sunrise,true,false
1428425033058,51,2147483647,2147483647,2147483647,-116,13,Sunrise,false,false
1428425033058,345,2147483647,2147483647,2147483647,-117,13,Sunrise,false,false
1428425033058,2147483647,2147483647,2147483647,2147483647,-113,13,Sunrise,false,false
1428425033058,2147483647,2147483647,2147483647,2147483647,-113,13,Sunrise,false,false
1428425033058,2147483647,2147483647,2147483647,2147483647,-113,13,Sunrise,false,false
1428425033058,2147483647,2147483647,2147483647,2147483647,-113,13,Sunrise,false,false
1428425033058,2147483647,2147483647,2147483647,2147483647,-113,13,Sunrise,false,false
1428425033058,2147483647,2147483647,2147483647,2147483647,-113,13,Sunrise,false,false
1428425033058,2147483647,2147483647,2147483647,2147483647,-113,13,Sunrise,false,false
1428425033058,2147483647,2147483647,2147483647,2147483647,-113,13,Sunrise,false,false
1428425033058,2147483647,2147483647,2147483647,2147483647,-113,13,Sunrise,false,false
1428425033058,2147483647,2147483647,2147483647,2147483647,-113,13,Sunrise,false,false
1428425033058,2147483647,2147483647,2147483647,2147483647,-113,13,Sunrise,false,false
1428425033058,2147483647,2147483647,2147483647,2147483647,-113,13,Sunrise,false,false
1428425033058,2147483647,2147483647,2147483647,2147483647,-113,13,Sunrise,false,false
1428425033058,2147483647,2147483647,2147483647,2147483647,-113,13,Sunrise,false,false
1428425033058,2147483647,2147483647,2147483647,2147483647,-113,13,Sunrise,false,false
1428425033058,2147483647,2147483647,2147483647,2147483647,-113,13,Sunrise,false,false
1428425033058,-1,-1,-1,-1,0,13,Sunrise,false,false
1428425097937,-1,-1,-1,-1,0,10,Sunrise,true,false
1428425097937,-1,-1,-1,-1,0,10,Sunrise,false,false
1428425097937,-1,-1,-1,-1,0,10,Sunrise,false,false
1428425097937,-1,-1,-1,-1,0,10,Sunrise,false,false
1428425161089,-1,-1,-1,-1,0,10,Sunrise,true,false
1428425161089,-1,-1,-1,-1,0,10,Sunrise,false,false
1428425161089,-1,-1,-1,-1,0,10,Sunrise,false,false
1428425161089,-1,-1,-1,-1,0,10,Sunrise,false,false
1428425222192,-1,-1,-1,-1,0,10,Sunrise,true,false
1428425222192,-1,-1,-1,-1,0,10,Sunrise,false,false
1428425222192,-1,-1,-1,-1,0,10,Sunrise,false,false
1428425222192,-1,-1,-1,-1,0,10,Sunrise,false,false
1428425283243,-1,-1,-1,-1,0,10,Sunrise,true,false
1428425283243,-1,-1,-1,-1,0,10,Sunrise,false,false
1428425283243,-1,-1,-1,-1,0,10,Sunrise,false,false
1428425343281,-1,-1,-1,-1,0,10,Sunrise,true,false
1428425343281,-1,-1,-1,-1,0,10,Sunrise,false,false
1428425343281,-1,-1,-1,-1,0,10,Sunrise,false,false
1428425343281,-1,-1,-1,-1,0,10,Sunrise,false,false
1428425343281,-1,-1,-1,-1,0,10,Sunrise,false,false
1428425403361,-1,-1,-1,-1,0,15,Sunrise,true,false
1428425403361,-1,-1,-1,-1,0,15,Sunrise,false,false
1428425523642,-1,-1,-1,-1,0,10,Sunrise,true,false
1428425523642,-1,-1,-1,-1,0,10,Sunrise,false,false
1428425523642,-1,-1,-1,-1,0,10,Sunrise,false,false
1428425523642,-1,-1,-1,-1,0,10,Sunrise,false,false
1428425583851,-1,-1,-1,-1,0,15,Sunrise,true,false
1428425583851,-1,-1,-1,-1,0,15,Sunrise,false,false
1428425583851,-1,-1,-1,-1,0,15,Sunrise,false,false
1428425644991,-1,-1,-1,-1,0,15,Sunrise,true,false
1428425644991,-1,-1,-1,-1,0,15,Sunrise,false,false
1428425644991,-1,-1,-1,-1,0,15,Sunrise,false,false
1428425644991,-1,-1,-1,-1,0,15,Sunrise,false,false
1428425706156,-1,-1,-1,-1,0,15,Sunrise,true,false
1428425706156,-1,-1,-1,-1,0,15,Sunrise,false,false
1428425706156,-1,-1,-1,-1,0,15,Sunrise,false,false
1428425706156,-1,-1,-1,-1,0,15,Sunrise,false,false
1428425706156,-1,-1,-1,-1,0,15,Sunrise,false,false
1428425767936,8986368,42010,2,228,-104,13,Sunrise,true,false
1428425767936,137,2147483647,2147483647,2147483647,-128,13,Sunrise,false,false
1428425767936,53,2147483647,2147483647,2147483647,-120,13,Sunrise,false,false
1428425767936,51,2147483647,2147483647,2147483647,-113,13,Sunrise,false,false
1428425834435,8986368,42010,2,228,-107,13,Sunrise,true,false
1428425834435,51,2147483647,2147483647,2147483647,-119,13,Sunrise,false,false
1428425895543,8961030,42010,2,228,-110,13,Sunrise,true,false
1428425895543,52,2147483647,2147483647,2147483647,-112,13,Sunrise,false,false
1428425895543,2147483647,2147483647,2147483647,2147483647,-113,13,Sunrise,false,false
1428425895543,2147483647,2147483647,2147483647,2147483647,-113,13,Sunrise,false,false
1428425895543,2147483647,2147483647,2147483647,2147483647,-113,13,Sunrise,false,false
1428425895543,2147483647,2147483647,2147483647,2147483647,-113,13,Sunrise,false,false
1428425895543,2147483647,2147483647,2147483647,2147483647,-113,13,Sunrise,false,false
1428425895543,2147483647,2147483647,2147483647,2147483647,-113,13,Sunrise,false,false
1428425895543,2147483647,2147483647,2147483647,2147483647,-113,13,Sunrise,false,false
1428425895543,2147483647,2147483647,2147483647,2147483647,-113,13,Sunrise,false,false
1428425895543,2147483647,2147483647,2147483647,2147483647,-113,13,Sunrise,false,false
1428425895543,2147483647,2147483647,2147483647,2147483647,-113,13,Sunrise,false,false
1428425895543,2147483647,2147483647,2147483647,2147483647,-113,13,Sunrise,false,false
1428425895543,2147483647,2147483647,2147483647,2147483647,-113,13,Sunrise,false,false
1428425895543,2147483647,2147483647,2147483647,2147483647,-113,13,Sunrise,false,false
1428425956669,8961030,42010,2,228,-112,13,Sunrise,true,false
1428425956669,52,2147483647,2147483647,2147483647,-123,13,Sunrise,false,false
1428425956669,50,2147483647,2147483647,2147483647,-110,13,Sunrise,false,false
1428425956669,137,2147483647,2147483647,2147483647,-122,13,Sunrise,false,false
1428425956669,181,2147483647,2147483647,2147483647,-125,13,Sunrise,false,false
1428426017794,8966914,42010,2,228,-87,13,Sunrise,true,false
1428426017794,70,2147483647,2147483647,2147483647,-100,13,Sunrise,false,false
1428426017794,52,2147483647,2147483647,2147483647,-101,13,Sunrise,false,false
1428426017794,66,2147483647,2147483647,2147483647,-108,13,Sunrise,false,false
1428426017794,53,2147483647,2147483647,2147483647,-111,13,Sunrise,false,false
1428426078939,8966912,42010,2,228,-92,13,Sunrise,true,false
1428426078939,217,2147483647,2147483647,2147483647,-102,13,Sunrise,false,false
1428426078939,420,2147483647,2147483647,2147483647,-115,13,Sunrise,false,false
1428426078939,422,2147483647,2147483647,2147483647,-115,13,Sunrise,false,false
1428426078939,2147483647,2147483647,2147483647,2147483647,-113,13,Sunrise,false,false
1428426078939,2147483647,2147483647,2147483647,2147483647,-113,13,Sunrise,false,false
1428426078939,2147483647,2147483647,2147483647,2147483647,-113,13,Sunrise,false,false
1428426078939,2147483647,2147483647,2147483647,2147483647,-113,13,Sunrise,false,false
1428426078939,2147483647,2147483647,2147483647,2147483647,-113,13,Sunrise,false,false
1428426078939,2147483647,2147483647,2147483647,2147483647,-113,13,Sunrise,false,false
1428426078939,2147483647,2147483647,2147483647,2147483647,-113,13,Sunrise,false,false
1428426078939,2147483647,2147483647,2147483647,2147483647,-113,13,Sunrise,false,false
1428426078939,2147483647,2147483647,2147483647,2147483647,-113,13,Sunrise,false,false
1428426138967,8995073,42010,2,228,-90,13,Sunrise,true,false
1428426138967,422,2147483647,2147483647,2147483647,-94,13,Sunrise,false,false
1428426138967,24,2147483647,2147483647,2147483647,-111,13,Sunrise,false,false
1428426138967,70,2147483647,2147483647,2147483647,-112,13,Sunrise,false,false
1428426138967,2147483647,2147483647,2147483647,2147483647,-113,13,Sunrise,false,false
1428426138967,2147483647,2147483647,2147483647,2147483647,-113,13,Sunrise,false,false
1428426138967,2147483647,2147483647,2147483647,2147483647,-113,13,Sunrise,false,false
1428426138967,2147483647,2147483647,2147483647,2147483647,-113,13,Sunrise,false,false
1428426138967,2147483647,2147483647,2147483647,2147483647,-113,13,Sunrise,false,false
1428426138967,2147483647,2147483647,2147483647,2147483647,-113,13,Sunrise,false,false
1428426138967,2147483647,2147483647,2147483647,2147483647,-113,13,Sunrise,false,false
1428426138967,2147483647,2147483647,2147483647,2147483647,-113,13,Sunrise,false,false
1428426138967,2147483647,2147483647,2147483647,2147483647,-113,13,Sunrise,false,false
1428426199862,8961028,42010,2,228,-85,13,Sunrise,true,false
1428426199862,119,2147483647,2147483647,2147483647,-92,13,Sunrise,false,false
1428426259868,8961028,42010,2,228,-82,13,Sunrise,true,false
1428426259868,119,2147483647,2147483647,2147483647,-106,13,Sunrise,false,false
1428426319944,8961028,42010,2,228,-102,13,Sunrise,true,false
1428426379979,8960518,42010,2,228,-117,13,Sunrise,true,false
1428426379979,373,2147483647,2147483647,2147483647,-122,13,Sunrise,false,false
1428426379979,356,2147483647,2147483647,2147483647,-122,13,Sunrise,false,false
1428426379979,4,2147483647,2147483647,2147483647,-104,13,Sunrise,false,false
1428426379979,415,2147483647,2147483647,2147483647,-112,13,Sunrise,false,false
1428426379979,-1,-1,-1,-1,0,13,Sunrise,false,false
1428426379979,-1,-1,-1,-1,0,13,Sunrise,false,false
1428426379979,-1,-1,-1,-1,0,13,Sunrise,false,false
1428426379979,-1,-1,-1,-1,0,13,Sunrise,false,false
1428426379979,-1,-1,-1,-1,0,13,Sunrise,false,false
1428426379979,-1,-1,-1,-1,0,13,Sunrise,false,false
1428426379979,-1,-1,-1,-1,0,13,Sunrise,false,false
1428426379979,-1,-1,-1,-1,0,13,Sunrise,false,false
1428426379979,-1,-1,-1,-1,0,13,Sunrise,false,false
1428426379979,-1,-1,-1,-1,0,13,Sunrise,false,false
1428426440097,8960518,42010,2,228,-115,13,Sunrise,true,false
1428426440097,4,2147483647,2147483647,2147483647,-125,13,Sunrise,false,false
1428426440097,373,2147483647,2147483647,2147483647,-120,13,Sunrise,false,false
1428426440097,159,2147483647,2147483647,2147483647,-121,13,Sunrise,false,false
1428426440097,354,2147483647,2147483647,2147483647,-118,13,Sunrise,false,false
1428426440097,356,2147483647,2147483647,2147483647,-114,13,Sunrise,false,false
1428426440097,4,2147483647,2147483647,2147483647,-113,13,Sunrise,false,false
1428426440097,141,2147483647,2147483647,2147483647,-121,13,Sunrise,false,false
1428426440097,233,2147483647,2147483647,2147483647,-123,13,Sunrise,false,false
1428426516124,8965888,42010,2,228,-89,13,Sunrise,true,false
1428426516124,4,2147483647,2147483647,2147483647,-92,13,Sunrise,false,false
1428426516124,3,2147483647,2147483647,2147483647,-93,13,Sunrise,false,false
1428426516124,232,2147483647,2147483647,2147483647,-103,13,Sunrise,false,false
1428426516124,233,2147483647,2147483647,2147483647,-114,13,Sunrise,false,false
1428426516124,2147483647,2147483647,2147483647,2147483647,-113,13,Sunrise,false,false
1428426516124,2147483647,2147483647,2147483647,2147483647,-113,13,Sunrise,false,false
1428426516124,2147483647,2147483647,2147483647,2147483647,-113,13,Sunrise,false,false
1428426516124,2147483647,2147483647,2147483647,2147483647,-113,13,Sunrise,false,false
1428426516124,2147483647,2147483647,2147483647,2147483647,-113,13,Sunrise,false,false
1428426516124,2147483647,2147483647,2147483647,2147483647,-113,13,Sunrise,false,false
1428426516124,2147483647,2147483647,2147483647,2147483647,-113,13,Sunrise,false,false
1428426516124,2147483647,2147483647,2147483647,2147483647,-113,13,Sunrise,false,false
1428426516124,2147483647,2147483647,2147483647,2147483647,-113,13,Sunrise,false,false
1428426587005,8965888,42010,2,228,-90,13,Sunrise,true,false
1428426587005,4,2147483647,2147483647,2147483647,-92,13,Sunrise,false,false
1428426587005,233,2147483647,2147483647,2147483647,-114,13,Sunrise,false,false
1428426587005,3,2147483647,2147483647,2147483647,-99,13,Sunrise,false,false
1428426647981,8985857,42010,2,228,-97,13,Sunrise,true,false
1428426647981,5,2147483647,2147483647,2147483647,-102,13,Sunrise,false,false
1428426647981,4,2147483647,2147483647,2147483647,-111,13,Sunrise,false,false
1428426647981,232,2147483647,2147483647,2147483647,-102,13,Sunrise,false,false
1428426708420,8985857,42010,2,228,-102,13,Sunrise,true,false
1428426708420,232,2147483647,2147483647,2147483647,-101,13,Sunrise,false,false
1428426708420,283,2147483647,2147483647,2147483647,-112,13,Sunrise,false,false
1428426772958,8960513,42010,2,228,-112,13,Sunrise,true,false
1428426772958,233,2147483647,2147483647,2147483647,-119,13,Sunrise,false,false
1428426772958,433,2147483647,2147483647,2147483647,-125,13,Sunrise,false,false
1428426772958,159,2147483647,2147483647,2147483647,-108,13,Sunrise,false,false
1428426772958,372,2147483647,2147483647,2147483647,-111,13,Sunrise,false,false
1428426772958,3,2147483647,2147483647,2147483647,-109,13,Sunrise,false,false
1428426772958,2147483647,2147483647,2147483647,2147483647,-113,13,Sunrise,false,false
1428426772958,2147483647,2147483647,2147483647,2147483647,-113,13,Sunrise,false,false
1428426772958,2147483647,2147483647,2147483647,2147483647,-113,13,Sunrise,false,false
1428426772958,2147483647,2147483647,2147483647,2147483647,-113,13,Sunrise,false,false
1428426772958,2147483647,2147483647,2147483647,2147483647,-113,13,Sunrise,false,false
1428426772958,2147483647,2147483647,2147483647,2147483647,-113,13,Sunrise,false,false
1428426772958,2147483647,2147483647,2147483647,2147483647,-113,13,Sunrise,false,false
1428426772958,2147483647,2147483647,2147483647,2147483647,-113,13,Sunrise,false,false
1428426772958,2147483647,2147483647,2147483647,2147483647,-113,13,Sunrise,false,false
1428426772958,2147483647,2147483647,2147483647,2147483647,-113,13,Sunrise,false,false
1428426772958,2147483647,2147483647,2147483647,2147483647,-113,13,Sunrise,false,false
1428426772958,2147483647,2147483647,2147483647,2147483647,-113,13,Sunrise,false,false
1428426772958,2147483647,2147483647,2147483647,2147483647,-113,13,Sunrise,false,false
1428426772958,-1,-1,-1,-1,0,13,Sunrise,false,false
1428426772958,-1,-1,-1,-1,0,13,Sunrise,false,false
1428426772958,-1,-1,-1,-1,0,13,Sunrise,false,false
1428426834139,8960516,42010,2,228,-105,13,Sunrise,true,false
1428426834139,159,2147483647,2147483647,2147483647,-106,13,Sunrise,false,false
1428426834139,372,2147483647,2147483647,2147483647,-115,13,Sunrise,false,false
1428426834139,257,2147483647,2147483647,2147483647,-121,13,Sunrise,false,false
1428426834139,2147483647,2147483647,2147483647,2147483647,-113,13,Sunrise,false,false
1428426834139,2147483647,2147483647,2147483647,2147483647,-113,13,Sunrise,false,false
1428426834139,2147483647,2147483647,2147483647,2147483647,-113,13,Sunrise,false,false
1428426834139,2147483647,2147483647,2147483647,2147483647,-113,13,Sunrise,false,false
1428426834139,2147483647,2147483647,2147483647,2147483647,-113,13,Sunrise,false,false
1428426834139,2147483647,2147483647,2147483647,2147483647,-113,13,Sunrise,false,false
1428426834139,2147483647,2147483647,2147483647,2147483647,-113,13,Sunrise,false,false
1428426834139,2147483647,2147483647,2147483647,2147483647,-113,13,Sunrise,false,false
1428426834139,2147483647,2147483647,2147483647,2147483647,-113,13,Sunrise,false,false
1428426834139,2147483647,2147483647,2147483647,2147483647,-113,13,Sunrise,false,false
1428426834139,2147483647,2147483647,2147483647,2147483647,-113,13,Sunrise,false,false
1428426834139,2147483647,2147483647,2147483647,2147483647,-113,13,Sunrise,false,false
1428426834139,2147483647,2147483647,2147483647,2147483647,-113,13,Sunrise,false,false
1428426897208,-1,-1,-1,-1,0,10,Sunrise,true,false
1428426897208,-1,-1,-1,-1,0,10,Sunrise,false,false
1428426897208,-1,-1,-1,-1,0,10,Sunrise,false,false
1428426897208,-1,-1,-1,-1,0,10,Sunrise,false,false
1428426897208,-1,-1,-1,-1,0,10,Sunrise,false,false
1428426897208,-1,-1,-1,-1,0,10,Sunrise,false,false
1428426958956,8960516,42010,2,228,-115,13,Sunrise,true,false
1428426958956,176,2147483647,2147483647,2147483647,-115,13,Sunrise,false,false
1428426958956,55,2147483647,2147483647,2147483647,-117,13,Sunrise,false,false
1428426958956,4,2147483647,2147483647,2147483647,-118,13,Sunrise,false,false
1428426958956,105,2147483647,2147483647,2147483647,-121,13,Sunrise,false,false
1428426958956,433,2147483647,2147483647,2147483647,-123,13,Sunrise,false,false
1428426958956,31,2147483647,2147483647,2147483647,-123,13,Sunrise,false,false
1428426958956,78,2147483647,2147483647,2147483647,-119,13,Sunrise,false,false
1428427018891,8960516,42010,2,228,-114,13,Sunrise,true,false
1428427018891,176,2147483647,2147483647,2147483647,-116,13,Sunrise,false,false
1428427018891,55,2147483647,2147483647,2147483647,-116,13,Sunrise,false,false
1428427018891,372,2147483647,2147483647,2147483647,-118,13,Sunrise,false,false
1428427018891,105,2147483647,2147483647,2147483647,-118,13,Sunrise,false,false
1428427018891,433,2147483647,2147483647,2147483647,-122,13,Sunrise,false,false
1428427018891,78,2147483647,2147483647,2147483647,-118,13,Sunrise,false,false
1428427018891,31,2147483647,2147483647,2147483647,-121,13,Sunrise,false,false
1428427081132,8960516,42010,2,228,-112,13,Sunrise,true,false
1428427081132,176,2147483647,2147483647,2147483647,-120,13,Sunrise,false,false
1428427081132,257,2147483647,2147483647,2147483647,-118,13,Sunrise,false,false
1428427081132,2147483647,2147483647,2147483647,2147483647,-113,13,Sunrise,false,false
1428427081132,2147483647,2147483647,2147483647,2147483647,-113,13,Sunrise,false,false
1428427081132,2147483647,2147483647,2147483647,2147483647,-113,13,Sunrise,false,false
1428427081132,2147483647,2147483647,2147483647,2147483647,-113,13,Sunrise,false,false
1428427081132,2147483647,2147483647,2147483647,2147483647,-113,13,Sunrise,false,false
1428427081132,2147483647,2147483647,2147483647,2147483647,-113,13,Sunrise,false,false
1428427081132,2147483647,2147483647,2147483647,2147483647,-113,13,Sunrise,false,false
1428427081132,2147483647,2147483647,2147483647,2147483647,-113,13,Sunrise,false,false
1428427081132,2147483647,2147483647,2147483647,2147483647,-113,13,Sunrise,false,false
1428427081132,2147483647,2147483647,2147483647,2147483647,-113,13,Sunrise,false,false
1428427081132,2147483647,2147483647,2147483647,2147483647,-113,13,Sunrise,false,false
1428427081132,2147483647,2147483647,2147483647,2147483647,-113,13,Sunrise,false,false
1428427081132,2147483647,2147483647,2147483647,2147483647,-113,13,Sunrise,false,false
1428427081132,-1,-1,-1,-1,0,13,Sunrise,false,false
1428427081132,-1,-1,-1,-1,0,13,Sunrise,false,false
1428427081132,-1,-1,-1,-1,0,13,Sunrise,false,false
1428427081132,-1,-1,-1,-1,0,13,Sunrise,false,false
1428427081132,-1,-1,-1,-1,0,13,Sunrise,false,false
1428427081132,-1,-1,-1,-1,0,13,Sunrise,false,false
1428427081132,-1,-1,-1,-1,0,13,Sunrise,false,false
1428427142290,8960516,42010,2,228,-114,13,Sunrise,true,false
1428427142290,55,2147483647,2147483647,2147483647,-116,13,Sunrise,false,false
1428427142290,176,2147483647,2147483647,2147483647,-115,13,Sunrise,false,false
1428427142290,105,2147483647,2147483647,2147483647,-119,13,Sunrise,false,false
1428427142290,433,2147483647,2147483647,2147483647,-123,13,Sunrise,false,false
1428427142290,31,2147483647,2147483647,2147483647,-125,13,Sunrise,false,false
1428427203652,8960516,42010,2,228,-114,13,Sunrise,true,false
1428427203652,176,2147483647,2147483647,2147483647,-117,13,Sunrise,false,false
1428427203652,372,2147483647,2147483647,2147483647,-119,13,Sunrise,false,false
1428427203652,105,2147483647,2147483647,2147483647,-119,13,Sunrise,false,false
1428427203652,78,2147483647,2147483647,2147483647,-118,13,Sunrise,false,false
1428427203652,433,2147483647,2147483647,2147483647,-123,13,Sunrise,false,false
1428427203652,31,2147483647,2147483647,2147483647,-121,13,Sunrise,false,false
1428427264023,9078022,42020,2,228,-114,13,Sunrise,true,false
1428427264023,160,2147483647,2147483647,2147483647,-117,13,Sunrise,false,false
1428427264023,257,2147483647,2147483647,2147483647,-119,13,Sunrise,false,false
1428427264023,408,2147483647,2147483647,2147483647,-123,13,Sunrise,false,false
1428427325867,9078022,42020,2,228,-105,13,Sunrise,true,false
1428427325867,372,2147483647,2147483647,2147483647,-118,13,Sunrise,false,false
1428427325867,257,2147483647,2147483647,2147483647,-117,13,Sunrise,false,false
1428427325867,160,2147483647,2147483647,2147483647,-120,13,Sunrise,false,false
1428427387923,9078022,42020,2,228,-106,13,Sunrise,true,false
1428427387923,160,2147483647,2147483647,2147483647,-115,13,Sunrise,false,false
1428427387923,257,2147483647,2147483647,2147483647,-124,13,Sunrise,false,false
1428427449923,9078022,42020,2,228,-111,13,Sunrise,true,false
1428427449923,372,2147483647,2147483647,2147483647,-109,13,Sunrise,false,false
1428427511044,9078022,42020,2,228,-115,13,Sunrise,true,false
1428427511044,372,2147483647,2147483647,2147483647,-114,13,Sunrise,false,false
1428427511044,257,2147483647,2147483647,2147483647,-115,13,Sunrise,false,false
1428427511044,160,2147483647,2147483647,2147483647,-116,13,Sunrise,false,false
1428427511044,159,2147483647,2147483647,2147483647,-120,13,Sunrise,false,false
1428427511044,105,2147483647,2147483647,2147483647,-126,13,Sunrise,false,false
1428427571258,9078022,42020,2,228,-110,13,Sunrise,true,false
1428427571258,257,2147483647,2147483647,2147483647,-109,13,Sunrise,false,false
1428427571258,160,2147483647,2147483647,2147483647,-110,13,Sunrise,false,false
1428427571258,372,2147483647,2147483647,2147483647,-109,13,Sunrise,false,false
1428427571258,105,2147483647,2147483647,2147483647,-105,13,Sunrise,false,false
1428427631127,9078022,42020,2,228,-109,13,Sunrise,true,false
1428427631127,160,2147483647,2147483647,2147483647,-110,13,Sunrise,false,false
1428427631127,257,2147483647,2147483647,2147483647,-109,13,Sunrise,false,false
1428427631127,159,2147483647,2147483647,2147483647,-117,13,Sunrise,false,false
1428427631127,105,2147483647,2147483647,2147483647,-107,13,Sunrise,false,false
1428427691198,9078022,42020,2,228,-110,13,Sunrise,true,false
1428427691198,7,2147483647,2147483647,2147483647,-125,13,Sunrise,false,false
1428427691198,372,2147483647,2147483647,2147483647,-109,13,Sunrise,false,false
1428427691198,257,2147483647,2147483647,2147483647,-114,13,Sunrise,false,false
1428427691198,160,2147483647,2147483647,2147483647,-115,13,Sunrise,false,false
1428427691198,159,2147483647,2147483647,2147483647,-119,13,Sunrise,false,false
1428427751561,8960772,42010,2,228,-110,13,Sunrise,true,false
1428427751561,176,2147483647,2147483647,2147483647,-106,13,Sunrise,false,false
1428427751561,160,2147483647,2147483647,2147483647,-114,13,Sunrise,false,false
1428427751561,159,2147483647,2147483647,2147483647,-113,13,Sunrise,false,false
1428427751561,372,2147483647,2147483647,2147483647,-107,13,Sunrise,false,false
1428427751561,105,2147483647,2147483647,2147483647,-112,13,Sunrise,false,false
1428427811669,9078022,42020,2,228,-106,13,Sunrise,true,false
1428427811669,372,2147483647,2147483647,2147483647,-109,13,Sunrise,false,false
1428427811669,257,2147483647,2147483647,2147483647,-115,13,Sunrise,false,false
1428427811669,160,2147483647,2147483647,2147483647,-117,13,Sunrise,false,false
1428427811669,374,2147483647,2147483647,2147483647,-123,13,Sunrise,false,false
1428427811669,186,2147483647,2147483647,2147483647,-116,13,Sunrise,false,false
1428427880700,8990212,42010,2,228,-109,13,Sunrise,true,false
1428427880700,176,2147483647,2147483647,2147483647,-104,13,Sunrise,false,false
1428427880700,160,2147483647,2147483647,2147483647,-110,13,Sunrise,false,false
1428427880700,257,2147483647,2147483647,2147483647,-110,13,Sunrise,false,false
1428427880700,374,2147483647,2147483647,2147483647,-124,13,Sunrise,false,false
1428427941888,9078022,42020,2,228,-109,13,Sunrise,true,false
1428427941888,372,2147483647,2147483647,2147483647,-114,13,Sunrise,false,false
1428427941888,160,2147483647,2147483647,2147483647,-117,13,Sunrise,false,false
1428427941888,257,2147483647,2147483647,2147483647,-113,13,Sunrise,false,false
1428427941888,159,2147483647,2147483647,2147483647,-118,13,Sunrise,false,false
1428428003142,8990212,42010,2,228,-112,13,Sunrise,true,false
1428428003142,257,2147483647,2147483647,2147483647,-112,13,Sunrise,false,false
1428428003142,176,2147483647,2147483647,2147483647,-111,13,Sunrise,false,false
1428428003142,159,2147483647,2147483647,2147483647,-115,13,Sunrise,false,false
1428428003142,7,2147483647,2147483647,2147483647,-120,13,Sunrise,false,false
1428428003142,484,2147483647,2147483647,2147483647,-126,13,Sunrise,false,false
1428428003142,105,2147483647,2147483647,2147483647,-117,13,Sunrise,false,false
1428428003142,415,2147483647,2147483647,2147483647,-127,13,Sunrise,false,false
1428428064320,9078018,42020,2,228,-116,13,Sunrise,true,false
1428428064320,415,2147483647,2147483647,2147483647,-124,13,Sunrise,false,false
1428428064320,372,2147483647,2147483647,2147483647,-106,13,Sunrise,false,false
1428428064320,176,2147483647,2147483647,2147483647,-105,13,Sunrise,false,false
1428428064320,257,2147483647,2147483647,2147483647,-111,13,Sunrise,false,false
1428428124359,-1,-1,-1,-1,0,10,Sunrise,true,false
1428428124359,-1,-1,-1,-1,0,10,Sunrise,false,false
1428428244498,6194,20991,1,208,-113,0,,true,false
1428428305749,6194,20991,1,208,-87,0,Orange F,true,false
1428428305749,29961,5000,2,228,-105,0,Orange F,false,false
1428428366885,6194,20991,1,208,-93,0,Orange F,true,false
1428428366885,29961,5000,2,228,-109,0,Orange F,false,false
1428428429222,6194,20991,1,208,-93,2,Orange F,true,false
1428428429222,29961,5000,2,228,-107,2,Orange F,false,false
1428428491944,6194,20991,1,208,-95,2,Orange F,true,false
1428428491944,29961,5000,2,228,-109,2,Orange F,false,false
1428428552995,6194,20991,1,208,-95,2,Orange F,true,false
1428428552995,29961,5000,2,228,-107,2,Orange F,false,false
1428428614213,6194,20991,1,208,-95,2,Orange F,true,false
1428428614213,29961,5000,2,228,-107,2,Orange F,false,false
1428428675872,6194,20991,1,208,-97,2,Orange F,true,false
1428428675872,29961,5000,2,228,-107,2,Orange F,false,false
1428428737001,6194,20991,1,208,-95,2,Orange F,true,false
1428428737001,29961,5000,2,228,-105,2,Orange F,false,false
1428428798244,6194,20991,1,208,-93,2,Orange F,true,false
1428428798244,29961,5000,2,228,-107,2,Orange F,false,false
1428428858396,6194,20991,1,208,-91,2,Orange F,true,false
1428428858396,29961,5000,2,228,-107,2,Orange F,false,false
1428428958287,6194,20991,1,208,-93,2,Orange F,true,false
1428428958287,29961,5000,2,228,-107,2,Orange F,false,false
1428429018333,6194,20991,1,208,-93,2,Orange F,true,false
1428429018333,29961,5000,2,228,-107,2,Orange F,false,false
1428429102496,6194,20991,1,208,-91,2,Orange F,true,false
1428429102496,29961,5000,2,228,-107,2,Orange F,false,false
1428429182933,6194,20991,1,208,-91,2,Orange F,true,false
1428429182933,29961,5000,2,228,-109,2,Orange F,false,false
1428429242986,6194,20991,1,208,-93,2,Orange F,true,false
1428429242986,29961,5000,2,228,-107,2,Orange F,false,false
1428429302967,6194,20991,1,208,-93,2,Orange F,true,false
1428429302967,29961,5000,2,228,-107,2,Orange F,false,false
1428429363004,6194,20991,1,208,-93,2,Orange F,true,false
1428429363004,29961,5000,2,228,-107,2,Orange F,false,false
1428429444708,6194,20991,1,208,-91,2,Orange F,true,false
1428429444708,29961,5000,2,228,-105,2,Orange F,false,false
1428429504846,6194,20991,1,208,-93,2,Orange F,true,false
1428429504846,-1,0,0,0,-107,2,Orange F,false,false
1428429564904,6194,20991,1,208,-93,2,Orange F,true,false
1428429564904,29961,5000,2,228,-107,2,Orange F,false,false
1428429625236,6194,20991,1,208,-95,2,Orange F,true,false
1428429625236,29961,5000,2,228,-107,2,Orange F,false,false
1428429729907,6194,20991,1,208,-93,2,Orange F,true,false
1428429729907,29961,5000,2,228,-107,2,Orange F,false,false
1428429803997,6194,20991,1,208,-91,2,Orange F,true,false
1428429803997,29961,5000,2,228,-109,2,Orange F,false,false
1428429864241,6194,20991,1,208,-91,2,Orange F,true,false
1428429864241,29961,5000,2,228,-109,2,Orange F,false,false
1428429924320,6194,20991,1,208,-91,2,Orange F,true,false
1428429924320,29961,5000,2,228,-109,2,Orange F,false,false
1428430015039,6194,20991,1,208,-91,2,Orange F,true,false
1428430015039,29961,5000,2,228,-109,2,Orange F,false,false
1428430075886,6194,20991,1,208,-91,2,Orange F,true,false
1428430075886,29961,5000,2,228,-107,2,Orange F,false,false
1428430135926,6194,20991,1,208,-93,2,Orange F,true,false
1428430135926,29961,5000,2,228,-107,2,Orange F,false,false
1428430195994,6194,20991,1,208,-91,2,Orange F,true,false
1428430195994,29961,5000,2,228,-107,2,Orange F,false,false
1428430256089,6194,20991,1,208,-91,2,Orange F,true,false
1428430256089,29961,5000,2,228,-107,2,Orange F,false,false
1428430326949,6194,20991,1,208,-91,2,Orange F,true,false
1428430326949,29961,5000,2,228,-107,2,Orange F,false,false
1428430390072,6194,20991,1,208,-91,2,Orange F,true,false
1428430390072,29961,5000,2,228,-107,2,Orange F,false,false
1428430450197,6194,20991,1,208,-91,2,Orange F,true,false
1428430450197,-1,0,0,0,-107,2,Orange F,false,false
1428430510370,6194,20991,1,208,-93,2,Orange F,true,false
1428430510370,29961,5000,2,228,-107,2,Orange F,false,false
1428430570522,6194,20991,1,208,-91,2,Orange F,true,false
1428430570522,29961,5000,2,228,-107,2,Orange F,false,false
1428430630653,6194,20991,1,208,-93,2,Orange F,true,false
1428430630653,29961,5000,2,228,-107,2,Orange F,false,false
1428430690966,6194,20991,1,208,-93,2,Orange F,true,false
1428430690966,29961,5000,2,228,-109,2,Orange F,false,false
1428430750898,6194,20991,1,208,-91,2,Orange F,true,false
1428430750898,29961,5000,2,228,-109,2,Orange F,false,false
1428430855994,6194,20991,1,208,-93,2,Orange F,true,false
1428430855994,29961,5000,2,228,-109,2,Orange F,false,false
1428430946920,6194,20991,1,208,-91,2,Orange F,true,false
1428430946920,29961,5000,2,228,-107,2,Orange F,false,false
1428431010219,6194,20991,1,208,-91,2,Orange F,true,false
1428431010219,29961,5000,2,228,-107,2,Orange F,false,false
1428431070269,6194,20991,1,208,-91,2,Orange F,true,false
1428431070269,29961,5000,2,228,-107,2,Orange F,false,false
1428431141278,6194,20991,1,208,-91,2,Orange F,true,false
1428431141278,29961,5000,2,228,-107,2,Orange F,false,false
1428431201477,6194,20991,1,208,-93,2,Orange F,true,false
1428431201477,29961,5000,2,228,-107,2,Orange F,false,false
1428431261552,6194,20991,1,208,-93,2,Orange F,true,false
1428431261552,29961,5000,2,228,-107,2,Orange F,false,false
1428431321666,6194,20991,1,208,-93,2,Orange F,true,false
1428431321666,29961,5000,2,228,-109,2,Orange F,false,false
1428431381928,6194,20991,1,208,-93,2,Orange F,true,false
1428431381928,29961,5000,2,228,-109,2,Orange F,false,false
1428431441981,6194,20991,1,208,-93,2,Orange F,true,false
1428431441981,29961,5000,2,228,-109,2,Orange F,false,false
1428431502120,6194,20991,1,208,-93,2,Orange F,true,false
1428431502120,29961,5000,2,228,-109,2,Orange F,false,false
1428431609937,6194,20991,1,208,-93,2,Orange F,true,false
1428431609937,-1,0,0,0,-109,2,Orange F,false,false
1428431669967,6194,20991,1,208,-93,2,Orange F,true,false
1428431669967,-1,0,0,0,-109,2,Orange F,false,false
1428431730142,6194,20991,1,208,-93,2,Orange F,true,false
1428431730142,-1,0,0,0,-109,2,Orange F,false,false
1428431790234,6194,20991,1,208,-93,2,Orange F,true,false
1428431790234,-1,0,0,0,-109,2,Orange F,false,false
1428431859947,6194,20991,1,208,-93,2,Orange F,true,false
1428431859947,-1,0,0,0,-109,2,Orange F,false,false
1428431919921,6194,20991,1,208,-93,2,Orange F,true,false
1428431919921,-1,0,0,0,-109,2,Orange F,false,false
1428432015259,6194,20991,1,208,-91,2,Orange F,true,false
1428432015259,29961,5000,2,228,-107,2,Orange F,false,false
1428432075361,6194,20991,1,208,-91,2,Orange F,true,false
1428432075361,29961,5000,2,228,-107,2,Orange F,false,false
1428432135456,6194,20991,1,208,-91,2,Orange F,true,false
1428432135456,29961,5000,2,228,-107,2,Orange F,false,false
1428432195558,6194,20991,1,208,-91,2,Orange F,true,false
1428432195558,29961,5000,2,228,-107,2,Orange F,false,false
1428432269979,6194,20991,1,208,-91,2,Orange F,true,false
1428432269979,29961,5000,2,228,-107,2,Orange F,false,false
1428432330284,6194,20991,1,208,-91,2,Orange F,true,false
1428432330284,29961,5000,2,228,-107,2,Orange F,false,false
1428432398556,6194,20991,1,208,-91,2,Orange F,true,false
1428432398556,29961,5000,2,228,-107,2,Orange F,false,false
1428432458875,6194,20991,1,208,-91,2,Orange F,true,false
1428432458875,29961,5000,2,228,-107,2,Orange F,false,false
1428432518965,6194,20991,1,208,-91,2,Orange F,true,false
1428432518965,29961,5000,2,228,-107,2,Orange F,false,false
1428432615889,6194,20991,1,208,-91,2,Orange F,true,false
1428432615889,29961,5000,2,228,-107,2,Orange F,false,false
1428432676266,6194,20991,1,208,-93,2,Orange F,true,false
1428432676266,29961,5000,2,228,-107,2,Orange F,false,false
1428432736258,6194,20991,1,208,-91,2,Orange F,true,false
1428432736258,29961,5000,2,228,-107,2,Orange F,false,false
1428432796442,6194,20991,1,208,-91,2,Orange F,true,false
1428432796442,29961,5000,2,228,-107,2,Orange F,false,false
1428432901029,6194,20991,1,208,-91,2,Orange F,true,false
1428432901029,29961,5000,2,228,-107,2,Orange F,false,false
1428432961064,6194,20991,1,208,-91,2,Orange F,true,false
1428432961064,29961,5000,2,228,-107,2,Orange F,false,false
1428433021133,6194,20991,1,208,-91,2,Orange F,true,false
1428433021133,29961,5000,2,228,-107,2,Orange F,false,false
1428433081205,6194,20991,1,208,-91,2,Orange F,true,false
1428433081205,29961,5000,2,228,-107,2,Orange F,false,false
1428433186134,6194,20991,1,208,-91,2,Orange F,true,false
1428433186134,29961,5000,2,228,-109,2,Orange F,false,false
1428433246251,6194,20991,1,208,-93,2,Orange F,true,false
1428433246251,29961,5000,2,228,-109,2,Orange F,false,false
1428433306348,6194,20991,1,208,-91,2,Orange F,true,false
1428433306348,29961,5000,2,228,-107,2,Orange F,false,false
1428433366871,6194,20991,1,208,-91,2,Orange F,true,false
1428433366871,29961,5000,2,228,-107,2,Orange F,false,false
1428433427114,6194,20991,1,208,-91,2,Orange F,true,false
1428433427114,29961,5000,2,228,-107,2,Orange F,false,false
1428433500977,6194,20991,1,208,-91,2,Orange F,true,false
1428433500977,29961,5000,2,228,-107,2,Orange F,false,false
1428433561080,6194,20991,1,208,-91,2,Orange F,true,false
1428433561080,29961,5000,2,228,-107,2,Orange F,false,false
1428433621182,6194,20991,1,208,-91,2,Orange F,true,false
1428433621182,29961,5000,2,228,-107,2,Orange F,false,false
1428433681353,6194,20991,1,208,-91,2,Orange F,true,false
1428433681353,29961,5000,2,228,-107,2,Orange F,false,false
1428433786270,6194,20991,1,208,-91,2,Orange F,true,false
1428433786270,29961,5000,2,228,-107,2,Orange F,false,false
1428433846330,6194,20991,1,208,-91,2,Orange F,true,false
1428433846330,29961,5000,2,228,-107,2,Orange F,false,false
1428433927262,6194,20991,1,208,-91,2,Orange F,true,false
1428433927262,29961,5000,2,228,-107,2,Orange F,false,false
1428433993030,6194,20991,1,208,-91,2,Orange F,true,false
1428433993030,29961,5000,2,228,-107,2,Orange F,false,false
1428434056008,6194,20991,1,208,-91,2,Orange F,true,false
1428434056008,29961,5000,2,228,-107,2,Orange F,false,false
1428434116036,6194,20991,1,208,-91,2,Orange F,true,false
1428434116036,29961,5000,2,228,-107,2,Orange F,false,false
1428434176286,6194,20991,1,208,-91,2,Orange F,true,false
1428434176286,29961,5000,2,228,-107,2,Orange F,false,false
1428434236966,6194,20991,1,208,-91,2,Orange F,true,false
1428434236966,29961,5000,2,228,-107,2,Orange F,false,false
1428434297038,6194,20991,1,208,-91,2,Orange F,true,false
1428434297038,29961,5000,2,228,-107,2,Orange F,false,false
1428434401953,6194,20991,1,208,-91,2,Orange F,true,false
1428434401953,29961,5000,2,228,-107,2,Orange F,false,false
1428434467926,6194,20991,1,208,-91,2,Orange F,true,false
1428434467926,29961,5000,2,228,-107,2,Orange F,false,false
1428434528235,6194,20991,1,208,-91,2,Orange F,true,false
1428434528235,29961,5000,2,228,-107,2,Orange F,false,false
1428434588250,6194,20991,1,208,-91,2,Orange F,true,false
1428434588250,29961,5000,2,228,-107,2,Orange F,false,false
1428434648261,6194,20991,1,208,-91,2,Orange F,true,false
1428434648261,29961,5000,2,228,-107,2,Orange F,false,false
1428434708345,6194,20991,1,208,-91,2,Orange F,true,false
1428434708345,29961,5000,2,228,-107,2,Orange F,false,false
1428434768512,6194,20991,1,208,-91,2,Orange F,true,false
1428434768512,29961,5000,2,228,-107,2,Orange F,false,false
1428434828883,6194,20991,1,208,-91,2,Orange F,true,false
1428434828883,29961,5000,2,228,-107,2,Orange F,false,false
1428434888976,6194,20991,1,208,-91,2,Orange F,true,false
1428434888976,29961,5000,2,228,-107,2,Orange F,false,false
1428434993478,6194,20991,1,208,-91,2,Orange F,true,false
1428434993478,29961,5000,2,228,-107,2,Orange F,false,false
1428435053573,6194,20991,1,208,-93,2,Orange F,true,false
1428435053573,29961,5000,2,228,-107,2,Orange F,false,false
1428435113687,6194,20991,1,208,-91,2,Orange F,true,false
1428435113687,29961,5000,2,228,-107,2,Orange F,false,false
1428435173941,6194,20991,1,208,-91,2,Orange F,true,false
1428435173941,29961,5000,2,228,-107,2,Orange F,false,false
1428435234128,6194,20991,1,208,-91,2,Orange F,true,false
1428435234128,29961,5000,2,228,-107,2,Orange F,false,false
1428435308449,6194,20991,1,208,-91,2,Orange F,true,false
1428435308449,29961,5000,2,228,-107,2,Orange F,false,false
1428435368944,6194,20991,1,208,-91,2,Orange F,true,false
1428435368944,29961,5000,2,228,-107,2,Orange F,false,false
1428435459892,6194,20991,1,208,-91,2,Orange F,true,false
1428435459892,29961,5000,2,228,-107,2,Orange F,false,false
1428435519894,6194,20991,1,208,-91,2,Orange F,true,false
1428435519894,29961,5000,2,228,-107,2,Orange F,false,false
1428435593975,6194,20991,1,208,-91,2,Orange F,true,false
1428435593975,29961,5000,2,228,-107,2,Orange F,false,false
1428435654072,6194,20991,1,208,-93,2,Orange F,true,false
1428435654072,29961,5000,2,228,-107,2,Orange F,false,false
1428435714117,6194,20991,1,208,-95,2,Orange F,true,false
1428435714117,29961,5000,2,228,-107,2,Orange F,false,false
1428435774139,6194,20991,1,208,-93,2,Orange F,true,false
1428435774139,29961,5000,2,228,-109,2,Orange F,false,false
1428435863674,6194,20991,1,208,-107,2,Orange F,true,false
1428435863674,29961,5000,2,228,-109,2,Orange F,false,false
1428435923961,6194,20991,1,208,-103,2,Orange F,true,false
1428435984176,6194,20991,1,208,-103,2,Orange F,true,false
1428436044261,6194,20991,1,208,-101,2,Orange F,true,false
1428436104304,6194,20991,1,208,-101,2,Orange F,true,false
1428436168939,6194,20991,1,208,-99,2,Orange F,true,false
1428436228967,6194,20991,1,208,-101,2,Orange F,true,false
1428436289181,6194,20991,1,208,-91,2,Orange F,true,false
1428436349193,6194,20991,1,208,-97,2,Orange F,true,false
1428436454041,6194,20991,1,208,-97,2,Orange F,true,false
1428436454041,29961,5000,2,228,-105,2,Orange F,false,false
1428436524022,6194,20991,1,208,-95,2,Orange F,true,false
1428436524022,29961,5000,2,228,-103,2,Orange F,false,false
1428436524022,26811,5000,2,228,-107,2,Orange F,false,false
1428436610894,6194,20991,1,208,-95,2,Orange F,true,false
1428436610894,29961,5000,2,228,-103,2,Orange F,false,false
1428436610894,26811,5000,2,228,-107,2,Orange F,false,false
1428436610894,-1,0,0,0,-103,2,Orange F,false,false
1428436670923,6194,20991,1,208,-93,2,Orange F,true,false
1428436670923,29961,5000,2,228,-105,2,Orange F,false,false
1428436670923,26811,5000,2,228,-107,2,Orange F,false,false
1428436670923,41468,20991,1,208,-103,2,Orange F,false,false
1428436739184,6194,20991,1,208,-93,2,Orange F,true,false
1428436739184,29961,5000,2,228,-103,2,Orange F,false,false
1428436739184,26811,5000,2,228,-103,2,Orange F,false,false
1428436739184,41468,20991,1,208,-103,2,Orange F,false,false
1428436799276,6194,20991,1,208,-95,2,Orange F,true,false
1428436799276,29961,5000,2,228,-103,2,Orange F,false,false
1428436799276,26811,5000,2,228,-105,2,Orange F,false,false
1428436799276,41468,20991,1,208,-103,2,Orange F,false,false
1428436899948,6194,20991,1,208,-97,2,Orange F,true,false
1428436899948,29961,5000,2,228,-103,2,Orange F,false,false
1428436899948,26811,5000,2,228,-103,2,Orange F,false,false
1428436899948,41468,20991,1,208,-101,2,Orange F,false,false
1428436960117,6194,20991,1,208,-99,2,Orange F,true,false
1428436960117,29961,5000,2,228,-105,2,Orange F,false,false
1428436960117,26811,5000,2,228,-105,2,Orange F,false,false
1428436960117,-1,0,0,0,-107,2,Orange F,false,false
1428437024934,6194,20991,1,208,-95,2,Orange F,true,false
1428437024934,29961,5000,2,228,-107,2,Orange F,false,false
1428437024934,26811,5000,2,228,-107,2,Orange F,false,false
1428437024934,-1,0,0,0,-107,2,Orange F,false,false
1428437124019,6194,20991,1,208,-99,2,Orange F,true,false
1428437124019,29961,5000,2,228,-107,2,Orange F,false,false
1428437124019,26811,5000,2,228,-107,2,Orange F,false,false
1428437208961,6194,20991,1,208,-97,2,Orange F,true,false
1428437208961,29961,5000,2,228,-107,2,Orange F,false,false
1428437310028,6194,20991,1,208,-97,2,Orange F,true,false
1428437310028,29961,5000,2,228,-105,2,Orange F,false,false
1428437310028,26811,5000,2,228,-107,2,Orange F,false,false
1428437370115,6194,20991,1,208,-99,2,Orange F,true,false
1428437370115,29961,5000,2,228,-105,2,Orange F,false,false
1428437370115,41468,20991,1,208,-103,2,Orange F,false,false
1428437430196,6194,20991,1,208,-107,2,Orange F,true,false
1428437430196,29961,5000,2,228,-109,2,Orange F,false,false
1428437430196,41468,20991,1,208,-107,2,Orange F,false,false
1428437506974,-1,-1,-1,-1,0,0,,true,false
1428437568188,-1,-1,-1,-1,0,0,,true,false
1428437629038,-1,-1,-1,-1,0,10,Sunrise,true,false
1428437629038,-1,-1,-1,-1,0,10,Sunrise,false,false
1428437629038,-1,-1,-1,-1,0,10,Sunrise,false,false
1428437629038,-1,-1,-1,-1,0,10,Sunrise,false,false
1428437629038,-1,-1,-1,-1,0,10,Sunrise,false,false
1428437689142,-1,-1,-1,-1,0,10,Sunrise,true,false
1428437689142,-1,-1,-1,-1,0,10,Sunrise,false,false
1428437689142,-1,-1,-1,-1,0,10,Sunrise,false,false
1428437749044,8960516,42010,2,228,-113,13,Sunrise,true,false
1428437749044,176,2147483647,2147483647,2147483647,-116,13,Sunrise,false,false
1428437749044,138,2147483647,2147483647,2147483647,-121,13,Sunrise,false,false
1428437749044,372,2147483647,2147483647,2147483647,-121,13,Sunrise,false,false
1428437749044,31,2147483647,2147483647,2147483647,-125,13,Sunrise,false,false
1428437749044,105,2147483647,2147483647,2147483647,-120,13,Sunrise,false,false
1428437749044,78,2147483647,2147483647,2147483647,-123,13,Sunrise,false,false
1428437809144,8960516,42010,2,228,-108,13,Sunrise,true,false
1428437809144,176,2147483647,2147483647,2147483647,-113,13,Sunrise,false,false
1428437809144,159,2147483647,2147483647,2147483647,-110,13,Sunrise,false,false
1428437809144,105,2147483647,2147483647,2147483647,-109,13,Sunrise,false,false
1428437809144,78,2147483647,2147483647,2147483647,-120,13,Sunrise,false,false
1428437869186,9078022,42020,2,228,-110,13,Sunrise,true,false
1428437869186,138,2147483647,2147483647,2147483647,-112,13,Sunrise,false,false
1428437869186,3,2147483647,2147483647,2147483647,-119,13,Sunrise,false,false
1428437869186,160,2147483647,2147483647,2147483647,-112,13,Sunrise,false,false
1428437869186,4,2147483647,2147483647,2147483647,-117,13,Sunrise,false,false
1428437869186,105,2147483647,2147483647,2147483647,-111,13,Sunrise,false,false
1428437869186,78,2147483647,2147483647,2147483647,-117,13,Sunrise,false,false
1428437869186,433,2147483647,2147483647,2147483647,-119,13,Sunrise,false,false
1428437869186,213,2147483647,2147483647,2147483647,-122,13,Sunrise,false,false
1428437929230,8960516,42010,2,228,-112,13,Sunrise,true,false
1428437929230,176,2147483647,2147483647,2147483647,-112,13,Sunrise,false,false
1428437929230,4,2147483647,2147483647,2147483647,-116,13,Sunrise,false,false
1428437929230,105,2147483647,2147483647,2147483647,-123,13,Sunrise,false,false
1428437929230,78,2147483647,2147483647,2147483647,-121,13,Sunrise,false,false
1428437929230,31,2147483647,2147483647,2147483647,-126,13,Sunrise,false,false
1428437989308,-1,-1,-1,-1,0,10,Sunrise,true,false
1428437989308,-1,-1,-1,-1,0,10,Sunrise,false,false
1428437989308,-1,-1,-1,-1,0,10,Sunrise,false,false
1428437989308,-1,-1,-1,-1,0,10,Sunrise,false,false
1428437989308,-1,-1,-1,-1,0,10,Sunrise,false,false
1428437989308,-1,-1,-1,-1,0,10,Sunrise,false,false
1428438051909,8960517,42010,2,228,-102,13,Sunrise,true,false
1428438051909,372,2147483647,2147483647,2147483647,-120,13,Sunrise,false,false
1428438051909,160,2147483647,2147483647,2147483647,-113,13,Sunrise,false,false
1428438051909,2147483647,2147483647,2147483647,2147483647,-113,13,Sunrise,false,false
1428438051909,2147483647,2147483647,2147483647,2147483647,-113,13,Sunrise,false,false
1428438051909,2147483647,2147483647,2147483647,2147483647,-113,13,Sunrise,false,false
1428438051909,2147483647,2147483647,2147483647,2147483647,-113,13,Sunrise,false,false
1428438051909,2147483647,2147483647,2147483647,2147483647,-113,13,Sunrise,false,false
1428438051909,2147483647,2147483647,2147483647,2147483647,-113,13,Sunrise,false,false
1428438051909,2147483647,2147483647,2147483647,2147483647,-113,13,Sunrise,false,false
1428438051909,2147483647,2147483647,2147483647,2147483647,-113,13,Sunrise,false,false
1428438051909,2147483647,2147483647,2147483647,2147483647,-113,13,Sunrise,false,false
1428438051909,2147483647,2147483647,2147483647,2147483647,-113,13,Sunrise,false,false
1428438051909,2147483647,2147483647,2147483647,2147483647,-113,13,Sunrise,false,false
1428438051909,2147483647,2147483647,2147483647,2147483647,-113,13,Sunrise,false,false
1428438113183,8985857,42010,2,228,-98,13,Sunrise,true,false
1428438113183,232,2147483647,2147483647,2147483647,-97,13,Sunrise,false,false
1428438113183,283,2147483647,2147483647,2147483647,-105,13,Sunrise,false,false
1428438113183,2147483647,2147483647,2147483647,2147483647,-113,13,Sunrise,false,false
1428438113183,2147483647,2147483647,2147483647,2147483647,-113,13,Sunrise,false,false
1428438113183,2147483647,2147483647,2147483647,2147483647,-113,13,Sunrise,false,false
1428438113183,2147483647,2147483647,2147483647,2147483647,-113,13,Sunrise,false,false
1428438113183,2147483647,2147483647,2147483647,2147483647,-113,13,Sunrise,false,false
1428438113183,2147483647,2147483647,2147483647,2147483647,-113,13,Sunrise,false,false
1428438113183,2147483647,2147483647,2147483647,2147483647,-113,13,Sunrise,false,false
1428438113183,2147483647,2147483647,2147483647,2147483647,-113,13,Sunrise,false,false
1428438113183,2147483647,2147483647,2147483647,2147483647,-113,13,Sunrise,false,false
1428438174934,8985857,42010,2,228,-83,13,Sunrise,true,false
1428438174934,232,2147483647,2147483647,2147483647,-96,13,Sunrise,false,false
1428438174934,2147483647,2147483647,2147483647,2147483647,-113,13,Sunrise,false,false
1428438174934,2147483647,2147483647,2147483647,2147483647,-113,13,Sunrise,false,false
1428438174934,2147483647,2147483647,2147483647,2147483647,-113,13,Sunrise,false,false
1428438174934,2147483647,2147483647,2147483647,2147483647,-113,13,Sunrise,false,false
1428438174934,2147483647,2147483647,2147483647,2147483647,-113,13,Sunrise,false,false
1428438174934,2147483647,2147483647,2147483647,2147483647,-113,13,Sunrise,false,false
1428438174934,2147483647,2147483647,2147483647,2147483647,-113,13,Sunrise,false,false
1428438174934,2147483647,2147483647,2147483647,2147483647,-113,13,Sunrise,false,false
1428438174934,2147483647,2147483647,2147483647,2147483647,-113,13,Sunrise,false,false
1428438236077,8985857,42010,2,228,-102,13,Sunrise,true,false
1428438236077,232,2147483647,2147483647,2147483647,-109,13,Sunrise,false,false
1428438236077,5,2147483647,2147483647,2147483647,-101,13,Sunrise,false,false
1428438236077,4,2147483647,2147483647,2147483647,-110,13,Sunrise,false,false
1428438236077,32,2147483647,2147483647,2147483647,-122,13,Sunrise,false,false
1428438297915,8968705,42010,2,228,-92,13,Sunrise,true,false
1428438297915,108,2147483647,2147483647,2147483647,-113,13,Sunrise,false,false
1428438297915,332,2147483647,2147483647,2147483647,-96,13,Sunrise,false,false
1428438297915,3,2147483647,2147483647,2147483647,-114,13,Sunrise,false,false
1428438297915,492,2147483647,2147483647,2147483647,-103,13,Sunrise,false,false
1428438297915,32,2147483647,2147483647,2147483647,-103,13,Sunrise,false,false
1428438297915,110,2147483647,2147483647,2147483647,-109,13,Sunrise,false,false
1428438297915,28,2147483647,2147483647,2147483647,-110,13,Sunrise,false,false
1428438359868,8960514,42010,2,228,-94,13,Sunrise,true,false
1428438359868,39,2147483647,2147483647,2147483647,-112,13,Sunrise,false,false
1428438359868,37,2147483647,2147483647,2147483647,-108,13,Sunrise,false,false
1428438359868,110,2147483647,2147483647,2147483647,-113,13,Sunrise,false,false
1428438359868,3,2147483647,2147483647,2147483647,-105,13,Sunrise,false,false
1428438359868,283,2147483647,2147483647,2147483647,-113,13,Sunrise,false,false
1428438359868,181,2147483647,2147483647,2147483647,-114,13,Sunrise,false,false
1428438359868,282,2147483647,2147483647,2147483647,-117,13,Sunrise,false,false
1428438419876,-1,-1,-1,-1,0,10,Sunrise,true,false
1428438419876,-1,-1,-1,-1,0,10,Sunrise,false,false
1428438419876,-1,-1,-1,-1,0,10,Sunrise,false,false
1428438419876,-1,-1,-1,-1,0,10,Sunrise,false,false
1428438479868,8966400,42000,2,228,-101,13,Sunrise,true,false
1428438479868,22,2147483647,2147483647,2147483647,-98,13,Sunrise,false,false
1428438479868,2147483647,2147483647,2147483647,2147483647,-113,13,Sunrise,false,false
1428438479868,2147483647,2147483647,2147483647,2147483647,-113,13,Sunrise,false,false
1428438479868,2147483647,2147483647,2147483647,2147483647,-113,13,Sunrise,false,false
1428438479868,2147483647,2147483647,2147483647,2147483647,-113,13,Sunrise,false,false
1428438479868,2147483647,2147483647,2147483647,2147483647,-113,13,Sunrise,false,false
1428438479868,2147483647,2147483647,2147483647,2147483647,-113,13,Sunrise,false,false
1428438479868,2147483647,2147483647,2147483647,2147483647,-113,13,Sunrise,false,false
1428438479868,2147483647,2147483647,2147483647,2147483647,-113,13,Sunrise,false,false
1428438479868,2147483647,2147483647,2147483647,2147483647,-113,13,Sunrise,false,false
1428438479868,2147483647,2147483647,2147483647,2147483647,-113,13,Sunrise,false,false
1428438479868,2147483647,2147483647,2147483647,2147483647,-113,13,Sunrise,false,false
1428438479868,2147483647,2147483647,2147483647,2147483647,-113,13,Sunrise,false,false
1428438479868,2147483647,2147483647,2147483647,2147483647,-113,13,Sunrise,false,false
1428438479868,2147483647,2147483647,2147483647,2147483647,-113,13,Sunrise,false,false
1428438539898,8966404,42000,2,228,-82,13,Sunrise,true,false
1428438539898,194,2147483647,2147483647,2147483647,-103,13,Sunrise,false,false
1428438606871,8966400,42000,2,228,-105,13,Sunrise,true,false
1428438606871,181,2147483647,2147483647,2147483647,-127,13,Sunrise,false,false
1428438606871,22,2147483647,2147483647,2147483647,-93,13,Sunrise,false,false
1428438606871,194,2147483647,2147483647,2147483647,-109,13,Sunrise,false,false
1428438606871,2147483647,2147483647,2147483647,2147483647,-113,13,Sunrise,false,false
1428438606871,2147483647,2147483647,2147483647,2147483647,-113,13,Sunrise,false,false
1428438606871,2147483647,2147483647,2147483647,2147483647,-113,13,Sunrise,false,false
1428438606871,2147483647,2147483647,2147483647,2147483647,-113,13,Sunrise,false,false
1428438606871,2147483647,2147483647,2147483647,2147483647,-113,13,Sunrise,false,false
1428438606871,2147483647,2147483647,2147483647,2147483647,-113,13,Sunrise,false,false
1428438606871,2147483647,2147483647,2147483647,2147483647,-113,13,Sunrise,false,false
1428438606871,2147483647,2147483647,2147483647,2147483647,-113,13,Sunrise,false,false
1428438606871,2147483647,2147483647,2147483647,2147483647,-113,13,Sunrise,false,false
1428438606871,2147483647,2147483647,2147483647,2147483647,-113,13,Sunrise,false,false
1428438606871,2147483647,2147483647,2147483647,2147483647,-113,13,Sunrise,false,false
1428438606871,2147483647,2147483647,2147483647,2147483647,-113,13,Sunrise,false,false
1428438606871,2147483647,2147483647,2147483647,2147483647,-113,13,Sunrise,false,false
1428438606871,2147483647,2147483647,2147483647,2147483647,-113,13,Sunrise,false,false
1428438666971,8966400,42000,2,228,-104,13,Sunrise,true,false
1428438666971,331,2147483647,2147483647,2147483647,-127,13,Sunrise,false,false
1428438666971,3,2147483647,2147483647,2147483647,-129,13,Sunrise,false,false
1428438666971,181,2147483647,2147483647,2147483647,-129,13,Sunrise,false,false
1428438666971,22,2147483647,2147483647,2147483647,-122,13,Sunrise,false,false
1428438727654,-1,-1,-1,-1,0,10,Sunrise,true,false
1428438788929,-1,-1,-1,-1,0,10,Sunrise,true,false
1428438788929,-1,-1,-1,-1,0,10,Sunrise,false,false
1428438850952,-1,-1,-1,-1,0,10,Sunrise,true,false
1428438850952,-1,-1,-1,-1,0,10,Sunrise,false,false
1428438910902,8966404,42000,2,228,-111,13,Sunrise,true,false
1428438971091,8966404,42000,2,228,-112,13,Sunrise,true,false
1428438971091,20,2147483647,2147483647,2147483647,-123,13,Sunrise,false,false
1428438971091,48,2147483647,2147483647,2147483647,-125,13,Sunrise,false,false
1428439031949,8966404,42000,2,228,-111,13,Sunrise,true,false
1428439092006,8966404,42000,2,228,-112,13,Sunrise,true,false
1428439092006,2147483647,2147483647,2147483647,2147483647,-113,13,Sunrise,false,false
1428439092006,2147483647,2147483647,2147483647,2147483647,-113,13,Sunrise,false,false
1428439092006,2147483647,2147483647,2147483647,2147483647,-113,13,Sunrise,false,false
1428439092006,2147483647,2147483647,2147483647,2147483647,-113,13,Sunrise,false,false
1428439092006,2147483647,2147483647,2147483647,2147483647,-113,13,Sunrise,false,false
1428439092006,2147483647,2147483647,2147483647,2147483647,-113,13,Sunrise,false,false
1428439092006,2147483647,2147483647,2147483647,2147483647,-113,13,Sunrise,false,false
1428439092006,2147483647,2147483647,2147483647,2147483647,-113,13,Sunrise,false,false
1428439092006,2147483647,2147483647,2147483647,2147483647,-113,13,Sunrise,false,false
1428439092006,2147483647,2147483647,2147483647,2147483647,-113,13,Sunrise,false,false
1428439092006,2147483647,2147483647,2147483647,2147483647,-113,13,Sunrise,false,false
1428439092006,2147483647,2147483647,2147483647,2147483647,-113,13,Sunrise,false,false
1428439092006,2147483647,2147483647,2147483647,2147483647,-113,13,Sunrise,false,false
1428439092006,2147483647,2147483647,2147483647,2147483647,-113,13,Sunrise,false,false
1428439160949,8966404,42000,2,228,-114,13,Sunrise,true,false
1428439160949,2147483647,2147483647,2147483647,2147483647,-113,13,Sunrise,false,false
1428439160949,2147483647,2147483647,2147483647,2147483647,-113,13,Sunrise,false,false
1428439160949,2147483647,2147483647,2147483647,2147483647,-113,13,Sunrise,false,false
1428439160949,2147483647,2147483647,2147483647,2147483647,-113,13,Sunrise,false,false
1428439160949,2147483647,2147483647,2147483647,2147483647,-113,13,Sunrise,false,false
1428439160949,2147483647,2147483647,2147483647,2147483647,-113,13,Sunrise,false,false
1428439160949,2147483647,2147483647,2147483647,2147483647,-113,13,Sunrise,false,false
1428439160949,2147483647,2147483647,2147483647,2147483647,-113,13,Sunrise,false,false
1428439160949,2147483647,2147483647,2147483647,2147483647,-113,13,Sunrise,false,false
1428439160949,2147483647,2147483647,2147483647,2147483647,-113,13,Sunrise,false,false
1428439160949,2147483647,2147483647,2147483647,2147483647,-113,13,Sunrise,false,false
1428439160949,2147483647,2147483647,2147483647,2147483647,-113,13,Sunrise,false,false
1428439160949,2147483647,2147483647,2147483647,2147483647,-113,13,Sunrise,false,false
1428439160949,2147483647,2147483647,2147483647,2147483647,-113,13,Sunrise,false,false
1428439160949,-1,-1,-1,-1,0,13,Sunrise,false,false
1428439160949,-1,-1,-1,-1,0,13,Sunrise,false,false
1428439160949,-1,-1,-1,-1,0,13,Sunrise,false,false
1428439207024,-1,-1,-1,-1,0,10,Sunrise,true,false
1428439207024,-1,-1,-1,-1,0,10,Sunrise,false,false
1428439207024,-1,-1,-1,-1,0,10,Sunrise,false,false
1428439207918,-1,-1,-1,-1,0,10,Sunrise,true,false
1428439207918,-1,-1,-1,-1,0,10,Sunrise,false,false
1428439207918,-1,-1,-1,-1,0,10,Sunrise,false,false
1428439208628,-1,-1,-1,-1,0,10,Sunrise,true,false
1428439208628,-1,-1,-1,-1,0,10,Sunrise,false,false
1428439208628,-1,-1,-1,-1,0,10,Sunrise,false,false
1428439256751,-1,-1,-1,-1,0,10,Sunrise,true,false
1428439256751,-1,-1,-1,-1,0,10,Sunrise,false,false
1428439259259,-1,-1,-1,-1,0,10,Sunrise,true,false
1428439259259,-1,-1,-1,-1,0,10,Sunrise,false,false
1428439326472,-1,-1,-1,-1,0,10,Sunrise,true,false
1428439326472,-1,-1,-1,-1,0,10,Sunrise,false,false
1428439350615,-1,-1,-1,-1,0,10,Sunrise,true,false
1428439350615,-1,-1,-1,-1,0,10,Sunrise,false,false
1428439351092,-1,-1,-1,-1,0,10,Sunrise,true,false
1428439351092,-1,-1,-1,-1,0,10,Sunrise,false,false
1428439422391,-1,-1,-1,-1,0,10,Sunrise,true,false
1428439422391,-1,-1,-1,-1,0,10,Sunrise,false,false
1428439482387,-1,-1,-1,-1,0,10,Sunrise,true,false
1428439482387,-1,-1,-1,-1,0,10,Sunrise,false,false
1428439543996,-1,-1,-1,-1,0,10,Sunrise,true,false
1428439543996,-1,-1,-1,-1,0,10,Sunrise,false,false
1428439605312,-1,-1,-1,-1,0,10,Sunrise,true,false
1428439605312,-1,-1,-1,-1,0,10,Sunrise,false,false
1428439665471,-1,-1,-1,-1,0,10,Sunrise,true,false
1428439665471,-1,-1,-1,-1,0,10,Sunrise,false,false
1428439726581,-1,-1,-1,-1,0,10,Sunrise,true,false
1428439726581,-1,-1,-1,-1,0,10,Sunrise,false,false
1428439787784,-1,-1,-1,-1,0,10,Sunrise,true,false
1428439787784,-1,-1,-1,-1,0,10,Sunrise,false,false
1428439848913,-1,-1,-1,-1,0,10,Sunrise,true,false
1428439848913,-1,-1,-1,-1,0,10,Sunrise,false,false
1428439925762,-1,-1,-1,-1,0,10,Sunrise,true,false
1428439925762,-1,-1,-1,-1,0,10,Sunrise,false,false
1428439985863,-1,-1,-1,-1,0,10,Sunrise,true,false
1428439985863,-1,-1,-1,-1,0,10,Sunrise,false,false
1428440045948,-1,-1,-1,-1,0,10,Sunrise,true,false
1428440045948,-1,-1,-1,-1,0,10,Sunrise,false,false
1428440106231,-1,-1,-1,-1,0,10,Sunrise,true,false
1428440106231,-1,-1,-1,-1,0,10,Sunrise,false,false
1428440166326,-1,-1,-1,-1,0,10,Sunrise,true,false
1428440166326,-1,-1,-1,-1,0,10,Sunrise,false,false
1428440226555,-1,-1,-1,-1,0,10,Sunrise,true,false
1428440226555,-1,-1,-1,-1,0,10,Sunrise,false,false
1428440286649,-1,-1,-1,-1,0,10,Sunrise,true,false
1428440286649,-1,-1,-1,-1,0,10,Sunrise,false,false
1428440346777,-1,-1,-1,-1,0,10,Sunrise,true,false
1428440346777,-1,-1,-1,-1,0,10,Sunrise,false,false
1428440406883,-1,-1,-1,-1,0,10,Sunrise,true,false
1428440406883,-1,-1,-1,-1,0,10,Sunrise,false,false
1428440466970,-1,-1,-1,-1,0,10,Sunrise,true,false
1428440466970,-1,-1,-1,-1,0,10,Sunrise,false,false
1428440532191,-1,-1,-1,-1,0,10,Sunrise,true,false
1428440532191,-1,-1,-1,-1,0,10,Sunrise,false,false
1428440609531,-1,-1,-1,-1,0,10,Sunrise,true,false
1428440609531,-1,-1,-1,-1,0,10,Sunrise,false,false
1428440669596,-1,-1,-1,-1,0,10,Sunrise,true,false
1428440669596,-1,-1,-1,-1,0,10,Sunrise,false,false
1428440731235,-1,-1,-1,-1,0,10,Sunrise,true,false
1428440731235,-1,-1,-1,-1,0,10,Sunrise,false,false
1428440791306,-1,-1,-1,-1,0,10,Sunrise,true,false
1428440791306,-1,-1,-1,-1,0,10,Sunrise,false,false
1428440851417,-1,-1,-1,-1,0,10,Sunrise,true,false
1428440851417,-1,-1,-1,-1,0,10,Sunrise,false,false
1428440911509,-1,-1,-1,-1,0,10,Sunrise,true,false
1428440911509,-1,-1,-1,-1,0,10,Sunrise,false,false
1428440971534,-1,-1,-1,-1,0,10,Sunrise,true,false
1428440971534,-1,-1,-1,-1,0,10,Sunrise,false,false
1428441033034,-1,-1,-1,-1,0,10,Sunrise,true,false
1428441033034,-1,-1,-1,-1,0,10,Sunrise,false,false
1428441128462,-1,-1,-1,-1,0,10,Sunrise,true,false
1428441128462,-1,-1,-1,-1,0,10,Sunrise,false,false
1428441191238,-1,-1,-1,-1,0,10,Sunrise,true,false
1428441191238,-1,-1,-1,-1,0,10,Sunrise,false,false
1428441256810,-1,-1,-1,-1,0,10,Sunrise,true,false
1428441256810,-1,-1,-1,-1,0,10,Sunrise,false,false
1428441318789,-1,-1,-1,-1,0,10,Sunrise,true,false
1428441318789,-1,-1,-1,-1,0,10,Sunrise,false,false
1428441378924,-1,-1,-1,-1,0,10,Sunrise,true,false
1428441378924,-1,-1,-1,-1,0,10,Sunrise,false,false
1428441439122,-1,-1,-1,-1,0,10,Sunrise,true,false
1428441439122,-1,-1,-1,-1,0,10,Sunrise,false,false
1428441499239,-1,-1,-1,-1,0,10,Sunrise,true,false
1428441499239,-1,-1,-1,-1,0,10,Sunrise,false,false
1428441561501,-1,-1,-1,-1,0,10,Sunrise,true,false
1428441561501,-1,-1,-1,-1,0,10,Sunrise,false,false
1428441621987,-1,-1,-1,-1,0,10,Sunrise,true,false
1428441621987,-1,-1,-1,-1,0,10,Sunrise,false,false
1428441682096,-1,-1,-1,-1,0,10,Sunrise,true,false
1428441682096,-1,-1,-1,-1,0,10,Sunrise,false,false
1428441742199,-1,-1,-1,-1,0,10,Sunrise,true,false
1428441742199,-1,-1,-1,-1,0,10,Sunrise,false,false
1428441847036,-1,-1,-1,-1,0,10,Sunrise,true,false
1428441847036,-1,-1,-1,-1,0,10,Sunrise,false,false
1428441907149,-1,-1,-1,-1,0,10,Sunrise,true,false
1428441907149,-1,-1,-1,-1,0,10,Sunrise,false,false
1428441979081,-1,-1,-1,-1,0,10,Sunrise,true,false
1428441979081,-1,-1,-1,-1,0,10,Sunrise,false,false
1428442039398,-1,-1,-1,-1,0,10,Sunrise,true,false
1428442039398,-1,-1,-1,-1,0,10,Sunrise,false,false
1428442132167,-1,-1,-1,-1,0,10,Sunrise,true,false
1428442132167,-1,-1,-1,-1,0,10,Sunrise,false,false
1428442192363,-1,-1,-1,-1,0,10,Sunrise,true,false
1428442192363,-1,-1,-1,-1,0,10,Sunrise,false,false
1428442252460,-1,-1,-1,-1,0,10,Sunrise,true,false
1428442252460,-1,-1,-1,-1,0,10,Sunrise,false,false
1428442312535,-1,-1,-1,-1,0,10,Sunrise,true,false
1428442312535,-1,-1,-1,-1,0,10,Sunrise,false,false
1428442403947,-1,-1,-1,-1,0,10,Sunrise,true,false
1428442403947,-1,-1,-1,-1,0,10,Sunrise,false,false
1428442464072,-1,-1,-1,-1,0,10,Sunrise,true,false
1428442464072,-1,-1,-1,-1,0,10,Sunrise,false,false
1428442531528,-1,-1,-1,-1,0,10,Sunrise,true,false
1428442531528,-1,-1,-1,-1,0,10,Sunrise,false,false
1428442591628,-1,-1,-1,-1,0,10,Sunrise,true,false
1428442591628,-1,-1,-1,-1,0,10,Sunrise,false,false
1428442651733,-1,-1,-1,-1,0,10,Sunrise,true,false
1428442651733,-1,-1,-1,-1,0,10,Sunrise,false,false
1428442711859,-1,-1,-1,-1,0,10,Sunrise,true,false
1428442711859,-1,-1,-1,-1,0,10,Sunrise,false,false
1428442783944,-1,-1,-1,-1,0,10,Sunrise,true,false
1428442783944,-1,-1,-1,-1,0,10,Sunrise,false,false
1428442844140,-1,-1,-1,-1,0,10,Sunrise,true,false
1428442844140,-1,-1,-1,-1,0,10,Sunrise,false,false
1428442904229,-1,-1,-1,-1,0,10,Sunrise,true,false
1428442904229,-1,-1,-1,-1,0,10,Sunrise,false,false
1428442904229,-1,-1,-1,-1,0,10,Sunrise,false,false
1428442904229,-1,-1,-1,-1,0,10,Sunrise,false,false
1428442904229,-1,-1,-1,-1,0,10,Sunrise,false,false
1428442904229,-1,-1,-1,-1,0,10,Sunrise,false,false
1428442964452,-1,-1,-1,-1,0,10,Sunrise,true,false
1428442964452,-1,-1,-1,-1,0,10,Sunrise,false,false
1428442964452,-1,-1,-1,-1,0,10,Sunrise,false,false
1428442964452,-1,-1,-1,-1,0,10,Sunrise,false,false
1428442964452,-1,-1,-1,-1,0,10,Sunrise,false,false
1428442964452,-1,-1,-1,-1,0,10,Sunrise,false,false
1428443035038,-1,-1,-1,-1,0,10,Sunrise,true,false
1428443035038,-1,-1,-1,-1,0,10,Sunrise,false,false
1428443035038,-1,-1,-1,-1,0,10,Sunrise,false,false
1428443035038,-1,-1,-1,-1,0,10,Sunrise,false,false
1428443035038,-1,-1,-1,-1,0,10,Sunrise,false,false
1428443035038,-1,-1,-1,-1,0,10,Sunrise,false,false
1428443097186,-1,-1,-1,-1,0,10,Sunrise,true,false
1428443097186,-1,-1,-1,-1,0,10,Sunrise,false,false
1428443097186,-1,-1,-1,-1,0,10,Sunrise,false,false
1428443097186,-1,-1,-1,-1,0,10,Sunrise,false,false
1428443097186,-1,-1,-1,-1,0,10,Sunrise,false,false
1428443097186,-1,-1,-1,-1,0,10,Sunrise,false,false
1428443157410,-1,-1,-1,-1,0,10,Sunrise,true,false
1428443157410,-1,-1,-1,-1,0,10,Sunrise,false,false
1428443157410,-1,-1,-1,-1,0,10,Sunrise,false,false
1428443157410,-1,-1,-1,-1,0,10,Sunrise,false,false
1428443157410,-1,-1,-1,-1,0,10,Sunrise,false,false
1428443157410,-1,-1,-1,-1,0,10,Sunrise,false,false
1428443217450,-1,-1,-1,-1,0,10,Sunrise,true,false
1428443217450,-1,-1,-1,-1,0,10,Sunrise,false,false
1428443217450,-1,-1,-1,-1,0,10,Sunrise,false,false
1428443217450,-1,-1,-1,-1,0,10,Sunrise,false,false
1428443217450,-1,-1,-1,-1,0,10,Sunrise,false,false
1428443217450,-1,-1,-1,-1,0,10,Sunrise,false,false
1428443277706,-1,-1,-1,-1,0,10,Sunrise,true,false
1428443277706,-1,-1,-1,-1,0,10,Sunrise,false,false
1428443277706,-1,-1,-1,-1,0,10,Sunrise,false,false
1428443277706,-1,-1,-1,-1,0,10,Sunrise,false,false
1428443277706,-1,-1,-1,-1,0,10,Sunrise,false,false
1428443277706,-1,-1,-1,-1,0,10,Sunrise,false,false
1428443337886,-1,-1,-1,-1,0,10,Sunrise,true,false
1428443337886,-1,-1,-1,-1,0,10,Sunrise,false,false
1428443337886,-1,-1,-1,-1,0,10,Sunrise,false,false
1428443337886,-1,-1,-1,-1,0,10,Sunrise,false,false
1428443337886,-1,-1,-1,-1,0,10,Sunrise,false,false
1428443337886,-1,-1,-1,-1,0,10,Sunrise,false,false
1428443419247,-1,-1,-1,-1,0,10,Sunrise,true,false
1428443419247,-1,-1,-1,-1,0,10,Sunrise,false,false
1428443419247,-1,-1,-1,-1,0,10,Sunrise,false,false
1428443419247,-1,-1,-1,-1,0,10,Sunrise,false,false
1428443419247,-1,-1,-1,-1,0,10,Sunrise,false,false
1428443419247,-1,-1,-1,-1,0,10,Sunrise,false,false
1428443479366,-1,-1,-1,-1,0,10,Sunrise,true,false
1428443479366,-1,-1,-1,-1,0,10,Sunrise,false,false
1428443479366,-1,-1,-1,-1,0,10,Sunrise,false,false
1428443479366,-1,-1,-1,-1,0,10,Sunrise,false,false
1428443479366,-1,-1,-1,-1,0,10,Sunrise,false,false
1428443479366,-1,-1,-1,-1,0,10,Sunrise,false,false
1428443539602,-1,-1,-1,-1,0,10,Sunrise,true,false
1428443539602,-1,-1,-1,-1,0,10,Sunrise,false,false
1428443539602,-1,-1,-1,-1,0,10,Sunrise,false,false
1428443539602,-1,-1,-1,-1,0,10,Sunrise,false,false
1428443539602,-1,-1,-1,-1,0,10,Sunrise,false,false
1428443539602,-1,-1,-1,-1,0,10,Sunrise,false,false
1428443623005,-1,-1,-1,-1,0,10,Sunrise,true,false
1428443623005,-1,-1,-1,-1,0,10,Sunrise,false,false
1428443623005,-1,-1,-1,-1,0,10,Sunrise,false,false
1428443623005,-1,-1,-1,-1,0,10,Sunrise,false,false
1428443623005,-1,-1,-1,-1,0,10,Sunrise,false,false
1428443623005,-1,-1,-1,-1,0,10,Sunrise,false,false
1428443685755,-1,-1,-1,-1,0,10,Sunrise,true,false
1428443685755,-1,-1,-1,-1,0,10,Sunrise,false,false
1428443685755,-1,-1,-1,-1,0,10,Sunrise,false,false
1428443685755,-1,-1,-1,-1,0,10,Sunrise,false,false
1428443685755,-1,-1,-1,-1,0,10,Sunrise,false,false
1428443685755,-1,-1,-1,-1,0,10,Sunrise,false,false
1428443685755,-1,-1,-1,-1,0,10,Sunrise,false,false
1428443767446,-1,-1,-1,-1,0,10,Sunrise,true,false
1428443767446,-1,-1,-1,-1,0,10,Sunrise,false,false
1428443767446,-1,-1,-1,-1,0,10,Sunrise,false,false
1428443767446,-1,-1,-1,-1,0,10,Sunrise,false,false
1428443767446,-1,-1,-1,-1,0,10,Sunrise,false,false
1428443767446,-1,-1,-1,-1,0,10,Sunrise,false,false
1428443767446,-1,-1,-1,-1,0,10,Sunrise,false,false
1428443827561,-1,-1,-1,-1,0,10,Sunrise,true,false
1428443827561,-1,-1,-1,-1,0,10,Sunrise,false,false
1428443827561,-1,-1,-1,-1,0,10,Sunrise,false,false
1428443827561,-1,-1,-1,-1,0,10,Sunrise,false,false
1428443827561,-1,-1,-1,-1,0,10,Sunrise,false,false
1428443827561,-1,-1,-1,-1,0,10,Sunrise,false,false
1428443827561,-1,-1,-1,-1,0,10,Sunrise,false,false
1428443908131,-1,-1,-1,-1,0,10,Sunrise,true,false
1428443908131,-1,-1,-1,-1,0,10,Sunrise,false,false
1428443908131,-1,-1,-1,-1,0,10,Sunrise,false,false
1428443908131,-1,-1,-1,-1,0,10,Sunrise,false,false
1428443908131,-1,-1,-1,-1,0,10,Sunrise,false,false
1428443908131,-1,-1,-1,-1,0,10,Sunrise,false,false
1428443908131,-1,-1,-1,-1,0,10,Sunrise,false,false
1428443968108,-1,-1,-1,-1,0,10,Sunrise,true,false
1428443968108,-1,-1,-1,-1,0,10,Sunrise,false,false
1428443968108,-1,-1,-1,-1,0,10,Sunrise,false,false
1428443968108,-1,-1,-1,-1,0,10,Sunrise,false,false
1428443968108,-1,-1,-1,-1,0,10,Sunrise,false,false
1428443968108,-1,-1,-1,-1,0,10,Sunrise,false,false
1428443968108,-1,-1,-1,-1,0,10,Sunrise,false,false
