1428357600684,com.android.bluetooth.hid.HidService,com.android.bluetooth,1002,0,41148,[],false,true,2,2,41157,
1428357600684,com.android.exchange.service.EasService,com.google.android.gm.exchange,10157,2752,54256,[STARTED],false,true,1,1,33930535,
1428357600684,com.google.android.music.dial.DialMediaRouteProviderService,com.google.android.music:main,10058,0,21711939,[],false,true,0,0,10495967,
1428357600684,ch.unige.css.services.PingService,ch.unige.ping,10074,1449,56743961,[STARTED],false,true,0,0,34077492,
1428357600684,com.android.systemui.keyguard.KeyguardService,com.android.systemui,10012,906,42358,[PERSISTENT],false,false,1,1,42367,
1428357600684,com.google.android.gms.droidguard.DroidGuardService,com.google.android.gms.unstable,10007,9162,53738077,[],false,true,1,1,33607138,
1428357600684,ch.unige.css.services.main.CssRegistryService,ch.unige.ping:background,10074,13902,17964876,[STARTED],false,true,0,0,6748905,
1428357600684,com.whatsapp.messaging.MessageService,com.whatsapp,10159,7286,68313,[STARTED],false,true,1,1,33311703,
1428357600684,ccc71.at.services.at_service,ccc71.bmw.pro:services,10110,4012,69150,[STARTED],false,true,0,0,69159,
1428357600684,com.google.android.location.geocode.GeocodeService,com.google.process.location,10007,17755,50924882,[],false,true,1,1,31915807,
1428357660667,com.android.bluetooth.hid.HidService,com.android.bluetooth,1002,0,41148,[],false,true,2,2,41157,
1428357660667,com.google.android.gms.fitness.service.history.FitHistoryBroker,com.google.process.location,10007,17755,56744517,[],false,true,1,1,34078048,
1428357660667,com.android.exchange.service.EasService,com.google.android.gm.exchange,10157,2752,54256,[STARTED],false,true,1,1,33930535,
1428357660667,com.google.android.music.dial.DialMediaRouteProviderService,com.google.android.music:main,10058,0,21711939,[],false,true,0,0,10495967,
1428357660667,ch.unige.css.services.PingService,ch.unige.ping,10074,1449,56803995,[STARTED],false,true,0,0,34081160,
1428357660667,com.google.android.gms.fitness.service.config.FitConfigBroker,com.google.process.location,10007,17755,56744520,[],false,true,1,1,34078051,
1428357660667,com.android.systemui.keyguard.KeyguardService,com.android.systemui,10012,906,42358,[PERSISTENT],false,false,1,1,42367,
1428357660667,com.google.android.gms.droidguard.DroidGuardService,com.google.android.gms.unstable,10007,9162,53738077,[],false,true,1,1,33607138,
1428357660667,ch.unige.css.services.main.CssRegistryService,ch.unige.ping:background,10074,13902,17964876,[STARTED],false,true,0,0,6748905,
1428357660667,com.whatsapp.messaging.MessageService,com.whatsapp,10159,7286,68313,[STARTED],false,true,1,1,33311703,
1428357720695,com.android.bluetooth.hid.HidService,com.android.bluetooth,1002,0,41148,[],false,true,2,2,41157,
1428357720695,com.google.android.gms.fitness.service.history.FitHistoryBroker,com.google.process.location,10007,17755,56744517,[],false,true,1,1,34078048,
1428357720695,com.android.exchange.service.EasService,com.google.android.gm.exchange,10157,2752,54256,[STARTED],false,true,1,1,33930535,
1428357720695,com.google.android.music.dial.DialMediaRouteProviderService,com.google.android.music:main,10058,0,21711939,[],false,true,0,0,10495967,
1428357720695,ch.unige.css.services.PingService,ch.unige.ping,10074,1449,56864017,[STARTED],false,true,0,0,34083217,
1428357720695,com.google.android.gms.fitness.service.config.FitConfigBroker,com.google.process.location,10007,17755,56744520,[],false,true,1,1,34078051,
1428357720695,com.android.systemui.keyguard.KeyguardService,com.android.systemui,10012,906,42358,[PERSISTENT],false,false,1,1,42367,
1428357720695,com.google.android.gms.droidguard.DroidGuardService,com.google.android.gms.unstable,10007,9162,53738077,[],false,true,1,1,33607138,
1428357720695,ch.unige.css.services.main.CssRegistryService,ch.unige.ping:background,10074,13902,17964876,[STARTED],false,true,0,0,6748905,
1428357720695,com.whatsapp.messaging.MessageService,com.whatsapp,10159,7286,68313,[STARTED],false,true,1,1,33311703,
1428357780794,com.android.bluetooth.hid.HidService,com.android.bluetooth,1002,0,41148,[],false,true,2,2,41157,
1428357780794,com.android.exchange.service.EasService,com.google.android.gm.exchange,10157,2752,54256,[STARTED],false,true,1,1,33930535,
1428357780794,com.google.android.music.dial.DialMediaRouteProviderService,com.google.android.music:main,10058,0,21711939,[],false,true,0,0,10495967,
1428357780794,ch.unige.css.services.PingService,ch.unige.ping,10074,1449,56924115,[STARTED],false,true,0,0,34084929,
1428357780794,com.android.systemui.keyguard.KeyguardService,com.android.systemui,10012,906,42358,[PERSISTENT],false,false,1,1,42367,
1428357780794,com.google.android.gms.droidguard.DroidGuardService,com.google.android.gms.unstable,10007,9162,53738077,[],false,true,1,1,33607138,
1428357780794,ch.unige.css.services.main.CssRegistryService,ch.unige.ping:background,10074,13902,17964876,[STARTED],false,true,0,0,6748905,
1428357780794,com.whatsapp.messaging.MessageService,com.whatsapp,10159,7286,68313,[STARTED],false,true,1,1,33311703,
1428357780794,ccc71.at.services.at_service,ccc71.bmw.pro:services,10110,4012,69150,[STARTED],false,true,0,0,69159,
1428357780794,com.google.android.location.geocode.GeocodeService,com.google.process.location,10007,17755,50924882,[],false,true,1,1,31915807,
1428357840923,com.android.bluetooth.hid.HidService,com.android.bluetooth,1002,0,41148,[],false,true,2,2,41157,
1428357840923,com.android.exchange.service.EasService,com.google.android.gm.exchange,10157,2752,54256,[STARTED],false,true,1,1,33930535,
1428357840923,com.google.android.music.dial.DialMediaRouteProviderService,com.google.android.music:main,10058,0,21711939,[],false,true,0,0,10495967,
1428357840923,ch.unige.css.services.PingService,ch.unige.ping,10074,1449,56984253,[STARTED],false,true,0,0,34086908,
1428357840923,com.android.systemui.keyguard.KeyguardService,com.android.systemui,10012,906,42358,[PERSISTENT],false,false,1,1,42367,
1428357840923,com.google.android.gms.droidguard.DroidGuardService,com.google.android.gms.unstable,10007,9162,53738077,[],false,true,1,1,33607138,
1428357840923,ch.unige.css.services.main.CssRegistryService,ch.unige.ping:background,10074,13902,17964876,[STARTED],false,true,0,0,6748905,
1428357840923,com.whatsapp.messaging.MessageService,com.whatsapp,10159,7286,68313,[STARTED],false,true,1,1,33311703,
1428357840923,ccc71.at.services.at_service,ccc71.bmw.pro:services,10110,4012,69150,[STARTED],false,true,0,0,69159,
1428357840923,com.google.android.location.geocode.GeocodeService,com.google.process.location,10007,17755,50924882,[],false,true,1,1,31915807,
1428357900959,com.android.bluetooth.hid.HidService,com.android.bluetooth,1002,0,41148,[],false,true,2,2,41157,
1428357900959,com.android.exchange.service.EasService,com.google.android.gm.exchange,10157,2752,54256,[STARTED],false,true,1,1,33930535,
1428357900959,com.google.android.music.dial.DialMediaRouteProviderService,com.google.android.music:main,10058,0,21711939,[],false,true,0,0,10495967,
1428357900959,ch.unige.css.services.PingService,ch.unige.ping,10074,1449,57044268,[STARTED],false,true,0,0,34089143,
1428357900959,com.android.systemui.keyguard.KeyguardService,com.android.systemui,10012,906,42358,[PERSISTENT],false,false,1,1,42367,
1428357900959,com.google.android.gms.droidguard.DroidGuardService,com.google.android.gms.unstable,10007,9162,53738077,[],false,true,1,1,33607138,
1428357900959,ch.unige.css.services.main.CssRegistryService,ch.unige.ping:background,10074,13902,17964876,[STARTED],false,true,0,0,6748905,
1428357900959,com.whatsapp.messaging.MessageService,com.whatsapp,10159,7286,68313,[STARTED],false,true,1,1,33311703,
1428357900959,ccc71.at.services.at_service,ccc71.bmw.pro:services,10110,4012,69150,[STARTED],false,true,0,0,69159,
1428357900959,com.google.android.location.geocode.GeocodeService,com.google.process.location,10007,17755,50924882,[],false,true,1,1,31915807,
1428357961609,com.android.bluetooth.hid.HidService,com.android.bluetooth,1002,0,41148,[],false,true,2,2,41157,
1428357961609,com.android.exchange.service.EasService,com.google.android.gm.exchange,10157,2752,54256,[STARTED],false,true,1,1,33930535,
1428357961609,com.google.android.music.dial.DialMediaRouteProviderService,com.google.android.music:main,10058,0,21711939,[],false,true,0,0,10495967,
1428357961609,ch.unige.css.services.PingService,ch.unige.ping,10074,1449,57104932,[STARTED],false,true,0,0,34099982,
1428357961609,com.android.systemui.keyguard.KeyguardService,com.android.systemui,10012,906,42358,[PERSISTENT],false,false,1,1,42367,
1428357961609,com.google.android.gms.droidguard.DroidGuardService,com.google.android.gms.unstable,10007,9162,53738077,[],false,true,1,1,33607138,
1428357961609,ch.unige.css.services.main.CssRegistryService,ch.unige.ping:background,10074,13902,17964876,[STARTED],false,true,0,0,6748905,
1428357961609,com.whatsapp.messaging.MessageService,com.whatsapp,10159,7286,68313,[STARTED],false,true,1,1,33311703,
1428357961609,ccc71.at.services.at_service,ccc71.bmw.pro:services,10110,4012,69150,[STARTED],false,true,0,0,69159,
1428357961609,com.google.android.location.geocode.GeocodeService,com.google.process.location,10007,17755,50924882,[],false,true,1,1,31915807,
1428358021596,com.android.bluetooth.hid.HidService,com.android.bluetooth,1002,0,41148,[],false,true,2,2,41157,
1428358021596,com.android.exchange.service.EasService,com.google.android.gm.exchange,10157,2752,54256,[STARTED],false,true,1,1,33930535,
1428358021596,com.google.android.music.dial.DialMediaRouteProviderService,com.google.android.music:main,10058,0,21711939,[],false,true,0,0,10495967,
1428358021596,ch.unige.css.services.PingService,ch.unige.ping,10074,1449,57164948,[STARTED],false,true,0,0,34101194,
1428358021596,com.android.systemui.keyguard.KeyguardService,com.android.systemui,10012,906,42358,[PERSISTENT],false,false,1,1,42367,
1428358021596,com.google.android.gms.droidguard.DroidGuardService,com.google.android.gms.unstable,10007,9162,53738077,[],false,true,1,1,33607138,
1428358021596,ch.unige.css.services.main.CssRegistryService,ch.unige.ping:background,10074,13902,17964876,[STARTED],false,true,0,0,6748905,
1428358021596,com.whatsapp.messaging.MessageService,com.whatsapp,10159,7286,68313,[STARTED],false,true,1,1,33311703,
1428358021596,ccc71.at.services.at_service,ccc71.bmw.pro:services,10110,4012,69150,[STARTED],false,true,0,0,69159,
1428358021596,com.google.android.location.geocode.GeocodeService,com.google.process.location,10007,17755,50924882,[],false,true,1,1,31915807,
1428358081678,com.android.bluetooth.hid.HidService,com.android.bluetooth,1002,0,41148,[],false,true,2,2,41157,
1428358081678,com.android.exchange.service.EasService,com.google.android.gm.exchange,10157,2752,54256,[STARTED],false,true,1,1,33930535,
1428358081678,com.google.android.music.dial.DialMediaRouteProviderService,com.google.android.music:main,10058,0,21711939,[],false,true,0,0,10495967,
1428358081678,ch.unige.css.services.PingService,ch.unige.ping,10074,1449,57224986,[STARTED],false,true,0,0,34102730,
1428358081678,com.android.systemui.keyguard.KeyguardService,com.android.systemui,10012,906,42358,[PERSISTENT],false,false,1,1,42367,
1428358081678,com.google.android.gms.droidguard.DroidGuardService,com.google.android.gms.unstable,10007,9162,53738077,[],false,true,1,1,33607138,
1428358081678,ch.unige.css.services.main.CssRegistryService,ch.unige.ping:background,10074,13902,17964876,[STARTED],false,true,0,0,6748905,
1428358081678,com.whatsapp.messaging.MessageService,com.whatsapp,10159,7286,68313,[STARTED],false,true,1,1,33311703,
1428358081678,ccc71.at.services.at_service,ccc71.bmw.pro:services,10110,4012,69150,[STARTED],false,true,0,0,69159,
1428358081678,com.google.android.location.geocode.GeocodeService,com.google.process.location,10007,17755,50924882,[],false,true,1,1,31915807,
1428358141746,com.android.bluetooth.hid.HidService,com.android.bluetooth,1002,0,41148,[],false,true,2,2,41157,
1428358141746,com.android.exchange.service.EasService,com.google.android.gm.exchange,10157,2752,54256,[STARTED],false,true,1,1,33930535,
1428358141746,com.google.android.music.dial.DialMediaRouteProviderService,com.google.android.music:main,10058,0,21711939,[],false,true,0,0,10495967,
1428358141746,ch.unige.css.services.PingService,ch.unige.ping,10074,1449,57285038,[STARTED],false,true,0,0,34104238,
1428358141746,com.android.systemui.keyguard.KeyguardService,com.android.systemui,10012,906,42358,[PERSISTENT],false,false,1,1,42367,
1428358141746,com.google.android.gms.droidguard.DroidGuardService,com.google.android.gms.unstable,10007,9162,53738077,[],false,true,1,1,33607138,
1428358141746,ch.unige.css.services.main.CssRegistryService,ch.unige.ping:background,10074,13902,17964876,[STARTED],false,true,0,0,6748905,
1428358141746,com.whatsapp.messaging.MessageService,com.whatsapp,10159,7286,68313,[STARTED],false,true,1,1,33311703,
1428358141746,ccc71.at.services.at_service,ccc71.bmw.pro:services,10110,4012,69150,[STARTED],false,true,0,0,69159,
1428358141746,com.google.android.location.geocode.GeocodeService,com.google.process.location,10007,17755,50924882,[],false,true,1,1,31915807,
1428358201804,com.android.bluetooth.hid.HidService,com.android.bluetooth,1002,0,41148,[],false,true,2,2,41157,
1428358201804,com.android.exchange.service.EasService,com.google.android.gm.exchange,10157,2752,54256,[STARTED],false,true,1,1,33930535,
1428358201804,com.google.android.music.dial.DialMediaRouteProviderService,com.google.android.music:main,10058,0,21711939,[],false,true,0,0,10495967,
1428358201804,ch.unige.css.services.PingService,ch.unige.ping,10074,1449,57345122,[STARTED],false,true,0,0,34105933,
1428358201804,com.android.systemui.keyguard.KeyguardService,com.android.systemui,10012,906,42358,[PERSISTENT],false,false,1,1,42367,
1428358201804,com.google.android.gms.droidguard.DroidGuardService,com.google.android.gms.unstable,10007,9162,53738077,[],false,true,1,1,33607138,
1428358201804,ch.unige.css.services.main.CssRegistryService,ch.unige.ping:background,10074,13902,17964876,[STARTED],false,true,0,0,6748905,
1428358201804,com.whatsapp.messaging.MessageService,com.whatsapp,10159,7286,68313,[STARTED],false,true,1,1,33311703,
1428358201804,ccc71.at.services.at_service,ccc71.bmw.pro:services,10110,4012,69150,[STARTED],false,true,0,0,69159,
1428358201804,com.google.android.location.geocode.GeocodeService,com.google.process.location,10007,17755,50924882,[],false,true,1,1,31915807,
1428358261963,com.android.bluetooth.hid.HidService,com.android.bluetooth,1002,0,41148,[],false,true,2,2,41157,
1428358261963,com.android.exchange.service.EasService,com.google.android.gm.exchange,10157,2752,54256,[STARTED],false,true,1,1,33930535,
1428358261963,com.google.android.music.dial.DialMediaRouteProviderService,com.google.android.music:main,10058,0,21711939,[],false,true,0,0,10495967,
1428358261963,ch.unige.css.services.PingService,ch.unige.ping,10074,1449,57405275,[STARTED],false,true,0,0,34107936,
1428358261963,com.android.systemui.keyguard.KeyguardService,com.android.systemui,10012,906,42358,[PERSISTENT],false,false,1,1,42367,
1428358261963,com.google.android.gms.droidguard.DroidGuardService,com.google.android.gms.unstable,10007,9162,53738077,[],false,true,1,1,33607138,
1428358261963,ch.unige.css.services.main.CssRegistryService,ch.unige.ping:background,10074,13902,17964876,[STARTED],false,true,0,0,6748905,
1428358261963,com.whatsapp.messaging.MessageService,com.whatsapp,10159,7286,68313,[STARTED],false,true,1,1,33311703,
1428358261963,ccc71.at.services.at_service,ccc71.bmw.pro:services,10110,4012,69150,[STARTED],false,true,0,0,69159,
1428358261963,com.google.android.location.geocode.GeocodeService,com.google.process.location,10007,17755,50924882,[],false,true,1,1,31915807,
1428358322012,com.android.bluetooth.hid.HidService,com.android.bluetooth,1002,0,41148,[],false,true,2,2,41157,
1428358322012,com.android.exchange.service.EasService,com.google.android.gm.exchange,10157,2752,54256,[STARTED],false,true,1,1,33930535,
1428358322012,com.google.android.music.dial.DialMediaRouteProviderService,com.google.android.music:main,10058,0,21711939,[],false,true,0,0,10495967,
1428358322012,ch.unige.css.services.PingService,ch.unige.ping,10074,1449,57465303,[STARTED],false,true,0,0,34109878,
1428358322012,com.android.systemui.keyguard.KeyguardService,com.android.systemui,10012,906,42358,[PERSISTENT],false,false,1,1,42367,
1428358322012,com.google.android.gms.droidguard.DroidGuardService,com.google.android.gms.unstable,10007,9162,53738077,[],false,true,1,1,33607138,
1428358322012,ch.unige.css.services.main.CssRegistryService,ch.unige.ping:background,10074,13902,17964876,[STARTED],false,true,0,0,6748905,
1428358322012,com.whatsapp.messaging.MessageService,com.whatsapp,10159,7286,68313,[STARTED],false,true,1,1,33311703,
1428358322012,ccc71.at.services.at_service,ccc71.bmw.pro:services,10110,4012,69150,[STARTED],false,true,0,0,69159,
1428358322012,com.google.android.location.geocode.GeocodeService,com.google.process.location,10007,17755,50924882,[],false,true,1,1,31915807,
1428358382063,com.android.bluetooth.hid.HidService,com.android.bluetooth,1002,0,41148,[],false,true,2,2,41157,
1428358382063,com.android.exchange.service.EasService,com.google.android.gm.exchange,10157,2752,54256,[STARTED],false,true,1,1,33930535,
1428358382063,com.google.android.music.dial.DialMediaRouteProviderService,com.google.android.music:main,10058,0,21711939,[],false,true,0,0,10495967,
1428358382063,ch.unige.css.services.PingService,ch.unige.ping,10074,1449,57525374,[STARTED],false,true,0,0,34112259,
1428358382063,com.android.systemui.keyguard.KeyguardService,com.android.systemui,10012,906,42358,[PERSISTENT],false,false,1,1,42367,
1428358382063,com.google.android.gms.droidguard.DroidGuardService,com.google.android.gms.unstable,10007,9162,53738077,[],false,true,1,1,33607138,
1428358382063,ch.unige.css.services.main.CssRegistryService,ch.unige.ping:background,10074,13902,17964876,[STARTED],false,true,0,0,6748905,
1428358382063,com.whatsapp.messaging.MessageService,com.whatsapp,10159,7286,68313,[STARTED],false,true,1,1,33311703,
1428358382063,ccc71.at.services.at_service,ccc71.bmw.pro:services,10110,4012,69150,[STARTED],false,true,0,0,69159,
1428358382063,com.google.android.location.geocode.GeocodeService,com.google.process.location,10007,17755,50924882,[],false,true,1,1,31915807,
1428358442104,com.android.bluetooth.hid.HidService,com.android.bluetooth,1002,0,41148,[],false,true,2,2,41157,
1428358442104,com.android.exchange.service.EasService,com.google.android.gm.exchange,10157,2752,54256,[STARTED],false,true,1,1,33930535,
1428358442104,com.google.android.music.dial.DialMediaRouteProviderService,com.google.android.music:main,10058,0,21711939,[],false,true,0,0,10495967,
1428358442104,ch.unige.css.services.PingService,ch.unige.ping,10074,1449,57585437,[STARTED],false,true,0,0,34114832,
1428358442104,com.android.systemui.keyguard.KeyguardService,com.android.systemui,10012,906,42358,[PERSISTENT],false,false,1,1,42367,
1428358442104,com.google.android.gms.droidguard.DroidGuardService,com.google.android.gms.unstable,10007,9162,53738077,[],false,true,1,1,33607138,
1428358442104,ch.unige.css.services.main.CssRegistryService,ch.unige.ping:background,10074,13902,17964876,[STARTED],false,true,0,0,6748905,
1428358442104,com.whatsapp.messaging.MessageService,com.whatsapp,10159,7286,68313,[STARTED],false,true,1,1,33311703,
1428358442104,ccc71.at.services.at_service,ccc71.bmw.pro:services,10110,4012,69150,[STARTED],false,true,0,0,69159,
1428358442104,com.google.android.location.geocode.GeocodeService,com.google.process.location,10007,17755,50924882,[],false,true,1,1,31915807,
1428358502203,com.android.bluetooth.hid.HidService,com.android.bluetooth,1002,0,41148,[],false,true,2,2,41157,
1428358502203,com.android.exchange.service.EasService,com.google.android.gm.exchange,10157,2752,54256,[STARTED],false,true,1,1,33930535,
1428358502203,com.google.android.music.dial.DialMediaRouteProviderService,com.google.android.music:main,10058,0,21711939,[],false,true,0,0,10495967,
1428358502203,ch.unige.css.services.PingService,ch.unige.ping,10074,1449,57645531,[STARTED],false,true,0,0,34117446,
1428358502203,com.android.systemui.keyguard.KeyguardService,com.android.systemui,10012,906,42358,[PERSISTENT],false,false,1,1,42367,
1428358502203,com.google.android.gms.droidguard.DroidGuardService,com.google.android.gms.unstable,10007,9162,53738077,[],false,true,1,1,33607138,
1428358502203,ch.unige.css.services.main.CssRegistryService,ch.unige.ping:background,10074,13902,17964876,[STARTED],false,true,0,0,6748905,
1428358502203,com.whatsapp.messaging.MessageService,com.whatsapp,10159,7286,68313,[STARTED],false,true,1,1,33311703,
1428358502203,ccc71.at.services.at_service,ccc71.bmw.pro:services,10110,4012,69150,[STARTED],false,true,0,0,69159,
1428358502203,com.google.android.location.geocode.GeocodeService,com.google.process.location,10007,17755,50924882,[],false,true,1,1,31915807,
1428358593672,com.android.bluetooth.hid.HidService,com.android.bluetooth,1002,0,41148,[],false,true,2,2,41157,
1428358593672,com.android.exchange.service.EasService,com.google.android.gm.exchange,10157,2752,54256,[STARTED],false,true,1,1,33930535,
1428358593672,com.google.android.music.dial.DialMediaRouteProviderService,com.google.android.music:main,10058,0,21711939,[],false,true,0,0,10495967,
1428358593672,ch.unige.css.services.PingService,ch.unige.ping,10074,1449,57736955,[STARTED],false,true,0,0,34127846,
1428358593672,com.android.systemui.keyguard.KeyguardService,com.android.systemui,10012,906,42358,[PERSISTENT],false,false,1,1,42367,
1428358593672,com.google.android.gms.droidguard.DroidGuardService,com.google.android.gms.unstable,10007,9162,53738077,[],false,true,1,1,33607138,
1428358593672,ch.unige.css.services.main.CssRegistryService,ch.unige.ping:background,10074,13902,17964876,[STARTED],false,true,0,0,6748905,
1428358593672,com.whatsapp.messaging.MessageService,com.whatsapp,10159,7286,68313,[STARTED],false,true,1,1,33311703,
1428358593672,ccc71.at.services.at_service,ccc71.bmw.pro:services,10110,4012,69150,[STARTED],false,true,0,0,69159,
1428358593672,com.google.android.location.geocode.GeocodeService,com.google.process.location,10007,17755,50924882,[],false,true,1,1,31915807,
1428358653640,com.android.bluetooth.hid.HidService,com.android.bluetooth,1002,0,41148,[],false,true,2,2,41157,
1428358653640,com.google.android.gms.fitness.service.history.FitHistoryBroker,com.google.process.location,10007,17755,57737152,[],false,true,1,1,34128042,
1428358653640,com.android.exchange.service.EasService,com.google.android.gm.exchange,10157,2752,54256,[STARTED],false,true,1,1,33930535,
1428358653640,com.google.android.music.dial.DialMediaRouteProviderService,com.google.android.music:main,10058,0,21711939,[],false,true,0,0,10495967,
1428358653640,ch.unige.css.services.PingService,ch.unige.ping,10074,1449,57796977,[STARTED],false,true,0,0,34129762,
1428358653640,com.google.android.gms.fitness.service.config.FitConfigBroker,com.google.process.location,10007,17755,57737157,[],false,true,1,1,34128047,
1428358653640,com.android.systemui.keyguard.KeyguardService,com.android.systemui,10012,906,42358,[PERSISTENT],false,false,1,1,42367,
1428358653640,com.google.android.gms.droidguard.DroidGuardService,com.google.android.gms.unstable,10007,9162,53738077,[],false,true,1,1,33607138,
1428358653640,ch.unige.css.services.main.CssRegistryService,ch.unige.ping:background,10074,13902,17964876,[STARTED],false,true,0,0,6748905,
1428358653640,com.whatsapp.messaging.MessageService,com.whatsapp,10159,7286,68313,[STARTED],false,true,1,1,33311703,
1428358713658,com.android.bluetooth.hid.HidService,com.android.bluetooth,1002,0,41148,[],false,true,2,2,41157,
1428358713658,com.google.android.gms.fitness.service.history.FitHistoryBroker,com.google.process.location,10007,17755,57737152,[],false,true,1,1,34128042,
1428358713658,com.android.exchange.service.EasService,com.google.android.gm.exchange,10157,2752,54256,[STARTED],false,true,1,1,33930535,
1428358713658,com.google.android.music.dial.DialMediaRouteProviderService,com.google.android.music:main,10058,0,21711939,[],false,true,0,0,10495967,
1428358713658,ch.unige.css.services.PingService,ch.unige.ping,10074,1449,57856997,[STARTED],false,true,0,0,34131282,
1428358713658,com.google.android.gms.fitness.service.config.FitConfigBroker,com.google.process.location,10007,17755,57737157,[],false,true,1,1,34128047,
1428358713658,com.android.systemui.keyguard.KeyguardService,com.android.systemui,10012,906,42358,[PERSISTENT],false,false,1,1,42367,
1428358713658,com.google.android.gms.droidguard.DroidGuardService,com.google.android.gms.unstable,10007,9162,53738077,[],false,true,1,1,33607138,
1428358713658,ch.unige.css.services.main.CssRegistryService,ch.unige.ping:background,10074,13902,17964876,[STARTED],false,true,0,0,6748905,
1428358713658,com.whatsapp.messaging.MessageService,com.whatsapp,10159,7286,68313,[STARTED],false,true,1,1,33311703,
1428358773747,com.android.bluetooth.hid.HidService,com.android.bluetooth,1002,0,41148,[],false,true,2,2,41157,
1428358773747,com.google.android.gms.fitness.service.history.FitHistoryBroker,com.google.process.location,10007,17755,57737152,[],false,true,1,1,34128042,
1428358773747,com.android.exchange.service.EasService,com.google.android.gm.exchange,10157,2752,54256,[STARTED],false,true,1,1,33930535,
1428358773747,com.google.android.music.dial.DialMediaRouteProviderService,com.google.android.music:main,10058,0,21711939,[],false,true,0,0,10495967,
1428358773747,ch.unige.css.services.PingService,ch.unige.ping,10074,1449,57917067,[STARTED],false,true,0,0,34132808,
1428358773747,com.google.android.gms.fitness.service.config.FitConfigBroker,com.google.process.location,10007,17755,57737157,[],false,true,1,1,34128047,
1428358773747,com.android.systemui.keyguard.KeyguardService,com.android.systemui,10012,906,42358,[PERSISTENT],false,false,1,1,42367,
1428358773747,com.google.android.gms.droidguard.DroidGuardService,com.google.android.gms.unstable,10007,9162,53738077,[],false,true,1,1,33607138,
1428358773747,ch.unige.css.services.main.CssRegistryService,ch.unige.ping:background,10074,13902,17964876,[STARTED],false,true,0,0,6748905,
1428358773747,com.whatsapp.messaging.MessageService,com.whatsapp,10159,7286,68313,[STARTED],false,true,1,1,33311703,
1428358833775,com.android.bluetooth.hid.HidService,com.android.bluetooth,1002,0,41148,[],false,true,2,2,41157,
1428358833775,com.android.exchange.service.EasService,com.google.android.gm.exchange,10157,2752,54256,[STARTED],false,true,1,1,33930535,
1428358833775,com.google.android.music.dial.DialMediaRouteProviderService,com.google.android.music:main,10058,0,21711939,[],false,true,0,0,10495967,
1428358833775,ch.unige.css.services.PingService,ch.unige.ping,10074,1449,57977098,[STARTED],false,true,0,0,34134459,
1428358833775,com.android.systemui.keyguard.KeyguardService,com.android.systemui,10012,906,42358,[PERSISTENT],false,false,1,1,42367,
1428358833775,com.google.android.gms.droidguard.DroidGuardService,com.google.android.gms.unstable,10007,9162,53738077,[],false,true,1,1,33607138,
1428358833775,ch.unige.css.services.main.CssRegistryService,ch.unige.ping:background,10074,13902,17964876,[STARTED],false,true,0,0,6748905,
1428358833775,com.whatsapp.messaging.MessageService,com.whatsapp,10159,7286,68313,[STARTED],false,true,1,1,33311703,
1428358833775,ccc71.at.services.at_service,ccc71.bmw.pro:services,10110,4012,69150,[STARTED],false,true,0,0,69159,
1428358833775,com.google.android.location.geocode.GeocodeService,com.google.process.location,10007,17755,50924882,[],false,true,1,1,31915807,
1428358893958,com.android.bluetooth.hid.HidService,com.android.bluetooth,1002,0,41148,[],false,true,2,2,41157,
1428358893958,com.android.exchange.service.EasService,com.google.android.gm.exchange,10157,2752,54256,[STARTED],false,true,1,1,33930535,
1428358893958,com.google.android.music.dial.DialMediaRouteProviderService,com.google.android.music:main,10058,0,21711939,[],false,true,0,0,10495967,
1428358893958,ch.unige.css.services.PingService,ch.unige.ping,10074,1449,58037252,[STARTED],false,true,0,0,34136346,
1428358893958,com.android.systemui.keyguard.KeyguardService,com.android.systemui,10012,906,42358,[PERSISTENT],false,false,1,1,42367,
1428358893958,com.google.android.gms.droidguard.DroidGuardService,com.google.android.gms.unstable,10007,9162,53738077,[],false,true,1,1,33607138,
1428358893958,ch.unige.css.services.main.CssRegistryService,ch.unige.ping:background,10074,13902,17964876,[STARTED],false,true,0,0,6748905,
1428358893958,com.whatsapp.messaging.MessageService,com.whatsapp,10159,7286,68313,[STARTED],false,true,1,1,33311703,
1428358893958,ccc71.at.services.at_service,ccc71.bmw.pro:services,10110,4012,69150,[STARTED],false,true,0,0,69159,
1428358893958,com.google.android.location.geocode.GeocodeService,com.google.process.location,10007,17755,50924882,[],false,true,1,1,31915807,
1428358954597,com.android.bluetooth.hid.HidService,com.android.bluetooth,1002,0,41148,[],false,true,2,2,41157,
1428358954597,com.android.exchange.service.EasService,com.google.android.gm.exchange,10157,2752,54256,[STARTED],false,true,1,1,33930535,
1428358954597,com.google.android.music.dial.DialMediaRouteProviderService,com.google.android.music:main,10058,0,21711939,[],false,true,0,0,10495967,
1428358954597,ch.unige.css.services.PingService,ch.unige.ping,10074,1449,58097929,[STARTED],false,true,0,0,34137997,
1428358954597,com.android.systemui.keyguard.KeyguardService,com.android.systemui,10012,906,42358,[PERSISTENT],false,false,1,1,42367,
1428358954597,com.google.android.gms.droidguard.DroidGuardService,com.google.android.gms.unstable,10007,9162,53738077,[],false,true,1,1,33607138,
1428358954597,ch.unige.css.services.main.CssRegistryService,ch.unige.ping:background,10074,13902,17964876,[STARTED],false,true,0,0,6748905,
1428358954597,com.whatsapp.messaging.MessageService,com.whatsapp,10159,7286,68313,[STARTED],false,true,1,1,33311703,
1428358954597,ccc71.at.services.at_service,ccc71.bmw.pro:services,10110,4012,69150,[STARTED],false,true,0,0,69159,
1428358954597,com.google.android.location.geocode.GeocodeService,com.google.process.location,10007,17755,50924882,[],false,true,1,1,31915807,
1428359014618,com.android.bluetooth.hid.HidService,com.android.bluetooth,1002,0,41148,[],false,true,2,2,41157,
1428359014618,com.android.exchange.service.EasService,com.google.android.gm.exchange,10157,2752,54256,[STARTED],false,true,1,1,33930535,
1428359014618,com.google.android.music.dial.DialMediaRouteProviderService,com.google.android.music:main,10058,0,21711939,[],false,true,0,0,10495967,
1428359014618,ch.unige.css.services.PingService,ch.unige.ping,10074,1449,58157945,[STARTED],false,true,0,0,34139252,
1428359014618,com.android.systemui.keyguard.KeyguardService,com.android.systemui,10012,906,42358,[PERSISTENT],false,false,1,1,42367,
1428359014618,com.google.android.gms.droidguard.DroidGuardService,com.google.android.gms.unstable,10007,9162,53738077,[],false,true,1,1,33607138,
1428359014618,ch.unige.css.services.main.CssRegistryService,ch.unige.ping:background,10074,13902,17964876,[STARTED],false,true,0,0,6748905,
1428359014618,com.whatsapp.messaging.MessageService,com.whatsapp,10159,7286,68313,[STARTED],false,true,1,1,33311703,
1428359014618,ccc71.at.services.at_service,ccc71.bmw.pro:services,10110,4012,69150,[STARTED],false,true,0,0,69159,
1428359014618,com.google.android.location.geocode.GeocodeService,com.google.process.location,10007,17755,50924882,[],false,true,1,1,31915807,
1428359074631,com.android.bluetooth.hid.HidService,com.android.bluetooth,1002,0,41148,[],false,true,2,2,41157,
1428359074631,com.android.exchange.service.EasService,com.google.android.gm.exchange,10157,2752,54256,[STARTED],false,true,1,1,33930535,
1428359074631,com.google.android.music.dial.DialMediaRouteProviderService,com.google.android.music:main,10058,0,21711939,[],false,true,0,0,10495967,
1428359074631,ch.unige.css.services.PingService,ch.unige.ping,10074,1449,58217960,[STARTED],false,true,0,0,34140767,
1428359074631,com.android.systemui.keyguard.KeyguardService,com.android.systemui,10012,906,42358,[PERSISTENT],false,false,1,1,42367,
1428359074631,com.google.android.gms.droidguard.DroidGuardService,com.google.android.gms.unstable,10007,9162,53738077,[],false,true,1,1,33607138,
1428359074631,ch.unige.css.services.main.CssRegistryService,ch.unige.ping:background,10074,13902,17964876,[STARTED],false,true,0,0,6748905,
1428359074631,com.whatsapp.messaging.MessageService,com.whatsapp,10159,7286,68313,[STARTED],false,true,1,1,33311703,
1428359074631,ccc71.at.services.at_service,ccc71.bmw.pro:services,10110,4012,69150,[STARTED],false,true,0,0,69159,
1428359074631,com.google.android.location.geocode.GeocodeService,com.google.process.location,10007,17755,50924882,[],false,true,1,1,31915807,
1428359134692,com.android.bluetooth.hid.HidService,com.android.bluetooth,1002,0,41148,[],false,true,2,2,41157,
1428359134692,com.android.exchange.service.EasService,com.google.android.gm.exchange,10157,2752,54256,[STARTED],false,true,1,1,33930535,
1428359134692,com.google.android.music.dial.DialMediaRouteProviderService,com.google.android.music:main,10058,0,21711939,[],false,true,0,0,10495967,
1428359134692,ch.unige.css.services.PingService,ch.unige.ping,10074,1449,58278020,[STARTED],false,true,0,0,34142275,
1428359134692,com.android.systemui.keyguard.KeyguardService,com.android.systemui,10012,906,42358,[PERSISTENT],false,false,1,1,42367,
1428359134692,com.google.android.gms.droidguard.DroidGuardService,com.google.android.gms.unstable,10007,9162,53738077,[],false,true,1,1,33607138,
1428359134692,ch.unige.css.services.main.CssRegistryService,ch.unige.ping:background,10074,13902,17964876,[STARTED],false,true,0,0,6748905,
1428359134692,com.whatsapp.messaging.MessageService,com.whatsapp,10159,7286,68313,[STARTED],false,true,1,1,33311703,
1428359134692,ccc71.at.services.at_service,ccc71.bmw.pro:services,10110,4012,69150,[STARTED],false,true,0,0,69159,
1428359134692,com.google.android.location.geocode.GeocodeService,com.google.process.location,10007,17755,50924882,[],false,true,1,1,31915807,
1428359195612,com.android.bluetooth.hid.HidService,com.android.bluetooth,1002,0,41148,[],false,true,2,2,41157,
1428359195612,com.android.exchange.service.EasService,com.google.android.gm.exchange,10157,2752,54256,[STARTED],false,true,1,1,33930535,
1428359195612,com.google.android.music.dial.DialMediaRouteProviderService,com.google.android.music:main,10058,0,21711939,[],false,true,0,0,10495967,
1428359195612,ch.unige.css.services.PingService,ch.unige.ping,10074,1449,58338927,[STARTED],false,true,0,0,34151767,
1428359195612,com.android.systemui.keyguard.KeyguardService,com.android.systemui,10012,906,42358,[PERSISTENT],false,false,1,1,42367,
1428359195612,com.google.android.gms.droidguard.DroidGuardService,com.google.android.gms.unstable,10007,9162,53738077,[],false,true,1,1,33607138,
1428359195612,ch.unige.css.services.main.CssRegistryService,ch.unige.ping:background,10074,13902,17964876,[STARTED],false,true,0,0,6748905,
1428359195612,com.whatsapp.messaging.MessageService,com.whatsapp,10159,7286,68313,[STARTED],false,true,1,1,33311703,
1428359195612,ccc71.at.services.at_service,ccc71.bmw.pro:services,10110,4012,69150,[STARTED],false,true,0,0,69159,
1428359195612,com.google.android.location.geocode.GeocodeService,com.google.process.location,10007,17755,50924882,[],false,true,1,1,31915807,
1428359255642,com.android.bluetooth.hid.HidService,com.android.bluetooth,1002,0,41148,[],false,true,2,2,41157,
1428359255642,com.android.exchange.service.EasService,com.google.android.gm.exchange,10157,2752,54256,[STARTED],false,true,1,1,33930535,
1428359255642,com.google.android.music.dial.DialMediaRouteProviderService,com.google.android.music:main,10058,0,21711939,[],false,true,0,0,10495967,
1428359255642,ch.unige.css.services.PingService,ch.unige.ping,10074,1449,58398943,[STARTED],false,true,0,0,34152883,
1428359255642,com.android.systemui.keyguard.KeyguardService,com.android.systemui,10012,906,42358,[PERSISTENT],false,false,1,1,42367,
1428359255642,com.google.android.gms.droidguard.DroidGuardService,com.google.android.gms.unstable,10007,9162,53738077,[],false,true,1,1,33607138,
1428359255642,ch.unige.css.services.main.CssRegistryService,ch.unige.ping:background,10074,13902,17964876,[STARTED],false,true,0,0,6748905,
1428359255642,com.whatsapp.messaging.MessageService,com.whatsapp,10159,7286,68313,[STARTED],false,true,1,1,33311703,
1428359255642,ccc71.at.services.at_service,ccc71.bmw.pro:services,10110,4012,69150,[STARTED],false,true,0,0,69159,
1428359255642,com.google.android.location.geocode.GeocodeService,com.google.process.location,10007,17755,50924882,[],false,true,1,1,31915807,
1428359315617,com.android.bluetooth.hid.HidService,com.android.bluetooth,1002,0,41148,[],false,true,2,2,41157,
1428359315617,com.android.exchange.service.EasService,com.google.android.gm.exchange,10157,2752,54256,[STARTED],false,true,1,1,33930535,
1428359315617,com.google.android.music.dial.DialMediaRouteProviderService,com.google.android.music:main,10058,0,21711939,[],false,true,0,0,10495967,
1428359315617,ch.unige.css.services.PingService,ch.unige.ping,10074,1449,58458963,[STARTED],false,true,0,0,34154085,
1428359315617,com.android.systemui.keyguard.KeyguardService,com.android.systemui,10012,906,42358,[PERSISTENT],false,false,1,1,42367,
1428359315617,com.google.android.gms.droidguard.DroidGuardService,com.google.android.gms.unstable,10007,9162,53738077,[],false,true,1,1,33607138,
1428359315617,ch.unige.css.services.main.CssRegistryService,ch.unige.ping:background,10074,13902,17964876,[STARTED],false,true,0,0,6748905,
1428359315617,com.whatsapp.messaging.MessageService,com.whatsapp,10159,7286,68313,[STARTED],false,true,1,1,33311703,
1428359315617,ccc71.at.services.at_service,ccc71.bmw.pro:services,10110,4012,69150,[STARTED],false,true,0,0,69159,
1428359315617,com.google.android.location.geocode.GeocodeService,com.google.process.location,10007,17755,50924882,[],false,true,1,1,31915807,
1428359401014,com.android.bluetooth.hid.HidService,com.android.bluetooth,1002,0,41148,[],false,true,2,2,41157,
1428359401014,com.android.exchange.service.EasService,com.google.android.gm.exchange,10157,2752,54256,[STARTED],false,true,1,1,33930535,
1428359401014,com.google.android.music.dial.DialMediaRouteProviderService,com.google.android.music:main,10058,0,21711939,[],false,true,0,0,10495967,
1428359401014,ch.unige.css.services.PingService,ch.unige.ping,10074,1449,58544282,[STARTED],false,true,0,0,34156233,
1428359401014,com.android.systemui.keyguard.KeyguardService,com.android.systemui,10012,906,42358,[PERSISTENT],false,false,1,1,42367,
1428359401014,com.google.android.gms.droidguard.DroidGuardService,com.google.android.gms.unstable,10007,9162,53738077,[],false,true,1,1,33607138,
1428359401014,ch.unige.css.services.main.CssRegistryService,ch.unige.ping:background,10074,13902,17964876,[STARTED],false,true,0,0,6748905,
1428359401014,com.whatsapp.messaging.MessageService,com.whatsapp,10159,7286,68313,[STARTED],false,true,1,1,33311703,
1428359401014,ccc71.at.services.at_service,ccc71.bmw.pro:services,10110,4012,69150,[STARTED],false,true,0,0,69159,
1428359401014,com.google.android.location.geocode.GeocodeService,com.google.process.location,10007,17755,50924882,[],false,true,1,1,31915807,
1428359461070,com.android.bluetooth.hid.HidService,com.android.bluetooth,1002,0,41148,[],false,true,2,2,41157,
1428359461070,com.android.exchange.service.EasService,com.google.android.gm.exchange,10157,2752,54256,[STARTED],false,true,1,1,33930535,
1428359461070,com.google.android.music.dial.DialMediaRouteProviderService,com.google.android.music:main,10058,0,21711939,[],false,true,0,0,10495967,
1428359461070,ch.unige.css.services.PingService,ch.unige.ping,10074,1449,58604392,[STARTED],false,true,0,0,34160557,
1428359461070,com.android.systemui.keyguard.KeyguardService,com.android.systemui,10012,906,42358,[PERSISTENT],false,false,1,1,42367,
1428359461070,com.google.android.gms.droidguard.DroidGuardService,com.google.android.gms.unstable,10007,9162,53738077,[],false,true,1,1,33607138,
1428359461070,ch.unige.css.services.main.CssRegistryService,ch.unige.ping:background,10074,13902,17964876,[STARTED],false,true,0,0,6748905,
1428359461070,com.whatsapp.messaging.MessageService,com.whatsapp,10159,7286,68313,[STARTED],false,true,1,1,33311703,
1428359461070,ccc71.at.services.at_service,ccc71.bmw.pro:services,10110,4012,69150,[STARTED],false,true,0,0,69159,
1428359461070,com.google.android.location.geocode.GeocodeService,com.google.process.location,10007,17755,50924882,[],false,true,1,1,31915807,
1428359521618,com.android.bluetooth.hid.HidService,com.android.bluetooth,1002,0,41148,[],false,true,2,2,41157,
1428359521618,com.android.exchange.service.EasService,com.google.android.gm.exchange,10157,2752,54256,[STARTED],false,true,1,1,33930535,
1428359521618,com.google.android.music.dial.DialMediaRouteProviderService,com.google.android.music:main,10058,0,21711939,[],false,true,0,0,10495967,
1428359521618,ch.unige.css.services.PingService,ch.unige.ping,10074,1449,58664929,[STARTED],false,true,0,0,34162784,
1428359521618,com.android.systemui.keyguard.KeyguardService,com.android.systemui,10012,906,42358,[PERSISTENT],false,false,1,1,42367,
1428359521618,com.google.android.gms.droidguard.DroidGuardService,com.google.android.gms.unstable,10007,9162,53738077,[],false,true,1,1,33607138,
1428359521618,ch.unige.css.services.main.CssRegistryService,ch.unige.ping:background,10074,13902,17964876,[STARTED],false,true,0,0,6748905,
1428359521618,com.whatsapp.messaging.MessageService,com.whatsapp,10159,7286,68313,[STARTED],false,true,1,1,33311703,
1428359521618,ccc71.at.services.at_service,ccc71.bmw.pro:services,10110,4012,69150,[STARTED],false,true,0,0,69159,
1428359521618,com.google.android.location.geocode.GeocodeService,com.google.process.location,10007,17755,50924882,[],false,true,1,1,31915807,
1428359581628,com.android.bluetooth.hid.HidService,com.android.bluetooth,1002,0,41148,[],false,true,2,2,41157,
1428359581628,com.android.exchange.service.EasService,com.google.android.gm.exchange,10157,2752,54256,[STARTED],false,true,1,1,33930535,
1428359581628,com.google.android.music.dial.DialMediaRouteProviderService,com.google.android.music:main,10058,0,21711939,[],false,true,0,0,10495967,
1428359581628,ch.unige.css.services.PingService,ch.unige.ping,10074,1449,58724951,[STARTED],false,true,0,0,34164598,
1428359581628,com.android.systemui.keyguard.KeyguardService,com.android.systemui,10012,906,42358,[PERSISTENT],false,false,1,1,42367,
1428359581628,com.google.android.gms.droidguard.DroidGuardService,com.google.android.gms.unstable,10007,9162,53738077,[],false,true,1,1,33607138,
1428359581628,ch.unige.css.services.main.CssRegistryService,ch.unige.ping:background,10074,13902,17964876,[STARTED],false,true,0,0,6748905,
1428359581628,com.whatsapp.messaging.MessageService,com.whatsapp,10159,7286,68313,[STARTED],false,true,1,1,33311703,
1428359581628,ccc71.at.services.at_service,ccc71.bmw.pro:services,10110,4012,69150,[STARTED],false,true,0,0,69159,
1428359581628,com.google.android.location.geocode.GeocodeService,com.google.process.location,10007,17755,50924882,[],false,true,1,1,31915807,
1428359641671,com.android.bluetooth.hid.HidService,com.android.bluetooth,1002,0,41148,[],false,true,2,2,41157,
1428359641671,com.android.exchange.service.EasService,com.google.android.gm.exchange,10157,2752,54256,[STARTED],false,true,1,1,33930535,
1428359641671,com.google.android.music.dial.DialMediaRouteProviderService,com.google.android.music:main,10058,0,21711939,[],false,true,0,0,10495967,
1428359641671,ch.unige.css.services.PingService,ch.unige.ping,10074,1449,58784976,[STARTED],false,true,0,0,34166279,
1428359641671,com.android.systemui.keyguard.KeyguardService,com.android.systemui,10012,906,42358,[PERSISTENT],false,false,1,1,42367,
1428359641671,com.google.android.gms.droidguard.DroidGuardService,com.google.android.gms.unstable,10007,9162,53738077,[],false,true,1,1,33607138,
1428359641671,ch.unige.css.services.main.CssRegistryService,ch.unige.ping:background,10074,13902,17964876,[STARTED],false,true,0,0,6748905,
1428359641671,com.whatsapp.messaging.MessageService,com.whatsapp,10159,7286,68313,[STARTED],false,true,1,1,33311703,
1428359641671,ccc71.at.services.at_service,ccc71.bmw.pro:services,10110,4012,69150,[STARTED],false,true,0,0,69159,
1428359641671,com.google.android.location.geocode.GeocodeService,com.google.process.location,10007,17755,50924882,[],false,true,1,1,31915807,
1428359701732,com.android.bluetooth.hid.HidService,com.android.bluetooth,1002,0,41148,[],false,true,2,2,41157,
1428359701732,com.android.exchange.service.EasService,com.google.android.gm.exchange,10157,2752,54256,[STARTED],false,true,1,1,33930535,
1428359701732,com.google.android.music.dial.DialMediaRouteProviderService,com.google.android.music:main,10058,0,21711939,[],false,true,0,0,10495967,
1428359701732,ch.unige.css.services.PingService,ch.unige.ping,10074,1449,58845051,[STARTED],false,true,0,0,34167876,
1428359701732,com.android.systemui.keyguard.KeyguardService,com.android.systemui,10012,906,42358,[PERSISTENT],false,false,1,1,42367,
1428359701732,com.google.android.gms.droidguard.DroidGuardService,com.google.android.gms.unstable,10007,9162,53738077,[],false,true,1,1,33607138,
1428359701732,ch.unige.css.services.main.CssRegistryService,ch.unige.ping:background,10074,13902,17964876,[STARTED],false,true,0,0,6748905,
1428359701732,com.whatsapp.messaging.MessageService,com.whatsapp,10159,7286,68313,[STARTED],false,true,1,1,33311703,
1428359701732,ccc71.at.services.at_service,ccc71.bmw.pro:services,10110,4012,69150,[STARTED],false,true,0,0,69159,
1428359701732,com.google.android.location.geocode.GeocodeService,com.google.process.location,10007,17755,50924882,[],false,true,1,1,31915807,
1428359761899,com.android.bluetooth.hid.HidService,com.android.bluetooth,1002,0,41148,[],false,true,2,2,41157,
1428359761899,com.android.exchange.service.EasService,com.google.android.gm.exchange,10157,2752,54256,[STARTED],false,true,1,1,33930535,
1428359761899,com.google.android.music.dial.DialMediaRouteProviderService,com.google.android.music:main,10058,0,21711939,[],false,true,0,0,10495967,
1428359761899,ch.unige.css.services.PingService,ch.unige.ping,10074,1449,58905115,[STARTED],false,true,0,0,34169430,
1428359761899,com.android.systemui.keyguard.KeyguardService,com.android.systemui,10012,906,42358,[PERSISTENT],false,false,1,1,42367,
1428359761899,com.google.android.gms.droidguard.DroidGuardService,com.google.android.gms.unstable,10007,9162,53738077,[],false,true,1,1,33607138,
1428359761899,ch.unige.css.services.main.CssRegistryService,ch.unige.ping:background,10074,13902,17964876,[STARTED],false,true,0,0,6748905,
1428359761899,com.whatsapp.messaging.MessageService,com.whatsapp,10159,7286,68313,[STARTED],false,true,1,1,33311703,
1428359761899,ccc71.at.services.at_service,ccc71.bmw.pro:services,10110,4012,69150,[STARTED],false,true,0,0,69159,
1428359761899,com.google.android.location.geocode.GeocodeService,com.google.process.location,10007,17755,50924882,[],false,true,1,1,31915807,
1428359821937,com.android.bluetooth.hid.HidService,com.android.bluetooth,1002,0,41148,[],false,true,2,2,41157,
1428359821937,com.android.exchange.service.EasService,com.google.android.gm.exchange,10157,2752,54256,[STARTED],false,true,1,1,33930535,
1428359821937,com.google.android.music.dial.DialMediaRouteProviderService,com.google.android.music:main,10058,0,21711939,[],false,true,0,0,10495967,
1428359821937,ch.unige.css.services.PingService,ch.unige.ping,10074,1449,58965254,[STARTED],false,true,0,0,34179285,
1428359821937,com.android.systemui.keyguard.KeyguardService,com.android.systemui,10012,906,42358,[PERSISTENT],false,false,1,1,42367,
1428359821937,com.google.android.gms.droidguard.DroidGuardService,com.google.android.gms.unstable,10007,9162,53738077,[],false,true,1,1,33607138,
1428359821937,ch.unige.css.services.main.CssRegistryService,ch.unige.ping:background,10074,13902,17964876,[STARTED],false,true,0,0,6748905,
1428359821937,com.whatsapp.messaging.MessageService,com.whatsapp,10159,7286,68313,[STARTED],false,true,1,1,33311703,
1428359821937,ccc71.at.services.at_service,ccc71.bmw.pro:services,10110,4012,69150,[STARTED],false,true,0,0,69159,
1428359821937,com.google.android.location.geocode.GeocodeService,com.google.process.location,10007,17755,50924882,[],false,true,1,1,31915807,
1428359881968,com.android.bluetooth.hid.HidService,com.android.bluetooth,1002,0,41148,[],false,true,2,2,41157,
1428359881968,com.android.exchange.service.EasService,com.google.android.gm.exchange,10157,2752,54256,[STARTED],false,true,1,1,33930535,
1428359881968,com.google.android.music.dial.DialMediaRouteProviderService,com.google.android.music:main,10058,0,21711939,[],false,true,0,0,10495967,
1428359881968,ch.unige.css.services.PingService,ch.unige.ping,10074,1449,59025280,[STARTED],false,true,0,0,34181494,
1428359881968,com.android.systemui.keyguard.KeyguardService,com.android.systemui,10012,906,42358,[PERSISTENT],false,false,1,1,42367,
1428359881968,com.google.android.gms.droidguard.DroidGuardService,com.google.android.gms.unstable,10007,9162,53738077,[],false,true,1,1,33607138,
1428359881968,ch.unige.css.services.main.CssRegistryService,ch.unige.ping:background,10074,13902,17964876,[STARTED],false,true,0,0,6748905,
1428359881968,com.whatsapp.messaging.MessageService,com.whatsapp,10159,7286,68313,[STARTED],false,true,1,1,33311703,
1428359881968,ccc71.at.services.at_service,ccc71.bmw.pro:services,10110,4012,69150,[STARTED],false,true,0,0,69159,
1428359881968,com.google.android.location.geocode.GeocodeService,com.google.process.location,10007,17755,50924882,[],false,true,1,1,31915807,
1428359942022,com.android.bluetooth.hid.HidService,com.android.bluetooth,1002,0,41148,[],false,true,2,2,41157,
1428359942022,com.android.exchange.service.EasService,com.google.android.gm.exchange,10157,2752,54256,[STARTED],false,true,1,1,33930535,
1428359942022,com.google.android.music.dial.DialMediaRouteProviderService,com.google.android.music:main,10058,0,21711939,[],false,true,0,0,10495967,
1428359942022,ch.unige.css.services.PingService,ch.unige.ping,10074,1449,59085313,[STARTED],false,true,0,0,34183928,
1428359942022,com.android.systemui.keyguard.KeyguardService,com.android.systemui,10012,906,42358,[PERSISTENT],false,false,1,1,42367,
1428359942022,com.google.android.gms.droidguard.DroidGuardService,com.google.android.gms.unstable,10007,9162,53738077,[],false,true,1,1,33607138,
1428359942022,ch.unige.css.services.main.CssRegistryService,ch.unige.ping:background,10074,13902,17964876,[STARTED],false,true,0,0,6748905,
1428359942022,com.whatsapp.messaging.MessageService,com.whatsapp,10159,7286,68313,[STARTED],false,true,1,1,33311703,
1428359942022,ccc71.at.services.at_service,ccc71.bmw.pro:services,10110,4012,69150,[STARTED],false,true,0,0,69159,
1428359942022,com.google.android.location.geocode.GeocodeService,com.google.process.location,10007,17755,50924882,[],false,true,1,1,31915807,
1428360002071,com.android.bluetooth.hid.HidService,com.android.bluetooth,1002,0,41148,[],false,true,2,2,41157,
1428360002071,com.android.exchange.service.EasService,com.google.android.gm.exchange,10157,2752,54256,[STARTED],false,true,1,1,33930535,
1428360002071,com.google.android.music.dial.DialMediaRouteProviderService,com.google.android.music:main,10058,0,21711939,[],false,true,0,0,10495967,
1428360002071,ch.unige.css.services.PingService,ch.unige.ping,10074,1449,59145383,[STARTED],false,true,0,0,34186238,
1428360002071,com.android.systemui.keyguard.KeyguardService,com.android.systemui,10012,906,42358,[PERSISTENT],false,false,1,1,42367,
1428360002071,com.google.android.gms.droidguard.DroidGuardService,com.google.android.gms.unstable,10007,9162,53738077,[],false,true,1,1,33607138,
1428360002071,ch.unige.css.services.main.CssRegistryService,ch.unige.ping:background,10074,13902,17964876,[STARTED],false,true,0,0,6748905,
1428360002071,com.whatsapp.messaging.MessageService,com.whatsapp,10159,7286,68313,[STARTED],false,true,1,1,33311703,
1428360002071,ccc71.at.services.at_service,ccc71.bmw.pro:services,10110,4012,69150,[STARTED],false,true,0,0,69159,
1428360002071,com.google.android.location.geocode.GeocodeService,com.google.process.location,10007,17755,50924882,[],false,true,1,1,31915807,
1428360062133,com.android.bluetooth.hid.HidService,com.android.bluetooth,1002,0,41148,[],false,true,2,2,41157,
1428360062133,com.android.exchange.service.EasService,com.google.android.gm.exchange,10157,2752,54256,[STARTED],false,true,1,1,33930535,
1428360062133,com.google.android.music.dial.DialMediaRouteProviderService,com.google.android.music:main,10058,0,21711939,[],false,true,0,0,10495967,
1428360062133,ch.unige.css.services.PingService,ch.unige.ping,10074,1449,59205462,[STARTED],false,true,0,0,34188687,
1428360062133,com.android.systemui.keyguard.KeyguardService,com.android.systemui,10012,906,42358,[PERSISTENT],false,false,1,1,42367,
1428360062133,com.google.android.gms.droidguard.DroidGuardService,com.google.android.gms.unstable,10007,9162,53738077,[],false,true,1,1,33607138,
1428360062133,ch.unige.css.services.main.CssRegistryService,ch.unige.ping:background,10074,13902,17964876,[STARTED],false,true,0,0,6748905,
1428360062133,com.whatsapp.messaging.MessageService,com.whatsapp,10159,7286,68313,[STARTED],false,true,1,1,33311703,
1428360062133,ccc71.at.services.at_service,ccc71.bmw.pro:services,10110,4012,69150,[STARTED],false,true,0,0,69159,
1428360062133,com.google.android.location.geocode.GeocodeService,com.google.process.location,10007,17755,50924882,[],false,true,1,1,31915807,
1428360122215,com.android.bluetooth.hid.HidService,com.android.bluetooth,1002,0,41148,[],false,true,2,2,41157,
1428360122215,com.android.exchange.service.EasService,com.google.android.gm.exchange,10157,2752,54256,[STARTED],false,true,1,1,33930535,
1428360122215,com.google.android.music.dial.DialMediaRouteProviderService,com.google.android.music:main,10058,0,21711939,[],false,true,0,0,10495967,
1428360122215,ch.unige.css.services.PingService,ch.unige.ping,10074,1449,59265540,[STARTED],false,true,0,0,34191375,
1428360122215,com.android.systemui.keyguard.KeyguardService,com.android.systemui,10012,906,42358,[PERSISTENT],false,false,1,1,42367,
1428360122215,com.google.android.gms.droidguard.DroidGuardService,com.google.android.gms.unstable,10007,9162,53738077,[],false,true,1,1,33607138,
1428360122215,ch.unige.css.services.main.CssRegistryService,ch.unige.ping:background,10074,13902,17964876,[STARTED],false,true,0,0,6748905,
1428360122215,com.whatsapp.messaging.MessageService,com.whatsapp,10159,7286,68313,[STARTED],false,true,1,1,33311703,
1428360122215,ccc71.at.services.at_service,ccc71.bmw.pro:services,10110,4012,69150,[STARTED],false,true,0,0,69159,
1428360122215,com.google.android.location.geocode.GeocodeService,com.google.process.location,10007,17755,50924882,[],false,true,1,1,31915807,
1428360182681,com.android.bluetooth.hid.HidService,com.android.bluetooth,1002,0,41148,[],false,true,2,2,41157,
1428360182681,com.android.exchange.service.EasService,com.google.android.gm.exchange,10157,2752,54256,[STARTED],false,true,1,1,33930535,
1428360182681,com.google.android.music.dial.DialMediaRouteProviderService,com.google.android.music:main,10058,0,21711939,[],false,true,0,0,10495967,
1428360182681,ch.unige.css.services.PingService,ch.unige.ping,10074,1449,59325930,[STARTED],false,true,0,0,34193105,
1428360182681,com.android.systemui.keyguard.KeyguardService,com.android.systemui,10012,906,42358,[PERSISTENT],false,false,1,1,42367,
1428360182681,com.google.android.gms.droidguard.DroidGuardService,com.google.android.gms.unstable,10007,9162,53738077,[],false,true,1,1,33607138,
1428360182681,ch.unige.css.services.main.CssRegistryService,ch.unige.ping:background,10074,13902,17964876,[STARTED],false,true,0,0,6748905,
1428360182681,com.whatsapp.messaging.MessageService,com.whatsapp,10159,7286,68313,[STARTED],false,true,1,1,33311703,
1428360182681,ccc71.at.services.at_service,ccc71.bmw.pro:services,10110,4012,69150,[STARTED],false,true,0,0,69159,
1428360182681,com.google.android.location.geocode.GeocodeService,com.google.process.location,10007,17755,50924882,[],false,true,1,1,31915807,
1428360242804,com.android.bluetooth.hid.HidService,com.android.bluetooth,1002,0,41148,[],false,true,2,2,41157,
1428360242804,com.android.exchange.service.EasService,com.google.android.gm.exchange,10157,2752,54256,[STARTED],false,true,1,1,33930535,
1428360242804,com.google.android.music.dial.DialMediaRouteProviderService,com.google.android.music:main,10058,0,21711939,[],false,true,0,0,10495967,
1428360242804,ch.unige.css.services.PingService,ch.unige.ping,10074,1449,59386110,[STARTED],false,true,0,0,34194860,
1428360242804,com.android.systemui.keyguard.KeyguardService,com.android.systemui,10012,906,42358,[PERSISTENT],false,false,1,1,42367,
1428360242804,com.google.android.gms.droidguard.DroidGuardService,com.google.android.gms.unstable,10007,9162,53738077,[],false,true,1,1,33607138,
1428360242804,ch.unige.css.services.main.CssRegistryService,ch.unige.ping:background,10074,13902,17964876,[STARTED],false,true,0,0,6748905,
1428360242804,com.whatsapp.messaging.MessageService,com.whatsapp,10159,7286,68313,[STARTED],false,true,1,1,33311703,
1428360242804,ccc71.at.services.at_service,ccc71.bmw.pro:services,10110,4012,69150,[STARTED],false,true,0,0,69159,
1428360242804,com.google.android.location.geocode.GeocodeService,com.google.process.location,10007,17755,50924882,[],false,true,1,1,31915807,
1428360302829,com.android.bluetooth.hid.HidService,com.android.bluetooth,1002,0,41148,[],false,true,2,2,41157,
1428360302829,com.android.exchange.service.EasService,com.google.android.gm.exchange,10157,2752,54256,[STARTED],false,true,1,1,33930535,
1428360302829,com.google.android.music.dial.DialMediaRouteProviderService,com.google.android.music:main,10058,0,21711939,[],false,true,0,0,10495967,
1428360302829,ch.unige.css.services.PingService,ch.unige.ping,10074,1449,59446165,[STARTED],false,true,0,0,34196649,
1428360302829,com.android.systemui.keyguard.KeyguardService,com.android.systemui,10012,906,42358,[PERSISTENT],false,false,1,1,42367,
1428360302829,com.google.android.gms.droidguard.DroidGuardService,com.google.android.gms.unstable,10007,9162,53738077,[],false,true,1,1,33607138,
1428360302829,ch.unige.css.services.main.CssRegistryService,ch.unige.ping:background,10074,13902,17964876,[STARTED],false,true,0,0,6748905,
1428360302829,com.whatsapp.messaging.MessageService,com.whatsapp,10159,7286,68313,[STARTED],false,true,1,1,33311703,
1428360302829,ccc71.at.services.at_service,ccc71.bmw.pro:services,10110,4012,69150,[STARTED],false,true,0,0,69159,
1428360302829,com.google.android.location.geocode.GeocodeService,com.google.process.location,10007,17755,50924882,[],false,true,1,1,31915807,
1428360362942,com.android.bluetooth.hid.HidService,com.android.bluetooth,1002,0,41148,[],false,true,2,2,41157,
1428360362942,com.google.android.gms.fitness.service.history.FitHistoryBroker,com.google.process.location,10007,17755,59446200,[],false,true,1,1,34196685,
1428360362942,com.android.exchange.service.EasService,com.google.android.gm.exchange,10157,2752,54256,[STARTED],false,true,1,1,33930535,
1428360362942,com.google.android.music.dial.DialMediaRouteProviderService,com.google.android.music:main,10058,0,21711939,[],false,true,0,0,10495967,
1428360362942,ch.unige.css.services.PingService,ch.unige.ping,10074,1449,59506262,[STARTED],false,true,0,0,34199427,
1428360362942,com.google.android.gms.fitness.service.config.FitConfigBroker,com.google.process.location,10007,17755,59446209,[],false,true,1,1,34196694,
1428360362942,com.android.systemui.keyguard.KeyguardService,com.android.systemui,10012,906,42358,[PERSISTENT],false,false,1,1,42367,
1428360362942,com.google.android.gms.droidguard.DroidGuardService,com.google.android.gms.unstable,10007,9162,53738077,[],false,true,1,1,33607138,
1428360362942,ch.unige.css.services.main.CssRegistryService,ch.unige.ping:background,10074,13902,17964876,[STARTED],false,true,0,0,6748905,
1428360362942,com.whatsapp.messaging.MessageService,com.whatsapp,10159,7286,68313,[STARTED],false,true,1,1,33311703,
1428360423684,com.android.bluetooth.hid.HidService,com.android.bluetooth,1002,0,41148,[],false,true,2,2,41157,
1428360423684,com.android.exchange.service.EasService,com.google.android.gm.exchange,10157,2752,54256,[STARTED],false,true,1,1,33930535,
1428360423684,com.google.android.music.dial.DialMediaRouteProviderService,com.google.android.music:main,10058,0,21711939,[],false,true,0,0,10495967,
1428360423684,ch.unige.css.services.PingService,ch.unige.ping,10074,1449,59566923,[STARTED],false,true,0,0,34208823,
1428360423684,com.android.systemui.keyguard.KeyguardService,com.android.systemui,10012,906,42358,[PERSISTENT],false,false,1,1,42367,
1428360423684,com.google.android.gms.droidguard.DroidGuardService,com.google.android.gms.unstable,10007,9162,53738077,[],false,true,1,1,33607138,
1428360423684,ch.unige.css.services.main.CssRegistryService,ch.unige.ping:background,10074,13902,17964876,[STARTED],false,true,0,0,6748905,
1428360423684,com.whatsapp.messaging.MessageService,com.whatsapp,10159,7286,68313,[STARTED],false,true,1,1,33311703,
1428360423684,ccc71.at.services.at_service,ccc71.bmw.pro:services,10110,4012,69150,[STARTED],false,true,0,0,69159,
1428360423684,com.google.android.location.geocode.GeocodeService,com.google.process.location,10007,17755,50924882,[],false,true,1,1,31915807,
1428360483725,com.android.bluetooth.hid.HidService,com.android.bluetooth,1002,0,41148,[],false,true,2,2,41157,
1428360483725,com.android.exchange.service.EasService,com.google.android.gm.exchange,10157,2752,54256,[STARTED],false,true,1,1,33930535,
1428360483725,com.google.android.music.dial.DialMediaRouteProviderService,com.google.android.music:main,10058,0,21711939,[],false,true,0,0,10495967,
1428360483725,ch.unige.css.services.PingService,ch.unige.ping,10074,1449,59627022,[STARTED],false,true,0,0,34210297,
1428360483725,com.android.systemui.keyguard.KeyguardService,com.android.systemui,10012,906,42358,[PERSISTENT],false,false,1,1,42367,
1428360483725,com.google.android.gms.droidguard.DroidGuardService,com.google.android.gms.unstable,10007,9162,53738077,[],false,true,1,1,33607138,
1428360483725,ch.unige.css.services.main.CssRegistryService,ch.unige.ping:background,10074,13902,17964876,[STARTED],false,true,0,0,6748905,
1428360483725,com.whatsapp.messaging.MessageService,com.whatsapp,10159,7286,68313,[STARTED],false,true,1,1,33311703,
1428360483725,ccc71.at.services.at_service,ccc71.bmw.pro:services,10110,4012,69150,[STARTED],false,true,0,0,69159,
1428360483725,com.google.android.location.geocode.GeocodeService,com.google.process.location,10007,17755,50924882,[],false,true,1,1,31915807,
1428360543779,com.android.bluetooth.hid.HidService,com.android.bluetooth,1002,0,41148,[],false,true,2,2,41157,
1428360543779,com.android.exchange.service.EasService,com.google.android.gm.exchange,10157,2752,54256,[STARTED],false,true,1,1,33930535,
1428360543779,com.google.android.music.dial.DialMediaRouteProviderService,com.google.android.music:main,10058,0,21711939,[],false,true,0,0,10495967,
1428360543779,ch.unige.css.services.PingService,ch.unige.ping,10074,1449,59687082,[STARTED],false,true,0,0,34212055,
1428360543779,com.android.systemui.keyguard.KeyguardService,com.android.systemui,10012,906,42358,[PERSISTENT],false,false,1,1,42367,
1428360543779,com.google.android.gms.droidguard.DroidGuardService,com.google.android.gms.unstable,10007,9162,53738077,[],false,true,1,1,33607138,
1428360543779,ch.unige.css.services.main.CssRegistryService,ch.unige.ping:background,10074,13902,17964876,[STARTED],false,true,0,0,6748905,
1428360543779,com.whatsapp.messaging.MessageService,com.whatsapp,10159,7286,68313,[STARTED],false,true,1,1,33311703,
1428360543779,ccc71.at.services.at_service,ccc71.bmw.pro:services,10110,4012,69150,[STARTED],false,true,0,0,69159,
1428360543779,com.google.android.location.geocode.GeocodeService,com.google.process.location,10007,17755,50924882,[],false,true,1,1,31915807,
1428360603775,com.android.bluetooth.hid.HidService,com.android.bluetooth,1002,0,41148,[],false,true,2,2,41157,
1428360603775,com.android.exchange.service.EasService,com.google.android.gm.exchange,10157,2752,54256,[STARTED],false,true,1,1,33930535,
1428360603775,com.google.android.music.dial.DialMediaRouteProviderService,com.google.android.music:main,10058,0,21711939,[],false,true,0,0,10495967,
1428360603775,ch.unige.css.services.PingService,ch.unige.ping,10074,1449,59747101,[STARTED],false,true,0,0,34213802,
1428360603775,com.android.systemui.keyguard.KeyguardService,com.android.systemui,10012,906,42358,[PERSISTENT],false,false,1,1,42367,
1428360603775,com.google.android.gms.droidguard.DroidGuardService,com.google.android.gms.unstable,10007,9162,53738077,[],false,true,1,1,33607138,
1428360603775,ch.unige.css.services.main.CssRegistryService,ch.unige.ping:background,10074,13902,17964876,[STARTED],false,true,0,0,6748905,
1428360603775,com.whatsapp.messaging.MessageService,com.whatsapp,10159,7286,68313,[STARTED],false,true,1,1,33311703,
1428360603775,ccc71.at.services.at_service,ccc71.bmw.pro:services,10110,4012,69150,[STARTED],false,true,0,0,69159,
1428360603775,com.google.android.location.geocode.GeocodeService,com.google.process.location,10007,17755,50924882,[],false,true,1,1,31915807,
1428360663945,com.android.bluetooth.hid.HidService,com.android.bluetooth,1002,0,41148,[],false,true,2,2,41157,
1428360663945,com.android.exchange.service.EasService,com.google.android.gm.exchange,10157,2752,54256,[STARTED],false,true,1,1,33930535,
1428360663945,com.google.android.music.dial.DialMediaRouteProviderService,com.google.android.music:main,10058,0,21711939,[],false,true,0,0,10495967,
1428360663945,ch.unige.css.services.PingService,ch.unige.ping,10074,1449,59807254,[STARTED],false,true,0,0,34215804,
1428360663945,com.android.systemui.keyguard.KeyguardService,com.android.systemui,10012,906,42358,[PERSISTENT],false,false,1,1,42367,
1428360663945,com.google.android.gms.droidguard.DroidGuardService,com.google.android.gms.unstable,10007,9162,53738077,[],false,true,1,1,33607138,
1428360663945,ch.unige.css.services.main.CssRegistryService,ch.unige.ping:background,10074,13902,17964876,[STARTED],false,true,0,0,6748905,
1428360663945,com.whatsapp.messaging.MessageService,com.whatsapp,10159,7286,68313,[STARTED],false,true,1,1,33311703,
1428360663945,ccc71.at.services.at_service,ccc71.bmw.pro:services,10110,4012,69150,[STARTED],false,true,0,0,69159,
1428360663945,com.google.android.location.geocode.GeocodeService,com.google.process.location,10007,17755,50924882,[],false,true,1,1,31915807,
1428360723960,com.android.bluetooth.hid.HidService,com.android.bluetooth,1002,0,41148,[],false,true,2,2,41157,
1428360723960,com.android.exchange.service.EasService,com.google.android.gm.exchange,10157,2752,54256,[STARTED],false,true,1,1,33930535,
1428360723960,com.google.android.music.dial.DialMediaRouteProviderService,com.google.android.music:main,10058,0,21711939,[],false,true,0,0,10495967,
1428360723960,ch.unige.css.services.PingService,ch.unige.ping,10074,1449,59867269,[STARTED],false,true,0,0,34218054,
1428360723960,com.android.systemui.keyguard.KeyguardService,com.android.systemui,10012,906,42358,[PERSISTENT],false,false,1,1,42367,
1428360723960,com.google.android.gms.droidguard.DroidGuardService,com.google.android.gms.unstable,10007,9162,53738077,[],false,true,1,1,33607138,
1428360723960,ch.unige.css.services.main.CssRegistryService,ch.unige.ping:background,10074,13902,17964876,[STARTED],false,true,0,0,6748905,
1428360723960,com.whatsapp.messaging.MessageService,com.whatsapp,10159,7286,68313,[STARTED],false,true,1,1,33311703,
1428360723960,ccc71.at.services.at_service,ccc71.bmw.pro:services,10110,4012,69150,[STARTED],false,true,0,0,69159,
1428360723960,com.google.android.location.geocode.GeocodeService,com.google.process.location,10007,17755,50924882,[],false,true,1,1,31915807,
1428360783990,com.android.bluetooth.hid.HidService,com.android.bluetooth,1002,0,41148,[],false,true,2,2,41157,
1428360783990,com.android.exchange.service.EasService,com.google.android.gm.exchange,10157,2752,54256,[STARTED],false,true,1,1,33930535,
1428360783990,com.google.android.music.dial.DialMediaRouteProviderService,com.google.android.music:main,10058,0,21711939,[],false,true,0,0,10495967,
1428360783990,ch.unige.css.services.PingService,ch.unige.ping,10074,1449,59927284,[STARTED],false,true,0,0,34220329,
1428360783990,com.android.systemui.keyguard.KeyguardService,com.android.systemui,10012,906,42358,[PERSISTENT],false,false,1,1,42367,
1428360783990,com.google.android.gms.droidguard.DroidGuardService,com.google.android.gms.unstable,10007,9162,53738077,[],false,true,1,1,33607138,
1428360783990,ch.unige.css.services.main.CssRegistryService,ch.unige.ping:background,10074,13902,17964876,[STARTED],false,true,0,0,6748905,
1428360783990,com.whatsapp.messaging.MessageService,com.whatsapp,10159,7286,68313,[STARTED],false,true,1,1,33311703,
1428360783990,ccc71.at.services.at_service,ccc71.bmw.pro:services,10110,4012,69150,[STARTED],false,true,0,0,69159,
1428360783990,com.google.android.location.geocode.GeocodeService,com.google.process.location,10007,17755,50924882,[],false,true,1,1,31915807,
1428360844099,com.android.bluetooth.hid.HidService,com.android.bluetooth,1002,0,41148,[],false,true,2,2,41157,
1428360844099,com.android.exchange.service.EasService,com.google.android.gm.exchange,10157,2752,54256,[STARTED],false,true,1,1,33930535,
1428360844099,com.google.android.music.dial.DialMediaRouteProviderService,com.google.android.music:main,10058,0,21711939,[],false,true,0,0,10495967,
1428360844099,ch.unige.css.services.PingService,ch.unige.ping,10074,1449,59987326,[STARTED],false,true,0,0,34222641,
1428360844099,com.android.systemui.keyguard.KeyguardService,com.android.systemui,10012,906,42358,[PERSISTENT],false,false,1,1,42367,
1428360844099,com.google.android.gms.droidguard.DroidGuardService,com.google.android.gms.unstable,10007,9162,53738077,[],false,true,1,1,33607138,
1428360844099,ch.unige.css.services.main.CssRegistryService,ch.unige.ping:background,10074,13902,17964876,[STARTED],false,true,0,0,6748905,
1428360844099,com.whatsapp.messaging.MessageService,com.whatsapp,10159,7286,68313,[STARTED],false,true,1,1,33311703,
1428360844099,ccc71.at.services.at_service,ccc71.bmw.pro:services,10110,4012,69150,[STARTED],false,true,0,0,69159,
1428360844099,com.google.android.location.geocode.GeocodeService,com.google.process.location,10007,17755,50924882,[],false,true,1,1,31915807,
1428360904187,com.android.bluetooth.hid.HidService,com.android.bluetooth,1002,0,41148,[],false,true,2,2,41157,
1428360904187,com.android.exchange.service.EasService,com.google.android.gm.exchange,10157,2752,54256,[STARTED],false,true,1,1,33930535,
1428360904187,com.google.android.music.dial.DialMediaRouteProviderService,com.google.android.music:main,10058,0,21711939,[],false,true,0,0,10495967,
1428360904187,ch.unige.css.services.PingService,ch.unige.ping,10074,1449,60047506,[STARTED],false,true,0,0,34225411,
1428360904187,com.android.systemui.keyguard.KeyguardService,com.android.systemui,10012,906,42358,[PERSISTENT],false,false,1,1,42367,
1428360904187,com.google.android.gms.droidguard.DroidGuardService,com.google.android.gms.unstable,10007,9162,53738077,[],false,true,1,1,33607138,
1428360904187,ch.unige.css.services.main.CssRegistryService,ch.unige.ping:background,10074,13902,17964876,[STARTED],false,true,0,0,6748905,
1428360904187,com.whatsapp.messaging.MessageService,com.whatsapp,10159,7286,68313,[STARTED],false,true,1,1,33311703,
1428360904187,ccc71.at.services.at_service,ccc71.bmw.pro:services,10110,4012,69150,[STARTED],false,true,0,0,69159,
1428360904187,com.google.android.location.geocode.GeocodeService,com.google.process.location,10007,17755,50924882,[],false,true,1,1,31915807,
1428360964266,com.android.bluetooth.hid.HidService,com.android.bluetooth,1002,0,41148,[],false,true,2,2,41157,
1428360964266,com.android.exchange.service.EasService,com.google.android.gm.exchange,10157,2752,54256,[STARTED],false,true,1,1,33930535,
1428360964266,com.google.android.music.dial.DialMediaRouteProviderService,com.google.android.music:main,10058,0,21711939,[],false,true,0,0,10495967,
1428360964266,ch.unige.css.services.PingService,ch.unige.ping,10074,1449,60107575,[STARTED],false,true,0,0,34228180,
1428360964266,com.android.systemui.keyguard.KeyguardService,com.android.systemui,10012,906,42358,[PERSISTENT],false,false,1,1,42367,
1428360964266,com.google.android.gms.droidguard.DroidGuardService,com.google.android.gms.unstable,10007,9162,53738077,[],false,true,1,1,33607138,
1428360964266,ch.unige.css.services.main.CssRegistryService,ch.unige.ping:background,10074,13902,17964876,[STARTED],false,true,0,0,6748905,
1428360964266,com.whatsapp.messaging.MessageService,com.whatsapp,10159,7286,68313,[STARTED],false,true,1,1,33311703,
1428360964266,ccc71.at.services.at_service,ccc71.bmw.pro:services,10110,4012,69150,[STARTED],false,true,0,0,69159,
1428360964266,com.google.android.location.geocode.GeocodeService,com.google.process.location,10007,17755,50924882,[],false,true,1,1,31915807,
1428361024618,com.android.bluetooth.hid.HidService,com.android.bluetooth,1002,0,41148,[],false,true,2,2,41157,
1428361024618,com.android.exchange.service.EasService,com.google.android.gm.exchange,10157,2752,54256,[STARTED],false,true,1,1,33930535,
1428361024618,com.google.android.music.dial.DialMediaRouteProviderService,com.google.android.music:main,10058,0,21711939,[],false,true,0,0,10495967,
1428361024618,ch.unige.css.services.PingService,ch.unige.ping,10074,1449,60167937,[STARTED],false,true,0,0,34236398,
1428361024618,com.android.systemui.keyguard.KeyguardService,com.android.systemui,10012,906,42358,[PERSISTENT],false,false,1,1,42367,
1428361024618,com.google.android.gms.droidguard.DroidGuardService,com.google.android.gms.unstable,10007,9162,53738077,[],false,true,1,1,33607138,
1428361024618,ch.unige.css.services.main.CssRegistryService,ch.unige.ping:background,10074,13902,17964876,[STARTED],false,true,0,0,6748905,
1428361024618,com.whatsapp.messaging.MessageService,com.whatsapp,10159,7286,68313,[STARTED],false,true,1,1,33311703,
1428361024618,ccc71.at.services.at_service,ccc71.bmw.pro:services,10110,4012,69150,[STARTED],false,true,0,0,69159,
1428361024618,com.google.android.location.geocode.GeocodeService,com.google.process.location,10007,17755,50924882,[],false,true,1,1,31915807,
1428361084655,com.android.bluetooth.hid.HidService,com.android.bluetooth,1002,0,41148,[],false,true,2,2,41157,
1428361084655,com.android.exchange.service.EasService,com.google.android.gm.exchange,10157,2752,54256,[STARTED],false,true,1,1,33930535,
1428361084655,com.google.android.music.dial.DialMediaRouteProviderService,com.google.android.music:main,10058,0,21711939,[],false,true,0,0,10495967,
1428361084655,ch.unige.css.services.PingService,ch.unige.ping,10074,1449,60227972,[STARTED],false,true,0,0,34237797,
1428361084655,com.android.systemui.keyguard.KeyguardService,com.android.systemui,10012,906,42358,[PERSISTENT],false,false,1,1,42367,
1428361084655,com.google.android.gms.droidguard.DroidGuardService,com.google.android.gms.unstable,10007,9162,53738077,[],false,true,1,1,33607138,
1428361084655,ch.unige.css.services.main.CssRegistryService,ch.unige.ping:background,10074,13902,17964876,[STARTED],false,true,0,0,6748905,
1428361084655,com.whatsapp.messaging.MessageService,com.whatsapp,10159,7286,68313,[STARTED],false,true,1,1,33311703,
1428361084655,ccc71.at.services.at_service,ccc71.bmw.pro:services,10110,4012,69150,[STARTED],false,true,0,0,69159,
1428361084655,com.google.android.location.geocode.GeocodeService,com.google.process.location,10007,17755,50924882,[],false,true,1,1,31915807,
1428361144742,com.android.bluetooth.hid.HidService,com.android.bluetooth,1002,0,41148,[],false,true,2,2,41157,
1428361144742,com.android.exchange.service.EasService,com.google.android.gm.exchange,10157,2752,54256,[STARTED],false,true,1,1,33930535,
1428361144742,com.google.android.music.dial.DialMediaRouteProviderService,com.google.android.music:main,10058,0,21711939,[],false,true,0,0,10495967,
1428361144742,ch.unige.css.services.PingService,ch.unige.ping,10074,1449,60288025,[STARTED],false,true,0,0,34239556,
1428361144742,com.android.systemui.keyguard.KeyguardService,com.android.systemui,10012,906,42358,[PERSISTENT],false,false,1,1,42367,
1428361144742,com.google.android.gms.droidguard.DroidGuardService,com.google.android.gms.unstable,10007,9162,53738077,[],false,true,1,1,33607138,
1428361144742,ch.unige.css.services.main.CssRegistryService,ch.unige.ping:background,10074,13902,17964876,[STARTED],false,true,0,0,6748905,
1428361144742,com.whatsapp.messaging.MessageService,com.whatsapp,10159,7286,68313,[STARTED],false,true,1,1,33311703,
1428361144742,ccc71.at.services.at_service,ccc71.bmw.pro:services,10110,4012,69150,[STARTED],false,true,0,0,69159,
1428361144742,com.google.android.location.geocode.GeocodeService,com.google.process.location,10007,17755,50924882,[],false,true,1,1,31915807,
1428361204760,com.android.bluetooth.hid.HidService,com.android.bluetooth,1002,0,41148,[],false,true,2,2,41157,
1428361204760,com.android.exchange.service.EasService,com.google.android.gm.exchange,10157,2752,54256,[STARTED],false,true,1,1,33930535,
1428361204760,com.google.android.music.dial.DialMediaRouteProviderService,com.google.android.music:main,10058,0,21711939,[],false,true,0,0,10495967,
1428361204760,ch.unige.css.services.PingService,ch.unige.ping,10074,1449,60348083,[STARTED],false,true,0,0,34241108,
1428361204760,com.android.systemui.keyguard.KeyguardService,com.android.systemui,10012,906,42358,[PERSISTENT],false,false,1,1,42367,
1428361204760,com.google.android.gms.droidguard.DroidGuardService,com.google.android.gms.unstable,10007,9162,53738077,[],false,true,1,1,33607138,
1428361204760,ch.unige.css.services.main.CssRegistryService,ch.unige.ping:background,10074,13902,17964876,[STARTED],false,true,0,0,6748905,
1428361204760,com.whatsapp.messaging.MessageService,com.whatsapp,10159,7286,68313,[STARTED],false,true,1,1,33311703,
1428361204760,ccc71.at.services.at_service,ccc71.bmw.pro:services,10110,4012,69150,[STARTED],false,true,0,0,69159,
1428361204760,com.google.android.location.geocode.GeocodeService,com.google.process.location,10007,17755,50924882,[],false,true,1,1,31915807,
1428361264885,com.android.bluetooth.hid.HidService,com.android.bluetooth,1002,0,41148,[],false,true,2,2,41157,
1428361264885,com.android.exchange.service.EasService,com.google.android.gm.exchange,10157,2752,54256,[STARTED],false,true,1,1,33930535,
1428361264885,com.google.android.music.dial.DialMediaRouteProviderService,com.google.android.music:main,10058,0,21711939,[],false,true,0,0,10495967,
1428361264885,ch.unige.css.services.PingService,ch.unige.ping,10074,1449,60408244,[STARTED],false,true,0,0,34244939,
1428361264885,com.android.systemui.keyguard.KeyguardService,com.android.systemui,10012,906,42358,[PERSISTENT],false,false,1,1,42367,
1428361264885,com.google.android.gms.droidguard.DroidGuardService,com.google.android.gms.unstable,10007,9162,53738077,[],false,true,1,1,33607138,
1428361264885,ch.unige.css.services.main.CssRegistryService,ch.unige.ping:background,10074,13902,17964876,[STARTED],false,true,0,0,6748905,
1428361264885,com.whatsapp.messaging.MessageService,com.whatsapp,10159,7286,68313,[STARTED],false,true,1,1,33311703,
1428361264885,ccc71.at.services.at_service,ccc71.bmw.pro:services,10110,4012,69150,[STARTED],false,true,0,0,69159,
1428361264885,com.google.android.location.geocode.GeocodeService,com.google.process.location,10007,17755,50924882,[],false,true,1,1,31915807,
1428361324941,com.android.bluetooth.hid.HidService,com.android.bluetooth,1002,0,41148,[],false,true,2,2,41157,
1428361324941,com.android.exchange.service.EasService,com.google.android.gm.exchange,10157,2752,54256,[STARTED],false,true,1,1,33930535,
1428361324941,com.google.android.music.dial.DialMediaRouteProviderService,com.google.android.music:main,10058,0,21711939,[],false,true,0,0,10495967,
1428361324941,ch.unige.css.services.PingService,ch.unige.ping,10074,1449,60468260,[STARTED],false,true,0,0,34247150,
1428361324941,com.android.systemui.keyguard.KeyguardService,com.android.systemui,10012,906,42358,[PERSISTENT],false,false,1,1,42367,
1428361324941,com.google.android.gms.droidguard.DroidGuardService,com.google.android.gms.unstable,10007,9162,53738077,[],false,true,1,1,33607138,
1428361324941,ch.unige.css.services.main.CssRegistryService,ch.unige.ping:background,10074,13902,17964876,[STARTED],false,true,0,0,6748905,
1428361324941,com.whatsapp.messaging.MessageService,com.whatsapp,10159,7286,68313,[STARTED],false,true,1,1,33311703,
1428361324941,ccc71.at.services.at_service,ccc71.bmw.pro:services,10110,4012,69150,[STARTED],false,true,0,0,69159,
1428361324941,com.google.android.location.geocode.GeocodeService,com.google.process.location,10007,17755,50924882,[],false,true,1,1,31915807,
1428361385010,com.android.bluetooth.hid.HidService,com.android.bluetooth,1002,0,41148,[],false,true,2,2,41157,
1428361385010,com.android.exchange.service.EasService,com.google.android.gm.exchange,10157,2752,54256,[STARTED],false,true,1,1,33930535,
1428361385010,com.google.android.music.dial.DialMediaRouteProviderService,com.google.android.music:main,10058,0,21711939,[],false,true,0,0,10495967,
1428361385010,ch.unige.css.services.PingService,ch.unige.ping,10074,1449,60528294,[STARTED],false,true,0,0,34249296,
1428361385010,com.android.systemui.keyguard.KeyguardService,com.android.systemui,10012,906,42358,[PERSISTENT],false,false,1,1,42367,
1428361385010,com.google.android.gms.droidguard.DroidGuardService,com.google.android.gms.unstable,10007,9162,53738077,[],false,true,1,1,33607138,
1428361385010,ch.unige.css.services.main.CssRegistryService,ch.unige.ping:background,10074,13902,17964876,[STARTED],false,true,0,0,6748905,
1428361385010,com.whatsapp.messaging.MessageService,com.whatsapp,10159,7286,68313,[STARTED],false,true,1,1,33311703,
1428361385010,ccc71.at.services.at_service,ccc71.bmw.pro:services,10110,4012,69150,[STARTED],false,true,0,0,69159,
1428361385010,com.google.android.location.geocode.GeocodeService,com.google.process.location,10007,17755,50924882,[],false,true,1,1,31915807,
1428361445035,com.android.bluetooth.hid.HidService,com.android.bluetooth,1002,0,41148,[],false,true,2,2,41157,
1428361445035,com.android.exchange.service.EasService,com.google.android.gm.exchange,10157,2752,54256,[STARTED],false,true,1,1,33930535,
1428361445035,com.google.android.music.dial.DialMediaRouteProviderService,com.google.android.music:main,10058,0,21711939,[],false,true,0,0,10495967,
1428361445035,ch.unige.css.services.PingService,ch.unige.ping,10074,1449,60588335,[STARTED],false,true,0,0,34251560,
1428361445035,com.android.systemui.keyguard.KeyguardService,com.android.systemui,10012,906,42358,[PERSISTENT],false,false,1,1,42367,
1428361445035,com.google.android.gms.droidguard.DroidGuardService,com.google.android.gms.unstable,10007,9162,53738077,[],false,true,1,1,33607138,
1428361445035,ch.unige.css.services.main.CssRegistryService,ch.unige.ping:background,10074,13902,17964876,[STARTED],false,true,0,0,6748905,
1428361445035,com.whatsapp.messaging.MessageService,com.whatsapp,10159,7286,68313,[STARTED],false,true,1,1,33311703,
1428361445035,ccc71.at.services.at_service,ccc71.bmw.pro:services,10110,4012,69150,[STARTED],false,true,0,0,69159,
1428361445035,com.google.android.location.geocode.GeocodeService,com.google.process.location,10007,17755,50924882,[],false,true,1,1,31915807,
1428361505053,com.android.bluetooth.hid.HidService,com.android.bluetooth,1002,0,41148,[],false,true,2,2,41157,
1428361505053,com.android.exchange.service.EasService,com.google.android.gm.exchange,10157,2752,54256,[STARTED],false,true,1,1,33930535,
1428361505053,com.google.android.music.dial.DialMediaRouteProviderService,com.google.android.music:main,10058,0,21711939,[],false,true,0,0,10495967,
1428361505053,ch.unige.css.services.PingService,ch.unige.ping,10074,1449,60648382,[STARTED],false,true,0,0,34254087,
1428361505053,com.android.systemui.keyguard.KeyguardService,com.android.systemui,10012,906,42358,[PERSISTENT],false,false,1,1,42367,
1428361505053,com.google.android.gms.droidguard.DroidGuardService,com.google.android.gms.unstable,10007,9162,53738077,[],false,true,1,1,33607138,
1428361505053,ch.unige.css.services.main.CssRegistryService,ch.unige.ping:background,10074,13902,17964876,[STARTED],false,true,0,0,6748905,
1428361505053,com.whatsapp.messaging.MessageService,com.whatsapp,10159,7286,68313,[STARTED],false,true,1,1,33311703,
1428361505053,ccc71.at.services.at_service,ccc71.bmw.pro:services,10110,4012,69150,[STARTED],false,true,0,0,69159,
1428361505053,com.google.android.location.geocode.GeocodeService,com.google.process.location,10007,17755,50924882,[],false,true,1,1,31915807,
1428361565141,com.android.bluetooth.hid.HidService,com.android.bluetooth,1002,0,41148,[],false,true,2,2,41157,
1428361565141,com.android.exchange.service.EasService,com.google.android.gm.exchange,10157,2752,54256,[STARTED],false,true,1,1,33930535,
1428361565141,com.google.android.music.dial.DialMediaRouteProviderService,com.google.android.music:main,10058,0,21711939,[],false,true,0,0,10495967,
1428361565141,ch.unige.css.services.PingService,ch.unige.ping,10074,1449,60708444,[STARTED],false,true,0,0,34256789,
1428361565141,com.android.systemui.keyguard.KeyguardService,com.android.systemui,10012,906,42358,[PERSISTENT],false,false,1,1,42367,
1428361565141,com.google.android.gms.droidguard.DroidGuardService,com.google.android.gms.unstable,10007,9162,53738077,[],false,true,1,1,33607138,
1428361565141,ch.unige.css.services.main.CssRegistryService,ch.unige.ping:background,10074,13902,17964876,[STARTED],false,true,0,0,6748905,
1428361565141,com.whatsapp.messaging.MessageService,com.whatsapp,10159,7286,68313,[STARTED],false,true,1,1,33311703,
1428361565141,ccc71.at.services.at_service,ccc71.bmw.pro:services,10110,4012,69150,[STARTED],false,true,0,0,69159,
1428361565141,com.google.android.location.geocode.GeocodeService,com.google.process.location,10007,17755,50924882,[],false,true,1,1,31915807,
1428361625191,com.android.bluetooth.hid.HidService,com.android.bluetooth,1002,0,41148,[],false,true,2,2,41157,
1428361625191,com.android.exchange.service.EasService,com.google.android.gm.exchange,10157,2752,54256,[STARTED],false,true,1,1,33930535,
1428361625191,com.google.android.music.dial.DialMediaRouteProviderService,com.google.android.music:main,10058,0,21711939,[],false,true,0,0,10495967,
1428361625191,ch.unige.css.services.PingService,ch.unige.ping,10074,1449,60768532,[STARTED],false,true,0,0,34262586,
1428361625191,com.android.systemui.keyguard.KeyguardService,com.android.systemui,10012,906,42358,[PERSISTENT],false,false,1,1,42367,
1428361625191,com.google.android.gms.droidguard.DroidGuardService,com.google.android.gms.unstable,10007,9162,53738077,[],false,true,1,1,33607138,
1428361625191,ch.unige.css.services.main.CssRegistryService,ch.unige.ping:background,10074,13902,17964876,[STARTED],false,true,0,0,6748905,
1428361625191,com.whatsapp.messaging.MessageService,com.whatsapp,10159,7286,68313,[STARTED],false,true,1,1,33311703,
1428361625191,ccc71.at.services.at_service,ccc71.bmw.pro:services,10110,4012,69150,[STARTED],false,true,0,0,69159,
1428361625191,com.google.android.location.geocode.GeocodeService,com.google.process.location,10007,17755,50924882,[],false,true,1,1,31915807,
1428361685610,com.android.bluetooth.hid.HidService,com.android.bluetooth,1002,0,41148,[],false,true,2,2,41157,
1428361685610,com.android.exchange.service.EasService,com.google.android.gm.exchange,10157,2752,54256,[STARTED],false,true,1,1,33930535,
1428361685610,com.google.android.music.dial.DialMediaRouteProviderService,com.google.android.music:main,10058,0,21711939,[],false,true,0,0,10495967,
1428361685610,ch.unige.css.services.PingService,ch.unige.ping,10074,1449,60828929,[STARTED],false,true,0,0,34268846,
1428361685610,com.android.systemui.keyguard.KeyguardService,com.android.systemui,10012,906,42358,[PERSISTENT],false,false,1,1,42367,
1428361685610,com.google.android.gms.droidguard.DroidGuardService,com.google.android.gms.unstable,10007,9162,53738077,[],false,true,1,1,33607138,
1428361685610,ch.unige.css.services.main.CssRegistryService,ch.unige.ping:background,10074,13902,17964876,[STARTED],false,true,0,0,6748905,
1428361685610,com.whatsapp.messaging.MessageService,com.whatsapp,10159,7286,68313,[STARTED],false,true,1,1,33311703,
1428361685610,ccc71.at.services.at_service,ccc71.bmw.pro:services,10110,4012,69150,[STARTED],false,true,0,0,69159,
1428361685610,com.google.android.location.geocode.GeocodeService,com.google.process.location,10007,17755,50924882,[],false,true,1,1,31915807,
1428361745624,com.android.bluetooth.hid.HidService,com.android.bluetooth,1002,0,41148,[],false,true,2,2,41157,
1428361745624,com.android.exchange.service.EasService,com.google.android.gm.exchange,10157,2752,54256,[STARTED],false,true,1,1,33930535,
1428361745624,com.google.android.music.dial.DialMediaRouteProviderService,com.google.android.music:main,10058,0,21711939,[],false,true,0,0,10495967,
1428361745624,ch.unige.css.services.PingService,ch.unige.ping,10074,1449,60888939,[STARTED],false,true,0,0,34269978,
1428361745624,com.android.systemui.keyguard.KeyguardService,com.android.systemui,10012,906,42358,[PERSISTENT],false,false,1,1,42367,
1428361745624,com.google.android.gms.droidguard.DroidGuardService,com.google.android.gms.unstable,10007,9162,53738077,[],false,true,1,1,33607138,
1428361745624,ch.unige.css.services.main.CssRegistryService,ch.unige.ping:background,10074,13902,17964876,[STARTED],false,true,0,0,6748905,
1428361745624,com.whatsapp.messaging.MessageService,com.whatsapp,10159,7286,68313,[STARTED],false,true,1,1,33311703,
1428361745624,ccc71.at.services.at_service,ccc71.bmw.pro:services,10110,4012,69150,[STARTED],false,true,0,0,69159,
1428361745624,com.google.android.location.geocode.GeocodeService,com.google.process.location,10007,17755,50924882,[],false,true,1,1,31915807,
1428361805650,com.android.bluetooth.hid.HidService,com.android.bluetooth,1002,0,41148,[],false,true,2,2,41157,
1428361805650,com.android.exchange.service.EasService,com.google.android.gm.exchange,10157,2752,54256,[STARTED],false,true,1,1,33930535,
1428361805650,com.google.android.music.dial.DialMediaRouteProviderService,com.google.android.music:main,10058,0,21711939,[],false,true,0,0,10495967,
1428361805650,ch.unige.css.services.PingService,ch.unige.ping,10074,1449,60948963,[STARTED],false,true,0,0,34273218,
1428361805650,com.android.systemui.keyguard.KeyguardService,com.android.systemui,10012,906,42358,[PERSISTENT],false,false,1,1,42367,
1428361805650,com.google.android.gms.droidguard.DroidGuardService,com.google.android.gms.unstable,10007,9162,53738077,[],false,true,1,1,33607138,
1428361805650,ch.unige.css.services.main.CssRegistryService,ch.unige.ping:background,10074,13902,17964876,[STARTED],false,true,0,0,6748905,
1428361805650,com.whatsapp.messaging.MessageService,com.whatsapp,10159,7286,68313,[STARTED],false,true,1,1,33311703,
1428361805650,ccc71.at.services.at_service,ccc71.bmw.pro:services,10110,4012,69150,[STARTED],false,true,0,0,69159,
1428361805650,com.google.android.location.geocode.GeocodeService,com.google.process.location,10007,17755,50924882,[],false,true,1,1,31915807,
1428361865699,com.android.bluetooth.hid.HidService,com.android.bluetooth,1002,0,41148,[],false,true,2,2,41157,
1428361865699,com.android.exchange.service.EasService,com.google.android.gm.exchange,10157,2752,54256,[STARTED],false,true,1,1,33930535,
1428361865699,com.google.android.music.dial.DialMediaRouteProviderService,com.google.android.music:main,10058,0,21711939,[],false,true,0,0,10495967,
1428361865699,ch.unige.css.services.PingService,ch.unige.ping,10074,1449,61009011,[STARTED],false,true,0,0,34274732,
1428361865699,com.android.systemui.keyguard.KeyguardService,com.android.systemui,10012,906,42358,[PERSISTENT],false,false,1,1,42367,
1428361865699,com.google.android.gms.droidguard.DroidGuardService,com.google.android.gms.unstable,10007,9162,53738077,[],false,true,1,1,33607138,
1428361865699,ch.unige.css.services.main.CssRegistryService,ch.unige.ping:background,10074,13902,17964876,[STARTED],false,true,0,0,6748905,
1428361865699,com.whatsapp.messaging.MessageService,com.whatsapp,10159,7286,68313,[STARTED],false,true,1,1,33311703,
1428361865699,ccc71.at.services.at_service,ccc71.bmw.pro:services,10110,4012,69150,[STARTED],false,true,0,0,69159,
1428361865699,com.google.android.location.geocode.GeocodeService,com.google.process.location,10007,17755,50924882,[],false,true,1,1,31915807,
1428361925778,com.android.bluetooth.hid.HidService,com.android.bluetooth,1002,0,41148,[],false,true,2,2,41157,
1428361925778,com.android.exchange.service.EasService,com.google.android.gm.exchange,10157,2752,54256,[STARTED],false,true,1,1,33930535,
1428361925778,com.google.android.music.dial.DialMediaRouteProviderService,com.google.android.music:main,10058,0,21711939,[],false,true,0,0,10495967,
1428361925778,ch.unige.css.services.PingService,ch.unige.ping,10074,1449,61069089,[STARTED],false,true,0,0,34276234,
1428361925778,com.android.systemui.keyguard.KeyguardService,com.android.systemui,10012,906,42358,[PERSISTENT],false,false,1,1,42367,
1428361925778,com.google.android.gms.droidguard.DroidGuardService,com.google.android.gms.unstable,10007,9162,53738077,[],false,true,1,1,33607138,
1428361925778,ch.unige.css.services.main.CssRegistryService,ch.unige.ping:background,10074,13902,17964876,[STARTED],false,true,0,0,6748905,
1428361925778,com.whatsapp.messaging.MessageService,com.whatsapp,10159,7286,68313,[STARTED],false,true,1,1,33311703,
1428361925778,ccc71.at.services.at_service,ccc71.bmw.pro:services,10110,4012,69150,[STARTED],false,true,0,0,69159,
1428361925778,com.google.android.location.geocode.GeocodeService,com.google.process.location,10007,17755,50924882,[],false,true,1,1,31915807,
1428361985935,com.android.bluetooth.hid.HidService,com.android.bluetooth,1002,0,41148,[],false,true,2,2,41157,
1428361985935,com.android.exchange.service.EasService,com.google.android.gm.exchange,10157,2752,54256,[STARTED],false,true,1,1,33930535,
1428361985935,com.google.android.music.dial.DialMediaRouteProviderService,com.google.android.music:main,10058,0,21711939,[],false,true,0,0,10495967,
1428361985935,ch.unige.css.services.PingService,ch.unige.ping,10074,1449,61129252,[STARTED],false,true,0,0,34278112,
1428361985935,com.android.systemui.keyguard.KeyguardService,com.android.systemui,10012,906,42358,[PERSISTENT],false,false,1,1,42367,
1428361985935,com.google.android.gms.droidguard.DroidGuardService,com.google.android.gms.unstable,10007,9162,53738077,[],false,true,1,1,33607138,
1428361985935,ch.unige.css.services.main.CssRegistryService,ch.unige.ping:background,10074,13902,17964876,[STARTED],false,true,0,0,6748905,
1428361985935,com.whatsapp.messaging.MessageService,com.whatsapp,10159,7286,68313,[STARTED],false,true,1,1,33311703,
1428361985935,ccc71.at.services.at_service,ccc71.bmw.pro:services,10110,4012,69150,[STARTED],false,true,0,0,69159,
1428361985935,com.google.android.location.geocode.GeocodeService,com.google.process.location,10007,17755,50924882,[],false,true,1,1,31915807,
1428362045958,com.android.bluetooth.hid.HidService,com.android.bluetooth,1002,0,41148,[],false,true,2,2,41157,
1428362045958,com.android.exchange.service.EasService,com.google.android.gm.exchange,10157,2752,54256,[STARTED],false,true,1,1,33930535,
1428362045958,com.google.android.music.dial.DialMediaRouteProviderService,com.google.android.music:main,10058,0,21711939,[],false,true,0,0,10495967,
1428362045958,ch.unige.css.services.PingService,ch.unige.ping,10074,1449,61189266,[STARTED],false,true,0,0,34280532,
1428362045958,com.android.systemui.keyguard.KeyguardService,com.android.systemui,10012,906,42358,[PERSISTENT],false,false,1,1,42367,
1428362045958,com.google.android.gms.droidguard.DroidGuardService,com.google.android.gms.unstable,10007,9162,53738077,[],false,true,1,1,33607138,
1428362045958,ch.unige.css.services.main.CssRegistryService,ch.unige.ping:background,10074,13902,17964876,[STARTED],false,true,0,0,6748905,
1428362045958,com.whatsapp.messaging.MessageService,com.whatsapp,10159,7286,68313,[STARTED],false,true,1,1,33311703,
1428362045958,ccc71.at.services.at_service,ccc71.bmw.pro:services,10110,4012,69150,[STARTED],false,true,0,0,69159,
1428362045958,com.google.android.location.geocode.GeocodeService,com.google.process.location,10007,17755,50924882,[],false,true,1,1,31915807,
1428362106071,com.android.bluetooth.hid.HidService,com.android.bluetooth,1002,0,41148,[],false,true,2,2,41157,
1428362106071,com.android.exchange.service.EasService,com.google.android.gm.exchange,10157,2752,54256,[STARTED],false,true,1,1,33930535,
1428362106071,com.google.android.music.dial.DialMediaRouteProviderService,com.google.android.music:main,10058,0,21711939,[],false,true,0,0,10495967,
1428362106071,ch.unige.css.services.PingService,ch.unige.ping,10074,1449,61249394,[STARTED],false,true,0,0,34282796,
1428362106071,com.android.systemui.keyguard.KeyguardService,com.android.systemui,10012,906,42358,[PERSISTENT],false,false,1,1,42367,
1428362106071,com.google.android.gms.droidguard.DroidGuardService,com.google.android.gms.unstable,10007,9162,53738077,[],false,true,1,1,33607138,
1428362106071,ch.unige.css.services.main.CssRegistryService,ch.unige.ping:background,10074,13902,17964876,[STARTED],false,true,0,0,6748905,
1428362106071,com.whatsapp.messaging.MessageService,com.whatsapp,10159,7286,68313,[STARTED],false,true,1,1,33311703,
1428362106071,ccc71.at.services.at_service,ccc71.bmw.pro:services,10110,4012,69150,[STARTED],false,true,0,0,69159,
1428362106071,com.google.android.location.geocode.GeocodeService,com.google.process.location,10007,17755,50924882,[],false,true,1,1,31915807,
1428362193966,com.android.bluetooth.hid.HidService,com.android.bluetooth,1002,0,41148,[],false,true,2,2,41157,
1428362193966,com.android.exchange.service.EasService,com.google.android.gm.exchange,10157,2752,54256,[STARTED],false,true,1,1,33930535,
1428362193966,com.google.android.music.dial.DialMediaRouteProviderService,com.google.android.music:main,10058,0,21711939,[],false,true,0,0,10495967,
1428362193966,ch.unige.css.services.PingService,ch.unige.ping,10074,1449,61337291,[STARTED],false,true,0,0,34286150,
1428362193966,com.android.systemui.keyguard.KeyguardService,com.android.systemui,10012,906,42358,[PERSISTENT],false,false,1,1,42367,
1428362193966,com.google.android.gms.droidguard.DroidGuardService,com.google.android.gms.unstable,10007,9162,53738077,[],false,true,1,1,33607138,
1428362193966,ch.unige.css.services.main.CssRegistryService,ch.unige.ping:background,10074,13902,17964876,[STARTED],false,true,0,0,6748905,
1428362193966,com.whatsapp.messaging.MessageService,com.whatsapp,10159,7286,68313,[STARTED],false,true,1,1,33311703,
1428362193966,ccc71.at.services.at_service,ccc71.bmw.pro:services,10110,4012,69150,[STARTED],false,true,0,0,69159,
1428362193966,com.google.android.location.geocode.GeocodeService,com.google.process.location,10007,17755,50924882,[],false,true,1,1,31915807,
1428362254044,com.android.bluetooth.hid.HidService,com.android.bluetooth,1002,0,41148,[],false,true,2,2,41157,
1428362254044,com.android.exchange.service.EasService,com.google.android.gm.exchange,10157,2752,54256,[STARTED],false,true,1,1,33930535,
1428362254044,com.google.android.music.dial.DialMediaRouteProviderService,com.google.android.music:main,10058,0,21711939,[],false,true,0,0,10495967,
1428362254044,ch.unige.css.services.PingService,ch.unige.ping,10074,1449,61397373,[STARTED],false,true,0,0,34297843,
1428362254044,com.android.systemui.keyguard.KeyguardService,com.android.systemui,10012,906,42358,[PERSISTENT],false,false,1,1,42367,
1428362254044,com.google.android.gms.droidguard.DroidGuardService,com.google.android.gms.unstable,10007,9162,53738077,[],false,true,1,1,33607138,
1428362254044,ch.unige.css.services.main.CssRegistryService,ch.unige.ping:background,10074,13902,17964876,[STARTED],false,true,0,0,6748905,
1428362254044,com.whatsapp.messaging.MessageService,com.whatsapp,10159,7286,68313,[STARTED],false,true,1,1,33311703,
1428362254044,ccc71.at.services.at_service,ccc71.bmw.pro:services,10110,4012,69150,[STARTED],false,true,0,0,69159,
1428362254044,com.google.android.location.geocode.GeocodeService,com.google.process.location,10007,17755,50924882,[],false,true,1,1,31915807,
1428362314150,com.android.bluetooth.hid.HidService,com.android.bluetooth,1002,0,41148,[],false,true,2,2,41157,
1428362314150,com.android.exchange.service.EasService,com.google.android.gm.exchange,10157,2752,54256,[STARTED],false,true,1,1,33930535,
1428362314150,com.google.android.music.dial.DialMediaRouteProviderService,com.google.android.music:main,10058,0,21711939,[],false,true,0,0,10495967,
1428362314150,ch.unige.css.services.PingService,ch.unige.ping,10074,1449,61457444,[STARTED],false,true,0,0,34300269,
1428362314150,com.android.systemui.keyguard.KeyguardService,com.android.systemui,10012,906,42358,[PERSISTENT],false,false,1,1,42367,
1428362314150,com.google.android.gms.droidguard.DroidGuardService,com.google.android.gms.unstable,10007,9162,53738077,[],false,true,1,1,33607138,
1428362314150,ch.unige.css.services.main.CssRegistryService,ch.unige.ping:background,10074,13902,17964876,[STARTED],false,true,0,0,6748905,
1428362314150,com.whatsapp.messaging.MessageService,com.whatsapp,10159,7286,68313,[STARTED],false,true,1,1,33311703,
1428362314150,ccc71.at.services.at_service,ccc71.bmw.pro:services,10110,4012,69150,[STARTED],false,true,0,0,69159,
1428362314150,com.google.android.location.geocode.GeocodeService,com.google.process.location,10007,17755,50924882,[],false,true,1,1,31915807,
1428362374195,com.android.bluetooth.hid.HidService,com.android.bluetooth,1002,0,41148,[],false,true,2,2,41157,
1428362374195,com.android.exchange.service.EasService,com.google.android.gm.exchange,10157,2752,54256,[STARTED],false,true,1,1,33930535,
1428362374195,com.google.android.music.dial.DialMediaRouteProviderService,com.google.android.music:main,10058,0,21711939,[],false,true,0,0,10495967,
1428362374195,ch.unige.css.services.PingService,ch.unige.ping,10074,1449,61517470,[STARTED],false,true,0,0,34302885,
1428362374195,com.android.systemui.keyguard.KeyguardService,com.android.systemui,10012,906,42358,[PERSISTENT],false,false,1,1,42367,
1428362374195,com.google.android.gms.droidguard.DroidGuardService,com.google.android.gms.unstable,10007,9162,53738077,[],false,true,1,1,33607138,
1428362374195,ch.unige.css.services.main.CssRegistryService,ch.unige.ping:background,10074,13902,17964876,[STARTED],false,true,0,0,6748905,
1428362374195,com.whatsapp.messaging.MessageService,com.whatsapp,10159,7286,68313,[STARTED],false,true,1,1,33311703,
1428362374195,ccc71.at.services.at_service,ccc71.bmw.pro:services,10110,4012,69150,[STARTED],false,true,0,0,69159,
1428362374195,com.google.android.location.geocode.GeocodeService,com.google.process.location,10007,17755,50924882,[],false,true,1,1,31915807,
1428362434247,com.android.bluetooth.hid.HidService,com.android.bluetooth,1002,0,41148,[],false,true,2,2,41157,
1428362434247,com.android.exchange.service.EasService,com.google.android.gm.exchange,10157,2752,54256,[STARTED],false,true,1,1,33930535,
1428362434247,com.google.android.music.dial.DialMediaRouteProviderService,com.google.android.music:main,10058,0,21711939,[],false,true,0,0,10495967,
1428362434247,ch.unige.css.services.PingService,ch.unige.ping,10074,1449,61577583,[STARTED],false,true,0,0,34305778,
1428362434247,com.android.systemui.keyguard.KeyguardService,com.android.systemui,10012,906,42358,[PERSISTENT],false,false,1,1,42367,
1428362434247,com.google.android.gms.droidguard.DroidGuardService,com.google.android.gms.unstable,10007,9162,53738077,[],false,true,1,1,33607138,
1428362434247,ch.unige.css.services.main.CssRegistryService,ch.unige.ping:background,10074,13902,17964876,[STARTED],false,true,0,0,6748905,
1428362434247,com.whatsapp.messaging.MessageService,com.whatsapp,10159,7286,68313,[STARTED],false,true,1,1,33311703,
1428362434247,ccc71.at.services.at_service,ccc71.bmw.pro:services,10110,4012,69150,[STARTED],false,true,0,0,69159,
1428362434247,com.google.android.location.geocode.GeocodeService,com.google.process.location,10007,17755,50924882,[],false,true,1,1,31915807,
1428362494618,com.android.bluetooth.hid.HidService,com.android.bluetooth,1002,0,41148,[],false,true,2,2,41157,
1428362494618,com.android.exchange.service.EasService,com.google.android.gm.exchange,10157,2752,54256,[STARTED],false,true,1,1,33930535,
1428362494618,com.google.android.music.dial.DialMediaRouteProviderService,com.google.android.music:main,10058,0,21711939,[],false,true,0,0,10495967,
1428362494618,ch.unige.css.services.PingService,ch.unige.ping,10074,1449,61637932,[STARTED],false,true,0,0,34308272,
1428362494618,com.android.systemui.keyguard.KeyguardService,com.android.systemui,10012,906,42358,[PERSISTENT],false,false,1,1,42367,
1428362494618,com.google.android.gms.droidguard.DroidGuardService,com.google.android.gms.unstable,10007,9162,53738077,[],false,true,1,1,33607138,
1428362494618,ch.unige.css.services.main.CssRegistryService,ch.unige.ping:background,10074,13902,17964876,[STARTED],false,true,0,0,6748905,
1428362494618,com.whatsapp.messaging.MessageService,com.whatsapp,10159,7286,68313,[STARTED],false,true,1,1,33311703,
1428362494618,ccc71.at.services.at_service,ccc71.bmw.pro:services,10110,4012,69150,[STARTED],false,true,0,0,69159,
1428362494618,com.google.android.location.geocode.GeocodeService,com.google.process.location,10007,17755,50924882,[],false,true,1,1,31915807,
1428362554639,com.android.bluetooth.hid.HidService,com.android.bluetooth,1002,0,41148,[],false,true,2,2,41157,
1428362554639,com.android.exchange.service.EasService,com.google.android.gm.exchange,10157,2752,54256,[STARTED],false,true,1,1,33930535,
1428362554639,com.google.android.music.dial.DialMediaRouteProviderService,com.google.android.music:main,10058,0,21711939,[],false,true,0,0,10495967,
1428362554639,ch.unige.css.services.PingService,ch.unige.ping,10074,1449,61697947,[STARTED],false,true,0,0,34309658,
1428362554639,com.android.systemui.keyguard.KeyguardService,com.android.systemui,10012,906,42358,[PERSISTENT],false,false,1,1,42367,
1428362554639,com.google.android.gms.droidguard.DroidGuardService,com.google.android.gms.unstable,10007,9162,53738077,[],false,true,1,1,33607138,
1428362554639,ch.unige.css.services.main.CssRegistryService,ch.unige.ping:background,10074,13902,17964876,[STARTED],false,true,0,0,6748905,
1428362554639,com.whatsapp.messaging.MessageService,com.whatsapp,10159,7286,68313,[STARTED],false,true,1,1,33311703,
1428362554639,ccc71.at.services.at_service,ccc71.bmw.pro:services,10110,4012,69150,[STARTED],false,true,0,0,69159,
1428362554639,com.google.android.location.geocode.GeocodeService,com.google.process.location,10007,17755,50924882,[],false,true,1,1,31915807,
1428362614657,com.android.bluetooth.hid.HidService,com.android.bluetooth,1002,0,41148,[],false,true,2,2,41157,
1428362614657,com.android.exchange.service.EasService,com.google.android.gm.exchange,10157,2752,54256,[STARTED],false,true,1,1,33930535,
1428362614657,com.google.android.music.dial.DialMediaRouteProviderService,com.google.android.music:main,10058,0,21711939,[],false,true,0,0,10495967,
1428362614657,ch.unige.css.services.PingService,ch.unige.ping,10074,1449,61757968,[STARTED],false,true,0,0,34311059,
1428362614657,com.android.systemui.keyguard.KeyguardService,com.android.systemui,10012,906,42358,[PERSISTENT],false,false,1,1,42367,
1428362614657,com.google.android.gms.droidguard.DroidGuardService,com.google.android.gms.unstable,10007,9162,53738077,[],false,true,1,1,33607138,
1428362614657,ch.unige.css.services.main.CssRegistryService,ch.unige.ping:background,10074,13902,17964876,[STARTED],false,true,0,0,6748905,
1428362614657,com.whatsapp.messaging.MessageService,com.whatsapp,10159,7286,68313,[STARTED],false,true,1,1,33311703,
1428362614657,ccc71.at.services.at_service,ccc71.bmw.pro:services,10110,4012,69150,[STARTED],false,true,0,0,69159,
1428362614657,com.google.android.location.geocode.GeocodeService,com.google.process.location,10007,17755,50924882,[],false,true,1,1,31915807,
1428362674695,com.android.bluetooth.hid.HidService,com.android.bluetooth,1002,0,41148,[],false,true,2,2,41157,
1428362674695,com.android.exchange.service.EasService,com.google.android.gm.exchange,10157,2752,54256,[STARTED],false,true,1,1,33930535,
1428362674695,com.google.android.music.dial.DialMediaRouteProviderService,com.google.android.music:main,10058,0,21711939,[],false,true,0,0,10495967,
1428362674695,ch.unige.css.services.PingService,ch.unige.ping,10074,1449,61818003,[STARTED],false,true,0,0,34312544,
1428362674695,com.android.systemui.keyguard.KeyguardService,com.android.systemui,10012,906,42358,[PERSISTENT],false,false,1,1,42367,
1428362674695,com.google.android.gms.droidguard.DroidGuardService,com.google.android.gms.unstable,10007,9162,53738077,[],false,true,1,1,33607138,
1428362674695,ch.unige.css.services.main.CssRegistryService,ch.unige.ping:background,10074,13902,17964876,[STARTED],false,true,0,0,6748905,
1428362674695,com.whatsapp.messaging.MessageService,com.whatsapp,10159,7286,68313,[STARTED],false,true,1,1,33311703,
1428362674695,ccc71.at.services.at_service,ccc71.bmw.pro:services,10110,4012,69150,[STARTED],false,true,0,0,69159,
1428362674695,com.google.android.location.geocode.GeocodeService,com.google.process.location,10007,17755,50924882,[],false,true,1,1,31915807,
1428362734722,com.android.bluetooth.hid.HidService,com.android.bluetooth,1002,0,41148,[],false,true,2,2,41157,
1428362734722,com.android.exchange.service.EasService,com.google.android.gm.exchange,10157,2752,54256,[STARTED],false,true,1,1,33930535,
1428362734722,com.google.android.music.dial.DialMediaRouteProviderService,com.google.android.music:main,10058,0,21711939,[],false,true,0,0,10495967,
1428362734722,ch.unige.css.services.PingService,ch.unige.ping,10074,1449,61878023,[STARTED],false,true,0,0,34314085,
1428362734722,com.android.systemui.keyguard.KeyguardService,com.android.systemui,10012,906,42358,[PERSISTENT],false,false,1,1,42367,
1428362734722,com.google.android.gms.droidguard.DroidGuardService,com.google.android.gms.unstable,10007,9162,53738077,[],false,true,1,1,33607138,
1428362734722,ch.unige.css.services.main.CssRegistryService,ch.unige.ping:background,10074,13902,17964876,[STARTED],false,true,0,0,6748905,
1428362734722,com.whatsapp.messaging.MessageService,com.whatsapp,10159,7286,68313,[STARTED],false,true,1,1,33311703,
1428362734722,ccc71.at.services.at_service,ccc71.bmw.pro:services,10110,4012,69150,[STARTED],false,true,0,0,69159,
1428362734722,com.google.android.location.geocode.GeocodeService,com.google.process.location,10007,17755,50924882,[],false,true,1,1,31915807,
1428362794817,com.android.bluetooth.hid.HidService,com.android.bluetooth,1002,0,41148,[],false,true,2,2,41157,
1428362794817,com.android.exchange.service.EasService,com.google.android.gm.exchange,10157,2752,54256,[STARTED],false,true,1,1,33930535,
1428362794817,com.google.android.music.dial.DialMediaRouteProviderService,com.google.android.music:main,10058,0,21711939,[],false,true,0,0,10495967,
1428362794817,ch.unige.css.services.PingService,ch.unige.ping,10074,1449,61938174,[STARTED],false,true,0,0,34315895,
1428362794817,com.android.systemui.keyguard.KeyguardService,com.android.systemui,10012,906,42358,[PERSISTENT],false,false,1,1,42367,
1428362794817,com.google.android.gms.droidguard.DroidGuardService,com.google.android.gms.unstable,10007,9162,53738077,[],false,true,1,1,33607138,
1428362794817,ch.unige.css.services.main.CssRegistryService,ch.unige.ping:background,10074,13902,17964876,[STARTED],false,true,0,0,6748905,
1428362794817,com.whatsapp.messaging.MessageService,com.whatsapp,10159,7286,68313,[STARTED],false,true,1,1,33311703,
1428362794817,ccc71.at.services.at_service,ccc71.bmw.pro:services,10110,4012,69150,[STARTED],false,true,0,0,69159,
1428362794817,com.google.android.location.geocode.GeocodeService,com.google.process.location,10007,17755,50924882,[],false,true,1,1,31915807,
1428362854924,com.android.bluetooth.hid.HidService,com.android.bluetooth,1002,0,41148,[],false,true,2,2,41157,
1428362854924,com.android.exchange.service.EasService,com.google.android.gm.exchange,10157,2752,54256,[STARTED],false,true,1,1,33930535,
1428362854924,com.google.android.music.dial.DialMediaRouteProviderService,com.google.android.music:main,10058,0,21711939,[],false,true,0,0,10495967,
1428362854924,ch.unige.css.services.PingService,ch.unige.ping,10074,1449,61998245,[STARTED],false,true,0,0,34321179,
1428362854924,com.android.systemui.keyguard.KeyguardService,com.android.systemui,10012,906,42358,[PERSISTENT],false,false,1,1,42367,
1428362854924,com.google.android.gms.droidguard.DroidGuardService,com.google.android.gms.unstable,10007,9162,53738077,[],false,true,1,1,33607138,
1428362854924,ch.unige.css.services.main.CssRegistryService,ch.unige.ping:background,10074,13902,17964876,[STARTED],false,true,0,0,6748905,
1428362854924,com.whatsapp.messaging.MessageService,com.whatsapp,10159,7286,68313,[STARTED],false,true,1,1,33311703,
1428362854924,ccc71.at.services.at_service,ccc71.bmw.pro:services,10110,4012,69150,[STARTED],false,true,0,0,69159,
1428362854924,com.google.android.location.geocode.GeocodeService,com.google.process.location,10007,17755,50924882,[],false,true,1,1,31915807,
1428362915616,com.android.bluetooth.hid.HidService,com.android.bluetooth,1002,0,41148,[],false,true,2,2,41157,
1428362915616,com.android.exchange.service.EasService,com.google.android.gm.exchange,10157,2752,54256,[STARTED],false,true,1,1,33930535,
1428362915616,com.google.android.music.dial.DialMediaRouteProviderService,com.google.android.music:main,10058,0,21711939,[],false,true,0,0,10495967,
1428362915616,ch.unige.css.services.PingService,ch.unige.ping,10074,1449,62058926,[STARTED],false,true,0,0,34328185,
1428362915616,com.android.systemui.keyguard.KeyguardService,com.android.systemui,10012,906,42358,[PERSISTENT],false,false,1,1,42367,
1428362915616,com.google.android.gms.droidguard.DroidGuardService,com.google.android.gms.unstable,10007,9162,53738077,[],false,true,1,1,33607138,
1428362915616,ch.unige.css.services.main.CssRegistryService,ch.unige.ping:background,10074,13902,17964876,[STARTED],false,true,0,0,6748905,
1428362915616,com.whatsapp.messaging.MessageService,com.whatsapp,10159,7286,68313,[STARTED],false,true,1,1,33311703,
1428362915616,ccc71.at.services.at_service,ccc71.bmw.pro:services,10110,4012,69150,[STARTED],false,true,0,0,69159,
1428362915616,com.google.android.location.geocode.GeocodeService,com.google.process.location,10007,17755,50924882,[],false,true,1,1,31915807,
1428362975581,com.android.bluetooth.hid.HidService,com.android.bluetooth,1002,0,41148,[],false,true,2,2,41157,
1428362975581,com.android.exchange.service.EasService,com.google.android.gm.exchange,10157,2752,54256,[STARTED],false,true,1,1,33930535,
1428362975581,com.google.android.music.dial.DialMediaRouteProviderService,com.google.android.music:main,10058,0,21711939,[],false,true,0,0,10495967,
1428362975581,ch.unige.css.services.PingService,ch.unige.ping,10074,1449,62118937,[STARTED],false,true,0,0,34329254,
1428362975581,com.android.systemui.keyguard.KeyguardService,com.android.systemui,10012,906,42358,[PERSISTENT],false,false,1,1,42367,
1428362975581,com.google.android.gms.droidguard.DroidGuardService,com.google.android.gms.unstable,10007,9162,53738077,[],false,true,1,1,33607138,
1428362975581,ch.unige.css.services.main.CssRegistryService,ch.unige.ping:background,10074,13902,17964876,[STARTED],false,true,0,0,6748905,
1428362975581,com.whatsapp.messaging.MessageService,com.whatsapp,10159,7286,68313,[STARTED],false,true,1,1,33311703,
1428362975581,ccc71.at.services.at_service,ccc71.bmw.pro:services,10110,4012,69150,[STARTED],false,true,0,0,69159,
1428362975581,com.google.android.location.geocode.GeocodeService,com.google.process.location,10007,17755,50924882,[],false,true,1,1,31915807,
1428363035647,com.android.bluetooth.hid.HidService,com.android.bluetooth,1002,0,41148,[],false,true,2,2,41157,
1428363035647,com.android.exchange.service.EasService,com.google.android.gm.exchange,10157,2752,54256,[STARTED],false,true,1,1,33930535,
1428363035647,com.google.android.music.dial.DialMediaRouteProviderService,com.google.android.music:main,10058,0,21711939,[],false,true,0,0,10495967,
1428363035647,ch.unige.css.services.PingService,ch.unige.ping,10074,1449,62178953,[STARTED],false,true,0,0,34331198,
1428363035647,com.android.systemui.keyguard.KeyguardService,com.android.systemui,10012,906,42358,[PERSISTENT],false,false,1,1,42367,
1428363035647,com.google.android.gms.droidguard.DroidGuardService,com.google.android.gms.unstable,10007,9162,53738077,[],false,true,1,1,33607138,
1428363035647,ch.unige.css.services.main.CssRegistryService,ch.unige.ping:background,10074,13902,17964876,[STARTED],false,true,0,0,6748905,
1428363035647,com.whatsapp.messaging.MessageService,com.whatsapp,10159,7286,68313,[STARTED],false,true,1,1,33311703,
1428363035647,ccc71.at.services.at_service,ccc71.bmw.pro:services,10110,4012,69150,[STARTED],false,true,0,0,69159,
1428363035647,com.google.android.location.geocode.GeocodeService,com.google.process.location,10007,17755,50924882,[],false,true,1,1,31915807,
1428363095654,com.android.bluetooth.hid.HidService,com.android.bluetooth,1002,0,41148,[],false,true,2,2,41157,
1428363095654,com.android.exchange.service.EasService,com.google.android.gm.exchange,10157,2752,54256,[STARTED],false,true,1,1,33930535,
1428363095654,com.google.android.music.dial.DialMediaRouteProviderService,com.google.android.music:main,10058,0,21711939,[],false,true,0,0,10495967,
1428363095654,ch.unige.css.services.PingService,ch.unige.ping,10074,1449,62238978,[STARTED],false,true,0,0,34333065,
1428363095654,com.android.systemui.keyguard.KeyguardService,com.android.systemui,10012,906,42358,[PERSISTENT],false,false,1,1,42367,
1428363095654,com.google.android.gms.droidguard.DroidGuardService,com.google.android.gms.unstable,10007,9162,53738077,[],false,true,1,1,33607138,
1428363095654,ch.unige.css.services.main.CssRegistryService,ch.unige.ping:background,10074,13902,17964876,[STARTED],false,true,0,0,6748905,
1428363095654,com.whatsapp.messaging.MessageService,com.whatsapp,10159,7286,68313,[STARTED],false,true,1,1,33311703,
1428363095654,ccc71.at.services.at_service,ccc71.bmw.pro:services,10110,4012,69150,[STARTED],false,true,0,0,69159,
1428363095654,com.google.android.location.geocode.GeocodeService,com.google.process.location,10007,17755,50924882,[],false,true,1,1,31915807,
1428363155729,com.android.bluetooth.hid.HidService,com.android.bluetooth,1002,0,41148,[],false,true,2,2,41157,
1428363155729,com.android.exchange.service.EasService,com.google.android.gm.exchange,10157,2752,54256,[STARTED],false,true,1,1,33930535,
1428363155729,com.google.android.music.dial.DialMediaRouteProviderService,com.google.android.music:main,10058,0,21711939,[],false,true,0,0,10495967,
1428363155729,ch.unige.css.services.PingService,ch.unige.ping,10074,1449,62299024,[STARTED],false,true,0,0,34334418,
1428363155729,com.android.systemui.keyguard.KeyguardService,com.android.systemui,10012,906,42358,[PERSISTENT],false,false,1,1,42367,
1428363155729,com.google.android.gms.droidguard.DroidGuardService,com.google.android.gms.unstable,10007,9162,53738077,[],false,true,1,1,33607138,
1428363155729,ch.unige.css.services.main.CssRegistryService,ch.unige.ping:background,10074,13902,17964876,[STARTED],false,true,0,0,6748905,
1428363155729,com.whatsapp.messaging.MessageService,com.whatsapp,10159,7286,68313,[STARTED],false,true,1,1,33311703,
1428363155729,ccc71.at.services.at_service,ccc71.bmw.pro:services,10110,4012,69150,[STARTED],false,true,0,0,69159,
1428363155729,com.google.android.location.geocode.GeocodeService,com.google.process.location,10007,17755,50924882,[],false,true,1,1,31915807,
1428363215759,com.android.bluetooth.hid.HidService,com.android.bluetooth,1002,0,41148,[],false,true,2,2,41157,
1428363215759,com.android.exchange.service.EasService,com.google.android.gm.exchange,10157,2752,54256,[STARTED],false,true,1,1,33930535,
1428363215759,com.google.android.music.dial.DialMediaRouteProviderService,com.google.android.music:main,10058,0,21711939,[],false,true,0,0,10495967,
1428363215759,ch.unige.css.services.PingService,ch.unige.ping,10074,1449,62359079,[STARTED],false,true,0,0,34335954,
1428363215759,com.android.systemui.keyguard.KeyguardService,com.android.systemui,10012,906,42358,[PERSISTENT],false,false,1,1,42367,
1428363215759,com.google.android.gms.droidguard.DroidGuardService,com.google.android.gms.unstable,10007,9162,53738077,[],false,true,1,1,33607138,
1428363215759,ch.unige.css.services.main.CssRegistryService,ch.unige.ping:background,10074,13902,17964876,[STARTED],false,true,0,0,6748905,
1428363215759,com.whatsapp.messaging.MessageService,com.whatsapp,10159,7286,68313,[STARTED],false,true,1,1,33311703,
1428363215759,ccc71.at.services.at_service,ccc71.bmw.pro:services,10110,4012,69150,[STARTED],false,true,0,0,69159,
1428363215759,com.google.android.location.geocode.GeocodeService,com.google.process.location,10007,17755,50924882,[],false,true,1,1,31915807,
1428363275778,com.android.bluetooth.hid.HidService,com.android.bluetooth,1002,0,41148,[],false,true,2,2,41157,
1428363275778,com.android.exchange.service.EasService,com.google.android.gm.exchange,10157,2752,54256,[STARTED],false,true,1,1,33930535,
1428363275778,com.google.android.music.dial.DialMediaRouteProviderService,com.google.android.music:main,10058,0,21711939,[],false,true,0,0,10495967,
1428363275778,ch.unige.css.services.PingService,ch.unige.ping,10074,1449,62419101,[STARTED],false,true,0,0,34337871,
1428363275778,com.android.systemui.keyguard.KeyguardService,com.android.systemui,10012,906,42358,[PERSISTENT],false,false,1,1,42367,
1428363275778,com.google.android.gms.droidguard.DroidGuardService,com.google.android.gms.unstable,10007,9162,53738077,[],false,true,1,1,33607138,
1428363275778,ch.unige.css.services.main.CssRegistryService,ch.unige.ping:background,10074,13902,17964876,[STARTED],false,true,0,0,6748905,
1428363275778,com.whatsapp.messaging.MessageService,com.whatsapp,10159,7286,68313,[STARTED],false,true,1,1,33311703,
1428363275778,ccc71.at.services.at_service,ccc71.bmw.pro:services,10110,4012,69150,[STARTED],false,true,0,0,69159,
1428363275778,com.google.android.location.geocode.GeocodeService,com.google.process.location,10007,17755,50924882,[],false,true,1,1,31915807,
1428363335932,com.android.bluetooth.hid.HidService,com.android.bluetooth,1002,0,41148,[],false,true,2,2,41157,
1428363335932,com.android.exchange.service.EasService,com.google.android.gm.exchange,10157,2752,54256,[STARTED],false,true,1,1,33930535,
1428363335932,com.google.android.music.dial.DialMediaRouteProviderService,com.google.android.music:main,10058,0,21711939,[],false,true,0,0,10495967,
1428363335932,ch.unige.css.services.PingService,ch.unige.ping,10074,1449,62479241,[STARTED],false,true,0,0,34339636,
1428363335932,com.android.systemui.keyguard.KeyguardService,com.android.systemui,10012,906,42358,[PERSISTENT],false,false,1,1,42367,
1428363335932,com.google.android.gms.droidguard.DroidGuardService,com.google.android.gms.unstable,10007,9162,53738077,[],false,true,1,1,33607138,
1428363335932,ch.unige.css.services.main.CssRegistryService,ch.unige.ping:background,10074,13902,17964876,[STARTED],false,true,0,0,6748905,
1428363335932,com.whatsapp.messaging.MessageService,com.whatsapp,10159,7286,68313,[STARTED],false,true,1,1,33311703,
1428363335932,ccc71.at.services.at_service,ccc71.bmw.pro:services,10110,4012,69150,[STARTED],false,true,0,0,69159,
1428363335932,com.google.android.location.geocode.GeocodeService,com.google.process.location,10007,17755,50924882,[],false,true,1,1,31915807,
1428363395944,com.android.bluetooth.hid.HidService,com.android.bluetooth,1002,0,41148,[],false,true,2,2,41157,
1428363395944,com.android.exchange.service.EasService,com.google.android.gm.exchange,10157,2752,54256,[STARTED],false,true,1,1,33930535,
1428363395944,com.google.android.music.dial.DialMediaRouteProviderService,com.google.android.music:main,10058,0,21711939,[],false,true,0,0,10495967,
1428363395944,ch.unige.css.services.PingService,ch.unige.ping,10074,1449,62539265,[STARTED],false,true,0,0,34341820,
1428363395944,com.android.systemui.keyguard.KeyguardService,com.android.systemui,10012,906,42358,[PERSISTENT],false,false,1,1,42367,
1428363395944,com.google.android.gms.droidguard.DroidGuardService,com.google.android.gms.unstable,10007,9162,53738077,[],false,true,1,1,33607138,
1428363395944,ch.unige.css.services.main.CssRegistryService,ch.unige.ping:background,10074,13902,17964876,[STARTED],false,true,0,0,6748905,
1428363395944,com.whatsapp.messaging.MessageService,com.whatsapp,10159,7286,68313,[STARTED],false,true,1,1,33311703,
1428363395944,ccc71.at.services.at_service,ccc71.bmw.pro:services,10110,4012,69150,[STARTED],false,true,0,0,69159,
1428363395944,com.google.android.location.geocode.GeocodeService,com.google.process.location,10007,17755,50924882,[],false,true,1,1,31915807,
1428363455983,com.android.bluetooth.hid.HidService,com.android.bluetooth,1002,0,41148,[],false,true,2,2,41157,
1428363455983,com.android.exchange.service.EasService,com.google.android.gm.exchange,10157,2752,54256,[STARTED],false,true,1,1,33930535,
1428363455983,com.google.android.music.dial.DialMediaRouteProviderService,com.google.android.music:main,10058,0,21711939,[],false,true,0,0,10495967,
1428363455983,ch.unige.css.services.PingService,ch.unige.ping,10074,1449,62599287,[STARTED],false,true,0,0,34346142,
1428363455983,com.android.systemui.keyguard.KeyguardService,com.android.systemui,10012,906,42358,[PERSISTENT],false,false,1,1,42367,
1428363455983,com.google.android.gms.droidguard.DroidGuardService,com.google.android.gms.unstable,10007,9162,53738077,[],false,true,1,1,33607138,
1428363455983,ch.unige.css.services.main.CssRegistryService,ch.unige.ping:background,10074,13902,17964876,[STARTED],false,true,0,0,6748905,
1428363455983,com.whatsapp.messaging.MessageService,com.whatsapp,10159,7286,68313,[STARTED],false,true,1,1,33311703,
1428363455983,ccc71.at.services.at_service,ccc71.bmw.pro:services,10110,4012,69150,[STARTED],false,true,0,0,69159,
1428363455983,com.google.android.location.geocode.GeocodeService,com.google.process.location,10007,17755,50924882,[],false,true,1,1,31915807,
1428363516621,com.android.bluetooth.hid.HidService,com.android.bluetooth,1002,0,41148,[],false,true,2,2,41157,
1428363516621,com.android.exchange.service.EasService,com.google.android.gm.exchange,10157,2752,54256,[STARTED],false,true,1,1,33930535,
1428363516621,com.google.android.music.dial.DialMediaRouteProviderService,com.google.android.music:main,10058,0,21711939,[],false,true,0,0,10495967,
1428363516621,ch.unige.css.services.PingService,ch.unige.ping,10074,1449,62659925,[STARTED],false,true,0,0,34357359,
1428363516621,com.android.systemui.keyguard.KeyguardService,com.android.systemui,10012,906,42358,[PERSISTENT],false,false,1,1,42367,
1428363516621,com.google.android.gms.droidguard.DroidGuardService,com.google.android.gms.unstable,10007,9162,53738077,[],false,true,1,1,33607138,
1428363516621,ch.unige.css.services.main.CssRegistryService,ch.unige.ping:background,10074,13902,17964876,[STARTED],false,true,0,0,6748905,
1428363516621,com.whatsapp.messaging.MessageService,com.whatsapp,10159,7286,68313,[STARTED],false,true,1,1,33311703,
1428363516621,ccc71.at.services.at_service,ccc71.bmw.pro:services,10110,4012,69150,[STARTED],false,true,0,0,69159,
1428363516621,com.google.android.location.geocode.GeocodeService,com.google.process.location,10007,17755,50924882,[],false,true,1,1,31915807,
1428363576595,com.android.bluetooth.hid.HidService,com.android.bluetooth,1002,0,41148,[],false,true,2,2,41157,
1428363576595,com.android.exchange.service.EasService,com.google.android.gm.exchange,10157,2752,54256,[STARTED],false,true,1,1,33930535,
1428363576595,com.google.android.music.dial.DialMediaRouteProviderService,com.google.android.music:main,10058,0,21711939,[],false,true,0,0,10495967,
1428363576595,ch.unige.css.services.PingService,ch.unige.ping,10074,1449,62719936,[STARTED],false,true,0,0,34358542,
1428363576595,com.android.systemui.keyguard.KeyguardService,com.android.systemui,10012,906,42358,[PERSISTENT],false,false,1,1,42367,
1428363576595,com.google.android.gms.droidguard.DroidGuardService,com.google.android.gms.unstable,10007,9162,53738077,[],false,true,1,1,33607138,
1428363576595,ch.unige.css.services.main.CssRegistryService,ch.unige.ping:background,10074,13902,17964876,[STARTED],false,true,0,0,6748905,
1428363576595,com.whatsapp.messaging.MessageService,com.whatsapp,10159,7286,68313,[STARTED],false,true,1,1,33311703,
1428363576595,ccc71.at.services.at_service,ccc71.bmw.pro:services,10110,4012,69150,[STARTED],false,true,0,0,69159,
1428363576595,com.google.android.location.geocode.GeocodeService,com.google.process.location,10007,17755,50924882,[],false,true,1,1,31915807,
1428363636608,com.android.bluetooth.hid.HidService,com.android.bluetooth,1002,0,41148,[],false,true,2,2,41157,
1428363636608,com.android.exchange.service.EasService,com.google.android.gm.exchange,10157,2752,54256,[STARTED],false,true,1,1,33930535,
1428363636608,com.google.android.music.dial.DialMediaRouteProviderService,com.google.android.music:main,10058,0,21711939,[],false,true,0,0,10495967,
1428363636608,ch.unige.css.services.PingService,ch.unige.ping,10074,1449,62779953,[STARTED],false,true,0,0,34359685,
1428363636608,com.android.systemui.keyguard.KeyguardService,com.android.systemui,10012,906,42358,[PERSISTENT],false,false,1,1,42367,
1428363636608,com.google.android.gms.droidguard.DroidGuardService,com.google.android.gms.unstable,10007,9162,53738077,[],false,true,1,1,33607138,
1428363636608,ch.unige.css.services.main.CssRegistryService,ch.unige.ping:background,10074,13902,17964876,[STARTED],false,true,0,0,6748905,
1428363636608,com.whatsapp.messaging.MessageService,com.whatsapp,10159,7286,68313,[STARTED],false,true,1,1,33311703,
1428363636608,ccc71.at.services.at_service,ccc71.bmw.pro:services,10110,4012,69150,[STARTED],false,true,0,0,69159,
1428363636608,com.google.android.location.geocode.GeocodeService,com.google.process.location,10007,17755,50924882,[],false,true,1,1,31915807,
1428363696678,com.android.bluetooth.hid.HidService,com.android.bluetooth,1002,0,41148,[],false,true,2,2,41157,
1428363696678,com.android.exchange.service.EasService,com.google.android.gm.exchange,10157,2752,54256,[STARTED],false,true,1,1,33930535,
1428363696678,com.google.android.music.dial.DialMediaRouteProviderService,com.google.android.music:main,10058,0,21711939,[],false,true,0,0,10495967,
1428363696678,ch.unige.css.services.PingService,ch.unige.ping,10074,1449,62839999,[STARTED],false,true,0,0,34361080,
1428363696678,com.android.systemui.keyguard.KeyguardService,com.android.systemui,10012,906,42358,[PERSISTENT],false,false,1,1,42367,
1428363696678,com.google.android.gms.droidguard.DroidGuardService,com.google.android.gms.unstable,10007,9162,53738077,[],false,true,1,1,33607138,
1428363696678,ch.unige.css.services.main.CssRegistryService,ch.unige.ping:background,10074,13902,17964876,[STARTED],false,true,0,0,6748905,
1428363696678,com.whatsapp.messaging.MessageService,com.whatsapp,10159,7286,68313,[STARTED],false,true,1,1,33311703,
1428363696678,ccc71.at.services.at_service,ccc71.bmw.pro:services,10110,4012,69150,[STARTED],false,true,0,0,69159,
1428363696678,com.google.android.location.geocode.GeocodeService,com.google.process.location,10007,17755,50924882,[],false,true,1,1,31915807,
1428363756759,com.android.bluetooth.hid.HidService,com.android.bluetooth,1002,0,41148,[],false,true,2,2,41157,
1428363756759,com.android.exchange.service.EasService,com.google.android.gm.exchange,10157,2752,54256,[STARTED],false,true,1,1,33930535,
1428363756759,com.google.android.music.dial.DialMediaRouteProviderService,com.google.android.music:main,10058,0,21711939,[],false,true,0,0,10495967,
1428363756759,ch.unige.css.services.PingService,ch.unige.ping,10074,1449,62900077,[STARTED],false,true,0,0,34362568,
1428363756759,com.android.systemui.keyguard.KeyguardService,com.android.systemui,10012,906,42358,[PERSISTENT],false,false,1,1,42367,
1428363756759,com.google.android.gms.droidguard.DroidGuardService,com.google.android.gms.unstable,10007,9162,53738077,[],false,true,1,1,33607138,
1428363756759,ch.unige.css.services.main.CssRegistryService,ch.unige.ping:background,10074,13902,17964876,[STARTED],false,true,0,0,6748905,
1428363756759,com.whatsapp.messaging.MessageService,com.whatsapp,10159,7286,68313,[STARTED],false,true,1,1,33311703,
1428363756759,ccc71.at.services.at_service,ccc71.bmw.pro:services,10110,4012,69150,[STARTED],false,true,0,0,69159,
1428363756759,com.google.android.location.geocode.GeocodeService,com.google.process.location,10007,17755,50924882,[],false,true,1,1,31915807,
1428363816782,com.android.bluetooth.hid.HidService,com.android.bluetooth,1002,0,41148,[],false,true,2,2,41157,
1428363816782,com.android.exchange.service.EasService,com.google.android.gm.exchange,10157,2752,54256,[STARTED],false,true,1,1,33930535,
1428363816782,com.google.android.music.dial.DialMediaRouteProviderService,com.google.android.music:main,10058,0,21711939,[],false,true,0,0,10495967,
1428363816782,ch.unige.css.services.PingService,ch.unige.ping,10074,1449,62960104,[STARTED],false,true,0,0,34364009,
1428363816782,com.android.systemui.keyguard.KeyguardService,com.android.systemui,10012,906,42358,[PERSISTENT],false,false,1,1,42367,
1428363816782,com.google.android.gms.droidguard.DroidGuardService,com.google.android.gms.unstable,10007,9162,53738077,[],false,true,1,1,33607138,
1428363816782,ch.unige.css.services.main.CssRegistryService,ch.unige.ping:background,10074,13902,17964876,[STARTED],false,true,0,0,6748905,
1428363816782,com.whatsapp.messaging.MessageService,com.whatsapp,10159,7286,68313,[STARTED],false,true,1,1,33311703,
1428363816782,ccc71.at.services.at_service,ccc71.bmw.pro:services,10110,4012,69150,[STARTED],false,true,0,0,69159,
1428363816782,com.google.android.location.geocode.GeocodeService,com.google.process.location,10007,17755,50924882,[],false,true,1,1,31915807,
1428363876912,com.android.bluetooth.hid.HidService,com.android.bluetooth,1002,0,41148,[],false,true,2,2,41157,
1428363876912,com.android.exchange.service.EasService,com.google.android.gm.exchange,10157,2752,54256,[STARTED],false,true,1,1,33930535,
1428363876912,com.google.android.music.dial.DialMediaRouteProviderService,com.google.android.music:main,10058,0,21711939,[],false,true,0,0,10495967,
1428363876912,ch.unige.css.services.PingService,ch.unige.ping,10074,1449,63020236,[STARTED],false,true,0,0,34365971,
1428363876912,com.android.systemui.keyguard.KeyguardService,com.android.systemui,10012,906,42358,[PERSISTENT],false,false,1,1,42367,
1428363876912,com.google.android.gms.droidguard.DroidGuardService,com.google.android.gms.unstable,10007,9162,53738077,[],false,true,1,1,33607138,
1428363876912,ch.unige.css.services.main.CssRegistryService,ch.unige.ping:background,10074,13902,17964876,[STARTED],false,true,0,0,6748905,
1428363876912,com.whatsapp.messaging.MessageService,com.whatsapp,10159,7286,68313,[STARTED],false,true,1,1,33311703,
1428363876912,ccc71.at.services.at_service,ccc71.bmw.pro:services,10110,4012,69150,[STARTED],false,true,0,0,69159,
1428363876912,com.google.android.location.geocode.GeocodeService,com.google.process.location,10007,17755,50924882,[],false,true,1,1,31915807,
1428363936980,com.android.bluetooth.hid.HidService,com.android.bluetooth,1002,0,41148,[],false,true,2,2,41157,
1428363936980,com.android.exchange.service.EasService,com.google.android.gm.exchange,10157,2752,54256,[STARTED],false,true,1,1,33930535,
1428363936980,com.google.android.music.dial.DialMediaRouteProviderService,com.google.android.music:main,10058,0,21711939,[],false,true,0,0,10495967,
1428363936980,ch.unige.css.services.PingService,ch.unige.ping,10074,1449,63080304,[STARTED],false,true,0,0,34369058,
1428363936980,com.android.systemui.keyguard.KeyguardService,com.android.systemui,10012,906,42358,[PERSISTENT],false,false,1,1,42367,
1428363936980,com.google.android.gms.droidguard.DroidGuardService,com.google.android.gms.unstable,10007,9162,53738077,[],false,true,1,1,33607138,
1428363936980,ch.unige.css.services.main.CssRegistryService,ch.unige.ping:background,10074,13902,17964876,[STARTED],false,true,0,0,6748905,
1428363936980,com.whatsapp.messaging.MessageService,com.whatsapp,10159,7286,68313,[STARTED],false,true,1,1,33311703,
1428363936980,ccc71.at.services.at_service,ccc71.bmw.pro:services,10110,4012,69150,[STARTED],false,true,0,0,69159,
1428363936980,com.google.android.location.geocode.GeocodeService,com.google.process.location,10007,17755,50924882,[],false,true,1,1,31915807,
1428363997134,com.android.bluetooth.hid.HidService,com.android.bluetooth,1002,0,41148,[],false,true,2,2,41157,
1428363997134,com.android.exchange.service.EasService,com.google.android.gm.exchange,10157,2752,54256,[STARTED],false,true,1,1,33930535,
1428363997134,com.google.android.music.dial.DialMediaRouteProviderService,com.google.android.music:main,10058,0,21711939,[],false,true,0,0,10495967,
1428363997134,ch.unige.css.services.PingService,ch.unige.ping,10074,1449,63140379,[STARTED],false,true,0,0,34371334,
1428363997134,com.android.systemui.keyguard.KeyguardService,com.android.systemui,10012,906,42358,[PERSISTENT],false,false,1,1,42367,
1428363997134,com.google.android.gms.droidguard.DroidGuardService,com.google.android.gms.unstable,10007,9162,53738077,[],false,true,1,1,33607138,
1428363997134,ch.unige.css.services.main.CssRegistryService,ch.unige.ping:background,10074,13902,17964876,[STARTED],false,true,0,0,6748905,
1428363997134,com.whatsapp.messaging.MessageService,com.whatsapp,10159,7286,68313,[STARTED],false,true,1,1,33311703,
1428363997134,ccc71.at.services.at_service,ccc71.bmw.pro:services,10110,4012,69150,[STARTED],false,true,0,0,69159,
1428363997134,com.google.android.location.geocode.GeocodeService,com.google.process.location,10007,17755,50924882,[],false,true,1,1,31915807,
1428364057612,com.android.bluetooth.hid.HidService,com.android.bluetooth,1002,0,41148,[],false,true,2,2,41157,
1428364057612,com.google.android.gms.fitness.service.history.FitHistoryBroker,com.google.process.location,10007,17755,63140533,[],false,true,1,1,34371488,
1428364057612,com.android.exchange.service.EasService,com.google.android.gm.exchange,10157,2752,54256,[STARTED],false,true,1,1,33930535,
1428364057612,com.google.android.music.dial.DialMediaRouteProviderService,com.google.android.music:main,10058,0,21711939,[],false,true,0,0,10495967,
1428364057612,ch.unige.css.services.PingService,ch.unige.ping,10074,1449,63200927,[STARTED],false,true,0,0,34375877,
1428364057612,com.google.android.gms.fitness.service.config.FitConfigBroker,com.google.process.location,10007,17755,63140537,[],false,true,1,1,34371491,
1428364057612,com.android.systemui.keyguard.KeyguardService,com.android.systemui,10012,906,42358,[PERSISTENT],false,false,1,1,42367,
1428364057612,com.google.android.gms.droidguard.DroidGuardService,com.google.android.gms.unstable,10007,9162,53738077,[],false,true,1,1,33607138,
1428364057612,ch.unige.css.services.main.CssRegistryService,ch.unige.ping:background,10074,13902,17964876,[STARTED],false,true,0,0,6748905,
1428364057612,com.whatsapp.messaging.MessageService,com.whatsapp,10159,7286,68313,[STARTED],false,true,1,1,33311703,
1428364118621,com.android.bluetooth.hid.HidService,com.android.bluetooth,1002,0,41148,[],false,true,2,2,41157,
1428364118621,com.android.exchange.service.EasService,com.google.android.gm.exchange,10157,2752,54256,[STARTED],false,true,1,1,33930535,
1428364118621,com.google.android.music.dial.DialMediaRouteProviderService,com.google.android.music:main,10058,0,21711939,[],false,true,0,0,10495967,
1428364118621,ch.unige.css.services.PingService,ch.unige.ping,10074,1449,63261924,[STARTED],false,true,0,0,34386499,
1428364118621,com.android.systemui.keyguard.KeyguardService,com.android.systemui,10012,906,42358,[PERSISTENT],false,false,1,1,42367,
1428364118621,com.google.android.gms.droidguard.DroidGuardService,com.google.android.gms.unstable,10007,9162,53738077,[],false,true,1,1,33607138,
1428364118621,ch.unige.css.services.main.CssRegistryService,ch.unige.ping:background,10074,13902,17964876,[STARTED],false,true,0,0,6748905,
1428364118621,com.whatsapp.messaging.MessageService,com.whatsapp,10159,7286,68313,[STARTED],false,true,1,1,33311703,
1428364118621,ccc71.at.services.at_service,ccc71.bmw.pro:services,10110,4012,69150,[STARTED],false,true,0,0,69159,
1428364118621,com.google.android.location.geocode.GeocodeService,com.google.process.location,10007,17755,50924882,[],false,true,1,1,31915807,
1428364178600,com.android.bluetooth.hid.HidService,com.android.bluetooth,1002,0,41148,[],false,true,2,2,41157,
1428364178600,com.android.exchange.service.EasService,com.google.android.gm.exchange,10157,2752,54256,[STARTED],false,true,1,1,33930535,
1428364178600,com.google.android.music.dial.DialMediaRouteProviderService,com.google.android.music:main,10058,0,21711939,[],false,true,0,0,10495967,
1428364178600,ch.unige.css.services.PingService,ch.unige.ping,10074,1449,63321941,[STARTED],false,true,0,0,34387724,
1428364178600,com.android.systemui.keyguard.KeyguardService,com.android.systemui,10012,906,42358,[PERSISTENT],false,false,1,1,42367,
1428364178600,com.google.android.gms.droidguard.DroidGuardService,com.google.android.gms.unstable,10007,9162,53738077,[],false,true,1,1,33607138,
1428364178600,ch.unige.css.services.main.CssRegistryService,ch.unige.ping:background,10074,13902,17964876,[STARTED],false,true,0,0,6748905,
1428364178600,com.whatsapp.messaging.MessageService,com.whatsapp,10159,7286,68313,[STARTED],false,true,1,1,33311703,
1428364178600,ccc71.at.services.at_service,ccc71.bmw.pro:services,10110,4012,69150,[STARTED],false,true,0,0,69159,
1428364178600,com.google.android.location.geocode.GeocodeService,com.google.process.location,10007,17755,50924882,[],false,true,1,1,31915807,
1428364238613,com.android.bluetooth.hid.HidService,com.android.bluetooth,1002,0,41148,[],false,true,2,2,41157,
1428364238613,com.android.exchange.service.EasService,com.google.android.gm.exchange,10157,2752,54256,[STARTED],false,true,1,1,33930535,
1428364238613,com.google.android.music.dial.DialMediaRouteProviderService,com.google.android.music:main,10058,0,21711939,[],false,true,0,0,10495967,
1428364238613,ch.unige.css.services.PingService,ch.unige.ping,10074,1449,63381956,[STARTED],false,true,0,0,34388820,
1428364238613,com.android.systemui.keyguard.KeyguardService,com.android.systemui,10012,906,42358,[PERSISTENT],false,false,1,1,42367,
1428364238613,com.google.android.gms.droidguard.DroidGuardService,com.google.android.gms.unstable,10007,9162,53738077,[],false,true,1,1,33607138,
1428364238613,ch.unige.css.services.main.CssRegistryService,ch.unige.ping:background,10074,13902,17964876,[STARTED],false,true,0,0,6748905,
1428364238613,com.whatsapp.messaging.MessageService,com.whatsapp,10159,7286,68313,[STARTED],false,true,1,1,33311703,
1428364238613,ccc71.at.services.at_service,ccc71.bmw.pro:services,10110,4012,69150,[STARTED],false,true,0,0,69159,
1428364238613,com.google.android.location.geocode.GeocodeService,com.google.process.location,10007,17755,50924882,[],false,true,1,1,31915807,
1428364298680,com.android.bluetooth.hid.HidService,com.android.bluetooth,1002,0,41148,[],false,true,2,2,41157,
1428364298680,com.android.exchange.service.EasService,com.google.android.gm.exchange,10157,2752,54256,[STARTED],false,true,1,1,33930535,
1428364298680,com.google.android.music.dial.DialMediaRouteProviderService,com.google.android.music:main,10058,0,21711939,[],false,true,0,0,10495967,
1428364298680,ch.unige.css.services.PingService,ch.unige.ping,10074,1449,63441986,[STARTED],false,true,0,0,34390301,
1428364298680,com.android.systemui.keyguard.KeyguardService,com.android.systemui,10012,906,42358,[PERSISTENT],false,false,1,1,42367,
1428364298680,com.google.android.gms.droidguard.DroidGuardService,com.google.android.gms.unstable,10007,9162,53738077,[],false,true,1,1,33607138,
1428364298680,ch.unige.css.services.main.CssRegistryService,ch.unige.ping:background,10074,13902,17964876,[STARTED],false,true,0,0,6748905,
1428364298680,com.whatsapp.messaging.MessageService,com.whatsapp,10159,7286,68313,[STARTED],false,true,1,1,33311703,
1428364298680,ccc71.at.services.at_service,ccc71.bmw.pro:services,10110,4012,69150,[STARTED],false,true,0,0,69159,
1428364298680,com.google.android.location.geocode.GeocodeService,com.google.process.location,10007,17755,50924882,[],false,true,1,1,31915807,
1428364358746,com.android.bluetooth.hid.HidService,com.android.bluetooth,1002,0,41148,[],false,true,2,2,41157,
1428364358746,com.android.exchange.service.EasService,com.google.android.gm.exchange,10157,2752,54256,[STARTED],false,true,1,1,33930535,
1428364358746,com.google.android.music.dial.DialMediaRouteProviderService,com.google.android.music:main,10058,0,21711939,[],false,true,0,0,10495967,
1428364358746,ch.unige.css.services.PingService,ch.unige.ping,10074,1449,63502063,[STARTED],false,true,0,0,34391884,
1428364358746,com.android.systemui.keyguard.KeyguardService,com.android.systemui,10012,906,42358,[PERSISTENT],false,false,1,1,42367,
1428364358746,com.google.android.gms.droidguard.DroidGuardService,com.google.android.gms.unstable,10007,9162,53738077,[],false,true,1,1,33607138,
1428364358746,ch.unige.css.services.main.CssRegistryService,ch.unige.ping:background,10074,13902,17964876,[STARTED],false,true,0,0,6748905,
1428364358746,com.whatsapp.messaging.MessageService,com.whatsapp,10159,7286,68313,[STARTED],false,true,1,1,33311703,
1428364358746,ccc71.at.services.at_service,ccc71.bmw.pro:services,10110,4012,69150,[STARTED],false,true,0,0,69159,
1428364358746,com.google.android.location.geocode.GeocodeService,com.google.process.location,10007,17755,50924882,[],false,true,1,1,31915807,
1428364418792,com.android.bluetooth.hid.HidService,com.android.bluetooth,1002,0,41148,[],false,true,2,2,41157,
1428364418792,com.android.exchange.service.EasService,com.google.android.gm.exchange,10157,2752,54256,[STARTED],false,true,1,1,33930535,
1428364418792,com.google.android.music.dial.DialMediaRouteProviderService,com.google.android.music:main,10058,0,21711939,[],false,true,0,0,10495967,
1428364418792,ch.unige.css.services.PingService,ch.unige.ping,10074,1449,63562116,[STARTED],false,true,0,0,34393381,
1428364418792,com.android.systemui.keyguard.KeyguardService,com.android.systemui,10012,906,42358,[PERSISTENT],false,false,1,1,42367,
1428364418792,com.google.android.gms.droidguard.DroidGuardService,com.google.android.gms.unstable,10007,9162,53738077,[],false,true,1,1,33607138,
1428364418792,ch.unige.css.services.main.CssRegistryService,ch.unige.ping:background,10074,13902,17964876,[STARTED],false,true,0,0,6748905,
1428364418792,com.whatsapp.messaging.MessageService,com.whatsapp,10159,7286,68313,[STARTED],false,true,1,1,33311703,
1428364418792,ccc71.at.services.at_service,ccc71.bmw.pro:services,10110,4012,69150,[STARTED],false,true,0,0,69159,
1428364418792,com.google.android.location.geocode.GeocodeService,com.google.process.location,10007,17755,50924882,[],false,true,1,1,31915807,
1428364478926,com.android.bluetooth.hid.HidService,com.android.bluetooth,1002,0,41148,[],false,true,2,2,41157,
1428364478926,com.android.exchange.service.EasService,com.google.android.gm.exchange,10157,2752,54256,[STARTED],false,true,1,1,33930535,
1428364478926,com.google.android.music.dial.DialMediaRouteProviderService,com.google.android.music:main,10058,0,21711939,[],false,true,0,0,10495967,
1428364478926,ch.unige.css.services.PingService,ch.unige.ping,10074,1449,63622241,[STARTED],false,true,0,0,34395276,
1428364478926,com.android.systemui.keyguard.KeyguardService,com.android.systemui,10012,906,42358,[PERSISTENT],false,false,1,1,42367,
1428364478926,com.google.android.gms.droidguard.DroidGuardService,com.google.android.gms.unstable,10007,9162,53738077,[],false,true,1,1,33607138,
1428364478926,ch.unige.css.services.main.CssRegistryService,ch.unige.ping:background,10074,13902,17964876,[STARTED],false,true,0,0,6748905,
1428364478926,com.whatsapp.messaging.MessageService,com.whatsapp,10159,7286,68313,[STARTED],false,true,1,1,33311703,
1428364478926,ccc71.at.services.at_service,ccc71.bmw.pro:services,10110,4012,69150,[STARTED],false,true,0,0,69159,
1428364478926,com.google.android.location.geocode.GeocodeService,com.google.process.location,10007,17755,50924882,[],false,true,1,1,31915807,
1428364538930,com.android.bluetooth.hid.HidService,com.android.bluetooth,1002,0,41148,[],false,true,2,2,41157,
1428364538930,com.android.exchange.service.EasService,com.google.android.gm.exchange,10157,2752,54256,[STARTED],false,true,1,1,33930535,
1428364538930,com.google.android.music.dial.DialMediaRouteProviderService,com.google.android.music:main,10058,0,21711939,[],false,true,0,0,10495967,
1428364538930,ch.unige.css.services.PingService,ch.unige.ping,10074,1449,63682255,[STARTED],false,true,0,0,34397370,
1428364538930,com.android.systemui.keyguard.KeyguardService,com.android.systemui,10012,906,42358,[PERSISTENT],false,false,1,1,42367,
1428364538930,com.google.android.gms.droidguard.DroidGuardService,com.google.android.gms.unstable,10007,9162,53738077,[],false,true,1,1,33607138,
1428364538930,ch.unige.css.services.main.CssRegistryService,ch.unige.ping:background,10074,13902,17964876,[STARTED],false,true,0,0,6748905,
1428364538930,com.whatsapp.messaging.MessageService,com.whatsapp,10159,7286,68313,[STARTED],false,true,1,1,33311703,
1428364538930,ccc71.at.services.at_service,ccc71.bmw.pro:services,10110,4012,69150,[STARTED],false,true,0,0,69159,
1428364538930,com.google.android.location.geocode.GeocodeService,com.google.process.location,10007,17755,50924882,[],false,true,1,1,31915807,
1428364598957,com.android.bluetooth.hid.HidService,com.android.bluetooth,1002,0,41148,[],false,true,2,2,41157,
1428364598957,com.android.exchange.service.EasService,com.google.android.gm.exchange,10157,2752,54256,[STARTED],false,true,1,1,33930535,
1428364598957,com.google.android.music.dial.DialMediaRouteProviderService,com.google.android.music:main,10058,0,21711939,[],false,true,0,0,10495967,
1428364598957,ch.unige.css.services.PingService,ch.unige.ping,10074,1449,63742274,[STARTED],false,true,0,0,34399589,
1428364598957,com.android.systemui.keyguard.KeyguardService,com.android.systemui,10012,906,42358,[PERSISTENT],false,false,1,1,42367,
1428364598957,com.google.android.gms.droidguard.DroidGuardService,com.google.android.gms.unstable,10007,9162,53738077,[],false,true,1,1,33607138,
1428364598957,ch.unige.css.services.main.CssRegistryService,ch.unige.ping:background,10074,13902,17964876,[STARTED],false,true,0,0,6748905,
1428364598957,com.whatsapp.messaging.MessageService,com.whatsapp,10159,7286,68313,[STARTED],false,true,1,1,33311703,
1428364598957,ccc71.at.services.at_service,ccc71.bmw.pro:services,10110,4012,69150,[STARTED],false,true,0,0,69159,
1428364598957,com.google.android.location.geocode.GeocodeService,com.google.process.location,10007,17755,50924882,[],false,true,1,1,31915807,
1428364659010,com.android.bluetooth.hid.HidService,com.android.bluetooth,1002,0,41148,[],false,true,2,2,41157,
1428364659010,com.android.exchange.service.EasService,com.google.android.gm.exchange,10157,2752,54256,[STARTED],false,true,1,1,33930535,
1428364659010,com.google.android.music.dial.DialMediaRouteProviderService,com.google.android.music:main,10058,0,21711939,[],false,true,0,0,10495967,
1428364659010,ch.unige.css.services.PingService,ch.unige.ping,10074,1449,63802319,[STARTED],false,true,0,0,34401774,
1428364659010,com.android.systemui.keyguard.KeyguardService,com.android.systemui,10012,906,42358,[PERSISTENT],false,false,1,1,42367,
1428364659010,com.google.android.gms.droidguard.DroidGuardService,com.google.android.gms.unstable,10007,9162,53738077,[],false,true,1,1,33607138,
1428364659010,ch.unige.css.services.main.CssRegistryService,ch.unige.ping:background,10074,13902,17964876,[STARTED],false,true,0,0,6748905,
1428364659010,com.whatsapp.messaging.MessageService,com.whatsapp,10159,7286,68313,[STARTED],false,true,1,1,33311703,
1428364659010,ccc71.at.services.at_service,ccc71.bmw.pro:services,10110,4012,69150,[STARTED],false,true,0,0,69159,
1428364659010,com.google.android.location.geocode.GeocodeService,com.google.process.location,10007,17755,50924882,[],false,true,1,1,31915807,
1428364719604,com.android.bluetooth.hid.HidService,com.android.bluetooth,1002,0,41148,[],false,true,2,2,41157,
1428364719604,com.android.exchange.service.EasService,com.google.android.gm.exchange,10157,2752,54256,[STARTED],false,true,1,1,33930535,
1428364719604,com.google.android.music.dial.DialMediaRouteProviderService,com.google.android.music:main,10058,0,21711939,[],false,true,0,0,10495967,
1428364719604,ch.unige.css.services.PingService,ch.unige.ping,10074,1449,63862933,[STARTED],false,true,0,0,34410253,
1428364719604,com.android.systemui.keyguard.KeyguardService,com.android.systemui,10012,906,42358,[PERSISTENT],false,false,1,1,42367,
1428364719604,com.google.android.gms.droidguard.DroidGuardService,com.google.android.gms.unstable,10007,9162,53738077,[],false,true,1,1,33607138,
1428364719604,ch.unige.css.services.main.CssRegistryService,ch.unige.ping:background,10074,13902,17964876,[STARTED],false,true,0,0,6748905,
1428364719604,com.whatsapp.messaging.MessageService,com.whatsapp,10159,7286,68313,[STARTED],false,true,1,1,33311703,
1428364719604,ccc71.at.services.at_service,ccc71.bmw.pro:services,10110,4012,69150,[STARTED],false,true,0,0,69159,
1428364719604,com.google.android.location.geocode.GeocodeService,com.google.process.location,10007,17755,50924882,[],false,true,1,1,31915807,
1428364779666,com.android.bluetooth.hid.HidService,com.android.bluetooth,1002,0,41148,[],false,true,2,2,41157,
1428364779666,com.android.exchange.service.EasService,com.google.android.gm.exchange,10157,2752,54256,[STARTED],false,true,1,1,33930535,
1428364779666,com.google.android.music.dial.DialMediaRouteProviderService,com.google.android.music:main,10058,0,21711939,[],false,true,0,0,10495967,
1428364779666,ch.unige.css.services.PingService,ch.unige.ping,10074,1449,63922951,[STARTED],false,true,0,0,34411686,
1428364779666,com.android.systemui.keyguard.KeyguardService,com.android.systemui,10012,906,42358,[PERSISTENT],false,false,1,1,42367,
1428364779666,com.google.android.gms.droidguard.DroidGuardService,com.google.android.gms.unstable,10007,9162,53738077,[],false,true,1,1,33607138,
1428364779666,ch.unige.css.services.main.CssRegistryService,ch.unige.ping:background,10074,13902,17964876,[STARTED],false,true,0,0,6748905,
1428364779666,com.whatsapp.messaging.MessageService,com.whatsapp,10159,7286,68313,[STARTED],false,true,1,1,33311703,
1428364779666,ccc71.at.services.at_service,ccc71.bmw.pro:services,10110,4012,69150,[STARTED],false,true,0,0,69159,
1428364779666,com.google.android.location.geocode.GeocodeService,com.google.process.location,10007,17755,50924882,[],false,true,1,1,31915807,
1428364839645,com.android.bluetooth.hid.HidService,com.android.bluetooth,1002,0,41148,[],false,true,2,2,41157,
1428364839645,com.android.exchange.service.EasService,com.google.android.gm.exchange,10157,2752,54256,[STARTED],false,true,1,1,33930535,
1428364839645,com.google.android.music.dial.DialMediaRouteProviderService,com.google.android.music:main,10058,0,21711939,[],false,true,0,0,10495967,
1428364839645,ch.unige.css.services.PingService,ch.unige.ping,10074,1449,63982969,[STARTED],false,true,0,0,34414629,
1428364839645,com.android.systemui.keyguard.KeyguardService,com.android.systemui,10012,906,42358,[PERSISTENT],false,false,1,1,42367,
1428364839645,com.google.android.gms.droidguard.DroidGuardService,com.google.android.gms.unstable,10007,9162,53738077,[],false,true,1,1,33607138,
1428364839645,ch.unige.css.services.main.CssRegistryService,ch.unige.ping:background,10074,13902,17964876,[STARTED],false,true,0,0,6748905,
1428364839645,com.whatsapp.messaging.MessageService,com.whatsapp,10159,7286,68313,[STARTED],false,true,1,1,33311703,
1428364839645,ccc71.at.services.at_service,ccc71.bmw.pro:services,10110,4012,69150,[STARTED],false,true,0,0,69159,
1428364839645,com.google.android.location.geocode.GeocodeService,com.google.process.location,10007,17755,50924882,[],false,true,1,1,31915807,
1428364899720,com.android.bluetooth.hid.HidService,com.android.bluetooth,1002,0,41148,[],false,true,2,2,41157,
1428364899720,com.android.exchange.service.EasService,com.google.android.gm.exchange,10157,2752,54256,[STARTED],false,true,1,1,33930535,
1428364899720,com.google.android.music.dial.DialMediaRouteProviderService,com.google.android.music:main,10058,0,21711939,[],false,true,0,0,10495967,
1428364899720,ch.unige.css.services.PingService,ch.unige.ping,10074,1449,64043026,[STARTED],false,true,0,0,34416207,
1428364899720,com.android.systemui.keyguard.KeyguardService,com.android.systemui,10012,906,42358,[PERSISTENT],false,false,1,1,42367,
1428364899720,com.google.android.gms.droidguard.DroidGuardService,com.google.android.gms.unstable,10007,9162,53738077,[],false,true,1,1,33607138,
1428364899720,ch.unige.css.services.main.CssRegistryService,ch.unige.ping:background,10074,13902,17964876,[STARTED],false,true,0,0,6748905,
1428364899720,com.whatsapp.messaging.MessageService,com.whatsapp,10159,7286,68313,[STARTED],false,true,1,1,33311703,
1428364899720,ccc71.at.services.at_service,ccc71.bmw.pro:services,10110,4012,69150,[STARTED],false,true,0,0,69159,
1428364899720,com.google.android.location.geocode.GeocodeService,com.google.process.location,10007,17755,50924882,[],false,true,1,1,31915807,
1428364959752,com.android.bluetooth.hid.HidService,com.android.bluetooth,1002,0,41148,[],false,true,2,2,41157,
1428364959752,com.android.exchange.service.EasService,com.google.android.gm.exchange,10157,2752,54256,[STARTED],false,true,1,1,33930535,
1428364959752,com.google.android.music.dial.DialMediaRouteProviderService,com.google.android.music:main,10058,0,21711939,[],false,true,0,0,10495967,
1428364959752,ch.unige.css.services.PingService,ch.unige.ping,10074,1449,64103076,[STARTED],false,true,0,0,34418104,
1428364959752,com.android.systemui.keyguard.KeyguardService,com.android.systemui,10012,906,42358,[PERSISTENT],false,false,1,1,42367,
1428364959752,com.google.android.gms.droidguard.DroidGuardService,com.google.android.gms.unstable,10007,9162,53738077,[],false,true,1,1,33607138,
1428364959752,ch.unige.css.services.main.CssRegistryService,ch.unige.ping:background,10074,13902,17964876,[STARTED],false,true,0,0,6748905,
1428364959752,com.whatsapp.messaging.MessageService,com.whatsapp,10159,7286,68313,[STARTED],false,true,1,1,33311703,
1428364959752,ccc71.at.services.at_service,ccc71.bmw.pro:services,10110,4012,69150,[STARTED],false,true,0,0,69159,
1428364959752,com.google.android.location.geocode.GeocodeService,com.google.process.location,10007,17755,50924882,[],false,true,1,1,31915807,
1428365019839,com.android.bluetooth.hid.HidService,com.android.bluetooth,1002,0,41148,[],false,true,2,2,41157,
1428365019839,com.android.exchange.service.EasService,com.google.android.gm.exchange,10157,2752,54256,[STARTED],false,true,1,1,33930535,
1428365019839,com.google.android.music.dial.DialMediaRouteProviderService,com.google.android.music:main,10058,0,21711939,[],false,true,0,0,10495967,
1428365019839,ch.unige.css.services.PingService,ch.unige.ping,10074,1449,64163145,[STARTED],false,true,0,0,34420519,
1428365019839,com.android.systemui.keyguard.KeyguardService,com.android.systemui,10012,906,42358,[PERSISTENT],false,false,1,1,42367,
1428365019839,com.google.android.gms.droidguard.DroidGuardService,com.google.android.gms.unstable,10007,9162,53738077,[],false,true,1,1,33607138,
1428365019839,ch.unige.css.services.main.CssRegistryService,ch.unige.ping:background,10074,13902,17964876,[STARTED],false,true,0,0,6748905,
1428365019839,com.whatsapp.messaging.MessageService,com.whatsapp,10159,7286,68313,[STARTED],false,true,1,1,33311703,
1428365019839,ccc71.at.services.at_service,ccc71.bmw.pro:services,10110,4012,69150,[STARTED],false,true,0,0,69159,
1428365019839,com.google.android.location.geocode.GeocodeService,com.google.process.location,10007,17755,50924882,[],false,true,1,1,31915807,
1428365080013,com.android.bluetooth.hid.HidService,com.android.bluetooth,1002,0,41148,[],false,true,2,2,41157,
1428365080013,com.android.exchange.service.EasService,com.google.android.gm.exchange,10157,2752,54256,[STARTED],false,true,1,1,33930535,
1428365080013,com.google.android.music.dial.DialMediaRouteProviderService,com.google.android.music:main,10058,0,21711939,[],false,true,0,0,10495967,
1428365080013,com.android.systemui.keyguard.KeyguardService,com.android.systemui,10012,906,42358,[PERSISTENT],false,false,1,1,42367,
1428365080013,com.google.android.gms.droidguard.DroidGuardService,com.google.android.gms.unstable,10007,9162,53738077,[],false,true,1,1,33607138,
1428365080013,ch.unige.css.services.main.CssRegistryService,ch.unige.ping:background,10074,13902,17964876,[STARTED],false,true,0,0,6748905,
1428365080013,com.whatsapp.messaging.MessageService,com.whatsapp,10159,7286,68313,[STARTED],false,true,1,1,33311703,
1428365080013,ccc71.at.services.at_service,ccc71.bmw.pro:services,10110,4012,69150,[STARTED],false,true,0,0,69159,
1428365080013,com.google.android.location.geocode.GeocodeService,com.google.process.location,10007,17755,50924882,[],false,true,1,1,31915807,
1428365080013,com.google.android.gms.gcm.GcmService,com.google.process.gapps,10007,17792,17965599,[STARTED],false,true,0,0,33902416,
1428365139994,com.android.bluetooth.hid.HidService,com.android.bluetooth,1002,0,41148,[],false,true,2,2,41157,
1428365139994,com.android.exchange.service.EasService,com.google.android.gm.exchange,10157,2752,54256,[STARTED],false,true,1,1,33930535,
1428365139994,com.google.android.music.dial.DialMediaRouteProviderService,com.google.android.music:main,10058,0,21711939,[],false,true,0,0,10495967,
1428365139994,ch.unige.css.services.PingService,ch.unige.ping,10074,1449,64283310,[STARTED],false,true,0,0,34425313,
1428365139994,com.android.systemui.keyguard.KeyguardService,com.android.systemui,10012,906,42358,[PERSISTENT],false,false,1,1,42367,
1428365139994,com.google.android.gms.droidguard.DroidGuardService,com.google.android.gms.unstable,10007,9162,53738077,[],false,true,1,1,33607138,
1428365139994,ch.unige.css.services.main.CssRegistryService,ch.unige.ping:background,10074,13902,17964876,[STARTED],false,true,0,0,6748905,
1428365139994,com.whatsapp.messaging.MessageService,com.whatsapp,10159,7286,68313,[STARTED],false,true,1,1,33311703,
1428365139994,ccc71.at.services.at_service,ccc71.bmw.pro:services,10110,4012,69150,[STARTED],false,true,0,0,69159,
1428365139994,com.google.android.location.geocode.GeocodeService,com.google.process.location,10007,17755,50924882,[],false,true,1,1,31915807,
1428365200060,com.android.bluetooth.hid.HidService,com.android.bluetooth,1002,0,41148,[],false,true,2,2,41157,
1428365200060,com.android.exchange.service.EasService,com.google.android.gm.exchange,10157,2752,54256,[STARTED],false,true,1,1,33930535,
1428365200060,com.google.android.music.dial.DialMediaRouteProviderService,com.google.android.music:main,10058,0,21711939,[],false,true,0,0,10495967,
1428365200060,ch.unige.css.services.PingService,ch.unige.ping,10074,1449,64343374,[STARTED],false,true,0,0,34427598,
1428365200060,com.android.systemui.keyguard.KeyguardService,com.android.systemui,10012,906,42358,[PERSISTENT],false,false,1,1,42367,
1428365200060,com.google.android.gms.droidguard.DroidGuardService,com.google.android.gms.unstable,10007,9162,53738077,[],false,true,1,1,33607138,
1428365200060,ch.unige.css.services.main.CssRegistryService,ch.unige.ping:background,10074,13902,17964876,[STARTED],false,true,0,0,6748905,
1428365200060,com.whatsapp.messaging.MessageService,com.whatsapp,10159,7286,68313,[STARTED],false,true,1,1,33311703,
1428365200060,ccc71.at.services.at_service,ccc71.bmw.pro:services,10110,4012,69150,[STARTED],false,true,0,0,69159,
1428365200060,com.google.android.location.geocode.GeocodeService,com.google.process.location,10007,17755,50924882,[],false,true,1,1,31915807,
1428365260122,com.android.bluetooth.hid.HidService,com.android.bluetooth,1002,0,41148,[],false,true,2,2,41157,
1428365260122,com.android.exchange.service.EasService,com.google.android.gm.exchange,10157,2752,54256,[STARTED],false,true,1,1,33930535,
1428365260122,com.google.android.music.dial.DialMediaRouteProviderService,com.google.android.music:main,10058,0,21711939,[],false,true,0,0,10495967,
1428365260122,ch.unige.css.services.PingService,ch.unige.ping,10074,1449,64403440,[STARTED],false,true,0,0,34430331,
1428365260122,com.android.systemui.keyguard.KeyguardService,com.android.systemui,10012,906,42358,[PERSISTENT],false,false,1,1,42367,
1428365260122,com.google.android.gms.droidguard.DroidGuardService,com.google.android.gms.unstable,10007,9162,53738077,[],false,true,1,1,33607138,
1428365260122,ch.unige.css.services.main.CssRegistryService,ch.unige.ping:background,10074,13902,17964876,[STARTED],false,true,0,0,6748905,
1428365260122,com.whatsapp.messaging.MessageService,com.whatsapp,10159,7286,68313,[STARTED],false,true,1,1,33311703,
1428365260122,ccc71.at.services.at_service,ccc71.bmw.pro:services,10110,4012,69150,[STARTED],false,true,0,0,69159,
1428365260122,com.google.android.location.geocode.GeocodeService,com.google.process.location,10007,17755,50924882,[],false,true,1,1,31915807,
1428365320201,com.android.bluetooth.hid.HidService,com.android.bluetooth,1002,0,41148,[],false,true,2,2,41157,
1428365320201,com.android.exchange.service.EasService,com.google.android.gm.exchange,10157,2752,54256,[STARTED],false,true,1,1,33930535,
1428365320201,com.google.android.music.dial.DialMediaRouteProviderService,com.google.android.music:main,10058,0,21711939,[],false,true,0,0,10495967,
1428365320201,ch.unige.css.services.PingService,ch.unige.ping,10074,1449,64463510,[STARTED],false,true,0,0,34437984,
1428365320201,com.android.systemui.keyguard.KeyguardService,com.android.systemui,10012,906,42358,[PERSISTENT],false,false,1,1,42367,
1428365320201,com.google.android.gms.droidguard.DroidGuardService,com.google.android.gms.unstable,10007,9162,53738077,[],false,true,1,1,33607138,
1428365320201,ch.unige.css.services.main.CssRegistryService,ch.unige.ping:background,10074,13902,17964876,[STARTED],false,true,0,0,6748905,
1428365320201,com.whatsapp.messaging.MessageService,com.whatsapp,10159,7286,68313,[STARTED],false,true,1,1,33311703,
1428365320201,ccc71.at.services.at_service,ccc71.bmw.pro:services,10110,4012,69150,[STARTED],false,true,0,0,69159,
1428365320201,com.google.android.location.geocode.GeocodeService,com.google.process.location,10007,17755,50924882,[],false,true,1,1,31915807,
1428365380599,com.android.bluetooth.hid.HidService,com.android.bluetooth,1002,0,41148,[],false,true,2,2,41157,
1428365380599,com.android.exchange.service.EasService,com.google.android.gm.exchange,10157,2752,54256,[STARTED],false,true,1,1,33930535,
1428365380599,com.google.android.music.dial.DialMediaRouteProviderService,com.google.android.music:main,10058,0,21711939,[],false,true,0,0,10495967,
1428365380599,ch.unige.css.services.PingService,ch.unige.ping,10074,1449,64523926,[STARTED],false,true,0,0,34442457,
1428365380599,com.android.systemui.keyguard.KeyguardService,com.android.systemui,10012,906,42358,[PERSISTENT],false,false,1,1,42367,
1428365380599,com.google.android.gms.droidguard.DroidGuardService,com.google.android.gms.unstable,10007,9162,53738077,[],false,true,1,1,33607138,
1428365380599,ch.unige.css.services.main.CssRegistryService,ch.unige.ping:background,10074,13902,17964876,[STARTED],false,true,0,0,6748905,
1428365380599,com.whatsapp.messaging.MessageService,com.whatsapp,10159,7286,68313,[STARTED],false,true,1,1,33311703,
1428365380599,ccc71.at.services.at_service,ccc71.bmw.pro:services,10110,4012,69150,[STARTED],false,true,0,0,69159,
1428365380599,com.google.android.location.geocode.GeocodeService,com.google.process.location,10007,17755,50924882,[],false,true,1,1,31915807,
1428365441630,com.android.bluetooth.hid.HidService,com.android.bluetooth,1002,0,41148,[],false,true,2,2,41157,
1428365441630,com.android.exchange.service.EasService,com.google.android.gm.exchange,10157,2752,54256,[STARTED],false,true,1,1,33930535,
1428365441630,com.google.android.music.dial.DialMediaRouteProviderService,com.google.android.music:main,10058,0,21711939,[],false,true,0,0,10495967,
1428365441630,ch.unige.css.services.PingService,ch.unige.ping,10074,1449,64584929,[STARTED],false,true,0,0,34447134,
1428365441630,com.android.systemui.keyguard.KeyguardService,com.android.systemui,10012,906,42358,[PERSISTENT],false,false,1,1,42367,
1428365441630,com.google.android.gms.droidguard.DroidGuardService,com.google.android.gms.unstable,10007,9162,53738077,[],false,true,1,1,33607138,
1428365441630,ch.unige.css.services.main.CssRegistryService,ch.unige.ping:background,10074,13902,17964876,[STARTED],false,true,0,0,6748905,
1428365441630,com.whatsapp.messaging.MessageService,com.whatsapp,10159,7286,68313,[STARTED],false,true,1,1,33311703,
1428365441630,ccc71.at.services.at_service,ccc71.bmw.pro:services,10110,4012,69150,[STARTED],false,true,0,0,69159,
1428365441630,com.google.android.location.geocode.GeocodeService,com.google.process.location,10007,17755,50924882,[],false,true,1,1,31915807,
1428365501636,com.android.bluetooth.hid.HidService,com.android.bluetooth,1002,0,41148,[],false,true,2,2,41157,
1428365501636,com.android.exchange.service.EasService,com.google.android.gm.exchange,10157,2752,54256,[STARTED],false,true,1,1,33930535,
1428365501636,com.google.android.music.dial.DialMediaRouteProviderService,com.google.android.music:main,10058,0,21711939,[],false,true,0,0,10495967,
1428365501636,ch.unige.css.services.PingService,ch.unige.ping,10074,1449,64644941,[STARTED],false,true,0,0,34448408,
1428365501636,com.android.systemui.keyguard.KeyguardService,com.android.systemui,10012,906,42358,[PERSISTENT],false,false,1,1,42367,
1428365501636,com.google.android.gms.droidguard.DroidGuardService,com.google.android.gms.unstable,10007,9162,53738077,[],false,true,1,1,33607138,
1428365501636,ch.unige.css.services.main.CssRegistryService,ch.unige.ping:background,10074,13902,17964876,[STARTED],false,true,0,0,6748905,
1428365501636,com.whatsapp.messaging.MessageService,com.whatsapp,10159,7286,68313,[STARTED],false,true,1,1,33311703,
1428365501636,ccc71.at.services.at_service,ccc71.bmw.pro:services,10110,4012,69150,[STARTED],false,true,0,0,69159,
1428365501636,com.google.android.location.geocode.GeocodeService,com.google.process.location,10007,17755,50924882,[],false,true,1,1,31915807,
1428365561646,com.android.bluetooth.hid.HidService,com.android.bluetooth,1002,0,41148,[],false,true,2,2,41157,
1428365561646,com.android.exchange.service.EasService,com.google.android.gm.exchange,10157,2752,54256,[STARTED],false,true,1,1,33930535,
1428365561646,com.google.android.music.dial.DialMediaRouteProviderService,com.google.android.music:main,10058,0,21711939,[],false,true,0,0,10495967,
1428365561646,ch.unige.css.services.PingService,ch.unige.ping,10074,1449,64704954,[STARTED],false,true,0,0,34449939,
1428365561646,com.android.systemui.keyguard.KeyguardService,com.android.systemui,10012,906,42358,[PERSISTENT],false,false,1,1,42367,
1428365561646,com.google.android.gms.droidguard.DroidGuardService,com.google.android.gms.unstable,10007,9162,53738077,[],false,true,1,1,33607138,
1428365561646,ch.unige.css.services.main.CssRegistryService,ch.unige.ping:background,10074,13902,17964876,[STARTED],false,true,0,0,6748905,
1428365561646,com.whatsapp.messaging.MessageService,com.whatsapp,10159,7286,68313,[STARTED],false,true,1,1,33311703,
1428365561646,ccc71.at.services.at_service,ccc71.bmw.pro:services,10110,4012,69150,[STARTED],false,true,0,0,69159,
1428365561646,com.google.android.location.geocode.GeocodeService,com.google.process.location,10007,17755,50924882,[],false,true,1,1,31915807,
1428365621666,com.android.bluetooth.hid.HidService,com.android.bluetooth,1002,0,41148,[],false,true,2,2,41157,
1428365621666,com.android.exchange.service.EasService,com.google.android.gm.exchange,10157,2752,54256,[STARTED],false,true,1,1,33930535,
1428365621666,com.google.android.music.dial.DialMediaRouteProviderService,com.google.android.music:main,10058,0,21711939,[],false,true,0,0,10495967,
1428365621666,ch.unige.css.services.PingService,ch.unige.ping,10074,1449,64764967,[STARTED],false,true,0,0,34451508,
1428365621666,com.android.systemui.keyguard.KeyguardService,com.android.systemui,10012,906,42358,[PERSISTENT],false,false,1,1,42367,
1428365621666,com.google.android.gms.droidguard.DroidGuardService,com.google.android.gms.unstable,10007,9162,53738077,[],false,true,1,1,33607138,
1428365621666,ch.unige.css.services.main.CssRegistryService,ch.unige.ping:background,10074,13902,17964876,[STARTED],false,true,0,0,6748905,
1428365621666,com.whatsapp.messaging.MessageService,com.whatsapp,10159,7286,68313,[STARTED],false,true,1,1,33311703,
1428365621666,ccc71.at.services.at_service,ccc71.bmw.pro:services,10110,4012,69150,[STARTED],false,true,0,0,69159,
1428365621666,com.google.android.location.geocode.GeocodeService,com.google.process.location,10007,17755,50924882,[],false,true,1,1,31915807,
1428365681689,com.android.bluetooth.hid.HidService,com.android.bluetooth,1002,0,41148,[],false,true,2,2,41157,
1428365681689,com.android.exchange.service.EasService,com.google.android.gm.exchange,10157,2752,54256,[STARTED],false,true,1,1,33930535,
1428365681689,com.google.android.music.dial.DialMediaRouteProviderService,com.google.android.music:main,10058,0,21711939,[],false,true,0,0,10495967,
1428365681689,ch.unige.css.services.PingService,ch.unige.ping,10074,1449,64824997,[STARTED],false,true,0,0,34453347,
1428365681689,com.android.systemui.keyguard.KeyguardService,com.android.systemui,10012,906,42358,[PERSISTENT],false,false,1,1,42367,
1428365681689,com.google.android.gms.droidguard.DroidGuardService,com.google.android.gms.unstable,10007,9162,53738077,[],false,true,1,1,33607138,
1428365681689,ch.unige.css.services.main.CssRegistryService,ch.unige.ping:background,10074,13902,17964876,[STARTED],false,true,0,0,6748905,
1428365681689,com.whatsapp.messaging.MessageService,com.whatsapp,10159,7286,68313,[STARTED],false,true,1,1,33311703,
1428365681689,ccc71.at.services.at_service,ccc71.bmw.pro:services,10110,4012,69150,[STARTED],false,true,0,0,69159,
1428365681689,com.google.android.location.geocode.GeocodeService,com.google.process.location,10007,17755,50924882,[],false,true,1,1,31915807,
1428365741750,com.android.bluetooth.hid.HidService,com.android.bluetooth,1002,0,41148,[],false,true,2,2,41157,
1428365741750,com.android.exchange.service.EasService,com.google.android.gm.exchange,10157,2752,54256,[STARTED],false,true,1,1,33930535,
1428365741750,com.google.android.music.dial.DialMediaRouteProviderService,com.google.android.music:main,10058,0,21711939,[],false,true,0,0,10495967,
1428365741750,ch.unige.css.services.PingService,ch.unige.ping,10074,1449,64885022,[STARTED],false,true,0,0,34455717,
1428365741750,com.android.systemui.keyguard.KeyguardService,com.android.systemui,10012,906,42358,[PERSISTENT],false,false,1,1,42367,
1428365741750,com.google.android.gms.droidguard.DroidGuardService,com.google.android.gms.unstable,10007,9162,53738077,[],false,true,1,1,33607138,
1428365741750,ch.unige.css.services.main.CssRegistryService,ch.unige.ping:background,10074,13902,17964876,[STARTED],false,true,0,0,6748905,
1428365741750,com.whatsapp.messaging.MessageService,com.whatsapp,10159,7286,68313,[STARTED],false,true,1,1,33311703,
1428365741750,ccc71.at.services.at_service,ccc71.bmw.pro:services,10110,4012,69150,[STARTED],false,true,0,0,69159,
1428365741750,com.google.android.location.geocode.GeocodeService,com.google.process.location,10007,17755,50924882,[],false,true,1,1,31915807,
1428365801803,com.android.bluetooth.hid.HidService,com.android.bluetooth,1002,0,41148,[],false,true,2,2,41157,
1428365801803,com.android.exchange.service.EasService,com.google.android.gm.exchange,10157,2752,54256,[STARTED],false,true,1,1,33930535,
1428365801803,com.google.android.music.dial.DialMediaRouteProviderService,com.google.android.music:main,10058,0,21711939,[],false,true,0,0,10495967,
1428365801803,ch.unige.css.services.PingService,ch.unige.ping,10074,1449,64945129,[STARTED],false,true,0,0,34457680,
1428365801803,com.android.systemui.keyguard.KeyguardService,com.android.systemui,10012,906,42358,[PERSISTENT],false,false,1,1,42367,
1428365801803,com.google.android.gms.droidguard.DroidGuardService,com.google.android.gms.unstable,10007,9162,53738077,[],false,true,1,1,33607138,
1428365801803,ch.unige.css.services.main.CssRegistryService,ch.unige.ping:background,10074,13902,17964876,[STARTED],false,true,0,0,6748905,
1428365801803,com.whatsapp.messaging.MessageService,com.whatsapp,10159,7286,68313,[STARTED],false,true,1,1,33311703,
1428365801803,ccc71.at.services.at_service,ccc71.bmw.pro:services,10110,4012,69150,[STARTED],false,true,0,0,69159,
1428365801803,com.google.android.location.geocode.GeocodeService,com.google.process.location,10007,17755,50924882,[],false,true,1,1,31915807,
1428365861877,com.android.bluetooth.hid.HidService,com.android.bluetooth,1002,0,41148,[],false,true,2,2,41157,
1428365861877,com.google.android.gms.fitness.service.history.FitHistoryBroker,com.google.process.location,10007,17755,64945299,[],false,true,1,1,34457849,
1428365861877,com.android.exchange.service.EasService,com.google.android.gm.exchange,10157,2752,54256,[STARTED],false,true,1,1,33930535,
1428365861877,com.google.android.music.dial.DialMediaRouteProviderService,com.google.android.music:main,10058,0,21711939,[],false,true,0,0,10495967,
1428365861877,ch.unige.css.services.PingService,ch.unige.ping,10074,1449,65005198,[STARTED],false,true,0,0,34461862,
1428365861877,com.google.android.gms.fitness.service.config.FitConfigBroker,com.google.process.location,10007,17755,64945304,[],false,true,1,1,34457854,
1428365861877,com.android.systemui.keyguard.KeyguardService,com.android.systemui,10012,906,42358,[PERSISTENT],false,false,1,1,42367,
1428365861877,com.google.android.gms.droidguard.DroidGuardService,com.google.android.gms.unstable,10007,9162,53738077,[],false,true,1,1,33607138,
1428365861877,ch.unige.css.services.main.CssRegistryService,ch.unige.ping:background,10074,13902,17964876,[STARTED],false,true,0,0,6748905,
1428365861877,com.whatsapp.messaging.MessageService,com.whatsapp,10159,7286,68313,[STARTED],false,true,1,1,33311703,
1428365921861,com.android.bluetooth.hid.HidService,com.android.bluetooth,1002,0,41148,[],false,true,2,2,41157,
1428365921861,com.android.exchange.service.EasService,com.google.android.gm.exchange,10157,2752,54256,[STARTED],false,true,1,1,33930535,
1428365921861,com.google.android.music.dial.DialMediaRouteProviderService,com.google.android.music:main,10058,0,21711939,[],false,true,0,0,10495967,
1428365921861,ch.unige.css.services.PingService,ch.unige.ping,10074,1449,65065210,[STARTED],false,true,0,0,34463774,
1428365921861,com.android.systemui.keyguard.KeyguardService,com.android.systemui,10012,906,42358,[PERSISTENT],false,false,1,1,42367,
1428365921861,com.google.android.gms.droidguard.DroidGuardService,com.google.android.gms.unstable,10007,9162,53738077,[],false,true,1,1,33607138,
1428365921861,ch.unige.css.services.main.CssRegistryService,ch.unige.ping:background,10074,13902,17964876,[STARTED],false,true,0,0,6748905,
1428365921861,com.whatsapp.messaging.MessageService,com.whatsapp,10159,7286,68313,[STARTED],false,true,1,1,33311703,
1428365921861,ccc71.at.services.at_service,ccc71.bmw.pro:services,10110,4012,69150,[STARTED],false,true,0,0,69159,
1428365921861,com.google.android.location.geocode.GeocodeService,com.google.process.location,10007,17755,50924882,[],false,true,1,1,31915807,
1428365982607,com.android.bluetooth.hid.HidService,com.android.bluetooth,1002,0,41148,[],false,true,2,2,41157,
1428365982607,com.android.exchange.service.EasService,com.google.android.gm.exchange,10157,2752,54256,[STARTED],false,true,1,1,33930535,
1428365982607,com.google.android.music.dial.DialMediaRouteProviderService,com.google.android.music:main,10058,0,21711939,[],false,true,0,0,10495967,
1428365982607,ch.unige.css.services.PingService,ch.unige.ping,10074,1449,65125926,[STARTED],false,true,0,0,34475013,
1428365982607,com.android.systemui.keyguard.KeyguardService,com.android.systemui,10012,906,42358,[PERSISTENT],false,false,1,1,42367,
1428365982607,com.google.android.gms.droidguard.DroidGuardService,com.google.android.gms.unstable,10007,9162,53738077,[],false,true,1,1,33607138,
1428365982607,ch.unige.css.services.main.CssRegistryService,ch.unige.ping:background,10074,13902,17964876,[STARTED],false,true,0,0,6748905,
1428365982607,com.whatsapp.messaging.MessageService,com.whatsapp,10159,7286,68313,[STARTED],false,true,1,1,33311703,
1428365982607,ccc71.at.services.at_service,ccc71.bmw.pro:services,10110,4012,69150,[STARTED],false,true,0,0,69159,
1428365982607,com.google.android.location.geocode.GeocodeService,com.google.process.location,10007,17755,50924882,[],false,true,1,1,31915807,
1428366042609,com.android.bluetooth.hid.HidService,com.android.bluetooth,1002,0,41148,[],false,true,2,2,41157,
1428366042609,com.android.exchange.service.EasService,com.google.android.gm.exchange,10157,2752,54256,[STARTED],false,true,1,1,33930535,
1428366042609,com.google.android.music.dial.DialMediaRouteProviderService,com.google.android.music:main,10058,0,21711939,[],false,true,0,0,10495967,
1428366042609,ch.unige.css.services.PingService,ch.unige.ping,10074,1449,65185936,[STARTED],false,true,0,0,34476393,
1428366042609,com.android.systemui.keyguard.KeyguardService,com.android.systemui,10012,906,42358,[PERSISTENT],false,false,1,1,42367,
1428366042609,com.google.android.gms.droidguard.DroidGuardService,com.google.android.gms.unstable,10007,9162,53738077,[],false,true,1,1,33607138,
1428366042609,ch.unige.css.services.main.CssRegistryService,ch.unige.ping:background,10074,13902,17964876,[STARTED],false,true,0,0,6748905,
1428366042609,com.whatsapp.messaging.MessageService,com.whatsapp,10159,7286,68313,[STARTED],false,true,1,1,33311703,
1428366042609,ccc71.at.services.at_service,ccc71.bmw.pro:services,10110,4012,69150,[STARTED],false,true,0,0,69159,
1428366042609,com.google.android.location.geocode.GeocodeService,com.google.process.location,10007,17755,50924882,[],false,true,1,1,31915807,
1428366102653,com.android.bluetooth.hid.HidService,com.android.bluetooth,1002,0,41148,[],false,true,2,2,41157,
1428366102653,com.android.exchange.service.EasService,com.google.android.gm.exchange,10157,2752,54256,[STARTED],false,true,1,1,33930535,
1428366102653,com.google.android.music.dial.DialMediaRouteProviderService,com.google.android.music:main,10058,0,21711939,[],false,true,0,0,10495967,
1428366102653,ch.unige.css.services.PingService,ch.unige.ping,10074,1449,65245953,[STARTED],false,true,0,0,34478068,
1428366102653,com.android.systemui.keyguard.KeyguardService,com.android.systemui,10012,906,42358,[PERSISTENT],false,false,1,1,42367,
1428366102653,com.google.android.gms.droidguard.DroidGuardService,com.google.android.gms.unstable,10007,9162,53738077,[],false,true,1,1,33607138,
1428366102653,ch.unige.css.services.main.CssRegistryService,ch.unige.ping:background,10074,13902,17964876,[STARTED],false,true,0,0,6748905,
1428366102653,com.whatsapp.messaging.MessageService,com.whatsapp,10159,7286,68313,[STARTED],false,true,1,1,33311703,
1428366102653,ccc71.at.services.at_service,ccc71.bmw.pro:services,10110,4012,69150,[STARTED],false,true,0,0,69159,
1428366102653,com.google.android.location.geocode.GeocodeService,com.google.process.location,10007,17755,50924882,[],false,true,1,1,31915807,
1428366162734,com.android.bluetooth.hid.HidService,com.android.bluetooth,1002,0,41148,[],false,true,2,2,41157,
1428366162734,com.android.exchange.service.EasService,com.google.android.gm.exchange,10157,2752,54256,[STARTED],false,true,1,1,33930535,
1428366162734,com.google.android.music.dial.DialMediaRouteProviderService,com.google.android.music:main,10058,0,21711939,[],false,true,0,0,10495967,
1428366162734,ch.unige.css.services.PingService,ch.unige.ping,10074,1449,65305965,[STARTED],false,true,0,0,34479823,
1428366162734,com.android.systemui.keyguard.KeyguardService,com.android.systemui,10012,906,42358,[PERSISTENT],false,false,1,1,42367,
1428366162734,com.google.android.gms.droidguard.DroidGuardService,com.google.android.gms.unstable,10007,9162,53738077,[],false,true,1,1,33607138,
1428366162734,ch.unige.css.services.main.CssRegistryService,ch.unige.ping:background,10074,13902,17964876,[STARTED],false,true,0,0,6748905,
1428366162734,com.whatsapp.messaging.MessageService,com.whatsapp,10159,7286,68313,[STARTED],false,true,1,1,33311703,
1428366162734,ccc71.at.services.at_service,ccc71.bmw.pro:services,10110,4012,69150,[STARTED],false,true,0,0,69159,
1428366162734,com.google.android.location.geocode.GeocodeService,com.google.process.location,10007,17755,50924882,[],false,true,1,1,31915807,
1428366222661,com.android.bluetooth.hid.HidService,com.android.bluetooth,1002,0,41148,[],false,true,2,2,41157,
1428366222661,com.android.exchange.service.EasService,com.google.android.gm.exchange,10157,2752,54256,[STARTED],false,true,1,1,33930535,
1428366222661,com.google.android.music.dial.DialMediaRouteProviderService,com.google.android.music:main,10058,0,21711939,[],false,true,0,0,10495967,
1428366222661,ch.unige.css.services.PingService,ch.unige.ping,10074,1449,65365976,[STARTED],false,true,0,0,34481386,
1428366222661,com.android.systemui.keyguard.KeyguardService,com.android.systemui,10012,906,42358,[PERSISTENT],false,false,1,1,42367,
1428366222661,com.google.android.gms.droidguard.DroidGuardService,com.google.android.gms.unstable,10007,9162,53738077,[],false,true,1,1,33607138,
1428366222661,ch.unige.css.services.main.CssRegistryService,ch.unige.ping:background,10074,13902,17964876,[STARTED],false,true,0,0,6748905,
1428366222661,com.whatsapp.messaging.MessageService,com.whatsapp,10159,7286,68313,[STARTED],false,true,1,1,33311703,
1428366222661,ccc71.at.services.at_service,ccc71.bmw.pro:services,10110,4012,69150,[STARTED],false,true,0,0,69159,
1428366222661,com.google.android.location.geocode.GeocodeService,com.google.process.location,10007,17755,50924882,[],false,true,1,1,31915807,
1428366282751,com.android.bluetooth.hid.HidService,com.android.bluetooth,1002,0,41148,[],false,true,2,2,41157,
1428366282751,com.android.exchange.service.EasService,com.google.android.gm.exchange,10157,2752,54256,[STARTED],false,true,1,1,33930535,
1428366282751,com.google.android.music.dial.DialMediaRouteProviderService,com.google.android.music:main,10058,0,21711939,[],false,true,0,0,10495967,
1428366282751,ch.unige.css.services.PingService,ch.unige.ping,10074,1449,65426002,[STARTED],false,true,0,0,34483142,
1428366282751,com.android.systemui.keyguard.KeyguardService,com.android.systemui,10012,906,42358,[PERSISTENT],false,false,1,1,42367,
1428366282751,com.google.android.gms.droidguard.DroidGuardService,com.google.android.gms.unstable,10007,9162,53738077,[],false,true,1,1,33607138,
1428366282751,ch.unige.css.services.main.CssRegistryService,ch.unige.ping:background,10074,13902,17964876,[STARTED],false,true,0,0,6748905,
1428366282751,com.whatsapp.messaging.MessageService,com.whatsapp,10159,7286,68313,[STARTED],false,true,1,1,33311703,
1428366282751,ccc71.at.services.at_service,ccc71.bmw.pro:services,10110,4012,69150,[STARTED],false,true,0,0,69159,
1428366282751,com.google.android.location.geocode.GeocodeService,com.google.process.location,10007,17755,50924882,[],false,true,1,1,31915807,
1428366342751,com.android.bluetooth.hid.HidService,com.android.bluetooth,1002,0,41148,[],false,true,2,2,41157,
1428366342751,com.android.exchange.service.EasService,com.google.android.gm.exchange,10157,2752,54256,[STARTED],false,true,1,1,33930535,
1428366342751,com.google.android.music.dial.DialMediaRouteProviderService,com.google.android.music:main,10058,0,21711939,[],false,true,0,0,10495967,
1428366342751,ch.unige.css.services.PingService,ch.unige.ping,10074,1449,65486068,[STARTED],false,true,0,0,34485218,
1428366342751,com.android.systemui.keyguard.KeyguardService,com.android.systemui,10012,906,42358,[PERSISTENT],false,false,1,1,42367,
1428366342751,com.google.android.gms.droidguard.DroidGuardService,com.google.android.gms.unstable,10007,9162,53738077,[],false,true,1,1,33607138,
1428366342751,ch.unige.css.services.main.CssRegistryService,ch.unige.ping:background,10074,13902,17964876,[STARTED],false,true,0,0,6748905,
1428366342751,com.whatsapp.messaging.MessageService,com.whatsapp,10159,7286,68313,[STARTED],false,true,1,1,33311703,
1428366342751,ccc71.at.services.at_service,ccc71.bmw.pro:services,10110,4012,69150,[STARTED],false,true,0,0,69159,
1428366342751,com.google.android.location.geocode.GeocodeService,com.google.process.location,10007,17755,50924882,[],false,true,1,1,31915807,
1428366402829,com.android.bluetooth.hid.HidService,com.android.bluetooth,1002,0,41148,[],false,true,2,2,41157,
1428366402829,com.android.exchange.service.EasService,com.google.android.gm.exchange,10157,2752,54256,[STARTED],false,true,1,1,33930535,
1428366402829,com.google.android.music.dial.DialMediaRouteProviderService,com.google.android.music:main,10058,0,21711939,[],false,true,0,0,10495967,
1428366402829,ch.unige.css.services.PingService,ch.unige.ping,10074,1449,65546138,[STARTED],false,true,0,0,34487259,
1428366402829,com.android.systemui.keyguard.KeyguardService,com.android.systemui,10012,906,42358,[PERSISTENT],false,false,1,1,42367,
1428366402829,com.google.android.gms.droidguard.DroidGuardService,com.google.android.gms.unstable,10007,9162,53738077,[],false,true,1,1,33607138,
1428366402829,ch.unige.css.services.main.CssRegistryService,ch.unige.ping:background,10074,13902,17964876,[STARTED],false,true,0,0,6748905,
1428366402829,com.whatsapp.messaging.MessageService,com.whatsapp,10159,7286,68313,[STARTED],false,true,1,1,33311703,
1428366402829,ccc71.at.services.at_service,ccc71.bmw.pro:services,10110,4012,69150,[STARTED],false,true,0,0,69159,
1428366402829,com.google.android.location.geocode.GeocodeService,com.google.process.location,10007,17755,50924882,[],false,true,1,1,31915807,
1428366462924,com.android.bluetooth.hid.HidService,com.android.bluetooth,1002,0,41148,[],false,true,2,2,41157,
1428366462924,com.android.exchange.service.EasService,com.google.android.gm.exchange,10157,2752,54256,[STARTED],false,true,1,1,33930535,
1428366462924,com.google.android.music.dial.DialMediaRouteProviderService,com.google.android.music:main,10058,0,21711939,[],false,true,0,0,10495967,
1428366462924,ch.unige.css.services.PingService,ch.unige.ping,10074,1449,65606234,[STARTED],false,true,0,0,34489309,
1428366462924,com.android.systemui.keyguard.KeyguardService,com.android.systemui,10012,906,42358,[PERSISTENT],false,false,1,1,42367,
1428366462924,com.google.android.gms.droidguard.DroidGuardService,com.google.android.gms.unstable,10007,9162,53738077,[],false,true,1,1,33607138,
1428366462924,ch.unige.css.services.main.CssRegistryService,ch.unige.ping:background,10074,13902,17964876,[STARTED],false,true,0,0,6748905,
1428366462924,com.whatsapp.messaging.MessageService,com.whatsapp,10159,7286,68313,[STARTED],false,true,1,1,33311703,
1428366462924,ccc71.at.services.at_service,ccc71.bmw.pro:services,10110,4012,69150,[STARTED],false,true,0,0,69159,
1428366462924,com.google.android.location.geocode.GeocodeService,com.google.process.location,10007,17755,50924882,[],false,true,1,1,31915807,
1428366523008,com.android.bluetooth.hid.HidService,com.android.bluetooth,1002,0,41148,[],false,true,2,2,41157,
1428366523008,com.android.exchange.service.EasService,com.google.android.gm.exchange,10157,2752,54256,[STARTED],false,true,1,1,33930535,
1428366523008,com.google.android.music.dial.DialMediaRouteProviderService,com.google.android.music:main,10058,0,21711939,[],false,true,0,0,10495967,
1428366523008,ch.unige.css.services.PingService,ch.unige.ping,10074,1449,65666338,[STARTED],false,true,0,0,34491497,
1428366523008,com.android.systemui.keyguard.KeyguardService,com.android.systemui,10012,906,42358,[PERSISTENT],false,false,1,1,42367,
1428366523008,com.google.android.gms.droidguard.DroidGuardService,com.google.android.gms.unstable,10007,9162,53738077,[],false,true,1,1,33607138,
1428366523008,ch.unige.css.services.main.CssRegistryService,ch.unige.ping:background,10074,13902,17964876,[STARTED],false,true,0,0,6748905,
1428366523008,com.whatsapp.messaging.MessageService,com.whatsapp,10159,7286,68313,[STARTED],false,true,1,1,33311703,
1428366523008,ccc71.at.services.at_service,ccc71.bmw.pro:services,10110,4012,69150,[STARTED],false,true,0,0,69159,
1428366523008,com.google.android.location.geocode.GeocodeService,com.google.process.location,10007,17755,50924882,[],false,true,1,1,31915807,
1428366584686,com.android.bluetooth.hid.HidService,com.android.bluetooth,1002,0,41148,[],false,true,2,2,41157,
1428366584686,com.android.exchange.service.EasService,com.google.android.gm.exchange,10157,2752,54256,[STARTED],false,true,1,1,33930535,
1428366584686,com.google.android.music.dial.DialMediaRouteProviderService,com.google.android.music:main,10058,0,21711939,[],false,true,0,0,10495967,
1428366584686,ch.unige.css.services.PingService,ch.unige.ping,10074,1449,65727927,[STARTED],false,true,0,0,34501327,
1428366584686,com.android.systemui.keyguard.KeyguardService,com.android.systemui,10012,906,42358,[PERSISTENT],false,false,1,1,42367,
1428366584686,com.google.android.gms.droidguard.DroidGuardService,com.google.android.gms.unstable,10007,9162,53738077,[],false,true,1,1,33607138,
1428366584686,ch.unige.css.services.main.CssRegistryService,ch.unige.ping:background,10074,13902,17964876,[STARTED],false,true,0,0,6748905,
1428366584686,com.whatsapp.messaging.MessageService,com.whatsapp,10159,7286,68313,[STARTED],false,true,1,1,33311703,
1428366584686,ccc71.at.services.at_service,ccc71.bmw.pro:services,10110,4012,69150,[STARTED],false,true,0,0,69159,
1428366584686,com.google.android.location.geocode.GeocodeService,com.google.process.location,10007,17755,50924882,[],false,true,1,1,31915807,
1428366644659,com.android.bluetooth.hid.HidService,com.android.bluetooth,1002,0,41148,[],false,true,2,2,41157,
1428366644659,com.android.exchange.service.EasService,com.google.android.gm.exchange,10157,2752,54256,[STARTED],false,true,1,1,33930535,
1428366644659,com.google.android.music.dial.DialMediaRouteProviderService,com.google.android.music:main,10058,0,21711939,[],false,true,0,0,10495967,
1428366644659,ch.unige.css.services.PingService,ch.unige.ping,10074,1449,65787942,[STARTED],false,true,0,0,34503607,
1428366644659,com.android.systemui.keyguard.KeyguardService,com.android.systemui,10012,906,42358,[PERSISTENT],false,false,1,1,42367,
1428366644659,com.google.android.gms.droidguard.DroidGuardService,com.google.android.gms.unstable,10007,9162,53738077,[],false,true,1,1,33607138,
1428366644659,ch.unige.css.services.main.CssRegistryService,ch.unige.ping:background,10074,13902,17964876,[STARTED],false,true,0,0,6748905,
1428366644659,com.whatsapp.messaging.MessageService,com.whatsapp,10159,7286,68313,[STARTED],false,true,1,1,33311703,
1428366644659,ccc71.at.services.at_service,ccc71.bmw.pro:services,10110,4012,69150,[STARTED],false,true,0,0,69159,
1428366644659,com.google.android.location.geocode.GeocodeService,com.google.process.location,10007,17755,50924882,[],false,true,1,1,31915807,
1428366704647,com.android.bluetooth.hid.HidService,com.android.bluetooth,1002,0,41148,[],false,true,2,2,41157,
1428366704647,com.android.exchange.service.EasService,com.google.android.gm.exchange,10157,2752,54256,[STARTED],false,true,1,1,33930535,
1428366704647,com.google.android.music.dial.DialMediaRouteProviderService,com.google.android.music:main,10058,0,21711939,[],false,true,0,0,10495967,
1428366704647,ch.unige.css.services.PingService,ch.unige.ping,10074,1449,65847955,[STARTED],false,true,0,0,34505008,
1428366704647,com.android.systemui.keyguard.KeyguardService,com.android.systemui,10012,906,42358,[PERSISTENT],false,false,1,1,42367,
1428366704647,com.google.android.gms.droidguard.DroidGuardService,com.google.android.gms.unstable,10007,9162,53738077,[],false,true,1,1,33607138,
1428366704647,ch.unige.css.services.main.CssRegistryService,ch.unige.ping:background,10074,13902,17964876,[STARTED],false,true,0,0,6748905,
1428366704647,com.whatsapp.messaging.MessageService,com.whatsapp,10159,7286,68313,[STARTED],false,true,1,1,33311703,
1428366704647,ccc71.at.services.at_service,ccc71.bmw.pro:services,10110,4012,69150,[STARTED],false,true,0,0,69159,
1428366704647,com.google.android.location.geocode.GeocodeService,com.google.process.location,10007,17755,50924882,[],false,true,1,1,31915807,
1428366764666,com.android.bluetooth.hid.HidService,com.android.bluetooth,1002,0,41148,[],false,true,2,2,41157,
1428366764666,com.android.exchange.service.EasService,com.google.android.gm.exchange,10157,2752,54256,[STARTED],false,true,1,1,33930535,
1428366764666,com.google.android.music.dial.DialMediaRouteProviderService,com.google.android.music:main,10058,0,21711939,[],false,true,0,0,10495967,
1428366764666,ch.unige.css.services.PingService,ch.unige.ping,10074,1449,65907969,[STARTED],false,true,0,0,34506464,
1428366764666,com.android.systemui.keyguard.KeyguardService,com.android.systemui,10012,906,42358,[PERSISTENT],false,false,1,1,42367,
1428366764666,com.google.android.gms.droidguard.DroidGuardService,com.google.android.gms.unstable,10007,9162,53738077,[],false,true,1,1,33607138,
1428366764666,ch.unige.css.services.main.CssRegistryService,ch.unige.ping:background,10074,13902,17964876,[STARTED],false,true,0,0,6748905,
1428366764666,com.whatsapp.messaging.MessageService,com.whatsapp,10159,7286,68313,[STARTED],false,true,1,1,33311703,
1428366764666,ccc71.at.services.at_service,ccc71.bmw.pro:services,10110,4012,69150,[STARTED],false,true,0,0,69159,
1428366764666,com.google.android.location.geocode.GeocodeService,com.google.process.location,10007,17755,50924882,[],false,true,1,1,31915807,
1428366824707,com.android.bluetooth.hid.HidService,com.android.bluetooth,1002,0,41148,[],false,true,2,2,41157,
1428366824707,com.android.exchange.service.EasService,com.google.android.gm.exchange,10157,2752,54256,[STARTED],false,true,1,1,33930535,
1428366824707,com.google.android.music.dial.DialMediaRouteProviderService,com.google.android.music:main,10058,0,21711939,[],false,true,0,0,10495967,
1428366824707,ch.unige.css.services.PingService,ch.unige.ping,10074,1449,65967984,[STARTED],false,true,0,0,34507958,
1428366824707,com.android.systemui.keyguard.KeyguardService,com.android.systemui,10012,906,42358,[PERSISTENT],false,false,1,1,42367,
1428366824707,com.google.android.gms.droidguard.DroidGuardService,com.google.android.gms.unstable,10007,9162,53738077,[],false,true,1,1,33607138,
1428366824707,ch.unige.css.services.main.CssRegistryService,ch.unige.ping:background,10074,13902,17964876,[STARTED],false,true,0,0,6748905,
1428366824707,com.whatsapp.messaging.MessageService,com.whatsapp,10159,7286,68313,[STARTED],false,true,1,1,33311703,
1428366824707,ccc71.at.services.at_service,ccc71.bmw.pro:services,10110,4012,69150,[STARTED],false,true,0,0,69159,
1428366824707,com.google.android.location.geocode.GeocodeService,com.google.process.location,10007,17755,50924882,[],false,true,1,1,31915807,
1428366884712,com.android.bluetooth.hid.HidService,com.android.bluetooth,1002,0,41148,[],false,true,2,2,41157,
1428366884712,com.android.exchange.service.EasService,com.google.android.gm.exchange,10157,2752,54256,[STARTED],false,true,1,1,33930535,
1428366884712,com.google.android.music.dial.DialMediaRouteProviderService,com.google.android.music:main,10058,0,21711939,[],false,true,0,0,10495967,
1428366884712,ch.unige.css.services.PingService,ch.unige.ping,10074,1449,66027998,[STARTED],false,true,0,0,34509729,
1428366884712,com.android.systemui.keyguard.KeyguardService,com.android.systemui,10012,906,42358,[PERSISTENT],false,false,1,1,42367,
1428366884712,com.google.android.gms.droidguard.DroidGuardService,com.google.android.gms.unstable,10007,9162,53738077,[],false,true,1,1,33607138,
1428366884712,ch.unige.css.services.main.CssRegistryService,ch.unige.ping:background,10074,13902,17964876,[STARTED],false,true,0,0,6748905,
1428366884712,com.whatsapp.messaging.MessageService,com.whatsapp,10159,7286,68313,[STARTED],false,true,1,1,33311703,
1428366884712,ccc71.at.services.at_service,ccc71.bmw.pro:services,10110,4012,69150,[STARTED],false,true,0,0,69159,
1428366884712,com.google.android.location.geocode.GeocodeService,com.google.process.location,10007,17755,50924882,[],false,true,1,1,31915807,
1428366944757,com.android.bluetooth.hid.HidService,com.android.bluetooth,1002,0,41148,[],false,true,2,2,41157,
1428366944757,com.android.exchange.service.EasService,com.google.android.gm.exchange,10157,2752,54256,[STARTED],false,true,1,1,33930535,
1428366944757,com.google.android.music.dial.DialMediaRouteProviderService,com.google.android.music:main,10058,0,21711939,[],false,true,0,0,10495967,
1428366944757,ch.unige.css.services.PingService,ch.unige.ping,10074,1449,66088059,[STARTED],false,true,0,0,34511684,
1428366944757,com.android.systemui.keyguard.KeyguardService,com.android.systemui,10012,906,42358,[PERSISTENT],false,false,1,1,42367,
1428366944757,com.google.android.gms.droidguard.DroidGuardService,com.google.android.gms.unstable,10007,9162,53738077,[],false,true,1,1,33607138,
1428366944757,ch.unige.css.services.main.CssRegistryService,ch.unige.ping:background,10074,13902,17964876,[STARTED],false,true,0,0,6748905,
1428366944757,com.whatsapp.messaging.MessageService,com.whatsapp,10159,7286,68313,[STARTED],false,true,1,1,33311703,
1428366944757,ccc71.at.services.at_service,ccc71.bmw.pro:services,10110,4012,69150,[STARTED],false,true,0,0,69159,
1428366944757,com.google.android.location.geocode.GeocodeService,com.google.process.location,10007,17755,50924882,[],false,true,1,1,31915807,
1428367004817,com.android.bluetooth.hid.HidService,com.android.bluetooth,1002,0,41148,[],false,true,2,2,41157,
1428367004817,com.android.exchange.service.EasService,com.google.android.gm.exchange,10157,2752,54256,[STARTED],false,true,1,1,33930535,
1428367004817,com.google.android.music.dial.DialMediaRouteProviderService,com.google.android.music:main,10058,0,21711939,[],false,true,0,0,10495967,
1428367004817,ch.unige.css.services.PingService,ch.unige.ping,10074,1449,66148139,[STARTED],false,true,0,0,34513649,
1428367004817,com.android.systemui.keyguard.KeyguardService,com.android.systemui,10012,906,42358,[PERSISTENT],false,false,1,1,42367,
1428367004817,com.google.android.gms.droidguard.DroidGuardService,com.google.android.gms.unstable,10007,9162,53738077,[],false,true,1,1,33607138,
1428367004817,ch.unige.css.services.main.CssRegistryService,ch.unige.ping:background,10074,13902,17964876,[STARTED],false,true,0,0,6748905,
1428367004817,com.whatsapp.messaging.MessageService,com.whatsapp,10159,7286,68313,[STARTED],false,true,1,1,33311703,
1428367004817,ccc71.at.services.at_service,ccc71.bmw.pro:services,10110,4012,69150,[STARTED],false,true,0,0,69159,
1428367004817,com.google.android.location.geocode.GeocodeService,com.google.process.location,10007,17755,50924882,[],false,true,1,1,31915807,
1428367064890,com.android.bluetooth.hid.HidService,com.android.bluetooth,1002,0,41148,[],false,true,2,2,41157,
1428367064890,com.android.exchange.service.EasService,com.google.android.gm.exchange,10157,2752,54256,[STARTED],false,true,1,1,33930535,
1428367064890,com.google.android.music.dial.DialMediaRouteProviderService,com.google.android.music:main,10058,0,21711939,[],false,true,0,0,10495967,
1428367064890,ch.unige.css.services.PingService,ch.unige.ping,10074,1449,66208212,[STARTED],false,true,0,0,34515686,
1428367064890,com.android.systemui.keyguard.KeyguardService,com.android.systemui,10012,906,42358,[PERSISTENT],false,false,1,1,42367,
1428367064890,com.google.android.gms.droidguard.DroidGuardService,com.google.android.gms.unstable,10007,9162,53738077,[],false,true,1,1,33607138,
1428367064890,ch.unige.css.services.main.CssRegistryService,ch.unige.ping:background,10074,13902,17964876,[STARTED],false,true,0,0,6748905,
1428367064890,com.whatsapp.messaging.MessageService,com.whatsapp,10159,7286,68313,[STARTED],false,true,1,1,33311703,
1428367064890,ccc71.at.services.at_service,ccc71.bmw.pro:services,10110,4012,69150,[STARTED],false,true,0,0,69159,
1428367064890,com.google.android.location.geocode.GeocodeService,com.google.process.location,10007,17755,50924882,[],false,true,1,1,31915807,
1428367124963,com.android.bluetooth.hid.HidService,com.android.bluetooth,1002,0,41148,[],false,true,2,2,41157,
1428367124963,com.android.exchange.service.EasService,com.google.android.gm.exchange,10157,2752,54256,[STARTED],false,true,1,1,33930535,
1428367124963,com.google.android.music.dial.DialMediaRouteProviderService,com.google.android.music:main,10058,0,21711939,[],false,true,0,0,10495967,
1428367124963,ch.unige.css.services.PingService,ch.unige.ping,10074,1449,66268286,[STARTED],false,true,0,0,34517831,
1428367124963,com.android.systemui.keyguard.KeyguardService,com.android.systemui,10012,906,42358,[PERSISTENT],false,false,1,1,42367,
1428367124963,com.google.android.gms.droidguard.DroidGuardService,com.google.android.gms.unstable,10007,9162,53738077,[],false,true,1,1,33607138,
1428367124963,ch.unige.css.services.main.CssRegistryService,ch.unige.ping:background,10074,13902,17964876,[STARTED],false,true,0,0,6748905,
1428367124963,com.whatsapp.messaging.MessageService,com.whatsapp,10159,7286,68313,[STARTED],false,true,1,1,33311703,
1428367124963,ccc71.at.services.at_service,ccc71.bmw.pro:services,10110,4012,69150,[STARTED],false,true,0,0,69159,
1428367124963,com.google.android.location.geocode.GeocodeService,com.google.process.location,10007,17755,50924882,[],false,true,1,1,31915807,
1428367186635,com.android.bluetooth.hid.HidService,com.android.bluetooth,1002,0,41148,[],false,true,2,2,41157,
1428367186635,com.google.android.gms.ads.identifier.service.AdvertisingIdService,com.google.android.gms,10007,17855,66314037,[],false,true,1,1,34527342,
1428367186635,com.android.exchange.service.EasService,com.google.android.gm.exchange,10157,2752,54256,[STARTED],false,true,1,1,33930535,
1428367186635,com.google.android.music.dial.DialMediaRouteProviderService,com.google.android.music:main,10058,0,21711939,[],false,true,0,0,10495967,
1428367186635,ch.unige.css.services.PingService,ch.unige.ping,10074,1449,66329928,[STARTED],false,true,0,0,34528593,
1428367186635,com.android.systemui.keyguard.KeyguardService,com.android.systemui,10012,906,42358,[PERSISTENT],false,false,1,1,42367,
1428367186635,com.google.android.gms.droidguard.DroidGuardService,com.google.android.gms.unstable,10007,9162,53738077,[],false,true,1,1,33607138,
1428367186635,ch.unige.css.services.main.CssRegistryService,ch.unige.ping:background,10074,13902,17964876,[STARTED],false,true,0,0,6748905,
1428367186635,com.whatsapp.messaging.MessageService,com.whatsapp,10159,7286,68313,[STARTED],false,true,1,1,33311703,
1428367186635,ccc71.at.services.at_service,ccc71.bmw.pro:services,10110,4012,69150,[STARTED],false,true,0,0,69159,
1428367246598,com.android.bluetooth.hid.HidService,com.android.bluetooth,1002,0,41148,[],false,true,2,2,41157,
1428367246598,com.google.android.gms.ads.identifier.service.AdvertisingIdService,com.google.android.gms,10007,17855,66314037,[],false,true,1,1,34527342,
1428367246598,com.android.exchange.service.EasService,com.google.android.gm.exchange,10157,2752,54256,[STARTED],false,true,1,1,33930535,
1428367246598,com.google.android.music.dial.DialMediaRouteProviderService,com.google.android.music:main,10058,0,21711939,[],false,true,0,0,10495967,
1428367246598,ch.unige.css.services.PingService,ch.unige.ping,10074,1449,66389941,[STARTED],false,true,0,0,34529870,
1428367246598,com.android.systemui.keyguard.KeyguardService,com.android.systemui,10012,906,42358,[PERSISTENT],false,false,1,1,42367,
1428367246598,com.google.android.gms.droidguard.DroidGuardService,com.google.android.gms.unstable,10007,9162,53738077,[],false,true,1,1,33607138,
1428367246598,ch.unige.css.services.main.CssRegistryService,ch.unige.ping:background,10074,13902,17964876,[STARTED],false,true,0,0,6748905,
1428367246598,com.whatsapp.messaging.MessageService,com.whatsapp,10159,7286,68313,[STARTED],false,true,1,1,33311703,
1428367246598,ccc71.at.services.at_service,ccc71.bmw.pro:services,10110,4012,69150,[STARTED],false,true,0,0,69159,
1428367306678,com.android.bluetooth.hid.HidService,com.android.bluetooth,1002,0,41148,[],false,true,2,2,41157,
1428367306678,com.google.android.gms.ads.identifier.service.AdvertisingIdService,com.google.android.gms,10007,17855,66314037,[],false,true,1,1,34527342,
1428367306678,com.android.exchange.service.EasService,com.google.android.gm.exchange,10157,2752,54256,[STARTED],false,true,1,1,33930535,
1428367306678,com.google.android.music.dial.DialMediaRouteProviderService,com.google.android.music:main,10058,0,21711939,[],false,true,0,0,10495967,
1428367306678,ch.unige.css.services.PingService,ch.unige.ping,10074,1449,66449960,[STARTED],false,true,0,0,34531086,
1428367306678,com.android.systemui.keyguard.KeyguardService,com.android.systemui,10012,906,42358,[PERSISTENT],false,false,1,1,42367,
1428367306678,com.google.android.gms.droidguard.DroidGuardService,com.google.android.gms.unstable,10007,9162,53738077,[],false,true,1,1,33607138,
1428367306678,ch.unige.css.services.main.CssRegistryService,ch.unige.ping:background,10074,13902,17964876,[STARTED],false,true,0,0,6748905,
1428367306678,com.whatsapp.messaging.MessageService,com.whatsapp,10159,7286,68313,[STARTED],false,true,1,1,33311703,
1428367306678,ccc71.at.services.at_service,ccc71.bmw.pro:services,10110,4012,69150,[STARTED],false,true,0,0,69159,
1428367366675,com.android.bluetooth.hid.HidService,com.android.bluetooth,1002,0,41148,[],false,true,2,2,41157,
1428367366675,com.google.android.gms.ads.identifier.service.AdvertisingIdService,com.google.android.gms,10007,17855,66314037,[],false,true,1,1,34527342,
1428367366675,com.android.exchange.service.EasService,com.google.android.gm.exchange,10157,2752,54256,[STARTED],false,true,1,1,33930535,
1428367366675,com.google.android.music.dial.DialMediaRouteProviderService,com.google.android.music:main,10058,0,21711939,[],false,true,0,0,10495967,
1428367366675,ch.unige.css.services.PingService,ch.unige.ping,10074,1449,66509979,[STARTED],false,true,0,0,34532834,
1428367366675,com.android.systemui.keyguard.KeyguardService,com.android.systemui,10012,906,42358,[PERSISTENT],false,false,1,1,42367,
1428367366675,com.google.android.gms.droidguard.DroidGuardService,com.google.android.gms.unstable,10007,9162,53738077,[],false,true,1,1,33607138,
1428367366675,ch.unige.css.services.main.CssRegistryService,ch.unige.ping:background,10074,13902,17964876,[STARTED],false,true,0,0,6748905,
1428367366675,com.whatsapp.messaging.MessageService,com.whatsapp,10159,7286,68313,[STARTED],false,true,1,1,33311703,
1428367366675,ccc71.at.services.at_service,ccc71.bmw.pro:services,10110,4012,69150,[STARTED],false,true,0,0,69159,
1428367426706,com.android.bluetooth.hid.HidService,com.android.bluetooth,1002,0,41148,[],false,true,2,2,41157,
1428367426706,com.google.android.gms.ads.identifier.service.AdvertisingIdService,com.google.android.gms,10007,17855,66314037,[],false,true,1,1,34527342,
1428367426706,com.android.exchange.service.EasService,com.google.android.gm.exchange,10157,2752,54256,[STARTED],false,true,1,1,33930535,
1428367426706,com.google.android.music.dial.DialMediaRouteProviderService,com.google.android.music:main,10058,0,21711939,[],false,true,0,0,10495967,
1428367426706,ch.unige.css.services.PingService,ch.unige.ping,10074,1449,66569992,[STARTED],false,true,0,0,34534697,
1428367426706,com.android.systemui.keyguard.KeyguardService,com.android.systemui,10012,906,42358,[PERSISTENT],false,false,1,1,42367,
1428367426706,com.google.android.gms.droidguard.DroidGuardService,com.google.android.gms.unstable,10007,9162,53738077,[],false,true,1,1,33607138,
1428367426706,ch.unige.css.services.main.CssRegistryService,ch.unige.ping:background,10074,13902,17964876,[STARTED],false,true,0,0,6748905,
1428367426706,com.whatsapp.messaging.MessageService,com.whatsapp,10159,7286,68313,[STARTED],false,true,1,1,33311703,
1428367426706,ccc71.at.services.at_service,ccc71.bmw.pro:services,10110,4012,69150,[STARTED],false,true,0,0,69159,
1428367486659,com.android.bluetooth.hid.HidService,com.android.bluetooth,1002,0,41148,[],false,true,2,2,41157,
1428367486659,com.google.android.gms.ads.identifier.service.AdvertisingIdService,com.google.android.gms,10007,17855,66314037,[],false,true,1,1,34527342,
1428367486659,com.android.exchange.service.EasService,com.google.android.gm.exchange,10157,2752,54256,[STARTED],false,true,1,1,33930535,
1428367486659,com.google.android.music.dial.DialMediaRouteProviderService,com.google.android.music:main,10058,0,21711939,[],false,true,0,0,10495967,
1428367486659,ch.unige.css.services.PingService,ch.unige.ping,10074,1449,66630008,[STARTED],false,true,0,0,34536358,
1428367486659,com.android.systemui.keyguard.KeyguardService,com.android.systemui,10012,906,42358,[PERSISTENT],false,false,1,1,42367,
1428367486659,com.google.android.gms.droidguard.DroidGuardService,com.google.android.gms.unstable,10007,9162,53738077,[],false,true,1,1,33607138,
1428367486659,ch.unige.css.services.main.CssRegistryService,ch.unige.ping:background,10074,13902,17964876,[STARTED],false,true,0,0,6748905,
1428367486659,com.whatsapp.messaging.MessageService,com.whatsapp,10159,7286,68313,[STARTED],false,true,1,1,33311703,
1428367486659,ccc71.at.services.at_service,ccc71.bmw.pro:services,10110,4012,69150,[STARTED],false,true,0,0,69159,
1428367546737,com.android.bluetooth.hid.HidService,com.android.bluetooth,1002,0,41148,[],false,true,2,2,41157,
1428367546737,com.google.android.gms.ads.identifier.service.AdvertisingIdService,com.google.android.gms,10007,17855,66314037,[],false,true,1,1,34527342,
1428367546737,com.android.exchange.service.EasService,com.google.android.gm.exchange,10157,2752,54256,[STARTED],false,true,1,1,33930535,
1428367546737,com.google.android.music.dial.DialMediaRouteProviderService,com.google.android.music:main,10058,0,21711939,[],false,true,0,0,10495967,
1428367546737,ch.unige.css.services.PingService,ch.unige.ping,10074,1449,66690053,[STARTED],false,true,0,0,34538667,
1428367546737,com.android.systemui.keyguard.KeyguardService,com.android.systemui,10012,906,42358,[PERSISTENT],false,false,1,1,42367,
1428367546737,com.google.android.gms.droidguard.DroidGuardService,com.google.android.gms.unstable,10007,9162,53738077,[],false,true,1,1,33607138,
1428367546737,ch.unige.css.services.main.CssRegistryService,ch.unige.ping:background,10074,13902,17964876,[STARTED],false,true,0,0,6748905,
1428367546737,com.whatsapp.messaging.MessageService,com.whatsapp,10159,7286,68313,[STARTED],false,true,1,1,33311703,
1428367546737,ccc71.at.services.at_service,ccc71.bmw.pro:services,10110,4012,69150,[STARTED],false,true,0,0,69159,
1428367606801,com.android.bluetooth.hid.HidService,com.android.bluetooth,1002,0,41148,[],false,true,2,2,41157,
1428367606801,com.google.android.gms.ads.identifier.service.AdvertisingIdService,com.google.android.gms,10007,17855,66314037,[],false,true,1,1,34527342,
1428367606801,com.android.exchange.service.EasService,com.google.android.gm.exchange,10157,2752,54256,[STARTED],false,true,1,1,33930535,
1428367606801,com.google.android.music.dial.DialMediaRouteProviderService,com.google.android.music:main,10058,0,21711939,[],false,true,0,0,10495967,
1428367606801,ch.unige.css.services.PingService,ch.unige.ping,10074,1449,66750128,[STARTED],false,true,0,0,34540393,
1428367606801,com.android.systemui.keyguard.KeyguardService,com.android.systemui,10012,906,42358,[PERSISTENT],false,false,1,1,42367,
1428367606801,com.google.android.gms.droidguard.DroidGuardService,com.google.android.gms.unstable,10007,9162,53738077,[],false,true,1,1,33607138,
1428367606801,ch.unige.css.services.main.CssRegistryService,ch.unige.ping:background,10074,13902,17964876,[STARTED],false,true,0,0,6748905,
1428367606801,com.whatsapp.messaging.MessageService,com.whatsapp,10159,7286,68313,[STARTED],false,true,1,1,33311703,
1428367606801,ccc71.at.services.at_service,ccc71.bmw.pro:services,10110,4012,69150,[STARTED],false,true,0,0,69159,
1428367667601,com.android.bluetooth.hid.HidService,com.android.bluetooth,1002,0,41148,[],false,true,2,2,41157,
1428367667601,com.google.android.gms.ads.identifier.service.AdvertisingIdService,com.google.android.gms,10007,17855,66314037,[],false,true,1,1,34527342,
1428367667601,com.android.exchange.service.EasService,com.google.android.gm.exchange,10157,2752,54256,[STARTED],false,true,1,1,33930535,
1428367667601,com.google.android.music.dial.DialMediaRouteProviderService,com.google.android.music:main,10058,0,21711939,[],false,true,0,0,10495967,
1428367667601,ch.unige.css.services.PingService,ch.unige.ping,10074,1449,66810925,[STARTED],false,true,0,0,34541958,
1428367667601,com.android.systemui.keyguard.KeyguardService,com.android.systemui,10012,906,42358,[PERSISTENT],false,false,1,1,42367,
1428367667601,com.google.android.gms.droidguard.DroidGuardService,com.google.android.gms.unstable,10007,9162,53738077,[],false,true,1,1,33607138,
1428367667601,ch.unige.css.services.main.CssRegistryService,ch.unige.ping:background,10074,13902,17964876,[STARTED],false,true,0,0,6748905,
1428367667601,com.whatsapp.messaging.MessageService,com.whatsapp,10159,7286,68313,[STARTED],false,true,1,1,33311703,
1428367667601,ccc71.at.services.at_service,ccc71.bmw.pro:services,10110,4012,69150,[STARTED],false,true,0,0,69159,
1428367727627,com.android.bluetooth.hid.HidService,com.android.bluetooth,1002,0,41148,[],false,true,2,2,41157,
1428367727627,com.google.android.gms.ads.identifier.service.AdvertisingIdService,com.google.android.gms,10007,17855,66314037,[],false,true,1,1,34527342,
1428367727627,com.android.exchange.service.EasService,com.google.android.gm.exchange,10157,2752,54256,[STARTED],false,true,1,1,33930535,
1428367727627,com.google.android.music.dial.DialMediaRouteProviderService,com.google.android.music:main,10058,0,21711939,[],false,true,0,0,10495967,
1428367727627,ch.unige.css.services.PingService,ch.unige.ping,10074,1449,66870936,[STARTED],false,true,0,0,34543071,
1428367727627,com.android.systemui.keyguard.KeyguardService,com.android.systemui,10012,906,42358,[PERSISTENT],false,false,1,1,42367,
1428367727627,com.google.android.gms.droidguard.DroidGuardService,com.google.android.gms.unstable,10007,9162,53738077,[],false,true,1,1,33607138,
1428367727627,ch.unige.css.services.main.CssRegistryService,ch.unige.ping:background,10074,13902,17964876,[STARTED],false,true,0,0,6748905,
1428367727627,com.whatsapp.messaging.MessageService,com.whatsapp,10159,7286,68313,[STARTED],false,true,1,1,33311703,
1428367727627,ccc71.at.services.at_service,ccc71.bmw.pro:services,10110,4012,69150,[STARTED],false,true,0,0,69159,
1428367787786,com.android.bluetooth.hid.HidService,com.android.bluetooth,1002,0,41148,[],false,true,2,2,41157,
1428367787786,com.google.android.gms.ads.identifier.service.AdvertisingIdService,com.google.android.gms,10007,17855,66314037,[],false,true,1,1,34527342,
1428367787786,com.android.exchange.service.EasService,com.google.android.gm.exchange,10157,2752,54256,[STARTED],false,true,1,1,33930535,
1428367787786,com.google.android.music.dial.DialMediaRouteProviderService,com.google.android.music:main,10058,0,21711939,[],false,true,0,0,10495967,
1428367787786,ch.unige.css.services.PingService,ch.unige.ping,10074,1449,66931044,[STARTED],false,true,0,0,34554954,
1428367787786,com.android.systemui.keyguard.KeyguardService,com.android.systemui,10012,906,42358,[PERSISTENT],false,false,1,1,42367,
1428367787786,com.google.android.gms.droidguard.DroidGuardService,com.google.android.gms.unstable,10007,9162,53738077,[],false,true,1,1,33607138,
1428367787786,ch.unige.css.services.main.CssRegistryService,ch.unige.ping:background,10074,13902,17964876,[STARTED],false,true,0,0,6748905,
1428367787786,com.whatsapp.messaging.MessageService,com.whatsapp,10159,7286,68313,[STARTED],false,true,1,1,33311703,
1428367787786,ccc71.at.services.at_service,ccc71.bmw.pro:services,10110,4012,69150,[STARTED],false,true,0,0,69159,
1428367847900,com.android.bluetooth.hid.HidService,com.android.bluetooth,1002,0,41148,[],false,true,2,2,41157,
1428367847900,com.google.android.gms.ads.identifier.service.AdvertisingIdService,com.google.android.gms,10007,17855,66314037,[],false,true,1,1,34527342,
1428367847900,com.android.exchange.service.EasService,com.google.android.gm.exchange,10157,2752,54256,[STARTED],false,true,1,1,33930535,
1428367847900,com.google.android.music.dial.DialMediaRouteProviderService,com.google.android.music:main,10058,0,21711939,[],false,true,0,0,10495967,
1428367847900,ch.unige.css.services.PingService,ch.unige.ping,10074,1449,66991221,[STARTED],false,true,0,0,34557162,
1428367847900,com.android.systemui.keyguard.KeyguardService,com.android.systemui,10012,906,42358,[PERSISTENT],false,false,1,1,42367,
1428367847900,com.google.android.gms.droidguard.DroidGuardService,com.google.android.gms.unstable,10007,9162,53738077,[],false,true,1,1,33607138,
1428367847900,ch.unige.css.services.main.CssRegistryService,ch.unige.ping:background,10074,13902,17964876,[STARTED],false,true,0,0,6748905,
1428367847900,com.whatsapp.messaging.MessageService,com.whatsapp,10159,7286,68313,[STARTED],false,true,1,1,33311703,
1428367847900,ccc71.at.services.at_service,ccc71.bmw.pro:services,10110,4012,69150,[STARTED],false,true,0,0,69159,
1428367907989,com.android.bluetooth.hid.HidService,com.android.bluetooth,1002,0,41148,[],false,true,2,2,41157,
1428367907989,com.android.exchange.service.EasService,com.google.android.gm.exchange,10157,2752,54256,[STARTED],false,true,1,1,33930535,
1428367907989,com.google.android.music.dial.DialMediaRouteProviderService,com.google.android.music:main,10058,0,21711939,[],false,true,0,0,10495967,
1428367907989,ch.unige.css.services.PingService,ch.unige.ping,10074,1449,67051303,[STARTED],false,true,0,0,34559268,
1428367907989,com.android.systemui.keyguard.KeyguardService,com.android.systemui,10012,906,42358,[PERSISTENT],false,false,1,1,42367,
1428367907989,com.google.android.gms.droidguard.DroidGuardService,com.google.android.gms.unstable,10007,9162,53738077,[],false,true,1,1,33607138,
1428367907989,ch.unige.css.services.main.CssRegistryService,ch.unige.ping:background,10074,13902,17964876,[STARTED],false,true,0,0,6748905,
1428367907989,com.whatsapp.messaging.MessageService,com.whatsapp,10159,7286,68313,[STARTED],false,true,1,1,33311703,
1428367907989,ccc71.at.services.at_service,ccc71.bmw.pro:services,10110,4012,69150,[STARTED],false,true,0,0,69159,
1428367907989,com.google.android.location.geocode.GeocodeService,com.google.process.location,10007,17755,50924882,[],false,true,1,1,31915807,
1428368375637,com.android.bluetooth.hid.HidService,com.android.bluetooth,1002,0,41148,[],false,true,2,2,41157,
1428368375637,com.android.exchange.service.EasService,com.google.android.gm.exchange,10157,2752,54256,[STARTED],false,true,1,1,33930535,
1428368375637,com.google.android.music.dial.DialMediaRouteProviderService,com.google.android.music:main,10058,0,21711939,[],false,true,0,0,10495967,
1428368375637,ch.unige.css.services.PingService,ch.unige.ping,10074,1449,67518932,[STARTED],false,true,0,0,34561868,
1428368375637,com.android.systemui.keyguard.KeyguardService,com.android.systemui,10012,906,42358,[PERSISTENT],false,false,1,1,42367,
1428368375637,com.google.android.gms.droidguard.DroidGuardService,com.google.android.gms.unstable,10007,9162,53738077,[],false,true,1,1,33607138,
1428368375637,ch.unige.css.services.main.CssRegistryService,ch.unige.ping:background,10074,13902,17964876,[STARTED],false,true,0,0,6748905,
1428368375637,com.whatsapp.messaging.MessageService,com.whatsapp,10159,7286,68313,[STARTED],false,true,1,1,33311703,
1428368375637,ccc71.at.services.at_service,ccc71.bmw.pro:services,10110,4012,69150,[STARTED],false,true,0,0,69159,
1428368375637,com.google.android.location.geocode.GeocodeService,com.google.process.location,10007,17755,50924882,[],false,true,1,1,31915807,
1428368435663,com.android.bluetooth.hid.HidService,com.android.bluetooth,1002,0,41148,[],false,true,2,2,41157,
1428368435663,com.android.exchange.service.EasService,com.google.android.gm.exchange,10157,2752,54256,[STARTED],false,true,1,1,33930535,
1428368435663,com.google.android.music.dial.DialMediaRouteProviderService,com.google.android.music:main,10058,0,21711939,[],false,true,0,0,10495967,
1428368435663,ch.unige.css.services.PingService,ch.unige.ping,10074,1449,67578983,[STARTED],false,true,0,0,34572607,
1428368435663,com.android.systemui.keyguard.KeyguardService,com.android.systemui,10012,906,42358,[PERSISTENT],false,false,1,1,42367,
1428368435663,com.google.android.gms.droidguard.DroidGuardService,com.google.android.gms.unstable,10007,9162,53738077,[],false,true,1,1,33607138,
1428368435663,ch.unige.css.services.main.CssRegistryService,ch.unige.ping:background,10074,13902,17964876,[STARTED],false,true,0,0,6748905,
1428368435663,com.whatsapp.messaging.MessageService,com.whatsapp,10159,7286,68313,[STARTED],false,true,1,1,33311703,
1428368435663,ccc71.at.services.at_service,ccc71.bmw.pro:services,10110,4012,69150,[STARTED],false,true,0,0,69159,
1428368435663,com.google.android.location.geocode.GeocodeService,com.google.process.location,10007,17755,50924882,[],false,true,1,1,31915807,
1428368495692,com.android.bluetooth.hid.HidService,com.android.bluetooth,1002,0,41148,[],false,true,2,2,41157,
1428368495692,com.google.android.gms.fitness.service.history.FitHistoryBroker,com.google.process.location,10007,17755,67579121,[],false,true,1,1,34572745,
1428368495692,com.android.exchange.service.EasService,com.google.android.gm.exchange,10157,2752,54256,[STARTED],false,true,1,1,33930535,
1428368495692,com.google.android.music.dial.DialMediaRouteProviderService,com.google.android.music:main,10058,0,21711939,[],false,true,0,0,10495967,
1428368495692,ch.unige.css.services.PingService,ch.unige.ping,10074,1449,67638996,[STARTED],false,true,0,0,34577469,
1428368495692,com.google.android.gms.fitness.service.config.FitConfigBroker,com.google.process.location,10007,17755,67579124,[],false,true,1,1,34572749,
1428368495692,com.android.systemui.keyguard.KeyguardService,com.android.systemui,10012,906,42358,[PERSISTENT],false,false,1,1,42367,
1428368495692,com.google.android.gms.droidguard.DroidGuardService,com.google.android.gms.unstable,10007,9162,53738077,[],false,true,1,1,33607138,
1428368495692,ch.unige.css.services.main.CssRegistryService,ch.unige.ping:background,10074,13902,17964876,[STARTED],false,true,0,0,6748905,
1428368495692,com.whatsapp.messaging.MessageService,com.whatsapp,10159,7286,68313,[STARTED],false,true,1,1,33311703,
1428368555919,com.android.bluetooth.hid.HidService,com.android.bluetooth,1002,0,41148,[],false,true,2,2,41157,
1428368555919,com.android.exchange.service.EasService,com.google.android.gm.exchange,10157,2752,54256,[STARTED],false,true,1,1,33930535,
1428368555919,com.google.android.music.dial.DialMediaRouteProviderService,com.google.android.music:main,10058,0,21711939,[],false,true,0,0,10495967,
1428368555919,ch.unige.css.services.PingService,ch.unige.ping,10074,1449,67699251,[STARTED],false,true,0,0,34579176,
1428368555919,com.android.systemui.keyguard.KeyguardService,com.android.systemui,10012,906,42358,[PERSISTENT],false,false,1,1,42367,
1428368555919,com.google.android.gms.droidguard.DroidGuardService,com.google.android.gms.unstable,10007,9162,53738077,[],false,true,1,1,33607138,
1428368555919,ch.unige.css.services.main.CssRegistryService,ch.unige.ping:background,10074,13902,17964876,[STARTED],false,true,0,0,6748905,
1428368555919,com.whatsapp.messaging.MessageService,com.whatsapp,10159,7286,68313,[STARTED],false,true,1,1,33311703,
1428368555919,ccc71.at.services.at_service,ccc71.bmw.pro:services,10110,4012,69150,[STARTED],false,true,0,0,69159,
1428368555919,com.google.android.location.geocode.GeocodeService,com.google.process.location,10007,17755,50924882,[],false,true,1,1,31915807,
1428368616600,com.android.bluetooth.hid.HidService,com.android.bluetooth,1002,0,41148,[],false,true,2,2,41157,
1428368616600,com.android.exchange.service.EasService,com.google.android.gm.exchange,10157,2752,54256,[STARTED],false,true,1,1,33930535,
1428368616600,com.google.android.music.dial.DialMediaRouteProviderService,com.google.android.music:main,10058,0,21711939,[],false,true,0,0,10495967,
1428368616600,ch.unige.css.services.PingService,ch.unige.ping,10074,1449,67759926,[STARTED],false,true,0,0,34580745,
1428368616600,com.android.systemui.keyguard.KeyguardService,com.android.systemui,10012,906,42358,[PERSISTENT],false,false,1,1,42367,
1428368616600,com.google.android.gms.droidguard.DroidGuardService,com.google.android.gms.unstable,10007,9162,53738077,[],false,true,1,1,33607138,
1428368616600,ch.unige.css.services.main.CssRegistryService,ch.unige.ping:background,10074,13902,17964876,[STARTED],false,true,0,0,6748905,
1428368616600,com.whatsapp.messaging.MessageService,com.whatsapp,10159,7286,68313,[STARTED],false,true,1,1,33311703,
1428368616600,ccc71.at.services.at_service,ccc71.bmw.pro:services,10110,4012,69150,[STARTED],false,true,0,0,69159,
1428368616600,com.google.android.location.geocode.GeocodeService,com.google.process.location,10007,17755,50924882,[],false,true,1,1,31915807,
1428368676618,com.android.bluetooth.hid.HidService,com.android.bluetooth,1002,0,41148,[],false,true,2,2,41157,
1428368676618,com.android.exchange.service.EasService,com.google.android.gm.exchange,10157,2752,54256,[STARTED],false,true,1,1,33930535,
1428368676618,com.google.android.music.dial.DialMediaRouteProviderService,com.google.android.music:main,10058,0,21711939,[],false,true,0,0,10495967,
1428368676618,ch.unige.css.services.PingService,ch.unige.ping,10074,1449,67819940,[STARTED],false,true,0,0,34582341,
1428368676618,com.android.systemui.keyguard.KeyguardService,com.android.systemui,10012,906,42358,[PERSISTENT],false,false,1,1,42367,
1428368676618,com.google.android.gms.droidguard.DroidGuardService,com.google.android.gms.unstable,10007,9162,53738077,[],false,true,1,1,33607138,
1428368676618,ch.unige.css.services.main.CssRegistryService,ch.unige.ping:background,10074,13902,17964876,[STARTED],false,true,0,0,6748905,
1428368676618,com.whatsapp.messaging.MessageService,com.whatsapp,10159,7286,68313,[STARTED],false,true,1,1,33311703,
1428368676618,ccc71.at.services.at_service,ccc71.bmw.pro:services,10110,4012,69150,[STARTED],false,true,0,0,69159,
1428368676618,com.google.android.location.geocode.GeocodeService,com.google.process.location,10007,17755,50924882,[],false,true,1,1,31915807,
1428368736646,com.android.bluetooth.hid.HidService,com.android.bluetooth,1002,0,41148,[],false,true,2,2,41157,
1428368736646,com.android.exchange.service.EasService,com.google.android.gm.exchange,10157,2752,54256,[STARTED],false,true,1,1,33930535,
1428368736646,com.google.android.music.dial.DialMediaRouteProviderService,com.google.android.music:main,10058,0,21711939,[],false,true,0,0,10495967,
1428368736646,ch.unige.css.services.PingService,ch.unige.ping,10074,1449,67879959,[STARTED],false,true,0,0,34583840,
1428368736646,com.android.systemui.keyguard.KeyguardService,com.android.systemui,10012,906,42358,[PERSISTENT],false,false,1,1,42367,
1428368736646,com.google.android.gms.droidguard.DroidGuardService,com.google.android.gms.unstable,10007,9162,53738077,[],false,true,1,1,33607138,
1428368736646,ch.unige.css.services.main.CssRegistryService,ch.unige.ping:background,10074,13902,17964876,[STARTED],false,true,0,0,6748905,
1428368736646,com.whatsapp.messaging.MessageService,com.whatsapp,10159,7286,68313,[STARTED],false,true,1,1,33311703,
1428368736646,ccc71.at.services.at_service,ccc71.bmw.pro:services,10110,4012,69150,[STARTED],false,true,0,0,69159,
1428368736646,com.google.android.location.geocode.GeocodeService,com.google.process.location,10007,17755,50924882,[],false,true,1,1,31915807,
1428368796720,com.android.bluetooth.hid.HidService,com.android.bluetooth,1002,0,41148,[],false,true,2,2,41157,
1428368796720,com.android.exchange.service.EasService,com.google.android.gm.exchange,10157,2752,54256,[STARTED],false,true,1,1,33930535,
1428368796720,com.google.android.music.dial.DialMediaRouteProviderService,com.google.android.music:main,10058,0,21711939,[],false,true,0,0,10495967,
1428368796720,ch.unige.css.services.PingService,ch.unige.ping,10074,1449,67939999,[STARTED],false,true,0,0,34585834,
1428368796720,com.android.systemui.keyguard.KeyguardService,com.android.systemui,10012,906,42358,[PERSISTENT],false,false,1,1,42367,
1428368796720,com.google.android.gms.droidguard.DroidGuardService,com.google.android.gms.unstable,10007,9162,53738077,[],false,true,1,1,33607138,
1428368796720,ch.unige.css.services.main.CssRegistryService,ch.unige.ping:background,10074,13902,17964876,[STARTED],false,true,0,0,6748905,
1428368796720,com.whatsapp.messaging.MessageService,com.whatsapp,10159,7286,68313,[STARTED],false,true,1,1,33311703,
1428368796720,ccc71.at.services.at_service,ccc71.bmw.pro:services,10110,4012,69150,[STARTED],false,true,0,0,69159,
1428368796720,com.google.android.location.geocode.GeocodeService,com.google.process.location,10007,17755,50924882,[],false,true,1,1,31915807,
1428368856724,com.android.bluetooth.hid.HidService,com.android.bluetooth,1002,0,41148,[],false,true,2,2,41157,
1428368856724,com.android.exchange.service.EasService,com.google.android.gm.exchange,10157,2752,54256,[STARTED],false,true,1,1,33930535,
1428368856724,com.google.android.music.dial.DialMediaRouteProviderService,com.google.android.music:main,10058,0,21711939,[],false,true,0,0,10495967,
1428368856724,ch.unige.css.services.PingService,ch.unige.ping,10074,1449,68000043,[STARTED],false,true,0,0,34587228,
1428368856724,com.android.systemui.keyguard.KeyguardService,com.android.systemui,10012,906,42358,[PERSISTENT],false,false,1,1,42367,
1428368856724,com.google.android.gms.droidguard.DroidGuardService,com.google.android.gms.unstable,10007,9162,53738077,[],false,true,1,1,33607138,
1428368856724,ch.unige.css.services.main.CssRegistryService,ch.unige.ping:background,10074,13902,17964876,[STARTED],false,true,0,0,6748905,
1428368856724,com.whatsapp.messaging.MessageService,com.whatsapp,10159,7286,68313,[STARTED],false,true,1,1,33311703,
1428368856724,ccc71.at.services.at_service,ccc71.bmw.pro:services,10110,4012,69150,[STARTED],false,true,0,0,69159,
1428368856724,com.google.android.location.geocode.GeocodeService,com.google.process.location,10007,17755,50924882,[],false,true,1,1,31915807,
1428368916789,com.android.bluetooth.hid.HidService,com.android.bluetooth,1002,0,41148,[],false,true,2,2,41157,
1428368916789,com.android.exchange.service.EasService,com.google.android.gm.exchange,10157,2752,54256,[STARTED],false,true,1,1,33930535,
1428368916789,com.google.android.music.dial.DialMediaRouteProviderService,com.google.android.music:main,10058,0,21711939,[],false,true,0,0,10495967,
1428368916789,ch.unige.css.services.PingService,ch.unige.ping,10074,1449,68060120,[STARTED],false,true,0,0,34589090,
1428368916789,com.android.systemui.keyguard.KeyguardService,com.android.systemui,10012,906,42358,[PERSISTENT],false,false,1,1,42367,
1428368916789,com.google.android.gms.droidguard.DroidGuardService,com.google.android.gms.unstable,10007,9162,53738077,[],false,true,1,1,33607138,
1428368916789,ch.unige.css.services.main.CssRegistryService,ch.unige.ping:background,10074,13902,17964876,[STARTED],false,true,0,0,6748905,
1428368916789,com.whatsapp.messaging.MessageService,com.whatsapp,10159,7286,68313,[STARTED],false,true,1,1,33311703,
1428368916789,ccc71.at.services.at_service,ccc71.bmw.pro:services,10110,4012,69150,[STARTED],false,true,0,0,69159,
1428368916789,com.google.android.location.geocode.GeocodeService,com.google.process.location,10007,17755,50924882,[],false,true,1,1,31915807,
1428368976863,com.android.bluetooth.hid.HidService,com.android.bluetooth,1002,0,41148,[],false,true,2,2,41157,
1428368976863,com.android.exchange.service.EasService,com.google.android.gm.exchange,10157,2752,54256,[STARTED],false,true,1,1,33930535,
1428368976863,com.google.android.music.dial.DialMediaRouteProviderService,com.google.android.music:main,10058,0,21711939,[],false,true,0,0,10495967,
1428368976863,ch.unige.css.services.PingService,ch.unige.ping,10074,1449,68120184,[STARTED],false,true,0,0,34590899,
1428368976863,com.android.systemui.keyguard.KeyguardService,com.android.systemui,10012,906,42358,[PERSISTENT],false,false,1,1,42367,
1428368976863,com.google.android.gms.droidguard.DroidGuardService,com.google.android.gms.unstable,10007,9162,53738077,[],false,true,1,1,33607138,
1428368976863,ch.unige.css.services.main.CssRegistryService,ch.unige.ping:background,10074,13902,17964876,[STARTED],false,true,0,0,6748905,
1428368976863,com.whatsapp.messaging.MessageService,com.whatsapp,10159,7286,68313,[STARTED],false,true,1,1,33311703,
1428368976863,ccc71.at.services.at_service,ccc71.bmw.pro:services,10110,4012,69150,[STARTED],false,true,0,0,69159,
1428368976863,com.google.android.location.geocode.GeocodeService,com.google.process.location,10007,17755,50924882,[],false,true,1,1,31915807,
1428369037601,com.android.bluetooth.hid.HidService,com.android.bluetooth,1002,0,41148,[],false,true,2,2,41157,
1428369037601,com.android.exchange.service.EasService,com.google.android.gm.exchange,10157,2752,54256,[STARTED],false,true,1,1,33930535,
1428369037601,com.google.android.music.dial.DialMediaRouteProviderService,com.google.android.music:main,10058,0,21711939,[],false,true,0,0,10495967,
1428369037601,ch.unige.css.services.PingService,ch.unige.ping,10074,1449,68180927,[STARTED],false,true,0,0,34599810,
1428369037601,com.android.systemui.keyguard.KeyguardService,com.android.systemui,10012,906,42358,[PERSISTENT],false,false,1,1,42367,
1428369037601,com.google.android.gms.droidguard.DroidGuardService,com.google.android.gms.unstable,10007,9162,53738077,[],false,true,1,1,33607138,
1428369037601,ch.unige.css.services.main.CssRegistryService,ch.unige.ping:background,10074,13902,17964876,[STARTED],false,true,0,0,6748905,
1428369037601,com.whatsapp.messaging.MessageService,com.whatsapp,10159,7286,68313,[STARTED],false,true,1,1,33311703,
1428369037601,ccc71.at.services.at_service,ccc71.bmw.pro:services,10110,4012,69150,[STARTED],false,true,0,0,69159,
1428369037601,com.google.android.location.geocode.GeocodeService,com.google.process.location,10007,17755,50924882,[],false,true,1,1,31915807,
1428369097609,com.android.bluetooth.hid.HidService,com.android.bluetooth,1002,0,41148,[],false,true,2,2,41157,
1428369097609,com.android.exchange.service.EasService,com.google.android.gm.exchange,10157,2752,54256,[STARTED],false,true,1,1,33930535,
1428369097609,com.google.android.music.dial.DialMediaRouteProviderService,com.google.android.music:main,10058,0,21711939,[],false,true,0,0,10495967,
1428369097609,ch.unige.css.services.PingService,ch.unige.ping,10074,1449,68240942,[STARTED],false,true,0,0,34601129,
1428369097609,com.android.systemui.keyguard.KeyguardService,com.android.systemui,10012,906,42358,[PERSISTENT],false,false,1,1,42367,
1428369097609,com.google.android.gms.droidguard.DroidGuardService,com.google.android.gms.unstable,10007,9162,53738077,[],false,true,1,1,33607138,
1428369097609,ch.unige.css.services.main.CssRegistryService,ch.unige.ping:background,10074,13902,17964876,[STARTED],false,true,0,0,6748905,
1428369097609,com.whatsapp.messaging.MessageService,com.whatsapp,10159,7286,68313,[STARTED],false,true,1,1,33311703,
1428369097609,ccc71.at.services.at_service,ccc71.bmw.pro:services,10110,4012,69150,[STARTED],false,true,0,0,69159,
1428369097609,com.google.android.location.geocode.GeocodeService,com.google.process.location,10007,17755,50924882,[],false,true,1,1,31915807,
1428369157690,com.android.bluetooth.hid.HidService,com.android.bluetooth,1002,0,41148,[],false,true,2,2,41157,
1428369157690,com.android.exchange.service.EasService,com.google.android.gm.exchange,10157,2752,54256,[STARTED],false,true,1,1,33930535,
1428369157690,com.google.android.music.dial.DialMediaRouteProviderService,com.google.android.music:main,10058,0,21711939,[],false,true,0,0,10495967,
1428369157690,ch.unige.css.services.PingService,ch.unige.ping,10074,1449,68301011,[STARTED],false,true,0,0,34604385,
1428369157690,com.android.systemui.keyguard.KeyguardService,com.android.systemui,10012,906,42358,[PERSISTENT],false,false,1,1,42367,
1428369157690,com.google.android.gms.droidguard.DroidGuardService,com.google.android.gms.unstable,10007,9162,53738077,[],false,true,1,1,33607138,
1428369157690,ch.unige.css.services.main.CssRegistryService,ch.unige.ping:background,10074,13902,17964876,[STARTED],false,true,0,0,6748905,
1428369157690,com.whatsapp.messaging.MessageService,com.whatsapp,10159,7286,68313,[STARTED],false,true,1,1,33311703,
1428369157690,ccc71.at.services.at_service,ccc71.bmw.pro:services,10110,4012,69150,[STARTED],false,true,0,0,69159,
1428369157690,com.google.android.location.geocode.GeocodeService,com.google.process.location,10007,17755,50924882,[],false,true,1,1,31915807,
1428369217767,com.android.bluetooth.hid.HidService,com.android.bluetooth,1002,0,41148,[],false,true,2,2,41157,
1428369217767,com.android.exchange.service.EasService,com.google.android.gm.exchange,10157,2752,54256,[STARTED],false,true,1,1,33930535,
1428369217767,com.google.android.music.dial.DialMediaRouteProviderService,com.google.android.music:main,10058,0,21711939,[],false,true,0,0,10495967,
1428369217767,ch.unige.css.services.PingService,ch.unige.ping,10074,1449,68361076,[STARTED],false,true,0,0,34605997,
1428369217767,com.android.systemui.keyguard.KeyguardService,com.android.systemui,10012,906,42358,[PERSISTENT],false,false,1,1,42367,
1428369217767,com.google.android.gms.droidguard.DroidGuardService,com.google.android.gms.unstable,10007,9162,53738077,[],false,true,1,1,33607138,
1428369217767,ch.unige.css.services.main.CssRegistryService,ch.unige.ping:background,10074,13902,17964876,[STARTED],false,true,0,0,6748905,
1428369217767,com.whatsapp.messaging.MessageService,com.whatsapp,10159,7286,68313,[STARTED],false,true,1,1,33311703,
1428369217767,ccc71.at.services.at_service,ccc71.bmw.pro:services,10110,4012,69150,[STARTED],false,true,0,0,69159,
1428369217767,com.google.android.location.geocode.GeocodeService,com.google.process.location,10007,17755,50924882,[],false,true,1,1,31915807,
1428369277781,com.android.bluetooth.hid.HidService,com.android.bluetooth,1002,0,41148,[],false,true,2,2,41157,
1428369277781,com.android.exchange.service.EasService,com.google.android.gm.exchange,10157,2752,54256,[STARTED],false,true,1,1,33930535,
1428369277781,com.google.android.music.dial.DialMediaRouteProviderService,com.google.android.music:main,10058,0,21711939,[],false,true,0,0,10495967,
1428369277781,com.android.systemui.keyguard.KeyguardService,com.android.systemui,10012,906,42358,[PERSISTENT],false,false,1,1,42367,
1428369277781,com.google.android.gms.droidguard.DroidGuardService,com.google.android.gms.unstable,10007,9162,53738077,[],false,true,1,1,33607138,
1428369277781,ch.unige.css.services.main.CssRegistryService,ch.unige.ping:background,10074,13902,17964876,[STARTED],false,true,0,0,6748905,
1428369277781,com.whatsapp.messaging.MessageService,com.whatsapp,10159,7286,68313,[STARTED],false,true,1,1,33311703,
1428369277781,ccc71.at.services.at_service,ccc71.bmw.pro:services,10110,4012,69150,[STARTED],false,true,0,0,69159,
1428369277781,com.google.android.location.geocode.GeocodeService,com.google.process.location,10007,17755,50924882,[],false,true,1,1,31915807,
1428369277781,com.google.android.gms.gcm.GcmService,com.google.process.gapps,10007,17792,17965599,[STARTED],false,true,0,0,33902416,
1428369337864,com.android.bluetooth.hid.HidService,com.android.bluetooth,1002,0,41148,[],false,true,2,2,41157,
1428369337864,com.android.exchange.service.EasService,com.google.android.gm.exchange,10157,2752,54256,[STARTED],false,true,1,1,33930535,
1428369337864,com.google.android.music.dial.DialMediaRouteProviderService,com.google.android.music:main,10058,0,21711939,[],false,true,0,0,10495967,
1428369337864,ch.unige.css.services.PingService,ch.unige.ping,10074,1449,68481176,[STARTED],false,true,0,0,34609916,
1428369337864,com.android.systemui.keyguard.KeyguardService,com.android.systemui,10012,906,42358,[PERSISTENT],false,false,1,1,42367,
1428369337864,com.google.android.gms.droidguard.DroidGuardService,com.google.android.gms.unstable,10007,9162,53738077,[],false,true,1,1,33607138,
1428369337864,ch.unige.css.services.main.CssRegistryService,ch.unige.ping:background,10074,13902,17964876,[STARTED],false,true,0,0,6748905,
1428369337864,com.whatsapp.messaging.MessageService,com.whatsapp,10159,7286,68313,[STARTED],false,true,1,1,33311703,
1428369337864,ccc71.at.services.at_service,ccc71.bmw.pro:services,10110,4012,69150,[STARTED],false,true,0,0,69159,
1428369337864,com.google.android.location.geocode.GeocodeService,com.google.process.location,10007,17755,50924882,[],false,true,1,1,31915807,
1428369397918,com.android.bluetooth.hid.HidService,com.android.bluetooth,1002,0,41148,[],false,true,2,2,41157,
1428369397918,com.android.exchange.service.EasService,com.google.android.gm.exchange,10157,2752,54256,[STARTED],false,true,1,1,33930535,
1428369397918,com.google.android.music.dial.DialMediaRouteProviderService,com.google.android.music:main,10058,0,21711939,[],false,true,0,0,10495967,
1428369397918,ch.unige.css.services.PingService,ch.unige.ping,10074,1449,68541243,[STARTED],false,true,0,0,34611778,
1428369397918,com.android.systemui.keyguard.KeyguardService,com.android.systemui,10012,906,42358,[PERSISTENT],false,false,1,1,42367,
1428369397918,com.google.android.gms.droidguard.DroidGuardService,com.google.android.gms.unstable,10007,9162,53738077,[],false,true,1,1,33607138,
1428369397918,ch.unige.css.services.main.CssRegistryService,ch.unige.ping:background,10074,13902,17964876,[STARTED],false,true,0,0,6748905,
1428369397918,com.whatsapp.messaging.MessageService,com.whatsapp,10159,7286,68313,[STARTED],false,true,1,1,33311703,
1428369397918,ccc71.at.services.at_service,ccc71.bmw.pro:services,10110,4012,69150,[STARTED],false,true,0,0,69159,
1428369397918,com.google.android.location.geocode.GeocodeService,com.google.process.location,10007,17755,50924882,[],false,true,1,1,31915807,
1428369458003,com.android.bluetooth.hid.HidService,com.android.bluetooth,1002,0,41148,[],false,true,2,2,41157,
1428369458003,com.android.exchange.service.EasService,com.google.android.gm.exchange,10157,2752,54256,[STARTED],false,true,1,1,33930535,
1428369458003,com.google.android.music.dial.DialMediaRouteProviderService,com.google.android.music:main,10058,0,21711939,[],false,true,0,0,10495967,
1428369458003,ch.unige.css.services.PingService,ch.unige.ping,10074,1449,68601311,[STARTED],false,true,0,0,34616306,
1428369458003,com.android.systemui.keyguard.KeyguardService,com.android.systemui,10012,906,42358,[PERSISTENT],false,false,1,1,42367,
1428369458003,com.google.android.gms.droidguard.DroidGuardService,com.google.android.gms.unstable,10007,9162,53738077,[],false,true,1,1,33607138,
1428369458003,ch.unige.css.services.main.CssRegistryService,ch.unige.ping:background,10074,13902,17964876,[STARTED],false,true,0,0,6748905,
1428369458003,com.whatsapp.messaging.MessageService,com.whatsapp,10159,7286,68313,[STARTED],false,true,1,1,33311703,
1428369458003,ccc71.at.services.at_service,ccc71.bmw.pro:services,10110,4012,69150,[STARTED],false,true,0,0,69159,
1428369458003,com.google.android.location.geocode.GeocodeService,com.google.process.location,10007,17755,50924882,[],false,true,1,1,31915807,
1428369518066,com.android.bluetooth.hid.HidService,com.android.bluetooth,1002,0,41148,[],false,true,2,2,41157,
1428369518066,com.android.exchange.service.EasService,com.google.android.gm.exchange,10157,2752,54256,[STARTED],false,true,1,1,33930535,
1428369518066,com.google.android.music.dial.DialMediaRouteProviderService,com.google.android.music:main,10058,0,21711939,[],false,true,0,0,10495967,
1428369518066,com.android.systemui.keyguard.KeyguardService,com.android.systemui,10012,906,42358,[PERSISTENT],false,false,1,1,42367,
1428369518066,com.google.android.gms.droidguard.DroidGuardService,com.google.android.gms.unstable,10007,9162,53738077,[],false,true,1,1,33607138,
1428369518066,ch.unige.css.services.main.CssRegistryService,ch.unige.ping:background,10074,13902,17964876,[STARTED],false,true,0,0,6748905,
1428369518066,com.whatsapp.messaging.MessageService,com.whatsapp,10159,7286,68313,[STARTED],false,true,1,1,33311703,
1428369518066,ccc71.at.services.at_service,ccc71.bmw.pro:services,10110,4012,69150,[STARTED],false,true,0,0,69159,
1428369518066,com.google.android.location.geocode.GeocodeService,com.google.process.location,10007,17755,50924882,[],false,true,1,1,31915807,
1428369518066,com.google.android.gms.gcm.GcmService,com.google.process.gapps,10007,17792,17965599,[STARTED],false,true,0,0,33902416,
1428369578135,com.android.bluetooth.hid.HidService,com.android.bluetooth,1002,0,41148,[],false,true,2,2,41157,
1428369578135,com.android.exchange.service.EasService,com.google.android.gm.exchange,10157,2752,54256,[STARTED],false,true,1,1,33930535,
1428369578135,com.google.android.music.dial.DialMediaRouteProviderService,com.google.android.music:main,10058,0,21711939,[],false,true,0,0,10495967,
1428369578135,ch.unige.css.services.PingService,ch.unige.ping,10074,1449,68721462,[STARTED],false,true,0,0,34621047,
1428369578135,com.android.systemui.keyguard.KeyguardService,com.android.systemui,10012,906,42358,[PERSISTENT],false,false,1,1,42367,
1428369578135,com.google.android.gms.droidguard.DroidGuardService,com.google.android.gms.unstable,10007,9162,53738077,[],false,true,1,1,33607138,
1428369578135,ch.unige.css.services.main.CssRegistryService,ch.unige.ping:background,10074,13902,17964876,[STARTED],false,true,0,0,6748905,
1428369578135,com.whatsapp.messaging.MessageService,com.whatsapp,10159,7286,68313,[STARTED],false,true,1,1,33311703,
1428369578135,ccc71.at.services.at_service,ccc71.bmw.pro:services,10110,4012,69150,[STARTED],false,true,0,0,69159,
1428369578135,com.google.android.location.geocode.GeocodeService,com.google.process.location,10007,17755,50924882,[],false,true,1,1,31915807,
1428369649987,com.android.bluetooth.hid.HidService,com.android.bluetooth,1002,0,41148,[],false,true,2,2,41157,
1428369649987,com.android.exchange.service.EasService,com.google.android.gm.exchange,10157,2752,54256,[STARTED],false,true,1,1,33930535,
1428369649987,com.google.android.music.dial.DialMediaRouteProviderService,com.google.android.music:main,10058,0,21711939,[],false,true,0,0,10495967,
1428369649987,ch.unige.css.services.PingService,ch.unige.ping,10074,1449,68793310,[STARTED],false,true,0,0,34630761,
1428369649987,com.android.systemui.keyguard.KeyguardService,com.android.systemui,10012,906,42358,[PERSISTENT],false,false,1,1,42367,
1428369649987,com.google.android.gms.droidguard.DroidGuardService,com.google.android.gms.unstable,10007,9162,53738077,[],false,true,1,1,33607138,
1428369649987,ch.unige.css.services.main.CssRegistryService,ch.unige.ping:background,10074,13902,17964876,[STARTED],false,true,0,0,6748905,
1428369649987,com.whatsapp.messaging.MessageService,com.whatsapp,10159,7286,68313,[STARTED],false,true,1,1,33311703,
1428369649987,ccc71.at.services.at_service,ccc71.bmw.pro:services,10110,4012,69150,[STARTED],false,true,0,0,69159,
1428369649987,com.google.android.location.geocode.GeocodeService,com.google.process.location,10007,17755,50924882,[],false,true,1,1,31915807,
1428369710588,com.android.bluetooth.hid.HidService,com.android.bluetooth,1002,0,41148,[],false,true,2,2,41157,
1428369710588,com.google.android.gms.fitness.service.history.FitHistoryBroker,com.google.process.location,10007,17755,68793539,[],false,true,1,1,34630989,
1428369710588,com.android.exchange.service.EasService,com.google.android.gm.exchange,10157,2752,54256,[STARTED],false,true,1,1,33930535,
1428369710588,com.google.android.music.dial.DialMediaRouteProviderService,com.google.android.music:main,10058,0,21711939,[],false,true,0,0,10495967,
1428369710588,ch.unige.css.services.PingService,ch.unige.ping,10074,1449,68853925,[STARTED],false,true,0,0,34632405,
1428369710588,com.google.android.gms.fitness.service.config.FitConfigBroker,com.google.process.location,10007,17755,68793543,[],false,true,1,1,34630993,
1428369710588,com.android.systemui.keyguard.KeyguardService,com.android.systemui,10012,906,42358,[PERSISTENT],false,false,1,1,42367,
1428369710588,com.google.android.gms.droidguard.DroidGuardService,com.google.android.gms.unstable,10007,9162,53738077,[],false,true,1,1,33607138,
1428369710588,ch.unige.css.services.main.CssRegistryService,ch.unige.ping:background,10074,13902,17964876,[STARTED],false,true,0,0,6748905,
1428369710588,com.whatsapp.messaging.MessageService,com.whatsapp,10159,7286,68313,[STARTED],false,true,1,1,33311703,
1428369770601,com.android.bluetooth.hid.HidService,com.android.bluetooth,1002,0,41148,[],false,true,2,2,41157,
1428369770601,com.google.android.gms.fitness.service.history.FitHistoryBroker,com.google.process.location,10007,17755,68793539,[],false,true,1,1,34630989,
1428369770601,com.android.exchange.service.EasService,com.google.android.gm.exchange,10157,2752,54256,[STARTED],false,true,1,1,33930535,
1428369770601,com.google.android.music.dial.DialMediaRouteProviderService,com.google.android.music:main,10058,0,21711939,[],false,true,0,0,10495967,
1428369770601,ch.unige.css.services.PingService,ch.unige.ping,10074,1449,68913935,[STARTED],false,true,0,0,34633560,
1428369770601,com.google.android.gms.fitness.service.config.FitConfigBroker,com.google.process.location,10007,17755,68793543,[],false,true,1,1,34630993,
1428369770601,com.android.systemui.keyguard.KeyguardService,com.android.systemui,10012,906,42358,[PERSISTENT],false,false,1,1,42367,
1428369770601,com.google.android.gms.droidguard.DroidGuardService,com.google.android.gms.unstable,10007,9162,53738077,[],false,true,1,1,33607138,
1428369770601,ch.unige.css.services.main.CssRegistryService,ch.unige.ping:background,10074,13902,17964876,[STARTED],false,true,0,0,6748905,
1428369770601,com.whatsapp.messaging.MessageService,com.whatsapp,10159,7286,68313,[STARTED],false,true,1,1,33311703,
1428369830596,com.android.bluetooth.hid.HidService,com.android.bluetooth,1002,0,41148,[],false,true,2,2,41157,
1428369830596,com.google.android.gms.fitness.service.history.FitHistoryBroker,com.google.process.location,10007,17755,68793539,[],false,true,1,1,34630989,
1428369830596,com.android.exchange.service.EasService,com.google.android.gm.exchange,10157,2752,54256,[STARTED],false,true,1,1,33930535,
1428369830596,com.google.android.music.dial.DialMediaRouteProviderService,com.google.android.music:main,10058,0,21711939,[],false,true,0,0,10495967,
1428369830596,ch.unige.css.services.PingService,ch.unige.ping,10074,1449,68973946,[STARTED],false,true,0,0,34634704,
1428369830596,com.google.android.gms.fitness.service.config.FitConfigBroker,com.google.process.location,10007,17755,68793543,[],false,true,1,1,34630993,
1428369830596,com.android.systemui.keyguard.KeyguardService,com.android.systemui,10012,906,42358,[PERSISTENT],false,false,1,1,42367,
1428369830596,com.google.android.gms.droidguard.DroidGuardService,com.google.android.gms.unstable,10007,9162,53738077,[],false,true,1,1,33607138,
1428369830596,ch.unige.css.services.main.CssRegistryService,ch.unige.ping:background,10074,13902,17964876,[STARTED],false,true,0,0,6748905,
1428369830596,com.whatsapp.messaging.MessageService,com.whatsapp,10159,7286,68313,[STARTED],false,true,1,1,33311703,
1428369890668,com.android.bluetooth.hid.HidService,com.android.bluetooth,1002,0,41148,[],false,true,2,2,41157,
1428369890668,com.google.android.gms.fitness.service.history.FitHistoryBroker,com.google.process.location,10007,17755,68793539,[],false,true,1,1,34630989,
1428369890668,com.android.exchange.service.EasService,com.google.android.gm.exchange,10157,2752,54256,[STARTED],false,true,1,1,33930535,
1428369890668,com.google.android.music.dial.DialMediaRouteProviderService,com.google.android.music:main,10058,0,21711939,[],false,true,0,0,10495967,
1428369890668,ch.unige.css.services.PingService,ch.unige.ping,10074,1449,69033963,[STARTED],false,true,0,0,34635908,
1428369890668,com.google.android.gms.fitness.service.config.FitConfigBroker,com.google.process.location,10007,17755,68793543,[],false,true,1,1,34630993,
1428369890668,com.android.systemui.keyguard.KeyguardService,com.android.systemui,10012,906,42358,[PERSISTENT],false,false,1,1,42367,
1428369890668,com.google.android.gms.droidguard.DroidGuardService,com.google.android.gms.unstable,10007,9162,53738077,[],false,true,1,1,33607138,
1428369890668,ch.unige.css.services.main.CssRegistryService,ch.unige.ping:background,10074,13902,17964876,[STARTED],false,true,0,0,6748905,
1428369890668,com.whatsapp.messaging.MessageService,com.whatsapp,10159,7286,68313,[STARTED],false,true,1,1,33311703,
1428369950787,com.android.bluetooth.hid.HidService,com.android.bluetooth,1002,0,41148,[],false,true,2,2,41157,
1428369950787,com.android.exchange.service.EasService,com.google.android.gm.exchange,10157,2752,54256,[STARTED],false,true,1,1,33930535,
1428369950787,com.google.android.music.dial.DialMediaRouteProviderService,com.google.android.music:main,10058,0,21711939,[],false,true,0,0,10495967,
1428369950787,ch.unige.css.services.PingService,ch.unige.ping,10074,1449,69093983,[STARTED],false,true,0,0,34637317,
1428369950787,com.android.systemui.keyguard.KeyguardService,com.android.systemui,10012,906,42358,[PERSISTENT],false,false,1,1,42367,
1428369950787,com.google.android.gms.droidguard.DroidGuardService,com.google.android.gms.unstable,10007,9162,53738077,[],false,true,1,1,33607138,
1428369950787,ch.unige.css.services.main.CssRegistryService,ch.unige.ping:background,10074,13902,17964876,[STARTED],false,true,0,0,6748905,
1428369950787,com.whatsapp.messaging.MessageService,com.whatsapp,10159,7286,68313,[STARTED],false,true,1,1,33311703,
1428369950787,ccc71.at.services.at_service,ccc71.bmw.pro:services,10110,4012,69150,[STARTED],false,true,0,0,69159,
1428369950787,com.google.android.location.geocode.GeocodeService,com.google.process.location,10007,17755,50924882,[],false,true,1,1,31915807,
1428370010703,com.android.bluetooth.hid.HidService,com.android.bluetooth,1002,0,41148,[],false,true,2,2,41157,
1428370010703,com.android.exchange.service.EasService,com.google.android.gm.exchange,10157,2752,54256,[STARTED],false,true,1,1,33930535,
1428370010703,com.google.android.music.dial.DialMediaRouteProviderService,com.google.android.music:main,10058,0,21711939,[],false,true,0,0,10495967,
1428370010703,ch.unige.css.services.PingService,ch.unige.ping,10074,1449,69154009,[STARTED],false,true,0,0,34639283,
1428370010703,com.android.systemui.keyguard.KeyguardService,com.android.systemui,10012,906,42358,[PERSISTENT],false,false,1,1,42367,
1428370010703,com.google.android.gms.droidguard.DroidGuardService,com.google.android.gms.unstable,10007,9162,53738077,[],false,true,1,1,33607138,
1428370010703,ch.unige.css.services.main.CssRegistryService,ch.unige.ping:background,10074,13902,17964876,[STARTED],false,true,0,0,6748905,
1428370010703,com.whatsapp.messaging.MessageService,com.whatsapp,10159,7286,68313,[STARTED],false,true,1,1,33311703,
1428370010703,ccc71.at.services.at_service,ccc71.bmw.pro:services,10110,4012,69150,[STARTED],false,true,0,0,69159,
1428370010703,com.google.android.location.geocode.GeocodeService,com.google.process.location,10007,17755,50924882,[],false,true,1,1,31915807,
1428370070732,com.android.bluetooth.hid.HidService,com.android.bluetooth,1002,0,41148,[],false,true,2,2,41157,
1428370070732,com.android.exchange.service.EasService,com.google.android.gm.exchange,10157,2752,54256,[STARTED],false,true,1,1,33930535,
1428370070732,com.google.android.music.dial.DialMediaRouteProviderService,com.google.android.music:main,10058,0,21711939,[],false,true,0,0,10495967,
1428370070732,ch.unige.css.services.PingService,ch.unige.ping,10074,1449,69214064,[STARTED],false,true,0,0,34640789,
1428370070732,com.android.systemui.keyguard.KeyguardService,com.android.systemui,10012,906,42358,[PERSISTENT],false,false,1,1,42367,
1428370070732,com.google.android.gms.droidguard.DroidGuardService,com.google.android.gms.unstable,10007,9162,53738077,[],false,true,1,1,33607138,
1428370070732,ch.unige.css.services.main.CssRegistryService,ch.unige.ping:background,10074,13902,17964876,[STARTED],false,true,0,0,6748905,
1428370070732,com.whatsapp.messaging.MessageService,com.whatsapp,10159,7286,68313,[STARTED],false,true,1,1,33311703,
1428370070732,ccc71.at.services.at_service,ccc71.bmw.pro:services,10110,4012,69150,[STARTED],false,true,0,0,69159,
1428370070732,com.google.android.location.geocode.GeocodeService,com.google.process.location,10007,17755,50924882,[],false,true,1,1,31915807,
1428370130811,com.android.bluetooth.hid.HidService,com.android.bluetooth,1002,0,41148,[],false,true,2,2,41157,
1428370130811,com.android.exchange.service.EasService,com.google.android.gm.exchange,10157,2752,54256,[STARTED],false,true,1,1,33930535,
1428370130811,com.google.android.music.dial.DialMediaRouteProviderService,com.google.android.music:main,10058,0,21711939,[],false,true,0,0,10495967,
1428370130811,ch.unige.css.services.PingService,ch.unige.ping,10074,1449,69274133,[STARTED],false,true,0,0,34642540,
1428370130811,com.android.systemui.keyguard.KeyguardService,com.android.systemui,10012,906,42358,[PERSISTENT],false,false,1,1,42367,
1428370130811,com.google.android.gms.droidguard.DroidGuardService,com.google.android.gms.unstable,10007,9162,53738077,[],false,true,1,1,33607138,
1428370130811,ch.unige.css.services.main.CssRegistryService,ch.unige.ping:background,10074,13902,17964876,[STARTED],false,true,0,0,6748905,
1428370130811,com.whatsapp.messaging.MessageService,com.whatsapp,10159,7286,68313,[STARTED],false,true,1,1,33311703,
1428370130811,ccc71.at.services.at_service,ccc71.bmw.pro:services,10110,4012,69150,[STARTED],false,true,0,0,69159,
1428370130811,com.google.android.location.geocode.GeocodeService,com.google.process.location,10007,17755,50924882,[],false,true,1,1,31915807,
1428370190909,com.android.bluetooth.hid.HidService,com.android.bluetooth,1002,0,41148,[],false,true,2,2,41157,
1428370190909,com.android.exchange.service.EasService,com.google.android.gm.exchange,10157,2752,54256,[STARTED],false,true,1,1,33930535,
1428370190909,com.google.android.music.dial.DialMediaRouteProviderService,com.google.android.music:main,10058,0,21711939,[],false,true,0,0,10495967,
1428370190909,ch.unige.css.services.PingService,ch.unige.ping,10074,1449,69334222,[STARTED],false,true,0,0,34644576,
1428370190909,com.android.systemui.keyguard.KeyguardService,com.android.systemui,10012,906,42358,[PERSISTENT],false,false,1,1,42367,
1428370190909,com.google.android.gms.droidguard.DroidGuardService,com.google.android.gms.unstable,10007,9162,53738077,[],false,true,1,1,33607138,
1428370190909,ch.unige.css.services.main.CssRegistryService,ch.unige.ping:background,10074,13902,17964876,[STARTED],false,true,0,0,6748905,
1428370190909,com.whatsapp.messaging.MessageService,com.whatsapp,10159,7286,68313,[STARTED],false,true,1,1,33311703,
1428370190909,ccc71.at.services.at_service,ccc71.bmw.pro:services,10110,4012,69150,[STARTED],false,true,0,0,69159,
1428370190909,com.google.android.location.geocode.GeocodeService,com.google.process.location,10007,17755,50924882,[],false,true,1,1,31915807,
1428370250991,com.android.bluetooth.hid.HidService,com.android.bluetooth,1002,0,41148,[],false,true,2,2,41157,
1428370250991,com.android.exchange.service.EasService,com.google.android.gm.exchange,10157,2752,54256,[STARTED],false,true,1,1,33930535,
1428370250991,com.google.android.music.dial.DialMediaRouteProviderService,com.google.android.music:main,10058,0,21711939,[],false,true,0,0,10495967,
1428370250991,ch.unige.css.services.PingService,ch.unige.ping,10074,1449,69394313,[STARTED],false,true,0,0,34654676,
1428370250991,com.android.systemui.keyguard.KeyguardService,com.android.systemui,10012,906,42358,[PERSISTENT],false,false,1,1,42367,
1428370250991,com.google.android.gms.droidguard.DroidGuardService,com.google.android.gms.unstable,10007,9162,53738077,[],false,true,1,1,33607138,
1428370250991,ch.unige.css.services.main.CssRegistryService,ch.unige.ping:background,10074,13902,17964876,[STARTED],false,true,0,0,6748905,
1428370250991,com.whatsapp.messaging.MessageService,com.whatsapp,10159,7286,68313,[STARTED],false,true,1,1,33311703,
1428370250991,ccc71.at.services.at_service,ccc71.bmw.pro:services,10110,4012,69150,[STARTED],false,true,0,0,69159,
1428370250991,com.google.android.location.geocode.GeocodeService,com.google.process.location,10007,17755,50924882,[],false,true,1,1,31915807,
1428370311090,com.android.bluetooth.hid.HidService,com.android.bluetooth,1002,0,41148,[],false,true,2,2,41157,
1428370311090,com.android.exchange.service.EasService,com.google.android.gm.exchange,10157,2752,54256,[STARTED],false,true,1,1,33930535,
1428370311090,com.google.android.music.dial.DialMediaRouteProviderService,com.google.android.music:main,10058,0,21711939,[],false,true,0,0,10495967,
1428370311090,ch.unige.css.services.PingService,ch.unige.ping,10074,1449,69454393,[STARTED],false,true,0,0,34657158,
1428370311090,com.android.systemui.keyguard.KeyguardService,com.android.systemui,10012,906,42358,[PERSISTENT],false,false,1,1,42367,
1428370311090,com.google.android.gms.droidguard.DroidGuardService,com.google.android.gms.unstable,10007,9162,53738077,[],false,true,1,1,33607138,
1428370311090,ch.unige.css.services.main.CssRegistryService,ch.unige.ping:background,10074,13902,17964876,[STARTED],false,true,0,0,6748905,
1428370311090,com.whatsapp.messaging.MessageService,com.whatsapp,10159,7286,68313,[STARTED],false,true,1,1,33311703,
1428370311090,ccc71.at.services.at_service,ccc71.bmw.pro:services,10110,4012,69150,[STARTED],false,true,0,0,69159,
1428370311090,com.google.android.location.geocode.GeocodeService,com.google.process.location,10007,17755,50924882,[],false,true,1,1,31915807,
1428370371630,com.android.bluetooth.hid.HidService,com.android.bluetooth,1002,0,41148,[],false,true,2,2,41157,
1428370371630,com.android.exchange.service.EasService,com.google.android.gm.exchange,10157,2752,54256,[STARTED],false,true,1,1,33930535,
1428370371630,com.google.android.music.dial.DialMediaRouteProviderService,com.google.android.music:main,10058,0,21711939,[],false,true,0,0,10495967,
1428370371630,ch.unige.css.services.PingService,ch.unige.ping,10074,1449,69514933,[STARTED],false,true,0,0,34659598,
1428370371630,com.android.systemui.keyguard.KeyguardService,com.android.systemui,10012,906,42358,[PERSISTENT],false,false,1,1,42367,
1428370371630,com.google.android.gms.droidguard.DroidGuardService,com.google.android.gms.unstable,10007,9162,53738077,[],false,true,1,1,33607138,
1428370371630,ch.unige.css.services.main.CssRegistryService,ch.unige.ping:background,10074,13902,17964876,[STARTED],false,true,0,0,6748905,
1428370371630,com.whatsapp.messaging.MessageService,com.whatsapp,10159,7286,68313,[STARTED],false,true,1,1,33311703,
1428370371630,ccc71.at.services.at_service,ccc71.bmw.pro:services,10110,4012,69150,[STARTED],false,true,0,0,69159,
1428370371630,com.google.android.location.geocode.GeocodeService,com.google.process.location,10007,17755,50924882,[],false,true,1,1,31915807,
1428370431629,com.android.bluetooth.hid.HidService,com.android.bluetooth,1002,0,41148,[],false,true,2,2,41157,
1428370431629,com.android.exchange.service.EasService,com.google.android.gm.exchange,10157,2752,54256,[STARTED],false,true,1,1,33930535,
1428370431629,com.google.android.music.dial.DialMediaRouteProviderService,com.google.android.music:main,10058,0,21711939,[],false,true,0,0,10495967,
1428370431629,ch.unige.css.services.PingService,ch.unige.ping,10074,1449,69574944,[STARTED],false,true,0,0,34661018,
1428370431629,com.android.systemui.keyguard.KeyguardService,com.android.systemui,10012,906,42358,[PERSISTENT],false,false,1,1,42367,
1428370431629,com.google.android.gms.droidguard.DroidGuardService,com.google.android.gms.unstable,10007,9162,53738077,[],false,true,1,1,33607138,
1428370431629,ch.unige.css.services.main.CssRegistryService,ch.unige.ping:background,10074,13902,17964876,[STARTED],false,true,0,0,6748905,
1428370431629,com.whatsapp.messaging.MessageService,com.whatsapp,10159,7286,68313,[STARTED],false,true,1,1,33311703,
1428370431629,ccc71.at.services.at_service,ccc71.bmw.pro:services,10110,4012,69150,[STARTED],false,true,0,0,69159,
1428370431629,com.google.android.location.geocode.GeocodeService,com.google.process.location,10007,17755,50924882,[],false,true,1,1,31915807,
1428370491610,com.android.bluetooth.hid.HidService,com.android.bluetooth,1002,0,41148,[],false,true,2,2,41157,
1428370491610,com.android.exchange.service.EasService,com.google.android.gm.exchange,10157,2752,54256,[STARTED],false,true,1,1,33930535,
1428370491610,com.google.android.music.dial.DialMediaRouteProviderService,com.google.android.music:main,10058,0,21711939,[],false,true,0,0,10495967,
1428370491610,ch.unige.css.services.PingService,ch.unige.ping,10074,1449,69634956,[STARTED],false,true,0,0,34662289,
1428370491610,com.android.systemui.keyguard.KeyguardService,com.android.systemui,10012,906,42358,[PERSISTENT],false,false,1,1,42367,
1428370491610,com.google.android.gms.droidguard.DroidGuardService,com.google.android.gms.unstable,10007,9162,53738077,[],false,true,1,1,33607138,
1428370491610,ch.unige.css.services.main.CssRegistryService,ch.unige.ping:background,10074,13902,17964876,[STARTED],false,true,0,0,6748905,
1428370491610,com.whatsapp.messaging.MessageService,com.whatsapp,10159,7286,68313,[STARTED],false,true,1,1,33311703,
1428370491610,ccc71.at.services.at_service,ccc71.bmw.pro:services,10110,4012,69150,[STARTED],false,true,0,0,69159,
1428370491610,com.google.android.location.geocode.GeocodeService,com.google.process.location,10007,17755,50924882,[],false,true,1,1,31915807,
1428370551699,com.android.bluetooth.hid.HidService,com.android.bluetooth,1002,0,41148,[],false,true,2,2,41157,
1428370551699,com.android.exchange.service.EasService,com.google.android.gm.exchange,10157,2752,54256,[STARTED],false,true,1,1,33930535,
1428370551699,com.google.android.music.dial.DialMediaRouteProviderService,com.google.android.music:main,10058,0,21711939,[],false,true,0,0,10495967,
1428370551699,ch.unige.css.services.PingService,ch.unige.ping,10074,1449,69694996,[STARTED],false,true,0,0,34663526,
1428370551699,com.android.systemui.keyguard.KeyguardService,com.android.systemui,10012,906,42358,[PERSISTENT],false,false,1,1,42367,
1428370551699,com.google.android.gms.droidguard.DroidGuardService,com.google.android.gms.unstable,10007,9162,53738077,[],false,true,1,1,33607138,
1428370551699,ch.unige.css.services.main.CssRegistryService,ch.unige.ping:background,10074,13902,17964876,[STARTED],false,true,0,0,6748905,
1428370551699,com.whatsapp.messaging.MessageService,com.whatsapp,10159,7286,68313,[STARTED],false,true,1,1,33311703,
1428370551699,ccc71.at.services.at_service,ccc71.bmw.pro:services,10110,4012,69150,[STARTED],false,true,0,0,69159,
1428370551699,com.google.android.location.geocode.GeocodeService,com.google.process.location,10007,17755,50924882,[],false,true,1,1,31915807,
1428370611743,com.android.bluetooth.hid.HidService,com.android.bluetooth,1002,0,41148,[],false,true,2,2,41157,
1428370611743,com.android.exchange.service.EasService,com.google.android.gm.exchange,10157,2752,54256,[STARTED],false,true,1,1,33930535,
1428370611743,com.google.android.music.dial.DialMediaRouteProviderService,com.google.android.music:main,10058,0,21711939,[],false,true,0,0,10495967,
1428370611743,ch.unige.css.services.PingService,ch.unige.ping,10074,1449,69755065,[STARTED],false,true,0,0,34665120,
1428370611743,com.android.systemui.keyguard.KeyguardService,com.android.systemui,10012,906,42358,[PERSISTENT],false,false,1,1,42367,
1428370611743,com.google.android.gms.droidguard.DroidGuardService,com.google.android.gms.unstable,10007,9162,53738077,[],false,true,1,1,33607138,
1428370611743,ch.unige.css.services.main.CssRegistryService,ch.unige.ping:background,10074,13902,17964876,[STARTED],false,true,0,0,6748905,
1428370611743,com.whatsapp.messaging.MessageService,com.whatsapp,10159,7286,68313,[STARTED],false,true,1,1,33311703,
1428370611743,ccc71.at.services.at_service,ccc71.bmw.pro:services,10110,4012,69150,[STARTED],false,true,0,0,69159,
1428370611743,com.google.android.location.geocode.GeocodeService,com.google.process.location,10007,17755,50924882,[],false,true,1,1,31915807,
1428370671811,com.android.bluetooth.hid.HidService,com.android.bluetooth,1002,0,41148,[],false,true,2,2,41157,
1428370671811,com.android.exchange.service.EasService,com.google.android.gm.exchange,10157,2752,54256,[STARTED],false,true,1,1,33930535,
1428370671811,com.google.android.music.dial.DialMediaRouteProviderService,com.google.android.music:main,10058,0,21711939,[],false,true,0,0,10495967,
1428370671811,ch.unige.css.services.PingService,ch.unige.ping,10074,1449,69815135,[STARTED],false,true,0,0,34667069,
1428370671811,com.android.systemui.keyguard.KeyguardService,com.android.systemui,10012,906,42358,[PERSISTENT],false,false,1,1,42367,
1428370671811,com.google.android.gms.droidguard.DroidGuardService,com.google.android.gms.unstable,10007,9162,53738077,[],false,true,1,1,33607138,
1428370671811,ch.unige.css.services.main.CssRegistryService,ch.unige.ping:background,10074,13902,17964876,[STARTED],false,true,0,0,6748905,
1428370671811,com.whatsapp.messaging.MessageService,com.whatsapp,10159,7286,68313,[STARTED],false,true,1,1,33311703,
1428370671811,ccc71.at.services.at_service,ccc71.bmw.pro:services,10110,4012,69150,[STARTED],false,true,0,0,69159,
1428370671811,com.google.android.location.geocode.GeocodeService,com.google.process.location,10007,17755,50924882,[],false,true,1,1,31915807,
1428370731912,com.android.bluetooth.hid.HidService,com.android.bluetooth,1002,0,41148,[],false,true,2,2,41157,
1428370731912,com.android.exchange.service.EasService,com.google.android.gm.exchange,10157,2752,54256,[STARTED],false,true,1,1,33930535,
1428370731912,com.google.android.music.dial.DialMediaRouteProviderService,com.google.android.music:main,10058,0,21711939,[],false,true,0,0,10495967,
1428370731912,com.android.systemui.keyguard.KeyguardService,com.android.systemui,10012,906,42358,[PERSISTENT],false,false,1,1,42367,
1428370731912,com.google.android.gms.droidguard.DroidGuardService,com.google.android.gms.unstable,10007,9162,53738077,[],false,true,1,1,33607138,
1428370731912,ch.unige.css.services.main.CssRegistryService,ch.unige.ping:background,10074,13902,17964876,[STARTED],false,true,0,0,6748905,
1428370731912,com.whatsapp.messaging.MessageService,com.whatsapp,10159,7286,68313,[STARTED],false,true,1,1,33311703,
1428370731912,ccc71.at.services.at_service,ccc71.bmw.pro:services,10110,4012,69150,[STARTED],false,true,0,0,69159,
1428370731912,com.google.android.location.geocode.GeocodeService,com.google.process.location,10007,17755,50924882,[],false,true,1,1,31915807,
1428370731912,com.google.android.gms.gcm.GcmService,com.google.process.gapps,10007,17792,17965599,[STARTED],false,true,0,0,33902416,
1428370792068,com.android.bluetooth.hid.HidService,com.android.bluetooth,1002,0,41148,[],false,true,2,2,41157,
1428370792068,com.android.exchange.service.EasService,com.google.android.gm.exchange,10157,2752,54256,[STARTED],false,true,1,1,33930535,
1428370792068,com.google.android.music.dial.DialMediaRouteProviderService,com.google.android.music:main,10058,0,21711939,[],false,true,0,0,10495967,
1428370792068,ch.unige.css.services.PingService,ch.unige.ping,10074,1449,69935368,[STARTED],false,true,0,0,34671383,
1428370792068,com.android.systemui.keyguard.KeyguardService,com.android.systemui,10012,906,42358,[PERSISTENT],false,false,1,1,42367,
1428370792068,com.google.android.gms.droidguard.DroidGuardService,com.google.android.gms.unstable,10007,9162,53738077,[],false,true,1,1,33607138,
1428370792068,ch.unige.css.services.main.CssRegistryService,ch.unige.ping:background,10074,13902,17964876,[STARTED],false,true,0,0,6748905,
1428370792068,com.whatsapp.messaging.MessageService,com.whatsapp,10159,7286,68313,[STARTED],false,true,1,1,33311703,
1428370792068,ccc71.at.services.at_service,ccc71.bmw.pro:services,10110,4012,69150,[STARTED],false,true,0,0,69159,
1428370792068,com.google.android.location.geocode.GeocodeService,com.google.process.location,10007,17755,50924882,[],false,true,1,1,31915807,
1428370852126,com.android.bluetooth.hid.HidService,com.android.bluetooth,1002,0,41148,[],false,true,2,2,41157,
1428370852126,com.android.exchange.service.EasService,com.google.android.gm.exchange,10157,2752,54256,[STARTED],false,true,1,1,33930535,
1428370852126,com.google.android.music.dial.DialMediaRouteProviderService,com.google.android.music:main,10058,0,21711939,[],false,true,0,0,10495967,
1428370852126,ch.unige.css.services.PingService,ch.unige.ping,10074,1449,69995443,[STARTED],false,true,0,0,34676868,
1428370852126,com.android.systemui.keyguard.KeyguardService,com.android.systemui,10012,906,42358,[PERSISTENT],false,false,1,1,42367,
1428370852126,com.google.android.gms.droidguard.DroidGuardService,com.google.android.gms.unstable,10007,9162,53738077,[],false,true,1,1,33607138,
1428370852126,ch.unige.css.services.main.CssRegistryService,ch.unige.ping:background,10074,13902,17964876,[STARTED],false,true,0,0,6748905,
1428370852126,com.whatsapp.messaging.MessageService,com.whatsapp,10159,7286,68313,[STARTED],false,true,1,1,33311703,
1428370852126,ccc71.at.services.at_service,ccc71.bmw.pro:services,10110,4012,69150,[STARTED],false,true,0,0,69159,
1428370852126,com.google.android.location.geocode.GeocodeService,com.google.process.location,10007,17755,50924882,[],false,true,1,1,31915807,
1428370912622,com.android.bluetooth.hid.HidService,com.android.bluetooth,1002,0,41148,[],false,true,2,2,41157,
1428370912622,com.android.exchange.service.EasService,com.google.android.gm.exchange,10157,2752,54256,[STARTED],false,true,1,1,33930535,
1428370912622,com.google.android.music.dial.DialMediaRouteProviderService,com.google.android.music:main,10058,0,21711939,[],false,true,0,0,10495967,
1428370912622,ch.unige.css.services.PingService,ch.unige.ping,10074,1449,70055923,[STARTED],false,true,0,0,34683727,
1428370912622,com.android.systemui.keyguard.KeyguardService,com.android.systemui,10012,906,42358,[PERSISTENT],false,false,1,1,42367,
1428370912622,com.google.android.gms.droidguard.DroidGuardService,com.google.android.gms.unstable,10007,9162,53738077,[],false,true,1,1,33607138,
1428370912622,ch.unige.css.services.main.CssRegistryService,ch.unige.ping:background,10074,13902,17964876,[STARTED],false,true,0,0,6748905,
1428370912622,com.whatsapp.messaging.MessageService,com.whatsapp,10159,7286,68313,[STARTED],false,true,1,1,33311703,
1428370912622,ccc71.at.services.at_service,ccc71.bmw.pro:services,10110,4012,69150,[STARTED],false,true,0,0,69159,
1428370912622,com.google.android.location.geocode.GeocodeService,com.google.process.location,10007,17755,50924882,[],false,true,1,1,31915807,
1428370972617,com.android.bluetooth.hid.HidService,com.android.bluetooth,1002,0,41148,[],false,true,2,2,41157,
1428370972617,com.android.exchange.service.EasService,com.google.android.gm.exchange,10157,2752,54256,[STARTED],false,true,1,1,33930535,
1428370972617,com.google.android.music.dial.DialMediaRouteProviderService,com.google.android.music:main,10058,0,21711939,[],false,true,0,0,10495967,
1428370972617,ch.unige.css.services.PingService,ch.unige.ping,10074,1449,70115932,[STARTED],false,true,0,0,34685217,
1428370972617,com.android.systemui.keyguard.KeyguardService,com.android.systemui,10012,906,42358,[PERSISTENT],false,false,1,1,42367,
1428370972617,com.google.android.gms.droidguard.DroidGuardService,com.google.android.gms.unstable,10007,9162,53738077,[],false,true,1,1,33607138,
1428370972617,ch.unige.css.services.main.CssRegistryService,ch.unige.ping:background,10074,13902,17964876,[STARTED],false,true,0,0,6748905,
1428370972617,com.whatsapp.messaging.MessageService,com.whatsapp,10159,7286,68313,[STARTED],false,true,1,1,33311703,
1428370972617,ccc71.at.services.at_service,ccc71.bmw.pro:services,10110,4012,69150,[STARTED],false,true,0,0,69159,
1428370972617,com.google.android.location.geocode.GeocodeService,com.google.process.location,10007,17755,50924882,[],false,true,1,1,31915807,
1428371032598,com.android.bluetooth.hid.HidService,com.android.bluetooth,1002,0,41148,[],false,true,2,2,41157,
1428371032598,com.android.exchange.service.EasService,com.google.android.gm.exchange,10157,2752,54256,[STARTED],false,true,1,1,33930535,
1428371032598,com.google.android.music.dial.DialMediaRouteProviderService,com.google.android.music:main,10058,0,21711939,[],false,true,0,0,10495967,
1428371032598,ch.unige.css.services.PingService,ch.unige.ping,10074,1449,70175942,[STARTED],false,true,0,0,34686583,
1428371032598,com.android.systemui.keyguard.KeyguardService,com.android.systemui,10012,906,42358,[PERSISTENT],false,false,1,1,42367,
1428371032598,com.google.android.gms.droidguard.DroidGuardService,com.google.android.gms.unstable,10007,9162,53738077,[],false,true,1,1,33607138,
1428371032598,ch.unige.css.services.main.CssRegistryService,ch.unige.ping:background,10074,13902,17964876,[STARTED],false,true,0,0,6748905,
1428371032598,com.whatsapp.messaging.MessageService,com.whatsapp,10159,7286,68313,[STARTED],false,true,1,1,33311703,
1428371032598,ccc71.at.services.at_service,ccc71.bmw.pro:services,10110,4012,69150,[STARTED],false,true,0,0,69159,
1428371032598,com.google.android.location.geocode.GeocodeService,com.google.process.location,10007,17755,50924882,[],false,true,1,1,31915807,
1428371096987,com.android.bluetooth.hid.HidService,com.android.bluetooth,1002,0,41148,[],false,true,2,2,41157,
1428371096987,com.android.exchange.service.EasService,com.google.android.gm.exchange,10157,2752,54256,[STARTED],false,true,1,1,33930535,
1428371096987,com.google.android.music.dial.DialMediaRouteProviderService,com.google.android.music:main,10058,0,21711939,[],false,true,0,0,10495967,
1428371096987,com.android.systemui.keyguard.KeyguardService,com.android.systemui,10012,906,42358,[PERSISTENT],false,false,1,1,42367,
1428371096987,com.google.android.gms.droidguard.DroidGuardService,com.google.android.gms.unstable,10007,9162,53738077,[],false,true,1,1,33607138,
1428371096987,ch.unige.css.services.main.CssRegistryService,ch.unige.ping:background,10074,13902,17964876,[STARTED],false,true,0,0,6748905,
1428371096987,com.whatsapp.messaging.MessageService,com.whatsapp,10159,7286,68313,[STARTED],false,true,1,1,33311703,
1428371096987,ccc71.at.services.at_service,ccc71.bmw.pro:services,10110,4012,69150,[STARTED],false,true,0,0,69159,
1428371096987,com.google.android.location.geocode.GeocodeService,com.google.process.location,10007,17755,50924882,[],false,true,1,1,31915807,
1428371096987,com.google.android.gms.gcm.GcmService,com.google.process.gapps,10007,17792,17965599,[STARTED],false,true,0,0,33902416,
1428371157025,com.android.bluetooth.hid.HidService,com.android.bluetooth,1002,0,41148,[],false,true,2,2,41157,
1428371157025,com.google.android.gms.fitness.service.history.FitHistoryBroker,com.google.process.location,10007,17755,70240398,[],false,true,1,1,34688469,
1428371157025,com.android.exchange.service.EasService,com.google.android.gm.exchange,10157,2752,54256,[STARTED],false,true,1,1,33930535,
1428371157025,com.google.android.music.dial.DialMediaRouteProviderService,com.google.android.music:main,10058,0,21711939,[],false,true,0,0,10495967,
1428371157025,ch.unige.css.services.PingService,ch.unige.ping,10074,1449,70300303,[STARTED],false,true,0,0,34691637,
1428371157025,com.google.android.gms.fitness.service.config.FitConfigBroker,com.google.process.location,10007,17755,70240402,[],false,true,1,1,34688473,
1428371157025,com.android.systemui.keyguard.KeyguardService,com.android.systemui,10012,906,42358,[PERSISTENT],false,false,1,1,42367,
1428371157025,com.google.android.gms.droidguard.DroidGuardService,com.google.android.gms.unstable,10007,9162,53738077,[],false,true,1,1,33607138,
1428371157025,ch.unige.css.services.main.CssRegistryService,ch.unige.ping:background,10074,13902,17964876,[STARTED],false,true,0,0,6748905,
1428371157025,com.whatsapp.messaging.MessageService,com.whatsapp,10159,7286,68313,[STARTED],false,true,1,1,33311703,
1428371216985,com.android.bluetooth.hid.HidService,com.android.bluetooth,1002,0,41148,[],false,true,2,2,41157,
1428371216985,com.android.exchange.service.EasService,com.google.android.gm.exchange,10157,2752,54256,[STARTED],false,true,1,1,33930535,
1428371216985,com.google.android.music.dial.DialMediaRouteProviderService,com.google.android.music:main,10058,0,21711939,[],false,true,0,0,10495967,
1428371216985,ch.unige.css.services.PingService,ch.unige.ping,10074,1449,70360321,[STARTED],false,true,0,0,34694139,
1428371216985,com.android.systemui.keyguard.KeyguardService,com.android.systemui,10012,906,42358,[PERSISTENT],false,false,1,1,42367,
1428371216985,com.google.android.gms.droidguard.DroidGuardService,com.google.android.gms.unstable,10007,9162,53738077,[],false,true,1,1,33607138,
1428371216985,ch.unige.css.services.main.CssRegistryService,ch.unige.ping:background,10074,13902,17964876,[STARTED],false,true,0,0,6748905,
1428371216985,com.whatsapp.messaging.MessageService,com.whatsapp,10159,7286,68313,[STARTED],false,true,1,1,33311703,
1428371216985,ccc71.at.services.at_service,ccc71.bmw.pro:services,10110,4012,69150,[STARTED],false,true,0,0,69159,
1428371216985,com.google.android.location.geocode.GeocodeService,com.google.process.location,10007,17755,50924882,[],false,true,1,1,31915807,
1428371277080,com.android.bluetooth.hid.HidService,com.android.bluetooth,1002,0,41148,[],false,true,2,2,41157,
1428371277080,com.android.exchange.service.EasService,com.google.android.gm.exchange,10157,2752,54256,[STARTED],false,true,1,1,33930535,
1428371277080,com.google.android.music.dial.DialMediaRouteProviderService,com.google.android.music:main,10058,0,21711939,[],false,true,0,0,10495967,
1428371277080,ch.unige.css.services.PingService,ch.unige.ping,10074,1449,70420394,[STARTED],false,true,0,0,34698378,
1428371277080,com.android.systemui.keyguard.KeyguardService,com.android.systemui,10012,906,42358,[PERSISTENT],false,false,1,1,42367,
1428371277080,com.google.android.gms.droidguard.DroidGuardService,com.google.android.gms.unstable,10007,9162,53738077,[],false,true,1,1,33607138,
1428371277080,ch.unige.css.services.main.CssRegistryService,ch.unige.ping:background,10074,13902,17964876,[STARTED],false,true,0,0,6748905,
1428371277080,com.whatsapp.messaging.MessageService,com.whatsapp,10159,7286,68313,[STARTED],false,true,1,1,33311703,
1428371277080,ccc71.at.services.at_service,ccc71.bmw.pro:services,10110,4012,69150,[STARTED],false,true,0,0,69159,
1428371277080,com.google.android.location.geocode.GeocodeService,com.google.process.location,10007,17755,50924882,[],false,true,1,1,31915807,
1428371337612,com.android.bluetooth.hid.HidService,com.android.bluetooth,1002,0,41148,[],false,true,2,2,41157,
1428371337612,com.android.exchange.service.EasService,com.google.android.gm.exchange,10157,2752,54256,[STARTED],false,true,1,1,33930535,
1428371337612,com.google.android.music.dial.DialMediaRouteProviderService,com.google.android.music:main,10058,0,21711939,[],false,true,0,0,10495967,
1428371337612,ch.unige.css.services.PingService,ch.unige.ping,10074,1449,70480926,[STARTED],false,true,0,0,34700257,
1428371337612,com.android.systemui.keyguard.KeyguardService,com.android.systemui,10012,906,42358,[PERSISTENT],false,false,1,1,42367,
1428371337612,com.google.android.gms.droidguard.DroidGuardService,com.google.android.gms.unstable,10007,9162,53738077,[],false,true,1,1,33607138,
1428371337612,ch.unige.css.services.main.CssRegistryService,ch.unige.ping:background,10074,13902,17964876,[STARTED],false,true,0,0,6748905,
1428371337612,com.whatsapp.messaging.MessageService,com.whatsapp,10159,7286,68313,[STARTED],false,true,1,1,33311703,
1428371337612,ccc71.at.services.at_service,ccc71.bmw.pro:services,10110,4012,69150,[STARTED],false,true,0,0,69159,
1428371337612,com.google.android.location.geocode.GeocodeService,com.google.process.location,10007,17755,50924882,[],false,true,1,1,31915807,
1428371397634,com.android.bluetooth.hid.HidService,com.android.bluetooth,1002,0,41148,[],false,true,2,2,41157,
1428371397634,com.android.exchange.service.EasService,com.google.android.gm.exchange,10157,2752,54256,[STARTED],false,true,1,1,33930535,
1428371397634,com.google.android.music.dial.DialMediaRouteProviderService,com.google.android.music:main,10058,0,21711939,[],false,true,0,0,10495967,
1428371397634,ch.unige.css.services.PingService,ch.unige.ping,10074,1449,70540940,[STARTED],false,true,0,0,34701934,
1428371397634,com.android.systemui.keyguard.KeyguardService,com.android.systemui,10012,906,42358,[PERSISTENT],false,false,1,1,42367,
1428371397634,com.google.android.gms.droidguard.DroidGuardService,com.google.android.gms.unstable,10007,9162,53738077,[],false,true,1,1,33607138,
1428371397634,ch.unige.css.services.main.CssRegistryService,ch.unige.ping:background,10074,13902,17964876,[STARTED],false,true,0,0,6748905,
1428371397634,com.whatsapp.messaging.MessageService,com.whatsapp,10159,7286,68313,[STARTED],false,true,1,1,33311703,
1428371397634,ccc71.at.services.at_service,ccc71.bmw.pro:services,10110,4012,69150,[STARTED],false,true,0,0,69159,
1428371397634,com.google.android.location.geocode.GeocodeService,com.google.process.location,10007,17755,50924882,[],false,true,1,1,31915807,
1428371457648,com.android.bluetooth.hid.HidService,com.android.bluetooth,1002,0,41148,[],false,true,2,2,41157,
1428371457648,com.android.exchange.service.EasService,com.google.android.gm.exchange,10157,2752,54256,[STARTED],false,true,1,1,33930535,
1428371457648,com.google.android.music.dial.DialMediaRouteProviderService,com.google.android.music:main,10058,0,21711939,[],false,true,0,0,10495967,
1428371457648,ch.unige.css.services.PingService,ch.unige.ping,10074,1449,70600953,[STARTED],false,true,0,0,34703330,
1428371457648,com.android.systemui.keyguard.KeyguardService,com.android.systemui,10012,906,42358,[PERSISTENT],false,false,1,1,42367,
1428371457648,com.google.android.gms.droidguard.DroidGuardService,com.google.android.gms.unstable,10007,9162,53738077,[],false,true,1,1,33607138,
1428371457648,ch.unige.css.services.main.CssRegistryService,ch.unige.ping:background,10074,13902,17964876,[STARTED],false,true,0,0,6748905,
1428371457648,com.whatsapp.messaging.MessageService,com.whatsapp,10159,7286,68313,[STARTED],false,true,1,1,33311703,
1428371457648,ccc71.at.services.at_service,ccc71.bmw.pro:services,10110,4012,69150,[STARTED],false,true,0,0,69159,
1428371457648,com.google.android.location.geocode.GeocodeService,com.google.process.location,10007,17755,50924882,[],false,true,1,1,31915807,
1428371517653,com.android.bluetooth.hid.HidService,com.android.bluetooth,1002,0,41148,[],false,true,2,2,41157,
1428371517653,com.android.exchange.service.EasService,com.google.android.gm.exchange,10157,2752,54256,[STARTED],false,true,1,1,33930535,
1428371517653,com.google.android.music.dial.DialMediaRouteProviderService,com.google.android.music:main,10058,0,21711939,[],false,true,0,0,10495967,
1428371517653,ch.unige.css.services.PingService,ch.unige.ping,10074,1449,70660962,[STARTED],false,true,0,0,34712237,
1428371517653,com.android.systemui.keyguard.KeyguardService,com.android.systemui,10012,906,42358,[PERSISTENT],false,false,1,1,42367,
1428371517653,com.google.android.gms.droidguard.DroidGuardService,com.google.android.gms.unstable,10007,9162,53738077,[],false,true,1,1,33607138,
1428371517653,ch.unige.css.services.main.CssRegistryService,ch.unige.ping:background,10074,13902,17964876,[STARTED],false,true,0,0,6748905,
1428371517653,com.whatsapp.messaging.MessageService,com.whatsapp,10159,7286,68313,[STARTED],false,true,1,1,33311703,
1428371517653,ccc71.at.services.at_service,ccc71.bmw.pro:services,10110,4012,69150,[STARTED],false,true,0,0,69159,
1428371517653,com.google.android.location.geocode.GeocodeService,com.google.process.location,10007,17755,50924882,[],false,true,1,1,31915807,
1428371577632,com.android.bluetooth.hid.HidService,com.android.bluetooth,1002,0,41148,[],false,true,2,2,41157,
1428371577632,com.android.exchange.service.EasService,com.google.android.gm.exchange,10157,2752,54256,[STARTED],false,true,1,1,33930535,
1428371577632,com.google.android.music.dial.DialMediaRouteProviderService,com.google.android.music:main,10058,0,21711939,[],false,true,0,0,10495967,
1428371577632,ch.unige.css.services.PingService,ch.unige.ping,10074,1449,70720975,[STARTED],false,true,0,0,34713820,
1428371577632,com.android.systemui.keyguard.KeyguardService,com.android.systemui,10012,906,42358,[PERSISTENT],false,false,1,1,42367,
1428371577632,com.google.android.gms.droidguard.DroidGuardService,com.google.android.gms.unstable,10007,9162,53738077,[],false,true,1,1,33607138,
1428371577632,ch.unige.css.services.main.CssRegistryService,ch.unige.ping:background,10074,13902,17964876,[STARTED],false,true,0,0,6748905,
1428371577632,com.whatsapp.messaging.MessageService,com.whatsapp,10159,7286,68313,[STARTED],false,true,1,1,33311703,
1428371577632,ccc71.at.services.at_service,ccc71.bmw.pro:services,10110,4012,69150,[STARTED],false,true,0,0,69159,
1428371577632,com.google.android.location.geocode.GeocodeService,com.google.process.location,10007,17755,50924882,[],false,true,1,1,31915807,
1428371637687,com.android.bluetooth.hid.HidService,com.android.bluetooth,1002,0,41148,[],false,true,2,2,41157,
1428371637687,com.android.exchange.service.EasService,com.google.android.gm.exchange,10157,2752,54256,[STARTED],false,true,1,1,33930535,
1428371637687,com.google.android.music.dial.DialMediaRouteProviderService,com.google.android.music:main,10058,0,21711939,[],false,true,0,0,10495967,
1428371637687,ch.unige.css.services.PingService,ch.unige.ping,10074,1449,70780990,[STARTED],false,true,0,0,34715555,
1428371637687,com.android.systemui.keyguard.KeyguardService,com.android.systemui,10012,906,42358,[PERSISTENT],false,false,1,1,42367,
1428371637687,com.google.android.gms.droidguard.DroidGuardService,com.google.android.gms.unstable,10007,9162,53738077,[],false,true,1,1,33607138,
1428371637687,ch.unige.css.services.main.CssRegistryService,ch.unige.ping:background,10074,13902,17964876,[STARTED],false,true,0,0,6748905,
1428371637687,com.whatsapp.messaging.MessageService,com.whatsapp,10159,7286,68313,[STARTED],false,true,1,1,33311703,
1428371637687,ccc71.at.services.at_service,ccc71.bmw.pro:services,10110,4012,69150,[STARTED],false,true,0,0,69159,
1428371637687,com.google.android.location.geocode.GeocodeService,com.google.process.location,10007,17755,50924882,[],false,true,1,1,31915807,
1428371697763,com.android.bluetooth.hid.HidService,com.android.bluetooth,1002,0,41148,[],false,true,2,2,41157,
1428371697763,com.android.exchange.service.EasService,com.google.android.gm.exchange,10157,2752,54256,[STARTED],false,true,1,1,33930535,
1428371697763,com.google.android.music.dial.DialMediaRouteProviderService,com.google.android.music:main,10058,0,21711939,[],false,true,0,0,10495967,
1428371697763,ch.unige.css.services.PingService,ch.unige.ping,10074,1449,70841019,[STARTED],false,true,0,0,34717204,
1428371697763,com.android.systemui.keyguard.KeyguardService,com.android.systemui,10012,906,42358,[PERSISTENT],false,false,1,1,42367,
1428371697763,com.google.android.gms.droidguard.DroidGuardService,com.google.android.gms.unstable,10007,9162,53738077,[],false,true,1,1,33607138,
1428371697763,ch.unige.css.services.main.CssRegistryService,ch.unige.ping:background,10074,13902,17964876,[STARTED],false,true,0,0,6748905,
1428371697763,com.whatsapp.messaging.MessageService,com.whatsapp,10159,7286,68313,[STARTED],false,true,1,1,33311703,
1428371697763,ccc71.at.services.at_service,ccc71.bmw.pro:services,10110,4012,69150,[STARTED],false,true,0,0,69159,
1428371697763,com.google.android.location.geocode.GeocodeService,com.google.process.location,10007,17755,50924882,[],false,true,1,1,31915807,
1428371757806,com.android.bluetooth.hid.HidService,com.android.bluetooth,1002,0,41148,[],false,true,2,2,41157,
1428371757806,com.android.exchange.service.EasService,com.google.android.gm.exchange,10157,2752,54256,[STARTED],false,true,1,1,33930535,
1428371757806,com.google.android.music.dial.DialMediaRouteProviderService,com.google.android.music:main,10058,0,21711939,[],false,true,0,0,10495967,
1428371757806,ch.unige.css.services.PingService,ch.unige.ping,10074,1449,70901113,[STARTED],false,true,0,0,34719168,
1428371757806,com.android.systemui.keyguard.KeyguardService,com.android.systemui,10012,906,42358,[PERSISTENT],false,false,1,1,42367,
1428371757806,com.google.android.gms.droidguard.DroidGuardService,com.google.android.gms.unstable,10007,9162,53738077,[],false,true,1,1,33607138,
1428371757806,ch.unige.css.services.main.CssRegistryService,ch.unige.ping:background,10074,13902,17964876,[STARTED],false,true,0,0,6748905,
1428371757806,com.whatsapp.messaging.MessageService,com.whatsapp,10159,7286,68313,[STARTED],false,true,1,1,33311703,
1428371757806,ccc71.at.services.at_service,ccc71.bmw.pro:services,10110,4012,69150,[STARTED],false,true,0,0,69159,
1428371757806,com.google.android.location.geocode.GeocodeService,com.google.process.location,10007,17755,50924882,[],false,true,1,1,31915807,
1428371817861,com.android.bluetooth.hid.HidService,com.android.bluetooth,1002,0,41148,[],false,true,2,2,41157,
1428371817861,com.android.exchange.service.EasService,com.google.android.gm.exchange,10157,2752,54256,[STARTED],false,true,1,1,33930535,
1428371817861,com.google.android.music.dial.DialMediaRouteProviderService,com.google.android.music:main,10058,0,21711939,[],false,true,0,0,10495967,
1428371817861,ch.unige.css.services.PingService,ch.unige.ping,10074,1449,70961166,[STARTED],false,true,0,0,34721091,
1428371817861,com.android.systemui.keyguard.KeyguardService,com.android.systemui,10012,906,42358,[PERSISTENT],false,false,1,1,42367,
1428371817861,com.google.android.gms.droidguard.DroidGuardService,com.google.android.gms.unstable,10007,9162,53738077,[],false,true,1,1,33607138,
1428371817861,ch.unige.css.services.main.CssRegistryService,ch.unige.ping:background,10074,13902,17964876,[STARTED],false,true,0,0,6748905,
1428371817861,com.whatsapp.messaging.MessageService,com.whatsapp,10159,7286,68313,[STARTED],false,true,1,1,33311703,
1428371817861,ccc71.at.services.at_service,ccc71.bmw.pro:services,10110,4012,69150,[STARTED],false,true,0,0,69159,
1428371817861,com.google.android.location.geocode.GeocodeService,com.google.process.location,10007,17755,50924882,[],false,true,1,1,31915807,
1428371877960,com.android.bluetooth.hid.HidService,com.android.bluetooth,1002,0,41148,[],false,true,2,2,41157,
1428371877960,com.android.exchange.service.EasService,com.google.android.gm.exchange,10157,2752,54256,[STARTED],false,true,1,1,33930535,
1428371877960,com.google.android.music.dial.DialMediaRouteProviderService,com.google.android.music:main,10058,0,21711939,[],false,true,0,0,10495967,
1428371877960,ch.unige.css.services.PingService,ch.unige.ping,10074,1449,71021269,[STARTED],false,true,0,0,34723014,
1428371877960,com.android.systemui.keyguard.KeyguardService,com.android.systemui,10012,906,42358,[PERSISTENT],false,false,1,1,42367,
1428371877960,com.google.android.gms.droidguard.DroidGuardService,com.google.android.gms.unstable,10007,9162,53738077,[],false,true,1,1,33607138,
1428371877960,ch.unige.css.services.main.CssRegistryService,ch.unige.ping:background,10074,13902,17964876,[STARTED],false,true,0,0,6748905,
1428371877960,com.whatsapp.messaging.MessageService,com.whatsapp,10159,7286,68313,[STARTED],false,true,1,1,33311703,
1428371877960,ccc71.at.services.at_service,ccc71.bmw.pro:services,10110,4012,69150,[STARTED],false,true,0,0,69159,
1428371877960,com.google.android.location.geocode.GeocodeService,com.google.process.location,10007,17755,50924882,[],false,true,1,1,31915807,
1428371938048,com.android.bluetooth.hid.HidService,com.android.bluetooth,1002,0,41148,[],false,true,2,2,41157,
1428371938048,com.android.exchange.service.EasService,com.google.android.gm.exchange,10157,2752,54256,[STARTED],false,true,1,1,33930535,
1428371938048,com.google.android.music.dial.DialMediaRouteProviderService,com.google.android.music:main,10058,0,21711939,[],false,true,0,0,10495967,
1428371938048,ch.unige.css.services.PingService,ch.unige.ping,10074,1449,71081366,[STARTED],false,true,0,0,34725461,
1428371938048,com.android.systemui.keyguard.KeyguardService,com.android.systemui,10012,906,42358,[PERSISTENT],false,false,1,1,42367,
1428371938048,com.google.android.gms.droidguard.DroidGuardService,com.google.android.gms.unstable,10007,9162,53738077,[],false,true,1,1,33607138,
1428371938048,ch.unige.css.services.main.CssRegistryService,ch.unige.ping:background,10074,13902,17964876,[STARTED],false,true,0,0,6748905,
1428371938048,com.whatsapp.messaging.MessageService,com.whatsapp,10159,7286,68313,[STARTED],false,true,1,1,33311703,
1428371938048,ccc71.at.services.at_service,ccc71.bmw.pro:services,10110,4012,69150,[STARTED],false,true,0,0,69159,
1428371938048,com.google.android.location.geocode.GeocodeService,com.google.process.location,10007,17755,50924882,[],false,true,1,1,31915807,
1428371998629,com.android.bluetooth.hid.HidService,com.android.bluetooth,1002,0,41148,[],false,true,2,2,41157,
1428371998629,com.android.exchange.service.EasService,com.google.android.gm.exchange,10157,2752,54256,[STARTED],false,true,1,1,33930535,
1428371998629,com.google.android.music.dial.DialMediaRouteProviderService,com.google.android.music:main,10058,0,21711939,[],false,true,0,0,10495967,
1428371998629,ch.unige.css.services.PingService,ch.unige.ping,10074,1449,71141930,[STARTED],false,true,0,0,34727274,
1428371998629,com.android.systemui.keyguard.KeyguardService,com.android.systemui,10012,906,42358,[PERSISTENT],false,false,1,1,42367,
1428371998629,com.google.android.gms.droidguard.DroidGuardService,com.google.android.gms.unstable,10007,9162,53738077,[],false,true,1,1,33607138,
1428371998629,ch.unige.css.services.main.CssRegistryService,ch.unige.ping:background,10074,13902,17964876,[STARTED],false,true,0,0,6748905,
1428371998629,com.whatsapp.messaging.MessageService,com.whatsapp,10159,7286,68313,[STARTED],false,true,1,1,33311703,
1428371998629,ccc71.at.services.at_service,ccc71.bmw.pro:services,10110,4012,69150,[STARTED],false,true,0,0,69159,
1428371998629,com.google.android.location.geocode.GeocodeService,com.google.process.location,10007,17755,50924882,[],false,true,1,1,31915807,
1428372058746,com.android.bluetooth.hid.HidService,com.android.bluetooth,1002,0,41148,[],false,true,2,2,41157,
1428372058746,com.android.exchange.service.EasService,com.google.android.gm.exchange,10157,2752,54256,[STARTED],false,true,1,1,33930535,
1428372058746,com.google.android.music.dial.DialMediaRouteProviderService,com.google.android.music:main,10058,0,21711939,[],false,true,0,0,10495967,
1428372058746,ch.unige.css.services.PingService,ch.unige.ping,10074,1449,71202063,[STARTED],false,true,0,0,34731372,
1428372058746,com.android.systemui.keyguard.KeyguardService,com.android.systemui,10012,906,42358,[PERSISTENT],false,false,1,1,42367,
1428372058746,com.google.android.gms.droidguard.DroidGuardService,com.google.android.gms.unstable,10007,9162,53738077,[],false,true,1,1,33607138,
1428372058746,ch.unige.css.services.main.CssRegistryService,ch.unige.ping:background,10074,13902,17964876,[STARTED],false,true,0,0,6748905,
1428372058746,com.whatsapp.messaging.MessageService,com.whatsapp,10159,7286,68313,[STARTED],false,true,1,1,33311703,
1428372058746,ccc71.at.services.at_service,ccc71.bmw.pro:services,10110,4012,69150,[STARTED],false,true,0,0,69159,
1428372058746,com.google.android.location.geocode.GeocodeService,com.google.process.location,10007,17755,50924882,[],false,true,1,1,31915807,
1428372118815,com.android.bluetooth.hid.HidService,com.android.bluetooth,1002,0,41148,[],false,true,2,2,41157,
1428372118815,com.android.exchange.service.EasService,com.google.android.gm.exchange,10157,2752,54256,[STARTED],false,true,1,1,33930535,
1428372118815,com.google.android.music.dial.DialMediaRouteProviderService,com.google.android.music:main,10058,0,21711939,[],false,true,0,0,10495967,
1428372118815,ch.unige.css.services.PingService,ch.unige.ping,10074,1449,71262131,[STARTED],false,true,0,0,34744302,
1428372118815,com.android.systemui.keyguard.KeyguardService,com.android.systemui,10012,906,42358,[PERSISTENT],false,false,1,1,42367,
1428372118815,com.google.android.gms.droidguard.DroidGuardService,com.google.android.gms.unstable,10007,9162,53738077,[],false,true,1,1,33607138,
1428372118815,ch.unige.css.services.main.CssRegistryService,ch.unige.ping:background,10074,13902,17964876,[STARTED],false,true,0,0,6748905,
1428372118815,com.whatsapp.messaging.MessageService,com.whatsapp,10159,7286,68313,[STARTED],false,true,1,1,33311703,
1428372118815,ccc71.at.services.at_service,ccc71.bmw.pro:services,10110,4012,69150,[STARTED],false,true,0,0,69159,
1428372118815,com.google.android.location.geocode.GeocodeService,com.google.process.location,10007,17755,50924882,[],false,true,1,1,31915807,
1428372178911,com.android.bluetooth.hid.HidService,com.android.bluetooth,1002,0,41148,[],false,true,2,2,41157,
1428372178911,com.android.exchange.service.EasService,com.google.android.gm.exchange,10157,2752,54256,[STARTED],false,true,1,1,33930535,
1428372178911,com.google.android.music.dial.DialMediaRouteProviderService,com.google.android.music:main,10058,0,21711939,[],false,true,0,0,10495967,
1428372178911,ch.unige.css.services.PingService,ch.unige.ping,10074,1449,71322231,[STARTED],false,true,0,0,34746196,
1428372178911,com.android.systemui.keyguard.KeyguardService,com.android.systemui,10012,906,42358,[PERSISTENT],false,false,1,1,42367,
1428372178911,com.google.android.gms.droidguard.DroidGuardService,com.google.android.gms.unstable,10007,9162,53738077,[],false,true,1,1,33607138,
1428372178911,ch.unige.css.services.main.CssRegistryService,ch.unige.ping:background,10074,13902,17964876,[STARTED],false,true,0,0,6748905,
1428372178911,com.whatsapp.messaging.MessageService,com.whatsapp,10159,7286,68313,[STARTED],false,true,1,1,33311703,
1428372178911,ccc71.at.services.at_service,ccc71.bmw.pro:services,10110,4012,69150,[STARTED],false,true,0,0,69159,
1428372178911,com.google.android.location.geocode.GeocodeService,com.google.process.location,10007,17755,50924882,[],false,true,1,1,31915807,
1428372238930,com.android.bluetooth.hid.HidService,com.android.bluetooth,1002,0,41148,[],false,true,2,2,41157,
1428372238930,com.android.exchange.service.EasService,com.google.android.gm.exchange,10157,2752,54256,[STARTED],false,true,1,1,33930535,
1428372238930,com.google.android.music.dial.DialMediaRouteProviderService,com.google.android.music:main,10058,0,21711939,[],false,true,0,0,10495967,
1428372238930,ch.unige.css.services.PingService,ch.unige.ping,10074,1449,71382260,[STARTED],false,true,0,0,34748775,
1428372238930,com.android.systemui.keyguard.KeyguardService,com.android.systemui,10012,906,42358,[PERSISTENT],false,false,1,1,42367,
1428372238930,com.google.android.gms.droidguard.DroidGuardService,com.google.android.gms.unstable,10007,9162,53738077,[],false,true,1,1,33607138,
1428372238930,ch.unige.css.services.main.CssRegistryService,ch.unige.ping:background,10074,13902,17964876,[STARTED],false,true,0,0,6748905,
1428372238930,com.whatsapp.messaging.MessageService,com.whatsapp,10159,7286,68313,[STARTED],false,true,1,1,33311703,
1428372238930,ccc71.at.services.at_service,ccc71.bmw.pro:services,10110,4012,69150,[STARTED],false,true,0,0,69159,
1428372238930,com.google.android.location.geocode.GeocodeService,com.google.process.location,10007,17755,50924882,[],false,true,1,1,31915807,
1428372299079,com.android.bluetooth.hid.HidService,com.android.bluetooth,1002,0,41148,[],false,true,2,2,41157,
1428372299079,com.android.exchange.service.EasService,com.google.android.gm.exchange,10157,2752,54256,[STARTED],false,true,1,1,33930535,
1428372299079,com.google.android.music.dial.DialMediaRouteProviderService,com.google.android.music:main,10058,0,21711939,[],false,true,0,0,10495967,
1428372299079,ch.unige.css.services.PingService,ch.unige.ping,10074,1449,71442401,[STARTED],false,true,0,0,34751336,
1428372299079,com.android.systemui.keyguard.KeyguardService,com.android.systemui,10012,906,42358,[PERSISTENT],false,false,1,1,42367,
1428372299079,com.google.android.gms.droidguard.DroidGuardService,com.google.android.gms.unstable,10007,9162,53738077,[],false,true,1,1,33607138,
1428372299079,ch.unige.css.services.main.CssRegistryService,ch.unige.ping:background,10074,13902,17964876,[STARTED],false,true,0,0,6748905,
1428372299079,com.whatsapp.messaging.MessageService,com.whatsapp,10159,7286,68313,[STARTED],false,true,1,1,33311703,
1428372299079,ccc71.at.services.at_service,ccc71.bmw.pro:services,10110,4012,69150,[STARTED],false,true,0,0,69159,
1428372299079,com.google.android.location.geocode.GeocodeService,com.google.process.location,10007,17755,50924882,[],false,true,1,1,31915807,
1428372359163,com.android.bluetooth.hid.HidService,com.android.bluetooth,1002,0,41148,[],false,true,2,2,41157,
1428372359163,com.android.exchange.service.EasService,com.google.android.gm.exchange,10157,2752,54256,[STARTED],false,true,1,1,33930535,
1428372359163,com.google.android.music.dial.DialMediaRouteProviderService,com.google.android.music:main,10058,0,21711939,[],false,true,0,0,10495967,
1428372359163,ch.unige.css.services.PingService,ch.unige.ping,10074,1449,71502485,[STARTED],false,true,0,0,34754220,
1428372359163,com.android.systemui.keyguard.KeyguardService,com.android.systemui,10012,906,42358,[PERSISTENT],false,false,1,1,42367,
1428372359163,com.google.android.gms.droidguard.DroidGuardService,com.google.android.gms.unstable,10007,9162,53738077,[],false,true,1,1,33607138,
1428372359163,ch.unige.css.services.main.CssRegistryService,ch.unige.ping:background,10074,13902,17964876,[STARTED],false,true,0,0,6748905,
1428372359163,com.whatsapp.messaging.MessageService,com.whatsapp,10159,7286,68313,[STARTED],false,true,1,1,33311703,
1428372359163,ccc71.at.services.at_service,ccc71.bmw.pro:services,10110,4012,69150,[STARTED],false,true,0,0,69159,
1428372359163,com.google.android.location.geocode.GeocodeService,com.google.process.location,10007,17755,50924882,[],false,true,1,1,31915807,
1428372419573,com.android.bluetooth.hid.HidService,com.android.bluetooth,1002,0,41148,[],false,true,2,2,41157,
1428372419573,com.android.exchange.service.EasService,com.google.android.gm.exchange,10157,2752,54256,[STARTED],false,true,1,1,33930535,
1428372419573,com.google.android.music.dial.DialMediaRouteProviderService,com.google.android.music:main,10058,0,21711939,[],false,true,0,0,10495967,
1428372419573,ch.unige.css.services.PingService,ch.unige.ping,10074,1449,71562922,[STARTED],false,true,0,0,34755358,
1428372419573,com.android.systemui.keyguard.KeyguardService,com.android.systemui,10012,906,42358,[PERSISTENT],false,false,1,1,42367,
1428372419573,com.google.android.gms.droidguard.DroidGuardService,com.google.android.gms.unstable,10007,9162,53738077,[],false,true,1,1,33607138,
1428372419573,ch.unige.css.services.main.CssRegistryService,ch.unige.ping:background,10074,13902,17964876,[STARTED],false,true,0,0,6748905,
1428372419573,com.whatsapp.messaging.MessageService,com.whatsapp,10159,7286,68313,[STARTED],false,true,1,1,33311703,
1428372419573,ccc71.at.services.at_service,ccc71.bmw.pro:services,10110,4012,69150,[STARTED],false,true,0,0,69159,
1428372419573,com.google.android.location.geocode.GeocodeService,com.google.process.location,10007,17755,50924882,[],false,true,1,1,31915807,
1428372479597,com.android.bluetooth.hid.HidService,com.android.bluetooth,1002,0,41148,[],false,true,2,2,41157,
1428372479597,com.android.exchange.service.EasService,com.google.android.gm.exchange,10157,2752,54256,[STARTED],false,true,1,1,33930535,
1428372479597,com.google.android.music.dial.DialMediaRouteProviderService,com.google.android.music:main,10058,0,21711939,[],false,true,0,0,10495967,
1428372479597,ch.unige.css.services.PingService,ch.unige.ping,10074,1449,71622932,[STARTED],false,true,0,0,34756829,
1428372479597,com.android.systemui.keyguard.KeyguardService,com.android.systemui,10012,906,42358,[PERSISTENT],false,false,1,1,42367,
1428372479597,com.google.android.gms.droidguard.DroidGuardService,com.google.android.gms.unstable,10007,9162,53738077,[],false,true,1,1,33607138,
1428372479597,ch.unige.css.services.main.CssRegistryService,ch.unige.ping:background,10074,13902,17964876,[STARTED],false,true,0,0,6748905,
1428372479597,com.whatsapp.messaging.MessageService,com.whatsapp,10159,7286,68313,[STARTED],false,true,1,1,33311703,
1428372479597,ccc71.at.services.at_service,ccc71.bmw.pro:services,10110,4012,69150,[STARTED],false,true,0,0,69159,
1428372479597,com.google.android.location.geocode.GeocodeService,com.google.process.location,10007,17755,50924882,[],false,true,1,1,31915807,
1428372539642,com.android.bluetooth.hid.HidService,com.android.bluetooth,1002,0,41148,[],false,true,2,2,41157,
1428372539642,com.android.exchange.service.EasService,com.google.android.gm.exchange,10157,2752,54256,[STARTED],false,true,1,1,33930535,
1428372539642,com.google.android.music.dial.DialMediaRouteProviderService,com.google.android.music:main,10058,0,21711939,[],false,true,0,0,10495967,
1428372539642,ch.unige.css.services.PingService,ch.unige.ping,10074,1449,71682948,[STARTED],false,true,0,0,34758603,
1428372539642,com.android.systemui.keyguard.KeyguardService,com.android.systemui,10012,906,42358,[PERSISTENT],false,false,1,1,42367,
1428372539642,com.google.android.gms.droidguard.DroidGuardService,com.google.android.gms.unstable,10007,9162,53738077,[],false,true,1,1,33607138,
1428372539642,ch.unige.css.services.main.CssRegistryService,ch.unige.ping:background,10074,13902,17964876,[STARTED],false,true,0,0,6748905,
1428372539642,com.whatsapp.messaging.MessageService,com.whatsapp,10159,7286,68313,[STARTED],false,true,1,1,33311703,
1428372539642,ccc71.at.services.at_service,ccc71.bmw.pro:services,10110,4012,69150,[STARTED],false,true,0,0,69159,
1428372539642,com.google.android.location.geocode.GeocodeService,com.google.process.location,10007,17755,50924882,[],false,true,1,1,31915807,
1428372599662,com.android.bluetooth.hid.HidService,com.android.bluetooth,1002,0,41148,[],false,true,2,2,41157,
1428372599662,com.android.exchange.service.EasService,com.google.android.gm.exchange,10157,2752,54256,[STARTED],false,true,1,1,33930535,
1428372599662,com.google.android.music.dial.DialMediaRouteProviderService,com.google.android.music:main,10058,0,21711939,[],false,true,0,0,10495967,
1428372599662,ch.unige.css.services.PingService,ch.unige.ping,10074,1449,71742961,[STARTED],false,true,0,0,34760066,
1428372599662,com.android.systemui.keyguard.KeyguardService,com.android.systemui,10012,906,42358,[PERSISTENT],false,false,1,1,42367,
1428372599662,com.google.android.gms.droidguard.DroidGuardService,com.google.android.gms.unstable,10007,9162,53738077,[],false,true,1,1,33607138,
1428372599662,ch.unige.css.services.main.CssRegistryService,ch.unige.ping:background,10074,13902,17964876,[STARTED],false,true,0,0,6748905,
1428372599662,com.whatsapp.messaging.MessageService,com.whatsapp,10159,7286,68313,[STARTED],false,true,1,1,33311703,
1428372599662,ccc71.at.services.at_service,ccc71.bmw.pro:services,10110,4012,69150,[STARTED],false,true,0,0,69159,
1428372599662,com.google.android.location.geocode.GeocodeService,com.google.process.location,10007,17755,50924882,[],false,true,1,1,31915807,
1428372691659,com.android.bluetooth.hid.HidService,com.android.bluetooth,1002,0,41148,[],false,true,2,2,41157,
1428372691659,com.android.exchange.service.EasService,com.google.android.gm.exchange,10157,2752,54256,[STARTED],false,true,1,1,33930535,
1428372691659,com.google.android.music.dial.DialMediaRouteProviderService,com.google.android.music:main,10058,0,21711939,[],false,true,0,0,10495967,
1428372691659,ch.unige.css.services.PingService,ch.unige.ping,10074,1449,71834971,[STARTED],false,true,0,0,34762076,
1428372691659,com.android.systemui.keyguard.KeyguardService,com.android.systemui,10012,906,42358,[PERSISTENT],false,false,1,1,42367,
1428372691659,com.google.android.gms.droidguard.DroidGuardService,com.google.android.gms.unstable,10007,9162,53738077,[],false,true,1,1,33607138,
1428372691659,ch.unige.css.services.main.CssRegistryService,ch.unige.ping:background,10074,13902,17964876,[STARTED],false,true,0,0,6748905,
1428372691659,com.whatsapp.messaging.MessageService,com.whatsapp,10159,7286,68313,[STARTED],false,true,1,1,33311703,
1428372691659,ccc71.at.services.at_service,ccc71.bmw.pro:services,10110,4012,69150,[STARTED],false,true,0,0,69159,
1428372691659,com.google.android.location.geocode.GeocodeService,com.google.process.location,10007,17755,50924882,[],false,true,1,1,31915807,
1428372751682,com.android.bluetooth.hid.HidService,com.android.bluetooth,1002,0,41148,[],false,true,2,2,41157,
1428372751682,com.android.exchange.service.EasService,com.google.android.gm.exchange,10157,2752,54256,[STARTED],false,true,1,1,33930535,
1428372751682,com.google.android.music.dial.DialMediaRouteProviderService,com.google.android.music:main,10058,0,21711939,[],false,true,0,0,10495967,
1428372751682,ch.unige.css.services.PingService,ch.unige.ping,10074,1449,71894991,[STARTED],false,true,0,0,34771426,
1428372751682,com.android.systemui.keyguard.KeyguardService,com.android.systemui,10012,906,42358,[PERSISTENT],false,false,1,1,42367,
1428372751682,com.google.android.gms.droidguard.DroidGuardService,com.google.android.gms.unstable,10007,9162,53738077,[],false,true,1,1,33607138,
1428372751682,ch.unige.css.services.main.CssRegistryService,ch.unige.ping:background,10074,13902,17964876,[STARTED],false,true,0,0,6748905,
1428372751682,com.whatsapp.messaging.MessageService,com.whatsapp,10159,7286,68313,[STARTED],false,true,1,1,33311703,
1428372751682,ccc71.at.services.at_service,ccc71.bmw.pro:services,10110,4012,69150,[STARTED],false,true,0,0,69159,
1428372751682,com.google.android.location.geocode.GeocodeService,com.google.process.location,10007,17755,50924882,[],false,true,1,1,31915807,
1428372811744,com.android.bluetooth.hid.HidService,com.android.bluetooth,1002,0,41148,[],false,true,2,2,41157,
1428372811744,com.android.exchange.service.EasService,com.google.android.gm.exchange,10157,2752,54256,[STARTED],false,true,1,1,33930535,
1428372811744,com.google.android.music.dial.DialMediaRouteProviderService,com.google.android.music:main,10058,0,21711939,[],false,true,0,0,10495967,
1428372811744,ch.unige.css.services.PingService,ch.unige.ping,10074,1449,71955064,[STARTED],false,true,0,0,34773025,
1428372811744,com.android.systemui.keyguard.KeyguardService,com.android.systemui,10012,906,42358,[PERSISTENT],false,false,1,1,42367,
1428372811744,com.google.android.gms.droidguard.DroidGuardService,com.google.android.gms.unstable,10007,9162,53738077,[],false,true,1,1,33607138,
1428372811744,ch.unige.css.services.main.CssRegistryService,ch.unige.ping:background,10074,13902,17964876,[STARTED],false,true,0,0,6748905,
1428372811744,com.whatsapp.messaging.MessageService,com.whatsapp,10159,7286,68313,[STARTED],false,true,1,1,33311703,
1428372811744,ccc71.at.services.at_service,ccc71.bmw.pro:services,10110,4012,69150,[STARTED],false,true,0,0,69159,
1428372811744,com.google.android.location.geocode.GeocodeService,com.google.process.location,10007,17755,50924882,[],false,true,1,1,31915807,
1428372871808,com.android.bluetooth.hid.HidService,com.android.bluetooth,1002,0,41148,[],false,true,2,2,41157,
1428372871808,com.android.exchange.service.EasService,com.google.android.gm.exchange,10157,2752,54256,[STARTED],false,true,1,1,33930535,
1428372871808,com.google.android.music.dial.DialMediaRouteProviderService,com.google.android.music:main,10058,0,21711939,[],false,true,0,0,10495967,
1428372871808,ch.unige.css.services.PingService,ch.unige.ping,10074,1449,72015134,[STARTED],false,true,0,0,34774694,
1428372871808,com.android.systemui.keyguard.KeyguardService,com.android.systemui,10012,906,42358,[PERSISTENT],false,false,1,1,42367,
1428372871808,com.google.android.gms.droidguard.DroidGuardService,com.google.android.gms.unstable,10007,9162,53738077,[],false,true,1,1,33607138,
1428372871808,ch.unige.css.services.main.CssRegistryService,ch.unige.ping:background,10074,13902,17964876,[STARTED],false,true,0,0,6748905,
1428372871808,com.whatsapp.messaging.MessageService,com.whatsapp,10159,7286,68313,[STARTED],false,true,1,1,33311703,
1428372871808,ccc71.at.services.at_service,ccc71.bmw.pro:services,10110,4012,69150,[STARTED],false,true,0,0,69159,
1428372871808,com.google.android.location.geocode.GeocodeService,com.google.process.location,10007,17755,50924882,[],false,true,1,1,31915807,
1428372931892,com.android.bluetooth.hid.HidService,com.android.bluetooth,1002,0,41148,[],false,true,2,2,41157,
1428372931892,com.android.exchange.service.EasService,com.google.android.gm.exchange,10157,2752,54256,[STARTED],false,true,1,1,33930535,
1428372931892,com.google.android.music.dial.DialMediaRouteProviderService,com.google.android.music:main,10058,0,21711939,[],false,true,0,0,10495967,
1428372931892,ch.unige.css.services.PingService,ch.unige.ping,10074,1449,72075206,[STARTED],false,true,0,0,34777501,
1428372931892,com.android.systemui.keyguard.KeyguardService,com.android.systemui,10012,906,42358,[PERSISTENT],false,false,1,1,42367,
1428372931892,com.google.android.gms.droidguard.DroidGuardService,com.google.android.gms.unstable,10007,9162,53738077,[],false,true,1,1,33607138,
1428372931892,ch.unige.css.services.main.CssRegistryService,ch.unige.ping:background,10074,13902,17964876,[STARTED],false,true,0,0,6748905,
1428372931892,com.whatsapp.messaging.MessageService,com.whatsapp,10159,7286,68313,[STARTED],false,true,1,1,33311703,
1428372931892,ccc71.at.services.at_service,ccc71.bmw.pro:services,10110,4012,69150,[STARTED],false,true,0,0,69159,
1428372931892,com.google.android.location.geocode.GeocodeService,com.google.process.location,10007,17755,50924882,[],false,true,1,1,31915807,
1428372991942,com.android.bluetooth.hid.HidService,com.android.bluetooth,1002,0,41148,[],false,true,2,2,41157,
1428372991942,com.android.exchange.service.EasService,com.google.android.gm.exchange,10157,2752,54256,[STARTED],false,true,1,1,33930535,
1428372991942,com.google.android.music.dial.DialMediaRouteProviderService,com.google.android.music:main,10058,0,21711939,[],false,true,0,0,10495967,
1428372991942,ch.unige.css.services.PingService,ch.unige.ping,10074,1449,72135255,[STARTED],false,true,0,0,34779456,
1428372991942,com.android.systemui.keyguard.KeyguardService,com.android.systemui,10012,906,42358,[PERSISTENT],false,false,1,1,42367,
1428372991942,com.google.android.gms.droidguard.DroidGuardService,com.google.android.gms.unstable,10007,9162,53738077,[],false,true,1,1,33607138,
1428372991942,ch.unige.css.services.main.CssRegistryService,ch.unige.ping:background,10074,13902,17964876,[STARTED],false,true,0,0,6748905,
1428372991942,com.whatsapp.messaging.MessageService,com.whatsapp,10159,7286,68313,[STARTED],false,true,1,1,33311703,
1428372991942,ccc71.at.services.at_service,ccc71.bmw.pro:services,10110,4012,69150,[STARTED],false,true,0,0,69159,
1428372991942,com.google.android.location.geocode.GeocodeService,com.google.process.location,10007,17755,50924882,[],false,true,1,1,31915807,
1428373052612,com.android.bluetooth.hid.HidService,com.android.bluetooth,1002,0,41148,[],false,true,2,2,41157,
1428373052612,com.android.exchange.service.EasService,com.google.android.gm.exchange,10157,2752,54256,[STARTED],false,true,1,1,33930535,
1428373052612,com.google.android.music.dial.DialMediaRouteProviderService,com.google.android.music:main,10058,0,21711939,[],false,true,0,0,10495967,
1428373052612,ch.unige.css.services.PingService,ch.unige.ping,10074,1449,72195926,[STARTED],false,true,0,0,34782637,
1428373052612,com.android.systemui.keyguard.KeyguardService,com.android.systemui,10012,906,42358,[PERSISTENT],false,false,1,1,42367,
1428373052612,com.google.android.gms.droidguard.DroidGuardService,com.google.android.gms.unstable,10007,9162,53738077,[],false,true,1,1,33607138,
1428373052612,ch.unige.css.services.main.CssRegistryService,ch.unige.ping:background,10074,13902,17964876,[STARTED],false,true,0,0,6748905,
1428373052612,com.whatsapp.messaging.MessageService,com.whatsapp,10159,7286,68313,[STARTED],false,true,1,1,33311703,
1428373052612,ccc71.at.services.at_service,ccc71.bmw.pro:services,10110,4012,69150,[STARTED],false,true,0,0,69159,
1428373052612,com.google.android.location.geocode.GeocodeService,com.google.process.location,10007,17755,50924882,[],false,true,1,1,31915807,
1428373112627,com.android.bluetooth.hid.HidService,com.android.bluetooth,1002,0,41148,[],false,true,2,2,41157,
1428373112627,com.android.exchange.service.EasService,com.google.android.gm.exchange,10157,2752,54256,[STARTED],false,true,1,1,33930535,
1428373112627,com.google.android.music.dial.DialMediaRouteProviderService,com.google.android.music:main,10058,0,21711939,[],false,true,0,0,10495967,
1428373112627,ch.unige.css.services.PingService,ch.unige.ping,10074,1449,72255941,[STARTED],false,true,0,0,34784132,
1428373112627,com.android.systemui.keyguard.KeyguardService,com.android.systemui,10012,906,42358,[PERSISTENT],false,false,1,1,42367,
1428373112627,com.google.android.gms.droidguard.DroidGuardService,com.google.android.gms.unstable,10007,9162,53738077,[],false,true,1,1,33607138,
1428373112627,ch.unige.css.services.main.CssRegistryService,ch.unige.ping:background,10074,13902,17964876,[STARTED],false,true,0,0,6748905,
1428373112627,com.whatsapp.messaging.MessageService,com.whatsapp,10159,7286,68313,[STARTED],false,true,1,1,33311703,
1428373112627,ccc71.at.services.at_service,ccc71.bmw.pro:services,10110,4012,69150,[STARTED],false,true,0,0,69159,
1428373112627,com.google.android.location.geocode.GeocodeService,com.google.process.location,10007,17755,50924882,[],false,true,1,1,31915807,
1428373172667,com.android.bluetooth.hid.HidService,com.android.bluetooth,1002,0,41148,[],false,true,2,2,41157,
1428373172667,com.android.exchange.service.EasService,com.google.android.gm.exchange,10157,2752,54256,[STARTED],false,true,1,1,33930535,
1428373172667,com.google.android.music.dial.DialMediaRouteProviderService,com.google.android.music:main,10058,0,21711939,[],false,true,0,0,10495967,
1428373172667,ch.unige.css.services.PingService,ch.unige.ping,10074,1449,72315974,[STARTED],false,true,0,0,34785539,
1428373172667,com.android.systemui.keyguard.KeyguardService,com.android.systemui,10012,906,42358,[PERSISTENT],false,false,1,1,42367,
1428373172667,com.google.android.gms.droidguard.DroidGuardService,com.google.android.gms.unstable,10007,9162,53738077,[],false,true,1,1,33607138,
1428373172667,ch.unige.css.services.main.CssRegistryService,ch.unige.ping:background,10074,13902,17964876,[STARTED],false,true,0,0,6748905,
1428373172667,com.whatsapp.messaging.MessageService,com.whatsapp,10159,7286,68313,[STARTED],false,true,1,1,33311703,
1428373172667,ccc71.at.services.at_service,ccc71.bmw.pro:services,10110,4012,69150,[STARTED],false,true,0,0,69159,
1428373172667,com.google.android.location.geocode.GeocodeService,com.google.process.location,10007,17755,50924882,[],false,true,1,1,31915807,
1428373238677,com.android.bluetooth.hid.HidService,com.android.bluetooth,1002,0,41148,[],false,true,2,2,41157,
1428373238677,com.android.exchange.service.EasService,com.google.android.gm.exchange,10157,2752,54256,[STARTED],false,true,1,1,33930535,
1428373238677,com.google.android.music.dial.DialMediaRouteProviderService,com.google.android.music:main,10058,0,21711939,[],false,true,0,0,10495967,
1428373238677,ch.unige.css.services.PingService,ch.unige.ping,10074,1449,72382007,[STARTED],false,true,0,0,34787007,
1428373238677,com.android.systemui.keyguard.KeyguardService,com.android.systemui,10012,906,42358,[PERSISTENT],false,false,1,1,42367,
1428373238677,com.google.android.gms.droidguard.DroidGuardService,com.google.android.gms.unstable,10007,9162,53738077,[],false,true,1,1,33607138,
1428373238677,ch.unige.css.services.main.CssRegistryService,ch.unige.ping:background,10074,13902,17964876,[STARTED],false,true,0,0,6748905,
1428373238677,com.whatsapp.messaging.MessageService,com.whatsapp,10159,7286,68313,[STARTED],false,true,1,1,33311703,
1428373238677,ccc71.at.services.at_service,ccc71.bmw.pro:services,10110,4012,69150,[STARTED],false,true,0,0,69159,
1428373238677,com.google.android.location.geocode.GeocodeService,com.google.process.location,10007,17755,50924882,[],false,true,1,1,31915807,
1428373298758,com.android.bluetooth.hid.HidService,com.android.bluetooth,1002,0,41148,[],false,true,2,2,41157,
1428373298758,com.google.android.gms.fitness.service.history.FitHistoryBroker,com.google.process.location,10007,17755,72382143,[],false,true,1,1,34787144,
1428373298758,com.android.exchange.service.EasService,com.google.android.gm.exchange,10157,2752,54256,[STARTED],false,true,1,1,33930535,
1428373298758,com.google.android.music.dial.DialMediaRouteProviderService,com.google.android.music:main,10058,0,21711939,[],false,true,0,0,10495967,
1428373298758,ch.unige.css.services.PingService,ch.unige.ping,10074,1449,72442072,[STARTED],false,true,0,0,34790102,
1428373298758,com.google.android.gms.fitness.service.config.FitConfigBroker,com.google.process.location,10007,17755,72382148,[],false,true,1,1,34787149,
1428373298758,com.android.systemui.keyguard.KeyguardService,com.android.systemui,10012,906,42358,[PERSISTENT],false,false,1,1,42367,
1428373298758,com.google.android.gms.droidguard.DroidGuardService,com.google.android.gms.unstable,10007,9162,53738077,[],false,true,1,1,33607138,
1428373298758,ch.unige.css.services.main.CssRegistryService,ch.unige.ping:background,10074,13902,17964876,[STARTED],false,true,0,0,6748905,
1428373298758,com.whatsapp.messaging.MessageService,com.whatsapp,10159,7286,68313,[STARTED],false,true,1,1,33311703,
1428373358845,com.android.bluetooth.hid.HidService,com.android.bluetooth,1002,0,41148,[],false,true,2,2,41157,
1428373358845,com.android.exchange.service.EasService,com.google.android.gm.exchange,10157,2752,54256,[STARTED],false,true,1,1,33930535,
1428373358845,com.google.android.music.dial.DialMediaRouteProviderService,com.google.android.music:main,10058,0,21711939,[],false,true,0,0,10495967,
1428373358845,ch.unige.css.services.PingService,ch.unige.ping,10074,1449,72502145,[STARTED],false,true,0,0,34800271,
1428373358845,com.android.systemui.keyguard.KeyguardService,com.android.systemui,10012,906,42358,[PERSISTENT],false,false,1,1,42367,
1428373358845,com.google.android.gms.droidguard.DroidGuardService,com.google.android.gms.unstable,10007,9162,53738077,[],false,true,1,1,33607138,
1428373358845,ch.unige.css.services.main.CssRegistryService,ch.unige.ping:background,10074,13902,17964876,[STARTED],false,true,0,0,6748905,
1428373358845,com.whatsapp.messaging.MessageService,com.whatsapp,10159,7286,68313,[STARTED],false,true,1,1,33311703,
1428373358845,ccc71.at.services.at_service,ccc71.bmw.pro:services,10110,4012,69150,[STARTED],false,true,0,0,69159,
1428373358845,com.google.android.location.geocode.GeocodeService,com.google.process.location,10007,17755,50924882,[],false,true,1,1,31915807,
1428373418922,com.android.bluetooth.hid.HidService,com.android.bluetooth,1002,0,41148,[],false,true,2,2,41157,
1428373418922,com.android.exchange.service.EasService,com.google.android.gm.exchange,10157,2752,54256,[STARTED],false,true,1,1,33930535,
1428373418922,com.google.android.music.dial.DialMediaRouteProviderService,com.google.android.music:main,10058,0,21711939,[],false,true,0,0,10495967,
1428373418922,ch.unige.css.services.PingService,ch.unige.ping,10074,1449,72562254,[STARTED],false,true,0,0,34802229,
1428373418922,com.android.systemui.keyguard.KeyguardService,com.android.systemui,10012,906,42358,[PERSISTENT],false,false,1,1,42367,
1428373418922,com.google.android.gms.droidguard.DroidGuardService,com.google.android.gms.unstable,10007,9162,53738077,[],false,true,1,1,33607138,
1428373418922,ch.unige.css.services.main.CssRegistryService,ch.unige.ping:background,10074,13902,17964876,[STARTED],false,true,0,0,6748905,
1428373418922,com.whatsapp.messaging.MessageService,com.whatsapp,10159,7286,68313,[STARTED],false,true,1,1,33311703,
1428373418922,ccc71.at.services.at_service,ccc71.bmw.pro:services,10110,4012,69150,[STARTED],false,true,0,0,69159,
1428373418922,com.google.android.location.geocode.GeocodeService,com.google.process.location,10007,17755,50924882,[],false,true,1,1,31915807,
1428373478952,com.android.bluetooth.hid.HidService,com.android.bluetooth,1002,0,41148,[],false,true,2,2,41157,
1428373478952,com.android.exchange.service.EasService,com.google.android.gm.exchange,10157,2752,54256,[STARTED],false,true,1,1,33930535,
1428373478952,com.google.android.music.dial.DialMediaRouteProviderService,com.google.android.music:main,10058,0,21711939,[],false,true,0,0,10495967,
1428373478952,ch.unige.css.services.PingService,ch.unige.ping,10074,1449,72622269,[STARTED],false,true,0,0,34804584,
1428373478952,com.android.systemui.keyguard.KeyguardService,com.android.systemui,10012,906,42358,[PERSISTENT],false,false,1,1,42367,
1428373478952,com.google.android.gms.droidguard.DroidGuardService,com.google.android.gms.unstable,10007,9162,53738077,[],false,true,1,1,33607138,
1428373478952,ch.unige.css.services.main.CssRegistryService,ch.unige.ping:background,10074,13902,17964876,[STARTED],false,true,0,0,6748905,
1428373478952,com.whatsapp.messaging.MessageService,com.whatsapp,10159,7286,68313,[STARTED],false,true,1,1,33311703,
1428373478952,ccc71.at.services.at_service,ccc71.bmw.pro:services,10110,4012,69150,[STARTED],false,true,0,0,69159,
1428373478952,com.google.android.location.geocode.GeocodeService,com.google.process.location,10007,17755,50924882,[],false,true,1,1,31915807,
1428373538964,com.android.bluetooth.hid.HidService,com.android.bluetooth,1002,0,41148,[],false,true,2,2,41157,
1428373538964,com.android.exchange.service.EasService,com.google.android.gm.exchange,10157,2752,54256,[STARTED],false,true,1,1,33930535,
1428373538964,com.google.android.music.dial.DialMediaRouteProviderService,com.google.android.music:main,10058,0,21711939,[],false,true,0,0,10495967,
1428373538964,ch.unige.css.services.PingService,ch.unige.ping,10074,1449,72682284,[STARTED],false,true,0,0,34806934,
1428373538964,com.android.systemui.keyguard.KeyguardService,com.android.systemui,10012,906,42358,[PERSISTENT],false,false,1,1,42367,
1428373538964,com.google.android.gms.droidguard.DroidGuardService,com.google.android.gms.unstable,10007,9162,53738077,[],false,true,1,1,33607138,
1428373538964,ch.unige.css.services.main.CssRegistryService,ch.unige.ping:background,10074,13902,17964876,[STARTED],false,true,0,0,6748905,
1428373538964,com.whatsapp.messaging.MessageService,com.whatsapp,10159,7286,68313,[STARTED],false,true,1,1,33311703,
1428373538964,ccc71.at.services.at_service,ccc71.bmw.pro:services,10110,4012,69150,[STARTED],false,true,0,0,69159,
1428373538964,com.google.android.location.geocode.GeocodeService,com.google.process.location,10007,17755,50924882,[],false,true,1,1,31915807,
1428373599032,com.android.bluetooth.hid.HidService,com.android.bluetooth,1002,0,41148,[],false,true,2,2,41157,
1428373599032,com.android.exchange.service.EasService,com.google.android.gm.exchange,10157,2752,54256,[STARTED],false,true,1,1,33930535,
1428373599032,com.google.android.music.dial.DialMediaRouteProviderService,com.google.android.music:main,10058,0,21711939,[],false,true,0,0,10495967,
1428373599032,com.android.systemui.keyguard.KeyguardService,com.android.systemui,10012,906,42358,[PERSISTENT],false,false,1,1,42367,
1428373599032,com.google.android.gms.droidguard.DroidGuardService,com.google.android.gms.unstable,10007,9162,53738077,[],false,true,1,1,33607138,
1428373599032,ch.unige.css.services.main.CssRegistryService,ch.unige.ping:background,10074,13902,17964876,[STARTED],false,true,0,0,6748905,
1428373599032,com.whatsapp.messaging.MessageService,com.whatsapp,10159,7286,68313,[STARTED],false,true,1,1,33311703,
1428373599032,ccc71.at.services.at_service,ccc71.bmw.pro:services,10110,4012,69150,[STARTED],false,true,0,0,69159,
1428373599032,com.google.android.location.geocode.GeocodeService,com.google.process.location,10007,17755,50924882,[],false,true,1,1,31915807,
1428373599032,com.google.android.gms.gcm.GcmService,com.google.process.gapps,10007,17792,17965599,[STARTED],false,true,0,0,33902416,
1428373659036,com.android.bluetooth.hid.HidService,com.android.bluetooth,1002,0,41148,[],false,true,2,2,41157,
1428373659036,com.android.exchange.service.EasService,com.google.android.gm.exchange,10157,2752,54256,[STARTED],false,true,1,1,33930535,
1428373659036,com.google.android.music.dial.DialMediaRouteProviderService,com.google.android.music:main,10058,0,21711939,[],false,true,0,0,10495967,
1428373659036,ch.unige.css.services.PingService,ch.unige.ping,10074,1449,72802344,[STARTED],false,true,0,0,34812178,
1428373659036,com.android.systemui.keyguard.KeyguardService,com.android.systemui,10012,906,42358,[PERSISTENT],false,false,1,1,42367,
1428373659036,com.google.android.gms.droidguard.DroidGuardService,com.google.android.gms.unstable,10007,9162,53738077,[],false,true,1,1,33607138,
1428373659036,ch.unige.css.services.main.CssRegistryService,ch.unige.ping:background,10074,13902,17964876,[STARTED],false,true,0,0,6748905,
1428373659036,com.whatsapp.messaging.MessageService,com.whatsapp,10159,7286,68313,[STARTED],false,true,1,1,33311703,
1428373659036,ccc71.at.services.at_service,ccc71.bmw.pro:services,10110,4012,69150,[STARTED],false,true,0,0,69159,
1428373659036,com.google.android.location.geocode.GeocodeService,com.google.process.location,10007,17755,50924882,[],false,true,1,1,31915807,
1428373719085,com.android.bluetooth.hid.HidService,com.android.bluetooth,1002,0,41148,[],false,true,2,2,41157,
1428373719085,com.android.exchange.service.EasService,com.google.android.gm.exchange,10157,2752,54256,[STARTED],false,true,1,1,33930535,
1428373719085,com.google.android.music.dial.DialMediaRouteProviderService,com.google.android.music:main,10058,0,21711939,[],false,true,0,0,10495967,
1428373719085,ch.unige.css.services.PingService,ch.unige.ping,10074,1449,72862411,[STARTED],false,true,0,0,34814786,
1428373719085,com.android.systemui.keyguard.KeyguardService,com.android.systemui,10012,906,42358,[PERSISTENT],false,false,1,1,42367,
1428373719085,com.google.android.gms.droidguard.DroidGuardService,com.google.android.gms.unstable,10007,9162,53738077,[],false,true,1,1,33607138,
1428373719085,ch.unige.css.services.main.CssRegistryService,ch.unige.ping:background,10074,13902,17964876,[STARTED],false,true,0,0,6748905,
1428373719085,com.whatsapp.messaging.MessageService,com.whatsapp,10159,7286,68313,[STARTED],false,true,1,1,33311703,
1428373719085,ccc71.at.services.at_service,ccc71.bmw.pro:services,10110,4012,69150,[STARTED],false,true,0,0,69159,
1428373719085,com.google.android.location.geocode.GeocodeService,com.google.process.location,10007,17755,50924882,[],false,true,1,1,31915807,
1428373779205,com.android.bluetooth.hid.HidService,com.android.bluetooth,1002,0,41148,[],false,true,2,2,41157,
1428373779205,com.android.exchange.service.EasService,com.google.android.gm.exchange,10157,2752,54256,[STARTED],false,true,1,1,33930535,
1428373779205,com.google.android.music.dial.DialMediaRouteProviderService,com.google.android.music:main,10058,0,21711939,[],false,true,0,0,10495967,
1428373779205,ch.unige.css.services.PingService,ch.unige.ping,10074,1449,72922521,[STARTED],false,true,0,0,34817781,
1428373779205,com.android.systemui.keyguard.KeyguardService,com.android.systemui,10012,906,42358,[PERSISTENT],false,false,1,1,42367,
1428373779205,com.google.android.gms.droidguard.DroidGuardService,com.google.android.gms.unstable,10007,9162,53738077,[],false,true,1,1,33607138,
1428373779205,ch.unige.css.services.main.CssRegistryService,ch.unige.ping:background,10074,13902,17964876,[STARTED],false,true,0,0,6748905,
1428373779205,com.whatsapp.messaging.MessageService,com.whatsapp,10159,7286,68313,[STARTED],false,true,1,1,33311703,
1428373779205,ccc71.at.services.at_service,ccc71.bmw.pro:services,10110,4012,69150,[STARTED],false,true,0,0,69159,
1428373779205,com.google.android.location.geocode.GeocodeService,com.google.process.location,10007,17755,50924882,[],false,true,1,1,31915807,
1428373839278,com.android.bluetooth.hid.HidService,com.android.bluetooth,1002,0,41148,[],false,true,2,2,41157,
1428373839278,com.android.exchange.service.EasService,com.google.android.gm.exchange,10157,2752,54256,[STARTED],false,true,1,1,33930535,
1428373839278,com.google.android.music.dial.DialMediaRouteProviderService,com.google.android.music:main,10058,0,21711939,[],false,true,0,0,10495967,
1428373839278,ch.unige.css.services.PingService,ch.unige.ping,10074,1449,72982599,[STARTED],false,true,0,0,34821428,
1428373839278,com.android.systemui.keyguard.KeyguardService,com.android.systemui,10012,906,42358,[PERSISTENT],false,false,1,1,42367,
1428373839278,com.google.android.gms.droidguard.DroidGuardService,com.google.android.gms.unstable,10007,9162,53738077,[],false,true,1,1,33607138,
1428373839278,ch.unige.css.services.main.CssRegistryService,ch.unige.ping:background,10074,13902,17964876,[STARTED],false,true,0,0,6748905,
1428373839278,com.whatsapp.messaging.MessageService,com.whatsapp,10159,7286,68313,[STARTED],false,true,1,1,33311703,
1428373839278,ccc71.at.services.at_service,ccc71.bmw.pro:services,10110,4012,69150,[STARTED],false,true,0,0,69159,
1428373839278,com.google.android.location.geocode.GeocodeService,com.google.process.location,10007,17755,50924882,[],false,true,1,1,31915807,
1428373899612,com.android.bluetooth.hid.HidService,com.android.bluetooth,1002,0,41148,[],false,true,2,2,41157,
1428373899612,com.android.exchange.service.EasService,com.google.android.gm.exchange,10157,2752,54256,[STARTED],false,true,1,1,33930535,
1428373899612,com.google.android.music.dial.DialMediaRouteProviderService,com.google.android.music:main,10058,0,21711939,[],false,true,0,0,10495967,
1428373899612,ch.unige.css.services.PingService,ch.unige.ping,10074,1449,73042931,[STARTED],false,true,0,0,34822552,
1428373899612,com.android.systemui.keyguard.KeyguardService,com.android.systemui,10012,906,42358,[PERSISTENT],false,false,1,1,42367,
1428373899612,com.google.android.gms.droidguard.DroidGuardService,com.google.android.gms.unstable,10007,9162,53738077,[],false,true,1,1,33607138,
1428373899612,ch.unige.css.services.main.CssRegistryService,ch.unige.ping:background,10074,13902,17964876,[STARTED],false,true,0,0,6748905,
1428373899612,com.whatsapp.messaging.MessageService,com.whatsapp,10159,7286,68313,[STARTED],false,true,1,1,33311703,
1428373899612,ccc71.at.services.at_service,ccc71.bmw.pro:services,10110,4012,69150,[STARTED],false,true,0,0,69159,
1428373899612,com.google.android.location.geocode.GeocodeService,com.google.process.location,10007,17755,50924882,[],false,true,1,1,31915807,
1428373959624,com.android.bluetooth.hid.HidService,com.android.bluetooth,1002,0,41148,[],false,true,2,2,41157,
1428373959624,com.android.exchange.service.EasService,com.google.android.gm.exchange,10157,2752,54256,[STARTED],false,true,1,1,33930535,
1428373959624,com.google.android.music.dial.DialMediaRouteProviderService,com.google.android.music:main,10058,0,21711939,[],false,true,0,0,10495967,
1428373959624,ch.unige.css.services.PingService,ch.unige.ping,10074,1449,73102948,[STARTED],false,true,0,0,34833249,
1428373959624,com.android.systemui.keyguard.KeyguardService,com.android.systemui,10012,906,42358,[PERSISTENT],false,false,1,1,42367,
1428373959624,com.google.android.gms.droidguard.DroidGuardService,com.google.android.gms.unstable,10007,9162,53738077,[],false,true,1,1,33607138,
1428373959624,ch.unige.css.services.main.CssRegistryService,ch.unige.ping:background,10074,13902,17964876,[STARTED],false,true,0,0,6748905,
1428373959624,com.whatsapp.messaging.MessageService,com.whatsapp,10159,7286,68313,[STARTED],false,true,1,1,33311703,
1428373959624,ccc71.at.services.at_service,ccc71.bmw.pro:services,10110,4012,69150,[STARTED],false,true,0,0,69159,
1428373959624,com.google.android.location.geocode.GeocodeService,com.google.process.location,10007,17755,50924882,[],false,true,1,1,31915807,
1428374019667,com.android.bluetooth.hid.HidService,com.android.bluetooth,1002,0,41148,[],false,true,2,2,41157,
1428374019667,com.android.exchange.service.EasService,com.google.android.gm.exchange,10157,2752,54256,[STARTED],false,true,1,1,33930535,
1428374019667,com.google.android.music.dial.DialMediaRouteProviderService,com.google.android.music:main,10058,0,21711939,[],false,true,0,0,10495967,
1428374019667,ch.unige.css.services.PingService,ch.unige.ping,10074,1449,73162984,[STARTED],false,true,0,0,34835048,
1428374019667,com.android.systemui.keyguard.KeyguardService,com.android.systemui,10012,906,42358,[PERSISTENT],false,false,1,1,42367,
1428374019667,com.google.android.gms.droidguard.DroidGuardService,com.google.android.gms.unstable,10007,9162,53738077,[],false,true,1,1,33607138,
1428374019667,ch.unige.css.services.main.CssRegistryService,ch.unige.ping:background,10074,13902,17964876,[STARTED],false,true,0,0,6748905,
1428374019667,com.whatsapp.messaging.MessageService,com.whatsapp,10159,7286,68313,[STARTED],false,true,1,1,33311703,
1428374019667,ccc71.at.services.at_service,ccc71.bmw.pro:services,10110,4012,69150,[STARTED],false,true,0,0,69159,
1428374019667,com.google.android.location.geocode.GeocodeService,com.google.process.location,10007,17755,50924882,[],false,true,1,1,31915807,
1428374080614,com.android.bluetooth.hid.HidService,com.android.bluetooth,1002,0,41148,[],false,true,2,2,41157,
1428374080614,com.android.exchange.service.EasService,com.google.android.gm.exchange,10157,2752,54256,[STARTED],false,true,1,1,33930535,
1428374080614,com.google.android.music.dial.DialMediaRouteProviderService,com.google.android.music:main,10058,0,21711939,[],false,true,0,0,10495967,
1428374080614,ch.unige.css.services.PingService,ch.unige.ping,10074,1449,73223932,[STARTED],false,true,0,0,34837022,
1428374080614,com.android.systemui.keyguard.KeyguardService,com.android.systemui,10012,906,42358,[PERSISTENT],false,false,1,1,42367,
1428374080614,com.google.android.gms.droidguard.DroidGuardService,com.google.android.gms.unstable,10007,9162,53738077,[],false,true,1,1,33607138,
1428374080614,ch.unige.css.services.main.CssRegistryService,ch.unige.ping:background,10074,13902,17964876,[STARTED],false,true,0,0,6748905,
1428374080614,com.whatsapp.messaging.MessageService,com.whatsapp,10159,7286,68313,[STARTED],false,true,1,1,33311703,
1428374080614,ccc71.at.services.at_service,ccc71.bmw.pro:services,10110,4012,69150,[STARTED],false,true,0,0,69159,
1428374080614,com.google.android.location.geocode.GeocodeService,com.google.process.location,10007,17755,50924882,[],false,true,1,1,31915807,
1428374140746,com.android.bluetooth.hid.HidService,com.android.bluetooth,1002,0,41148,[],false,true,2,2,41157,
1428374140746,com.android.exchange.service.EasService,com.google.android.gm.exchange,10157,2752,54256,[STARTED],false,true,1,1,33930535,
1428374140746,com.google.android.music.dial.DialMediaRouteProviderService,com.google.android.music:main,10058,0,21711939,[],false,true,0,0,10495967,
1428374140746,ch.unige.css.services.PingService,ch.unige.ping,10074,1449,73283947,[STARTED],false,true,0,0,34838882,
1428374140746,com.android.systemui.keyguard.KeyguardService,com.android.systemui,10012,906,42358,[PERSISTENT],false,false,1,1,42367,
1428374140746,com.google.android.gms.droidguard.DroidGuardService,com.google.android.gms.unstable,10007,9162,53738077,[],false,true,1,1,33607138,
1428374140746,ch.unige.css.services.main.CssRegistryService,ch.unige.ping:background,10074,13902,17964876,[STARTED],false,true,0,0,6748905,
1428374140746,com.whatsapp.messaging.MessageService,com.whatsapp,10159,7286,68313,[STARTED],false,true,1,1,33311703,
1428374140746,ccc71.at.services.at_service,ccc71.bmw.pro:services,10110,4012,69150,[STARTED],false,true,0,0,69159,
1428374140746,com.google.android.location.geocode.GeocodeService,com.google.process.location,10007,17755,50924882,[],false,true,1,1,31915807,
1428374200649,com.android.bluetooth.hid.HidService,com.android.bluetooth,1002,0,41148,[],false,true,2,2,41157,
1428374200649,com.android.exchange.service.EasService,com.google.android.gm.exchange,10157,2752,54256,[STARTED],false,true,1,1,33930535,
1428374200649,com.google.android.music.dial.DialMediaRouteProviderService,com.google.android.music:main,10058,0,21711939,[],false,true,0,0,10495967,
1428374200649,ch.unige.css.services.PingService,ch.unige.ping,10074,1449,73343960,[STARTED],false,true,0,0,34840821,
1428374200649,com.android.systemui.keyguard.KeyguardService,com.android.systemui,10012,906,42358,[PERSISTENT],false,false,1,1,42367,
1428374200649,com.google.android.gms.droidguard.DroidGuardService,com.google.android.gms.unstable,10007,9162,53738077,[],false,true,1,1,33607138,
1428374200649,ch.unige.css.services.main.CssRegistryService,ch.unige.ping:background,10074,13902,17964876,[STARTED],false,true,0,0,6748905,
1428374200649,com.whatsapp.messaging.MessageService,com.whatsapp,10159,7286,68313,[STARTED],false,true,1,1,33311703,
1428374200649,ccc71.at.services.at_service,ccc71.bmw.pro:services,10110,4012,69150,[STARTED],false,true,0,0,69159,
1428374200649,com.google.android.location.geocode.GeocodeService,com.google.process.location,10007,17755,50924882,[],false,true,1,1,31915807,
1428374260683,com.android.bluetooth.hid.HidService,com.android.bluetooth,1002,0,41148,[],false,true,2,2,41157,
1428374260683,com.android.exchange.service.EasService,com.google.android.gm.exchange,10157,2752,54256,[STARTED],false,true,1,1,33930535,
1428374260683,com.google.android.music.dial.DialMediaRouteProviderService,com.google.android.music:main,10058,0,21711939,[],false,true,0,0,10495967,
1428374260683,ch.unige.css.services.PingService,ch.unige.ping,10074,1449,73403973,[STARTED],false,true,0,0,34842438,
1428374260683,com.android.systemui.keyguard.KeyguardService,com.android.systemui,10012,906,42358,[PERSISTENT],false,false,1,1,42367,
1428374260683,com.google.android.gms.droidguard.DroidGuardService,com.google.android.gms.unstable,10007,9162,53738077,[],false,true,1,1,33607138,
1428374260683,ch.unige.css.services.main.CssRegistryService,ch.unige.ping:background,10074,13902,17964876,[STARTED],false,true,0,0,6748905,
1428374260683,com.whatsapp.messaging.MessageService,com.whatsapp,10159,7286,68313,[STARTED],false,true,1,1,33311703,
1428374260683,ccc71.at.services.at_service,ccc71.bmw.pro:services,10110,4012,69150,[STARTED],false,true,0,0,69159,
1428374260683,com.google.android.location.geocode.GeocodeService,com.google.process.location,10007,17755,50924882,[],false,true,1,1,31915807,
1428374320694,com.android.bluetooth.hid.HidService,com.android.bluetooth,1002,0,41148,[],false,true,2,2,41157,
1428374320694,com.android.exchange.service.EasService,com.google.android.gm.exchange,10157,2752,54256,[STARTED],false,true,1,1,33930535,
1428374320694,com.google.android.music.dial.DialMediaRouteProviderService,com.google.android.music:main,10058,0,21711939,[],false,true,0,0,10495967,
1428374320694,ch.unige.css.services.PingService,ch.unige.ping,10074,1449,73463995,[STARTED],false,true,0,0,34843909,
1428374320694,com.android.systemui.keyguard.KeyguardService,com.android.systemui,10012,906,42358,[PERSISTENT],false,false,1,1,42367,
1428374320694,com.google.android.gms.droidguard.DroidGuardService,com.google.android.gms.unstable,10007,9162,53738077,[],false,true,1,1,33607138,
1428374320694,ch.unige.css.services.main.CssRegistryService,ch.unige.ping:background,10074,13902,17964876,[STARTED],false,true,0,0,6748905,
1428374320694,com.whatsapp.messaging.MessageService,com.whatsapp,10159,7286,68313,[STARTED],false,true,1,1,33311703,
1428374320694,ccc71.at.services.at_service,ccc71.bmw.pro:services,10110,4012,69150,[STARTED],false,true,0,0,69159,
1428374320694,com.google.android.location.geocode.GeocodeService,com.google.process.location,10007,17755,50924882,[],false,true,1,1,31915807,
1428374380743,com.android.bluetooth.hid.HidService,com.android.bluetooth,1002,0,41148,[],false,true,2,2,41157,
1428374380743,com.android.exchange.service.EasService,com.google.android.gm.exchange,10157,2752,54256,[STARTED],false,true,1,1,33930535,
1428374380743,com.google.android.music.dial.DialMediaRouteProviderService,com.google.android.music:main,10058,0,21711939,[],false,true,0,0,10495967,
1428374380743,ch.unige.css.services.PingService,ch.unige.ping,10074,1449,73524053,[STARTED],false,true,0,0,34845456,
1428374380743,com.android.systemui.keyguard.KeyguardService,com.android.systemui,10012,906,42358,[PERSISTENT],false,false,1,1,42367,
1428374380743,com.google.android.gms.droidguard.DroidGuardService,com.google.android.gms.unstable,10007,9162,53738077,[],false,true,1,1,33607138,
1428374380743,ch.unige.css.services.main.CssRegistryService,ch.unige.ping:background,10074,13902,17964876,[STARTED],false,true,0,0,6748905,
1428374380743,com.whatsapp.messaging.MessageService,com.whatsapp,10159,7286,68313,[STARTED],false,true,1,1,33311703,
1428374380743,ccc71.at.services.at_service,ccc71.bmw.pro:services,10110,4012,69150,[STARTED],false,true,0,0,69159,
1428374380743,com.google.android.location.geocode.GeocodeService,com.google.process.location,10007,17755,50924882,[],false,true,1,1,31915807,
1428374440805,com.android.bluetooth.hid.HidService,com.android.bluetooth,1002,0,41148,[],false,true,2,2,41157,
1428374440805,com.android.exchange.service.EasService,com.google.android.gm.exchange,10157,2752,54256,[STARTED],false,true,1,1,33930535,
1428374440805,com.google.android.music.dial.DialMediaRouteProviderService,com.google.android.music:main,10058,0,21711939,[],false,true,0,0,10495967,
1428374440805,ch.unige.css.services.PingService,ch.unige.ping,10074,1449,73584141,[STARTED],false,true,0,0,34847522,
1428374440805,com.android.systemui.keyguard.KeyguardService,com.android.systemui,10012,906,42358,[PERSISTENT],false,false,1,1,42367,
1428374440805,com.google.android.gms.droidguard.DroidGuardService,com.google.android.gms.unstable,10007,9162,53738077,[],false,true,1,1,33607138,
1428374440805,ch.unige.css.services.main.CssRegistryService,ch.unige.ping:background,10074,13902,17964876,[STARTED],false,true,0,0,6748905,
1428374440805,com.whatsapp.messaging.MessageService,com.whatsapp,10159,7286,68313,[STARTED],false,true,1,1,33311703,
1428374440805,ccc71.at.services.at_service,ccc71.bmw.pro:services,10110,4012,69150,[STARTED],false,true,0,0,69159,
1428374440805,com.google.android.location.geocode.GeocodeService,com.google.process.location,10007,17755,50924882,[],false,true,1,1,31915807,
1428374500895,com.android.bluetooth.hid.HidService,com.android.bluetooth,1002,0,41148,[],false,true,2,2,41157,
1428374500895,com.android.exchange.service.EasService,com.google.android.gm.exchange,10157,2752,54256,[STARTED],false,true,1,1,33930535,
1428374500895,com.google.android.music.dial.DialMediaRouteProviderService,com.google.android.music:main,10058,0,21711939,[],false,true,0,0,10495967,
1428374500895,ch.unige.css.services.PingService,ch.unige.ping,10074,1449,73644217,[STARTED],false,true,0,0,34849648,
1428374500895,com.android.systemui.keyguard.KeyguardService,com.android.systemui,10012,906,42358,[PERSISTENT],false,false,1,1,42367,
1428374500895,com.google.android.gms.droidguard.DroidGuardService,com.google.android.gms.unstable,10007,9162,53738077,[],false,true,1,1,33607138,
1428374500895,ch.unige.css.services.main.CssRegistryService,ch.unige.ping:background,10074,13902,17964876,[STARTED],false,true,0,0,6748905,
1428374500895,com.whatsapp.messaging.MessageService,com.whatsapp,10159,7286,68313,[STARTED],false,true,1,1,33311703,
1428374500895,ccc71.at.services.at_service,ccc71.bmw.pro:services,10110,4012,69150,[STARTED],false,true,0,0,69159,
1428374500895,com.google.android.location.geocode.GeocodeService,com.google.process.location,10007,17755,50924882,[],false,true,1,1,31915807,
1428374561692,com.android.bluetooth.hid.HidService,com.android.bluetooth,1002,0,41148,[],false,true,2,2,41157,
1428374561692,com.android.exchange.service.EasService,com.google.android.gm.exchange,10157,2752,54256,[STARTED],false,true,1,1,33930535,
1428374561692,com.google.android.music.dial.DialMediaRouteProviderService,com.google.android.music:main,10058,0,21711939,[],false,true,0,0,10495967,
1428374561692,ch.unige.css.services.PingService,ch.unige.ping,10074,1449,73704926,[STARTED],false,true,0,0,34859707,
1428374561692,com.android.systemui.keyguard.KeyguardService,com.android.systemui,10012,906,42358,[PERSISTENT],false,false,1,1,42367,
1428374561692,com.google.android.gms.droidguard.DroidGuardService,com.google.android.gms.unstable,10007,9162,53738077,[],false,true,1,1,33607138,
1428374561692,ch.unige.css.services.main.CssRegistryService,ch.unige.ping:background,10074,13902,17964876,[STARTED],false,true,0,0,6748905,
1428374561692,com.whatsapp.messaging.MessageService,com.whatsapp,10159,7286,68313,[STARTED],false,true,1,1,33311703,
1428374561692,ccc71.at.services.at_service,ccc71.bmw.pro:services,10110,4012,69150,[STARTED],false,true,0,0,69159,
1428374561692,com.google.android.location.geocode.GeocodeService,com.google.process.location,10007,17755,50924882,[],false,true,1,1,31915807,
1428374621611,com.android.bluetooth.hid.HidService,com.android.bluetooth,1002,0,41148,[],false,true,2,2,41157,
1428374621611,com.android.exchange.service.EasService,com.google.android.gm.exchange,10157,2752,54256,[STARTED],false,true,1,1,33930535,
1428374621611,com.google.android.music.dial.DialMediaRouteProviderService,com.google.android.music:main,10058,0,21711939,[],false,true,0,0,10495967,
1428374621611,ch.unige.css.services.PingService,ch.unige.ping,10074,1449,73764937,[STARTED],false,true,0,0,34861100,
1428374621611,com.android.systemui.keyguard.KeyguardService,com.android.systemui,10012,906,42358,[PERSISTENT],false,false,1,1,42367,
1428374621611,com.google.android.gms.droidguard.DroidGuardService,com.google.android.gms.unstable,10007,9162,53738077,[],false,true,1,1,33607138,
1428374621611,ch.unige.css.services.main.CssRegistryService,ch.unige.ping:background,10074,13902,17964876,[STARTED],false,true,0,0,6748905,
1428374621611,com.whatsapp.messaging.MessageService,com.whatsapp,10159,7286,68313,[STARTED],false,true,1,1,33311703,
1428374621611,ccc71.at.services.at_service,ccc71.bmw.pro:services,10110,4012,69150,[STARTED],false,true,0,0,69159,
1428374621611,com.google.android.location.geocode.GeocodeService,com.google.process.location,10007,17755,50924882,[],false,true,1,1,31915807,
1428374681642,com.android.bluetooth.hid.HidService,com.android.bluetooth,1002,0,41148,[],false,true,2,2,41157,
1428374681642,com.android.exchange.service.EasService,com.google.android.gm.exchange,10157,2752,54256,[STARTED],false,true,1,1,33930535,
1428374681642,com.google.android.music.dial.DialMediaRouteProviderService,com.google.android.music:main,10058,0,21711939,[],false,true,0,0,10495967,
1428374681642,ch.unige.css.services.PingService,ch.unige.ping,10074,1449,73824955,[STARTED],false,true,0,0,34862989,
1428374681642,com.android.systemui.keyguard.KeyguardService,com.android.systemui,10012,906,42358,[PERSISTENT],false,false,1,1,42367,
1428374681642,com.google.android.gms.droidguard.DroidGuardService,com.google.android.gms.unstable,10007,9162,53738077,[],false,true,1,1,33607138,
1428374681642,ch.unige.css.services.main.CssRegistryService,ch.unige.ping:background,10074,13902,17964876,[STARTED],false,true,0,0,6748905,
1428374681642,com.whatsapp.messaging.MessageService,com.whatsapp,10159,7286,68313,[STARTED],false,true,1,1,33311703,
1428374681642,ccc71.at.services.at_service,ccc71.bmw.pro:services,10110,4012,69150,[STARTED],false,true,0,0,69159,
1428374681642,com.google.android.location.geocode.GeocodeService,com.google.process.location,10007,17755,50924882,[],false,true,1,1,31915807,
1428374741635,com.android.bluetooth.hid.HidService,com.android.bluetooth,1002,0,41148,[],false,true,2,2,41157,
1428374741635,com.android.exchange.service.EasService,com.google.android.gm.exchange,10157,2752,54256,[STARTED],false,true,1,1,33930535,
1428374741635,com.google.android.music.dial.DialMediaRouteProviderService,com.google.android.music:main,10058,0,21711939,[],false,true,0,0,10495967,
1428374741635,ch.unige.css.services.PingService,ch.unige.ping,10074,1449,73884966,[STARTED],false,true,0,0,34865435,
1428374741635,com.android.systemui.keyguard.KeyguardService,com.android.systemui,10012,906,42358,[PERSISTENT],false,false,1,1,42367,
1428374741635,com.google.android.gms.droidguard.DroidGuardService,com.google.android.gms.unstable,10007,9162,53738077,[],false,true,1,1,33607138,
1428374741635,ch.unige.css.services.main.CssRegistryService,ch.unige.ping:background,10074,13902,17964876,[STARTED],false,true,0,0,6748905,
1428374741635,com.whatsapp.messaging.MessageService,com.whatsapp,10159,7286,68313,[STARTED],false,true,1,1,33311703,
1428374741635,ccc71.at.services.at_service,ccc71.bmw.pro:services,10110,4012,69150,[STARTED],false,true,0,0,69159,
1428374741635,com.google.android.location.geocode.GeocodeService,com.google.process.location,10007,17755,50924882,[],false,true,1,1,31915807,
1428374801695,com.android.bluetooth.hid.HidService,com.android.bluetooth,1002,0,41148,[],false,true,2,2,41157,
1428374801695,com.android.exchange.service.EasService,com.google.android.gm.exchange,10157,2752,54256,[STARTED],false,true,1,1,33930535,
1428374801695,com.google.android.music.dial.DialMediaRouteProviderService,com.google.android.music:main,10058,0,21711939,[],false,true,0,0,10495967,
1428374801695,ch.unige.css.services.PingService,ch.unige.ping,10074,1449,73944987,[STARTED],false,true,0,0,34867064,
1428374801695,com.android.systemui.keyguard.KeyguardService,com.android.systemui,10012,906,42358,[PERSISTENT],false,false,1,1,42367,
1428374801695,com.google.android.gms.droidguard.DroidGuardService,com.google.android.gms.unstable,10007,9162,53738077,[],false,true,1,1,33607138,
1428374801695,ch.unige.css.services.main.CssRegistryService,ch.unige.ping:background,10074,13902,17964876,[STARTED],false,true,0,0,6748905,
1428374801695,com.whatsapp.messaging.MessageService,com.whatsapp,10159,7286,68313,[STARTED],false,true,1,1,33311703,
1428374801695,ccc71.at.services.at_service,ccc71.bmw.pro:services,10110,4012,69150,[STARTED],false,true,0,0,69159,
1428374801695,com.google.android.location.geocode.GeocodeService,com.google.process.location,10007,17755,50924882,[],false,true,1,1,31915807,
1428374861736,com.android.bluetooth.hid.HidService,com.android.bluetooth,1002,0,41148,[],false,true,2,2,41157,
1428374861736,com.android.exchange.service.EasService,com.google.android.gm.exchange,10157,2752,54256,[STARTED],false,true,1,1,33930535,
1428374861736,com.google.android.music.dial.DialMediaRouteProviderService,com.google.android.music:main,10058,0,21711939,[],false,true,0,0,10495967,
1428374861736,ch.unige.css.services.PingService,ch.unige.ping,10074,1449,74005050,[STARTED],false,true,0,0,34869555,
1428374861736,com.android.systemui.keyguard.KeyguardService,com.android.systemui,10012,906,42358,[PERSISTENT],false,false,1,1,42367,
1428374861736,com.google.android.gms.droidguard.DroidGuardService,com.google.android.gms.unstable,10007,9162,53738077,[],false,true,1,1,33607138,
1428374861736,ch.unige.css.services.main.CssRegistryService,ch.unige.ping:background,10074,13902,17964876,[STARTED],false,true,0,0,6748905,
1428374861736,com.whatsapp.messaging.MessageService,com.whatsapp,10159,7286,68313,[STARTED],false,true,1,1,33311703,
1428374861736,ccc71.at.services.at_service,ccc71.bmw.pro:services,10110,4012,69150,[STARTED],false,true,0,0,69159,
1428374861736,com.google.android.location.geocode.GeocodeService,com.google.process.location,10007,17755,50924882,[],false,true,1,1,31915807,
1428374921798,com.android.bluetooth.hid.HidService,com.android.bluetooth,1002,0,41148,[],false,true,2,2,41157,
1428374921798,com.android.exchange.service.EasService,com.google.android.gm.exchange,10157,2752,54256,[STARTED],false,true,1,1,33930535,
1428374921798,com.google.android.music.dial.DialMediaRouteProviderService,com.google.android.music:main,10058,0,21711939,[],false,true,0,0,10495967,
1428374921798,ch.unige.css.services.PingService,ch.unige.ping,10074,1449,74065123,[STARTED],false,true,0,0,34871524,
1428374921798,com.android.systemui.keyguard.KeyguardService,com.android.systemui,10012,906,42358,[PERSISTENT],false,false,1,1,42367,
1428374921798,com.google.android.gms.droidguard.DroidGuardService,com.google.android.gms.unstable,10007,9162,53738077,[],false,true,1,1,33607138,
1428374921798,ch.unige.css.services.main.CssRegistryService,ch.unige.ping:background,10074,13902,17964876,[STARTED],false,true,0,0,6748905,
1428374921798,com.whatsapp.messaging.MessageService,com.whatsapp,10159,7286,68313,[STARTED],false,true,1,1,33311703,
1428374921798,ccc71.at.services.at_service,ccc71.bmw.pro:services,10110,4012,69150,[STARTED],false,true,0,0,69159,
1428374921798,com.google.android.location.geocode.GeocodeService,com.google.process.location,10007,17755,50924882,[],false,true,1,1,31915807,
1428374981859,com.android.bluetooth.hid.HidService,com.android.bluetooth,1002,0,41148,[],false,true,2,2,41157,
1428374981859,com.android.exchange.service.EasService,com.google.android.gm.exchange,10157,2752,54256,[STARTED],false,true,1,1,33930535,
1428374981859,com.google.android.music.dial.DialMediaRouteProviderService,com.google.android.music:main,10058,0,21711939,[],false,true,0,0,10495967,
1428374981859,ch.unige.css.services.PingService,ch.unige.ping,10074,1449,74125185,[STARTED],false,true,0,0,34873690,
1428374981859,com.android.systemui.keyguard.KeyguardService,com.android.systemui,10012,906,42358,[PERSISTENT],false,false,1,1,42367,
1428374981859,com.google.android.gms.droidguard.DroidGuardService,com.google.android.gms.unstable,10007,9162,53738077,[],false,true,1,1,33607138,
1428374981859,ch.unige.css.services.main.CssRegistryService,ch.unige.ping:background,10074,13902,17964876,[STARTED],false,true,0,0,6748905,
1428374981859,com.whatsapp.messaging.MessageService,com.whatsapp,10159,7286,68313,[STARTED],false,true,1,1,33311703,
1428374981859,ccc71.at.services.at_service,ccc71.bmw.pro:services,10110,4012,69150,[STARTED],false,true,0,0,69159,
1428374981859,com.google.android.location.geocode.GeocodeService,com.google.process.location,10007,17755,50924882,[],false,true,1,1,31915807,
1428375041949,com.android.bluetooth.hid.HidService,com.android.bluetooth,1002,0,41148,[],false,true,2,2,41157,
1428375041949,com.android.exchange.service.EasService,com.google.android.gm.exchange,10157,2752,54256,[STARTED],false,true,1,1,33930535,
1428375041949,com.google.android.music.dial.DialMediaRouteProviderService,com.google.android.music:main,10058,0,21711939,[],false,true,0,0,10495967,
1428375041949,ch.unige.css.services.PingService,ch.unige.ping,10074,1449,74185247,[STARTED],false,true,0,0,34875842,
1428375041949,com.android.systemui.keyguard.KeyguardService,com.android.systemui,10012,906,42358,[PERSISTENT],false,false,1,1,42367,
1428375041949,com.google.android.gms.droidguard.DroidGuardService,com.google.android.gms.unstable,10007,9162,53738077,[],false,true,1,1,33607138,
1428375041949,ch.unige.css.services.main.CssRegistryService,ch.unige.ping:background,10074,13902,17964876,[STARTED],false,true,0,0,6748905,
1428375041949,com.whatsapp.messaging.MessageService,com.whatsapp,10159,7286,68313,[STARTED],false,true,1,1,33311703,
1428375041949,ccc71.at.services.at_service,ccc71.bmw.pro:services,10110,4012,69150,[STARTED],false,true,0,0,69159,
1428375041949,com.google.android.location.geocode.GeocodeService,com.google.process.location,10007,17755,50924882,[],false,true,1,1,31915807,
1428375102001,com.android.bluetooth.hid.HidService,com.android.bluetooth,1002,0,41148,[],false,true,2,2,41157,
1428375102001,com.android.exchange.service.EasService,com.google.android.gm.exchange,10157,2752,54256,[STARTED],false,true,1,1,33930535,
1428375102001,com.google.android.music.dial.DialMediaRouteProviderService,com.google.android.music:main,10058,0,21711939,[],false,true,0,0,10495967,
1428375102001,ch.unige.css.services.PingService,ch.unige.ping,10074,1449,74245307,[STARTED],false,true,0,0,34878181,
1428375102001,com.android.systemui.keyguard.KeyguardService,com.android.systemui,10012,906,42358,[PERSISTENT],false,false,1,1,42367,
1428375102001,com.google.android.gms.droidguard.DroidGuardService,com.google.android.gms.unstable,10007,9162,53738077,[],false,true,1,1,33607138,
1428375102001,ch.unige.css.services.main.CssRegistryService,ch.unige.ping:background,10074,13902,17964876,[STARTED],false,true,0,0,6748905,
1428375102001,com.whatsapp.messaging.MessageService,com.whatsapp,10159,7286,68313,[STARTED],false,true,1,1,33311703,
1428375102001,ccc71.at.services.at_service,ccc71.bmw.pro:services,10110,4012,69150,[STARTED],false,true,0,0,69159,
1428375102001,com.google.android.location.geocode.GeocodeService,com.google.process.location,10007,17755,50924882,[],false,true,1,1,31915807,
1428375162060,com.android.bluetooth.hid.HidService,com.android.bluetooth,1002,0,41148,[],false,true,2,2,41157,
1428375162060,com.android.exchange.service.EasService,com.google.android.gm.exchange,10157,2752,54256,[STARTED],false,true,1,1,33930535,
1428375162060,com.google.android.music.dial.DialMediaRouteProviderService,com.google.android.music:main,10058,0,21711939,[],false,true,0,0,10495967,
1428375162060,ch.unige.css.services.PingService,ch.unige.ping,10074,1449,74305385,[STARTED],false,true,0,0,34885329,
1428375162060,com.android.systemui.keyguard.KeyguardService,com.android.systemui,10012,906,42358,[PERSISTENT],false,false,1,1,42367,
1428375162060,com.google.android.gms.droidguard.DroidGuardService,com.google.android.gms.unstable,10007,9162,53738077,[],false,true,1,1,33607138,
1428375162060,ch.unige.css.services.main.CssRegistryService,ch.unige.ping:background,10074,13902,17964876,[STARTED],false,true,0,0,6748905,
1428375162060,com.whatsapp.messaging.MessageService,com.whatsapp,10159,7286,68313,[STARTED],false,true,1,1,33311703,
1428375162060,ccc71.at.services.at_service,ccc71.bmw.pro:services,10110,4012,69150,[STARTED],false,true,0,0,69159,
1428375162060,com.google.android.location.geocode.GeocodeService,com.google.process.location,10007,17755,50924882,[],false,true,1,1,31915807,
1428375222612,com.android.bluetooth.hid.HidService,com.android.bluetooth,1002,0,41148,[],false,true,2,2,41157,
1428375222612,com.android.exchange.service.EasService,com.google.android.gm.exchange,10157,2752,54256,[STARTED],false,true,1,1,33930535,
1428375222612,com.google.android.music.dial.DialMediaRouteProviderService,com.google.android.music:main,10058,0,21711939,[],false,true,0,0,10495967,
1428375222612,ch.unige.css.services.PingService,ch.unige.ping,10074,1449,74365927,[STARTED],false,true,0,0,34889567,
1428375222612,com.android.systemui.keyguard.KeyguardService,com.android.systemui,10012,906,42358,[PERSISTENT],false,false,1,1,42367,
1428375222612,com.google.android.gms.droidguard.DroidGuardService,com.google.android.gms.unstable,10007,9162,53738077,[],false,true,1,1,33607138,
1428375222612,ch.unige.css.services.main.CssRegistryService,ch.unige.ping:background,10074,13902,17964876,[STARTED],false,true,0,0,6748905,
1428375222612,com.whatsapp.messaging.MessageService,com.whatsapp,10159,7286,68313,[STARTED],false,true,1,1,33311703,
1428375222612,ccc71.at.services.at_service,ccc71.bmw.pro:services,10110,4012,69150,[STARTED],false,true,0,0,69159,
1428375222612,com.google.android.location.geocode.GeocodeService,com.google.process.location,10007,17755,50924882,[],false,true,1,1,31915807,
1428375282607,com.android.bluetooth.hid.HidService,com.android.bluetooth,1002,0,41148,[],false,true,2,2,41157,
1428375282607,com.android.exchange.service.EasService,com.google.android.gm.exchange,10157,2752,54256,[STARTED],false,true,1,1,33930535,
1428375282607,com.google.android.music.dial.DialMediaRouteProviderService,com.google.android.music:main,10058,0,21711939,[],false,true,0,0,10495967,
1428375282607,ch.unige.css.services.PingService,ch.unige.ping,10074,1449,74425936,[STARTED],false,true,0,0,34891145,
1428375282607,com.android.systemui.keyguard.KeyguardService,com.android.systemui,10012,906,42358,[PERSISTENT],false,false,1,1,42367,
1428375282607,com.google.android.gms.droidguard.DroidGuardService,com.google.android.gms.unstable,10007,9162,53738077,[],false,true,1,1,33607138,
1428375282607,ch.unige.css.services.main.CssRegistryService,ch.unige.ping:background,10074,13902,17964876,[STARTED],false,true,0,0,6748905,
1428375282607,com.whatsapp.messaging.MessageService,com.whatsapp,10159,7286,68313,[STARTED],false,true,1,1,33311703,
1428375282607,ccc71.at.services.at_service,ccc71.bmw.pro:services,10110,4012,69150,[STARTED],false,true,0,0,69159,
1428375282607,com.google.android.location.geocode.GeocodeService,com.google.process.location,10007,17755,50924882,[],false,true,1,1,31915807,
1428375342640,com.android.bluetooth.hid.HidService,com.android.bluetooth,1002,0,41148,[],false,true,2,2,41157,
1428375342640,com.android.exchange.service.EasService,com.google.android.gm.exchange,10157,2752,54256,[STARTED],false,true,1,1,33930535,
1428375342640,com.google.android.music.dial.DialMediaRouteProviderService,com.google.android.music:main,10058,0,21711939,[],false,true,0,0,10495967,
1428375342640,ch.unige.css.services.PingService,ch.unige.ping,10074,1449,74485947,[STARTED],false,true,0,0,34892511,
1428375342640,com.android.systemui.keyguard.KeyguardService,com.android.systemui,10012,906,42358,[PERSISTENT],false,false,1,1,42367,
1428375342640,com.google.android.gms.droidguard.DroidGuardService,com.google.android.gms.unstable,10007,9162,53738077,[],false,true,1,1,33607138,
1428375342640,ch.unige.css.services.main.CssRegistryService,ch.unige.ping:background,10074,13902,17964876,[STARTED],false,true,0,0,6748905,
1428375342640,com.whatsapp.messaging.MessageService,com.whatsapp,10159,7286,68313,[STARTED],false,true,1,1,33311703,
1428375342640,ccc71.at.services.at_service,ccc71.bmw.pro:services,10110,4012,69150,[STARTED],false,true,0,0,69159,
1428375342640,com.google.android.location.geocode.GeocodeService,com.google.process.location,10007,17755,50924882,[],false,true,1,1,31915807,
1428375402662,com.android.bluetooth.hid.HidService,com.android.bluetooth,1002,0,41148,[],false,true,2,2,41157,
1428375402662,com.android.exchange.service.EasService,com.google.android.gm.exchange,10157,2752,54256,[STARTED],false,true,1,1,33930535,
1428375402662,com.google.android.music.dial.DialMediaRouteProviderService,com.google.android.music:main,10058,0,21711939,[],false,true,0,0,10495967,
1428375402662,ch.unige.css.services.PingService,ch.unige.ping,10074,1449,74545961,[STARTED],false,true,0,0,34894114,
1428375402662,com.android.systemui.keyguard.KeyguardService,com.android.systemui,10012,906,42358,[PERSISTENT],false,false,1,1,42367,
1428375402662,com.google.android.gms.droidguard.DroidGuardService,com.google.android.gms.unstable,10007,9162,53738077,[],false,true,1,1,33607138,
1428375402662,ch.unige.css.services.main.CssRegistryService,ch.unige.ping:background,10074,13902,17964876,[STARTED],false,true,0,0,6748905,
1428375402662,com.whatsapp.messaging.MessageService,com.whatsapp,10159,7286,68313,[STARTED],false,true,1,1,33311703,
1428375402662,ccc71.at.services.at_service,ccc71.bmw.pro:services,10110,4012,69150,[STARTED],false,true,0,0,69159,
1428375402662,com.google.android.location.geocode.GeocodeService,com.google.process.location,10007,17755,50924882,[],false,true,1,1,31915807,
1428375462664,com.android.bluetooth.hid.HidService,com.android.bluetooth,1002,0,41148,[],false,true,2,2,41157,
1428375462664,com.android.exchange.service.EasService,com.google.android.gm.exchange,10157,2752,54256,[STARTED],false,true,1,1,33930535,
1428375462664,com.google.android.music.dial.DialMediaRouteProviderService,com.google.android.music:main,10058,0,21711939,[],false,true,0,0,10495967,
1428375462664,ch.unige.css.services.PingService,ch.unige.ping,10074,1449,74605972,[STARTED],false,true,0,0,34896067,
1428375462664,com.android.systemui.keyguard.KeyguardService,com.android.systemui,10012,906,42358,[PERSISTENT],false,false,1,1,42367,
1428375462664,com.google.android.gms.droidguard.DroidGuardService,com.google.android.gms.unstable,10007,9162,53738077,[],false,true,1,1,33607138,
1428375462664,ch.unige.css.services.main.CssRegistryService,ch.unige.ping:background,10074,13902,17964876,[STARTED],false,true,0,0,6748905,
1428375462664,com.whatsapp.messaging.MessageService,com.whatsapp,10159,7286,68313,[STARTED],false,true,1,1,33311703,
1428375462664,ccc71.at.services.at_service,ccc71.bmw.pro:services,10110,4012,69150,[STARTED],false,true,0,0,69159,
1428375462664,com.google.android.location.geocode.GeocodeService,com.google.process.location,10007,17755,50924882,[],false,true,1,1,31915807,
1428375522717,com.android.bluetooth.hid.HidService,com.android.bluetooth,1002,0,41148,[],false,true,2,2,41157,
1428375522717,com.android.exchange.service.EasService,com.google.android.gm.exchange,10157,2752,54256,[STARTED],false,true,1,1,33930535,
1428375522717,com.google.android.music.dial.DialMediaRouteProviderService,com.google.android.music:main,10058,0,21711939,[],false,true,0,0,10495967,
1428375522717,ch.unige.css.services.PingService,ch.unige.ping,10074,1449,74666001,[STARTED],false,true,0,0,34897802,
1428375522717,com.android.systemui.keyguard.KeyguardService,com.android.systemui,10012,906,42358,[PERSISTENT],false,false,1,1,42367,
1428375522717,com.google.android.gms.droidguard.DroidGuardService,com.google.android.gms.unstable,10007,9162,53738077,[],false,true,1,1,33607138,
1428375522717,ch.unige.css.services.main.CssRegistryService,ch.unige.ping:background,10074,13902,17964876,[STARTED],false,true,0,0,6748905,
1428375522717,com.whatsapp.messaging.MessageService,com.whatsapp,10159,7286,68313,[STARTED],false,true,1,1,33311703,
1428375522717,ccc71.at.services.at_service,ccc71.bmw.pro:services,10110,4012,69150,[STARTED],false,true,0,0,69159,
1428375522717,com.google.android.location.geocode.GeocodeService,com.google.process.location,10007,17755,50924882,[],false,true,1,1,31915807,
1428375582791,com.android.bluetooth.hid.HidService,com.android.bluetooth,1002,0,41148,[],false,true,2,2,41157,
1428375582791,com.android.exchange.service.EasService,com.google.android.gm.exchange,10157,2752,54256,[STARTED],false,true,1,1,33930535,
1428375582791,com.google.android.music.dial.DialMediaRouteProviderService,com.google.android.music:main,10058,0,21711939,[],false,true,0,0,10495967,
1428375582791,ch.unige.css.services.PingService,ch.unige.ping,10074,1449,74726114,[STARTED],false,true,0,0,34899539,
1428375582791,com.android.systemui.keyguard.KeyguardService,com.android.systemui,10012,906,42358,[PERSISTENT],false,false,1,1,42367,
1428375582791,com.google.android.gms.droidguard.DroidGuardService,com.google.android.gms.unstable,10007,9162,53738077,[],false,true,1,1,33607138,
1428375582791,ch.unige.css.services.main.CssRegistryService,ch.unige.ping:background,10074,13902,17964876,[STARTED],false,true,0,0,6748905,
1428375582791,com.whatsapp.messaging.MessageService,com.whatsapp,10159,7286,68313,[STARTED],false,true,1,1,33311703,
1428375582791,ccc71.at.services.at_service,ccc71.bmw.pro:services,10110,4012,69150,[STARTED],false,true,0,0,69159,
1428375582791,com.google.android.location.geocode.GeocodeService,com.google.process.location,10007,17755,50924882,[],false,true,1,1,31915807,
1428375658981,com.android.bluetooth.hid.HidService,com.android.bluetooth,1002,0,41148,[],false,true,2,2,41157,
1428375658981,com.android.exchange.service.EasService,com.google.android.gm.exchange,10157,2752,54256,[STARTED],false,true,1,1,33930535,
1428375658981,com.google.android.music.dial.DialMediaRouteProviderService,com.google.android.music:main,10058,0,21711939,[],false,true,0,0,10495967,
1428375658981,ch.unige.css.services.PingService,ch.unige.ping,10074,1449,74802311,[STARTED],false,true,0,0,34902176,
1428375658981,com.android.systemui.keyguard.KeyguardService,com.android.systemui,10012,906,42358,[PERSISTENT],false,false,1,1,42367,
1428375658981,com.google.android.gms.droidguard.DroidGuardService,com.google.android.gms.unstable,10007,9162,53738077,[],false,true,1,1,33607138,
1428375658981,ch.unige.css.services.main.CssRegistryService,ch.unige.ping:background,10074,13902,17964876,[STARTED],false,true,0,0,6748905,
1428375658981,com.whatsapp.messaging.MessageService,com.whatsapp,10159,7286,68313,[STARTED],false,true,1,1,33311703,
1428375658981,ccc71.at.services.at_service,ccc71.bmw.pro:services,10110,4012,69150,[STARTED],false,true,0,0,69159,
1428375658981,com.google.android.location.geocode.GeocodeService,com.google.process.location,10007,17755,50924882,[],false,true,1,1,31915807,
1428375719621,com.android.bluetooth.hid.HidService,com.android.bluetooth,1002,0,41148,[],false,true,2,2,41157,
1428375719621,com.google.android.gms.fitness.service.history.FitHistoryBroker,com.google.process.location,10007,17755,74802459,[],false,true,1,1,34902324,
1428375719621,com.android.exchange.service.EasService,com.google.android.gm.exchange,10157,2752,54256,[STARTED],false,true,1,1,33930535,
1428375719621,com.google.android.music.dial.DialMediaRouteProviderService,com.google.android.music:main,10058,0,21711939,[],false,true,0,0,10495967,
1428375719621,ch.unige.css.services.PingService,ch.unige.ping,10074,1449,74862921,[STARTED],false,true,0,0,34905196,
1428375719621,com.google.android.gms.fitness.service.config.FitConfigBroker,com.google.process.location,10007,17755,74802466,[],false,true,1,1,34902331,
1428375719621,com.android.systemui.keyguard.KeyguardService,com.android.systemui,10012,906,42358,[PERSISTENT],false,false,1,1,42367,
1428375719621,com.google.android.gms.droidguard.DroidGuardService,com.google.android.gms.unstable,10007,9162,53738077,[],false,true,1,1,33607138,
1428375719621,ch.unige.css.services.main.CssRegistryService,ch.unige.ping:background,10074,13902,17964876,[STARTED],false,true,0,0,6748905,
1428375719621,com.whatsapp.messaging.MessageService,com.whatsapp,10159,7286,68313,[STARTED],false,true,1,1,33311703,
1428375779686,com.android.bluetooth.hid.HidService,com.android.bluetooth,1002,0,41148,[],false,true,2,2,41157,
1428375779686,com.android.exchange.service.EasService,com.google.android.gm.exchange,10157,2752,54256,[STARTED],false,true,1,1,33930535,
1428375779686,com.google.android.music.dial.DialMediaRouteProviderService,com.google.android.music:main,10058,0,21711939,[],false,true,0,0,10495967,
1428375779686,ch.unige.css.services.PingService,ch.unige.ping,10074,1449,74923005,[STARTED],false,true,0,0,34912937,
1428375779686,com.android.systemui.keyguard.KeyguardService,com.android.systemui,10012,906,42358,[PERSISTENT],false,false,1,1,42367,
1428375779686,com.google.android.gms.droidguard.DroidGuardService,com.google.android.gms.unstable,10007,9162,53738077,[],false,true,1,1,33607138,
1428375779686,ch.unige.css.services.main.CssRegistryService,ch.unige.ping:background,10074,13902,17964876,[STARTED],false,true,0,0,6748905,
1428375779686,com.whatsapp.messaging.MessageService,com.whatsapp,10159,7286,68313,[STARTED],false,true,1,1,33311703,
1428375779686,ccc71.at.services.at_service,ccc71.bmw.pro:services,10110,4012,69150,[STARTED],false,true,0,0,69159,
1428375779686,com.google.android.location.geocode.GeocodeService,com.google.process.location,10007,17755,50924882,[],false,true,1,1,31915807,
1428375839765,com.android.bluetooth.hid.HidService,com.android.bluetooth,1002,0,41148,[],false,true,2,2,41157,
1428375839765,com.android.exchange.service.EasService,com.google.android.gm.exchange,10157,2752,54256,[STARTED],false,true,1,1,33930535,
1428375839765,com.google.android.music.dial.DialMediaRouteProviderService,com.google.android.music:main,10058,0,21711939,[],false,true,0,0,10495967,
1428375839765,ch.unige.css.services.PingService,ch.unige.ping,10074,1449,74983065,[STARTED],false,true,0,0,34918269,
1428375839765,com.android.systemui.keyguard.KeyguardService,com.android.systemui,10012,906,42358,[PERSISTENT],false,false,1,1,42367,
1428375839765,com.google.android.gms.droidguard.DroidGuardService,com.google.android.gms.unstable,10007,9162,53738077,[],false,true,1,1,33607138,
1428375839765,ch.unige.css.services.main.CssRegistryService,ch.unige.ping:background,10074,13902,17964876,[STARTED],false,true,0,0,6748905,
1428375839765,com.whatsapp.messaging.MessageService,com.whatsapp,10159,7286,68313,[STARTED],false,true,1,1,33311703,
1428375839765,ccc71.at.services.at_service,ccc71.bmw.pro:services,10110,4012,69150,[STARTED],false,true,0,0,69159,
1428375839765,com.google.android.location.geocode.GeocodeService,com.google.process.location,10007,17755,50924882,[],false,true,1,1,31915807,
1428375899832,com.android.bluetooth.hid.HidService,com.android.bluetooth,1002,0,41148,[],false,true,2,2,41157,
1428375899832,com.android.exchange.service.EasService,com.google.android.gm.exchange,10157,2752,54256,[STARTED],false,true,1,1,33930535,
1428375899832,com.google.android.music.dial.DialMediaRouteProviderService,com.google.android.music:main,10058,0,21711939,[],false,true,0,0,10495967,
1428375899832,ch.unige.css.services.PingService,ch.unige.ping,10074,1449,75043138,[STARTED],false,true,0,0,34920169,
1428375899832,com.android.systemui.keyguard.KeyguardService,com.android.systemui,10012,906,42358,[PERSISTENT],false,false,1,1,42367,
1428375899832,com.google.android.gms.droidguard.DroidGuardService,com.google.android.gms.unstable,10007,9162,53738077,[],false,true,1,1,33607138,
1428375899832,ch.unige.css.services.main.CssRegistryService,ch.unige.ping:background,10074,13902,17964876,[STARTED],false,true,0,0,6748905,
1428375899832,com.whatsapp.messaging.MessageService,com.whatsapp,10159,7286,68313,[STARTED],false,true,1,1,33311703,
1428375899832,ccc71.at.services.at_service,ccc71.bmw.pro:services,10110,4012,69150,[STARTED],false,true,0,0,69159,
1428375899832,com.google.android.location.geocode.GeocodeService,com.google.process.location,10007,17755,50924882,[],false,true,1,1,31915807,
1428375959902,com.android.bluetooth.hid.HidService,com.android.bluetooth,1002,0,41148,[],false,true,2,2,41157,
1428375959902,com.android.exchange.service.EasService,com.google.android.gm.exchange,10157,2752,54256,[STARTED],false,true,1,1,33930535,
1428375959902,com.google.android.music.dial.DialMediaRouteProviderService,com.google.android.music:main,10058,0,21711939,[],false,true,0,0,10495967,
1428375959902,ch.unige.css.services.PingService,ch.unige.ping,10074,1449,75103216,[STARTED],false,true,0,0,34922360,
1428375959902,com.android.systemui.keyguard.KeyguardService,com.android.systemui,10012,906,42358,[PERSISTENT],false,false,1,1,42367,
1428375959902,com.google.android.gms.droidguard.DroidGuardService,com.google.android.gms.unstable,10007,9162,53738077,[],false,true,1,1,33607138,
1428375959902,ch.unige.css.services.main.CssRegistryService,ch.unige.ping:background,10074,13902,17964876,[STARTED],false,true,0,0,6748905,
1428375959902,com.whatsapp.messaging.MessageService,com.whatsapp,10159,7286,68313,[STARTED],false,true,1,1,33311703,
1428375959902,ccc71.at.services.at_service,ccc71.bmw.pro:services,10110,4012,69150,[STARTED],false,true,0,0,69159,
1428375959902,com.google.android.location.geocode.GeocodeService,com.google.process.location,10007,17755,50924882,[],false,true,1,1,31915807,
1428376019972,com.android.bluetooth.hid.HidService,com.android.bluetooth,1002,0,41148,[],false,true,2,2,41157,
1428376019972,com.android.exchange.service.EasService,com.google.android.gm.exchange,10157,2752,54256,[STARTED],false,true,1,1,33930535,
1428376019972,com.google.android.music.dial.DialMediaRouteProviderService,com.google.android.music:main,10058,0,21711939,[],false,true,0,0,10495967,
1428376019972,ch.unige.css.services.PingService,ch.unige.ping,10074,1449,75163283,[STARTED],false,true,0,0,34924598,
1428376019972,com.android.systemui.keyguard.KeyguardService,com.android.systemui,10012,906,42358,[PERSISTENT],false,false,1,1,42367,
1428376019972,com.google.android.gms.droidguard.DroidGuardService,com.google.android.gms.unstable,10007,9162,53738077,[],false,true,1,1,33607138,
1428376019972,ch.unige.css.services.main.CssRegistryService,ch.unige.ping:background,10074,13902,17964876,[STARTED],false,true,0,0,6748905,
1428376019972,com.whatsapp.messaging.MessageService,com.whatsapp,10159,7286,68313,[STARTED],false,true,1,1,33311703,
1428376019972,ccc71.at.services.at_service,ccc71.bmw.pro:services,10110,4012,69150,[STARTED],false,true,0,0,69159,
1428376019972,com.google.android.location.geocode.GeocodeService,com.google.process.location,10007,17755,50924882,[],false,true,1,1,31915807,
1428376080054,com.android.bluetooth.hid.HidService,com.android.bluetooth,1002,0,41148,[],false,true,2,2,41157,
1428376080054,com.android.exchange.service.EasService,com.google.android.gm.exchange,10157,2752,54256,[STARTED],false,true,1,1,33930535,
1428376080054,com.google.android.music.dial.DialMediaRouteProviderService,com.google.android.music:main,10058,0,21711939,[],false,true,0,0,10495967,
1428376080054,ch.unige.css.services.PingService,ch.unige.ping,10074,1449,75223366,[STARTED],false,true,0,0,34927197,
1428376080054,com.android.systemui.keyguard.KeyguardService,com.android.systemui,10012,906,42358,[PERSISTENT],false,false,1,1,42367,
1428376080054,com.google.android.gms.droidguard.DroidGuardService,com.google.android.gms.unstable,10007,9162,53738077,[],false,true,1,1,33607138,
1428376080054,ch.unige.css.services.main.CssRegistryService,ch.unige.ping:background,10074,13902,17964876,[STARTED],false,true,0,0,6748905,
1428376080054,com.whatsapp.messaging.MessageService,com.whatsapp,10159,7286,68313,[STARTED],false,true,1,1,33311703,
1428376080054,ccc71.at.services.at_service,ccc71.bmw.pro:services,10110,4012,69150,[STARTED],false,true,0,0,69159,
1428376080054,com.google.android.location.geocode.GeocodeService,com.google.process.location,10007,17755,50924882,[],false,true,1,1,31915807,
1428376140623,com.android.bluetooth.hid.HidService,com.android.bluetooth,1002,0,41148,[],false,true,2,2,41157,
1428376140623,com.android.exchange.service.EasService,com.google.android.gm.exchange,10157,2752,54256,[STARTED],false,true,1,1,33930535,
1428376140623,com.google.android.music.dial.DialMediaRouteProviderService,com.google.android.music:main,10058,0,21711939,[],false,true,0,0,10495967,
1428376140623,ch.unige.css.services.PingService,ch.unige.ping,10074,1449,75283926,[STARTED],false,true,0,0,34929001,
1428376140623,com.android.systemui.keyguard.KeyguardService,com.android.systemui,10012,906,42358,[PERSISTENT],false,false,1,1,42367,
1428376140623,com.google.android.gms.droidguard.DroidGuardService,com.google.android.gms.unstable,10007,9162,53738077,[],false,true,1,1,33607138,
1428376140623,ch.unige.css.services.main.CssRegistryService,ch.unige.ping:background,10074,13902,17964876,[STARTED],false,true,0,0,6748905,
1428376140623,com.whatsapp.messaging.MessageService,com.whatsapp,10159,7286,68313,[STARTED],false,true,1,1,33311703,
1428376140623,ccc71.at.services.at_service,ccc71.bmw.pro:services,10110,4012,69150,[STARTED],false,true,0,0,69159,
1428376140623,com.google.android.location.geocode.GeocodeService,com.google.process.location,10007,17755,50924882,[],false,true,1,1,31915807,
1428376200613,com.android.bluetooth.hid.HidService,com.android.bluetooth,1002,0,41148,[],false,true,2,2,41157,
1428376200613,com.android.exchange.service.EasService,com.google.android.gm.exchange,10157,2752,54256,[STARTED],false,true,1,1,33930535,
1428376200613,com.google.android.music.dial.DialMediaRouteProviderService,com.google.android.music:main,10058,0,21711939,[],false,true,0,0,10495967,
1428376200613,ch.unige.css.services.PingService,ch.unige.ping,10074,1449,75343940,[STARTED],false,true,0,0,34930671,
1428376200613,com.android.systemui.keyguard.KeyguardService,com.android.systemui,10012,906,42358,[PERSISTENT],false,false,1,1,42367,
1428376200613,com.google.android.gms.droidguard.DroidGuardService,com.google.android.gms.unstable,10007,9162,53738077,[],false,true,1,1,33607138,
1428376200613,ch.unige.css.services.main.CssRegistryService,ch.unige.ping:background,10074,13902,17964876,[STARTED],false,true,0,0,6748905,
1428376200613,com.whatsapp.messaging.MessageService,com.whatsapp,10159,7286,68313,[STARTED],false,true,1,1,33311703,
1428376200613,ccc71.at.services.at_service,ccc71.bmw.pro:services,10110,4012,69150,[STARTED],false,true,0,0,69159,
1428376200613,com.google.android.location.geocode.GeocodeService,com.google.process.location,10007,17755,50924882,[],false,true,1,1,31915807,
1428376260608,com.android.bluetooth.hid.HidService,com.android.bluetooth,1002,0,41148,[],false,true,2,2,41157,
1428376260608,com.android.exchange.service.EasService,com.google.android.gm.exchange,10157,2752,54256,[STARTED],false,true,1,1,33930535,
1428376260608,com.google.android.music.dial.DialMediaRouteProviderService,com.google.android.music:main,10058,0,21711939,[],false,true,0,0,10495967,
1428376260608,ch.unige.css.services.PingService,ch.unige.ping,10074,1449,75403957,[STARTED],false,true,0,0,34932038,
1428376260608,com.android.systemui.keyguard.KeyguardService,com.android.systemui,10012,906,42358,[PERSISTENT],false,false,1,1,42367,
1428376260608,com.google.android.gms.droidguard.DroidGuardService,com.google.android.gms.unstable,10007,9162,53738077,[],false,true,1,1,33607138,
1428376260608,ch.unige.css.services.main.CssRegistryService,ch.unige.ping:background,10074,13902,17964876,[STARTED],false,true,0,0,6748905,
1428376260608,com.whatsapp.messaging.MessageService,com.whatsapp,10159,7286,68313,[STARTED],false,true,1,1,33311703,
1428376260608,ccc71.at.services.at_service,ccc71.bmw.pro:services,10110,4012,69150,[STARTED],false,true,0,0,69159,
1428376260608,com.google.android.location.geocode.GeocodeService,com.google.process.location,10007,17755,50924882,[],false,true,1,1,31915807,
1428376320687,com.android.bluetooth.hid.HidService,com.android.bluetooth,1002,0,41148,[],false,true,2,2,41157,
1428376320687,com.android.exchange.service.EasService,com.google.android.gm.exchange,10157,2752,54256,[STARTED],false,true,1,1,33930535,
1428376320687,com.google.android.music.dial.DialMediaRouteProviderService,com.google.android.music:main,10058,0,21711939,[],false,true,0,0,10495967,
1428376320687,ch.unige.css.services.PingService,ch.unige.ping,10074,1449,75463991,[STARTED],false,true,0,0,34933692,
1428376320687,com.android.systemui.keyguard.KeyguardService,com.android.systemui,10012,906,42358,[PERSISTENT],false,false,1,1,42367,
1428376320687,com.google.android.gms.droidguard.DroidGuardService,com.google.android.gms.unstable,10007,9162,53738077,[],false,true,1,1,33607138,
1428376320687,ch.unige.css.services.main.CssRegistryService,ch.unige.ping:background,10074,13902,17964876,[STARTED],false,true,0,0,6748905,
1428376320687,com.whatsapp.messaging.MessageService,com.whatsapp,10159,7286,68313,[STARTED],false,true,1,1,33311703,
1428376320687,ccc71.at.services.at_service,ccc71.bmw.pro:services,10110,4012,69150,[STARTED],false,true,0,0,69159,
1428376320687,com.google.android.location.geocode.GeocodeService,com.google.process.location,10007,17755,50924882,[],false,true,1,1,31915807,
1428376380732,com.android.bluetooth.hid.HidService,com.android.bluetooth,1002,0,41148,[],false,true,2,2,41157,
1428376380732,com.android.exchange.service.EasService,com.google.android.gm.exchange,10157,2752,54256,[STARTED],false,true,1,1,33930535,
1428376380732,com.google.android.music.dial.DialMediaRouteProviderService,com.google.android.music:main,10058,0,21711939,[],false,true,0,0,10495967,
1428376380732,ch.unige.css.services.PingService,ch.unige.ping,10074,1449,75524055,[STARTED],false,true,0,0,34935276,
1428376380732,com.android.systemui.keyguard.KeyguardService,com.android.systemui,10012,906,42358,[PERSISTENT],false,false,1,1,42367,
1428376380732,com.google.android.gms.droidguard.DroidGuardService,com.google.android.gms.unstable,10007,9162,53738077,[],false,true,1,1,33607138,
1428376380732,ch.unige.css.services.main.CssRegistryService,ch.unige.ping:background,10074,13902,17964876,[STARTED],false,true,0,0,6748905,
1428376380732,com.whatsapp.messaging.MessageService,com.whatsapp,10159,7286,68313,[STARTED],false,true,1,1,33311703,
1428376380732,ccc71.at.services.at_service,ccc71.bmw.pro:services,10110,4012,69150,[STARTED],false,true,0,0,69159,
1428376380732,com.google.android.location.geocode.GeocodeService,com.google.process.location,10007,17755,50924882,[],false,true,1,1,31915807,
1428376440840,com.android.bluetooth.hid.HidService,com.android.bluetooth,1002,0,41148,[],false,true,2,2,41157,
1428376440840,com.android.exchange.service.EasService,com.google.android.gm.exchange,10157,2752,54256,[STARTED],false,true,1,1,33930535,
1428376440840,com.google.android.music.dial.DialMediaRouteProviderService,com.google.android.music:main,10058,0,21711939,[],false,true,0,0,10495967,
1428376440840,ch.unige.css.services.PingService,ch.unige.ping,10074,1449,75584117,[STARTED],false,true,0,0,34946852,
1428376440840,com.android.systemui.keyguard.KeyguardService,com.android.systemui,10012,906,42358,[PERSISTENT],false,false,1,1,42367,
1428376440840,com.google.android.gms.droidguard.DroidGuardService,com.google.android.gms.unstable,10007,9162,53738077,[],false,true,1,1,33607138,
1428376440840,ch.unige.css.services.main.CssRegistryService,ch.unige.ping:background,10074,13902,17964876,[STARTED],false,true,0,0,6748905,
1428376440840,com.whatsapp.messaging.MessageService,com.whatsapp,10159,7286,68313,[STARTED],false,true,1,1,33311703,
1428376440840,ccc71.at.services.at_service,ccc71.bmw.pro:services,10110,4012,69150,[STARTED],false,true,0,0,69159,
1428376440840,com.google.android.location.geocode.GeocodeService,com.google.process.location,10007,17755,50924882,[],false,true,1,1,31915807,
1428376500932,com.android.bluetooth.hid.HidService,com.android.bluetooth,1002,0,41148,[],false,true,2,2,41157,
1428376500932,com.android.exchange.service.EasService,com.google.android.gm.exchange,10157,2752,54256,[STARTED],false,true,1,1,33930535,
1428376500932,com.google.android.music.dial.DialMediaRouteProviderService,com.google.android.music:main,10058,0,21711939,[],false,true,0,0,10495967,
1428376500932,ch.unige.css.services.PingService,ch.unige.ping,10074,1449,75644261,[STARTED],false,true,0,0,34948766,
1428376500932,com.android.systemui.keyguard.KeyguardService,com.android.systemui,10012,906,42358,[PERSISTENT],false,false,1,1,42367,
1428376500932,com.google.android.gms.droidguard.DroidGuardService,com.google.android.gms.unstable,10007,9162,53738077,[],false,true,1,1,33607138,
1428376500932,ch.unige.css.services.main.CssRegistryService,ch.unige.ping:background,10074,13902,17964876,[STARTED],false,true,0,0,6748905,
1428376500932,com.whatsapp.messaging.MessageService,com.whatsapp,10159,7286,68313,[STARTED],false,true,1,1,33311703,
1428376500932,ccc71.at.services.at_service,ccc71.bmw.pro:services,10110,4012,69150,[STARTED],false,true,0,0,69159,
1428376500932,com.google.android.location.geocode.GeocodeService,com.google.process.location,10007,17755,50924882,[],false,true,1,1,31915807,
1428376593142,com.android.bluetooth.hid.HidService,com.android.bluetooth,1002,0,41148,[],false,true,2,2,41157,
1428376593142,com.google.android.apps.fitness.wearable.WearableSyncService,com.google.android.apps.fitness,10155,15320,75736505,[STARTED],false,true,0,0,34952225,
1428376593142,com.android.exchange.service.EasService,com.google.android.gm.exchange,10157,2752,54256,[STARTED],false,true,1,1,33930535,
1428376593142,com.google.android.music.dial.DialMediaRouteProviderService,com.google.android.music:main,10058,0,21711939,[],false,true,0,0,10495967,
1428376593142,ch.unige.css.services.PingService,ch.unige.ping,10074,1449,75736456,[STARTED],false,true,0,0,34952176,
1428376593142,com.android.systemui.keyguard.KeyguardService,com.android.systemui,10012,906,42358,[PERSISTENT],false,false,1,1,42367,
1428376593142,com.google.android.gms.droidguard.DroidGuardService,com.google.android.gms.unstable,10007,9162,53738077,[],false,true,1,1,33607138,
1428376593142,ch.unige.css.services.main.CssRegistryService,ch.unige.ping:background,10074,13902,17964876,[STARTED],false,true,0,0,6748905,
1428376593142,com.whatsapp.messaging.MessageService,com.whatsapp,10159,7286,68313,[STARTED],false,true,1,1,33311703,
1428376593142,ccc71.at.services.at_service,ccc71.bmw.pro:services,10110,4012,69150,[STARTED],false,true,0,0,69159,
1428376653579,com.android.bluetooth.hid.HidService,com.android.bluetooth,1002,0,41148,[],false,true,2,2,41157,
1428376653579,com.google.android.gms.fitness.service.history.FitHistoryBroker,com.google.process.location,10007,17755,75736575,[],false,true,1,1,34952295,
1428376653579,com.android.exchange.service.EasService,com.google.android.gm.exchange,10157,2752,54256,[STARTED],false,true,1,1,33930535,
1428376653579,com.google.android.music.dial.DialMediaRouteProviderService,com.google.android.music:main,10058,0,21711939,[],false,true,0,0,10495967,
1428376653579,ch.unige.css.services.PingService,ch.unige.ping,10074,1449,75796920,[STARTED],false,true,0,0,34953832,
1428376653579,com.google.android.gms.fitness.service.config.FitConfigBroker,com.google.process.location,10007,17755,75736591,[],false,true,1,1,34952311,
1428376653579,com.android.systemui.keyguard.KeyguardService,com.android.systemui,10012,906,42358,[PERSISTENT],false,false,1,1,42367,
1428376653579,com.google.android.gms.droidguard.DroidGuardService,com.google.android.gms.unstable,10007,9162,53738077,[],false,true,1,1,33607138,
1428376653579,ch.unige.css.services.main.CssRegistryService,ch.unige.ping:background,10074,13902,17964876,[STARTED],false,true,0,0,6748905,
1428376653579,com.whatsapp.messaging.MessageService,com.whatsapp,10159,7286,68313,[STARTED],false,true,1,1,33311703,
1428376713584,com.android.bluetooth.hid.HidService,com.android.bluetooth,1002,0,41148,[],false,true,2,2,41157,
1428376713584,com.google.android.gms.fitness.service.history.FitHistoryBroker,com.google.process.location,10007,17755,75736575,[],false,true,1,1,34952295,
1428376713584,com.android.exchange.service.EasService,com.google.android.gm.exchange,10157,2752,54256,[STARTED],false,true,1,1,33930535,
1428376713584,com.google.android.music.dial.DialMediaRouteProviderService,com.google.android.music:main,10058,0,21711939,[],false,true,0,0,10495967,
1428376713584,ch.unige.css.services.PingService,ch.unige.ping,10074,1449,75856933,[STARTED],false,true,0,0,34954879,
1428376713584,com.google.android.gms.fitness.service.config.FitConfigBroker,com.google.process.location,10007,17755,75736591,[],false,true,1,1,34952311,
1428376713584,com.android.systemui.keyguard.KeyguardService,com.android.systemui,10012,906,42358,[PERSISTENT],false,false,1,1,42367,
1428376713584,com.google.android.gms.droidguard.DroidGuardService,com.google.android.gms.unstable,10007,9162,53738077,[],false,true,1,1,33607138,
1428376713584,ch.unige.css.services.main.CssRegistryService,ch.unige.ping:background,10074,13902,17964876,[STARTED],false,true,0,0,6748905,
1428376713584,com.whatsapp.messaging.MessageService,com.whatsapp,10159,7286,68313,[STARTED],false,true,1,1,33311703,
1428376773593,com.android.bluetooth.hid.HidService,com.android.bluetooth,1002,0,41148,[],false,true,2,2,41157,
1428376773593,com.google.android.gms.fitness.service.history.FitHistoryBroker,com.google.process.location,10007,17755,75736575,[],false,true,1,1,34952295,
1428376773593,com.android.exchange.service.EasService,com.google.android.gm.exchange,10157,2752,54256,[STARTED],false,true,1,1,33930535,
1428376773593,com.google.android.music.dial.DialMediaRouteProviderService,com.google.android.music:main,10058,0,21711939,[],false,true,0,0,10495967,
1428376773593,ch.unige.css.services.PingService,ch.unige.ping,10074,1449,75916946,[STARTED],false,true,0,0,34955988,
1428376773593,com.google.android.gms.fitness.service.config.FitConfigBroker,com.google.process.location,10007,17755,75736591,[],false,true,1,1,34952311,
1428376773593,com.android.systemui.keyguard.KeyguardService,com.android.systemui,10012,906,42358,[PERSISTENT],false,false,1,1,42367,
1428376773593,com.google.android.gms.droidguard.DroidGuardService,com.google.android.gms.unstable,10007,9162,53738077,[],false,true,1,1,33607138,
1428376773593,ch.unige.css.services.main.CssRegistryService,ch.unige.ping:background,10074,13902,17964876,[STARTED],false,true,0,0,6748905,
1428376773593,com.whatsapp.messaging.MessageService,com.whatsapp,10159,7286,68313,[STARTED],false,true,1,1,33311703,
1428376833615,com.android.bluetooth.hid.HidService,com.android.bluetooth,1002,0,41148,[],false,true,2,2,41157,
1428376833615,com.google.android.gms.fitness.service.history.FitHistoryBroker,com.google.process.location,10007,17755,75736575,[],false,true,1,1,34952295,
1428376833615,com.android.exchange.service.EasService,com.google.android.gm.exchange,10157,2752,54256,[STARTED],false,true,1,1,33930535,
1428376833615,com.google.android.music.dial.DialMediaRouteProviderService,com.google.android.music:main,10058,0,21711939,[],false,true,0,0,10495967,
1428376833615,ch.unige.css.services.PingService,ch.unige.ping,10074,1449,75976960,[STARTED],false,true,0,0,34957240,
1428376833615,com.google.android.gms.fitness.service.config.FitConfigBroker,com.google.process.location,10007,17755,75736591,[],false,true,1,1,34952311,
1428376833615,com.android.systemui.keyguard.KeyguardService,com.android.systemui,10012,906,42358,[PERSISTENT],false,false,1,1,42367,
1428376833615,com.google.android.gms.droidguard.DroidGuardService,com.google.android.gms.unstable,10007,9162,53738077,[],false,true,1,1,33607138,
1428376833615,ch.unige.css.services.main.CssRegistryService,ch.unige.ping:background,10074,13902,17964876,[STARTED],false,true,0,0,6748905,
1428376833615,com.whatsapp.messaging.MessageService,com.whatsapp,10159,7286,68313,[STARTED],false,true,1,1,33311703,
1428376893685,com.android.bluetooth.hid.HidService,com.android.bluetooth,1002,0,41148,[],false,true,2,2,41157,
1428376893685,com.android.exchange.service.EasService,com.google.android.gm.exchange,10157,2752,54256,[STARTED],false,true,1,1,33930535,
1428376893685,com.google.android.music.dial.DialMediaRouteProviderService,com.google.android.music:main,10058,0,21711939,[],false,true,0,0,10495967,
1428376893685,ch.unige.css.services.PingService,ch.unige.ping,10074,1449,76037001,[STARTED],false,true,0,0,34958686,
1428376893685,com.android.systemui.keyguard.KeyguardService,com.android.systemui,10012,906,42358,[PERSISTENT],false,false,1,1,42367,
1428376893685,com.google.android.gms.droidguard.DroidGuardService,com.google.android.gms.unstable,10007,9162,53738077,[],false,true,1,1,33607138,
1428376893685,ch.unige.css.services.main.CssRegistryService,ch.unige.ping:background,10074,13902,17964876,[STARTED],false,true,0,0,6748905,
1428376893685,com.whatsapp.messaging.MessageService,com.whatsapp,10159,7286,68313,[STARTED],false,true,1,1,33311703,
1428376893685,ccc71.at.services.at_service,ccc71.bmw.pro:services,10110,4012,69150,[STARTED],false,true,0,0,69159,
1428376893685,com.google.android.location.geocode.GeocodeService,com.google.process.location,10007,17755,50924882,[],false,true,1,1,31915807,
1428376953766,com.android.bluetooth.hid.HidService,com.android.bluetooth,1002,0,41148,[],false,true,2,2,41157,
1428376953766,com.android.exchange.service.EasService,com.google.android.gm.exchange,10157,2752,54256,[STARTED],false,true,1,1,33930535,
1428376953766,com.google.android.music.dial.DialMediaRouteProviderService,com.google.android.music:main,10058,0,21711939,[],false,true,0,0,10495967,
1428376953766,com.android.systemui.keyguard.KeyguardService,com.android.systemui,10012,906,42358,[PERSISTENT],false,false,1,1,42367,
1428376953766,com.google.android.gms.droidguard.DroidGuardService,com.google.android.gms.unstable,10007,9162,53738077,[],false,true,1,1,33607138,
1428376953766,ch.unige.css.services.main.CssRegistryService,ch.unige.ping:background,10074,13902,17964876,[STARTED],false,true,0,0,6748905,
1428376953766,com.whatsapp.messaging.MessageService,com.whatsapp,10159,7286,68313,[STARTED],false,true,1,1,33311703,
1428376953766,ccc71.at.services.at_service,ccc71.bmw.pro:services,10110,4012,69150,[STARTED],false,true,0,0,69159,
1428376953766,com.google.android.location.geocode.GeocodeService,com.google.process.location,10007,17755,50924882,[],false,true,1,1,31915807,
1428376953766,com.google.android.gms.gcm.GcmService,com.google.process.gapps,10007,17792,17965599,[STARTED],false,true,0,0,33902416,
1428377013850,com.android.bluetooth.hid.HidService,com.android.bluetooth,1002,0,41148,[],false,true,2,2,41157,
1428377013850,com.android.exchange.service.EasService,com.google.android.gm.exchange,10157,2752,54256,[STARTED],false,true,1,1,33930535,
1428377013850,com.google.android.music.dial.DialMediaRouteProviderService,com.google.android.music:main,10058,0,21711939,[],false,true,0,0,10495967,
1428377013850,ch.unige.css.services.PingService,ch.unige.ping,10074,1449,76157155,[STARTED],false,true,0,0,34970054,
1428377013850,com.android.systemui.keyguard.KeyguardService,com.android.systemui,10012,906,42358,[PERSISTENT],false,false,1,1,42367,
1428377013850,com.google.android.gms.droidguard.DroidGuardService,com.google.android.gms.unstable,10007,9162,53738077,[],false,true,1,1,33607138,
1428377013850,ch.unige.css.services.main.CssRegistryService,ch.unige.ping:background,10074,13902,17964876,[STARTED],false,true,0,0,6748905,
1428377013850,com.whatsapp.messaging.MessageService,com.whatsapp,10159,7286,68313,[STARTED],false,true,1,1,33311703,
1428377013850,ccc71.at.services.at_service,ccc71.bmw.pro:services,10110,4012,69150,[STARTED],false,true,0,0,69159,
1428377013850,com.google.android.location.geocode.GeocodeService,com.google.process.location,10007,17755,50924882,[],false,true,1,1,31915807,
1428377074573,com.android.bluetooth.hid.HidService,com.android.bluetooth,1002,0,41148,[],false,true,2,2,41157,
1428377074573,com.android.exchange.service.EasService,com.google.android.gm.exchange,10157,2752,54256,[STARTED],false,true,1,1,33930535,
1428377074573,com.google.android.music.dial.DialMediaRouteProviderService,com.google.android.music:main,10058,0,21711939,[],false,true,0,0,10495967,
1428377074573,ch.unige.css.services.PingService,ch.unige.ping,10074,1449,76217928,[STARTED],false,true,0,0,34971106,
1428377074573,com.android.systemui.keyguard.KeyguardService,com.android.systemui,10012,906,42358,[PERSISTENT],false,false,1,1,42367,
1428377074573,com.google.android.gms.droidguard.DroidGuardService,com.google.android.gms.unstable,10007,9162,53738077,[],false,true,1,1,33607138,
1428377074573,ch.unige.css.services.main.CssRegistryService,ch.unige.ping:background,10074,13902,17964876,[STARTED],false,true,0,0,6748905,
1428377074573,com.whatsapp.messaging.MessageService,com.whatsapp,10159,7286,68313,[STARTED],false,true,1,1,33311703,
1428377074573,ccc71.at.services.at_service,ccc71.bmw.pro:services,10110,4012,69150,[STARTED],false,true,0,0,69159,
1428377074573,com.google.android.location.geocode.GeocodeService,com.google.process.location,10007,17755,50924882,[],false,true,1,1,31915807,
1428377134580,com.android.bluetooth.hid.HidService,com.android.bluetooth,1002,0,41148,[],false,true,2,2,41157,
1428377134580,com.android.exchange.service.EasService,com.google.android.gm.exchange,10157,2752,54256,[STARTED],false,true,1,1,33930535,
1428377134580,com.google.android.music.dial.DialMediaRouteProviderService,com.google.android.music:main,10058,0,21711939,[],false,true,0,0,10495967,
1428377134580,ch.unige.css.services.PingService,ch.unige.ping,10074,1449,76277937,[STARTED],false,true,0,0,34972127,
1428377134580,com.android.systemui.keyguard.KeyguardService,com.android.systemui,10012,906,42358,[PERSISTENT],false,false,1,1,42367,
1428377134580,com.google.android.gms.droidguard.DroidGuardService,com.google.android.gms.unstable,10007,9162,53738077,[],false,true,1,1,33607138,
1428377134580,ch.unige.css.services.main.CssRegistryService,ch.unige.ping:background,10074,13902,17964876,[STARTED],false,true,0,0,6748905,
1428377134580,com.whatsapp.messaging.MessageService,com.whatsapp,10159,7286,68313,[STARTED],false,true,1,1,33311703,
1428377134580,ccc71.at.services.at_service,ccc71.bmw.pro:services,10110,4012,69150,[STARTED],false,true,0,0,69159,
1428377134580,com.google.android.location.geocode.GeocodeService,com.google.process.location,10007,17755,50924882,[],false,true,1,1,31915807,
1428377194599,com.android.bluetooth.hid.HidService,com.android.bluetooth,1002,0,41148,[],false,true,2,2,41157,
1428377194599,com.android.exchange.service.EasService,com.google.android.gm.exchange,10157,2752,54256,[STARTED],false,true,1,1,33930535,
1428377194599,com.google.android.music.dial.DialMediaRouteProviderService,com.google.android.music:main,10058,0,21711939,[],false,true,0,0,10495967,
1428377194599,ch.unige.css.services.PingService,ch.unige.ping,10074,1449,76337947,[STARTED],false,true,0,0,34973208,
1428377194599,com.android.systemui.keyguard.KeyguardService,com.android.systemui,10012,906,42358,[PERSISTENT],false,false,1,1,42367,
1428377194599,com.google.android.gms.droidguard.DroidGuardService,com.google.android.gms.unstable,10007,9162,53738077,[],false,true,1,1,33607138,
1428377194599,ch.unige.css.services.main.CssRegistryService,ch.unige.ping:background,10074,13902,17964876,[STARTED],false,true,0,0,6748905,
1428377194599,com.whatsapp.messaging.MessageService,com.whatsapp,10159,7286,68313,[STARTED],false,true,1,1,33311703,
1428377194599,ccc71.at.services.at_service,ccc71.bmw.pro:services,10110,4012,69150,[STARTED],false,true,0,0,69159,
1428377194599,com.google.android.location.geocode.GeocodeService,com.google.process.location,10007,17755,50924882,[],false,true,1,1,31915807,
1428377254667,com.android.bluetooth.hid.HidService,com.android.bluetooth,1002,0,41148,[],false,true,2,2,41157,
1428377254667,com.android.exchange.service.EasService,com.google.android.gm.exchange,10157,2752,54256,[STARTED],false,true,1,1,33930535,
1428377254667,com.google.android.music.dial.DialMediaRouteProviderService,com.google.android.music:main,10058,0,21711939,[],false,true,0,0,10495967,
1428377254667,ch.unige.css.services.PingService,ch.unige.ping,10074,1449,76397973,[STARTED],false,true,0,0,34974648,
1428377254667,com.android.systemui.keyguard.KeyguardService,com.android.systemui,10012,906,42358,[PERSISTENT],false,false,1,1,42367,
1428377254667,com.google.android.gms.droidguard.DroidGuardService,com.google.android.gms.unstable,10007,9162,53738077,[],false,true,1,1,33607138,
1428377254667,ch.unige.css.services.main.CssRegistryService,ch.unige.ping:background,10074,13902,17964876,[STARTED],false,true,0,0,6748905,
1428377254667,com.whatsapp.messaging.MessageService,com.whatsapp,10159,7286,68313,[STARTED],false,true,1,1,33311703,
1428377254667,ccc71.at.services.at_service,ccc71.bmw.pro:services,10110,4012,69150,[STARTED],false,true,0,0,69159,
1428377254667,com.google.android.location.geocode.GeocodeService,com.google.process.location,10007,17755,50924882,[],false,true,1,1,31915807,
1428377314746,com.android.bluetooth.hid.HidService,com.android.bluetooth,1002,0,41148,[],false,true,2,2,41157,
1428377314746,com.android.exchange.service.EasService,com.google.android.gm.exchange,10157,2752,54256,[STARTED],false,true,1,1,33930535,
1428377314746,com.google.android.music.dial.DialMediaRouteProviderService,com.google.android.music:main,10058,0,21711939,[],false,true,0,0,10495967,
1428377314746,ch.unige.css.services.PingService,ch.unige.ping,10074,1449,76458057,[STARTED],false,true,0,0,34976278,
1428377314746,com.android.systemui.keyguard.KeyguardService,com.android.systemui,10012,906,42358,[PERSISTENT],false,false,1,1,42367,
1428377314746,com.google.android.gms.droidguard.DroidGuardService,com.google.android.gms.unstable,10007,9162,53738077,[],false,true,1,1,33607138,
1428377314746,ch.unige.css.services.main.CssRegistryService,ch.unige.ping:background,10074,13902,17964876,[STARTED],false,true,0,0,6748905,
1428377314746,com.whatsapp.messaging.MessageService,com.whatsapp,10159,7286,68313,[STARTED],false,true,1,1,33311703,
1428377314746,ccc71.at.services.at_service,ccc71.bmw.pro:services,10110,4012,69150,[STARTED],false,true,0,0,69159,
1428377314746,com.google.android.location.geocode.GeocodeService,com.google.process.location,10007,17755,50924882,[],false,true,1,1,31915807,
1428377374924,com.android.bluetooth.hid.HidService,com.android.bluetooth,1002,0,41148,[],false,true,2,2,41157,
1428377374924,com.android.exchange.service.EasService,com.google.android.gm.exchange,10157,2752,54256,[STARTED],false,true,1,1,33930535,
1428377374924,com.google.android.music.dial.DialMediaRouteProviderService,com.google.android.music:main,10058,0,21711939,[],false,true,0,0,10495967,
1428377374924,ch.unige.css.services.PingService,ch.unige.ping,10074,1449,76518251,[STARTED],false,true,0,0,34977916,
1428377374924,com.android.systemui.keyguard.KeyguardService,com.android.systemui,10012,906,42358,[PERSISTENT],false,false,1,1,42367,
1428377374924,com.google.android.gms.droidguard.DroidGuardService,com.google.android.gms.unstable,10007,9162,53738077,[],false,true,1,1,33607138,
1428377374924,ch.unige.css.services.main.CssRegistryService,ch.unige.ping:background,10074,13902,17964876,[STARTED],false,true,0,0,6748905,
1428377374924,com.whatsapp.messaging.MessageService,com.whatsapp,10159,7286,68313,[STARTED],false,true,1,1,33311703,
1428377374924,ccc71.at.services.at_service,ccc71.bmw.pro:services,10110,4012,69150,[STARTED],false,true,0,0,69159,
1428377374924,com.google.android.location.geocode.GeocodeService,com.google.process.location,10007,17755,50924882,[],false,true,1,1,31915807,
1428377434955,com.android.bluetooth.hid.HidService,com.android.bluetooth,1002,0,41148,[],false,true,2,2,41157,
1428377434955,com.android.exchange.service.EasService,com.google.android.gm.exchange,10157,2752,54256,[STARTED],false,true,1,1,33930535,
1428377434955,com.google.android.music.dial.DialMediaRouteProviderService,com.google.android.music:main,10058,0,21711939,[],false,true,0,0,10495967,
1428377434955,ch.unige.css.services.PingService,ch.unige.ping,10074,1449,76578279,[STARTED],false,true,0,0,34980909,
1428377434955,com.android.systemui.keyguard.KeyguardService,com.android.systemui,10012,906,42358,[PERSISTENT],false,false,1,1,42367,
1428377434955,com.google.android.gms.droidguard.DroidGuardService,com.google.android.gms.unstable,10007,9162,53738077,[],false,true,1,1,33607138,
1428377434955,ch.unige.css.services.main.CssRegistryService,ch.unige.ping:background,10074,13902,17964876,[STARTED],false,true,0,0,6748905,
1428377434955,com.whatsapp.messaging.MessageService,com.whatsapp,10159,7286,68313,[STARTED],false,true,1,1,33311703,
1428377434955,ccc71.at.services.at_service,ccc71.bmw.pro:services,10110,4012,69150,[STARTED],false,true,0,0,69159,
1428377434955,com.google.android.location.geocode.GeocodeService,com.google.process.location,10007,17755,50924882,[],false,true,1,1,31915807,
1428377495003,com.android.bluetooth.hid.HidService,com.android.bluetooth,1002,0,41148,[],false,true,2,2,41157,
1428377495003,com.android.exchange.service.EasService,com.google.android.gm.exchange,10157,2752,54256,[STARTED],false,true,1,1,33930535,
1428377495003,com.google.android.music.dial.DialMediaRouteProviderService,com.google.android.music:main,10058,0,21711939,[],false,true,0,0,10495967,
1428377495003,ch.unige.css.services.PingService,ch.unige.ping,10074,1449,76638308,[STARTED],false,true,0,0,34983193,
1428377495003,com.android.systemui.keyguard.KeyguardService,com.android.systemui,10012,906,42358,[PERSISTENT],false,false,1,1,42367,
1428377495003,com.google.android.gms.droidguard.DroidGuardService,com.google.android.gms.unstable,10007,9162,53738077,[],false,true,1,1,33607138,
1428377495003,ch.unige.css.services.main.CssRegistryService,ch.unige.ping:background,10074,13902,17964876,[STARTED],false,true,0,0,6748905,
1428377495003,com.whatsapp.messaging.MessageService,com.whatsapp,10159,7286,68313,[STARTED],false,true,1,1,33311703,
1428377495003,ccc71.at.services.at_service,ccc71.bmw.pro:services,10110,4012,69150,[STARTED],false,true,0,0,69159,
1428377495003,com.google.android.location.geocode.GeocodeService,com.google.process.location,10007,17755,50924882,[],false,true,1,1,31915807,
1428377555014,com.android.bluetooth.hid.HidService,com.android.bluetooth,1002,0,41148,[],false,true,2,2,41157,
1428377555014,com.android.exchange.service.EasService,com.google.android.gm.exchange,10157,2752,54256,[STARTED],false,true,1,1,33930535,
1428377555014,com.google.android.music.dial.DialMediaRouteProviderService,com.google.android.music:main,10058,0,21711939,[],false,true,0,0,10495967,
1428377555014,ch.unige.css.services.PingService,ch.unige.ping,10074,1449,76698336,[STARTED],false,true,0,0,34985521,
1428377555014,com.android.systemui.keyguard.KeyguardService,com.android.systemui,10012,906,42358,[PERSISTENT],false,false,1,1,42367,
1428377555014,com.google.android.gms.droidguard.DroidGuardService,com.google.android.gms.unstable,10007,9162,53738077,[],false,true,1,1,33607138,
1428377555014,ch.unige.css.services.main.CssRegistryService,ch.unige.ping:background,10074,13902,17964876,[STARTED],false,true,0,0,6748905,
1428377555014,com.whatsapp.messaging.MessageService,com.whatsapp,10159,7286,68313,[STARTED],false,true,1,1,33311703,
1428377555014,ccc71.at.services.at_service,ccc71.bmw.pro:services,10110,4012,69150,[STARTED],false,true,0,0,69159,
1428377555014,com.google.android.location.geocode.GeocodeService,com.google.process.location,10007,17755,50924882,[],false,true,1,1,31915807,
1428377615040,com.android.bluetooth.hid.HidService,com.android.bluetooth,1002,0,41148,[],false,true,2,2,41157,
1428377615040,com.android.exchange.service.EasService,com.google.android.gm.exchange,10157,2752,54256,[STARTED],false,true,1,1,33930535,
1428377615040,com.google.android.music.dial.DialMediaRouteProviderService,com.google.android.music:main,10058,0,21711939,[],false,true,0,0,10495967,
1428377615040,ch.unige.css.services.PingService,ch.unige.ping,10074,1449,76758365,[STARTED],false,true,0,0,34990040,
1428377615040,com.android.systemui.keyguard.KeyguardService,com.android.systemui,10012,906,42358,[PERSISTENT],false,false,1,1,42367,
1428377615040,com.google.android.gms.droidguard.DroidGuardService,com.google.android.gms.unstable,10007,9162,53738077,[],false,true,1,1,33607138,
1428377615040,ch.unige.css.services.main.CssRegistryService,ch.unige.ping:background,10074,13902,17964876,[STARTED],false,true,0,0,6748905,
1428377615040,com.whatsapp.messaging.MessageService,com.whatsapp,10159,7286,68313,[STARTED],false,true,1,1,33311703,
1428377615040,ccc71.at.services.at_service,ccc71.bmw.pro:services,10110,4012,69150,[STARTED],false,true,0,0,69159,
1428377615040,com.google.android.location.geocode.GeocodeService,com.google.process.location,10007,17755,50924882,[],false,true,1,1,31915807,
1428377675621,com.android.bluetooth.hid.HidService,com.android.bluetooth,1002,0,41148,[],false,true,2,2,41157,
1428377675621,com.android.exchange.service.EasService,com.google.android.gm.exchange,10157,2752,54256,[STARTED],false,true,1,1,33930535,
1428377675621,com.google.android.music.dial.DialMediaRouteProviderService,com.google.android.music:main,10058,0,21711939,[],false,true,0,0,10495967,
1428377675621,ch.unige.css.services.PingService,ch.unige.ping,10074,1449,76818929,[STARTED],false,true,0,0,34998274,
1428377675621,com.android.systemui.keyguard.KeyguardService,com.android.systemui,10012,906,42358,[PERSISTENT],false,false,1,1,42367,
1428377675621,com.google.android.gms.droidguard.DroidGuardService,com.google.android.gms.unstable,10007,9162,53738077,[],false,true,1,1,33607138,
1428377675621,ch.unige.css.services.main.CssRegistryService,ch.unige.ping:background,10074,13902,17964876,[STARTED],false,true,0,0,6748905,
1428377675621,com.whatsapp.messaging.MessageService,com.whatsapp,10159,7286,68313,[STARTED],false,true,1,1,33311703,
1428377675621,ccc71.at.services.at_service,ccc71.bmw.pro:services,10110,4012,69150,[STARTED],false,true,0,0,69159,
1428377675621,com.google.android.location.geocode.GeocodeService,com.google.process.location,10007,17755,50924882,[],false,true,1,1,31915807,
1428377735624,com.android.bluetooth.hid.HidService,com.android.bluetooth,1002,0,41148,[],false,true,2,2,41157,
1428377735624,com.android.exchange.service.EasService,com.google.android.gm.exchange,10157,2752,54256,[STARTED],false,true,1,1,33930535,
1428377735624,com.google.android.music.dial.DialMediaRouteProviderService,com.google.android.music:main,10058,0,21711939,[],false,true,0,0,10495967,
1428377735624,ch.unige.css.services.PingService,ch.unige.ping,10074,1449,76878944,[STARTED],false,true,0,0,34999694,
1428377735624,com.android.systemui.keyguard.KeyguardService,com.android.systemui,10012,906,42358,[PERSISTENT],false,false,1,1,42367,
1428377735624,com.google.android.gms.droidguard.DroidGuardService,com.google.android.gms.unstable,10007,9162,53738077,[],false,true,1,1,33607138,
1428377735624,ch.unige.css.services.main.CssRegistryService,ch.unige.ping:background,10074,13902,17964876,[STARTED],false,true,0,0,6748905,
1428377735624,com.whatsapp.messaging.MessageService,com.whatsapp,10159,7286,68313,[STARTED],false,true,1,1,33311703,
1428377735624,ccc71.at.services.at_service,ccc71.bmw.pro:services,10110,4012,69150,[STARTED],false,true,0,0,69159,
1428377735624,com.google.android.location.geocode.GeocodeService,com.google.process.location,10007,17755,50924882,[],false,true,1,1,31915807,
1428377795653,com.android.bluetooth.hid.HidService,com.android.bluetooth,1002,0,41148,[],false,true,2,2,41157,
1428377795653,com.android.exchange.service.EasService,com.google.android.gm.exchange,10157,2752,54256,[STARTED],false,true,1,1,33930535,
1428377795653,com.google.android.music.dial.DialMediaRouteProviderService,com.google.android.music:main,10058,0,21711939,[],false,true,0,0,10495967,
1428377795653,ch.unige.css.services.PingService,ch.unige.ping,10074,1449,76938964,[STARTED],false,true,0,0,35001289,
1428377795653,com.android.systemui.keyguard.KeyguardService,com.android.systemui,10012,906,42358,[PERSISTENT],false,false,1,1,42367,
1428377795653,com.google.android.gms.droidguard.DroidGuardService,com.google.android.gms.unstable,10007,9162,53738077,[],false,true,1,1,33607138,
1428377795653,ch.unige.css.services.main.CssRegistryService,ch.unige.ping:background,10074,13902,17964876,[STARTED],false,true,0,0,6748905,
1428377795653,com.whatsapp.messaging.MessageService,com.whatsapp,10159,7286,68313,[STARTED],false,true,1,1,33311703,
1428377795653,ccc71.at.services.at_service,ccc71.bmw.pro:services,10110,4012,69150,[STARTED],false,true,0,0,69159,
1428377795653,com.google.android.location.geocode.GeocodeService,com.google.process.location,10007,17755,50924882,[],false,true,1,1,31915807,
1428377855743,com.android.bluetooth.hid.HidService,com.android.bluetooth,1002,0,41148,[],false,true,2,2,41157,
1428377855743,com.android.exchange.service.EasService,com.google.android.gm.exchange,10157,2752,54256,[STARTED],false,true,1,1,33930535,
1428377855743,com.google.android.music.dial.DialMediaRouteProviderService,com.google.android.music:main,10058,0,21711939,[],false,true,0,0,10495967,
1428377855743,ch.unige.css.services.PingService,ch.unige.ping,10074,1449,76999057,[STARTED],false,true,0,0,35002864,
1428377855743,com.android.systemui.keyguard.KeyguardService,com.android.systemui,10012,906,42358,[PERSISTENT],false,false,1,1,42367,
1428377855743,com.google.android.gms.droidguard.DroidGuardService,com.google.android.gms.unstable,10007,9162,53738077,[],false,true,1,1,33607138,
1428377855743,ch.unige.css.services.main.CssRegistryService,ch.unige.ping:background,10074,13902,17964876,[STARTED],false,true,0,0,6748905,
1428377855743,com.whatsapp.messaging.MessageService,com.whatsapp,10159,7286,68313,[STARTED],false,true,1,1,33311703,
1428377855743,ccc71.at.services.at_service,ccc71.bmw.pro:services,10110,4012,69150,[STARTED],false,true,0,0,69159,
1428377855743,com.google.android.location.geocode.GeocodeService,com.google.process.location,10007,17755,50924882,[],false,true,1,1,31915807,
1428377915800,com.android.bluetooth.hid.HidService,com.android.bluetooth,1002,0,41148,[],false,true,2,2,41157,
1428377915800,com.android.exchange.service.EasService,com.google.android.gm.exchange,10157,2752,54256,[STARTED],false,true,1,1,33930535,
1428377915800,com.google.android.music.dial.DialMediaRouteProviderService,com.google.android.music:main,10058,0,21711939,[],false,true,0,0,10495967,
1428377915800,ch.unige.css.services.PingService,ch.unige.ping,10074,1449,77059129,[STARTED],false,true,0,0,35004759,
1428377915800,com.android.systemui.keyguard.KeyguardService,com.android.systemui,10012,906,42358,[PERSISTENT],false,false,1,1,42367,
1428377915800,com.google.android.gms.droidguard.DroidGuardService,com.google.android.gms.unstable,10007,9162,53738077,[],false,true,1,1,33607138,
1428377915800,ch.unige.css.services.main.CssRegistryService,ch.unige.ping:background,10074,13902,17964876,[STARTED],false,true,0,0,6748905,
1428377915800,com.whatsapp.messaging.MessageService,com.whatsapp,10159,7286,68313,[STARTED],false,true,1,1,33311703,
1428377915800,ccc71.at.services.at_service,ccc71.bmw.pro:services,10110,4012,69150,[STARTED],false,true,0,0,69159,
1428377915800,com.google.android.location.geocode.GeocodeService,com.google.process.location,10007,17755,50924882,[],false,true,1,1,31915807,
1428377975924,com.android.bluetooth.hid.HidService,com.android.bluetooth,1002,0,41148,[],false,true,2,2,41157,
1428377975924,com.android.exchange.service.EasService,com.google.android.gm.exchange,10157,2752,54256,[STARTED],false,true,1,1,33930535,
1428377975924,com.google.android.music.dial.DialMediaRouteProviderService,com.google.android.music:main,10058,0,21711939,[],false,true,0,0,10495967,
1428377975924,ch.unige.css.services.PingService,ch.unige.ping,10074,1449,77119251,[STARTED],false,true,0,0,35006776,
1428377975924,com.android.systemui.keyguard.KeyguardService,com.android.systemui,10012,906,42358,[PERSISTENT],false,false,1,1,42367,
1428377975924,com.google.android.gms.droidguard.DroidGuardService,com.google.android.gms.unstable,10007,9162,53738077,[],false,true,1,1,33607138,
1428377975924,ch.unige.css.services.main.CssRegistryService,ch.unige.ping:background,10074,13902,17964876,[STARTED],false,true,0,0,6748905,
1428377975924,com.whatsapp.messaging.MessageService,com.whatsapp,10159,7286,68313,[STARTED],false,true,1,1,33311703,
1428377975924,ccc71.at.services.at_service,ccc71.bmw.pro:services,10110,4012,69150,[STARTED],false,true,0,0,69159,
1428377975924,com.google.android.location.geocode.GeocodeService,com.google.process.location,10007,17755,50924882,[],false,true,1,1,31915807,
1428378035944,com.android.bluetooth.hid.HidService,com.android.bluetooth,1002,0,41148,[],false,true,2,2,41157,
1428378035944,com.android.exchange.service.EasService,com.google.android.gm.exchange,10157,2752,54256,[STARTED],false,true,1,1,33930535,
1428378035944,com.google.android.music.dial.DialMediaRouteProviderService,com.google.android.music:main,10058,0,21711939,[],false,true,0,0,10495967,
1428378035944,ch.unige.css.services.PingService,ch.unige.ping,10074,1449,77179266,[STARTED],false,true,0,0,35008890,
1428378035944,com.android.systemui.keyguard.KeyguardService,com.android.systemui,10012,906,42358,[PERSISTENT],false,false,1,1,42367,
1428378035944,com.google.android.gms.droidguard.DroidGuardService,com.google.android.gms.unstable,10007,9162,53738077,[],false,true,1,1,33607138,
1428378035944,ch.unige.css.services.main.CssRegistryService,ch.unige.ping:background,10074,13902,17964876,[STARTED],false,true,0,0,6748905,
1428378035944,com.whatsapp.messaging.MessageService,com.whatsapp,10159,7286,68313,[STARTED],false,true,1,1,33311703,
1428378035944,ccc71.at.services.at_service,ccc71.bmw.pro:services,10110,4012,69150,[STARTED],false,true,0,0,69159,
1428378035944,com.google.android.location.geocode.GeocodeService,com.google.process.location,10007,17755,50924882,[],false,true,1,1,31915807,
1428378095990,com.android.bluetooth.hid.HidService,com.android.bluetooth,1002,0,41148,[],false,true,2,2,41157,
1428378095990,com.android.exchange.service.EasService,com.google.android.gm.exchange,10157,2752,54256,[STARTED],false,true,1,1,33930535,
1428378095990,com.google.android.music.dial.DialMediaRouteProviderService,com.google.android.music:main,10058,0,21711939,[],false,true,0,0,10495967,
1428378095990,ch.unige.css.services.PingService,ch.unige.ping,10074,1449,77239288,[STARTED],false,true,0,0,35011551,
1428378095990,com.android.systemui.keyguard.KeyguardService,com.android.systemui,10012,906,42358,[PERSISTENT],false,false,1,1,42367,
1428378095990,com.google.android.gms.droidguard.DroidGuardService,com.google.android.gms.unstable,10007,9162,53738077,[],false,true,1,1,33607138,
1428378095990,ch.unige.css.services.main.CssRegistryService,ch.unige.ping:background,10074,13902,17964876,[STARTED],false,true,0,0,6748905,
1428378095990,com.whatsapp.messaging.MessageService,com.whatsapp,10159,7286,68313,[STARTED],false,true,1,1,33311703,
1428378095990,ccc71.at.services.at_service,ccc71.bmw.pro:services,10110,4012,69150,[STARTED],false,true,0,0,69159,
1428378095990,com.google.android.location.geocode.GeocodeService,com.google.process.location,10007,17755,50924882,[],false,true,1,1,31915807,
1428378156067,com.android.bluetooth.hid.HidService,com.android.bluetooth,1002,0,41148,[],false,true,2,2,41157,
1428378156067,com.android.exchange.service.EasService,com.google.android.gm.exchange,10157,2752,54256,[STARTED],false,true,1,1,33930535,
1428378156067,com.google.android.music.dial.DialMediaRouteProviderService,com.google.android.music:main,10058,0,21711939,[],false,true,0,0,10495967,
1428378156067,ch.unige.css.services.PingService,ch.unige.ping,10074,1449,77299336,[STARTED],false,true,0,0,35013933,
1428378156067,com.android.systemui.keyguard.KeyguardService,com.android.systemui,10012,906,42358,[PERSISTENT],false,false,1,1,42367,
1428378156067,com.google.android.gms.droidguard.DroidGuardService,com.google.android.gms.unstable,10007,9162,53738077,[],false,true,1,1,33607138,
1428378156067,ch.unige.css.services.main.CssRegistryService,ch.unige.ping:background,10074,13902,17964876,[STARTED],false,true,0,0,6748905,
1428378156067,com.whatsapp.messaging.MessageService,com.whatsapp,10159,7286,68313,[STARTED],false,true,1,1,33311703,
1428378156067,ccc71.at.services.at_service,ccc71.bmw.pro:services,10110,4012,69150,[STARTED],false,true,0,0,69159,
1428378156067,com.google.android.location.geocode.GeocodeService,com.google.process.location,10007,17755,50924882,[],false,true,1,1,31915807,
1428378216115,com.android.bluetooth.hid.HidService,com.android.bluetooth,1002,0,41148,[],false,true,2,2,41157,
1428378216115,com.android.exchange.service.EasService,com.google.android.gm.exchange,10157,2752,54256,[STARTED],false,true,1,1,33930535,
1428378216115,com.google.android.music.dial.DialMediaRouteProviderService,com.google.android.music:main,10058,0,21711939,[],false,true,0,0,10495967,
1428378216115,ch.unige.css.services.PingService,ch.unige.ping,10074,1449,77359420,[STARTED],false,true,0,0,35016635,
1428378216115,com.android.systemui.keyguard.KeyguardService,com.android.systemui,10012,906,42358,[PERSISTENT],false,false,1,1,42367,
1428378216115,com.google.android.gms.droidguard.DroidGuardService,com.google.android.gms.unstable,10007,9162,53738077,[],false,true,1,1,33607138,
1428378216115,ch.unige.css.services.main.CssRegistryService,ch.unige.ping:background,10074,13902,17964876,[STARTED],false,true,0,0,6748905,
1428378216115,com.whatsapp.messaging.MessageService,com.whatsapp,10159,7286,68313,[STARTED],false,true,1,1,33311703,
1428378216115,ccc71.at.services.at_service,ccc71.bmw.pro:services,10110,4012,69150,[STARTED],false,true,0,0,69159,
1428378216115,com.google.android.location.geocode.GeocodeService,com.google.process.location,10007,17755,50924882,[],false,true,1,1,31915807,
1428378297664,com.android.bluetooth.hid.HidService,com.android.bluetooth,1002,0,41148,[],false,true,2,2,41157,
1428378297664,com.android.exchange.service.EasService,com.google.android.gm.exchange,10157,2752,54256,[STARTED],false,true,1,1,33930535,
1428378297664,com.google.android.music.dial.DialMediaRouteProviderService,com.google.android.music:main,10058,0,21711939,[],false,true,0,0,10495967,
1428378297664,ch.unige.css.services.PingService,ch.unige.ping,10074,1449,77440940,[STARTED],false,true,0,0,35027223,
1428378297664,com.android.systemui.keyguard.KeyguardService,com.android.systemui,10012,906,42358,[PERSISTENT],false,false,1,1,42367,
1428378297664,com.google.android.gms.droidguard.DroidGuardService,com.google.android.gms.unstable,10007,9162,53738077,[],false,true,1,1,33607138,
1428378297664,ch.unige.css.services.main.CssRegistryService,ch.unige.ping:background,10074,13902,17964876,[STARTED],false,true,0,0,6748905,
1428378297664,com.whatsapp.messaging.MessageService,com.whatsapp,10159,7286,68313,[STARTED],false,true,1,1,33311703,
1428378297664,ccc71.at.services.at_service,ccc71.bmw.pro:services,10110,4012,69150,[STARTED],false,true,0,0,69159,
1428378297664,com.google.android.location.geocode.GeocodeService,com.google.process.location,10007,17755,50924882,[],false,true,1,1,31915807,
1428378357627,com.android.bluetooth.hid.HidService,com.android.bluetooth,1002,0,41148,[],false,true,2,2,41157,
1428378357627,com.google.android.gms.fitness.service.history.FitHistoryBroker,com.google.process.location,10007,17755,77441117,[],false,true,1,1,35027401,
1428378357627,com.android.exchange.service.EasService,com.google.android.gm.exchange,10157,2752,54256,[STARTED],false,true,1,1,33930535,
1428378357627,com.google.android.music.dial.DialMediaRouteProviderService,com.google.android.music:main,10058,0,21711939,[],false,true,0,0,10495967,
1428378357627,ch.unige.css.services.PingService,ch.unige.ping,10074,1449,77500952,[STARTED],false,true,0,0,35030909,
1428378357627,com.google.android.gms.fitness.service.config.FitConfigBroker,com.google.process.location,10007,17755,77441124,[],false,true,1,1,35027407,
1428378357627,com.android.systemui.keyguard.KeyguardService,com.android.systemui,10012,906,42358,[PERSISTENT],false,false,1,1,42367,
1428378357627,com.google.android.gms.droidguard.DroidGuardService,com.google.android.gms.unstable,10007,9162,53738077,[],false,true,1,1,33607138,
1428378357627,ch.unige.css.services.main.CssRegistryService,ch.unige.ping:background,10074,13902,17964876,[STARTED],false,true,0,0,6748905,
1428378357627,com.whatsapp.messaging.MessageService,com.whatsapp,10159,7286,68313,[STARTED],false,true,1,1,33311703,
1428378418604,com.android.bluetooth.hid.HidService,com.android.bluetooth,1002,0,41148,[],false,true,2,2,41157,
1428378418604,com.android.exchange.service.EasService,com.google.android.gm.exchange,10157,2752,54256,[STARTED],false,true,1,1,33930535,
1428378418604,com.google.android.music.dial.DialMediaRouteProviderService,com.google.android.music:main,10058,0,21711939,[],false,true,0,0,10495967,
1428378418604,ch.unige.css.services.PingService,ch.unige.ping,10074,1449,77561932,[STARTED],false,true,0,0,35032642,
1428378418604,com.android.systemui.keyguard.KeyguardService,com.android.systemui,10012,906,42358,[PERSISTENT],false,false,1,1,42367,
1428378418604,com.google.android.gms.droidguard.DroidGuardService,com.google.android.gms.unstable,10007,9162,53738077,[],false,true,1,1,33607138,
1428378418604,ch.unige.css.services.main.CssRegistryService,ch.unige.ping:background,10074,13902,17964876,[STARTED],false,true,0,0,6748905,
1428378418604,com.whatsapp.messaging.MessageService,com.whatsapp,10159,7286,68313,[STARTED],false,true,1,1,33311703,
1428378418604,ccc71.at.services.at_service,ccc71.bmw.pro:services,10110,4012,69150,[STARTED],false,true,0,0,69159,
1428378418604,com.google.android.location.geocode.GeocodeService,com.google.process.location,10007,17755,50924882,[],false,true,1,1,31915807,
1428378478654,com.android.bluetooth.hid.HidService,com.android.bluetooth,1002,0,41148,[],false,true,2,2,41157,
1428378478654,com.android.exchange.service.EasService,com.google.android.gm.exchange,10157,2752,54256,[STARTED],false,true,1,1,33930535,
1428378478654,com.google.android.music.dial.DialMediaRouteProviderService,com.google.android.music:main,10058,0,21711939,[],false,true,0,0,10495967,
1428378478654,ch.unige.css.services.PingService,ch.unige.ping,10074,1449,77621945,[STARTED],false,true,0,0,35035696,
1428378478654,com.android.systemui.keyguard.KeyguardService,com.android.systemui,10012,906,42358,[PERSISTENT],false,false,1,1,42367,
1428378478654,com.google.android.gms.droidguard.DroidGuardService,com.google.android.gms.unstable,10007,9162,53738077,[],false,true,1,1,33607138,
1428378478654,ch.unige.css.services.main.CssRegistryService,ch.unige.ping:background,10074,13902,17964876,[STARTED],false,true,0,0,6748905,
1428378478654,com.whatsapp.messaging.MessageService,com.whatsapp,10159,7286,68313,[STARTED],false,true,1,1,33311703,
1428378478654,ccc71.at.services.at_service,ccc71.bmw.pro:services,10110,4012,69150,[STARTED],false,true,0,0,69159,
1428378478654,com.google.android.location.geocode.GeocodeService,com.google.process.location,10007,17755,50924882,[],false,true,1,1,31915807,
1428378538671,com.android.bluetooth.hid.HidService,com.android.bluetooth,1002,0,41148,[],false,true,2,2,41157,
1428378538671,com.android.exchange.service.EasService,com.google.android.gm.exchange,10157,2752,54256,[STARTED],false,true,1,1,33930535,
1428378538671,com.google.android.music.dial.DialMediaRouteProviderService,com.google.android.music:main,10058,0,21711939,[],false,true,0,0,10495967,
1428378538671,ch.unige.css.services.PingService,ch.unige.ping,10074,1449,77681958,[STARTED],false,true,0,0,35037373,
1428378538671,com.android.systemui.keyguard.KeyguardService,com.android.systemui,10012,906,42358,[PERSISTENT],false,false,1,1,42367,
1428378538671,com.google.android.gms.droidguard.DroidGuardService,com.google.android.gms.unstable,10007,9162,53738077,[],false,true,1,1,33607138,
1428378538671,ch.unige.css.services.main.CssRegistryService,ch.unige.ping:background,10074,13902,17964876,[STARTED],false,true,0,0,6748905,
1428378538671,com.whatsapp.messaging.MessageService,com.whatsapp,10159,7286,68313,[STARTED],false,true,1,1,33311703,
1428378538671,ccc71.at.services.at_service,ccc71.bmw.pro:services,10110,4012,69150,[STARTED],false,true,0,0,69159,
1428378538671,com.google.android.location.geocode.GeocodeService,com.google.process.location,10007,17755,50924882,[],false,true,1,1,31915807,
1428378598621,com.android.bluetooth.hid.HidService,com.android.bluetooth,1002,0,41148,[],false,true,2,2,41157,
1428378598621,com.android.exchange.service.EasService,com.google.android.gm.exchange,10157,2752,54256,[STARTED],false,true,1,1,33930535,
1428378598621,com.google.android.music.dial.DialMediaRouteProviderService,com.google.android.music:main,10058,0,21711939,[],false,true,0,0,10495967,
1428378598621,ch.unige.css.services.PingService,ch.unige.ping,10074,1449,77741973,[STARTED],false,true,0,0,35038876,
1428378598621,com.android.systemui.keyguard.KeyguardService,com.android.systemui,10012,906,42358,[PERSISTENT],false,false,1,1,42367,
1428378598621,com.google.android.gms.droidguard.DroidGuardService,com.google.android.gms.unstable,10007,9162,53738077,[],false,true,1,1,33607138,
1428378598621,ch.unige.css.services.main.CssRegistryService,ch.unige.ping:background,10074,13902,17964876,[STARTED],false,true,0,0,6748905,
1428378598621,com.whatsapp.messaging.MessageService,com.whatsapp,10159,7286,68313,[STARTED],false,true,1,1,33311703,
1428378598621,ccc71.at.services.at_service,ccc71.bmw.pro:services,10110,4012,69150,[STARTED],false,true,0,0,69159,
1428378598621,com.google.android.location.geocode.GeocodeService,com.google.process.location,10007,17755,50924882,[],false,true,1,1,31915807,
1428378658722,com.android.bluetooth.hid.HidService,com.android.bluetooth,1002,0,41148,[],false,true,2,2,41157,
1428378658722,com.android.exchange.service.EasService,com.google.android.gm.exchange,10157,2752,54256,[STARTED],false,true,1,1,33930535,
1428378658722,com.google.android.music.dial.DialMediaRouteProviderService,com.google.android.music:main,10058,0,21711939,[],false,true,0,0,10495967,
1428378658722,ch.unige.css.services.PingService,ch.unige.ping,10074,1449,77801999,[STARTED],false,true,0,0,35040680,
1428378658722,com.android.systemui.keyguard.KeyguardService,com.android.systemui,10012,906,42358,[PERSISTENT],false,false,1,1,42367,
1428378658722,com.google.android.gms.droidguard.DroidGuardService,com.google.android.gms.unstable,10007,9162,53738077,[],false,true,1,1,33607138,
1428378658722,ch.unige.css.services.main.CssRegistryService,ch.unige.ping:background,10074,13902,17964876,[STARTED],false,true,0,0,6748905,
1428378658722,com.whatsapp.messaging.MessageService,com.whatsapp,10159,7286,68313,[STARTED],false,true,1,1,33311703,
1428378658722,ccc71.at.services.at_service,ccc71.bmw.pro:services,10110,4012,69150,[STARTED],false,true,0,0,69159,
1428378658722,com.google.android.location.geocode.GeocodeService,com.google.process.location,10007,17755,50924882,[],false,true,1,1,31915807,
1428378718841,com.android.bluetooth.hid.HidService,com.android.bluetooth,1002,0,41148,[],false,true,2,2,41157,
1428378718841,com.android.exchange.service.EasService,com.google.android.gm.exchange,10157,2752,54256,[STARTED],false,true,1,1,33930535,
1428378718841,com.google.android.music.dial.DialMediaRouteProviderService,com.google.android.music:main,10058,0,21711939,[],false,true,0,0,10495967,
1428378718841,com.android.systemui.keyguard.KeyguardService,com.android.systemui,10012,906,42358,[PERSISTENT],false,false,1,1,42367,
1428378718841,com.google.android.gms.droidguard.DroidGuardService,com.google.android.gms.unstable,10007,9162,53738077,[],false,true,1,1,33607138,
1428378718841,ch.unige.css.services.main.CssRegistryService,ch.unige.ping:background,10074,13902,17964876,[STARTED],false,true,0,0,6748905,
1428378718841,com.whatsapp.messaging.MessageService,com.whatsapp,10159,7286,68313,[STARTED],false,true,1,1,33311703,
1428378718841,ccc71.at.services.at_service,ccc71.bmw.pro:services,10110,4012,69150,[STARTED],false,true,0,0,69159,
1428378718841,com.google.android.location.geocode.GeocodeService,com.google.process.location,10007,17755,50924882,[],false,true,1,1,31915807,
1428378718841,com.google.android.gms.gcm.GcmService,com.google.process.gapps,10007,17792,17965599,[STARTED],false,true,0,0,33902416,
1428378778803,com.android.bluetooth.hid.HidService,com.android.bluetooth,1002,0,41148,[],false,true,2,2,41157,
1428378778803,com.android.exchange.service.EasService,com.google.android.gm.exchange,10157,2752,54256,[STARTED],false,true,1,1,33930535,
1428378778803,com.google.android.music.dial.DialMediaRouteProviderService,com.google.android.music:main,10058,0,21711939,[],false,true,0,0,10495967,
1428378778803,ch.unige.css.services.PingService,ch.unige.ping,10074,1449,77922138,[STARTED],false,true,0,0,35044373,
1428378778803,com.android.systemui.keyguard.KeyguardService,com.android.systemui,10012,906,42358,[PERSISTENT],false,false,1,1,42367,
1428378778803,com.google.android.gms.droidguard.DroidGuardService,com.google.android.gms.unstable,10007,9162,53738077,[],false,true,1,1,33607138,
1428378778803,ch.unige.css.services.main.CssRegistryService,ch.unige.ping:background,10074,13902,17964876,[STARTED],false,true,0,0,6748905,
1428378778803,com.whatsapp.messaging.MessageService,com.whatsapp,10159,7286,68313,[STARTED],false,true,1,1,33311703,
1428378778803,ccc71.at.services.at_service,ccc71.bmw.pro:services,10110,4012,69150,[STARTED],false,true,0,0,69159,
1428378778803,com.google.android.location.geocode.GeocodeService,com.google.process.location,10007,17755,50924882,[],false,true,1,1,31915807,
1428378838927,com.android.bluetooth.hid.HidService,com.android.bluetooth,1002,0,41148,[],false,true,2,2,41157,
1428378838927,com.android.exchange.service.EasService,com.google.android.gm.exchange,10157,2752,54256,[STARTED],false,true,1,1,33930535,
1428378838927,com.google.android.music.dial.DialMediaRouteProviderService,com.google.android.music:main,10058,0,21711939,[],false,true,0,0,10495967,
1428378838927,ch.unige.css.services.PingService,ch.unige.ping,10074,1449,77982228,[STARTED],false,true,0,0,35046508,
1428378838927,com.android.systemui.keyguard.KeyguardService,com.android.systemui,10012,906,42358,[PERSISTENT],false,false,1,1,42367,
1428378838927,com.google.android.gms.droidguard.DroidGuardService,com.google.android.gms.unstable,10007,9162,53738077,[],false,true,1,1,33607138,
1428378838927,ch.unige.css.services.main.CssRegistryService,ch.unige.ping:background,10074,13902,17964876,[STARTED],false,true,0,0,6748905,
1428378838927,com.whatsapp.messaging.MessageService,com.whatsapp,10159,7286,68313,[STARTED],false,true,1,1,33311703,
1428378838927,ccc71.at.services.at_service,ccc71.bmw.pro:services,10110,4012,69150,[STARTED],false,true,0,0,69159,
1428378838927,com.google.android.location.geocode.GeocodeService,com.google.process.location,10007,17755,50924882,[],false,true,1,1,31915807,
1428378899624,com.android.bluetooth.hid.HidService,com.android.bluetooth,1002,0,41148,[],false,true,2,2,41157,
1428378899624,com.android.exchange.service.EasService,com.google.android.gm.exchange,10157,2752,54256,[STARTED],false,true,1,1,33930535,
1428378899624,com.google.android.music.dial.DialMediaRouteProviderService,com.google.android.music:main,10058,0,21711939,[],false,true,0,0,10495967,
1428378899624,ch.unige.css.services.PingService,ch.unige.ping,10074,1449,78042927,[STARTED],false,true,0,0,35055751,
1428378899624,com.android.systemui.keyguard.KeyguardService,com.android.systemui,10012,906,42358,[PERSISTENT],false,false,1,1,42367,
1428378899624,com.google.android.gms.droidguard.DroidGuardService,com.google.android.gms.unstable,10007,9162,53738077,[],false,true,1,1,33607138,
1428378899624,ch.unige.css.services.main.CssRegistryService,ch.unige.ping:background,10074,13902,17964876,[STARTED],false,true,0,0,6748905,
1428378899624,com.whatsapp.messaging.MessageService,com.whatsapp,10159,7286,68313,[STARTED],false,true,1,1,33311703,
1428378899624,ccc71.at.services.at_service,ccc71.bmw.pro:services,10110,4012,69150,[STARTED],false,true,0,0,69159,
1428378899624,com.google.android.location.geocode.GeocodeService,com.google.process.location,10007,17755,50924882,[],false,true,1,1,31915807,
1428378959639,com.android.bluetooth.hid.HidService,com.android.bluetooth,1002,0,41148,[],false,true,2,2,41157,
1428378959639,com.android.exchange.service.EasService,com.google.android.gm.exchange,10157,2752,54256,[STARTED],false,true,1,1,33930535,
1428378959639,com.google.android.music.dial.DialMediaRouteProviderService,com.google.android.music:main,10058,0,21711939,[],false,true,0,0,10495967,
1428378959639,ch.unige.css.services.PingService,ch.unige.ping,10074,1449,78102945,[STARTED],false,true,0,0,35057120,
1428378959639,com.android.systemui.keyguard.KeyguardService,com.android.systemui,10012,906,42358,[PERSISTENT],false,false,1,1,42367,
1428378959639,com.google.android.gms.droidguard.DroidGuardService,com.google.android.gms.unstable,10007,9162,53738077,[],false,true,1,1,33607138,
1428378959639,ch.unige.css.services.main.CssRegistryService,ch.unige.ping:background,10074,13902,17964876,[STARTED],false,true,0,0,6748905,
1428378959639,com.whatsapp.messaging.MessageService,com.whatsapp,10159,7286,68313,[STARTED],false,true,1,1,33311703,
1428378959639,ccc71.at.services.at_service,ccc71.bmw.pro:services,10110,4012,69150,[STARTED],false,true,0,0,69159,
1428378959639,com.google.android.location.geocode.GeocodeService,com.google.process.location,10007,17755,50924882,[],false,true,1,1,31915807,
1428379019658,com.android.bluetooth.hid.HidService,com.android.bluetooth,1002,0,41148,[],false,true,2,2,41157,
1428379019658,com.android.exchange.service.EasService,com.google.android.gm.exchange,10157,2752,54256,[STARTED],false,true,1,1,33930535,
1428379019658,com.google.android.music.dial.DialMediaRouteProviderService,com.google.android.music:main,10058,0,21711939,[],false,true,0,0,10495967,
1428379019658,ch.unige.css.services.PingService,ch.unige.ping,10074,1449,78162963,[STARTED],false,true,0,0,35058898,
1428379019658,com.android.systemui.keyguard.KeyguardService,com.android.systemui,10012,906,42358,[PERSISTENT],false,false,1,1,42367,
1428379019658,com.google.android.gms.droidguard.DroidGuardService,com.google.android.gms.unstable,10007,9162,53738077,[],false,true,1,1,33607138,
1428379019658,ch.unige.css.services.main.CssRegistryService,ch.unige.ping:background,10074,13902,17964876,[STARTED],false,true,0,0,6748905,
1428379019658,com.whatsapp.messaging.MessageService,com.whatsapp,10159,7286,68313,[STARTED],false,true,1,1,33311703,
1428379019658,ccc71.at.services.at_service,ccc71.bmw.pro:services,10110,4012,69150,[STARTED],false,true,0,0,69159,
1428379019658,com.google.android.location.geocode.GeocodeService,com.google.process.location,10007,17755,50924882,[],false,true,1,1,31915807,
1428379079688,com.android.bluetooth.hid.HidService,com.android.bluetooth,1002,0,41148,[],false,true,2,2,41157,
1428379079688,com.android.exchange.service.EasService,com.google.android.gm.exchange,10157,2752,54256,[STARTED],false,true,1,1,33930535,
1428379079688,com.google.android.music.dial.DialMediaRouteProviderService,com.google.android.music:main,10058,0,21711939,[],false,true,0,0,10495967,
1428379079688,ch.unige.css.services.PingService,ch.unige.ping,10074,1449,78222995,[STARTED],false,true,0,0,35060626,
1428379079688,com.android.systemui.keyguard.KeyguardService,com.android.systemui,10012,906,42358,[PERSISTENT],false,false,1,1,42367,
1428379079688,com.google.android.gms.droidguard.DroidGuardService,com.google.android.gms.unstable,10007,9162,53738077,[],false,true,1,1,33607138,
1428379079688,ch.unige.css.services.main.CssRegistryService,ch.unige.ping:background,10074,13902,17964876,[STARTED],false,true,0,0,6748905,
1428379079688,com.whatsapp.messaging.MessageService,com.whatsapp,10159,7286,68313,[STARTED],false,true,1,1,33311703,
1428379079688,ccc71.at.services.at_service,ccc71.bmw.pro:services,10110,4012,69150,[STARTED],false,true,0,0,69159,
1428379079688,com.google.android.location.geocode.GeocodeService,com.google.process.location,10007,17755,50924882,[],false,true,1,1,31915807,
1428379139743,com.android.bluetooth.hid.HidService,com.android.bluetooth,1002,0,41148,[],false,true,2,2,41157,
1428379139743,com.android.exchange.service.EasService,com.google.android.gm.exchange,10157,2752,54256,[STARTED],false,true,1,1,33930535,
1428379139743,com.google.android.music.dial.DialMediaRouteProviderService,com.google.android.music:main,10058,0,21711939,[],false,true,0,0,10495967,
1428379139743,ch.unige.css.services.PingService,ch.unige.ping,10074,1449,78283028,[STARTED],false,true,0,0,35062789,
1428379139743,com.android.systemui.keyguard.KeyguardService,com.android.systemui,10012,906,42358,[PERSISTENT],false,false,1,1,42367,
1428379139743,com.google.android.gms.droidguard.DroidGuardService,com.google.android.gms.unstable,10007,9162,53738077,[],false,true,1,1,33607138,
1428379139743,ch.unige.css.services.main.CssRegistryService,ch.unige.ping:background,10074,13902,17964876,[STARTED],false,true,0,0,6748905,
1428379139743,com.whatsapp.messaging.MessageService,com.whatsapp,10159,7286,68313,[STARTED],false,true,1,1,33311703,
1428379139743,ccc71.at.services.at_service,ccc71.bmw.pro:services,10110,4012,69150,[STARTED],false,true,0,0,69159,
1428379139743,com.google.android.location.geocode.GeocodeService,com.google.process.location,10007,17755,50924882,[],false,true,1,1,31915807,
1428379199811,com.android.bluetooth.hid.HidService,com.android.bluetooth,1002,0,41148,[],false,true,2,2,41157,
1428379199811,com.android.exchange.service.EasService,com.google.android.gm.exchange,10157,2752,54256,[STARTED],false,true,1,1,33930535,
1428379199811,com.google.android.music.dial.DialMediaRouteProviderService,com.google.android.music:main,10058,0,21711939,[],false,true,0,0,10495967,
1428379199811,ch.unige.css.services.PingService,ch.unige.ping,10074,1449,78343104,[STARTED],false,true,0,0,35064669,
1428379199811,com.android.systemui.keyguard.KeyguardService,com.android.systemui,10012,906,42358,[PERSISTENT],false,false,1,1,42367,
1428379199811,com.google.android.gms.droidguard.DroidGuardService,com.google.android.gms.unstable,10007,9162,53738077,[],false,true,1,1,33607138,
1428379199811,ch.unige.css.services.main.CssRegistryService,ch.unige.ping:background,10074,13902,17964876,[STARTED],false,true,0,0,6748905,
1428379199811,com.whatsapp.messaging.MessageService,com.whatsapp,10159,7286,68313,[STARTED],false,true,1,1,33311703,
1428379199811,ccc71.at.services.at_service,ccc71.bmw.pro:services,10110,4012,69150,[STARTED],false,true,0,0,69159,
1428379199811,com.google.android.location.geocode.GeocodeService,com.google.process.location,10007,17755,50924882,[],false,true,1,1,31915807,
1428379259930,com.android.bluetooth.hid.HidService,com.android.bluetooth,1002,0,41148,[],false,true,2,2,41157,
1428379259930,com.android.exchange.service.EasService,com.google.android.gm.exchange,10157,2752,54256,[STARTED],false,true,1,1,33930535,
1428379259930,com.google.android.music.dial.DialMediaRouteProviderService,com.google.android.music:main,10058,0,21711939,[],false,true,0,0,10495967,
1428379259930,ch.unige.css.services.PingService,ch.unige.ping,10074,1449,78403240,[STARTED],false,true,0,0,35067521,
1428379259930,com.android.systemui.keyguard.KeyguardService,com.android.systemui,10012,906,42358,[PERSISTENT],false,false,1,1,42367,
1428379259930,com.google.android.gms.droidguard.DroidGuardService,com.google.android.gms.unstable,10007,9162,53738077,[],false,true,1,1,33607138,
1428379259930,ch.unige.css.services.main.CssRegistryService,ch.unige.ping:background,10074,13902,17964876,[STARTED],false,true,0,0,6748905,
1428379259930,com.whatsapp.messaging.MessageService,com.whatsapp,10159,7286,68313,[STARTED],false,true,1,1,33311703,
1428379259930,ccc71.at.services.at_service,ccc71.bmw.pro:services,10110,4012,69150,[STARTED],false,true,0,0,69159,
1428379259930,com.google.android.location.geocode.GeocodeService,com.google.process.location,10007,17755,50924882,[],false,true,1,1,31915807,
1428379319975,com.android.bluetooth.hid.HidService,com.android.bluetooth,1002,0,41148,[],false,true,2,2,41157,
1428379319975,com.android.exchange.service.EasService,com.google.android.gm.exchange,10157,2752,54256,[STARTED],false,true,1,1,33930535,
1428379319975,com.google.android.music.dial.DialMediaRouteProviderService,com.google.android.music:main,10058,0,21711939,[],false,true,0,0,10495967,
1428379319975,ch.unige.css.services.PingService,ch.unige.ping,10074,1449,78463266,[STARTED],false,true,0,0,35069771,
1428379319975,com.android.systemui.keyguard.KeyguardService,com.android.systemui,10012,906,42358,[PERSISTENT],false,false,1,1,42367,
1428379319975,com.google.android.gms.droidguard.DroidGuardService,com.google.android.gms.unstable,10007,9162,53738077,[],false,true,1,1,33607138,
1428379319975,ch.unige.css.services.main.CssRegistryService,ch.unige.ping:background,10074,13902,17964876,[STARTED],false,true,0,0,6748905,
1428379319975,com.whatsapp.messaging.MessageService,com.whatsapp,10159,7286,68313,[STARTED],false,true,1,1,33311703,
1428379319975,ccc71.at.services.at_service,ccc71.bmw.pro:services,10110,4012,69150,[STARTED],false,true,0,0,69159,
1428379319975,com.google.android.location.geocode.GeocodeService,com.google.process.location,10007,17755,50924882,[],false,true,1,1,31915807,
1428379380616,com.android.bluetooth.hid.HidService,com.android.bluetooth,1002,0,41148,[],false,true,2,2,41157,
1428379380616,com.android.exchange.service.EasService,com.google.android.gm.exchange,10157,2752,54256,[STARTED],false,true,1,1,33930535,
1428379380616,com.google.android.music.dial.DialMediaRouteProviderService,com.google.android.music:main,10058,0,21711939,[],false,true,0,0,10495967,
1428379380616,ch.unige.css.services.PingService,ch.unige.ping,10074,1449,78523927,[STARTED],false,true,0,0,35071592,
1428379380616,com.android.systemui.keyguard.KeyguardService,com.android.systemui,10012,906,42358,[PERSISTENT],false,false,1,1,42367,
1428379380616,com.google.android.gms.droidguard.DroidGuardService,com.google.android.gms.unstable,10007,9162,53738077,[],false,true,1,1,33607138,
1428379380616,ch.unige.css.services.main.CssRegistryService,ch.unige.ping:background,10074,13902,17964876,[STARTED],false,true,0,0,6748905,
1428379380616,com.whatsapp.messaging.MessageService,com.whatsapp,10159,7286,68313,[STARTED],false,true,1,1,33311703,
1428379380616,ccc71.at.services.at_service,ccc71.bmw.pro:services,10110,4012,69150,[STARTED],false,true,0,0,69159,
1428379380616,com.google.android.location.geocode.GeocodeService,com.google.process.location,10007,17755,50924882,[],false,true,1,1,31915807,
1428379440628,com.android.bluetooth.hid.HidService,com.android.bluetooth,1002,0,41148,[],false,true,2,2,41157,
1428379440628,com.android.exchange.service.EasService,com.google.android.gm.exchange,10157,2752,54256,[STARTED],false,true,1,1,33930535,
1428379440628,com.google.android.music.dial.DialMediaRouteProviderService,com.google.android.music:main,10058,0,21711939,[],false,true,0,0,10495967,
1428379440628,ch.unige.css.services.PingService,ch.unige.ping,10074,1449,78583942,[STARTED],false,true,0,0,35073213,
1428379440628,com.android.systemui.keyguard.KeyguardService,com.android.systemui,10012,906,42358,[PERSISTENT],false,false,1,1,42367,
1428379440628,com.google.android.gms.droidguard.DroidGuardService,com.google.android.gms.unstable,10007,9162,53738077,[],false,true,1,1,33607138,
1428379440628,ch.unige.css.services.main.CssRegistryService,ch.unige.ping:background,10074,13902,17964876,[STARTED],false,true,0,0,6748905,
1428379440628,com.whatsapp.messaging.MessageService,com.whatsapp,10159,7286,68313,[STARTED],false,true,1,1,33311703,
1428379440628,ccc71.at.services.at_service,ccc71.bmw.pro:services,10110,4012,69150,[STARTED],false,true,0,0,69159,
1428379440628,com.google.android.location.geocode.GeocodeService,com.google.process.location,10007,17755,50924882,[],false,true,1,1,31915807,
1428379501610,com.android.bluetooth.hid.HidService,com.android.bluetooth,1002,0,41148,[],false,true,2,2,41157,
1428379501610,com.android.exchange.service.EasService,com.google.android.gm.exchange,10157,2752,54256,[STARTED],false,true,1,1,33930535,
1428379501610,com.google.android.music.dial.DialMediaRouteProviderService,com.google.android.music:main,10058,0,21711939,[],false,true,0,0,10495967,
1428379501610,ch.unige.css.services.PingService,ch.unige.ping,10074,1449,78644931,[STARTED],false,true,0,0,35083781,
1428379501610,com.android.systemui.keyguard.KeyguardService,com.android.systemui,10012,906,42358,[PERSISTENT],false,false,1,1,42367,
1428379501610,com.google.android.gms.droidguard.DroidGuardService,com.google.android.gms.unstable,10007,9162,53738077,[],false,true,1,1,33607138,
1428379501610,ch.unige.css.services.main.CssRegistryService,ch.unige.ping:background,10074,13902,17964876,[STARTED],false,true,0,0,6748905,
1428379501610,com.whatsapp.messaging.MessageService,com.whatsapp,10159,7286,68313,[STARTED],false,true,1,1,33311703,
1428379501610,ccc71.at.services.at_service,ccc71.bmw.pro:services,10110,4012,69150,[STARTED],false,true,0,0,69159,
1428379501610,com.google.android.location.geocode.GeocodeService,com.google.process.location,10007,17755,50924882,[],false,true,1,1,31915807,
1428379561651,com.android.bluetooth.hid.HidService,com.android.bluetooth,1002,0,41148,[],false,true,2,2,41157,
1428379561651,com.android.exchange.service.EasService,com.google.android.gm.exchange,10157,2752,54256,[STARTED],false,true,1,1,33930535,
1428379561651,com.google.android.music.dial.DialMediaRouteProviderService,com.google.android.music:main,10058,0,21711939,[],false,true,0,0,10495967,
1428379561651,ch.unige.css.services.PingService,ch.unige.ping,10074,1449,78704957,[STARTED],false,true,0,0,35085172,
1428379561651,com.android.systemui.keyguard.KeyguardService,com.android.systemui,10012,906,42358,[PERSISTENT],false,false,1,1,42367,
1428379561651,com.google.android.gms.droidguard.DroidGuardService,com.google.android.gms.unstable,10007,9162,53738077,[],false,true,1,1,33607138,
1428379561651,ch.unige.css.services.main.CssRegistryService,ch.unige.ping:background,10074,13902,17964876,[STARTED],false,true,0,0,6748905,
1428379561651,com.whatsapp.messaging.MessageService,com.whatsapp,10159,7286,68313,[STARTED],false,true,1,1,33311703,
1428379561651,ccc71.at.services.at_service,ccc71.bmw.pro:services,10110,4012,69150,[STARTED],false,true,0,0,69159,
1428379561651,com.google.android.location.geocode.GeocodeService,com.google.process.location,10007,17755,50924882,[],false,true,1,1,31915807,
1428379621633,com.android.bluetooth.hid.HidService,com.android.bluetooth,1002,0,41148,[],false,true,2,2,41157,
1428379621633,com.android.exchange.service.EasService,com.google.android.gm.exchange,10157,2752,54256,[STARTED],false,true,1,1,33930535,
1428379621633,com.google.android.music.dial.DialMediaRouteProviderService,com.google.android.music:main,10058,0,21711939,[],false,true,0,0,10495967,
1428379621633,ch.unige.css.services.PingService,ch.unige.ping,10074,1449,78764976,[STARTED],false,true,0,0,35086510,
1428379621633,com.android.systemui.keyguard.KeyguardService,com.android.systemui,10012,906,42358,[PERSISTENT],false,false,1,1,42367,
1428379621633,com.google.android.gms.droidguard.DroidGuardService,com.google.android.gms.unstable,10007,9162,53738077,[],false,true,1,1,33607138,
1428379621633,ch.unige.css.services.main.CssRegistryService,ch.unige.ping:background,10074,13902,17964876,[STARTED],false,true,0,0,6748905,
1428379621633,com.whatsapp.messaging.MessageService,com.whatsapp,10159,7286,68313,[STARTED],false,true,1,1,33311703,
1428379621633,ccc71.at.services.at_service,ccc71.bmw.pro:services,10110,4012,69150,[STARTED],false,true,0,0,69159,
1428379621633,com.google.android.location.geocode.GeocodeService,com.google.process.location,10007,17755,50924882,[],false,true,1,1,31915807,
1428379681738,com.android.bluetooth.hid.HidService,com.android.bluetooth,1002,0,41148,[],false,true,2,2,41157,
1428379681738,com.android.exchange.service.EasService,com.google.android.gm.exchange,10157,2752,54256,[STARTED],false,true,1,1,33930535,
1428379681738,com.google.android.music.dial.DialMediaRouteProviderService,com.google.android.music:main,10058,0,21711939,[],false,true,0,0,10495967,
1428379681738,ch.unige.css.services.PingService,ch.unige.ping,10074,1449,78825018,[STARTED],false,true,0,0,35088179,
1428379681738,com.android.systemui.keyguard.KeyguardService,com.android.systemui,10012,906,42358,[PERSISTENT],false,false,1,1,42367,
1428379681738,com.google.android.gms.droidguard.DroidGuardService,com.google.android.gms.unstable,10007,9162,53738077,[],false,true,1,1,33607138,
1428379681738,ch.unige.css.services.main.CssRegistryService,ch.unige.ping:background,10074,13902,17964876,[STARTED],false,true,0,0,6748905,
1428379681738,com.whatsapp.messaging.MessageService,com.whatsapp,10159,7286,68313,[STARTED],false,true,1,1,33311703,
1428379681738,ccc71.at.services.at_service,ccc71.bmw.pro:services,10110,4012,69150,[STARTED],false,true,0,0,69159,
1428379681738,com.google.android.location.geocode.GeocodeService,com.google.process.location,10007,17755,50924882,[],false,true,1,1,31915807,
1428379741762,com.android.bluetooth.hid.HidService,com.android.bluetooth,1002,0,41148,[],false,true,2,2,41157,
1428379741762,com.android.exchange.service.EasService,com.google.android.gm.exchange,10157,2752,54256,[STARTED],false,true,1,1,33930535,
1428379741762,com.google.android.music.dial.DialMediaRouteProviderService,com.google.android.music:main,10058,0,21711939,[],false,true,0,0,10495967,
1428379741762,ch.unige.css.services.PingService,ch.unige.ping,10074,1449,78885088,[STARTED],false,true,0,0,35090044,
1428379741762,com.android.systemui.keyguard.KeyguardService,com.android.systemui,10012,906,42358,[PERSISTENT],false,false,1,1,42367,
1428379741762,com.google.android.gms.droidguard.DroidGuardService,com.google.android.gms.unstable,10007,9162,53738077,[],false,true,1,1,33607138,
1428379741762,ch.unige.css.services.main.CssRegistryService,ch.unige.ping:background,10074,13902,17964876,[STARTED],false,true,0,0,6748905,
1428379741762,com.whatsapp.messaging.MessageService,com.whatsapp,10159,7286,68313,[STARTED],false,true,1,1,33311703,
1428379741762,ccc71.at.services.at_service,ccc71.bmw.pro:services,10110,4012,69150,[STARTED],false,true,0,0,69159,
1428379741762,com.google.android.location.geocode.GeocodeService,com.google.process.location,10007,17755,50924882,[],false,true,1,1,31915807,
1428379801826,com.android.bluetooth.hid.HidService,com.android.bluetooth,1002,0,41148,[],false,true,2,2,41157,
1428379801826,com.android.exchange.service.EasService,com.google.android.gm.exchange,10157,2752,54256,[STARTED],false,true,1,1,33930535,
1428379801826,com.google.android.music.dial.DialMediaRouteProviderService,com.google.android.music:main,10058,0,21711939,[],false,true,0,0,10495967,
1428379801826,ch.unige.css.services.PingService,ch.unige.ping,10074,1449,78945134,[STARTED],false,true,0,0,35091781,
1428379801826,com.android.systemui.keyguard.KeyguardService,com.android.systemui,10012,906,42358,[PERSISTENT],false,false,1,1,42367,
1428379801826,com.google.android.gms.droidguard.DroidGuardService,com.google.android.gms.unstable,10007,9162,53738077,[],false,true,1,1,33607138,
1428379801826,ch.unige.css.services.main.CssRegistryService,ch.unige.ping:background,10074,13902,17964876,[STARTED],false,true,0,0,6748905,
1428379801826,com.whatsapp.messaging.MessageService,com.whatsapp,10159,7286,68313,[STARTED],false,true,1,1,33311703,
1428379801826,ccc71.at.services.at_service,ccc71.bmw.pro:services,10110,4012,69150,[STARTED],false,true,0,0,69159,
1428379801826,com.google.android.location.geocode.GeocodeService,com.google.process.location,10007,17755,50924882,[],false,true,1,1,31915807,
1428379861958,com.android.bluetooth.hid.HidService,com.android.bluetooth,1002,0,41148,[],false,true,2,2,41157,
1428379861958,com.android.exchange.service.EasService,com.google.android.gm.exchange,10157,2752,54256,[STARTED],false,true,1,1,33930535,
1428379861958,com.google.android.music.dial.DialMediaRouteProviderService,com.google.android.music:main,10058,0,21711939,[],false,true,0,0,10495967,
1428379861958,ch.unige.css.services.PingService,ch.unige.ping,10074,1449,79005284,[STARTED],false,true,0,0,35093805,
1428379861958,com.android.systemui.keyguard.KeyguardService,com.android.systemui,10012,906,42358,[PERSISTENT],false,false,1,1,42367,
1428379861958,com.google.android.gms.droidguard.DroidGuardService,com.google.android.gms.unstable,10007,9162,53738077,[],false,true,1,1,33607138,
1428379861958,ch.unige.css.services.main.CssRegistryService,ch.unige.ping:background,10074,13902,17964876,[STARTED],false,true,0,0,6748905,
1428379861958,com.whatsapp.messaging.MessageService,com.whatsapp,10159,7286,68313,[STARTED],false,true,1,1,33311703,
1428379861958,ccc71.at.services.at_service,ccc71.bmw.pro:services,10110,4012,69150,[STARTED],false,true,0,0,69159,
1428379861958,com.google.android.location.geocode.GeocodeService,com.google.process.location,10007,17755,50924882,[],false,true,1,1,31915807,
1428379922093,com.android.bluetooth.hid.HidService,com.android.bluetooth,1002,0,41148,[],false,true,2,2,41157,
1428379922093,com.android.exchange.service.EasService,com.google.android.gm.exchange,10157,2752,54256,[STARTED],false,true,1,1,33930535,
1428379922093,com.google.android.music.dial.DialMediaRouteProviderService,com.google.android.music:main,10058,0,21711939,[],false,true,0,0,10495967,
1428379922093,ch.unige.css.services.PingService,ch.unige.ping,10074,1449,79065406,[STARTED],false,true,0,0,35096421,
1428379922093,com.android.systemui.keyguard.KeyguardService,com.android.systemui,10012,906,42358,[PERSISTENT],false,false,1,1,42367,
1428379922093,com.google.android.gms.droidguard.DroidGuardService,com.google.android.gms.unstable,10007,9162,53738077,[],false,true,1,1,33607138,
1428379922093,ch.unige.css.services.main.CssRegistryService,ch.unige.ping:background,10074,13902,17964876,[STARTED],false,true,0,0,6748905,
1428379922093,com.whatsapp.messaging.MessageService,com.whatsapp,10159,7286,68313,[STARTED],false,true,1,1,33311703,
1428379922093,ccc71.at.services.at_service,ccc71.bmw.pro:services,10110,4012,69150,[STARTED],false,true,0,0,69159,
1428379922093,com.google.android.location.geocode.GeocodeService,com.google.process.location,10007,17755,50924882,[],false,true,1,1,31915807,
1428379982161,com.android.bluetooth.hid.HidService,com.android.bluetooth,1002,0,41148,[],false,true,2,2,41157,
1428379982161,com.android.exchange.service.EasService,com.google.android.gm.exchange,10157,2752,54256,[STARTED],false,true,1,1,33930535,
1428379982161,com.google.android.music.dial.DialMediaRouteProviderService,com.google.android.music:main,10058,0,21711939,[],false,true,0,0,10495967,
1428379982161,ch.unige.css.services.PingService,ch.unige.ping,10074,1449,79125476,[STARTED],false,true,0,0,35099321,
1428379982161,com.android.systemui.keyguard.KeyguardService,com.android.systemui,10012,906,42358,[PERSISTENT],false,false,1,1,42367,
1428379982161,com.google.android.gms.droidguard.DroidGuardService,com.google.android.gms.unstable,10007,9162,53738077,[],false,true,1,1,33607138,
1428379982161,ch.unige.css.services.main.CssRegistryService,ch.unige.ping:background,10074,13902,17964876,[STARTED],false,true,0,0,6748905,
1428379982161,com.whatsapp.messaging.MessageService,com.whatsapp,10159,7286,68313,[STARTED],false,true,1,1,33311703,
1428379982161,ccc71.at.services.at_service,ccc71.bmw.pro:services,10110,4012,69150,[STARTED],false,true,0,0,69159,
1428379982161,com.google.android.location.geocode.GeocodeService,com.google.process.location,10007,17755,50924882,[],false,true,1,1,31915807,
1428380042611,com.android.bluetooth.hid.HidService,com.android.bluetooth,1002,0,41148,[],false,true,2,2,41157,
1428380042611,com.android.exchange.service.EasService,com.google.android.gm.exchange,10157,2752,54256,[STARTED],false,true,1,1,33930535,
1428380042611,com.google.android.music.dial.DialMediaRouteProviderService,com.google.android.music:main,10058,0,21711939,[],false,true,0,0,10495967,
1428380042611,ch.unige.css.services.PingService,ch.unige.ping,10074,1449,79185932,[STARTED],false,true,0,0,35101693,
1428380042611,com.android.systemui.keyguard.KeyguardService,com.android.systemui,10012,906,42358,[PERSISTENT],false,false,1,1,42367,
1428380042611,com.google.android.gms.droidguard.DroidGuardService,com.google.android.gms.unstable,10007,9162,53738077,[],false,true,1,1,33607138,
1428380042611,ch.unige.css.services.main.CssRegistryService,ch.unige.ping:background,10074,13902,17964876,[STARTED],false,true,0,0,6748905,
1428380042611,com.whatsapp.messaging.MessageService,com.whatsapp,10159,7286,68313,[STARTED],false,true,1,1,33311703,
1428380042611,ccc71.at.services.at_service,ccc71.bmw.pro:services,10110,4012,69150,[STARTED],false,true,0,0,69159,
1428380042611,com.google.android.location.geocode.GeocodeService,com.google.process.location,10007,17755,50924882,[],false,true,1,1,31915807,
1428380122963,com.android.bluetooth.hid.HidService,com.android.bluetooth,1002,0,41148,[],false,true,2,2,41157,
1428380122963,com.android.exchange.service.EasService,com.google.android.gm.exchange,10157,2752,54256,[STARTED],false,true,1,1,33930535,
1428380122963,com.google.android.music.dial.DialMediaRouteProviderService,com.google.android.music:main,10058,0,21711939,[],false,true,0,0,10495967,
1428380122963,ch.unige.css.services.PingService,ch.unige.ping,10074,1449,79266277,[STARTED],false,true,0,0,35111017,
1428380122963,com.android.systemui.keyguard.KeyguardService,com.android.systemui,10012,906,42358,[PERSISTENT],false,false,1,1,42367,
1428380122963,com.google.android.gms.droidguard.DroidGuardService,com.google.android.gms.unstable,10007,9162,53738077,[],false,true,1,1,33607138,
1428380122963,ch.unige.css.services.main.CssRegistryService,ch.unige.ping:background,10074,13902,17964876,[STARTED],false,true,0,0,6748905,
1428380122963,com.whatsapp.messaging.MessageService,com.whatsapp,10159,7286,68313,[STARTED],false,true,1,1,33311703,
1428380122963,ccc71.at.services.at_service,ccc71.bmw.pro:services,10110,4012,69150,[STARTED],false,true,0,0,69159,
1428380122963,com.google.android.location.geocode.GeocodeService,com.google.process.location,10007,17755,50924882,[],false,true,1,1,31915807,
1428380182985,com.android.bluetooth.hid.HidService,com.android.bluetooth,1002,0,41148,[],false,true,2,2,41157,
1428380182985,com.android.exchange.service.EasService,com.google.android.gm.exchange,10157,2752,54256,[STARTED],false,true,1,1,33930535,
1428380182985,com.google.android.music.dial.DialMediaRouteProviderService,com.google.android.music:main,10058,0,21711939,[],false,true,0,0,10495967,
1428380182985,ch.unige.css.services.PingService,ch.unige.ping,10074,1449,79326296,[STARTED],false,true,0,0,35116606,
1428380182985,com.android.systemui.keyguard.KeyguardService,com.android.systemui,10012,906,42358,[PERSISTENT],false,false,1,1,42367,
1428380182985,com.google.android.gms.droidguard.DroidGuardService,com.google.android.gms.unstable,10007,9162,53738077,[],false,true,1,1,33607138,
1428380182985,ch.unige.css.services.main.CssRegistryService,ch.unige.ping:background,10074,13902,17964876,[STARTED],false,true,0,0,6748905,
1428380182985,com.whatsapp.messaging.MessageService,com.whatsapp,10159,7286,68313,[STARTED],false,true,1,1,33311703,
1428380182985,ccc71.at.services.at_service,ccc71.bmw.pro:services,10110,4012,69150,[STARTED],false,true,0,0,69159,
1428380182985,com.google.android.location.geocode.GeocodeService,com.google.process.location,10007,17755,50924882,[],false,true,1,1,31915807,
1428380243076,com.android.bluetooth.hid.HidService,com.android.bluetooth,1002,0,41148,[],false,true,2,2,41157,
1428380243076,com.android.exchange.service.EasService,com.google.android.gm.exchange,10157,2752,54256,[STARTED],false,true,1,1,33930535,
1428380243076,com.google.android.music.dial.DialMediaRouteProviderService,com.google.android.music:main,10058,0,21711939,[],false,true,0,0,10495967,
1428380243076,ch.unige.css.services.PingService,ch.unige.ping,10074,1449,79386379,[STARTED],false,true,0,0,35120088,
1428380243076,com.android.systemui.keyguard.KeyguardService,com.android.systemui,10012,906,42358,[PERSISTENT],false,false,1,1,42367,
1428380243076,com.google.android.gms.droidguard.DroidGuardService,com.google.android.gms.unstable,10007,9162,53738077,[],false,true,1,1,33607138,
1428380243076,ch.unige.css.services.main.CssRegistryService,ch.unige.ping:background,10074,13902,17964876,[STARTED],false,true,0,0,6748905,
1428380243076,com.whatsapp.messaging.MessageService,com.whatsapp,10159,7286,68313,[STARTED],false,true,1,1,33311703,
1428380243076,ccc71.at.services.at_service,ccc71.bmw.pro:services,10110,4012,69150,[STARTED],false,true,0,0,69159,
1428380243076,com.google.android.location.geocode.GeocodeService,com.google.process.location,10007,17755,50924882,[],false,true,1,1,31915807,
1428380303613,com.android.bluetooth.hid.HidService,com.android.bluetooth,1002,0,41148,[],false,true,2,2,41157,
1428380303613,com.android.exchange.service.EasService,com.google.android.gm.exchange,10157,2752,54256,[STARTED],false,true,1,1,33930535,
1428380303613,com.google.android.music.dial.DialMediaRouteProviderService,com.google.android.music:main,10058,0,21711939,[],false,true,0,0,10495967,
1428380303613,ch.unige.css.services.PingService,ch.unige.ping,10074,1449,79446927,[STARTED],false,true,0,0,35121901,
1428380303613,com.android.systemui.keyguard.KeyguardService,com.android.systemui,10012,906,42358,[PERSISTENT],false,false,1,1,42367,
1428380303613,com.google.android.gms.droidguard.DroidGuardService,com.google.android.gms.unstable,10007,9162,53738077,[],false,true,1,1,33607138,
1428380303613,ch.unige.css.services.main.CssRegistryService,ch.unige.ping:background,10074,13902,17964876,[STARTED],false,true,0,0,6748905,
1428380303613,com.whatsapp.messaging.MessageService,com.whatsapp,10159,7286,68313,[STARTED],false,true,1,1,33311703,
1428380303613,ccc71.at.services.at_service,ccc71.bmw.pro:services,10110,4012,69150,[STARTED],false,true,0,0,69159,
1428380303613,com.google.android.location.geocode.GeocodeService,com.google.process.location,10007,17755,50924882,[],false,true,1,1,31915807,
1428380363629,com.android.bluetooth.hid.HidService,com.android.bluetooth,1002,0,41148,[],false,true,2,2,41157,
1428380363629,com.android.exchange.service.EasService,com.google.android.gm.exchange,10157,2752,54256,[STARTED],false,true,1,1,33930535,
1428380363629,com.google.android.music.dial.DialMediaRouteProviderService,com.google.android.music:main,10058,0,21711939,[],false,true,0,0,10495967,
1428380363629,ch.unige.css.services.PingService,ch.unige.ping,10074,1449,79506941,[STARTED],false,true,0,0,35123442,
1428380363629,com.android.systemui.keyguard.KeyguardService,com.android.systemui,10012,906,42358,[PERSISTENT],false,false,1,1,42367,
1428380363629,com.google.android.gms.droidguard.DroidGuardService,com.google.android.gms.unstable,10007,9162,53738077,[],false,true,1,1,33607138,
1428380363629,ch.unige.css.services.main.CssRegistryService,ch.unige.ping:background,10074,13902,17964876,[STARTED],false,true,0,0,6748905,
1428380363629,com.whatsapp.messaging.MessageService,com.whatsapp,10159,7286,68313,[STARTED],false,true,1,1,33311703,
1428380363629,ccc71.at.services.at_service,ccc71.bmw.pro:services,10110,4012,69150,[STARTED],false,true,0,0,69159,
1428380363629,com.google.android.location.geocode.GeocodeService,com.google.process.location,10007,17755,50924882,[],false,true,1,1,31915807,
1428380423654,com.android.bluetooth.hid.HidService,com.android.bluetooth,1002,0,41148,[],false,true,2,2,41157,
1428380423654,com.android.exchange.service.EasService,com.google.android.gm.exchange,10157,2752,54256,[STARTED],false,true,1,1,33930535,
1428380423654,com.google.android.music.dial.DialMediaRouteProviderService,com.google.android.music:main,10058,0,21711939,[],false,true,0,0,10495967,
1428380423654,ch.unige.css.services.PingService,ch.unige.ping,10074,1449,79566958,[STARTED],false,true,0,0,35124978,
1428380423654,com.android.systemui.keyguard.KeyguardService,com.android.systemui,10012,906,42358,[PERSISTENT],false,false,1,1,42367,
1428380423654,com.google.android.gms.droidguard.DroidGuardService,com.google.android.gms.unstable,10007,9162,53738077,[],false,true,1,1,33607138,
1428380423654,ch.unige.css.services.main.CssRegistryService,ch.unige.ping:background,10074,13902,17964876,[STARTED],false,true,0,0,6748905,
1428380423654,com.whatsapp.messaging.MessageService,com.whatsapp,10159,7286,68313,[STARTED],false,true,1,1,33311703,
1428380423654,ccc71.at.services.at_service,ccc71.bmw.pro:services,10110,4012,69150,[STARTED],false,true,0,0,69159,
1428380423654,com.google.android.location.geocode.GeocodeService,com.google.process.location,10007,17755,50924882,[],false,true,1,1,31915807,
1428380483692,com.android.bluetooth.hid.HidService,com.android.bluetooth,1002,0,41148,[],false,true,2,2,41157,
1428380483692,com.android.exchange.service.EasService,com.google.android.gm.exchange,10157,2752,54256,[STARTED],false,true,1,1,33930535,
1428380483692,com.google.android.music.dial.DialMediaRouteProviderService,com.google.android.music:main,10058,0,21711939,[],false,true,0,0,10495967,
1428380483692,ch.unige.css.services.PingService,ch.unige.ping,10074,1449,79627023,[STARTED],false,true,0,0,35126467,
1428380483692,com.android.systemui.keyguard.KeyguardService,com.android.systemui,10012,906,42358,[PERSISTENT],false,false,1,1,42367,
1428380483692,com.google.android.gms.droidguard.DroidGuardService,com.google.android.gms.unstable,10007,9162,53738077,[],false,true,1,1,33607138,
1428380483692,ch.unige.css.services.main.CssRegistryService,ch.unige.ping:background,10074,13902,17964876,[STARTED],false,true,0,0,6748905,
1428380483692,com.whatsapp.messaging.MessageService,com.whatsapp,10159,7286,68313,[STARTED],false,true,1,1,33311703,
1428380483692,ccc71.at.services.at_service,ccc71.bmw.pro:services,10110,4012,69150,[STARTED],false,true,0,0,69159,
1428380483692,com.google.android.location.geocode.GeocodeService,com.google.process.location,10007,17755,50924882,[],false,true,1,1,31915807,
1428380543792,com.android.bluetooth.hid.HidService,com.android.bluetooth,1002,0,41148,[],false,true,2,2,41157,
1428380543792,com.android.exchange.service.EasService,com.google.android.gm.exchange,10157,2752,54256,[STARTED],false,true,1,1,33930535,
1428380543792,com.google.android.music.dial.DialMediaRouteProviderService,com.google.android.music:main,10058,0,21711939,[],false,true,0,0,10495967,
1428380543792,ch.unige.css.services.PingService,ch.unige.ping,10074,1449,79687091,[STARTED],false,true,0,0,35128012,
1428380543792,com.android.systemui.keyguard.KeyguardService,com.android.systemui,10012,906,42358,[PERSISTENT],false,false,1,1,42367,
1428380543792,com.google.android.gms.droidguard.DroidGuardService,com.google.android.gms.unstable,10007,9162,53738077,[],false,true,1,1,33607138,
1428380543792,ch.unige.css.services.main.CssRegistryService,ch.unige.ping:background,10074,13902,17964876,[STARTED],false,true,0,0,6748905,
1428380543792,com.whatsapp.messaging.MessageService,com.whatsapp,10159,7286,68313,[STARTED],false,true,1,1,33311703,
1428380543792,ccc71.at.services.at_service,ccc71.bmw.pro:services,10110,4012,69150,[STARTED],false,true,0,0,69159,
1428380543792,com.google.android.location.geocode.GeocodeService,com.google.process.location,10007,17755,50924882,[],false,true,1,1,31915807,
1428380603946,com.android.bluetooth.hid.HidService,com.android.bluetooth,1002,0,41148,[],false,true,2,2,41157,
1428380603946,com.android.exchange.service.EasService,com.google.android.gm.exchange,10157,2752,54256,[STARTED],false,true,1,1,33930535,
1428380603946,com.google.android.music.dial.DialMediaRouteProviderService,com.google.android.music:main,10058,0,21711939,[],false,true,0,0,10495967,
1428380603946,ch.unige.css.services.PingService,ch.unige.ping,10074,1449,79747260,[STARTED],false,true,0,0,35130015,
1428380603946,com.android.systemui.keyguard.KeyguardService,com.android.systemui,10012,906,42358,[PERSISTENT],false,false,1,1,42367,
1428380603946,com.google.android.gms.droidguard.DroidGuardService,com.google.android.gms.unstable,10007,9162,53738077,[],false,true,1,1,33607138,
1428380603946,ch.unige.css.services.main.CssRegistryService,ch.unige.ping:background,10074,13902,17964876,[STARTED],false,true,0,0,6748905,
1428380603946,com.whatsapp.messaging.MessageService,com.whatsapp,10159,7286,68313,[STARTED],false,true,1,1,33311703,
1428380603946,ccc71.at.services.at_service,ccc71.bmw.pro:services,10110,4012,69150,[STARTED],false,true,0,0,69159,
1428380603946,com.google.android.location.geocode.GeocodeService,com.google.process.location,10007,17755,50924882,[],false,true,1,1,31915807,
1428380663978,com.android.bluetooth.hid.HidService,com.android.bluetooth,1002,0,41148,[],false,true,2,2,41157,
1428380663978,com.android.exchange.service.EasService,com.google.android.gm.exchange,10157,2752,54256,[STARTED],false,true,1,1,33930535,
1428380663978,com.google.android.music.dial.DialMediaRouteProviderService,com.google.android.music:main,10058,0,21711939,[],false,true,0,0,10495967,
1428380663978,ch.unige.css.services.PingService,ch.unige.ping,10074,1449,79807283,[STARTED],false,true,0,0,35132622,
1428380663978,com.android.systemui.keyguard.KeyguardService,com.android.systemui,10012,906,42358,[PERSISTENT],false,false,1,1,42367,
1428380663978,com.google.android.gms.droidguard.DroidGuardService,com.google.android.gms.unstable,10007,9162,53738077,[],false,true,1,1,33607138,
1428380663978,ch.unige.css.services.main.CssRegistryService,ch.unige.ping:background,10074,13902,17964876,[STARTED],false,true,0,0,6748905,
1428380663978,com.whatsapp.messaging.MessageService,com.whatsapp,10159,7286,68313,[STARTED],false,true,1,1,33311703,
1428380663978,ccc71.at.services.at_service,ccc71.bmw.pro:services,10110,4012,69150,[STARTED],false,true,0,0,69159,
1428380663978,com.google.android.location.geocode.GeocodeService,com.google.process.location,10007,17755,50924882,[],false,true,1,1,31915807,
1428380724056,com.android.bluetooth.hid.HidService,com.android.bluetooth,1002,0,41148,[],false,true,2,2,41157,
1428380724056,com.android.exchange.service.EasService,com.google.android.gm.exchange,10157,2752,54256,[STARTED],false,true,1,1,33930535,
1428380724056,com.google.android.music.dial.DialMediaRouteProviderService,com.google.android.music:main,10058,0,21711939,[],false,true,0,0,10495967,
1428380724056,ch.unige.css.services.PingService,ch.unige.ping,10074,1449,79867370,[STARTED],false,true,0,0,35142288,
1428380724056,com.android.systemui.keyguard.KeyguardService,com.android.systemui,10012,906,42358,[PERSISTENT],false,false,1,1,42367,
1428380724056,com.google.android.gms.droidguard.DroidGuardService,com.google.android.gms.unstable,10007,9162,53738077,[],false,true,1,1,33607138,
1428380724056,ch.unige.css.services.main.CssRegistryService,ch.unige.ping:background,10074,13902,17964876,[STARTED],false,true,0,0,6748905,
1428380724056,com.whatsapp.messaging.MessageService,com.whatsapp,10159,7286,68313,[STARTED],false,true,1,1,33311703,
1428380724056,ccc71.at.services.at_service,ccc71.bmw.pro:services,10110,4012,69150,[STARTED],false,true,0,0,69159,
1428380724056,com.google.android.location.geocode.GeocodeService,com.google.process.location,10007,17755,50924882,[],false,true,1,1,31915807,
1428380784112,com.android.bluetooth.hid.HidService,com.android.bluetooth,1002,0,41148,[],false,true,2,2,41157,
1428380784112,com.android.exchange.service.EasService,com.google.android.gm.exchange,10157,2752,54256,[STARTED],false,true,1,1,33930535,
1428380784112,com.google.android.music.dial.DialMediaRouteProviderService,com.google.android.music:main,10058,0,21711939,[],false,true,0,0,10495967,
1428380784112,ch.unige.css.services.PingService,ch.unige.ping,10074,1449,79927437,[STARTED],false,true,0,0,35144938,
1428380784112,com.android.systemui.keyguard.KeyguardService,com.android.systemui,10012,906,42358,[PERSISTENT],false,false,1,1,42367,
1428380784112,com.google.android.gms.droidguard.DroidGuardService,com.google.android.gms.unstable,10007,9162,53738077,[],false,true,1,1,33607138,
1428380784112,ch.unige.css.services.main.CssRegistryService,ch.unige.ping:background,10074,13902,17964876,[STARTED],false,true,0,0,6748905,
1428380784112,com.whatsapp.messaging.MessageService,com.whatsapp,10159,7286,68313,[STARTED],false,true,1,1,33311703,
1428380784112,ccc71.at.services.at_service,ccc71.bmw.pro:services,10110,4012,69150,[STARTED],false,true,0,0,69159,
1428380784112,com.google.android.location.geocode.GeocodeService,com.google.process.location,10007,17755,50924882,[],false,true,1,1,31915807,
1428380844226,com.android.bluetooth.hid.HidService,com.android.bluetooth,1002,0,41148,[],false,true,2,2,41157,
1428380844226,com.android.exchange.service.EasService,com.google.android.gm.exchange,10157,2752,54256,[STARTED],false,true,1,1,33930535,
1428380844226,com.google.android.music.dial.DialMediaRouteProviderService,com.google.android.music:main,10058,0,21711939,[],false,true,0,0,10495967,
1428380844226,ch.unige.css.services.PingService,ch.unige.ping,10074,1449,79987543,[STARTED],false,true,0,0,35147697,
1428380844226,com.android.systemui.keyguard.KeyguardService,com.android.systemui,10012,906,42358,[PERSISTENT],false,false,1,1,42367,
1428380844226,com.google.android.gms.droidguard.DroidGuardService,com.google.android.gms.unstable,10007,9162,53738077,[],false,true,1,1,33607138,
1428380844226,ch.unige.css.services.main.CssRegistryService,ch.unige.ping:background,10074,13902,17964876,[STARTED],false,true,0,0,6748905,
1428380844226,com.whatsapp.messaging.MessageService,com.whatsapp,10159,7286,68313,[STARTED],false,true,1,1,33311703,
1428380844226,ccc71.at.services.at_service,ccc71.bmw.pro:services,10110,4012,69150,[STARTED],false,true,0,0,69159,
1428380844226,com.google.android.location.geocode.GeocodeService,com.google.process.location,10007,17755,50924882,[],false,true,1,1,31915807,
1428380904612,com.android.bluetooth.hid.HidService,com.android.bluetooth,1002,0,41148,[],false,true,2,2,41157,
1428380904612,com.android.exchange.service.EasService,com.google.android.gm.exchange,10157,2752,54256,[STARTED],false,true,1,1,33930535,
1428380904612,com.google.android.music.dial.DialMediaRouteProviderService,com.google.android.music:main,10058,0,21711939,[],false,true,0,0,10495967,
1428380904612,ch.unige.css.services.PingService,ch.unige.ping,10074,1449,80047925,[STARTED],false,true,0,0,35149473,
1428380904612,com.android.systemui.keyguard.KeyguardService,com.android.systemui,10012,906,42358,[PERSISTENT],false,false,1,1,42367,
1428380904612,com.google.android.gms.droidguard.DroidGuardService,com.google.android.gms.unstable,10007,9162,53738077,[],false,true,1,1,33607138,
1428380904612,ch.unige.css.services.main.CssRegistryService,ch.unige.ping:background,10074,13902,17964876,[STARTED],false,true,0,0,6748905,
1428380904612,com.whatsapp.messaging.MessageService,com.whatsapp,10159,7286,68313,[STARTED],false,true,1,1,33311703,
1428380904612,ccc71.at.services.at_service,ccc71.bmw.pro:services,10110,4012,69150,[STARTED],false,true,0,0,69159,
1428380904612,com.google.android.location.geocode.GeocodeService,com.google.process.location,10007,17755,50924882,[],false,true,1,1,31915807,
1428380964640,com.android.bluetooth.hid.HidService,com.android.bluetooth,1002,0,41148,[],false,true,2,2,41157,
1428380964640,com.android.exchange.service.EasService,com.google.android.gm.exchange,10157,2752,54256,[STARTED],false,true,1,1,33930535,
1428380964640,com.google.android.music.dial.DialMediaRouteProviderService,com.google.android.music:main,10058,0,21711939,[],false,true,0,0,10495967,
1428380964640,ch.unige.css.services.PingService,ch.unige.ping,10074,1449,80107946,[STARTED],false,true,0,0,35150731,
1428380964640,com.android.systemui.keyguard.KeyguardService,com.android.systemui,10012,906,42358,[PERSISTENT],false,false,1,1,42367,
1428380964640,com.google.android.gms.droidguard.DroidGuardService,com.google.android.gms.unstable,10007,9162,53738077,[],false,true,1,1,33607138,
1428380964640,ch.unige.css.services.main.CssRegistryService,ch.unige.ping:background,10074,13902,17964876,[STARTED],false,true,0,0,6748905,
1428380964640,com.whatsapp.messaging.MessageService,com.whatsapp,10159,7286,68313,[STARTED],false,true,1,1,33311703,
1428380964640,ccc71.at.services.at_service,ccc71.bmw.pro:services,10110,4012,69150,[STARTED],false,true,0,0,69159,
1428380964640,com.google.android.location.geocode.GeocodeService,com.google.process.location,10007,17755,50924882,[],false,true,1,1,31915807,
1428381024666,com.android.bluetooth.hid.HidService,com.android.bluetooth,1002,0,41148,[],false,true,2,2,41157,
1428381024666,com.android.exchange.service.EasService,com.google.android.gm.exchange,10157,2752,54256,[STARTED],false,true,1,1,33930535,
1428381024666,com.google.android.music.dial.DialMediaRouteProviderService,com.google.android.music:main,10058,0,21711939,[],false,true,0,0,10495967,
1428381024666,ch.unige.css.services.PingService,ch.unige.ping,10074,1449,80167991,[STARTED],false,true,0,0,35152341,
1428381024666,com.android.systemui.keyguard.KeyguardService,com.android.systemui,10012,906,42358,[PERSISTENT],false,false,1,1,42367,
1428381024666,com.google.android.gms.droidguard.DroidGuardService,com.google.android.gms.unstable,10007,9162,53738077,[],false,true,1,1,33607138,
1428381024666,ch.unige.css.services.main.CssRegistryService,ch.unige.ping:background,10074,13902,17964876,[STARTED],false,true,0,0,6748905,
1428381024666,com.whatsapp.messaging.MessageService,com.whatsapp,10159,7286,68313,[STARTED],false,true,1,1,33311703,
1428381024666,ccc71.at.services.at_service,ccc71.bmw.pro:services,10110,4012,69150,[STARTED],false,true,0,0,69159,
1428381024666,com.google.android.location.geocode.GeocodeService,com.google.process.location,10007,17755,50924882,[],false,true,1,1,31915807,
1428381084744,com.android.bluetooth.hid.HidService,com.android.bluetooth,1002,0,41148,[],false,true,2,2,41157,
1428381084744,com.android.exchange.service.EasService,com.google.android.gm.exchange,10157,2752,54256,[STARTED],false,true,1,1,33930535,
1428381084744,com.google.android.music.dial.DialMediaRouteProviderService,com.google.android.music:main,10058,0,21711939,[],false,true,0,0,10495967,
1428381084744,ch.unige.css.services.PingService,ch.unige.ping,10074,1449,80228062,[STARTED],false,true,0,0,35156437,
1428381084744,com.android.systemui.keyguard.KeyguardService,com.android.systemui,10012,906,42358,[PERSISTENT],false,false,1,1,42367,
1428381084744,com.google.android.gms.droidguard.DroidGuardService,com.google.android.gms.unstable,10007,9162,53738077,[],false,true,1,1,33607138,
1428381084744,ch.unige.css.services.main.CssRegistryService,ch.unige.ping:background,10074,13902,17964876,[STARTED],false,true,0,0,6748905,
1428381084744,com.whatsapp.messaging.MessageService,com.whatsapp,10159,7286,68313,[STARTED],false,true,1,1,33311703,
1428381084744,ccc71.at.services.at_service,ccc71.bmw.pro:services,10110,4012,69150,[STARTED],false,true,0,0,69159,
1428381084744,com.google.android.location.geocode.GeocodeService,com.google.process.location,10007,17755,50924882,[],false,true,1,1,31915807,
1428381144802,com.android.bluetooth.hid.HidService,com.android.bluetooth,1002,0,41148,[],false,true,2,2,41157,
1428381144802,com.android.exchange.service.EasService,com.google.android.gm.exchange,10157,2752,54256,[STARTED],false,true,1,1,33930535,
1428381144802,com.google.android.music.dial.DialMediaRouteProviderService,com.google.android.music:main,10058,0,21711939,[],false,true,0,0,10495967,
1428381144802,ch.unige.css.services.PingService,ch.unige.ping,10074,1449,80288130,[STARTED],false,true,0,0,35158305,
1428381144802,com.android.systemui.keyguard.KeyguardService,com.android.systemui,10012,906,42358,[PERSISTENT],false,false,1,1,42367,
1428381144802,com.google.android.gms.droidguard.DroidGuardService,com.google.android.gms.unstable,10007,9162,53738077,[],false,true,1,1,33607138,
1428381144802,ch.unige.css.services.main.CssRegistryService,ch.unige.ping:background,10074,13902,17964876,[STARTED],false,true,0,0,6748905,
1428381144802,com.whatsapp.messaging.MessageService,com.whatsapp,10159,7286,68313,[STARTED],false,true,1,1,33311703,
1428381144802,ccc71.at.services.at_service,ccc71.bmw.pro:services,10110,4012,69150,[STARTED],false,true,0,0,69159,
1428381144802,com.google.android.location.geocode.GeocodeService,com.google.process.location,10007,17755,50924882,[],false,true,1,1,31915807,
1428381204816,com.android.bluetooth.hid.HidService,com.android.bluetooth,1002,0,41148,[],false,true,2,2,41157,
1428381204816,com.android.exchange.service.EasService,com.google.android.gm.exchange,10157,2752,54256,[STARTED],false,true,1,1,33930535,
1428381204816,com.google.android.music.dial.DialMediaRouteProviderService,com.google.android.music:main,10058,0,21711939,[],false,true,0,0,10495967,
1428381204816,ch.unige.css.services.PingService,ch.unige.ping,10074,1449,80348144,[STARTED],false,true,0,0,35160129,
1428381204816,com.android.systemui.keyguard.KeyguardService,com.android.systemui,10012,906,42358,[PERSISTENT],false,false,1,1,42367,
1428381204816,com.google.android.gms.droidguard.DroidGuardService,com.google.android.gms.unstable,10007,9162,53738077,[],false,true,1,1,33607138,
1428381204816,ch.unige.css.services.main.CssRegistryService,ch.unige.ping:background,10074,13902,17964876,[STARTED],false,true,0,0,6748905,
1428381204816,com.whatsapp.messaging.MessageService,com.whatsapp,10159,7286,68313,[STARTED],false,true,1,1,33311703,
1428381204816,ccc71.at.services.at_service,ccc71.bmw.pro:services,10110,4012,69150,[STARTED],false,true,0,0,69159,
1428381204816,com.google.android.location.geocode.GeocodeService,com.google.process.location,10007,17755,50924882,[],false,true,1,1,31915807,
1428381264944,com.android.bluetooth.hid.HidService,com.android.bluetooth,1002,0,41148,[],false,true,2,2,41157,
1428381264944,com.android.exchange.service.EasService,com.google.android.gm.exchange,10157,2752,54256,[STARTED],false,true,1,1,33930535,
1428381264944,com.google.android.music.dial.DialMediaRouteProviderService,com.google.android.music:main,10058,0,21711939,[],false,true,0,0,10495967,
1428381264944,ch.unige.css.services.PingService,ch.unige.ping,10074,1449,80408265,[STARTED],false,true,0,0,35162220,
1428381264944,com.android.systemui.keyguard.KeyguardService,com.android.systemui,10012,906,42358,[PERSISTENT],false,false,1,1,42367,
1428381264944,com.google.android.gms.droidguard.DroidGuardService,com.google.android.gms.unstable,10007,9162,53738077,[],false,true,1,1,33607138,
1428381264944,ch.unige.css.services.main.CssRegistryService,ch.unige.ping:background,10074,13902,17964876,[STARTED],false,true,0,0,6748905,
1428381264944,com.whatsapp.messaging.MessageService,com.whatsapp,10159,7286,68313,[STARTED],false,true,1,1,33311703,
1428381264944,ccc71.at.services.at_service,ccc71.bmw.pro:services,10110,4012,69150,[STARTED],false,true,0,0,69159,
1428381264944,com.google.android.location.geocode.GeocodeService,com.google.process.location,10007,17755,50924882,[],false,true,1,1,31915807,
1428381325024,com.android.bluetooth.hid.HidService,com.android.bluetooth,1002,0,41148,[],false,true,2,2,41157,
1428381325024,com.android.exchange.service.EasService,com.google.android.gm.exchange,10157,2752,54256,[STARTED],false,true,1,1,33930535,
1428381325024,com.google.android.music.dial.DialMediaRouteProviderService,com.google.android.music:main,10058,0,21711939,[],false,true,0,0,10495967,
1428381325024,ch.unige.css.services.PingService,ch.unige.ping,10074,1449,80468340,[STARTED],false,true,0,0,35171940,
1428381325024,com.android.systemui.keyguard.KeyguardService,com.android.systemui,10012,906,42358,[PERSISTENT],false,false,1,1,42367,
1428381325024,com.google.android.gms.droidguard.DroidGuardService,com.google.android.gms.unstable,10007,9162,53738077,[],false,true,1,1,33607138,
1428381325024,ch.unige.css.services.main.CssRegistryService,ch.unige.ping:background,10074,13902,17964876,[STARTED],false,true,0,0,6748905,
1428381325024,com.whatsapp.messaging.MessageService,com.whatsapp,10159,7286,68313,[STARTED],false,true,1,1,33311703,
1428381325024,ccc71.at.services.at_service,ccc71.bmw.pro:services,10110,4012,69150,[STARTED],false,true,0,0,69159,
1428381325024,com.google.android.location.geocode.GeocodeService,com.google.process.location,10007,17755,50924882,[],false,true,1,1,31915807,
1428381385070,com.android.bluetooth.hid.HidService,com.android.bluetooth,1002,0,41148,[],false,true,2,2,41157,
1428381385070,com.android.exchange.service.EasService,com.google.android.gm.exchange,10157,2752,54256,[STARTED],false,true,1,1,33930535,
1428381385070,com.google.android.music.dial.DialMediaRouteProviderService,com.google.android.music:main,10058,0,21711939,[],false,true,0,0,10495967,
1428381385070,ch.unige.css.services.PingService,ch.unige.ping,10074,1449,80528381,[STARTED],false,true,0,0,35174461,
1428381385070,com.android.systemui.keyguard.KeyguardService,com.android.systemui,10012,906,42358,[PERSISTENT],false,false,1,1,42367,
1428381385070,com.google.android.gms.droidguard.DroidGuardService,com.google.android.gms.unstable,10007,9162,53738077,[],false,true,1,1,33607138,
1428381385070,ch.unige.css.services.main.CssRegistryService,ch.unige.ping:background,10074,13902,17964876,[STARTED],false,true,0,0,6748905,
1428381385070,com.whatsapp.messaging.MessageService,com.whatsapp,10159,7286,68313,[STARTED],false,true,1,1,33311703,
1428381385070,ccc71.at.services.at_service,ccc71.bmw.pro:services,10110,4012,69150,[STARTED],false,true,0,0,69159,
1428381385070,com.google.android.location.geocode.GeocodeService,com.google.process.location,10007,17755,50924882,[],false,true,1,1,31915807,
1428381445139,com.android.bluetooth.hid.HidService,com.android.bluetooth,1002,0,41148,[],false,true,2,2,41157,
1428381445139,com.android.exchange.service.EasService,com.google.android.gm.exchange,10157,2752,54256,[STARTED],false,true,1,1,33930535,
1428381445139,com.google.android.music.dial.DialMediaRouteProviderService,com.google.android.music:main,10058,0,21711939,[],false,true,0,0,10495967,
1428381445139,ch.unige.css.services.PingService,ch.unige.ping,10074,1449,80588453,[STARTED],false,true,0,0,35177178,
1428381445139,com.android.systemui.keyguard.KeyguardService,com.android.systemui,10012,906,42358,[PERSISTENT],false,false,1,1,42367,
1428381445139,com.google.android.gms.droidguard.DroidGuardService,com.google.android.gms.unstable,10007,9162,53738077,[],false,true,1,1,33607138,
1428381445139,ch.unige.css.services.main.CssRegistryService,ch.unige.ping:background,10074,13902,17964876,[STARTED],false,true,0,0,6748905,
1428381445139,com.whatsapp.messaging.MessageService,com.whatsapp,10159,7286,68313,[STARTED],false,true,1,1,33311703,
1428381445139,ccc71.at.services.at_service,ccc71.bmw.pro:services,10110,4012,69150,[STARTED],false,true,0,0,69159,
1428381445139,com.google.android.location.geocode.GeocodeService,com.google.process.location,10007,17755,50924882,[],false,true,1,1,31915807,
1428381505223,com.android.bluetooth.hid.HidService,com.android.bluetooth,1002,0,41148,[],false,true,2,2,41157,
1428381505223,com.android.exchange.service.EasService,com.google.android.gm.exchange,10157,2752,54256,[STARTED],false,true,1,1,33930535,
1428381505223,com.google.android.music.dial.DialMediaRouteProviderService,com.google.android.music:main,10058,0,21711939,[],false,true,0,0,10495967,
1428381505223,com.android.systemui.keyguard.KeyguardService,com.android.systemui,10012,906,42358,[PERSISTENT],false,false,1,1,42367,
1428381505223,com.google.android.gms.droidguard.DroidGuardService,com.google.android.gms.unstable,10007,9162,53738077,[],false,true,1,1,33607138,
1428381505223,ch.unige.css.services.main.CssRegistryService,ch.unige.ping:background,10074,13902,17964876,[STARTED],false,true,0,0,6748905,
1428381505223,com.whatsapp.messaging.MessageService,com.whatsapp,10159,7286,68313,[STARTED],false,true,1,1,33311703,
1428381505223,ccc71.at.services.at_service,ccc71.bmw.pro:services,10110,4012,69150,[STARTED],false,true,0,0,69159,
1428381505223,com.google.android.location.geocode.GeocodeService,com.google.process.location,10007,17755,50924882,[],false,true,1,1,31915807,
1428381505223,com.google.android.gms.gcm.GcmService,com.google.process.gapps,10007,17792,17965599,[STARTED],false,true,0,0,33902416,
1428381565284,com.android.bluetooth.hid.HidService,com.android.bluetooth,1002,0,41148,[],false,true,2,2,41157,
1428381565284,com.android.exchange.service.EasService,com.google.android.gm.exchange,10157,2752,54256,[STARTED],false,true,1,1,33930535,
1428381565284,com.google.android.music.dial.DialMediaRouteProviderService,com.google.android.music:main,10058,0,21711939,[],false,true,0,0,10495967,
1428381565284,ch.unige.css.services.PingService,ch.unige.ping,10074,1449,80708616,[STARTED],false,true,0,0,35183153,
1428381565284,com.android.systemui.keyguard.KeyguardService,com.android.systemui,10012,906,42358,[PERSISTENT],false,false,1,1,42367,
1428381565284,com.google.android.gms.droidguard.DroidGuardService,com.google.android.gms.unstable,10007,9162,53738077,[],false,true,1,1,33607138,
1428381565284,ch.unige.css.services.main.CssRegistryService,ch.unige.ping:background,10074,13902,17964876,[STARTED],false,true,0,0,6748905,
1428381565284,com.whatsapp.messaging.MessageService,com.whatsapp,10159,7286,68313,[STARTED],false,true,1,1,33311703,
1428381565284,ccc71.at.services.at_service,ccc71.bmw.pro:services,10110,4012,69150,[STARTED],false,true,0,0,69159,
1428381565284,com.google.android.location.geocode.GeocodeService,com.google.process.location,10007,17755,50924882,[],false,true,1,1,31915807,
1428381625576,com.android.bluetooth.hid.HidService,com.android.bluetooth,1002,0,41148,[],false,true,2,2,41157,
1428381625576,com.android.exchange.service.EasService,com.google.android.gm.exchange,10157,2752,54256,[STARTED],false,true,1,1,33930535,
1428381625576,com.google.android.music.dial.DialMediaRouteProviderService,com.google.android.music:main,10058,0,21711939,[],false,true,0,0,10495967,
1428381625576,ch.unige.css.services.PingService,ch.unige.ping,10074,1449,80768923,[STARTED],false,true,0,0,35184191,
1428381625576,com.android.systemui.keyguard.KeyguardService,com.android.systemui,10012,906,42358,[PERSISTENT],false,false,1,1,42367,
1428381625576,com.google.android.gms.droidguard.DroidGuardService,com.google.android.gms.unstable,10007,9162,53738077,[],false,true,1,1,33607138,
1428381625576,ch.unige.css.services.main.CssRegistryService,ch.unige.ping:background,10074,13902,17964876,[STARTED],false,true,0,0,6748905,
1428381625576,com.whatsapp.messaging.MessageService,com.whatsapp,10159,7286,68313,[STARTED],false,true,1,1,33311703,
1428381625576,ccc71.at.services.at_service,ccc71.bmw.pro:services,10110,4012,69150,[STARTED],false,true,0,0,69159,
1428381625576,com.google.android.location.geocode.GeocodeService,com.google.process.location,10007,17755,50924882,[],false,true,1,1,31915807,
1428381685598,com.android.bluetooth.hid.HidService,com.android.bluetooth,1002,0,41148,[],false,true,2,2,41157,
1428381685598,com.android.exchange.service.EasService,com.google.android.gm.exchange,10157,2752,54256,[STARTED],false,true,1,1,33930535,
1428381685598,com.google.android.music.dial.DialMediaRouteProviderService,com.google.android.music:main,10058,0,21711939,[],false,true,0,0,10495967,
1428381685598,ch.unige.css.services.PingService,ch.unige.ping,10074,1449,80828942,[STARTED],false,true,0,0,35185195,
1428381685598,com.android.systemui.keyguard.KeyguardService,com.android.systemui,10012,906,42358,[PERSISTENT],false,false,1,1,42367,
1428381685598,com.google.android.gms.droidguard.DroidGuardService,com.google.android.gms.unstable,10007,9162,53738077,[],false,true,1,1,33607138,
1428381685598,ch.unige.css.services.main.CssRegistryService,ch.unige.ping:background,10074,13902,17964876,[STARTED],false,true,0,0,6748905,
1428381685598,com.whatsapp.messaging.MessageService,com.whatsapp,10159,7286,68313,[STARTED],false,true,1,1,33311703,
1428381685598,ccc71.at.services.at_service,ccc71.bmw.pro:services,10110,4012,69150,[STARTED],false,true,0,0,69159,
1428381685598,com.google.android.location.geocode.GeocodeService,com.google.process.location,10007,17755,50924882,[],false,true,1,1,31915807,
1428381745601,com.android.bluetooth.hid.HidService,com.android.bluetooth,1002,0,41148,[],false,true,2,2,41157,
1428381745601,com.android.exchange.service.EasService,com.google.android.gm.exchange,10157,2752,54256,[STARTED],false,true,1,1,33930535,
1428381745601,com.google.android.music.dial.DialMediaRouteProviderService,com.google.android.music:main,10058,0,21711939,[],false,true,0,0,10495967,
1428381745601,ch.unige.css.services.PingService,ch.unige.ping,10074,1449,80888953,[STARTED],false,true,0,0,35186345,
1428381745601,com.android.systemui.keyguard.KeyguardService,com.android.systemui,10012,906,42358,[PERSISTENT],false,false,1,1,42367,
1428381745601,com.google.android.gms.droidguard.DroidGuardService,com.google.android.gms.unstable,10007,9162,53738077,[],false,true,1,1,33607138,
1428381745601,ch.unige.css.services.main.CssRegistryService,ch.unige.ping:background,10074,13902,17964876,[STARTED],false,true,0,0,6748905,
1428381745601,com.whatsapp.messaging.MessageService,com.whatsapp,10159,7286,68313,[STARTED],false,true,1,1,33311703,
1428381745601,ccc71.at.services.at_service,ccc71.bmw.pro:services,10110,4012,69150,[STARTED],false,true,0,0,69159,
1428381745601,com.google.android.location.geocode.GeocodeService,com.google.process.location,10007,17755,50924882,[],false,true,1,1,31915807,
1428381805633,com.android.bluetooth.hid.HidService,com.android.bluetooth,1002,0,41148,[],false,true,2,2,41157,
1428381805633,com.android.exchange.service.EasService,com.google.android.gm.exchange,10157,2752,54256,[STARTED],false,true,1,1,33930535,
1428381805633,com.google.android.music.dial.DialMediaRouteProviderService,com.google.android.music:main,10058,0,21711939,[],false,true,0,0,10495967,
1428381805633,ch.unige.css.services.PingService,ch.unige.ping,10074,1449,80948973,[STARTED],false,true,0,0,35187491,
1428381805633,com.android.systemui.keyguard.KeyguardService,com.android.systemui,10012,906,42358,[PERSISTENT],false,false,1,1,42367,
1428381805633,com.google.android.gms.droidguard.DroidGuardService,com.google.android.gms.unstable,10007,9162,53738077,[],false,true,1,1,33607138,
1428381805633,ch.unige.css.services.main.CssRegistryService,ch.unige.ping:background,10074,13902,17964876,[STARTED],false,true,0,0,6748905,
1428381805633,com.whatsapp.messaging.MessageService,com.whatsapp,10159,7286,68313,[STARTED],false,true,1,1,33311703,
1428381805633,ccc71.at.services.at_service,ccc71.bmw.pro:services,10110,4012,69150,[STARTED],false,true,0,0,69159,
1428381805633,com.google.android.location.geocode.GeocodeService,com.google.process.location,10007,17755,50924882,[],false,true,1,1,31915807,
1428381865708,com.android.bluetooth.hid.HidService,com.android.bluetooth,1002,0,41148,[],false,true,2,2,41157,
1428381865708,com.android.exchange.service.EasService,com.google.android.gm.exchange,10157,2752,54256,[STARTED],false,true,1,1,33930535,
1428381865708,com.google.android.music.dial.DialMediaRouteProviderService,com.google.android.music:main,10058,0,21711939,[],false,true,0,0,10495967,
1428381865708,ch.unige.css.services.PingService,ch.unige.ping,10074,1449,81009011,[STARTED],false,true,0,0,35188891,
1428381865708,com.android.systemui.keyguard.KeyguardService,com.android.systemui,10012,906,42358,[PERSISTENT],false,false,1,1,42367,
1428381865708,com.google.android.gms.droidguard.DroidGuardService,com.google.android.gms.unstable,10007,9162,53738077,[],false,true,1,1,33607138,
1428381865708,ch.unige.css.services.main.CssRegistryService,ch.unige.ping:background,10074,13902,17964876,[STARTED],false,true,0,0,6748905,
1428381865708,com.whatsapp.messaging.MessageService,com.whatsapp,10159,7286,68313,[STARTED],false,true,1,1,33311703,
1428381865708,ccc71.at.services.at_service,ccc71.bmw.pro:services,10110,4012,69150,[STARTED],false,true,0,0,69159,
1428381865708,com.google.android.location.geocode.GeocodeService,com.google.process.location,10007,17755,50924882,[],false,true,1,1,31915807,
1428381925817,com.android.bluetooth.hid.HidService,com.android.bluetooth,1002,0,41148,[],false,true,2,2,41157,
1428381925817,com.android.exchange.service.EasService,com.google.android.gm.exchange,10157,2752,54256,[STARTED],false,true,1,1,33930535,
1428381925817,com.google.android.music.dial.DialMediaRouteProviderService,com.google.android.music:main,10058,0,21711939,[],false,true,0,0,10495967,
1428381925817,ch.unige.css.services.PingService,ch.unige.ping,10074,1449,81069118,[STARTED],false,true,0,0,35195777,
1428381925817,com.android.systemui.keyguard.KeyguardService,com.android.systemui,10012,906,42358,[PERSISTENT],false,false,1,1,42367,
1428381925817,com.google.android.gms.droidguard.DroidGuardService,com.google.android.gms.unstable,10007,9162,53738077,[],false,true,1,1,33607138,
1428381925817,ch.unige.css.services.main.CssRegistryService,ch.unige.ping:background,10074,13902,17964876,[STARTED],false,true,0,0,6748905,
1428381925817,com.whatsapp.messaging.MessageService,com.whatsapp,10159,7286,68313,[STARTED],false,true,1,1,33311703,
1428381925817,ccc71.at.services.at_service,ccc71.bmw.pro:services,10110,4012,69150,[STARTED],false,true,0,0,69159,
1428381925817,com.google.android.location.geocode.GeocodeService,com.google.process.location,10007,17755,50924882,[],false,true,1,1,31915807,
1428381985927,com.android.bluetooth.hid.HidService,com.android.bluetooth,1002,0,41148,[],false,true,2,2,41157,
1428381985927,com.android.exchange.service.EasService,com.google.android.gm.exchange,10157,2752,54256,[STARTED],false,true,1,1,33930535,
1428381985927,com.google.android.music.dial.DialMediaRouteProviderService,com.google.android.music:main,10058,0,21711939,[],false,true,0,0,10495967,
1428381985927,ch.unige.css.services.PingService,ch.unige.ping,10074,1449,81129239,[STARTED],false,true,0,0,35202453,
1428381985927,com.android.systemui.keyguard.KeyguardService,com.android.systemui,10012,906,42358,[PERSISTENT],false,false,1,1,42367,
1428381985927,com.google.android.gms.droidguard.DroidGuardService,com.google.android.gms.unstable,10007,9162,53738077,[],false,true,1,1,33607138,
1428381985927,ch.unige.css.services.main.CssRegistryService,ch.unige.ping:background,10074,13902,17964876,[STARTED],false,true,0,0,6748905,
1428381985927,com.whatsapp.messaging.MessageService,com.whatsapp,10159,7286,68313,[STARTED],false,true,1,1,33311703,
1428381985927,ccc71.at.services.at_service,ccc71.bmw.pro:services,10110,4012,69150,[STARTED],false,true,0,0,69159,
1428381985927,com.google.android.location.geocode.GeocodeService,com.google.process.location,10007,17755,50924882,[],false,true,1,1,31915807,
1428382046604,com.android.bluetooth.hid.HidService,com.android.bluetooth,1002,0,41148,[],false,true,2,2,41157,
1428382046604,com.android.exchange.service.EasService,com.google.android.gm.exchange,10157,2752,54256,[STARTED],false,true,1,1,33930535,
1428382046604,com.google.android.music.dial.DialMediaRouteProviderService,com.google.android.music:main,10058,0,21711939,[],false,true,0,0,10495967,
1428382046604,ch.unige.css.services.PingService,ch.unige.ping,10074,1449,81189927,[STARTED],false,true,0,0,35205558,
1428382046604,com.android.systemui.keyguard.KeyguardService,com.android.systemui,10012,906,42358,[PERSISTENT],false,false,1,1,42367,
1428382046604,com.google.android.gms.droidguard.DroidGuardService,com.google.android.gms.unstable,10007,9162,53738077,[],false,true,1,1,33607138,
1428382046604,ch.unige.css.services.main.CssRegistryService,ch.unige.ping:background,10074,13902,17964876,[STARTED],false,true,0,0,6748905,
1428382046604,com.whatsapp.messaging.MessageService,com.whatsapp,10159,7286,68313,[STARTED],false,true,1,1,33311703,
1428382046604,ccc71.at.services.at_service,ccc71.bmw.pro:services,10110,4012,69150,[STARTED],false,true,0,0,69159,
1428382046604,com.google.android.location.geocode.GeocodeService,com.google.process.location,10007,17755,50924882,[],false,true,1,1,31915807,
1428382106650,com.android.bluetooth.hid.HidService,com.android.bluetooth,1002,0,41148,[],false,true,2,2,41157,
1428382106650,com.android.exchange.service.EasService,com.google.android.gm.exchange,10157,2752,54256,[STARTED],false,true,1,1,33930535,
1428382106650,com.google.android.music.dial.DialMediaRouteProviderService,com.google.android.music:main,10058,0,21711939,[],false,true,0,0,10495967,
1428382106650,ch.unige.css.services.PingService,ch.unige.ping,10074,1449,81249948,[STARTED],false,true,0,0,35207003,
1428382106650,com.android.systemui.keyguard.KeyguardService,com.android.systemui,10012,906,42358,[PERSISTENT],false,false,1,1,42367,
1428382106650,com.google.android.gms.droidguard.DroidGuardService,com.google.android.gms.unstable,10007,9162,53738077,[],false,true,1,1,33607138,
1428382106650,ch.unige.css.services.main.CssRegistryService,ch.unige.ping:background,10074,13902,17964876,[STARTED],false,true,0,0,6748905,
1428382106650,com.whatsapp.messaging.MessageService,com.whatsapp,10159,7286,68313,[STARTED],false,true,1,1,33311703,
1428382106650,ccc71.at.services.at_service,ccc71.bmw.pro:services,10110,4012,69150,[STARTED],false,true,0,0,69159,
1428382106650,com.google.android.location.geocode.GeocodeService,com.google.process.location,10007,17755,50924882,[],false,true,1,1,31915807,
1428382166681,com.android.bluetooth.hid.HidService,com.android.bluetooth,1002,0,41148,[],false,true,2,2,41157,
1428382166681,com.android.exchange.service.EasService,com.google.android.gm.exchange,10157,2752,54256,[STARTED],false,true,1,1,33930535,
1428382166681,com.google.android.music.dial.DialMediaRouteProviderService,com.google.android.music:main,10058,0,21711939,[],false,true,0,0,10495967,
1428382166681,ch.unige.css.services.PingService,ch.unige.ping,10074,1449,81309983,[STARTED],false,true,0,0,35208653,
1428382166681,com.android.systemui.keyguard.KeyguardService,com.android.systemui,10012,906,42358,[PERSISTENT],false,false,1,1,42367,
1428382166681,com.google.android.gms.droidguard.DroidGuardService,com.google.android.gms.unstable,10007,9162,53738077,[],false,true,1,1,33607138,
1428382166681,ch.unige.css.services.main.CssRegistryService,ch.unige.ping:background,10074,13902,17964876,[STARTED],false,true,0,0,6748905,
1428382166681,com.whatsapp.messaging.MessageService,com.whatsapp,10159,7286,68313,[STARTED],false,true,1,1,33311703,
1428382166681,ccc71.at.services.at_service,ccc71.bmw.pro:services,10110,4012,69150,[STARTED],false,true,0,0,69159,
1428382166681,com.google.android.location.geocode.GeocodeService,com.google.process.location,10007,17755,50924882,[],false,true,1,1,31915807,
1428382226726,com.android.bluetooth.hid.HidService,com.android.bluetooth,1002,0,41148,[],false,true,2,2,41157,
1428382226726,com.android.exchange.service.EasService,com.google.android.gm.exchange,10157,2752,54256,[STARTED],false,true,1,1,33930535,
1428382226726,com.google.android.music.dial.DialMediaRouteProviderService,com.google.android.music:main,10058,0,21711939,[],false,true,0,0,10495967,
1428382226726,ch.unige.css.services.PingService,ch.unige.ping,10074,1449,81370035,[STARTED],false,true,0,0,35210316,
1428382226726,com.android.systemui.keyguard.KeyguardService,com.android.systemui,10012,906,42358,[PERSISTENT],false,false,1,1,42367,
1428382226726,com.google.android.gms.droidguard.DroidGuardService,com.google.android.gms.unstable,10007,9162,53738077,[],false,true,1,1,33607138,
1428382226726,ch.unige.css.services.main.CssRegistryService,ch.unige.ping:background,10074,13902,17964876,[STARTED],false,true,0,0,6748905,
1428382226726,com.whatsapp.messaging.MessageService,com.whatsapp,10159,7286,68313,[STARTED],false,true,1,1,33311703,
1428382226726,ccc71.at.services.at_service,ccc71.bmw.pro:services,10110,4012,69150,[STARTED],false,true,0,0,69159,
1428382226726,com.google.android.location.geocode.GeocodeService,com.google.process.location,10007,17755,50924882,[],false,true,1,1,31915807,
1428382286887,com.android.bluetooth.hid.HidService,com.android.bluetooth,1002,0,41148,[],false,true,2,2,41157,
1428382286887,com.android.exchange.service.EasService,com.google.android.gm.exchange,10157,2752,54256,[STARTED],false,true,1,1,33930535,
1428382286887,com.google.android.music.dial.DialMediaRouteProviderService,com.google.android.music:main,10058,0,21711939,[],false,true,0,0,10495967,
1428382286887,com.android.systemui.keyguard.KeyguardService,com.android.systemui,10012,906,42358,[PERSISTENT],false,false,1,1,42367,
1428382286887,com.google.android.gms.droidguard.DroidGuardService,com.google.android.gms.unstable,10007,9162,53738077,[],false,true,1,1,33607138,
1428382286887,ch.unige.css.services.main.CssRegistryService,ch.unige.ping:background,10074,13902,17964876,[STARTED],false,true,0,0,6748905,
1428382286887,com.whatsapp.messaging.MessageService,com.whatsapp,10159,7286,68313,[STARTED],false,true,1,1,33311703,
1428382286887,ccc71.at.services.at_service,ccc71.bmw.pro:services,10110,4012,69150,[STARTED],false,true,0,0,69159,
1428382286887,com.google.android.location.geocode.GeocodeService,com.google.process.location,10007,17755,50924882,[],false,true,1,1,31915807,
1428382286887,com.google.android.gms.gcm.GcmService,com.google.process.gapps,10007,17792,17965599,[STARTED],false,true,0,0,33902416,
1428382346934,com.android.bluetooth.hid.HidService,com.android.bluetooth,1002,0,41148,[],false,true,2,2,41157,
1428382346934,com.android.exchange.service.EasService,com.google.android.gm.exchange,10157,2752,54256,[STARTED],false,true,1,1,33930535,
1428382346934,com.google.android.music.dial.DialMediaRouteProviderService,com.google.android.music:main,10058,0,21711939,[],false,true,0,0,10495967,
1428382346934,ch.unige.css.services.PingService,ch.unige.ping,10074,1449,81490251,[STARTED],false,true,0,0,35214245,
1428382346934,com.android.systemui.keyguard.KeyguardService,com.android.systemui,10012,906,42358,[PERSISTENT],false,false,1,1,42367,
1428382346934,com.google.android.gms.droidguard.DroidGuardService,com.google.android.gms.unstable,10007,9162,53738077,[],false,true,1,1,33607138,
1428382346934,ch.unige.css.services.main.CssRegistryService,ch.unige.ping:background,10074,13902,17964876,[STARTED],false,true,0,0,6748905,
1428382346934,com.whatsapp.messaging.MessageService,com.whatsapp,10159,7286,68313,[STARTED],false,true,1,1,33311703,
1428382346934,ccc71.at.services.at_service,ccc71.bmw.pro:services,10110,4012,69150,[STARTED],false,true,0,0,69159,
1428382346934,com.google.android.location.geocode.GeocodeService,com.google.process.location,10007,17755,50924882,[],false,true,1,1,31915807,
1428382406962,com.android.bluetooth.hid.HidService,com.android.bluetooth,1002,0,41148,[],false,true,2,2,41157,
1428382406962,com.android.exchange.service.EasService,com.google.android.gm.exchange,10157,2752,54256,[STARTED],false,true,1,1,33930535,
1428382406962,com.google.android.music.dial.DialMediaRouteProviderService,com.google.android.music:main,10058,0,21711939,[],false,true,0,0,10495967,
1428382406962,ch.unige.css.services.PingService,ch.unige.ping,10074,1449,81550266,[STARTED],false,true,0,0,35216470,
1428382406962,com.android.systemui.keyguard.KeyguardService,com.android.systemui,10012,906,42358,[PERSISTENT],false,false,1,1,42367,
1428382406962,com.google.android.gms.droidguard.DroidGuardService,com.google.android.gms.unstable,10007,9162,53738077,[],false,true,1,1,33607138,
1428382406962,ch.unige.css.services.main.CssRegistryService,ch.unige.ping:background,10074,13902,17964876,[STARTED],false,true,0,0,6748905,
1428382406962,com.whatsapp.messaging.MessageService,com.whatsapp,10159,7286,68313,[STARTED],false,true,1,1,33311703,
1428382406962,ccc71.at.services.at_service,ccc71.bmw.pro:services,10110,4012,69150,[STARTED],false,true,0,0,69159,
1428382406962,com.google.android.location.geocode.GeocodeService,com.google.process.location,10007,17755,50924882,[],false,true,1,1,31915807,
1428382466977,com.android.bluetooth.hid.HidService,com.android.bluetooth,1002,0,41148,[],false,true,2,2,41157,
1428382466977,com.android.exchange.service.EasService,com.google.android.gm.exchange,10157,2752,54256,[STARTED],false,true,1,1,33930535,
1428382466977,com.google.android.music.dial.DialMediaRouteProviderService,com.google.android.music:main,10058,0,21711939,[],false,true,0,0,10495967,
1428382466977,ch.unige.css.services.PingService,ch.unige.ping,10074,1449,81610282,[STARTED],false,true,0,0,35218893,
1428382466977,com.android.systemui.keyguard.KeyguardService,com.android.systemui,10012,906,42358,[PERSISTENT],false,false,1,1,42367,
1428382466977,com.google.android.gms.droidguard.DroidGuardService,com.google.android.gms.unstable,10007,9162,53738077,[],false,true,1,1,33607138,
1428382466977,ch.unige.css.services.main.CssRegistryService,ch.unige.ping:background,10074,13902,17964876,[STARTED],false,true,0,0,6748905,
1428382466977,com.whatsapp.messaging.MessageService,com.whatsapp,10159,7286,68313,[STARTED],false,true,1,1,33311703,
1428382466977,ccc71.at.services.at_service,ccc71.bmw.pro:services,10110,4012,69150,[STARTED],false,true,0,0,69159,
1428382466977,com.google.android.location.geocode.GeocodeService,com.google.process.location,10007,17755,50924882,[],false,true,1,1,31915807,
1428382527039,com.android.bluetooth.hid.HidService,com.android.bluetooth,1002,0,41148,[],false,true,2,2,41157,
1428382527039,com.android.exchange.service.EasService,com.google.android.gm.exchange,10157,2752,54256,[STARTED],false,true,1,1,33930535,
1428382527039,com.google.android.music.dial.DialMediaRouteProviderService,com.google.android.music:main,10058,0,21711939,[],false,true,0,0,10495967,
1428382527039,ch.unige.css.services.PingService,ch.unige.ping,10074,1449,81670303,[STARTED],false,true,0,0,35221167,
1428382527039,com.android.systemui.keyguard.KeyguardService,com.android.systemui,10012,906,42358,[PERSISTENT],false,false,1,1,42367,
1428382527039,com.google.android.gms.droidguard.DroidGuardService,com.google.android.gms.unstable,10007,9162,53738077,[],false,true,1,1,33607138,
1428382527039,ch.unige.css.services.main.CssRegistryService,ch.unige.ping:background,10074,13902,17964876,[STARTED],false,true,0,0,6748905,
1428382527039,com.whatsapp.messaging.MessageService,com.whatsapp,10159,7286,68313,[STARTED],false,true,1,1,33311703,
1428382527039,ccc71.at.services.at_service,ccc71.bmw.pro:services,10110,4012,69150,[STARTED],false,true,0,0,69159,
1428382527039,com.google.android.location.geocode.GeocodeService,com.google.process.location,10007,17755,50924882,[],false,true,1,1,31915807,
1428382587611,com.android.bluetooth.hid.HidService,com.android.bluetooth,1002,0,41148,[],false,true,2,2,41157,
1428382587611,com.android.exchange.service.EasService,com.google.android.gm.exchange,10157,2752,54256,[STARTED],false,true,1,1,33930535,
1428382587611,com.google.android.music.dial.DialMediaRouteProviderService,com.google.android.music:main,10058,0,21711939,[],false,true,0,0,10495967,
1428382587611,ch.unige.css.services.PingService,ch.unige.ping,10074,1449,81730931,[STARTED],false,true,0,0,35230932,
1428382587611,com.android.systemui.keyguard.KeyguardService,com.android.systemui,10012,906,42358,[PERSISTENT],false,false,1,1,42367,
1428382587611,com.google.android.gms.droidguard.DroidGuardService,com.google.android.gms.unstable,10007,9162,53738077,[],false,true,1,1,33607138,
1428382587611,ch.unige.css.services.main.CssRegistryService,ch.unige.ping:background,10074,13902,17964876,[STARTED],false,true,0,0,6748905,
1428382587611,com.whatsapp.messaging.MessageService,com.whatsapp,10159,7286,68313,[STARTED],false,true,1,1,33311703,
1428382587611,ccc71.at.services.at_service,ccc71.bmw.pro:services,10110,4012,69150,[STARTED],false,true,0,0,69159,
1428382587611,com.google.android.location.geocode.GeocodeService,com.google.process.location,10007,17755,50924882,[],false,true,1,1,31915807,
1428382647643,com.android.bluetooth.hid.HidService,com.android.bluetooth,1002,0,41148,[],false,true,2,2,41157,
1428382647643,com.android.exchange.service.EasService,com.google.android.gm.exchange,10157,2752,54256,[STARTED],false,true,1,1,33930535,
1428382647643,com.google.android.music.dial.DialMediaRouteProviderService,com.google.android.music:main,10058,0,21711939,[],false,true,0,0,10495967,
1428382647643,ch.unige.css.services.PingService,ch.unige.ping,10074,1449,81790947,[STARTED],false,true,0,0,35232254,
1428382647643,com.android.systemui.keyguard.KeyguardService,com.android.systemui,10012,906,42358,[PERSISTENT],false,false,1,1,42367,
1428382647643,com.google.android.gms.droidguard.DroidGuardService,com.google.android.gms.unstable,10007,9162,53738077,[],false,true,1,1,33607138,
1428382647643,ch.unige.css.services.main.CssRegistryService,ch.unige.ping:background,10074,13902,17964876,[STARTED],false,true,0,0,6748905,
1428382647643,com.whatsapp.messaging.MessageService,com.whatsapp,10159,7286,68313,[STARTED],false,true,1,1,33311703,
1428382647643,ccc71.at.services.at_service,ccc71.bmw.pro:services,10110,4012,69150,[STARTED],false,true,0,0,69159,
1428382647643,com.google.android.location.geocode.GeocodeService,com.google.process.location,10007,17755,50924882,[],false,true,1,1,31915807,
1428382707656,com.android.bluetooth.hid.HidService,com.android.bluetooth,1002,0,41148,[],false,true,2,2,41157,
1428382707656,com.android.exchange.service.EasService,com.google.android.gm.exchange,10157,2752,54256,[STARTED],false,true,1,1,33930535,
1428382707656,com.google.android.music.dial.DialMediaRouteProviderService,com.google.android.music:main,10058,0,21711939,[],false,true,0,0,10495967,
1428382707656,ch.unige.css.services.PingService,ch.unige.ping,10074,1449,81850966,[STARTED],false,true,0,0,35233926,
1428382707656,com.android.systemui.keyguard.KeyguardService,com.android.systemui,10012,906,42358,[PERSISTENT],false,false,1,1,42367,
1428382707656,com.google.android.gms.droidguard.DroidGuardService,com.google.android.gms.unstable,10007,9162,53738077,[],false,true,1,1,33607138,
1428382707656,ch.unige.css.services.main.CssRegistryService,ch.unige.ping:background,10074,13902,17964876,[STARTED],false,true,0,0,6748905,
1428382707656,com.whatsapp.messaging.MessageService,com.whatsapp,10159,7286,68313,[STARTED],false,true,1,1,33311703,
1428382707656,ccc71.at.services.at_service,ccc71.bmw.pro:services,10110,4012,69150,[STARTED],false,true,0,0,69159,
1428382707656,com.google.android.location.geocode.GeocodeService,com.google.process.location,10007,17755,50924882,[],false,true,1,1,31915807,
1428382767698,com.android.bluetooth.hid.HidService,com.android.bluetooth,1002,0,41148,[],false,true,2,2,41157,
1428382767698,com.android.exchange.service.EasService,com.google.android.gm.exchange,10157,2752,54256,[STARTED],false,true,1,1,33930535,
1428382767698,com.google.android.music.dial.DialMediaRouteProviderService,com.google.android.music:main,10058,0,21711939,[],false,true,0,0,10495967,
1428382767698,ch.unige.css.services.PingService,ch.unige.ping,10074,1449,81910993,[STARTED],false,true,0,0,35235823,
1428382767698,com.android.systemui.keyguard.KeyguardService,com.android.systemui,10012,906,42358,[PERSISTENT],false,false,1,1,42367,
1428382767698,com.google.android.gms.droidguard.DroidGuardService,com.google.android.gms.unstable,10007,9162,53738077,[],false,true,1,1,33607138,
1428382767698,ch.unige.css.services.main.CssRegistryService,ch.unige.ping:background,10074,13902,17964876,[STARTED],false,true,0,0,6748905,
1428382767698,com.whatsapp.messaging.MessageService,com.whatsapp,10159,7286,68313,[STARTED],false,true,1,1,33311703,
1428382767698,ccc71.at.services.at_service,ccc71.bmw.pro:services,10110,4012,69150,[STARTED],false,true,0,0,69159,
1428382767698,com.google.android.location.geocode.GeocodeService,com.google.process.location,10007,17755,50924882,[],false,true,1,1,31915807,
1428382827784,com.android.bluetooth.hid.HidService,com.android.bluetooth,1002,0,41148,[],false,true,2,2,41157,
1428382827784,com.android.exchange.service.EasService,com.google.android.gm.exchange,10157,2752,54256,[STARTED],false,true,1,1,33930535,
1428382827784,com.google.android.music.dial.DialMediaRouteProviderService,com.google.android.music:main,10058,0,21711939,[],false,true,0,0,10495967,
1428382827784,ch.unige.css.services.PingService,ch.unige.ping,10074,1449,81971101,[STARTED],false,true,0,0,35238822,
1428382827784,com.android.systemui.keyguard.KeyguardService,com.android.systemui,10012,906,42358,[PERSISTENT],false,false,1,1,42367,
1428382827784,com.google.android.gms.droidguard.DroidGuardService,com.google.android.gms.unstable,10007,9162,53738077,[],false,true,1,1,33607138,
1428382827784,ch.unige.css.services.main.CssRegistryService,ch.unige.ping:background,10074,13902,17964876,[STARTED],false,true,0,0,6748905,
1428382827784,com.whatsapp.messaging.MessageService,com.whatsapp,10159,7286,68313,[STARTED],false,true,1,1,33311703,
1428382827784,ccc71.at.services.at_service,ccc71.bmw.pro:services,10110,4012,69150,[STARTED],false,true,0,0,69159,
1428382827784,com.google.android.location.geocode.GeocodeService,com.google.process.location,10007,17755,50924882,[],false,true,1,1,31915807,
1428382887930,com.android.bluetooth.hid.HidService,com.android.bluetooth,1002,0,41148,[],false,true,2,2,41157,
1428382887930,com.android.exchange.service.EasService,com.google.android.gm.exchange,10157,2752,54256,[STARTED],false,true,1,1,33930535,
1428382887930,com.google.android.music.dial.DialMediaRouteProviderService,com.google.android.music:main,10058,0,21711939,[],false,true,0,0,10495967,
1428382887930,ch.unige.css.services.PingService,ch.unige.ping,10074,1449,82031261,[STARTED],false,true,0,0,35240656,
1428382887930,com.android.systemui.keyguard.KeyguardService,com.android.systemui,10012,906,42358,[PERSISTENT],false,false,1,1,42367,
1428382887930,com.google.android.gms.droidguard.DroidGuardService,com.google.android.gms.unstable,10007,9162,53738077,[],false,true,1,1,33607138,
1428382887930,ch.unige.css.services.main.CssRegistryService,ch.unige.ping:background,10074,13902,17964876,[STARTED],false,true,0,0,6748905,
1428382887930,com.whatsapp.messaging.MessageService,com.whatsapp,10159,7286,68313,[STARTED],false,true,1,1,33311703,
1428382887930,ccc71.at.services.at_service,ccc71.bmw.pro:services,10110,4012,69150,[STARTED],false,true,0,0,69159,
1428382887930,com.google.android.location.geocode.GeocodeService,com.google.process.location,10007,17755,50924882,[],false,true,1,1,31915807,
1428382948016,com.android.bluetooth.hid.HidService,com.android.bluetooth,1002,0,41148,[],false,true,2,2,41157,
1428382948016,com.android.exchange.service.EasService,com.google.android.gm.exchange,10157,2752,54256,[STARTED],false,true,1,1,33930535,
1428382948016,com.google.android.music.dial.DialMediaRouteProviderService,com.google.android.music:main,10058,0,21711939,[],false,true,0,0,10495967,
1428382948016,ch.unige.css.services.PingService,ch.unige.ping,10074,1449,82091296,[STARTED],false,true,0,0,35243162,
1428382948016,com.android.systemui.keyguard.KeyguardService,com.android.systemui,10012,906,42358,[PERSISTENT],false,false,1,1,42367,
1428382948016,com.google.android.gms.droidguard.DroidGuardService,com.google.android.gms.unstable,10007,9162,53738077,[],false,true,1,1,33607138,
1428382948016,ch.unige.css.services.main.CssRegistryService,ch.unige.ping:background,10074,13902,17964876,[STARTED],false,true,0,0,6748905,
1428382948016,com.whatsapp.messaging.MessageService,com.whatsapp,10159,7286,68313,[STARTED],false,true,1,1,33311703,
1428382948016,ccc71.at.services.at_service,ccc71.bmw.pro:services,10110,4012,69150,[STARTED],false,true,0,0,69159,
1428382948016,com.google.android.location.geocode.GeocodeService,com.google.process.location,10007,17755,50924882,[],false,true,1,1,31915807,
1428383008064,com.android.bluetooth.hid.HidService,com.android.bluetooth,1002,0,41148,[],false,true,2,2,41157,
1428383008064,com.android.exchange.service.EasService,com.google.android.gm.exchange,10157,2752,54256,[STARTED],false,true,1,1,33930535,
1428383008064,com.google.android.music.dial.DialMediaRouteProviderService,com.google.android.music:main,10058,0,21711939,[],false,true,0,0,10495967,
1428383008064,ch.unige.css.services.PingService,ch.unige.ping,10074,1449,82151391,[STARTED],false,true,0,0,35245535,
1428383008064,com.android.systemui.keyguard.KeyguardService,com.android.systemui,10012,906,42358,[PERSISTENT],false,false,1,1,42367,
1428383008064,com.google.android.finsky.services.DailyHygiene,com.android.vending,10014,0,82151299,[STARTED],false,true,0,0,35245444,
1428383008064,com.google.android.gms.droidguard.DroidGuardService,com.google.android.gms.unstable,10007,9162,53738077,[],false,true,1,1,33607138,
1428383008064,ch.unige.css.services.main.CssRegistryService,ch.unige.ping:background,10074,13902,17964876,[STARTED],false,true,0,0,6748905,
1428383008064,com.whatsapp.messaging.MessageService,com.whatsapp,10159,7286,68313,[STARTED],false,true,1,1,33311703,
1428383008064,ccc71.at.services.at_service,ccc71.bmw.pro:services,10110,4012,69150,[STARTED],false,true,0,0,69159,
1428383068181,com.android.bluetooth.hid.HidService,com.android.bluetooth,1002,0,41148,[],false,true,1,1,41157,
1428383068181,com.google.android.gms.fitness.service.history.FitHistoryBroker,com.google.process.location,10007,17755,82151514,[],false,true,1,1,35245659,
1428383068181,com.android.exchange.service.EasService,com.google.android.gm.exchange,10157,2752,54256,[STARTED],false,true,1,1,33930535,
1428383068181,com.google.android.music.dial.DialMediaRouteProviderService,com.google.android.music:main,10058,0,21711939,[],false,true,0,0,10495967,
1428383068181,com.google.android.gms.car.CarService,com.google.android.gms:car,10007,16813,82151830,[],false,true,1,1,35246157,
1428383068181,com.google.android.gms.fitness.service.config.FitConfigBroker,com.google.process.location,10007,17755,82151535,[],false,true,1,1,35245680,
1428383068181,com.android.systemui.keyguard.KeyguardService,com.android.systemui,10012,906,42358,[PERSISTENT],false,false,1,1,42367,
1428383068181,com.google.android.gms.droidguard.DroidGuardService,com.google.android.gms.unstable,10007,9162,53738077,[],false,true,1,1,33607138,
1428383068181,ch.unige.css.services.main.CssRegistryService,ch.unige.ping:background,10074,13902,17964876,[STARTED],false,true,0,0,6748905,
1428383068181,com.whatsapp.messaging.MessageService,com.whatsapp,10159,7286,68313,[STARTED],false,true,1,1,33311703,
1428383128232,com.android.bluetooth.hid.HidService,com.android.bluetooth,1002,0,41148,[],false,true,1,1,41157,
1428383128232,com.android.exchange.service.EasService,com.google.android.gm.exchange,10157,2752,54256,[STARTED],false,true,1,1,33930535,
1428383128232,com.google.android.music.dial.DialMediaRouteProviderService,com.google.android.music:main,10058,0,21711939,[],false,true,0,0,10495967,
1428383128232,ch.unige.css.services.PingService,ch.unige.ping,10074,1449,82271561,[STARTED],false,true,0,0,35252222,
1428383128232,com.android.systemui.keyguard.KeyguardService,com.android.systemui,10012,906,42358,[PERSISTENT],false,false,1,1,42367,
1428383128232,com.google.android.gms.droidguard.DroidGuardService,com.google.android.gms.unstable,10007,9162,53738077,[],false,true,1,1,33607138,
1428383128232,ch.unige.css.services.main.CssRegistryService,ch.unige.ping:background,10074,13902,17964876,[STARTED],false,true,0,0,6748905,
1428383128232,com.whatsapp.messaging.MessageService,com.whatsapp,10159,7286,68313,[STARTED],false,true,1,1,33311703,
1428383128232,ccc71.at.services.at_service,ccc71.bmw.pro:services,10110,4012,69150,[STARTED],false,true,0,0,69159,
1428383128232,com.google.android.location.geocode.GeocodeService,com.google.process.location,10007,17755,50924882,[],false,true,1,1,31915807,
1428383188619,com.android.bluetooth.hid.HidService,com.android.bluetooth,1002,0,41148,[],false,true,1,1,41157,
1428383188619,com.android.exchange.service.EasService,com.google.android.gm.exchange,10157,2752,54256,[STARTED],false,true,1,1,33930535,
1428383188619,com.google.android.music.dial.DialMediaRouteProviderService,com.google.android.music:main,10058,0,21711939,[],false,true,0,0,10495967,
1428383188619,ch.unige.css.services.PingService,ch.unige.ping,10074,1449,82331920,[STARTED],false,true,0,0,35261955,
1428383188619,com.android.systemui.keyguard.KeyguardService,com.android.systemui,10012,906,42358,[PERSISTENT],false,false,1,1,42367,
1428383188619,com.google.android.gms.droidguard.DroidGuardService,com.google.android.gms.unstable,10007,9162,53738077,[],false,true,1,1,33607138,
1428383188619,ch.unige.css.services.main.CssRegistryService,ch.unige.ping:background,10074,13902,17964876,[STARTED],false,true,0,0,6748905,
1428383188619,com.whatsapp.messaging.MessageService,com.whatsapp,10159,7286,68313,[STARTED],false,true,1,1,33311703,
1428383188619,ccc71.at.services.at_service,ccc71.bmw.pro:services,10110,4012,69150,[STARTED],false,true,0,0,69159,
1428383188619,com.google.android.location.geocode.GeocodeService,com.google.process.location,10007,17755,50924882,[],false,true,1,1,31915807,
1428383248607,com.android.bluetooth.hid.HidService,com.android.bluetooth,1002,0,41148,[],false,true,1,1,41157,
1428383248607,com.android.exchange.service.EasService,com.google.android.gm.exchange,10157,2752,54256,[STARTED],false,true,1,1,33930535,
1428383248607,com.google.android.music.dial.DialMediaRouteProviderService,com.google.android.music:main,10058,0,21711939,[],false,true,0,0,10495967,
1428383248607,ch.unige.css.services.PingService,ch.unige.ping,10074,1449,82391934,[STARTED],false,true,0,0,35263665,
1428383248607,com.android.systemui.keyguard.KeyguardService,com.android.systemui,10012,906,42358,[PERSISTENT],false,false,1,1,42367,
1428383248607,com.google.android.gms.droidguard.DroidGuardService,com.google.android.gms.unstable,10007,9162,53738077,[],false,true,1,1,33607138,
1428383248607,ch.unige.css.services.main.CssRegistryService,ch.unige.ping:background,10074,13902,17964876,[STARTED],false,true,0,0,6748905,
1428383248607,com.whatsapp.messaging.MessageService,com.whatsapp,10159,7286,68313,[STARTED],false,true,1,1,33311703,
1428383248607,ccc71.at.services.at_service,ccc71.bmw.pro:services,10110,4012,69150,[STARTED],false,true,0,0,69159,
1428383248607,com.google.android.location.geocode.GeocodeService,com.google.process.location,10007,17755,50924882,[],false,true,1,1,31915807,
1428383308593,com.android.bluetooth.hid.HidService,com.android.bluetooth,1002,0,41148,[],false,true,1,1,41157,
1428383308593,com.android.exchange.service.EasService,com.google.android.gm.exchange,10157,2752,54256,[STARTED],false,true,1,1,33930535,
1428383308593,com.google.android.music.dial.DialMediaRouteProviderService,com.google.android.music:main,10058,0,21711939,[],false,true,0,0,10495967,
1428383308593,ch.unige.css.services.PingService,ch.unige.ping,10074,1449,82451948,[STARTED],false,true,0,0,35264856,
1428383308593,com.android.systemui.keyguard.KeyguardService,com.android.systemui,10012,906,42358,[PERSISTENT],false,false,1,1,42367,
1428383308593,com.google.android.gms.droidguard.DroidGuardService,com.google.android.gms.unstable,10007,9162,53738077,[],false,true,1,1,33607138,
1428383308593,ch.unige.css.services.main.CssRegistryService,ch.unige.ping:background,10074,13902,17964876,[STARTED],false,true,0,0,6748905,
1428383308593,com.whatsapp.messaging.MessageService,com.whatsapp,10159,7286,68313,[STARTED],false,true,1,1,33311703,
1428383308593,ccc71.at.services.at_service,ccc71.bmw.pro:services,10110,4012,69150,[STARTED],false,true,0,0,69159,
1428383308593,com.google.android.location.geocode.GeocodeService,com.google.process.location,10007,17755,50924882,[],false,true,1,1,31915807,
1428383368681,com.android.bluetooth.hid.HidService,com.android.bluetooth,1002,0,41148,[],false,true,1,1,41157,
1428383368681,com.android.exchange.service.EasService,com.google.android.gm.exchange,10157,2752,54256,[STARTED],false,true,1,1,33930535,
1428383368681,com.google.android.music.dial.DialMediaRouteProviderService,com.google.android.music:main,10058,0,21711939,[],false,true,0,0,10495967,
1428383368681,ch.unige.css.services.PingService,ch.unige.ping,10074,1449,82511989,[STARTED],false,true,0,0,35266456,
1428383368681,com.android.systemui.keyguard.KeyguardService,com.android.systemui,10012,906,42358,[PERSISTENT],false,false,1,1,42367,
1428383368681,com.google.android.gms.droidguard.DroidGuardService,com.google.android.gms.unstable,10007,9162,53738077,[],false,true,1,1,33607138,
1428383368681,ch.unige.css.services.main.CssRegistryService,ch.unige.ping:background,10074,13902,17964876,[STARTED],false,true,0,0,6748905,
1428383368681,com.whatsapp.messaging.MessageService,com.whatsapp,10159,7286,68313,[STARTED],false,true,1,1,33311703,
1428383368681,ccc71.at.services.at_service,ccc71.bmw.pro:services,10110,4012,69150,[STARTED],false,true,0,0,69159,
1428383368681,com.google.android.location.geocode.GeocodeService,com.google.process.location,10007,17755,50924882,[],false,true,1,1,31915807,
1428383428720,com.android.bluetooth.hid.HidService,com.android.bluetooth,1002,0,41148,[],false,true,1,1,41157,
1428383428720,com.android.exchange.service.EasService,com.google.android.gm.exchange,10157,2752,54256,[STARTED],false,true,1,1,33930535,
1428383428720,com.google.android.music.dial.DialMediaRouteProviderService,com.google.android.music:main,10058,0,21711939,[],false,true,0,0,10495967,
1428383428720,ch.unige.css.services.PingService,ch.unige.ping,10074,1449,82572017,[STARTED],false,true,0,0,35267905,
1428383428720,com.android.systemui.keyguard.KeyguardService,com.android.systemui,10012,906,42358,[PERSISTENT],false,false,1,1,42367,
1428383428720,com.google.android.gms.droidguard.DroidGuardService,com.google.android.gms.unstable,10007,9162,53738077,[],false,true,1,1,33607138,
1428383428720,ch.unige.css.services.main.CssRegistryService,ch.unige.ping:background,10074,13902,17964876,[STARTED],false,true,0,0,6748905,
1428383428720,com.whatsapp.messaging.MessageService,com.whatsapp,10159,7286,68313,[STARTED],false,true,1,1,33311703,
1428383428720,ccc71.at.services.at_service,ccc71.bmw.pro:services,10110,4012,69150,[STARTED],false,true,0,0,69159,
1428383428720,com.google.android.location.geocode.GeocodeService,com.google.process.location,10007,17755,50924882,[],false,true,1,1,31915807,
1428383488781,com.android.bluetooth.hid.HidService,com.android.bluetooth,1002,0,41148,[],false,true,1,1,41157,
1428383488781,com.android.exchange.service.EasService,com.google.android.gm.exchange,10157,2752,54256,[STARTED],false,true,1,1,33930535,
1428383488781,com.google.android.music.dial.DialMediaRouteProviderService,com.google.android.music:main,10058,0,21711939,[],false,true,0,0,10495967,
1428383488781,ch.unige.css.services.PingService,ch.unige.ping,10074,1449,82632082,[STARTED],false,true,0,0,35269647,
1428383488781,com.android.systemui.keyguard.KeyguardService,com.android.systemui,10012,906,42358,[PERSISTENT],false,false,1,1,42367,
1428383488781,com.google.android.gms.droidguard.DroidGuardService,com.google.android.gms.unstable,10007,9162,53738077,[],false,true,1,1,33607138,
1428383488781,ch.unige.css.services.main.CssRegistryService,ch.unige.ping:background,10074,13902,17964876,[STARTED],false,true,0,0,6748905,
1428383488781,com.whatsapp.messaging.MessageService,com.whatsapp,10159,7286,68313,[STARTED],false,true,1,1,33311703,
1428383488781,ccc71.at.services.at_service,ccc71.bmw.pro:services,10110,4012,69150,[STARTED],false,true,0,0,69159,
1428383488781,com.google.android.location.geocode.GeocodeService,com.google.process.location,10007,17755,50924882,[],false,true,1,1,31915807,
1428383548959,com.android.bluetooth.hid.HidService,com.android.bluetooth,1002,0,41148,[],false,true,1,1,41157,
1428383548959,com.android.exchange.service.EasService,com.google.android.gm.exchange,10157,2752,54256,[STARTED],false,true,1,1,33930535,
1428383548959,com.google.android.music.dial.DialMediaRouteProviderService,com.google.android.music:main,10058,0,21711939,[],false,true,0,0,10495967,
1428383548959,ch.unige.css.services.PingService,ch.unige.ping,10074,1449,82692287,[STARTED],false,true,0,0,35271548,
1428383548959,com.android.systemui.keyguard.KeyguardService,com.android.systemui,10012,906,42358,[PERSISTENT],false,false,1,1,42367,
1428383548959,com.google.android.gms.droidguard.DroidGuardService,com.google.android.gms.unstable,10007,9162,53738077,[],false,true,1,1,33607138,
1428383548959,ch.unige.css.services.main.CssRegistryService,ch.unige.ping:background,10074,13902,17964876,[STARTED],false,true,0,0,6748905,
1428383548959,com.whatsapp.messaging.MessageService,com.whatsapp,10159,7286,68313,[STARTED],false,true,1,1,33311703,
1428383548959,ccc71.at.services.at_service,ccc71.bmw.pro:services,10110,4012,69150,[STARTED],false,true,0,0,69159,
1428383548959,com.google.android.location.geocode.GeocodeService,com.google.process.location,10007,17755,50924882,[],false,true,1,1,31915807,
1428383608990,com.android.bluetooth.hid.HidService,com.android.bluetooth,1002,0,41148,[],false,true,1,1,41157,
1428383608990,com.android.exchange.service.EasService,com.google.android.gm.exchange,10157,2752,54256,[STARTED],false,true,1,1,33930535,
1428383608990,com.google.android.music.dial.DialMediaRouteProviderService,com.google.android.music:main,10058,0,21711939,[],false,true,0,0,10495967,
1428383608990,ch.unige.css.services.PingService,ch.unige.ping,10074,1449,82752302,[STARTED],false,true,0,0,35274163,
1428383608990,com.android.systemui.keyguard.KeyguardService,com.android.systemui,10012,906,42358,[PERSISTENT],false,false,1,1,42367,
1428383608990,com.google.android.gms.droidguard.DroidGuardService,com.google.android.gms.unstable,10007,9162,53738077,[],false,true,1,1,33607138,
1428383608990,ch.unige.css.services.main.CssRegistryService,ch.unige.ping:background,10074,13902,17964876,[STARTED],false,true,0,0,6748905,
1428383608990,com.whatsapp.messaging.MessageService,com.whatsapp,10159,7286,68313,[STARTED],false,true,1,1,33311703,
1428383608990,ccc71.at.services.at_service,ccc71.bmw.pro:services,10110,4012,69150,[STARTED],false,true,0,0,69159,
1428383608990,com.google.android.location.geocode.GeocodeService,com.google.process.location,10007,17755,50924882,[],false,true,1,1,31915807,
1428383669031,com.android.bluetooth.hid.HidService,com.android.bluetooth,1002,0,41148,[],false,true,1,1,41157,
1428383669031,com.android.exchange.service.EasService,com.google.android.gm.exchange,10157,2752,54256,[STARTED],false,true,1,1,33930535,
1428383669031,com.google.android.music.dial.DialMediaRouteProviderService,com.google.android.music:main,10058,0,21711939,[],false,true,0,0,10495967,
1428383669031,ch.unige.css.services.PingService,ch.unige.ping,10074,1449,82812346,[STARTED],false,true,0,0,35276641,
1428383669031,com.android.systemui.keyguard.KeyguardService,com.android.systemui,10012,906,42358,[PERSISTENT],false,false,1,1,42367,
1428383669031,com.google.android.gms.droidguard.DroidGuardService,com.google.android.gms.unstable,10007,9162,53738077,[],false,true,1,1,33607138,
1428383669031,ch.unige.css.services.main.CssRegistryService,ch.unige.ping:background,10074,13902,17964876,[STARTED],false,true,0,0,6748905,
1428383669031,com.whatsapp.messaging.MessageService,com.whatsapp,10159,7286,68313,[STARTED],false,true,1,1,33311703,
1428383669031,ccc71.at.services.at_service,ccc71.bmw.pro:services,10110,4012,69150,[STARTED],false,true,0,0,69159,
1428383669031,com.google.android.location.geocode.GeocodeService,com.google.process.location,10007,17755,50924882,[],false,true,1,1,31915807,
1428383729140,com.android.bluetooth.hid.HidService,com.android.bluetooth,1002,0,41148,[],false,true,1,1,41157,
1428383729140,com.android.exchange.service.EasService,com.google.android.gm.exchange,10157,2752,54256,[STARTED],false,true,1,1,33930535,
1428383729140,com.google.android.music.dial.DialMediaRouteProviderService,com.google.android.music:main,10058,0,21711939,[],false,true,0,0,10495967,
1428383729140,ch.unige.css.services.PingService,ch.unige.ping,10074,1449,82872455,[STARTED],false,true,0,0,35281080,
1428383729140,com.android.systemui.keyguard.KeyguardService,com.android.systemui,10012,906,42358,[PERSISTENT],false,false,1,1,42367,
1428383729140,com.google.android.gms.droidguard.DroidGuardService,com.google.android.gms.unstable,10007,9162,53738077,[],false,true,1,1,33607138,
1428383729140,ch.unige.css.services.main.CssRegistryService,ch.unige.ping:background,10074,13902,17964876,[STARTED],false,true,0,0,6748905,
1428383729140,com.whatsapp.messaging.MessageService,com.whatsapp,10159,7286,68313,[STARTED],false,true,1,1,33311703,
1428383729140,ccc71.at.services.at_service,ccc71.bmw.pro:services,10110,4012,69150,[STARTED],false,true,0,0,69159,
1428383729140,com.google.android.location.geocode.GeocodeService,com.google.process.location,10007,17755,50924882,[],false,true,1,1,31915807,
1428383789604,com.android.bluetooth.hid.HidService,com.android.bluetooth,1002,0,41148,[],false,true,1,1,41157,
1428383789604,com.android.exchange.service.EasService,com.google.android.gm.exchange,10157,2752,54256,[STARTED],false,true,1,1,33930535,
1428383789604,com.google.android.music.dial.DialMediaRouteProviderService,com.google.android.music:main,10058,0,21711939,[],false,true,0,0,10495967,
1428383789604,ch.unige.css.services.PingService,ch.unige.ping,10074,1449,82932926,[STARTED],false,true,0,0,35291037,
1428383789604,com.android.systemui.keyguard.KeyguardService,com.android.systemui,10012,906,42358,[PERSISTENT],false,false,1,1,42367,
1428383789604,com.google.android.gms.droidguard.DroidGuardService,com.google.android.gms.unstable,10007,9162,53738077,[],false,true,1,1,33607138,
1428383789604,ch.unige.css.services.main.CssRegistryService,ch.unige.ping:background,10074,13902,17964876,[STARTED],false,true,0,0,6748905,
1428383789604,com.whatsapp.messaging.MessageService,com.whatsapp,10159,7286,68313,[STARTED],false,true,1,1,33311703,
1428383789604,ccc71.at.services.at_service,ccc71.bmw.pro:services,10110,4012,69150,[STARTED],false,true,0,0,69159,
1428383789604,com.google.android.location.geocode.GeocodeService,com.google.process.location,10007,17755,50924882,[],false,true,1,1,31915807,
1428383849596,com.android.bluetooth.hid.HidService,com.android.bluetooth,1002,0,41148,[],false,true,1,1,41157,
1428383849596,com.android.exchange.service.EasService,com.google.android.gm.exchange,10157,2752,54256,[STARTED],false,true,1,1,33930535,
1428383849596,com.google.android.music.dial.DialMediaRouteProviderService,com.google.android.music:main,10058,0,21711939,[],false,true,0,0,10495967,
1428383849596,ch.unige.css.services.PingService,ch.unige.ping,10074,1449,82992935,[STARTED],false,true,0,0,35292605,
1428383849596,com.android.systemui.keyguard.KeyguardService,com.android.systemui,10012,906,42358,[PERSISTENT],false,false,1,1,42367,
1428383849596,com.google.android.gms.droidguard.DroidGuardService,com.google.android.gms.unstable,10007,9162,53738077,[],false,true,1,1,33607138,
1428383849596,ch.unige.css.services.main.CssRegistryService,ch.unige.ping:background,10074,13902,17964876,[STARTED],false,true,0,0,6748905,
1428383849596,com.whatsapp.messaging.MessageService,com.whatsapp,10159,7286,68313,[STARTED],false,true,1,1,33311703,
1428383849596,ccc71.at.services.at_service,ccc71.bmw.pro:services,10110,4012,69150,[STARTED],false,true,0,0,69159,
1428383849596,com.google.android.location.geocode.GeocodeService,com.google.process.location,10007,17755,50924882,[],false,true,1,1,31915807,
1428383943675,com.android.bluetooth.hid.HidService,com.android.bluetooth,1002,0,41148,[],false,true,1,1,41157,
1428383943675,com.android.exchange.service.EasService,com.google.android.gm.exchange,10157,2752,54256,[STARTED],false,true,1,1,33930535,
1428383943675,com.google.android.music.dial.DialMediaRouteProviderService,com.google.android.music:main,10058,0,21711939,[],false,true,0,0,10495967,
1428383943675,ch.unige.css.services.PingService,ch.unige.ping,10074,1449,83086986,[STARTED],false,true,0,0,35293681,
1428383943675,com.android.systemui.keyguard.KeyguardService,com.android.systemui,10012,906,42358,[PERSISTENT],false,false,1,1,42367,
1428383943675,com.google.android.finsky.services.DailyHygiene,com.android.vending,10014,16721,83086914,[STARTED],false,true,0,0,35293609,
1428383943675,com.google.android.gms.droidguard.DroidGuardService,com.google.android.gms.unstable,10007,9162,53738077,[],false,true,1,1,33607138,
1428383943675,ch.unige.css.services.main.CssRegistryService,ch.unige.ping:background,10074,13902,17964876,[STARTED],false,true,0,0,6748905,
1428383943675,com.whatsapp.messaging.MessageService,com.whatsapp,10159,7286,68313,[STARTED],false,true,1,1,33311703,
1428383943675,ccc71.at.services.at_service,ccc71.bmw.pro:services,10110,4012,69150,[STARTED],false,true,0,0,69159,
1428384003678,com.android.bluetooth.hid.HidService,com.android.bluetooth,1002,0,41148,[],false,true,1,1,41157,
1428384003678,com.google.android.gms.fitness.service.history.FitHistoryBroker,com.google.process.location,10007,17755,83087128,[],false,true,1,1,35293822,
1428384003678,com.android.exchange.service.EasService,com.google.android.gm.exchange,10157,2752,54256,[STARTED],false,true,1,1,33930535,
1428384003678,com.google.android.music.dial.DialMediaRouteProviderService,com.google.android.music:main,10058,0,21711939,[],false,true,0,0,10495967,
1428384003678,ch.unige.css.services.PingService,ch.unige.ping,10074,1449,83147023,[STARTED],false,true,0,0,35295533,
1428384003678,com.google.android.gms.fitness.service.config.FitConfigBroker,com.google.process.location,10007,17755,83087200,[],false,true,1,1,35293895,
1428384003678,com.android.systemui.keyguard.KeyguardService,com.android.systemui,10012,906,42358,[PERSISTENT],false,false,1,1,42367,
1428384003678,com.google.android.gms.droidguard.DroidGuardService,com.google.android.gms.unstable,10007,9162,53738077,[],false,true,1,1,33607138,
1428384003678,ch.unige.css.services.main.CssRegistryService,ch.unige.ping:background,10074,13902,17964876,[STARTED],false,true,0,0,6748905,
1428384003678,com.whatsapp.messaging.MessageService,com.whatsapp,10159,7286,68313,[STARTED],false,true,1,1,33311703,
1428384063697,com.android.bluetooth.hid.HidService,com.android.bluetooth,1002,0,41148,[],false,true,1,1,41157,
1428384063697,com.android.exchange.service.EasService,com.google.android.gm.exchange,10157,2752,54256,[STARTED],false,true,1,1,35321444,
1428384063697,com.google.android.music.dial.DialMediaRouteProviderService,com.google.android.music:main,10058,0,21711939,[],false,true,0,0,10495967,
1428384063697,ch.unige.css.services.PingService,ch.unige.ping,10074,1449,83207037,[STARTED],false,true,0,0,35350442,
1428384063697,com.android.systemui.keyguard.KeyguardService,com.android.systemui,10012,906,42358,[PERSISTENT],false,false,1,1,42367,
1428384063697,com.google.android.gms.droidguard.DroidGuardService,com.google.android.gms.unstable,10007,9162,53738077,[],false,true,1,1,35307209,
1428384063697,ch.unige.css.services.main.CssRegistryService,ch.unige.ping:background,10074,13902,17964876,[STARTED],false,true,0,0,6748905,
1428384063697,com.whatsapp.messaging.MessageService,com.whatsapp,10159,7286,68313,[STARTED],false,true,1,1,35321549,
1428384063697,ccc71.at.services.at_service,ccc71.bmw.pro:services,10110,4012,69150,[STARTED],false,true,0,0,69159,
1428384063697,com.google.android.location.geocode.GeocodeService,com.google.process.location,10007,17755,83170659,[],false,true,1,1,35314064,
1428384123745,com.android.bluetooth.hid.HidService,com.android.bluetooth,1002,0,41148,[],false,true,1,1,41157,
1428384123745,com.android.exchange.service.EasService,com.google.android.gm.exchange,10157,2752,54256,[STARTED],false,true,1,1,35321444,
1428384123745,com.google.android.music.dial.DialMediaRouteProviderService,com.google.android.music:main,10058,0,21711939,[],false,true,0,0,10495967,
1428384123745,ch.unige.css.services.PingService,ch.unige.ping,10074,1449,83267098,[STARTED],false,true,0,0,35410502,
1428384123745,com.android.systemui.keyguard.KeyguardService,com.android.systemui,10012,906,42358,[PERSISTENT],false,false,1,1,42367,
1428384123745,com.google.android.gms.droidguard.DroidGuardService,com.google.android.gms.unstable,10007,9162,53738077,[],false,true,1,1,35307209,
1428384123745,ch.unige.css.services.main.CssRegistryService,ch.unige.ping:background,10074,13902,17964876,[STARTED],false,true,0,0,6748905,
1428384123745,com.whatsapp.messaging.MessageService,com.whatsapp,10159,7286,68313,[STARTED],false,true,1,1,35321549,
1428384123745,ccc71.at.services.at_service,ccc71.bmw.pro:services,10110,4012,69150,[STARTED],false,true,0,0,69159,
1428384123745,com.google.android.location.geocode.GeocodeService,com.google.process.location,10007,17755,83170659,[],false,true,1,1,35314064,
1428384183814,com.android.bluetooth.hid.HidService,com.android.bluetooth,1002,0,41148,[],false,true,1,1,41157,
1428384183814,com.android.exchange.service.EasService,com.google.android.gm.exchange,10157,2752,54256,[STARTED],false,true,1,1,35321444,
1428384183814,com.google.android.music.dial.DialMediaRouteProviderService,com.google.android.music:main,10058,0,21711939,[],false,true,0,0,10495967,
1428384183814,ch.unige.css.services.PingService,ch.unige.ping,10074,1449,83327164,[STARTED],false,true,0,0,35470569,
1428384183814,com.android.systemui.keyguard.KeyguardService,com.android.systemui,10012,906,42358,[PERSISTENT],false,false,1,1,42367,
1428384183814,com.google.android.gms.droidguard.DroidGuardService,com.google.android.gms.unstable,10007,9162,53738077,[],false,true,1,1,35307209,
1428384183814,ch.unige.css.services.main.CssRegistryService,ch.unige.ping:background,10074,13902,17964876,[STARTED],false,true,0,0,6748905,
1428384183814,com.whatsapp.messaging.MessageService,com.whatsapp,10159,7286,68313,[STARTED],false,true,1,1,35321549,
1428384183814,ccc71.at.services.at_service,ccc71.bmw.pro:services,10110,4012,69150,[STARTED],false,true,0,0,69159,
1428384183814,com.google.android.location.geocode.GeocodeService,com.google.process.location,10007,17755,83170659,[],false,true,1,1,35314064,
1428384244056,com.android.bluetooth.hid.HidService,com.android.bluetooth,1002,0,41148,[],false,true,1,1,41157,
1428384244056,com.android.exchange.service.EasService,com.google.android.gm.exchange,10157,2752,54256,[STARTED],false,true,1,1,35321444,
1428384244056,com.google.android.music.dial.DialMediaRouteProviderService,com.google.android.music:main,10058,0,21711939,[],false,true,0,0,10495967,
1428384244056,ch.unige.css.services.PingService,ch.unige.ping,10074,1449,83387402,[STARTED],false,true,0,0,35501868,
1428384244056,com.android.systemui.keyguard.KeyguardService,com.android.systemui,10012,906,42358,[PERSISTENT],false,false,1,1,42367,
1428384244056,com.google.android.gms.droidguard.DroidGuardService,com.google.android.gms.unstable,10007,9162,53738077,[],false,true,1,1,35307209,
1428384244056,ch.unige.css.services.main.CssRegistryService,ch.unige.ping:background,10074,13902,17964876,[STARTED],false,true,0,0,6748905,
1428384244056,com.whatsapp.messaging.MessageService,com.whatsapp,10159,7286,68313,[STARTED],false,true,1,1,35321549,
1428384244056,ccc71.at.services.at_service,ccc71.bmw.pro:services,10110,4012,69150,[STARTED],false,true,0,0,69159,
1428384244056,com.google.android.location.geocode.GeocodeService,com.google.process.location,10007,17755,83170659,[],false,true,1,1,35314064,
1428384304155,com.android.bluetooth.hid.HidService,com.android.bluetooth,1002,0,41148,[],false,true,1,1,41157,
1428384304155,com.android.exchange.service.EasService,com.google.android.gm.exchange,10157,2752,54256,[STARTED],false,true,1,1,35321444,
1428384304155,com.google.android.music.dial.DialMediaRouteProviderService,com.google.android.music:main,10058,0,21711939,[],false,true,0,0,10495967,
1428384304155,ch.unige.css.services.PingService,ch.unige.ping,10074,1449,83447504,[STARTED],false,true,0,0,35530339,
1428384304155,com.android.systemui.keyguard.KeyguardService,com.android.systemui,10012,906,42358,[PERSISTENT],false,false,1,1,42367,
1428384304155,com.google.android.gms.droidguard.DroidGuardService,com.google.android.gms.unstable,10007,9162,53738077,[],false,true,1,1,35307209,
1428384304155,ch.unige.css.services.main.CssRegistryService,ch.unige.ping:background,10074,13902,17964876,[STARTED],false,true,0,0,6748905,
1428384304155,com.whatsapp.messaging.MessageService,com.whatsapp,10159,7286,68313,[STARTED],false,true,1,1,35321549,
1428384304155,ccc71.at.services.at_service,ccc71.bmw.pro:services,10110,4012,69150,[STARTED],false,true,0,0,69159,
1428384304155,com.google.android.location.geocode.GeocodeService,com.google.process.location,10007,17755,83170659,[],false,true,1,1,35314064,
1428384364585,com.android.bluetooth.hid.HidService,com.android.bluetooth,1002,0,41148,[],false,true,1,1,41157,
1428384364585,com.android.exchange.service.EasService,com.google.android.gm.exchange,10157,2752,54256,[STARTED],false,true,1,1,35321444,
1428384364585,com.google.android.music.dial.DialMediaRouteProviderService,com.google.android.music:main,10058,0,21711939,[],false,true,0,0,10495967,
1428384364585,ch.unige.css.services.PingService,ch.unige.ping,10074,1449,83507926,[STARTED],false,true,0,0,35559971,
1428384364585,com.android.systemui.keyguard.KeyguardService,com.android.systemui,10012,906,42358,[PERSISTENT],false,false,1,1,42367,
1428384364585,com.google.android.gms.droidguard.DroidGuardService,com.google.android.gms.unstable,10007,9162,53738077,[],false,true,1,1,35307209,
1428384364585,ch.unige.css.services.main.CssRegistryService,ch.unige.ping:background,10074,13902,17964876,[STARTED],false,true,0,0,6748905,
1428384364585,com.whatsapp.messaging.MessageService,com.whatsapp,10159,7286,68313,[STARTED],false,true,1,1,35321549,
1428384364585,ccc71.at.services.at_service,ccc71.bmw.pro:services,10110,4012,69150,[STARTED],false,true,0,0,69159,
1428384364585,com.google.android.location.geocode.GeocodeService,com.google.process.location,10007,17755,83170659,[],false,true,1,1,35314064,
1428384450641,com.android.bluetooth.hid.HidService,com.android.bluetooth,1002,0,41148,[],false,true,1,1,41157,
1428384450641,com.android.exchange.service.EasService,com.google.android.gm.exchange,10157,2752,54256,[STARTED],false,true,1,1,35321444,
1428384450641,com.google.android.music.dial.DialMediaRouteProviderService,com.google.android.music:main,10058,0,21711939,[],false,true,0,0,10495967,
1428384450641,ch.unige.css.services.PingService,ch.unige.ping,10074,1449,83593936,[STARTED],false,true,0,0,35587290,
1428384450641,com.android.systemui.keyguard.KeyguardService,com.android.systemui,10012,906,42358,[PERSISTENT],false,false,1,1,42367,
1428384450641,com.google.android.gms.droidguard.DroidGuardService,com.google.android.gms.unstable,10007,9162,53738077,[],false,true,1,1,35307209,
1428384450641,ch.unige.css.services.main.CssRegistryService,ch.unige.ping:background,10074,13902,17964876,[STARTED],false,true,0,0,6748905,
1428384450641,com.whatsapp.messaging.MessageService,com.whatsapp,10159,7286,68313,[STARTED],false,true,1,1,35321549,
1428384450641,ccc71.at.services.at_service,ccc71.bmw.pro:services,10110,4012,69150,[STARTED],false,true,0,0,69159,
1428384450641,com.google.android.location.geocode.GeocodeService,com.google.process.location,10007,17755,83170659,[],false,true,1,1,35314064,
1428384519561,com.android.bluetooth.hid.HidService,com.android.bluetooth,1002,0,41148,[],false,true,1,1,41157,
1428384519561,com.android.exchange.service.EasService,com.google.android.gm.exchange,10157,2752,54256,[STARTED],false,true,1,1,35321444,
1428384519561,com.google.android.music.dial.DialMediaRouteProviderService,com.google.android.music:main,10058,0,21711939,[],false,true,0,0,10495967,
1428384519561,ch.unige.css.services.PingService,ch.unige.ping,10074,1449,83662919,[STARTED],false,true,0,0,35610747,
1428384519561,com.android.systemui.keyguard.KeyguardService,com.android.systemui,10012,906,42358,[PERSISTENT],false,false,1,1,42367,
1428384519561,com.google.android.gms.droidguard.DroidGuardService,com.google.android.gms.unstable,10007,9162,53738077,[],false,true,1,1,35307209,
1428384519561,ch.unige.css.services.main.CssRegistryService,ch.unige.ping:background,10074,13902,17964876,[STARTED],false,true,0,0,6748905,
1428384519561,com.whatsapp.messaging.MessageService,com.whatsapp,10159,7286,68313,[STARTED],false,true,1,1,35321549,
1428384519561,ccc71.at.services.at_service,ccc71.bmw.pro:services,10110,4012,69150,[STARTED],false,true,0,0,69159,
1428384519561,com.google.android.location.geocode.GeocodeService,com.google.process.location,10007,17755,83170659,[],false,true,1,1,35314064,
1428384579571,com.android.bluetooth.hid.HidService,com.android.bluetooth,1002,0,41148,[],false,true,1,1,41157,
1428384579571,com.android.exchange.service.EasService,com.google.android.gm.exchange,10157,2752,54256,[STARTED],false,true,1,1,35321444,
1428384579571,com.google.android.music.dial.DialMediaRouteProviderService,com.google.android.music:main,10058,0,21711939,[],false,true,0,0,10495967,
1428384579571,ch.unige.css.services.PingService,ch.unige.ping,10074,1449,83722928,[STARTED],false,true,0,0,35636112,
1428384579571,com.android.systemui.keyguard.KeyguardService,com.android.systemui,10012,906,42358,[PERSISTENT],false,false,1,1,42367,
1428384579571,com.google.android.gms.droidguard.DroidGuardService,com.google.android.gms.unstable,10007,9162,53738077,[],false,true,1,1,35307209,
1428384579571,ch.unige.css.services.main.CssRegistryService,ch.unige.ping:background,10074,13902,17964876,[STARTED],false,true,0,0,6748905,
1428384579571,com.whatsapp.messaging.MessageService,com.whatsapp,10159,7286,68313,[STARTED],false,true,1,1,35321549,
1428384579571,ccc71.at.services.at_service,ccc71.bmw.pro:services,10110,4012,69150,[STARTED],false,true,0,0,69159,
1428384579571,com.google.android.location.geocode.GeocodeService,com.google.process.location,10007,17755,83170659,[],false,true,1,1,35314064,
1428384640566,com.android.bluetooth.hid.HidService,com.android.bluetooth,1002,0,41148,[],false,true,1,1,41157,
1428384640566,com.android.exchange.service.EasService,com.google.android.gm.exchange,10157,2752,54256,[STARTED],false,true,1,1,35321444,
1428384640566,com.google.android.music.dial.DialMediaRouteProviderService,com.google.android.music:main,10058,0,21711939,[],false,true,0,0,10495967,
1428384640566,ch.unige.css.services.PingService,ch.unige.ping,10074,1449,83783920,[STARTED],false,true,0,0,35668629,
1428384640566,com.android.systemui.keyguard.KeyguardService,com.android.systemui,10012,906,42358,[PERSISTENT],false,false,1,1,42367,
1428384640566,com.google.android.gms.droidguard.DroidGuardService,com.google.android.gms.unstable,10007,9162,53738077,[],false,true,1,1,35307209,
1428384640566,ch.unige.css.services.main.CssRegistryService,ch.unige.ping:background,10074,13902,17964876,[STARTED],false,true,0,0,6748905,
1428384640566,com.whatsapp.messaging.MessageService,com.whatsapp,10159,7286,68313,[STARTED],false,true,1,1,35321549,
1428384640566,ccc71.at.services.at_service,ccc71.bmw.pro:services,10110,4012,69150,[STARTED],false,true,0,0,69159,
1428384640566,com.google.android.location.geocode.GeocodeService,com.google.process.location,10007,17755,83170659,[],false,true,1,1,35314064,
1428384701603,com.android.bluetooth.hid.HidService,com.android.bluetooth,1002,0,41148,[],false,true,1,1,41157,
1428384701603,com.android.exchange.service.EasService,com.google.android.gm.exchange,10157,2752,54256,[STARTED],false,true,1,1,35321444,
1428384701603,com.google.android.music.dial.DialMediaRouteProviderService,com.google.android.music:main,10058,0,21711939,[],false,true,0,0,10495967,
1428384701603,ch.unige.css.services.PingService,ch.unige.ping,10074,1449,83844936,[STARTED],false,true,0,0,35694761,
1428384701603,com.android.systemui.keyguard.KeyguardService,com.android.systemui,10012,906,42358,[PERSISTENT],false,false,1,1,42367,
1428384701603,com.google.android.gms.droidguard.DroidGuardService,com.google.android.gms.unstable,10007,9162,53738077,[],false,true,1,1,35307209,
1428384701603,ch.unige.css.services.main.CssRegistryService,ch.unige.ping:background,10074,13902,17964876,[STARTED],false,true,0,0,6748905,
1428384701603,com.whatsapp.messaging.MessageService,com.whatsapp,10159,7286,68313,[STARTED],false,true,1,1,35321549,
1428384701603,ccc71.at.services.at_service,ccc71.bmw.pro:services,10110,4012,69150,[STARTED],false,true,0,0,69159,
1428384701603,com.google.android.location.geocode.GeocodeService,com.google.process.location,10007,17755,83170659,[],false,true,1,1,35314064,
1428384762589,com.android.bluetooth.hid.HidService,com.android.bluetooth,1002,0,41148,[],false,true,1,1,41157,
1428384762589,com.android.exchange.service.EasService,com.google.android.gm.exchange,10157,2752,54256,[STARTED],false,true,1,1,35321444,
1428384762589,com.google.android.music.dial.DialMediaRouteProviderService,com.google.android.music:main,10058,0,21711939,[],false,true,0,0,10495967,
1428384762589,ch.unige.css.services.PingService,ch.unige.ping,10074,1449,83905921,[STARTED],false,true,0,0,35719226,
1428384762589,com.android.systemui.keyguard.KeyguardService,com.android.systemui,10012,906,42358,[PERSISTENT],false,false,1,1,42367,
1428384762589,com.google.android.gms.droidguard.DroidGuardService,com.google.android.gms.unstable,10007,9162,53738077,[],false,true,1,1,35307209,
1428384762589,ch.unige.css.services.main.CssRegistryService,ch.unige.ping:background,10074,13902,17964876,[STARTED],false,true,0,0,6748905,
1428384762589,com.whatsapp.messaging.MessageService,com.whatsapp,10159,7286,68313,[STARTED],false,true,1,1,35321549,
1428384762589,ccc71.at.services.at_service,ccc71.bmw.pro:services,10110,4012,69150,[STARTED],false,true,0,0,69159,
1428384762589,com.google.android.location.geocode.GeocodeService,com.google.process.location,10007,17755,83170659,[],false,true,1,1,35314064,
1428384823577,com.android.bluetooth.hid.HidService,com.android.bluetooth,1002,0,41148,[],false,true,1,1,41157,
1428384823577,com.android.exchange.service.EasService,com.google.android.gm.exchange,10157,2752,54256,[STARTED],false,true,1,1,35321444,
1428384823577,com.google.android.music.dial.DialMediaRouteProviderService,com.google.android.music:main,10058,0,21711939,[],false,true,0,0,10495967,
1428384823577,ch.unige.css.services.PingService,ch.unige.ping,10074,1449,83966928,[STARTED],false,true,0,0,35744509,
1428384823577,com.android.systemui.keyguard.KeyguardService,com.android.systemui,10012,906,42358,[PERSISTENT],false,false,1,1,42367,
1428384823577,com.google.android.gms.droidguard.DroidGuardService,com.google.android.gms.unstable,10007,9162,53738077,[],false,true,1,1,35307209,
1428384823577,ch.unige.css.services.main.CssRegistryService,ch.unige.ping:background,10074,13902,17964876,[STARTED],false,true,0,0,6748905,
1428384823577,com.whatsapp.messaging.MessageService,com.whatsapp,10159,7286,68313,[STARTED],false,true,1,1,35321549,
1428384823577,ccc71.at.services.at_service,ccc71.bmw.pro:services,10110,4012,69150,[STARTED],false,true,0,0,69159,
1428384823577,com.google.android.location.geocode.GeocodeService,com.google.process.location,10007,17755,83170659,[],false,true,1,1,35314064,
1428384883637,com.android.bluetooth.hid.HidService,com.android.bluetooth,1002,0,41148,[],false,true,1,1,41157,
1428384883637,com.android.exchange.service.EasService,com.google.android.gm.exchange,10157,2752,54256,[STARTED],false,true,1,1,35321444,
1428384883637,com.google.android.music.dial.DialMediaRouteProviderService,com.google.android.music:main,10058,0,21711939,[],false,true,0,0,10495967,
1428384883637,ch.unige.css.services.PingService,ch.unige.ping,10074,1449,84026983,[STARTED],false,true,0,0,35768019,
1428384883637,com.android.systemui.keyguard.KeyguardService,com.android.systemui,10012,906,42358,[PERSISTENT],false,false,1,1,42367,
1428384883637,com.google.android.gms.droidguard.DroidGuardService,com.google.android.gms.unstable,10007,9162,53738077,[],false,true,1,1,35307209,
1428384883637,ch.unige.css.services.main.CssRegistryService,ch.unige.ping:background,10074,13902,17964876,[STARTED],false,true,0,0,6748905,
1428384883637,com.whatsapp.messaging.MessageService,com.whatsapp,10159,7286,68313,[STARTED],false,true,1,1,35321549,
1428384883637,ccc71.at.services.at_service,ccc71.bmw.pro:services,10110,4012,69150,[STARTED],false,true,0,0,69159,
1428384883637,com.google.android.location.geocode.GeocodeService,com.google.process.location,10007,17755,83170659,[],false,true,1,1,35314064,
1428384954601,com.android.bluetooth.hid.HidService,com.android.bluetooth,1002,0,41148,[],false,true,1,1,41157,
1428384954601,com.android.exchange.service.EasService,com.google.android.gm.exchange,10157,2752,54256,[STARTED],false,true,1,1,35321444,
1428384954601,com.google.android.music.dial.DialMediaRouteProviderService,com.google.android.music:main,10058,0,21711939,[],false,true,0,0,10495967,
1428384954601,ch.unige.css.services.PingService,ch.unige.ping,10074,1449,84097923,[STARTED],false,true,0,0,35792458,
1428384954601,com.android.systemui.keyguard.KeyguardService,com.android.systemui,10012,906,42358,[PERSISTENT],false,false,1,1,42367,
1428384954601,com.google.android.gms.droidguard.DroidGuardService,com.google.android.gms.unstable,10007,9162,53738077,[],false,true,1,1,35307209,
1428384954601,ch.unige.css.services.main.CssRegistryService,ch.unige.ping:background,10074,13902,17964876,[STARTED],false,true,0,0,6748905,
1428384954601,com.whatsapp.messaging.MessageService,com.whatsapp,10159,7286,68313,[STARTED],false,true,1,1,35321549,
1428384954601,ccc71.at.services.at_service,ccc71.bmw.pro:services,10110,4012,69150,[STARTED],false,true,0,0,69159,
1428384954601,com.google.android.location.geocode.GeocodeService,com.google.process.location,10007,17755,83170659,[],false,true,1,1,35314064,
1428385015572,com.android.bluetooth.hid.HidService,com.android.bluetooth,1002,0,41148,[],false,true,1,1,41157,
1428385015572,com.android.exchange.service.EasService,com.google.android.gm.exchange,10157,2752,54256,[STARTED],false,true,1,1,35321444,
1428385015572,com.google.android.music.dial.DialMediaRouteProviderService,com.google.android.music:main,10058,0,21711939,[],false,true,0,0,10495967,
1428385015572,ch.unige.css.services.PingService,ch.unige.ping,10074,1449,84158923,[STARTED],false,true,0,0,35814898,
1428385015572,com.android.systemui.keyguard.KeyguardService,com.android.systemui,10012,906,42358,[PERSISTENT],false,false,1,1,42367,
1428385015572,com.google.android.gms.droidguard.DroidGuardService,com.google.android.gms.unstable,10007,9162,53738077,[],false,true,1,1,35307209,
1428385015572,ch.unige.css.services.main.CssRegistryService,ch.unige.ping:background,10074,13902,17964876,[STARTED],false,true,0,0,6748905,
1428385015572,com.whatsapp.messaging.MessageService,com.whatsapp,10159,7286,68313,[STARTED],false,true,1,1,35321549,
1428385015572,ccc71.at.services.at_service,ccc71.bmw.pro:services,10110,4012,69150,[STARTED],false,true,0,0,69159,
1428385015572,com.google.android.location.geocode.GeocodeService,com.google.process.location,10007,17755,83170659,[],false,true,1,1,35314064,
1428385075597,com.android.bluetooth.hid.HidService,com.android.bluetooth,1002,0,41148,[],false,true,1,1,41157,
1428385075597,com.android.exchange.service.EasService,com.google.android.gm.exchange,10157,2752,54256,[STARTED],false,true,1,1,35321444,
1428385075597,com.google.android.music.dial.DialMediaRouteProviderService,com.google.android.music:main,10058,0,21711939,[],false,true,0,0,10495967,
1428385075597,ch.unige.css.services.PingService,ch.unige.ping,10074,1449,84218934,[STARTED],false,true,0,0,35836579,
1428385075597,com.android.systemui.keyguard.KeyguardService,com.android.systemui,10012,906,42358,[PERSISTENT],false,false,1,1,42367,
1428385075597,com.google.android.gms.droidguard.DroidGuardService,com.google.android.gms.unstable,10007,9162,53738077,[],false,true,1,1,35307209,
1428385075597,ch.unige.css.services.main.CssRegistryService,ch.unige.ping:background,10074,13902,17964876,[STARTED],false,true,0,0,6748905,
1428385075597,com.whatsapp.messaging.MessageService,com.whatsapp,10159,7286,68313,[STARTED],false,true,1,1,35321549,
1428385075597,ccc71.at.services.at_service,ccc71.bmw.pro:services,10110,4012,69150,[STARTED],false,true,0,0,69159,
1428385075597,com.google.android.location.geocode.GeocodeService,com.google.process.location,10007,17755,83170659,[],false,true,1,1,35314064,
1428385135623,com.android.bluetooth.hid.HidService,com.android.bluetooth,1002,0,41148,[],false,true,1,1,41157,
1428385135623,com.android.exchange.service.EasService,com.google.android.gm.exchange,10157,2752,54256,[STARTED],false,true,1,1,35321444,
1428385135623,com.google.android.music.dial.DialMediaRouteProviderService,com.google.android.music:main,10058,0,21711939,[],false,true,0,0,10495967,
1428385135623,ch.unige.css.services.PingService,ch.unige.ping,10074,1449,84278973,[STARTED],false,true,0,0,35859309,
1428385135623,com.android.systemui.keyguard.KeyguardService,com.android.systemui,10012,906,42358,[PERSISTENT],false,false,1,1,42367,
1428385135623,com.google.android.gms.droidguard.DroidGuardService,com.google.android.gms.unstable,10007,9162,53738077,[],false,true,1,1,35307209,
1428385135623,ch.unige.css.services.main.CssRegistryService,ch.unige.ping:background,10074,13902,17964876,[STARTED],false,true,0,0,6748905,
1428385135623,com.whatsapp.messaging.MessageService,com.whatsapp,10159,7286,68313,[STARTED],false,true,1,1,35321549,
1428385135623,ccc71.at.services.at_service,ccc71.bmw.pro:services,10110,4012,69150,[STARTED],false,true,0,0,69159,
1428385135623,com.google.android.location.geocode.GeocodeService,com.google.process.location,10007,17755,83170659,[],false,true,1,1,35314064,
1428385195699,com.android.bluetooth.hid.HidService,com.android.bluetooth,1002,0,41148,[],false,true,1,1,41157,
1428385195699,com.android.exchange.service.EasService,com.google.android.gm.exchange,10157,2752,54256,[STARTED],false,true,1,1,35321444,
1428385195699,com.google.android.music.dial.DialMediaRouteProviderService,com.google.android.music:main,10058,0,21711939,[],false,true,0,0,10495967,
1428385195699,ch.unige.css.services.PingService,ch.unige.ping,10074,1449,84339044,[STARTED],false,true,0,0,35882829,
1428385195699,com.android.systemui.keyguard.KeyguardService,com.android.systemui,10012,906,42358,[PERSISTENT],false,false,1,1,42367,
1428385195699,com.google.android.gms.droidguard.DroidGuardService,com.google.android.gms.unstable,10007,9162,53738077,[],false,true,1,1,35307209,
1428385195699,ch.unige.css.services.main.CssRegistryService,ch.unige.ping:background,10074,13902,17964876,[STARTED],false,true,0,0,6748905,
1428385195699,com.whatsapp.messaging.MessageService,com.whatsapp,10159,7286,68313,[STARTED],false,true,1,1,35321549,
1428385195699,ccc71.at.services.at_service,ccc71.bmw.pro:services,10110,4012,69150,[STARTED],false,true,0,0,69159,
1428385195699,com.google.android.location.geocode.GeocodeService,com.google.process.location,10007,17755,83170659,[],false,true,1,1,35314064,
1428385256599,com.android.bluetooth.hid.HidService,com.android.bluetooth,1002,0,41148,[],false,true,1,1,41157,
1428385256599,com.android.exchange.service.EasService,com.google.android.gm.exchange,10157,2752,54256,[STARTED],false,true,1,1,35321444,
1428385256599,com.google.android.music.dial.DialMediaRouteProviderService,com.google.android.music:main,10058,0,21711939,[],false,true,0,0,10495967,
1428385256599,ch.unige.css.services.PingService,ch.unige.ping,10074,1449,84399931,[STARTED],false,true,0,0,35906316,
1428385256599,com.android.systemui.keyguard.KeyguardService,com.android.systemui,10012,906,42358,[PERSISTENT],false,false,1,1,42367,
1428385256599,com.google.android.gms.droidguard.DroidGuardService,com.google.android.gms.unstable,10007,9162,53738077,[],false,true,1,1,35307209,
1428385256599,ch.unige.css.services.main.CssRegistryService,ch.unige.ping:background,10074,13902,17964876,[STARTED],false,true,0,0,6748905,
1428385256599,com.whatsapp.messaging.MessageService,com.whatsapp,10159,7286,68313,[STARTED],false,true,1,1,35321549,
1428385256599,ccc71.at.services.at_service,ccc71.bmw.pro:services,10110,4012,69150,[STARTED],false,true,0,0,69159,
1428385256599,com.google.android.location.geocode.GeocodeService,com.google.process.location,10007,17755,83170659,[],false,true,1,1,35314064,
1428385317575,com.android.bluetooth.hid.HidService,com.android.bluetooth,1002,0,41148,[],false,true,1,1,41157,
1428385317575,com.android.exchange.service.EasService,com.google.android.gm.exchange,10157,2752,54256,[STARTED],false,true,1,1,35321444,
1428385317575,com.google.android.music.dial.DialMediaRouteProviderService,com.google.android.music:main,10058,0,21711939,[],false,true,0,0,10495967,
1428385317575,ch.unige.css.services.PingService,ch.unige.ping,10074,1449,84460922,[STARTED],false,true,0,0,35929357,
1428385317575,com.android.systemui.keyguard.KeyguardService,com.android.systemui,10012,906,42358,[PERSISTENT],false,false,1,1,42367,
1428385317575,com.google.android.gms.droidguard.DroidGuardService,com.google.android.gms.unstable,10007,9162,53738077,[],false,true,1,1,35307209,
1428385317575,ch.unige.css.services.main.CssRegistryService,ch.unige.ping:background,10074,13902,17964876,[STARTED],false,true,0,0,6748905,
1428385317575,com.whatsapp.messaging.MessageService,com.whatsapp,10159,7286,68313,[STARTED],false,true,1,1,35321549,
1428385317575,ccc71.at.services.at_service,ccc71.bmw.pro:services,10110,4012,69150,[STARTED],false,true,0,0,69159,
1428385317575,com.google.android.location.geocode.GeocodeService,com.google.process.location,10007,17755,83170659,[],false,true,1,1,35314064,
1428385378573,com.android.bluetooth.hid.HidService,com.android.bluetooth,1002,0,41148,[],false,true,1,1,41157,
1428385378573,com.android.exchange.service.EasService,com.google.android.gm.exchange,10157,2752,54256,[STARTED],false,true,1,1,35321444,
1428385378573,com.google.android.music.dial.DialMediaRouteProviderService,com.google.android.music:main,10058,0,21711939,[],false,true,0,0,10495967,
1428385378573,ch.unige.css.services.PingService,ch.unige.ping,10074,1449,84521921,[STARTED],false,true,0,0,35953446,
1428385378573,com.android.systemui.keyguard.KeyguardService,com.android.systemui,10012,906,42358,[PERSISTENT],false,false,1,1,42367,
1428385378573,com.google.android.gms.droidguard.DroidGuardService,com.google.android.gms.unstable,10007,9162,53738077,[],false,true,1,1,35307209,
1428385378573,ch.unige.css.services.main.CssRegistryService,ch.unige.ping:background,10074,13902,17964876,[STARTED],false,true,0,0,6748905,
1428385378573,com.whatsapp.messaging.MessageService,com.whatsapp,10159,7286,68313,[STARTED],false,true,1,1,35321549,
1428385378573,ccc71.at.services.at_service,ccc71.bmw.pro:services,10110,4012,69150,[STARTED],false,true,0,0,69159,
1428385378573,com.google.android.location.geocode.GeocodeService,com.google.process.location,10007,17755,83170659,[],false,true,1,1,35314064,
1428385467925,com.android.bluetooth.hid.HidService,com.android.bluetooth,1002,0,41148,[],false,true,1,1,41157,
1428385467925,com.android.exchange.service.EasService,com.google.android.gm.exchange,10157,2752,54256,[STARTED],false,true,1,1,35321444,
1428385467925,com.google.android.music.dial.DialMediaRouteProviderService,com.google.android.music:main,10058,0,21711939,[],false,true,0,0,10495967,
1428385467925,ch.unige.css.services.PingService,ch.unige.ping,10074,1449,84611254,[STARTED],false,true,0,0,35981450,
1428385467925,com.android.systemui.keyguard.KeyguardService,com.android.systemui,10012,906,42358,[PERSISTENT],false,false,1,1,42367,
1428385467925,com.google.android.gms.droidguard.DroidGuardService,com.google.android.gms.unstable,10007,9162,53738077,[],false,true,1,1,35307209,
1428385467925,ch.unige.css.services.main.CssRegistryService,ch.unige.ping:background,10074,13902,17964876,[STARTED],false,true,0,0,6748905,
1428385467925,com.whatsapp.messaging.MessageService,com.whatsapp,10159,7286,68313,[STARTED],false,true,1,1,35321549,
1428385467925,ccc71.at.services.at_service,ccc71.bmw.pro:services,10110,4012,69150,[STARTED],false,true,0,0,69159,
1428385467925,com.google.android.location.geocode.GeocodeService,com.google.process.location,10007,17755,83170659,[],false,true,1,1,35314064,
1428385557730,com.android.bluetooth.hid.HidService,com.android.bluetooth,1002,0,41148,[],false,true,1,1,41157,
1428385557730,com.android.exchange.service.EasService,com.google.android.gm.exchange,10157,2752,54256,[STARTED],false,true,1,1,35321444,
1428385557730,com.google.android.music.dial.DialMediaRouteProviderService,com.google.android.music:main,10058,0,21711939,[],false,true,0,0,10495967,
1428385557730,ch.unige.css.services.PingService,ch.unige.ping,10074,1449,84700947,[STARTED],false,true,0,0,36009132,
1428385557730,com.android.systemui.keyguard.KeyguardService,com.android.systemui,10012,906,42358,[PERSISTENT],false,false,1,1,42367,
1428385557730,com.google.android.gms.droidguard.DroidGuardService,com.google.android.gms.unstable,10007,9162,53738077,[],false,true,1,1,35307209,
1428385557730,ch.unige.css.services.main.CssRegistryService,ch.unige.ping:background,10074,13902,17964876,[STARTED],false,true,0,0,6748905,
1428385557730,com.whatsapp.messaging.MessageService,com.whatsapp,10159,7286,68313,[STARTED],false,true,1,1,35321549,
1428385557730,ccc71.at.services.at_service,ccc71.bmw.pro:services,10110,4012,69150,[STARTED],false,true,0,0,69159,
1428385557730,com.google.android.location.geocode.GeocodeService,com.google.process.location,10007,17755,83170659,[],false,true,1,1,35314064,
1428385618601,com.android.bluetooth.hid.HidService,com.android.bluetooth,1002,0,41148,[],false,true,1,1,41157,
1428385618601,com.android.exchange.service.EasService,com.google.android.gm.exchange,10157,2752,54256,[STARTED],false,true,1,1,35321444,
1428385618601,com.google.android.music.dial.DialMediaRouteProviderService,com.google.android.music:main,10058,0,21711939,[],false,true,0,0,10495967,
1428385618601,ch.unige.css.services.PingService,ch.unige.ping,10074,1449,84761929,[STARTED],false,true,0,0,36033624,
1428385618601,com.android.systemui.keyguard.KeyguardService,com.android.systemui,10012,906,42358,[PERSISTENT],false,false,1,1,42367,
1428385618601,com.google.android.finsky.services.DailyHygiene,com.android.vending,10014,20036,84761916,[STARTED],false,true,0,0,36033611,
1428385618601,com.google.android.gms.droidguard.DroidGuardService,com.google.android.gms.unstable,10007,9162,53738077,[],false,true,1,1,35307209,
1428385618601,ch.unige.css.services.main.CssRegistryService,ch.unige.ping:background,10074,13902,17964876,[STARTED],false,true,0,0,6748905,
1428385618601,com.whatsapp.messaging.MessageService,com.whatsapp,10159,7286,68313,[STARTED],false,true,1,1,35321549,
1428385618601,ccc71.at.services.at_service,ccc71.bmw.pro:services,10110,4012,69150,[STARTED],false,true,0,0,69159,
1428385678674,com.android.bluetooth.hid.HidService,com.android.bluetooth,1002,0,41148,[],false,true,1,1,41157,
1428385678674,com.android.exchange.service.EasService,com.google.android.gm.exchange,10157,2752,54256,[STARTED],false,true,1,1,35321444,
1428385678674,com.google.android.music.dial.DialMediaRouteProviderService,com.google.android.music:main,10058,0,21711939,[],false,true,0,0,10495967,
1428385678674,ch.unige.css.services.PingService,ch.unige.ping,10074,1449,84822004,[STARTED],false,true,0,0,36093699,
1428385678674,com.android.systemui.keyguard.KeyguardService,com.android.systemui,10012,906,42358,[PERSISTENT],false,false,1,1,42367,
1428385678674,com.google.android.gms.droidguard.DroidGuardService,com.google.android.gms.unstable,10007,9162,53738077,[],false,true,1,1,35307209,
1428385678674,ch.unige.css.services.main.CssRegistryService,ch.unige.ping:background,10074,13902,17964876,[STARTED],false,true,0,0,6748905,
1428385678674,com.google.android.finsky.billing.iab.InAppBillingService,com.android.vending,10014,20036,84782885,[],false,true,1,1,36054580,
1428385678674,com.whatsapp.messaging.MessageService,com.whatsapp,10159,7286,68313,[STARTED],false,true,1,1,35321549,
1428385678674,ccc71.at.services.at_service,ccc71.bmw.pro:services,10110,4012,69150,[STARTED],false,true,0,0,69159,
1428385758594,com.android.bluetooth.hid.HidService,com.android.bluetooth,1002,0,41148,[],false,true,1,1,41157,
1428385758594,com.android.exchange.service.EasService,com.google.android.gm.exchange,10157,2752,54256,[STARTED],false,true,1,1,35321444,
1428385758594,com.google.android.music.dial.DialMediaRouteProviderService,com.google.android.music:main,10058,0,21711939,[],false,true,0,0,10495967,
1428385758594,ch.unige.css.services.PingService,ch.unige.ping,10074,1449,84901942,[STARTED],false,true,0,0,36129687,
1428385758594,com.android.systemui.keyguard.KeyguardService,com.android.systemui,10012,906,42358,[PERSISTENT],false,false,1,1,42367,
1428385758594,com.google.android.gms.droidguard.DroidGuardService,com.google.android.gms.unstable,10007,9162,53738077,[],false,true,1,1,35307209,
1428385758594,ch.unige.css.services.main.CssRegistryService,ch.unige.ping:background,10074,13902,17964876,[STARTED],false,true,0,0,6748905,
1428385758594,com.google.android.finsky.billing.iab.InAppBillingService,com.android.vending,10014,20036,84782885,[],false,true,1,1,36054580,
1428385758594,com.whatsapp.messaging.MessageService,com.whatsapp,10159,7286,68313,[STARTED],false,true,1,1,35321549,
1428385758594,ccc71.at.services.at_service,ccc71.bmw.pro:services,10110,4012,69150,[STARTED],false,true,0,0,69159,
1428385857639,com.android.bluetooth.hid.HidService,com.android.bluetooth,1002,0,41148,[],false,true,1,1,41157,
1428385857639,com.android.exchange.service.EasService,com.google.android.gm.exchange,10157,2752,54256,[STARTED],false,true,1,1,35321444,
1428385857639,com.google.android.music.dial.DialMediaRouteProviderService,com.google.android.music:main,10058,0,21711939,[],false,true,0,0,10495967,
1428385857639,ch.unige.css.services.PingService,ch.unige.ping,10074,1449,85000986,[STARTED],false,true,0,0,36166762,
1428385857639,com.android.systemui.keyguard.KeyguardService,com.android.systemui,10012,906,42358,[PERSISTENT],false,false,1,1,42367,
1428385857639,com.google.android.gms.droidguard.DroidGuardService,com.google.android.gms.unstable,10007,9162,53738077,[],false,true,1,1,35307209,
1428385857639,ch.unige.css.services.main.CssRegistryService,ch.unige.ping:background,10074,13902,17964876,[STARTED],false,true,0,0,6748905,
1428385857639,com.google.android.finsky.billing.iab.InAppBillingService,com.android.vending,10014,20036,84782885,[],false,true,1,1,36054580,
1428385857639,com.whatsapp.messaging.MessageService,com.whatsapp,10159,7286,68313,[STARTED],false,true,1,1,35321549,
1428385857639,ccc71.at.services.at_service,ccc71.bmw.pro:services,10110,4012,69150,[STARTED],false,true,0,0,69159,
1428385917684,com.android.bluetooth.hid.HidService,com.android.bluetooth,1002,0,41148,[],false,true,1,1,41157,
1428385917684,com.android.exchange.service.EasService,com.google.android.gm.exchange,10157,2752,54256,[STARTED],false,true,1,1,35321444,
1428385917684,com.google.android.music.dial.DialMediaRouteProviderService,com.google.android.music:main,10058,0,21711939,[],false,true,0,0,10495967,
1428385917684,ch.unige.css.services.PingService,ch.unige.ping,10074,1449,85061004,[STARTED],false,true,0,0,36196750,
1428385917684,com.android.systemui.keyguard.KeyguardService,com.android.systemui,10012,906,42358,[PERSISTENT],false,false,1,1,42367,
1428385917684,com.google.android.gms.droidguard.DroidGuardService,com.google.android.gms.unstable,10007,9162,53738077,[],false,true,1,1,35307209,
1428385917684,ch.unige.css.services.main.CssRegistryService,ch.unige.ping:background,10074,13902,17964876,[STARTED],false,true,0,0,6748905,
1428385917684,com.google.android.finsky.billing.iab.InAppBillingService,com.android.vending,10014,20036,84782885,[],false,true,1,1,36054580,
1428385917684,com.whatsapp.messaging.MessageService,com.whatsapp,10159,7286,68313,[STARTED],false,true,1,1,35321549,
1428385917684,ccc71.at.services.at_service,ccc71.bmw.pro:services,10110,4012,69150,[STARTED],false,true,0,0,69159,
1428385998730,com.android.bluetooth.hid.HidService,com.android.bluetooth,1002,0,41148,[],false,true,1,1,41157,
1428385998730,com.android.exchange.service.EasService,com.google.android.gm.exchange,10157,2752,54256,[STARTED],false,true,1,1,35321444,
1428385998730,com.google.android.music.dial.DialMediaRouteProviderService,com.google.android.music:main,10058,0,21711939,[],false,true,0,0,10495967,
1428385998730,ch.unige.css.services.PingService,ch.unige.ping,10074,1449,85142078,[STARTED],false,true,0,0,36230194,
1428385998730,com.android.systemui.keyguard.KeyguardService,com.android.systemui,10012,906,42358,[PERSISTENT],false,false,1,1,42367,
1428385998730,com.google.android.gms.droidguard.DroidGuardService,com.google.android.gms.unstable,10007,9162,53738077,[],false,true,1,1,35307209,
1428385998730,ch.unige.css.services.main.CssRegistryService,ch.unige.ping:background,10074,13902,17964876,[STARTED],false,true,0,0,6748905,
1428385998730,com.google.android.finsky.billing.iab.InAppBillingService,com.android.vending,10014,20036,84782885,[],false,true,1,1,36054580,
1428385998730,com.whatsapp.messaging.MessageService,com.whatsapp,10159,7286,68313,[STARTED],false,true,1,1,35321549,
1428385998730,ccc71.at.services.at_service,ccc71.bmw.pro:services,10110,4012,69150,[STARTED],false,true,0,0,69159,
1428386059585,com.android.bluetooth.hid.HidService,com.android.bluetooth,1002,0,41148,[],false,true,1,1,41157,
1428386059585,com.android.exchange.service.EasService,com.google.android.gm.exchange,10157,2752,54256,[STARTED],false,true,1,1,35321444,
1428386059585,com.google.android.music.dial.DialMediaRouteProviderService,com.google.android.music:main,10058,0,21711939,[],false,true,0,0,10495967,
1428386059585,ch.unige.css.services.PingService,ch.unige.ping,10074,1449,85202926,[STARTED],false,true,0,0,36253570,
1428386059585,com.android.systemui.keyguard.KeyguardService,com.android.systemui,10012,906,42358,[PERSISTENT],false,false,1,1,42367,
1428386059585,com.google.android.gms.droidguard.DroidGuardService,com.google.android.gms.unstable,10007,9162,53738077,[],false,true,1,1,35307209,
1428386059585,ch.unige.css.services.main.CssRegistryService,ch.unige.ping:background,10074,13902,17964876,[STARTED],false,true,0,0,6748905,
1428386059585,com.google.android.finsky.billing.iab.InAppBillingService,com.android.vending,10014,20036,84782885,[],false,true,1,1,36054580,
1428386059585,com.whatsapp.messaging.MessageService,com.whatsapp,10159,7286,68313,[STARTED],false,true,1,1,35321549,
1428386059585,ccc71.at.services.at_service,ccc71.bmw.pro:services,10110,4012,69150,[STARTED],false,true,0,0,69159,
1428386120689,com.android.bluetooth.hid.HidService,com.android.bluetooth,1002,0,41148,[],false,true,1,1,41157,
1428386120689,com.android.exchange.service.EasService,com.google.android.gm.exchange,10157,2752,54256,[STARTED],false,true,1,1,35321444,
1428386120689,com.google.android.music.dial.DialMediaRouteProviderService,com.google.android.music:main,10058,0,21711939,[],false,true,0,0,10495967,
1428386120689,ch.unige.css.services.PingService,ch.unige.ping,10074,1449,85263931,[STARTED],false,true,0,0,36276696,
1428386120689,com.android.systemui.keyguard.KeyguardService,com.android.systemui,10012,906,42358,[PERSISTENT],false,false,1,1,42367,
1428386120689,com.google.android.gms.droidguard.DroidGuardService,com.google.android.gms.unstable,10007,9162,53738077,[],false,true,1,1,35307209,
1428386120689,ch.unige.css.services.main.CssRegistryService,ch.unige.ping:background,10074,13902,17964876,[STARTED],false,true,0,0,6748905,
1428386120689,com.google.android.finsky.billing.iab.InAppBillingService,com.android.vending,10014,20036,84782885,[],false,true,1,1,36054580,
1428386120689,com.whatsapp.messaging.MessageService,com.whatsapp,10159,7286,68313,[STARTED],false,true,1,1,35321549,
1428386120689,ccc71.at.services.at_service,ccc71.bmw.pro:services,10110,4012,69150,[STARTED],false,true,0,0,69159,
1428386157136,com.android.bluetooth.hid.HidService,com.android.bluetooth,1002,0,41148,[],false,true,1,1,41157,
1428386157136,com.android.exchange.service.EasService,com.google.android.gm.exchange,10157,2752,54256,[STARTED],false,true,1,1,35321444,
1428386157136,com.google.android.music.dial.DialMediaRouteProviderService,com.google.android.music:main,10058,0,21711939,[],false,true,0,0,10495967,
1428386157136,ch.unige.css.services.PingService,ch.unige.ping,10074,1449,85300480,[STARTED],false,true,0,0,36299015,
1428386157136,com.android.systemui.keyguard.KeyguardService,com.android.systemui,10012,906,42358,[PERSISTENT],false,false,1,1,42367,
1428386157136,com.google.android.gms.droidguard.DroidGuardService,com.google.android.gms.unstable,10007,9162,53738077,[],false,true,1,1,35307209,
1428386157136,ch.unige.css.services.main.CssRegistryService,ch.unige.ping:background,10074,13902,17964876,[STARTED],false,true,0,0,6748905,
1428386157136,com.google.android.finsky.billing.iab.InAppBillingService,com.android.vending,10014,20036,84782885,[],false,true,1,1,36054580,
1428386157136,com.whatsapp.messaging.MessageService,com.whatsapp,10159,7286,68313,[STARTED],false,true,1,1,35321549,
1428386157136,ccc71.at.services.at_service,ccc71.bmw.pro:services,10110,4012,69150,[STARTED],false,true,0,0,69159,
1428386220368,com.android.bluetooth.hid.HidService,com.android.bluetooth,1002,0,41148,[],false,true,1,1,41157,
1428386220368,com.android.exchange.service.EasService,com.google.android.gm.exchange,10157,2752,54256,[STARTED],false,true,1,1,35321444,
1428386220368,com.google.android.music.dial.DialMediaRouteProviderService,com.google.android.music:main,10058,0,21711939,[],false,true,0,0,10495967,
1428386220368,ch.unige.css.services.PingService,ch.unige.ping,10074,1449,85363720,[STARTED],false,true,0,0,36362254,
1428386220368,com.android.systemui.keyguard.KeyguardService,com.android.systemui,10012,906,42358,[PERSISTENT],false,false,1,1,42367,
1428386220368,com.google.android.gms.droidguard.DroidGuardService,com.google.android.gms.unstable,10007,9162,53738077,[],false,true,1,1,35307209,
1428386220368,ch.unige.css.services.main.CssRegistryService,ch.unige.ping:background,10074,13902,17964876,[STARTED],false,true,0,0,6748905,
1428386220368,com.google.android.finsky.billing.iab.InAppBillingService,com.android.vending,10014,20036,84782885,[],false,true,1,1,36054580,
1428386220368,com.whatsapp.messaging.MessageService,com.whatsapp,10159,7286,68313,[STARTED],false,true,1,1,35321549,
1428386220368,ccc71.at.services.at_service,ccc71.bmw.pro:services,10110,4012,69150,[STARTED],false,true,0,0,69159,
1428386280398,com.android.bluetooth.hid.HidService,com.android.bluetooth,1002,0,41148,[],false,true,1,1,41157,
1428386280398,com.google.android.gms.ads.identifier.service.AdvertisingIdService,com.google.android.gms,10007,17855,85418521,[],false,true,1,1,36417055,
1428386280398,com.android.exchange.service.EasService,com.google.android.gm.exchange,10157,2752,54256,[STARTED],false,true,1,1,35321444,
1428386280398,com.google.android.music.dial.DialMediaRouteProviderService,com.google.android.music:main,10058,0,21711939,[],false,true,0,0,10495967,
1428386280398,ch.unige.css.services.PingService,ch.unige.ping,10074,1449,85423742,[STARTED],false,true,0,0,36422276,
1428386280398,com.android.systemui.keyguard.KeyguardService,com.android.systemui,10012,906,42358,[PERSISTENT],false,false,1,1,42367,
1428386280398,com.google.android.gms.droidguard.DroidGuardService,com.google.android.gms.unstable,10007,9162,53738077,[],false,true,1,1,35307209,
1428386280398,ch.unige.css.services.main.CssRegistryService,ch.unige.ping:background,10074,13902,17964876,[STARTED],false,true,0,0,6748905,
1428386280398,com.google.android.finsky.billing.iab.InAppBillingService,com.android.vending,10014,20036,84782885,[],false,true,1,1,36054580,
1428386280398,com.whatsapp.messaging.MessageService,com.whatsapp,10159,7286,68313,[STARTED],false,true,1,1,35321549,
1428386340420,com.android.bluetooth.hid.HidService,com.android.bluetooth,1002,0,41148,[],false,true,1,1,41157,
1428386340420,com.android.exchange.service.EasService,com.google.android.gm.exchange,10157,2752,54256,[STARTED],false,true,1,1,35321444,
1428386340420,com.google.android.music.dial.DialMediaRouteProviderService,com.google.android.music:main,10058,0,21711939,[],false,true,0,0,10495967,
1428386340420,ch.unige.css.services.PingService,ch.unige.ping,10074,1449,85483775,[STARTED],false,true,0,0,36482310,
1428386340420,com.android.systemui.keyguard.KeyguardService,com.android.systemui,10012,906,42358,[PERSISTENT],false,false,1,1,42367,
1428386340420,com.google.android.gms.droidguard.DroidGuardService,com.google.android.gms.unstable,10007,9162,53738077,[],false,true,1,1,35307209,
1428386340420,ch.unige.css.services.main.CssRegistryService,ch.unige.ping:background,10074,13902,17964876,[STARTED],false,true,0,0,6748905,
1428386340420,com.google.android.finsky.billing.iab.InAppBillingService,com.android.vending,10014,20036,84782885,[],false,true,1,1,36054580,
1428386340420,com.whatsapp.messaging.MessageService,com.whatsapp,10159,7286,68313,[STARTED],false,true,1,1,35321549,
1428386340420,ccc71.at.services.at_service,ccc71.bmw.pro:services,10110,4012,69150,[STARTED],false,true,0,0,69159,
1428386400476,com.android.bluetooth.hid.HidService,com.android.bluetooth,1002,0,41148,[],false,true,1,1,41157,
1428386400476,com.android.exchange.service.EasService,com.google.android.gm.exchange,10157,2752,54256,[STARTED],false,true,1,1,35321444,
1428386400476,com.google.android.music.dial.DialMediaRouteProviderService,com.google.android.music:main,10058,0,21711939,[],false,true,0,0,10495967,
1428386400476,ch.unige.css.services.PingService,ch.unige.ping,10074,1449,85543810,[STARTED],false,true,0,0,36542345,
1428386400476,com.android.systemui.keyguard.KeyguardService,com.android.systemui,10012,906,42358,[PERSISTENT],false,false,1,1,42367,
1428386400476,com.google.android.gms.droidguard.DroidGuardService,com.google.android.gms.unstable,10007,9162,53738077,[],false,true,1,1,35307209,
1428386400476,ch.unige.css.services.main.CssRegistryService,ch.unige.ping:background,10074,13902,17964876,[STARTED],false,true,0,0,6748905,
1428386400476,com.google.android.finsky.billing.iab.InAppBillingService,com.android.vending,10014,20036,84782885,[],false,true,1,1,36054580,
1428386400476,com.whatsapp.messaging.MessageService,com.whatsapp,10159,7286,68313,[STARTED],false,true,1,1,35321549,
1428386400476,ccc71.at.services.at_service,ccc71.bmw.pro:services,10110,4012,69150,[STARTED],false,true,0,0,69159,
1428386467567,com.android.bluetooth.hid.HidService,com.android.bluetooth,1002,0,41148,[],false,true,1,1,41157,
1428386467567,com.android.exchange.service.EasService,com.google.android.gm.exchange,10157,2752,54256,[STARTED],false,true,1,1,35321444,
1428386467567,com.google.android.music.dial.DialMediaRouteProviderService,com.google.android.music:main,10058,0,21711939,[],false,true,0,0,10495967,
1428386467567,ch.unige.css.services.PingService,ch.unige.ping,10074,1449,85610900,[STARTED],false,true,0,0,36609434,
1428386467567,com.android.systemui.keyguard.KeyguardService,com.android.systemui,10012,906,42358,[PERSISTENT],false,false,1,1,42367,
1428386467567,ch.unige.css.services.main.CssRegistryService,ch.unige.ping:background,10074,13902,17964876,[STARTED],false,true,0,0,6748905,
1428386467567,com.google.android.finsky.billing.iab.InAppBillingService,com.android.vending,10014,20036,84782885,[],false,true,1,1,36054580,
1428386467567,com.whatsapp.messaging.MessageService,com.whatsapp,10159,0,68313,[STARTED],false,true,0,0,35321549,
1428386467567,ccc71.at.services.at_service,ccc71.bmw.pro:services,10110,4012,69150,[STARTED],false,true,0,0,69159,
1428386467567,com.google.android.location.geocode.GeocodeService,com.google.process.location,10007,17755,83170659,[],false,true,1,1,35314064,
1428386527561,com.android.bluetooth.hid.HidService,com.android.bluetooth,1002,0,41148,[],false,true,1,1,41157,
1428386527561,com.android.exchange.service.EasService,com.google.android.gm.exchange,10157,2752,54256,[STARTED],false,true,1,1,36634977,
1428386527561,com.google.android.music.dial.DialMediaRouteProviderService,com.google.android.music:main,10058,0,21711939,[],false,true,0,0,10495967,
1428386527561,ch.unige.css.services.PingService,ch.unige.ping,10074,1449,85670914,[STARTED],false,true,0,0,36637663,
1428386527561,com.android.systemui.keyguard.KeyguardService,com.android.systemui,10012,906,42358,[PERSISTENT],false,false,1,1,42367,
1428386527561,ch.unige.css.services.main.CssRegistryService,ch.unige.ping:background,10074,13902,17964876,[STARTED],false,true,0,0,6748905,
1428386527561,com.google.android.finsky.billing.iab.InAppBillingService,com.android.vending,10014,20036,84782885,[],false,true,2,2,36624918,
1428386527561,com.whatsapp.messaging.MessageService,com.whatsapp,10159,26619,68313,[STARTED],false,true,1,1,36624867,
1428386527561,ccc71.at.services.at_service,ccc71.bmw.pro:services,10110,4012,69150,[STARTED],false,true,0,0,69159,
1428386527561,com.google.android.location.geocode.GeocodeService,com.google.process.location,10007,17755,83170659,[],false,true,1,1,35314064,
1428386593034,com.android.bluetooth.hid.HidService,com.android.bluetooth,1002,0,41148,[],false,true,1,1,41157,
1428386593034,com.android.exchange.service.EasService,com.google.android.gm.exchange,10157,2752,54256,[STARTED],false,true,1,1,36634977,
1428386593034,com.google.android.music.dial.DialMediaRouteProviderService,com.google.android.music:main,10058,0,21711939,[],false,true,0,0,10495967,
1428386593034,ch.unige.css.services.PingService,ch.unige.ping,10074,1449,85736375,[STARTED],false,true,0,0,36664141,
1428386593034,com.android.systemui.keyguard.KeyguardService,com.android.systemui,10012,906,42358,[PERSISTENT],false,false,1,1,42367,
1428386593034,ch.unige.css.services.main.CssRegistryService,ch.unige.ping:background,10074,13902,17964876,[STARTED],false,true,0,0,6748905,
1428386593034,com.google.android.finsky.billing.iab.InAppBillingService,com.android.vending,10014,20036,84782885,[],false,true,2,2,36624918,
1428386593034,com.whatsapp.messaging.MessageService,com.whatsapp,10159,26619,68313,[STARTED],false,true,1,1,36624867,
1428386593034,ccc71.at.services.at_service,ccc71.bmw.pro:services,10110,4012,69150,[STARTED],false,true,0,0,69159,
1428386593034,com.google.android.location.geocode.GeocodeService,com.google.process.location,10007,17755,83170659,[],false,true,1,1,35314064,
1428386653266,com.android.bluetooth.hid.HidService,com.android.bluetooth,1002,0,41148,[],false,true,1,1,41157,
1428386653266,com.android.exchange.service.EasService,com.google.android.gm.exchange,10157,2752,54256,[STARTED],false,true,1,1,36634977,
1428386653266,com.google.android.music.dial.DialMediaRouteProviderService,com.google.android.music:main,10058,0,21711939,[],false,true,0,0,10495967,
1428386653266,ch.unige.css.services.PingService,ch.unige.ping,10074,1449,85796616,[STARTED],false,true,0,0,36690315,
1428386653266,com.android.systemui.keyguard.KeyguardService,com.android.systemui,10012,906,42358,[PERSISTENT],false,false,1,1,42367,
1428386653266,ch.unige.css.services.main.CssRegistryService,ch.unige.ping:background,10074,13902,17964876,[STARTED],false,true,0,0,6748905,
1428386653266,com.google.android.finsky.billing.iab.InAppBillingService,com.android.vending,10014,20036,84782885,[],false,true,1,1,36624918,
1428386653266,com.whatsapp.messaging.MessageService,com.whatsapp,10159,26619,68313,[STARTED],false,true,1,1,36624867,
1428386653266,ccc71.at.services.at_service,ccc71.bmw.pro:services,10110,4012,69150,[STARTED],false,true,0,0,69159,
1428386653266,com.google.android.location.geocode.GeocodeService,com.google.process.location,10007,17755,83170659,[],false,true,1,1,35314064,
1428386714594,com.android.bluetooth.hid.HidService,com.android.bluetooth,1002,0,41148,[],false,true,1,1,41157,
1428386714594,com.android.exchange.service.EasService,com.google.android.gm.exchange,10157,2752,54256,[STARTED],false,true,1,1,36634977,
1428386714594,com.google.android.music.dial.DialMediaRouteProviderService,com.google.android.music:main,10058,0,21711939,[],false,true,0,0,10495967,
1428386714594,ch.unige.css.services.PingService,ch.unige.ping,10074,1449,85857940,[STARTED],false,true,0,0,36713987,
1428386714594,com.android.systemui.keyguard.KeyguardService,com.android.systemui,10012,906,42358,[PERSISTENT],false,false,1,1,42367,
1428386714594,ch.unige.css.services.main.CssRegistryService,ch.unige.ping:background,10074,13902,17964876,[STARTED],false,true,0,0,6748905,
1428386714594,com.google.android.finsky.billing.iab.InAppBillingService,com.android.vending,10014,20036,84782885,[],false,true,1,1,36624918,
1428386714594,com.whatsapp.messaging.MessageService,com.whatsapp,10159,26619,68313,[STARTED],false,true,1,1,36624867,
1428386714594,ccc71.at.services.at_service,ccc71.bmw.pro:services,10110,4012,69150,[STARTED],false,true,0,0,69159,
1428386714594,com.google.android.location.geocode.GeocodeService,com.google.process.location,10007,17755,83170659,[],false,true,1,1,35314064,
1428386775592,com.android.bluetooth.hid.HidService,com.android.bluetooth,1002,0,41148,[],false,true,1,1,41157,
1428386775592,com.android.exchange.service.EasService,com.google.android.gm.exchange,10157,2752,54256,[STARTED],false,true,1,1,36634977,
1428386775592,com.google.android.music.dial.DialMediaRouteProviderService,com.google.android.music:main,10058,0,21711939,[],false,true,0,0,10495967,
1428386775592,ch.unige.css.services.PingService,ch.unige.ping,10074,1449,85918931,[STARTED],false,true,0,0,36739639,
1428386775592,com.android.systemui.keyguard.KeyguardService,com.android.systemui,10012,906,42358,[PERSISTENT],false,false,1,1,42367,
1428386775592,ch.unige.css.services.main.CssRegistryService,ch.unige.ping:background,10074,13902,17964876,[STARTED],false,true,0,0,6748905,
1428386775592,com.google.android.finsky.billing.iab.InAppBillingService,com.android.vending,10014,20036,84782885,[],false,true,1,1,36624918,
1428386775592,com.whatsapp.messaging.MessageService,com.whatsapp,10159,26619,68313,[STARTED],false,true,1,1,36624867,
1428386775592,ccc71.at.services.at_service,ccc71.bmw.pro:services,10110,4012,69150,[STARTED],false,true,0,0,69159,
1428386775592,com.google.android.location.geocode.GeocodeService,com.google.process.location,10007,17755,83170659,[],false,true,1,1,35314064,
1428386836604,com.android.bluetooth.hid.HidService,com.android.bluetooth,1002,0,41148,[],false,true,1,1,41157,
1428386836604,com.android.exchange.service.EasService,com.google.android.gm.exchange,10157,2752,54256,[STARTED],false,true,1,1,36634977,
1428386836604,com.google.android.music.dial.DialMediaRouteProviderService,com.google.android.music:main,10058,0,21711939,[],false,true,0,0,10495967,
1428386836604,ch.unige.css.services.PingService,ch.unige.ping,10074,1449,85979933,[STARTED],false,true,0,0,36764238,
1428386836604,com.android.systemui.keyguard.KeyguardService,com.android.systemui,10012,906,42358,[PERSISTENT],false,false,1,1,42367,
1428386836604,ch.unige.css.services.main.CssRegistryService,ch.unige.ping:background,10074,13902,17964876,[STARTED],false,true,0,0,6748905,
1428386836604,com.google.android.finsky.billing.iab.InAppBillingService,com.android.vending,10014,20036,84782885,[],false,true,1,1,36624918,
1428386836604,com.whatsapp.messaging.MessageService,com.whatsapp,10159,26619,68313,[STARTED],false,true,1,1,36624867,
1428386836604,ccc71.at.services.at_service,ccc71.bmw.pro:services,10110,4012,69150,[STARTED],false,true,0,0,69159,
1428386836604,com.google.android.location.geocode.GeocodeService,com.google.process.location,10007,17755,83170659,[],false,true,1,1,35314064,
1428386897617,com.android.bluetooth.hid.HidService,com.android.bluetooth,1002,0,41148,[],false,true,1,1,41157,
1428386897617,com.android.exchange.service.EasService,com.google.android.gm.exchange,10157,2752,54256,[STARTED],false,true,1,1,36634977,
1428386897617,com.google.android.music.dial.DialMediaRouteProviderService,com.google.android.music:main,10058,0,21711939,[],false,true,0,0,10495967,
1428386897617,ch.unige.css.services.PingService,ch.unige.ping,10074,1449,86040929,[STARTED],false,true,0,0,36788927,
1428386897617,com.android.systemui.keyguard.KeyguardService,com.android.systemui,10012,906,42358,[PERSISTENT],false,false,1,1,42367,
1428386897617,ch.unige.css.services.main.CssRegistryService,ch.unige.ping:background,10074,13902,17964876,[STARTED],false,true,0,0,6748905,
1428386897617,com.google.android.finsky.billing.iab.InAppBillingService,com.android.vending,10014,20036,84782885,[],false,true,1,1,36624918,
1428386897617,com.whatsapp.messaging.MessageService,com.whatsapp,10159,26619,68313,[STARTED],false,true,1,1,36624867,
1428386897617,ccc71.at.services.at_service,ccc71.bmw.pro:services,10110,4012,69150,[STARTED],false,true,0,0,69159,
1428386897617,com.google.android.location.geocode.GeocodeService,com.google.process.location,10007,17755,83170659,[],false,true,1,1,35314064,
1428386970206,com.android.bluetooth.hid.HidService,com.android.bluetooth,1002,0,41148,[],false,true,1,1,41157,
1428386970206,com.android.exchange.service.EasService,com.google.android.gm.exchange,10157,2752,54256,[STARTED],false,true,1,1,36634977,
1428386970206,com.google.android.music.dial.DialMediaRouteProviderService,com.google.android.music:main,10058,0,21711939,[],false,true,0,0,10495967,
1428386970206,ch.unige.css.services.PingService,ch.unige.ping,10074,1449,86113561,[STARTED],false,true,0,0,36861559,
1428386970206,com.android.systemui.keyguard.KeyguardService,com.android.systemui,10012,906,42358,[PERSISTENT],false,false,1,1,42367,
1428386970206,com.google.android.gms.droidguard.DroidGuardService,com.google.android.gms.unstable,10007,9162,86098208,[],false,true,1,1,36846206,
1428386970206,ch.unige.css.services.main.CssRegistryService,ch.unige.ping:background,10074,13902,17964876,[STARTED],false,true,0,0,6748905,
1428386970206,com.google.android.finsky.billing.iab.InAppBillingService,com.android.vending,10014,20036,84782885,[],false,true,1,1,36624918,
1428386970206,com.whatsapp.messaging.MessageService,com.whatsapp,10159,26619,68313,[STARTED],false,true,1,1,36624867,
1428386970206,ccc71.at.services.at_service,ccc71.bmw.pro:services,10110,4012,69150,[STARTED],false,true,0,0,69159,
1428387030249,com.android.bluetooth.hid.HidService,com.android.bluetooth,1002,0,41148,[],false,true,1,1,41157,
1428387030249,com.android.exchange.service.EasService,com.google.android.gm.exchange,10157,2752,54256,[STARTED],false,true,1,1,36634977,
1428387030249,com.google.android.music.dial.DialMediaRouteProviderService,com.google.android.music:main,10058,0,21711939,[],false,true,0,0,10495967,
1428387030249,ch.unige.css.services.PingService,ch.unige.ping,10074,1449,86173580,[STARTED],false,true,0,0,36921578,
1428387030249,com.android.systemui.keyguard.KeyguardService,com.android.systemui,10012,906,42358,[PERSISTENT],false,false,1,1,42367,
1428387030249,com.google.android.gms.droidguard.DroidGuardService,com.google.android.gms.unstable,10007,9162,86098208,[],false,true,1,1,36846206,
1428387030249,ch.unige.css.services.main.CssRegistryService,ch.unige.ping:background,10074,13902,17964876,[STARTED],false,true,0,0,6748905,
1428387030249,com.google.android.finsky.billing.iab.InAppBillingService,com.android.vending,10014,20036,84782885,[],false,true,1,1,36624918,
1428387030249,com.whatsapp.messaging.MessageService,com.whatsapp,10159,26619,68313,[STARTED],false,true,1,1,36624867,
1428387030249,ccc71.at.services.at_service,ccc71.bmw.pro:services,10110,4012,69150,[STARTED],false,true,0,0,69159,
1428387090300,com.android.bluetooth.hid.HidService,com.android.bluetooth,1002,0,41148,[],false,true,1,1,41157,
1428387090300,com.android.exchange.service.EasService,com.google.android.gm.exchange,10157,2752,54256,[STARTED],false,true,1,1,36634977,
1428387090300,com.google.android.music.dial.DialMediaRouteProviderService,com.google.android.music:main,10058,0,21711939,[],false,true,0,0,10495967,
1428387090300,ch.unige.css.services.PingService,ch.unige.ping,10074,1449,86233644,[STARTED],false,true,0,0,36981642,
1428387090300,com.android.systemui.keyguard.KeyguardService,com.android.systemui,10012,906,42358,[PERSISTENT],false,false,1,1,42367,
1428387090300,com.google.android.gms.droidguard.DroidGuardService,com.google.android.gms.unstable,10007,9162,86098208,[],false,true,1,1,36846206,
1428387090300,ch.unige.css.services.main.CssRegistryService,ch.unige.ping:background,10074,13902,17964876,[STARTED],false,true,0,0,6748905,
1428387090300,com.google.android.finsky.billing.iab.InAppBillingService,com.android.vending,10014,20036,84782885,[],false,true,1,1,36624918,
1428387090300,com.whatsapp.messaging.MessageService,com.whatsapp,10159,26619,68313,[STARTED],false,true,1,1,36624867,
1428387090300,ccc71.at.services.at_service,ccc71.bmw.pro:services,10110,4012,69150,[STARTED],false,true,0,0,69159,
1428387150353,com.android.bluetooth.hid.HidService,com.android.bluetooth,1002,0,41148,[],false,true,1,1,41157,
1428387150353,com.android.exchange.service.EasService,com.google.android.gm.exchange,10157,2752,54256,[STARTED],false,true,1,1,36634977,
1428387150353,com.google.android.music.dial.DialMediaRouteProviderService,com.google.android.music:main,10058,0,21711939,[],false,true,0,0,10495967,
1428387150353,ch.unige.css.services.PingService,ch.unige.ping,10074,1449,86293688,[STARTED],false,true,0,0,37041686,
1428387150353,com.android.systemui.keyguard.KeyguardService,com.android.systemui,10012,906,42358,[PERSISTENT],false,false,1,1,42367,
1428387150353,com.google.android.gms.droidguard.DroidGuardService,com.google.android.gms.unstable,10007,9162,86098208,[],false,true,1,1,36846206,
1428387150353,ch.unige.css.services.main.CssRegistryService,ch.unige.ping:background,10074,13902,17964876,[STARTED],false,true,0,0,6748905,
1428387150353,com.google.android.finsky.billing.iab.InAppBillingService,com.android.vending,10014,20036,84782885,[],false,true,1,1,36624918,
1428387150353,com.whatsapp.messaging.MessageService,com.whatsapp,10159,26619,68313,[STARTED],false,true,1,1,36624867,
1428387150353,ccc71.at.services.at_service,ccc71.bmw.pro:services,10110,4012,69150,[STARTED],false,true,0,0,69159,
1428387210405,com.android.bluetooth.hid.HidService,com.android.bluetooth,1002,0,41148,[],false,true,1,1,41157,
1428387210405,com.android.exchange.service.EasService,com.google.android.gm.exchange,10157,2752,54256,[STARTED],false,true,1,1,36634977,
1428387210405,com.google.android.music.dial.DialMediaRouteProviderService,com.google.android.music:main,10058,0,21711939,[],false,true,0,0,10495967,
1428387210405,ch.unige.css.services.PingService,ch.unige.ping,10074,1449,86353750,[STARTED],false,true,0,0,37101749,
1428387210405,com.android.systemui.keyguard.KeyguardService,com.android.systemui,10012,906,42358,[PERSISTENT],false,false,1,1,42367,
1428387210405,com.google.android.gms.droidguard.DroidGuardService,com.google.android.gms.unstable,10007,9162,86098208,[],false,true,1,1,36846206,
1428387210405,ch.unige.css.services.main.CssRegistryService,ch.unige.ping:background,10074,13902,17964876,[STARTED],false,true,0,0,6748905,
1428387210405,com.google.android.finsky.billing.iab.InAppBillingService,com.android.vending,10014,20036,84782885,[],false,true,1,1,36624918,
1428387210405,com.whatsapp.messaging.MessageService,com.whatsapp,10159,26619,68313,[STARTED],false,true,1,1,36624867,
1428387210405,ccc71.at.services.at_service,ccc71.bmw.pro:services,10110,4012,69150,[STARTED],false,true,0,0,69159,
1428387270427,com.android.bluetooth.hid.HidService,com.android.bluetooth,1002,0,41148,[],false,true,1,1,41157,
1428387270427,com.android.exchange.service.EasService,com.google.android.gm.exchange,10157,2752,54256,[STARTED],false,true,1,1,36634977,
1428387270427,com.google.android.music.dial.DialMediaRouteProviderService,com.google.android.music:main,10058,0,21711939,[],false,true,0,0,10495967,
1428387270427,ch.unige.css.services.PingService,ch.unige.ping,10074,1449,86413770,[STARTED],false,true,0,0,37161768,
1428387270427,com.android.systemui.keyguard.KeyguardService,com.android.systemui,10012,906,42358,[PERSISTENT],false,false,1,1,42367,
1428387270427,com.google.android.gms.droidguard.DroidGuardService,com.google.android.gms.unstable,10007,9162,86098208,[],false,true,1,1,36846206,
1428387270427,ch.unige.css.services.main.CssRegistryService,ch.unige.ping:background,10074,13902,17964876,[STARTED],false,true,0,0,6748905,
1428387270427,com.google.android.finsky.billing.iab.InAppBillingService,com.android.vending,10014,20036,84782885,[],false,true,1,1,36624918,
1428387270427,com.whatsapp.messaging.MessageService,com.whatsapp,10159,26619,68313,[STARTED],false,true,1,1,36624867,
1428387270427,ccc71.at.services.at_service,ccc71.bmw.pro:services,10110,4012,69150,[STARTED],false,true,0,0,69159,
1428387332872,com.android.bluetooth.hid.HidService,com.android.bluetooth,1002,0,41148,[],false,true,1,1,41157,
1428387332872,com.android.exchange.service.EasService,com.google.android.gm.exchange,10157,2752,54256,[STARTED],false,true,1,1,36634977,
1428387332872,com.google.android.music.dial.DialMediaRouteProviderService,com.google.android.music:main,10058,0,21711939,[],false,true,0,0,10495967,
1428387332872,ch.unige.css.services.PingService,ch.unige.ping,10074,1449,86476227,[STARTED],false,true,0,0,37210697,
1428387332872,com.android.systemui.keyguard.KeyguardService,com.android.systemui,10012,906,42358,[PERSISTENT],false,false,1,1,42367,
1428387332872,ch.unige.css.services.main.CssRegistryService,ch.unige.ping:background,10074,13902,17964876,[STARTED],false,true,0,0,6748905,
1428387332872,com.google.android.finsky.billing.iab.InAppBillingService,com.android.vending,10014,20036,84782885,[],false,true,1,1,37173259,
1428387332872,com.whatsapp.messaging.MessageService,com.whatsapp,10159,26619,68313,[STARTED],false,true,1,1,36624867,
1428387332872,ccc71.at.services.at_service,ccc71.bmw.pro:services,10110,4012,69150,[STARTED],false,true,0,0,69159,
1428387332872,com.google.android.location.geocode.GeocodeService,com.google.process.location,10007,17755,86444925,[],false,true,1,1,37190705,
1428387393066,com.android.bluetooth.hid.HidService,com.android.bluetooth,1002,0,41148,[],false,true,1,1,41157,
1428387393066,com.android.exchange.service.EasService,com.google.android.gm.exchange,10157,2752,54256,[STARTED],false,true,1,1,36634977,
1428387393066,com.google.android.music.dial.DialMediaRouteProviderService,com.google.android.music:main,10058,0,21711939,[],false,true,0,0,10495967,
1428387393066,ch.unige.css.services.PingService,ch.unige.ping,10074,1449,86536415,[STARTED],false,true,0,0,37253179,
1428387393066,com.android.systemui.keyguard.KeyguardService,com.android.systemui,10012,906,42358,[PERSISTENT],false,false,1,1,42367,
1428387393066,ch.unige.css.services.main.CssRegistryService,ch.unige.ping:background,10074,13902,17964876,[STARTED],false,true,0,0,6748905,
1428387393066,com.google.android.finsky.billing.iab.InAppBillingService,com.android.vending,10014,20036,84782885,[],false,true,1,1,37173259,
1428387393066,com.whatsapp.messaging.MessageService,com.whatsapp,10159,26619,68313,[STARTED],false,true,1,1,36624867,
1428387393066,ccc71.at.services.at_service,ccc71.bmw.pro:services,10110,4012,69150,[STARTED],false,true,0,0,69159,
1428387393066,com.google.android.location.geocode.GeocodeService,com.google.process.location,10007,17755,86444925,[],false,true,1,1,37190705,
1428387453153,com.android.bluetooth.hid.HidService,com.android.bluetooth,1002,0,41148,[],false,true,1,1,41157,
1428387453153,com.android.exchange.service.EasService,com.google.android.gm.exchange,10157,2752,54256,[STARTED],false,true,1,1,36634977,
1428387453153,com.google.android.music.dial.DialMediaRouteProviderService,com.google.android.music:main,10058,0,21711939,[],false,true,0,0,10495967,
1428387453153,ch.unige.css.services.PingService,ch.unige.ping,10074,1449,86596500,[STARTED],false,true,0,0,37293847,
1428387453153,com.android.systemui.keyguard.KeyguardService,com.android.systemui,10012,906,42358,[PERSISTENT],false,false,1,1,42367,
1428387453153,ch.unige.css.services.main.CssRegistryService,ch.unige.ping:background,10074,13902,17964876,[STARTED],false,true,0,0,6748905,
1428387453153,com.google.android.finsky.billing.iab.InAppBillingService,com.android.vending,10014,20036,84782885,[],false,true,1,1,37173259,
1428387453153,com.whatsapp.messaging.MessageService,com.whatsapp,10159,26619,68313,[STARTED],false,true,1,1,36624867,
1428387453153,ccc71.at.services.at_service,ccc71.bmw.pro:services,10110,4012,69150,[STARTED],false,true,0,0,69159,
1428387453153,com.google.android.location.geocode.GeocodeService,com.google.process.location,10007,17755,86444925,[],false,true,1,1,37190705,
1428387513225,com.android.bluetooth.hid.HidService,com.android.bluetooth,1002,0,41148,[],false,true,1,1,41157,
1428387513225,com.android.exchange.service.EasService,com.google.android.gm.exchange,10157,2752,54256,[STARTED],false,true,1,1,36634977,
1428387513225,com.google.android.music.dial.DialMediaRouteProviderService,com.google.android.music:main,10058,0,21711939,[],false,true,0,0,10495967,
1428387513225,ch.unige.css.services.PingService,ch.unige.ping,10074,1449,86656551,[STARTED],false,true,0,0,37337207,
1428387513225,com.android.systemui.keyguard.KeyguardService,com.android.systemui,10012,906,42358,[PERSISTENT],false,false,1,1,42367,
1428387513225,ch.unige.css.services.main.CssRegistryService,ch.unige.ping:background,10074,13902,17964876,[STARTED],false,true,0,0,6748905,
1428387513225,com.google.android.finsky.billing.iab.InAppBillingService,com.android.vending,10014,20036,84782885,[],false,true,1,1,37173259,
1428387513225,com.whatsapp.messaging.MessageService,com.whatsapp,10159,26619,68313,[STARTED],false,true,1,1,36624867,
1428387513225,ccc71.at.services.at_service,ccc71.bmw.pro:services,10110,4012,69150,[STARTED],false,true,0,0,69159,
1428387513225,com.google.android.location.geocode.GeocodeService,com.google.process.location,10007,17755,86444925,[],false,true,1,1,37190705,
1428387577881,com.android.bluetooth.hid.HidService,com.android.bluetooth,1002,0,41148,[],false,true,1,1,41157,
1428387577881,com.android.exchange.service.EasService,com.google.android.gm.exchange,10157,2752,54256,[STARTED],false,true,1,1,36634977,
1428387577881,com.google.android.music.dial.DialMediaRouteProviderService,com.google.android.music:main,10058,0,21711939,[],false,true,0,0,10495967,
1428387577881,ch.unige.css.services.PingService,ch.unige.ping,10074,1449,86721227,[STARTED],false,true,0,0,37378780,
1428387577881,com.android.systemui.keyguard.KeyguardService,com.android.systemui,10012,906,42358,[PERSISTENT],false,false,1,1,42367,
1428387577881,ch.unige.css.services.main.CssRegistryService,ch.unige.ping:background,10074,13902,17964876,[STARTED],false,true,0,0,6748905,
1428387577881,com.google.android.finsky.billing.iab.InAppBillingService,com.android.vending,10014,20036,84782885,[],false,true,1,1,37173259,
1428387577881,com.whatsapp.messaging.MessageService,com.whatsapp,10159,26619,68313,[STARTED],false,true,1,1,36624867,
1428387577881,ccc71.at.services.at_service,ccc71.bmw.pro:services,10110,4012,69150,[STARTED],false,true,0,0,69159,
1428387577881,com.google.android.location.geocode.GeocodeService,com.google.process.location,10007,17755,86444925,[],false,true,1,1,37190705,
1428387641260,com.android.bluetooth.hid.HidService,com.android.bluetooth,1002,0,41148,[],false,true,1,1,41157,
1428387641260,com.android.exchange.service.EasService,com.google.android.gm.exchange,10157,2752,54256,[STARTED],false,true,1,1,36634977,
1428387641260,com.google.android.music.dial.DialMediaRouteProviderService,com.google.android.music:main,10058,0,21711939,[],false,true,0,0,10495967,
1428387641260,ch.unige.css.services.PingService,ch.unige.ping,10074,1449,86784602,[STARTED],false,true,0,0,37406798,
1428387641260,com.android.systemui.keyguard.KeyguardService,com.android.systemui,10012,906,42358,[PERSISTENT],false,false,1,1,42367,
1428387641260,ch.unige.css.services.main.CssRegistryService,ch.unige.ping:background,10074,13902,17964876,[STARTED],false,true,0,0,6748905,
1428387641260,com.google.android.finsky.billing.iab.InAppBillingService,com.android.vending,10014,20036,84782885,[],false,true,1,1,37173259,
1428387641260,com.whatsapp.messaging.MessageService,com.whatsapp,10159,26619,68313,[STARTED],false,true,1,1,36624867,
1428387641260,ccc71.at.services.at_service,ccc71.bmw.pro:services,10110,4012,69150,[STARTED],false,true,0,0,69159,
1428387641260,com.google.android.location.geocode.GeocodeService,com.google.process.location,10007,17755,86444925,[],false,true,1,1,37190705,
1428387706591,com.android.bluetooth.hid.HidService,com.android.bluetooth,1002,0,41148,[],false,true,1,1,41157,
1428387706591,com.android.exchange.service.EasService,com.google.android.gm.exchange,10157,2752,54256,[STARTED],false,true,1,1,37407334,
1428387706591,com.google.android.music.dial.DialMediaRouteProviderService,com.google.android.music:main,10058,0,21711939,[],false,true,0,0,10495967,
1428387706591,ch.unige.css.services.PingService,ch.unige.ping,10074,1449,86849925,[STARTED],false,true,0,0,37434630,
1428387706591,com.android.systemui.keyguard.KeyguardService,com.android.systemui,10012,906,42358,[PERSISTENT],false,false,1,1,42367,
1428387706591,ch.unige.css.services.main.CssRegistryService,ch.unige.ping:background,10074,13902,17964876,[STARTED],false,true,0,0,6748905,
1428387706591,com.google.android.finsky.billing.iab.InAppBillingService,com.android.vending,10014,20036,84782885,[],false,true,1,1,37173259,
1428387706591,com.whatsapp.messaging.MessageService,com.whatsapp,10159,26619,68313,[STARTED],false,true,1,1,36624867,
1428387706591,ccc71.at.services.at_service,ccc71.bmw.pro:services,10110,4012,69150,[STARTED],false,true,0,0,69159,
1428387706591,com.google.android.location.geocode.GeocodeService,com.google.process.location,10007,17755,86444925,[],false,true,1,1,37190705,
1428387768716,com.android.bluetooth.hid.HidService,com.android.bluetooth,1002,0,41148,[],false,true,1,1,41157,
1428387768716,com.android.exchange.service.EasService,com.google.android.gm.exchange,10157,2752,54256,[STARTED],false,true,1,1,37407334,
1428387768716,com.google.android.music.dial.DialMediaRouteProviderService,com.google.android.music:main,10058,0,21711939,[],false,true,0,0,10495967,
1428387768716,ch.unige.css.services.PingService,ch.unige.ping,10074,1449,86911934,[STARTED],false,true,0,0,37469469,
1428387768716,com.android.systemui.keyguard.KeyguardService,com.android.systemui,10012,906,42358,[PERSISTENT],false,false,1,1,42367,
1428387768716,ch.unige.css.services.main.CssRegistryService,ch.unige.ping:background,10074,13902,17964876,[STARTED],false,true,0,0,6748905,
1428387768716,com.google.android.finsky.billing.iab.InAppBillingService,com.android.vending,10014,20036,84782885,[],false,true,1,1,37173259,
1428387768716,com.whatsapp.messaging.MessageService,com.whatsapp,10159,26619,68313,[STARTED],false,true,1,1,36624867,
1428387768716,ccc71.at.services.at_service,ccc71.bmw.pro:services,10110,4012,69150,[STARTED],false,true,0,0,69159,
1428387768716,com.google.android.location.geocode.GeocodeService,com.google.process.location,10007,17755,86444925,[],false,true,1,1,37190705,
1428387829853,com.android.bluetooth.hid.HidService,com.android.bluetooth,1002,0,41148,[],false,true,1,1,41157,
1428387829853,com.android.exchange.service.EasService,com.google.android.gm.exchange,10157,2752,54256,[STARTED],false,true,1,1,37407334,
1428387829853,com.google.android.music.dial.DialMediaRouteProviderService,com.google.android.music:main,10058,0,21711939,[],false,true,0,0,10495967,
1428387829853,ch.unige.css.services.PingService,ch.unige.ping,10074,1449,86973204,[STARTED],false,true,0,0,37511166,
1428387829853,com.android.systemui.keyguard.KeyguardService,com.android.systemui,10012,906,42358,[PERSISTENT],false,false,1,1,42367,
1428387829853,ch.unige.css.services.main.CssRegistryService,ch.unige.ping:background,10074,13902,17964876,[STARTED],false,true,0,0,6748905,
1428387829853,com.google.android.finsky.billing.iab.InAppBillingService,com.android.vending,10014,20036,84782885,[],false,true,1,1,37173259,
1428387829853,com.whatsapp.messaging.MessageService,com.whatsapp,10159,26619,68313,[STARTED],false,true,1,1,36624867,
1428387829853,ccc71.at.services.at_service,ccc71.bmw.pro:services,10110,4012,69150,[STARTED],false,true,0,0,69159,
1428387829853,com.google.android.location.geocode.GeocodeService,com.google.process.location,10007,17755,86444925,[],false,true,1,1,37190705,
1428387890601,com.android.bluetooth.hid.HidService,com.android.bluetooth,1002,0,41148,[],false,true,1,1,41157,
1428387890601,com.android.exchange.service.EasService,com.google.android.gm.exchange,10157,2752,54256,[STARTED],false,true,1,1,37407334,
1428387890601,com.google.android.music.dial.DialMediaRouteProviderService,com.google.android.music:main,10058,0,21711939,[],false,true,0,0,10495967,
1428387890601,ch.unige.css.services.PingService,ch.unige.ping,10074,1449,87033930,[STARTED],false,true,0,0,37535055,
1428387890601,com.android.systemui.keyguard.KeyguardService,com.android.systemui,10012,906,42358,[PERSISTENT],false,false,1,1,42367,
1428387890601,ch.unige.css.services.main.CssRegistryService,ch.unige.ping:background,10074,13902,17964876,[STARTED],false,true,0,0,6748905,
1428387890601,com.google.android.finsky.billing.iab.InAppBillingService,com.android.vending,10014,20036,84782885,[],false,true,1,1,37173259,
1428387890601,com.whatsapp.messaging.MessageService,com.whatsapp,10159,26619,68313,[STARTED],false,true,1,1,36624867,
1428387890601,ccc71.at.services.at_service,ccc71.bmw.pro:services,10110,4012,69150,[STARTED],false,true,0,0,69159,
1428387890601,com.google.android.location.geocode.GeocodeService,com.google.process.location,10007,17755,86444925,[],false,true,1,1,37190705,
1428387954123,com.android.bluetooth.hid.HidService,com.android.bluetooth,1002,0,41148,[],false,true,1,1,41157,
1428387954123,com.android.exchange.service.EasService,com.google.android.gm.exchange,10157,2752,54256,[STARTED],false,true,1,1,37407334,
1428387954123,com.google.android.music.dial.DialMediaRouteProviderService,com.google.android.music:main,10058,0,21711939,[],false,true,0,0,10495967,
1428387954123,ch.unige.css.services.PingService,ch.unige.ping,10074,1449,87097474,[STARTED],false,true,0,0,37572410,
1428387954123,com.android.systemui.keyguard.KeyguardService,com.android.systemui,10012,906,42358,[PERSISTENT],false,false,1,1,42367,
1428387954123,ch.unige.css.services.main.CssRegistryService,ch.unige.ping:background,10074,13902,17964876,[STARTED],false,true,0,0,6748905,
1428387954123,com.google.android.finsky.billing.iab.InAppBillingService,com.android.vending,10014,20036,84782885,[],false,true,1,1,37173259,
1428387954123,com.whatsapp.messaging.MessageService,com.whatsapp,10159,26619,68313,[STARTED],false,true,1,1,36624867,
1428387954123,ccc71.at.services.at_service,ccc71.bmw.pro:services,10110,4012,69150,[STARTED],false,true,0,0,69159,
1428387954123,com.google.android.location.geocode.GeocodeService,com.google.process.location,10007,17755,86444925,[],false,true,1,1,37190705,
1428388014193,com.android.bluetooth.hid.HidService,com.android.bluetooth,1002,0,41148,[],false,true,1,1,41157,
1428388014193,com.android.exchange.service.EasService,com.google.android.gm.exchange,10157,2752,54256,[STARTED],false,true,1,1,37407334,
1428388014193,com.google.android.music.dial.DialMediaRouteProviderService,com.google.android.music:main,10058,0,21711939,[],false,true,0,0,10495967,
1428388014193,ch.unige.css.services.PingService,ch.unige.ping,10074,1449,87157543,[STARTED],false,true,0,0,37612268,
1428388014193,com.android.systemui.keyguard.KeyguardService,com.android.systemui,10012,906,42358,[PERSISTENT],false,false,1,1,42367,
1428388014193,ch.unige.css.services.main.CssRegistryService,ch.unige.ping:background,10074,13902,17964876,[STARTED],false,true,0,0,6748905,
1428388014193,com.google.android.finsky.billing.iab.InAppBillingService,com.android.vending,10014,20036,84782885,[],false,true,1,1,37173259,
1428388014193,com.whatsapp.messaging.MessageService,com.whatsapp,10159,26619,68313,[STARTED],false,true,1,1,36624867,
1428388014193,ccc71.at.services.at_service,ccc71.bmw.pro:services,10110,4012,69150,[STARTED],false,true,0,0,69159,
1428388014193,com.google.android.location.geocode.GeocodeService,com.google.process.location,10007,17755,86444925,[],false,true,1,1,37190705,
1428388074311,com.android.bluetooth.hid.HidService,com.android.bluetooth,1002,0,41148,[],false,true,1,1,41157,
1428388074311,com.android.exchange.service.EasService,com.google.android.gm.exchange,10157,2752,54256,[STARTED],false,true,1,1,37407334,
1428388074311,com.google.android.music.dial.DialMediaRouteProviderService,com.google.android.music:main,10058,0,21711939,[],false,true,0,0,10495967,
1428388074311,ch.unige.css.services.PingService,ch.unige.ping,10074,1449,87217662,[STARTED],false,true,0,0,37641916,
1428388074311,com.android.systemui.keyguard.KeyguardService,com.android.systemui,10012,906,42358,[PERSISTENT],false,false,1,1,42367,
1428388074311,ch.unige.css.services.main.CssRegistryService,ch.unige.ping:background,10074,13902,17964876,[STARTED],false,true,0,0,6748905,
1428388074311,com.google.android.finsky.billing.iab.InAppBillingService,com.android.vending,10014,20036,84782885,[],false,true,1,1,37173259,
1428388074311,com.whatsapp.messaging.MessageService,com.whatsapp,10159,26619,68313,[STARTED],false,true,1,1,36624867,
1428388074311,ccc71.at.services.at_service,ccc71.bmw.pro:services,10110,4012,69150,[STARTED],false,true,0,0,69159,
1428388074311,com.google.android.location.geocode.GeocodeService,com.google.process.location,10007,17755,86444925,[],false,true,1,1,37190705,
1428388135601,com.android.bluetooth.hid.HidService,com.android.bluetooth,1002,0,41148,[],false,true,1,1,41157,
1428388135601,com.android.exchange.service.EasService,com.google.android.gm.exchange,10157,2752,54256,[STARTED],false,true,1,1,37407334,
1428388135601,com.google.android.music.dial.DialMediaRouteProviderService,com.google.android.music:main,10058,0,21711939,[],false,true,0,0,10495967,
1428388135601,ch.unige.css.services.PingService,ch.unige.ping,10074,1449,87278932,[STARTED],false,true,0,0,37665257,
1428388135601,com.android.systemui.keyguard.KeyguardService,com.android.systemui,10012,906,42358,[PERSISTENT],false,false,1,1,42367,
1428388135601,ch.unige.css.services.main.CssRegistryService,ch.unige.ping:background,10074,13902,17964876,[STARTED],false,true,0,0,6748905,
1428388135601,com.google.android.finsky.billing.iab.InAppBillingService,com.android.vending,10014,20036,84782885,[],false,true,1,1,37173259,
1428388135601,com.whatsapp.messaging.MessageService,com.whatsapp,10159,26619,68313,[STARTED],false,true,1,1,36624867,
1428388135601,ccc71.at.services.at_service,ccc71.bmw.pro:services,10110,4012,69150,[STARTED],false,true,0,0,69159,
1428388135601,com.google.android.location.geocode.GeocodeService,com.google.process.location,10007,17755,86444925,[],false,true,1,1,37190705,
1428388196600,com.android.bluetooth.hid.HidService,com.android.bluetooth,1002,0,41148,[],false,true,1,1,41157,
1428388196600,com.android.exchange.service.EasService,com.google.android.gm.exchange,10157,2752,54256,[STARTED],false,true,1,1,37407334,
1428388196600,com.google.android.music.dial.DialMediaRouteProviderService,com.google.android.music:main,10058,0,21711939,[],false,true,0,0,10495967,
1428388196600,ch.unige.css.services.PingService,ch.unige.ping,10074,1449,87339932,[STARTED],false,true,0,0,37697127,
1428388196600,com.android.systemui.keyguard.KeyguardService,com.android.systemui,10012,906,42358,[PERSISTENT],false,false,1,1,42367,
1428388196600,ch.unige.css.services.main.CssRegistryService,ch.unige.ping:background,10074,13902,17964876,[STARTED],false,true,0,0,6748905,
1428388196600,com.google.android.finsky.billing.iab.InAppBillingService,com.android.vending,10014,20036,84782885,[],false,true,1,1,37173259,
1428388196600,com.whatsapp.messaging.MessageService,com.whatsapp,10159,26619,68313,[STARTED],false,true,1,1,36624867,
1428388196600,ccc71.at.services.at_service,ccc71.bmw.pro:services,10110,4012,69150,[STARTED],false,true,0,0,69159,
1428388196600,com.google.android.location.geocode.GeocodeService,com.google.process.location,10007,17755,86444925,[],false,true,1,1,37190705,
1428388256756,com.android.bluetooth.hid.HidService,com.android.bluetooth,1002,0,41148,[],false,true,1,1,41157,
1428388256756,com.android.exchange.service.EasService,com.google.android.gm.exchange,10157,2752,54256,[STARTED],false,true,1,1,37407334,
1428388256756,com.google.android.music.dial.DialMediaRouteProviderService,com.google.android.music:main,10058,0,21711939,[],false,true,0,0,10495967,
1428388256756,ch.unige.css.services.PingService,ch.unige.ping,10074,1449,87400088,[STARTED],false,true,0,0,37739562,
1428388256756,com.android.systemui.keyguard.KeyguardService,com.android.systemui,10012,906,42358,[PERSISTENT],false,false,1,1,42367,
1428388256756,ch.unige.css.services.main.CssRegistryService,ch.unige.ping:background,10074,13902,17964876,[STARTED],false,true,0,0,6748905,
1428388256756,com.google.android.finsky.billing.iab.InAppBillingService,com.android.vending,10014,20036,84782885,[],false,true,1,1,37173259,
1428388256756,com.whatsapp.messaging.MessageService,com.whatsapp,10159,26619,68313,[STARTED],false,true,1,1,36624867,
1428388256756,ccc71.at.services.at_service,ccc71.bmw.pro:services,10110,4012,69150,[STARTED],false,true,0,0,69159,
1428388256756,com.google.android.location.geocode.GeocodeService,com.google.process.location,10007,17755,86444925,[],false,true,1,1,37190705,
1428388320668,com.android.bluetooth.hid.HidService,com.android.bluetooth,1002,0,41148,[],false,true,1,1,41157,
1428388320668,com.android.exchange.service.EasService,com.google.android.gm.exchange,10157,2752,54256,[STARTED],false,true,1,1,37407334,
1428388320668,com.google.android.music.dial.DialMediaRouteProviderService,com.google.android.music:main,10058,0,21711939,[],false,true,0,0,10495967,
1428388320668,ch.unige.css.services.PingService,ch.unige.ping,10074,1449,87463950,[STARTED],false,true,0,0,37768445,
1428388320668,com.android.systemui.keyguard.KeyguardService,com.android.systemui,10012,906,42358,[PERSISTENT],false,false,1,1,42367,
1428388320668,ch.unige.css.services.main.CssRegistryService,ch.unige.ping:background,10074,13902,17964876,[STARTED],false,true,0,0,6748905,
1428388320668,com.google.android.finsky.billing.iab.InAppBillingService,com.android.vending,10014,20036,84782885,[],false,true,1,1,37173259,
1428388320668,com.whatsapp.messaging.MessageService,com.whatsapp,10159,26619,68313,[STARTED],false,true,1,1,36624867,
1428388320668,ccc71.at.services.at_service,ccc71.bmw.pro:services,10110,4012,69150,[STARTED],false,true,0,0,69159,
1428388320668,com.google.android.location.geocode.GeocodeService,com.google.process.location,10007,17755,86444925,[],false,true,1,1,37190705,
1428388382785,com.android.bluetooth.hid.HidService,com.android.bluetooth,1002,0,41148,[],false,true,1,1,41157,
1428388382785,com.android.exchange.service.EasService,com.google.android.gm.exchange,10157,2752,54256,[STARTED],false,true,1,1,37407334,
1428388382785,com.google.android.music.dial.DialMediaRouteProviderService,com.google.android.music:main,10058,0,21711939,[],false,true,0,0,10495967,
1428388382785,ch.unige.css.services.PingService,ch.unige.ping,10074,1449,87526135,[STARTED],false,true,0,0,37803984,
1428388382785,com.android.systemui.keyguard.KeyguardService,com.android.systemui,10012,906,42358,[PERSISTENT],false,false,1,1,42367,
1428388382785,ch.unige.css.services.main.CssRegistryService,ch.unige.ping:background,10074,13902,17964876,[STARTED],false,true,0,0,6748905,
1428388382785,com.google.android.finsky.billing.iab.InAppBillingService,com.android.vending,10014,20036,84782885,[],false,true,1,1,37173259,
1428388382785,com.whatsapp.messaging.MessageService,com.whatsapp,10159,26619,68313,[STARTED],false,true,1,1,36624867,
1428388382785,ccc71.at.services.at_service,ccc71.bmw.pro:services,10110,4012,69150,[STARTED],false,true,0,0,69159,
1428388382785,com.google.android.location.geocode.GeocodeService,com.google.process.location,10007,17755,86444925,[],false,true,1,1,37190705,
1428388442958,com.android.bluetooth.hid.HidService,com.android.bluetooth,1002,0,41148,[],false,true,1,1,41157,
1428388442958,com.android.exchange.service.EasService,com.google.android.gm.exchange,10157,2752,54256,[STARTED],false,true,1,1,37407334,
1428388442958,com.google.android.music.dial.DialMediaRouteProviderService,com.google.android.music:main,10058,0,21711939,[],false,true,0,0,10495967,
1428388442958,ch.unige.css.services.PingService,ch.unige.ping,10074,1449,87586294,[STARTED],false,true,0,0,37849258,
1428388442958,com.android.systemui.keyguard.KeyguardService,com.android.systemui,10012,906,42358,[PERSISTENT],false,false,1,1,42367,
1428388442958,ch.unige.css.services.main.CssRegistryService,ch.unige.ping:background,10074,13902,17964876,[STARTED],false,true,0,0,6748905,
1428388442958,com.google.android.finsky.billing.iab.InAppBillingService,com.android.vending,10014,20036,84782885,[],false,true,1,1,37173259,
1428388442958,com.whatsapp.messaging.MessageService,com.whatsapp,10159,26619,68313,[STARTED],false,true,1,1,36624867,
1428388442958,ccc71.at.services.at_service,ccc71.bmw.pro:services,10110,4012,69150,[STARTED],false,true,0,0,69159,
1428388442958,com.google.android.location.geocode.GeocodeService,com.google.process.location,10007,17755,86444925,[],false,true,1,1,37190705,
1428388503100,com.android.bluetooth.hid.HidService,com.android.bluetooth,1002,0,41148,[],false,true,1,1,41157,
1428388503100,com.android.exchange.service.EasService,com.google.android.gm.exchange,10157,2752,54256,[STARTED],false,true,1,1,37407334,
1428388503100,com.google.android.music.dial.DialMediaRouteProviderService,com.google.android.music:main,10058,0,21711939,[],false,true,0,0,10495967,
1428388503100,ch.unige.css.services.PingService,ch.unige.ping,10074,1449,87646451,[STARTED],false,true,0,0,37879046,
1428388503100,com.android.systemui.keyguard.KeyguardService,com.android.systemui,10012,906,42358,[PERSISTENT],false,false,1,1,42367,
1428388503100,ch.unige.css.services.main.CssRegistryService,ch.unige.ping:background,10074,13902,17964876,[STARTED],false,true,0,0,6748905,
1428388503100,com.google.android.finsky.billing.iab.InAppBillingService,com.android.vending,10014,20036,84782885,[],false,true,1,1,37173259,
1428388503100,com.whatsapp.messaging.MessageService,com.whatsapp,10159,26619,68313,[STARTED],false,true,1,1,36624867,
1428388503100,ccc71.at.services.at_service,ccc71.bmw.pro:services,10110,4012,69150,[STARTED],false,true,0,0,69159,
1428388503100,com.google.android.location.geocode.GeocodeService,com.google.process.location,10007,17755,86444925,[],false,true,1,1,37190705,
1428388563610,com.android.bluetooth.hid.HidService,com.android.bluetooth,1002,0,41148,[],false,true,1,1,41157,
1428388563610,com.android.exchange.service.EasService,com.google.android.gm.exchange,10157,2752,54256,[STARTED],false,true,1,1,37407334,
1428388563610,com.google.android.music.dial.DialMediaRouteProviderService,com.google.android.music:main,10058,0,21711939,[],false,true,0,0,10495967,
1428388563610,ch.unige.css.services.PingService,ch.unige.ping,10074,1449,87706940,[STARTED],false,true,0,0,37902916,
1428388563610,com.android.systemui.keyguard.KeyguardService,com.android.systemui,10012,906,42358,[PERSISTENT],false,false,1,1,42367,
1428388563610,ch.unige.css.services.main.CssRegistryService,ch.unige.ping:background,10074,13902,17964876,[STARTED],false,true,0,0,6748905,
1428388563610,com.google.android.finsky.billing.iab.InAppBillingService,com.android.vending,10014,20036,84782885,[],false,true,1,1,37173259,
1428388563610,com.whatsapp.messaging.MessageService,com.whatsapp,10159,26619,68313,[STARTED],false,true,1,1,36624867,
1428388563610,ccc71.at.services.at_service,ccc71.bmw.pro:services,10110,4012,69150,[STARTED],false,true,0,0,69159,
1428388563610,com.google.android.location.geocode.GeocodeService,com.google.process.location,10007,17755,86444925,[],false,true,1,1,37190705,
1428388623744,com.android.bluetooth.hid.HidService,com.android.bluetooth,1002,0,41148,[],false,true,1,1,41157,
1428388623744,com.android.exchange.service.EasService,com.google.android.gm.exchange,10157,2752,54256,[STARTED],false,true,1,1,37407334,
1428388623744,com.google.android.music.dial.DialMediaRouteProviderService,com.google.android.music:main,10058,0,21711939,[],false,true,0,0,10495967,
1428388623744,ch.unige.css.services.PingService,ch.unige.ping,10074,1449,87767093,[STARTED],false,true,0,0,37932138,
1428388623744,com.android.systemui.keyguard.KeyguardService,com.android.systemui,10012,906,42358,[PERSISTENT],false,false,1,1,42367,
1428388623744,ch.unige.css.services.main.CssRegistryService,ch.unige.ping:background,10074,13902,17964876,[STARTED],false,true,0,0,6748905,
1428388623744,com.google.android.finsky.billing.iab.InAppBillingService,com.android.vending,10014,20036,84782885,[],false,true,1,1,37173259,
1428388623744,com.whatsapp.messaging.MessageService,com.whatsapp,10159,26619,68313,[STARTED],false,true,1,1,36624867,
1428388623744,ccc71.at.services.at_service,ccc71.bmw.pro:services,10110,4012,69150,[STARTED],false,true,0,0,69159,
1428388623744,com.google.android.location.geocode.GeocodeService,com.google.process.location,10007,17755,86444925,[],false,true,1,1,37190705,
1428388683813,com.android.bluetooth.hid.HidService,com.android.bluetooth,1002,0,41148,[],false,true,1,1,41157,
1428388683813,com.android.exchange.service.EasService,com.google.android.gm.exchange,10157,2752,54256,[STARTED],false,true,1,1,37407334,
1428388683813,com.google.android.music.dial.DialMediaRouteProviderService,com.google.android.music:main,10058,0,21711939,[],false,true,0,0,10495967,
1428388683813,ch.unige.css.services.PingService,ch.unige.ping,10074,1449,87827163,[STARTED],false,true,0,0,37974223,
1428388683813,com.android.systemui.keyguard.KeyguardService,com.android.systemui,10012,906,42358,[PERSISTENT],false,false,1,1,42367,
1428388683813,ch.unige.css.services.main.CssRegistryService,ch.unige.ping:background,10074,13902,17964876,[STARTED],false,true,0,0,6748905,
1428388683813,com.google.android.finsky.billing.iab.InAppBillingService,com.android.vending,10014,20036,84782885,[],false,true,1,1,37173259,
1428388683813,com.whatsapp.messaging.MessageService,com.whatsapp,10159,26619,68313,[STARTED],false,true,1,1,36624867,
1428388683813,ccc71.at.services.at_service,ccc71.bmw.pro:services,10110,4012,69150,[STARTED],false,true,0,0,69159,
1428388683813,com.google.android.location.geocode.GeocodeService,com.google.process.location,10007,17755,86444925,[],false,true,1,1,37190705,
1428388743860,com.android.bluetooth.hid.HidService,com.android.bluetooth,1002,0,41148,[],false,true,1,1,41157,
1428388743860,com.android.exchange.service.EasService,com.google.android.gm.exchange,10157,2752,54256,[STARTED],false,true,1,1,37407334,
1428388743860,com.google.android.music.dial.DialMediaRouteProviderService,com.google.android.music:main,10058,0,21711939,[],false,true,0,0,10495967,
1428388743860,ch.unige.css.services.PingService,ch.unige.ping,10074,1449,87887211,[STARTED],false,true,0,0,38012396,
1428388743860,com.android.systemui.keyguard.KeyguardService,com.android.systemui,10012,906,42358,[PERSISTENT],false,false,1,1,42367,
1428388743860,ch.unige.css.services.main.CssRegistryService,ch.unige.ping:background,10074,13902,17964876,[STARTED],false,true,0,0,6748905,
1428388743860,com.google.android.finsky.billing.iab.InAppBillingService,com.android.vending,10014,20036,84782885,[],false,true,1,1,37173259,
1428388743860,com.whatsapp.messaging.MessageService,com.whatsapp,10159,26619,68313,[STARTED],false,true,1,1,36624867,
1428388743860,ccc71.at.services.at_service,ccc71.bmw.pro:services,10110,4012,69150,[STARTED],false,true,0,0,69159,
1428388743860,com.google.android.location.geocode.GeocodeService,com.google.process.location,10007,17755,86444925,[],false,true,1,1,37190705,
1428388803909,com.android.bluetooth.hid.HidService,com.android.bluetooth,1002,0,41148,[],false,true,1,1,41157,
1428388803909,com.google.android.gms.ads.identifier.service.AdvertisingIdService,com.google.android.gms,10007,17855,87936568,[],false,true,1,1,38059309,
1428388803909,com.android.exchange.service.EasService,com.google.android.gm.exchange,10157,2752,54256,[STARTED],false,true,1,1,37407334,
1428388803909,com.google.android.music.dial.DialMediaRouteProviderService,com.google.android.music:main,10058,0,21711939,[],false,true,0,0,10495967,
1428388803909,ch.unige.css.services.PingService,ch.unige.ping,10074,1449,87947241,[STARTED],false,true,0,0,38069836,
1428388803909,com.android.systemui.keyguard.KeyguardService,com.android.systemui,10012,906,42358,[PERSISTENT],false,false,1,1,42367,
1428388803909,ch.unige.css.services.main.CssRegistryService,ch.unige.ping:background,10074,13902,17964876,[STARTED],false,true,0,0,6748905,
1428388803909,com.google.android.finsky.billing.iab.InAppBillingService,com.android.vending,10014,20036,84782885,[],false,true,1,1,37173259,
1428388803909,com.whatsapp.messaging.MessageService,com.whatsapp,10159,26619,68313,[STARTED],false,true,1,1,36624867,
1428388803909,ccc71.at.services.at_service,ccc71.bmw.pro:services,10110,4012,69150,[STARTED],false,true,0,0,69159,
1428388863967,com.android.bluetooth.hid.HidService,com.android.bluetooth,1002,0,41148,[],false,true,1,1,41157,
1428388863967,com.android.exchange.service.EasService,com.google.android.gm.exchange,10157,2752,54256,[STARTED],false,true,1,1,38082789,
1428388863967,com.google.android.music.dial.DialMediaRouteProviderService,com.google.android.music:main,10058,0,21711939,[],false,true,0,0,10495967,
1428388863967,ch.unige.css.services.PingService,ch.unige.ping,10074,1449,88007290,[STARTED],false,true,0,0,38129885,
1428388863967,com.google.android.tts.service.GoogleTTSService,com.google.android.tts,10048,3254,87956564,[],false,true,1,1,38079217,
1428388863967,com.android.systemui.keyguard.KeyguardService,com.android.systemui,10012,906,42358,[PERSISTENT],false,false,1,1,42367,
1428388863967,ch.unige.css.services.main.CssRegistryService,ch.unige.ping:background,10074,13902,17964876,[STARTED],false,true,0,0,6748905,
1428388863967,com.google.android.finsky.billing.iab.InAppBillingService,com.android.vending,10014,20036,84782885,[],false,true,1,1,37173259,
1428388863967,com.whatsapp.messaging.MessageService,com.whatsapp,10159,26619,68313,[STARTED],false,true,1,1,36624867,
1428388863967,ccc71.at.services.at_service,ccc71.bmw.pro:services,10110,4012,69150,[STARTED],false,true,0,0,69159,
1428388923973,com.android.bluetooth.hid.HidService,com.android.bluetooth,1002,0,41148,[],false,true,1,1,41157,
1428388923973,com.android.exchange.service.EasService,com.google.android.gm.exchange,10157,2752,54256,[STARTED],false,true,1,1,38082789,
1428388923973,com.google.android.music.dial.DialMediaRouteProviderService,com.google.android.music:main,10058,0,21711939,[],false,true,0,0,10495967,
1428388923973,ch.unige.css.services.PingService,ch.unige.ping,10074,1449,88067319,[STARTED],false,true,0,0,38189914,
1428388923973,com.google.android.tts.service.GoogleTTSService,com.google.android.tts,10048,3254,87956564,[],false,true,1,1,38079217,
1428388923973,com.android.systemui.keyguard.KeyguardService,com.android.systemui,10012,906,42358,[PERSISTENT],false,false,1,1,42367,
1428388923973,ch.unige.css.services.main.CssRegistryService,ch.unige.ping:background,10074,13902,17964876,[STARTED],false,true,0,0,6748905,
1428388923973,com.google.android.finsky.billing.iab.InAppBillingService,com.android.vending,10014,20036,84782885,[],false,true,1,1,37173259,
1428388923973,com.whatsapp.messaging.MessageService,com.whatsapp,10159,26619,68313,[STARTED],false,true,1,1,36624867,
1428388923973,ccc71.at.services.at_service,ccc71.bmw.pro:services,10110,4012,69150,[STARTED],false,true,0,0,69159,
1428388983981,com.android.bluetooth.hid.HidService,com.android.bluetooth,1002,0,41148,[],false,true,1,1,41157,
1428388983981,com.android.exchange.service.EasService,com.google.android.gm.exchange,10157,2752,54256,[STARTED],false,true,1,1,38082789,
1428388983981,com.google.android.music.dial.DialMediaRouteProviderService,com.google.android.music:main,10058,0,21711939,[],false,true,0,0,10495967,
1428388983981,ch.unige.css.services.PingService,ch.unige.ping,10074,1449,88127333,[STARTED],false,true,0,0,38249928,
1428388983981,com.google.android.tts.service.GoogleTTSService,com.google.android.tts,10048,3254,87956564,[],false,true,1,1,38079217,
1428388983981,com.android.systemui.keyguard.KeyguardService,com.android.systemui,10012,906,42358,[PERSISTENT],false,false,1,1,42367,
1428388983981,ch.unige.css.services.main.CssRegistryService,ch.unige.ping:background,10074,13902,17964876,[STARTED],false,true,0,0,6748905,
1428388983981,com.google.android.finsky.billing.iab.InAppBillingService,com.android.vending,10014,20036,84782885,[],false,true,1,1,37173259,
1428388983981,com.whatsapp.messaging.MessageService,com.whatsapp,10159,26619,68313,[STARTED],false,true,1,1,36624867,
1428388983981,ccc71.at.services.at_service,ccc71.bmw.pro:services,10110,4012,69150,[STARTED],false,true,0,0,69159,
1428389043691,com.android.bluetooth.hid.HidService,com.android.bluetooth,1002,0,41148,[],false,true,1,1,41157,
1428389043691,com.android.exchange.service.EasService,com.google.android.gm.exchange,10157,2752,54256,[STARTED],false,true,1,1,38300040,
1428389043691,com.google.android.music.dial.DialMediaRouteProviderService,com.google.android.music:main,10058,0,21711939,[],false,true,0,0,10495967,
1428389043691,ch.unige.css.services.PingService,ch.unige.ping,10074,1449,88187358,[STARTED],false,true,0,0,38309953,
1428389043691,com.google.android.tts.service.GoogleTTSService,com.google.android.tts,10048,3254,87956564,[],false,true,1,1,38079217,
1428389043691,com.android.systemui.keyguard.KeyguardService,com.android.systemui,10012,906,42358,[PERSISTENT],false,false,1,1,42367,
1428389043691,ch.unige.css.services.main.CssRegistryService,ch.unige.ping:background,10074,13902,17964876,[STARTED],false,true,0,0,6748905,
1428389043691,com.google.android.finsky.billing.iab.InAppBillingService,com.android.vending,10014,20036,84782885,[],false,true,1,1,37173259,
1428389043691,com.whatsapp.messaging.MessageService,com.whatsapp,10159,26619,68313,[STARTED],false,true,1,1,36624867,
1428389043691,ccc71.at.services.at_service,ccc71.bmw.pro:services,10110,4012,69150,[STARTED],false,true,0,0,69159,
1428389103782,com.android.bluetooth.hid.HidService,com.android.bluetooth,1002,0,41148,[],false,true,1,1,41157,
1428389103782,com.android.exchange.service.EasService,com.google.android.gm.exchange,10157,2752,54256,[STARTED],false,true,1,1,38300040,
1428389103782,com.google.android.music.dial.DialMediaRouteProviderService,com.google.android.music:main,10058,0,21711939,[],false,true,0,0,10495967,
1428389103782,ch.unige.css.services.PingService,ch.unige.ping,10074,1449,88247425,[STARTED],false,true,0,0,38370020,
1428389103782,com.google.android.tts.service.GoogleTTSService,com.google.android.tts,10048,3254,87956564,[],false,true,1,1,38079217,
1428389103782,com.android.systemui.keyguard.KeyguardService,com.android.systemui,10012,906,42358,[PERSISTENT],false,false,1,1,42367,
1428389103782,ch.unige.css.services.main.CssRegistryService,ch.unige.ping:background,10074,13902,17964876,[STARTED],false,true,0,0,6748905,
1428389103782,com.google.android.finsky.billing.iab.InAppBillingService,com.android.vending,10014,20036,84782885,[],false,true,1,1,37173259,
1428389103782,com.whatsapp.messaging.MessageService,com.whatsapp,10159,26619,68313,[STARTED],false,true,1,1,36624867,
1428389103782,ccc71.at.services.at_service,ccc71.bmw.pro:services,10110,4012,69150,[STARTED],false,true,0,0,69159,
1428389163792,com.android.bluetooth.hid.HidService,com.android.bluetooth,1002,0,41148,[],false,true,1,1,41157,
1428389163792,com.android.exchange.service.EasService,com.google.android.gm.exchange,10157,2752,54256,[STARTED],false,true,1,1,38300040,
1428389163792,com.google.android.music.dial.DialMediaRouteProviderService,com.google.android.music:main,10058,0,21711939,[],false,true,0,0,10495967,
1428389163792,ch.unige.css.services.PingService,ch.unige.ping,10074,1449,88307471,[STARTED],false,true,0,0,38430066,
1428389163792,com.google.android.tts.service.GoogleTTSService,com.google.android.tts,10048,3254,87956564,[],false,true,1,1,38079217,
1428389163792,com.android.systemui.keyguard.KeyguardService,com.android.systemui,10012,906,42358,[PERSISTENT],false,false,1,1,42367,
1428389163792,ch.unige.css.services.main.CssRegistryService,ch.unige.ping:background,10074,13902,17964876,[STARTED],false,true,0,0,6748905,
1428389163792,com.google.android.finsky.billing.iab.InAppBillingService,com.android.vending,10014,20036,84782885,[],false,true,1,1,37173259,
1428389163792,com.whatsapp.messaging.MessageService,com.whatsapp,10159,26619,68313,[STARTED],false,true,1,1,36624867,
1428389163792,ccc71.at.services.at_service,ccc71.bmw.pro:services,10110,4012,69150,[STARTED],false,true,0,0,69159,
1428389223869,com.android.bluetooth.hid.HidService,com.android.bluetooth,1002,0,41148,[],false,true,1,1,41157,
1428389223869,com.android.exchange.service.EasService,com.google.android.gm.exchange,10157,2752,54256,[STARTED],false,true,1,1,38300040,
1428389223869,com.google.android.music.dial.DialMediaRouteProviderService,com.google.android.music:main,10058,0,21711939,[],false,true,0,0,10495967,
1428389223869,ch.unige.css.services.PingService,ch.unige.ping,10074,1449,88367519,[STARTED],false,true,0,0,38490114,
1428389223869,com.google.android.tts.service.GoogleTTSService,com.google.android.tts,10048,3254,87956564,[],false,true,1,1,38079217,
1428389223869,com.android.systemui.keyguard.KeyguardService,com.android.systemui,10012,906,42358,[PERSISTENT],false,false,1,1,42367,
1428389223869,ch.unige.css.services.main.CssRegistryService,ch.unige.ping:background,10074,13902,17964876,[STARTED],false,true,0,0,6748905,
1428389223869,com.google.android.finsky.billing.iab.InAppBillingService,com.android.vending,10014,20036,84782885,[],false,true,1,1,37173259,
1428389223869,com.whatsapp.messaging.MessageService,com.whatsapp,10159,26619,68313,[STARTED],false,true,1,1,36624867,
1428389223869,ccc71.at.services.at_service,ccc71.bmw.pro:services,10110,4012,69150,[STARTED],false,true,0,0,69159,
1428389283981,com.android.bluetooth.hid.HidService,com.android.bluetooth,1002,0,41148,[],false,true,1,1,41157,
1428389283981,com.android.exchange.service.EasService,com.google.android.gm.exchange,10157,2752,54256,[STARTED],false,true,1,1,38300040,
1428389283981,com.google.android.music.dial.DialMediaRouteProviderService,com.google.android.music:main,10058,0,21711939,[],false,true,0,0,10495967,
1428389283981,ch.unige.css.services.PingService,ch.unige.ping,10074,1449,88427663,[STARTED],false,true,0,0,38550258,
1428389283981,com.google.android.gms.clearcut.service.ClearcutLoggerIntentService,com.google.process.gapps,10007,17792,88427655,[STARTED],false,true,0,0,38550250,
1428389283981,com.google.android.tts.service.GoogleTTSService,com.google.android.tts,10048,3254,87956564,[],false,true,1,1,38079217,
1428389283981,com.android.systemui.keyguard.KeyguardService,com.android.systemui,10012,906,42358,[PERSISTENT],false,false,1,1,42367,
1428389283981,ch.unige.css.services.main.CssRegistryService,ch.unige.ping:background,10074,13902,17964876,[STARTED],false,true,0,0,6748905,
1428389283981,com.google.android.finsky.billing.iab.InAppBillingService,com.android.vending,10014,20036,84782885,[],false,true,1,1,37173259,
1428389283981,com.whatsapp.messaging.MessageService,com.whatsapp,10159,26619,68313,[STARTED],false,true,1,1,36624867,
1428389343431,com.android.bluetooth.hid.HidService,com.android.bluetooth,1002,0,41148,[],false,true,1,1,41157,
1428389343431,com.android.exchange.service.EasService,com.google.android.gm.exchange,10157,2752,54256,[STARTED],false,true,1,1,38300040,
1428389343431,com.google.android.music.dial.DialMediaRouteProviderService,com.google.android.music:main,10058,0,21711939,[],false,true,0,0,10495967,
1428389343431,ch.unige.css.services.PingService,ch.unige.ping,10074,1449,88487725,[STARTED],false,true,0,0,38604175,
1428389343431,com.google.android.tts.service.GoogleTTSService,com.google.android.tts,10048,3254,87956564,[],false,true,1,1,38079217,
1428389343431,com.android.systemui.keyguard.KeyguardService,com.android.systemui,10012,906,42358,[PERSISTENT],false,false,1,1,42367,
1428389343431,ch.unige.css.services.main.CssRegistryService,ch.unige.ping:background,10074,13902,17964876,[STARTED],false,true,0,0,6748905,
1428389343431,com.google.android.finsky.billing.iab.InAppBillingService,com.android.vending,10014,20036,84782885,[],false,true,1,1,37173259,
1428389343431,com.whatsapp.messaging.MessageService,com.whatsapp,10159,26619,68313,[STARTED],false,true,1,1,36624867,
1428389343431,ccc71.at.services.at_service,ccc71.bmw.pro:services,10110,4012,69150,[STARTED],false,true,0,0,69159,
1428389403528,com.android.bluetooth.hid.HidService,com.android.bluetooth,1002,0,41148,[],false,true,1,1,41157,
1428389403528,com.android.exchange.service.EasService,com.google.android.gm.exchange,10157,2752,54256,[STARTED],false,true,1,1,38300040,
1428389403528,com.google.android.music.dial.DialMediaRouteProviderService,com.google.android.music:main,10058,0,21711939,[],false,true,0,0,10495967,
1428389403528,ch.unige.css.services.PingService,ch.unige.ping,10074,1449,88547812,[STARTED],false,true,0,0,38659574,
1428389403528,com.google.android.tts.service.GoogleTTSService,com.google.android.tts,10048,3254,87956564,[],false,true,1,1,38079217,
1428389403528,com.android.systemui.keyguard.KeyguardService,com.android.systemui,10012,906,42358,[PERSISTENT],false,false,1,1,42367,
1428389403528,ch.unige.css.services.main.CssRegistryService,ch.unige.ping:background,10074,13902,17964876,[STARTED],false,true,0,0,6748905,
1428389403528,com.google.android.finsky.billing.iab.InAppBillingService,com.android.vending,10014,20036,84782885,[],false,true,1,1,37173259,
1428389403528,com.whatsapp.messaging.MessageService,com.whatsapp,10159,26619,68313,[STARTED],false,true,1,1,36624867,
1428389403528,ccc71.at.services.at_service,ccc71.bmw.pro:services,10110,4012,69150,[STARTED],false,true,0,0,69159,
1428389463548,com.android.bluetooth.hid.HidService,com.android.bluetooth,1002,0,41148,[],false,true,1,1,41157,
1428389463548,com.android.exchange.service.EasService,com.google.android.gm.exchange,10157,2752,54256,[STARTED],false,true,1,1,38300040,
1428389463548,com.google.android.music.dial.DialMediaRouteProviderService,com.google.android.music:main,10058,0,21711939,[],false,true,0,0,10495967,
1428389463548,ch.unige.css.services.PingService,ch.unige.ping,10074,1449,88607858,[STARTED],false,true,0,0,38718130,
1428389463548,com.google.android.tts.service.GoogleTTSService,com.google.android.tts,10048,3254,87956564,[],false,true,1,1,38079217,
1428389463548,com.android.systemui.keyguard.KeyguardService,com.android.systemui,10012,906,42358,[PERSISTENT],false,false,1,1,42367,
1428389463548,ch.unige.css.services.main.CssRegistryService,ch.unige.ping:background,10074,13902,17964876,[STARTED],false,true,0,0,6748905,
1428389463548,com.google.android.finsky.billing.iab.InAppBillingService,com.android.vending,10014,20036,84782885,[],false,true,1,1,37173259,
1428389463548,com.whatsapp.messaging.MessageService,com.whatsapp,10159,26619,68313,[STARTED],false,true,1,1,36624867,
1428389463548,ccc71.at.services.at_service,ccc71.bmw.pro:services,10110,4012,69150,[STARTED],false,true,0,0,69159,
1428389523628,com.android.bluetooth.hid.HidService,com.android.bluetooth,1002,0,41148,[],false,true,1,1,41157,
1428389523628,com.android.exchange.service.EasService,com.google.android.gm.exchange,10157,2752,54256,[STARTED],false,true,1,1,38300040,
1428389523628,com.google.android.music.dial.DialMediaRouteProviderService,com.google.android.music:main,10058,0,21711939,[],false,true,0,0,10495967,
1428389523628,ch.unige.css.services.PingService,ch.unige.ping,10074,1449,88667879,[STARTED],false,true,0,0,38771793,
1428389523628,com.google.android.tts.service.GoogleTTSService,com.google.android.tts,10048,3254,87956564,[],false,true,1,1,38079217,
1428389523628,com.android.systemui.keyguard.KeyguardService,com.android.systemui,10012,906,42358,[PERSISTENT],false,false,1,1,42367,
1428389523628,ch.unige.css.services.main.CssRegistryService,ch.unige.ping:background,10074,13902,17964876,[STARTED],false,true,0,0,6748905,
1428389523628,com.google.android.finsky.billing.iab.InAppBillingService,com.android.vending,10014,20036,84782885,[],false,true,1,1,37173259,
1428389523628,com.whatsapp.messaging.MessageService,com.whatsapp,10159,26619,68313,[STARTED],false,true,1,1,36624867,
1428389523628,ccc71.at.services.at_service,ccc71.bmw.pro:services,10110,4012,69150,[STARTED],false,true,0,0,69159,
1428389583639,com.android.bluetooth.hid.HidService,com.android.bluetooth,1002,0,41148,[],false,true,1,1,41157,
1428389583639,com.android.exchange.service.EasService,com.google.android.gm.exchange,10157,2752,54256,[STARTED],false,true,1,1,38300040,
1428389583639,com.google.android.music.dial.DialMediaRouteProviderService,com.google.android.music:main,10058,0,21711939,[],false,true,0,0,10495967,
1428389583639,ch.unige.css.services.PingService,ch.unige.ping,10074,1449,88727951,[STARTED],false,true,0,0,38828819,
1428389583639,com.google.android.tts.service.GoogleTTSService,com.google.android.tts,10048,3254,87956564,[],false,true,1,1,38079217,
1428389583639,com.android.systemui.keyguard.KeyguardService,com.android.systemui,10012,906,42358,[PERSISTENT],false,false,1,1,42367,
1428389583639,ch.unige.css.services.main.CssRegistryService,ch.unige.ping:background,10074,13902,17964876,[STARTED],false,true,0,0,6748905,
1428389583639,com.google.android.finsky.billing.iab.InAppBillingService,com.android.vending,10014,20036,84782885,[],false,true,1,1,37173259,
1428389583639,com.whatsapp.messaging.MessageService,com.whatsapp,10159,26619,68313,[STARTED],false,true,1,1,36624867,
1428389583639,ccc71.at.services.at_service,ccc71.bmw.pro:services,10110,4012,69150,[STARTED],false,true,0,0,69159,
1428389643494,com.android.bluetooth.hid.HidService,com.android.bluetooth,1002,0,41148,[],false,true,1,1,41157,
1428389643494,com.android.exchange.service.EasService,com.google.android.gm.exchange,10157,2752,54256,[STARTED],false,true,1,1,38300040,
1428389643494,com.google.android.music.dial.DialMediaRouteProviderService,com.google.android.music:main,10058,0,21711939,[],false,true,0,0,10495967,
1428389643494,ch.unige.css.services.PingService,ch.unige.ping,10074,1449,88787970,[STARTED],false,true,0,0,38888838,
1428389643494,com.google.android.tts.service.GoogleTTSService,com.google.android.tts,10048,3254,87956564,[],false,true,1,1,38079217,
1428389643494,com.android.systemui.keyguard.KeyguardService,com.android.systemui,10012,906,42358,[PERSISTENT],false,false,1,1,42367,
1428389643494,ch.unige.css.services.main.CssRegistryService,ch.unige.ping:background,10074,13902,17964876,[STARTED],false,true,0,0,6748905,
1428389643494,com.google.android.finsky.billing.iab.InAppBillingService,com.android.vending,10014,20036,84782885,[],false,true,1,1,37173259,
1428389643494,com.whatsapp.messaging.MessageService,com.whatsapp,10159,26619,68313,[STARTED],false,true,1,1,36624867,
1428389643494,ccc71.at.services.at_service,ccc71.bmw.pro:services,10110,4012,69150,[STARTED],false,true,0,0,69159,
1428389703351,com.android.bluetooth.hid.HidService,com.android.bluetooth,1002,0,41148,[],false,true,1,1,41157,
1428389703351,com.android.exchange.service.EasService,com.google.android.gm.exchange,10157,2752,54256,[STARTED],false,true,1,1,38300040,
1428389703351,com.google.android.music.dial.DialMediaRouteProviderService,com.google.android.music:main,10058,0,21711939,[],false,true,0,0,10495967,
1428389703351,ch.unige.css.services.PingService,ch.unige.ping,10074,1449,88847998,[STARTED],false,true,0,0,38948866,
1428389703351,com.google.android.tts.service.GoogleTTSService,com.google.android.tts,10048,3254,87956564,[],false,true,1,1,38079217,
1428389703351,com.android.systemui.keyguard.KeyguardService,com.android.systemui,10012,906,42358,[PERSISTENT],false,false,1,1,42367,
1428389703351,ch.unige.css.services.main.CssRegistryService,ch.unige.ping:background,10074,13902,17964876,[STARTED],false,true,0,0,6748905,
1428389703351,com.google.android.finsky.billing.iab.InAppBillingService,com.android.vending,10014,20036,84782885,[],false,true,1,1,37173259,
1428389703351,com.whatsapp.messaging.MessageService,com.whatsapp,10159,26619,68313,[STARTED],false,true,1,1,36624867,
1428389703351,ccc71.at.services.at_service,ccc71.bmw.pro:services,10110,4012,69150,[STARTED],false,true,0,0,69159,
1428389763368,com.android.bluetooth.hid.HidService,com.android.bluetooth,1002,0,41148,[],false,true,1,1,41157,
1428389763368,com.android.exchange.service.EasService,com.google.android.gm.exchange,10157,2752,54256,[STARTED],false,true,1,1,38300040,
1428389763368,com.google.android.music.dial.DialMediaRouteProviderService,com.google.android.music:main,10058,0,21711939,[],false,true,0,0,10495967,
1428389763368,ch.unige.css.services.PingService,ch.unige.ping,10074,1449,88908016,[STARTED],false,true,0,0,39008884,
1428389763368,com.google.android.tts.service.GoogleTTSService,com.google.android.tts,10048,3254,87956564,[],false,true,1,1,38079217,
1428389763368,com.android.systemui.keyguard.KeyguardService,com.android.systemui,10012,906,42358,[PERSISTENT],false,false,1,1,42367,
1428389763368,ch.unige.css.services.main.CssRegistryService,ch.unige.ping:background,10074,13902,17964876,[STARTED],false,true,0,0,6748905,
1428389763368,com.google.android.finsky.billing.iab.InAppBillingService,com.android.vending,10014,20036,84782885,[],false,true,1,1,37173259,
1428389763368,com.whatsapp.messaging.MessageService,com.whatsapp,10159,26619,68313,[STARTED],false,true,1,1,36624867,
1428389763368,ccc71.at.services.at_service,ccc71.bmw.pro:services,10110,4012,69150,[STARTED],false,true,0,0,69159,
1428389823377,com.android.bluetooth.hid.HidService,com.android.bluetooth,1002,0,41148,[],false,true,1,1,41157,
1428389823377,com.android.exchange.service.EasService,com.google.android.gm.exchange,10157,2752,54256,[STARTED],false,true,1,1,38300040,
1428389823377,com.google.android.music.dial.DialMediaRouteProviderService,com.google.android.music:main,10058,0,21711939,[],false,true,0,0,10495967,
1428389823377,ch.unige.css.services.PingService,ch.unige.ping,10074,1449,88968031,[STARTED],false,true,0,0,39068899,
1428389823377,com.google.android.tts.service.GoogleTTSService,com.google.android.tts,10048,3254,87956564,[],false,true,1,1,38079217,
1428389823377,com.android.systemui.keyguard.KeyguardService,com.android.systemui,10012,906,42358,[PERSISTENT],false,false,1,1,42367,
1428389823377,ch.unige.css.services.main.CssRegistryService,ch.unige.ping:background,10074,13902,17964876,[STARTED],false,true,0,0,6748905,
1428389823377,com.google.android.finsky.billing.iab.InAppBillingService,com.android.vending,10014,20036,84782885,[],false,true,1,1,37173259,
1428389823377,com.whatsapp.messaging.MessageService,com.whatsapp,10159,26619,68313,[STARTED],false,true,1,1,36624867,
1428389823377,ccc71.at.services.at_service,ccc71.bmw.pro:services,10110,4012,69150,[STARTED],false,true,0,0,69159,
1428389883405,com.android.bluetooth.hid.HidService,com.android.bluetooth,1002,0,41148,[],false,true,1,1,41157,
1428389883405,com.android.exchange.service.EasService,com.google.android.gm.exchange,10157,2752,54256,[STARTED],false,true,1,1,38300040,
1428389883405,com.google.android.music.dial.DialMediaRouteProviderService,com.google.android.music:main,10058,0,21711939,[],false,true,0,0,10495967,
1428389883405,ch.unige.css.services.PingService,ch.unige.ping,10074,1449,89028052,[STARTED],false,true,0,0,39128920,
1428389883405,com.google.android.tts.service.GoogleTTSService,com.google.android.tts,10048,3254,87956564,[],false,true,1,1,38079217,
1428389883405,com.android.systemui.keyguard.KeyguardService,com.android.systemui,10012,906,42358,[PERSISTENT],false,false,1,1,42367,
1428389883405,ch.unige.css.services.main.CssRegistryService,ch.unige.ping:background,10074,13902,17964876,[STARTED],false,true,0,0,6748905,
1428389883405,com.google.android.finsky.billing.iab.InAppBillingService,com.android.vending,10014,20036,84782885,[],false,true,1,1,37173259,
1428389883405,com.whatsapp.messaging.MessageService,com.whatsapp,10159,26619,68313,[STARTED],false,true,1,1,36624867,
1428389883405,ccc71.at.services.at_service,ccc71.bmw.pro:services,10110,4012,69150,[STARTED],false,true,0,0,69159,
1428389943437,com.android.bluetooth.hid.HidService,com.android.bluetooth,1002,0,41148,[],false,true,1,1,41157,
1428389943437,com.android.exchange.service.EasService,com.google.android.gm.exchange,10157,2752,54256,[STARTED],false,true,1,1,38300040,
1428389943437,com.google.android.music.dial.DialMediaRouteProviderService,com.google.android.music:main,10058,0,21711939,[],false,true,0,0,10495967,
1428389943437,ch.unige.css.services.PingService,ch.unige.ping,10074,1449,89088068,[STARTED],false,true,0,0,39188936,
1428389943437,com.google.android.tts.service.GoogleTTSService,com.google.android.tts,10048,3254,87956564,[],false,true,1,1,38079217,
1428389943437,com.android.systemui.keyguard.KeyguardService,com.android.systemui,10012,906,42358,[PERSISTENT],false,false,1,1,42367,
1428389943437,ch.unige.css.services.main.CssRegistryService,ch.unige.ping:background,10074,13902,17964876,[STARTED],false,true,0,0,6748905,
1428389943437,com.google.android.finsky.billing.iab.InAppBillingService,com.android.vending,10014,20036,84782885,[],false,true,1,1,37173259,
1428389943437,com.whatsapp.messaging.MessageService,com.whatsapp,10159,26619,68313,[STARTED],false,true,1,1,36624867,
1428389943437,ccc71.at.services.at_service,ccc71.bmw.pro:services,10110,4012,69150,[STARTED],false,true,0,0,69159,
1428390003477,com.android.bluetooth.hid.HidService,com.android.bluetooth,1002,0,41148,[],false,true,1,1,41157,
1428390003477,com.android.exchange.service.EasService,com.google.android.gm.exchange,10157,2752,54256,[STARTED],false,true,1,1,38300040,
1428390003477,com.google.android.music.dial.DialMediaRouteProviderService,com.google.android.music:main,10058,0,21711939,[],false,true,0,0,10495967,
1428390003477,ch.unige.css.services.PingService,ch.unige.ping,10074,1449,89148117,[STARTED],false,true,0,0,39248985,
1428390003477,com.google.android.tts.service.GoogleTTSService,com.google.android.tts,10048,3254,87956564,[],false,true,1,1,38079217,
1428390003477,com.android.systemui.keyguard.KeyguardService,com.android.systemui,10012,906,42358,[PERSISTENT],false,false,1,1,42367,
1428390003477,ch.unige.css.services.main.CssRegistryService,ch.unige.ping:background,10074,13902,17964876,[STARTED],false,true,0,0,6748905,
1428390003477,com.google.android.finsky.billing.iab.InAppBillingService,com.android.vending,10014,20036,84782885,[],false,true,1,1,37173259,
1428390003477,com.whatsapp.messaging.MessageService,com.whatsapp,10159,26619,68313,[STARTED],false,true,1,1,36624867,
1428390003477,ccc71.at.services.at_service,ccc71.bmw.pro:services,10110,4012,69150,[STARTED],false,true,0,0,69159,
1428390063644,com.android.bluetooth.hid.HidService,com.android.bluetooth,1002,0,41148,[],false,true,1,1,41157,
1428390063644,com.android.exchange.service.EasService,com.google.android.gm.exchange,10157,2752,54256,[STARTED],false,true,1,1,38300040,
1428390063644,com.google.android.music.dial.DialMediaRouteProviderService,com.google.android.music:main,10058,0,21711939,[],false,true,0,0,10495967,
1428390063644,ch.unige.css.services.PingService,ch.unige.ping,10074,1449,89208136,[STARTED],false,true,0,0,39309004,
1428390063644,com.google.android.tts.service.GoogleTTSService,com.google.android.tts,10048,3254,87956564,[],false,true,1,1,38079217,
1428390063644,com.android.systemui.keyguard.KeyguardService,com.android.systemui,10012,906,42358,[PERSISTENT],false,false,1,1,42367,
1428390063644,ch.unige.css.services.main.CssRegistryService,ch.unige.ping:background,10074,13902,17964876,[STARTED],false,true,0,0,6748905,
1428390063644,com.google.android.finsky.billing.iab.InAppBillingService,com.android.vending,10014,20036,84782885,[],false,true,1,1,37173259,
1428390063644,com.whatsapp.messaging.MessageService,com.whatsapp,10159,26619,68313,[STARTED],false,true,1,1,36624867,
1428390063644,ccc71.at.services.at_service,ccc71.bmw.pro:services,10110,4012,69150,[STARTED],false,true,0,0,69159,
1428390123529,com.android.bluetooth.hid.HidService,com.android.bluetooth,1002,0,41148,[],false,true,1,1,41157,
1428390123529,com.android.exchange.service.EasService,com.google.android.gm.exchange,10157,2752,54256,[STARTED],false,true,1,1,38300040,
1428390123529,com.google.android.music.dial.DialMediaRouteProviderService,com.google.android.music:main,10058,0,21711939,[],false,true,0,0,10495967,
1428390123529,ch.unige.css.services.PingService,ch.unige.ping,10074,1449,89268167,[STARTED],false,true,0,0,39369035,
1428390123529,com.google.android.tts.service.GoogleTTSService,com.google.android.tts,10048,3254,87956564,[],false,true,1,1,38079217,
1428390123529,com.android.systemui.keyguard.KeyguardService,com.android.systemui,10012,906,42358,[PERSISTENT],false,false,1,1,42367,
1428390123529,ch.unige.css.services.main.CssRegistryService,ch.unige.ping:background,10074,13902,17964876,[STARTED],false,true,0,0,6748905,
1428390123529,com.google.android.finsky.billing.iab.InAppBillingService,com.android.vending,10014,20036,84782885,[],false,true,1,1,37173259,
1428390123529,com.whatsapp.messaging.MessageService,com.whatsapp,10159,26619,68313,[STARTED],false,true,1,1,36624867,
1428390123529,ccc71.at.services.at_service,ccc71.bmw.pro:services,10110,4012,69150,[STARTED],false,true,0,0,69159,
1428390183579,com.android.bluetooth.hid.HidService,com.android.bluetooth,1002,0,41148,[],false,true,1,1,41157,
1428390183579,com.android.exchange.service.EasService,com.google.android.gm.exchange,10157,2752,54256,[STARTED],false,true,1,1,38300040,
1428390183579,com.google.android.music.dial.DialMediaRouteProviderService,com.google.android.music:main,10058,0,21711939,[],false,true,0,0,10495967,
1428390183579,ch.unige.css.services.PingService,ch.unige.ping,10074,1449,89328204,[STARTED],false,true,0,0,39429073,
1428390183579,com.google.android.tts.service.GoogleTTSService,com.google.android.tts,10048,3254,87956564,[],false,true,1,1,38079217,
1428390183579,com.android.systemui.keyguard.KeyguardService,com.android.systemui,10012,906,42358,[PERSISTENT],false,false,1,1,42367,
1428390183579,ch.unige.css.services.main.CssRegistryService,ch.unige.ping:background,10074,13902,17964876,[STARTED],false,true,0,0,6748905,
1428390183579,com.google.android.finsky.billing.iab.InAppBillingService,com.android.vending,10014,20036,84782885,[],false,true,1,1,37173259,
1428390183579,com.whatsapp.messaging.MessageService,com.whatsapp,10159,26619,68313,[STARTED],false,true,1,1,36624867,
1428390183579,ccc71.at.services.at_service,ccc71.bmw.pro:services,10110,4012,69150,[STARTED],false,true,0,0,69159,
1428390243645,com.android.bluetooth.hid.HidService,com.android.bluetooth,1002,0,41148,[],false,true,1,1,41157,
1428390243645,com.android.exchange.service.EasService,com.google.android.gm.exchange,10157,2752,54256,[STARTED],false,true,1,1,38300040,
1428390243645,com.google.android.music.dial.DialMediaRouteProviderService,com.google.android.music:main,10058,0,21711939,[],false,true,0,0,10495967,
1428390243645,ch.unige.css.services.PingService,ch.unige.ping,10074,1449,89388288,[STARTED],false,true,0,0,39489156,
1428390243645,com.google.android.tts.service.GoogleTTSService,com.google.android.tts,10048,3254,87956564,[],false,true,1,1,38079217,
1428390243645,com.android.systemui.keyguard.KeyguardService,com.android.systemui,10012,906,42358,[PERSISTENT],false,false,1,1,42367,
1428390243645,ch.unige.css.services.main.CssRegistryService,ch.unige.ping:background,10074,13902,17964876,[STARTED],false,true,0,0,6748905,
1428390243645,com.google.android.finsky.billing.iab.InAppBillingService,com.android.vending,10014,20036,84782885,[],false,true,1,1,37173259,
1428390243645,com.whatsapp.messaging.MessageService,com.whatsapp,10159,26619,68313,[STARTED],false,true,1,1,36624867,
1428390243645,ccc71.at.services.at_service,ccc71.bmw.pro:services,10110,4012,69150,[STARTED],false,true,0,0,69159,
1428390303145,com.android.bluetooth.hid.HidService,com.android.bluetooth,1002,0,41148,[],false,true,1,1,41157,
1428390303145,com.android.exchange.service.EasService,com.google.android.gm.exchange,10157,2752,54256,[STARTED],false,true,1,1,38300040,
1428390303145,com.google.android.music.dial.DialMediaRouteProviderService,com.google.android.music:main,10058,0,21711939,[],false,true,0,0,10495967,
1428390303145,ch.unige.css.services.PingService,ch.unige.ping,10074,1449,89448321,[STARTED],false,true,0,0,39549189,
1428390303145,com.google.android.tts.service.GoogleTTSService,com.google.android.tts,10048,3254,87956564,[],false,true,1,1,38079217,
1428390303145,com.android.systemui.keyguard.KeyguardService,com.android.systemui,10012,906,42358,[PERSISTENT],false,false,1,1,42367,
1428390303145,ch.unige.css.services.main.CssRegistryService,ch.unige.ping:background,10074,13902,17964876,[STARTED],false,true,0,0,6748905,
1428390303145,com.google.android.finsky.billing.iab.InAppBillingService,com.android.vending,10014,20036,84782885,[],false,true,1,1,37173259,
1428390303145,com.whatsapp.messaging.MessageService,com.whatsapp,10159,26619,68313,[STARTED],false,true,1,1,36624867,
1428390303145,ccc71.at.services.at_service,ccc71.bmw.pro:services,10110,4012,69150,[STARTED],false,true,0,0,69159,
1428390363142,com.android.bluetooth.hid.HidService,com.android.bluetooth,1002,0,41148,[],false,true,1,1,41157,
1428390363142,com.android.exchange.service.EasService,com.google.android.gm.exchange,10157,2752,54256,[STARTED],false,true,1,1,38300040,
1428390363142,com.google.android.music.dial.DialMediaRouteProviderService,com.google.android.music:main,10058,0,21711939,[],false,true,0,0,10495967,
1428390363142,ch.unige.css.services.PingService,ch.unige.ping,10074,1449,89508346,[STARTED],false,true,0,0,39609214,
1428390363142,com.google.android.tts.service.GoogleTTSService,com.google.android.tts,10048,3254,87956564,[],false,true,1,1,38079217,
1428390363142,com.android.systemui.keyguard.KeyguardService,com.android.systemui,10012,906,42358,[PERSISTENT],false,false,1,1,42367,
1428390363142,ch.unige.css.services.main.CssRegistryService,ch.unige.ping:background,10074,13902,17964876,[STARTED],false,true,0,0,6748905,
1428390363142,com.google.android.finsky.billing.iab.InAppBillingService,com.android.vending,10014,20036,84782885,[],false,true,1,1,37173259,
1428390363142,com.whatsapp.messaging.MessageService,com.whatsapp,10159,26619,68313,[STARTED],false,true,1,1,36624867,
1428390363142,ccc71.at.services.at_service,ccc71.bmw.pro:services,10110,4012,69150,[STARTED],false,true,0,0,69159,
1428390423201,com.android.bluetooth.hid.HidService,com.android.bluetooth,1002,0,41148,[],false,true,1,1,41157,
1428390423201,com.android.exchange.service.EasService,com.google.android.gm.exchange,10157,2752,54256,[STARTED],false,true,1,1,38300040,
1428390423201,com.google.android.music.dial.DialMediaRouteProviderService,com.google.android.music:main,10058,0,21711939,[],false,true,0,0,10495967,
1428390423201,ch.unige.css.services.PingService,ch.unige.ping,10074,1449,89568402,[STARTED],false,true,0,0,39669270,
1428390423201,com.google.android.tts.service.GoogleTTSService,com.google.android.tts,10048,3254,87956564,[],false,true,1,1,38079217,
1428390423201,com.android.systemui.keyguard.KeyguardService,com.android.systemui,10012,906,42358,[PERSISTENT],false,false,1,1,42367,
1428390423201,ch.unige.css.services.main.CssRegistryService,ch.unige.ping:background,10074,13902,17964876,[STARTED],false,true,0,0,6748905,
1428390423201,com.google.android.finsky.billing.iab.InAppBillingService,com.android.vending,10014,20036,84782885,[],false,true,1,1,37173259,
1428390423201,com.whatsapp.messaging.MessageService,com.whatsapp,10159,26619,68313,[STARTED],false,true,1,1,36624867,
1428390423201,ccc71.at.services.at_service,ccc71.bmw.pro:services,10110,4012,69150,[STARTED],false,true,0,0,69159,
1428390484158,com.android.bluetooth.hid.HidService,com.android.bluetooth,1002,0,41148,[],false,true,1,1,41157,
1428390484158,com.android.exchange.service.EasService,com.google.android.gm.exchange,10157,2752,54256,[STARTED],false,true,1,1,38300040,
1428390484158,com.google.android.music.dial.DialMediaRouteProviderService,com.google.android.music:main,10058,0,21711939,[],false,true,0,0,10495967,
1428390484158,ch.unige.css.services.PingService,ch.unige.ping,10074,1449,89628418,[STARTED],false,true,0,0,39705251,
1428390484158,com.google.android.tts.service.GoogleTTSService,com.google.android.tts,10048,3254,87956564,[],false,true,1,1,38079217,
1428390484158,com.android.systemui.keyguard.KeyguardService,com.android.systemui,10012,906,42358,[PERSISTENT],false,false,1,1,42367,
1428390484158,ch.unige.css.services.main.CssRegistryService,ch.unige.ping:background,10074,13902,17964876,[STARTED],false,true,0,0,6748905,
1428390484158,com.google.android.finsky.billing.iab.InAppBillingService,com.android.vending,10014,20036,84782885,[],false,true,1,1,37173259,
1428390484158,com.whatsapp.messaging.MessageService,com.whatsapp,10159,26619,68313,[STARTED],false,true,1,1,36624867,
1428390484158,ccc71.at.services.at_service,ccc71.bmw.pro:services,10110,4012,69150,[STARTED],false,true,0,0,69159,
1428390544191,com.android.bluetooth.hid.HidService,com.android.bluetooth,1002,0,41148,[],false,true,1,1,41157,
1428390544191,com.android.exchange.service.EasService,com.google.android.gm.exchange,10157,2752,54256,[STARTED],false,true,1,1,38300040,
1428390544191,com.google.android.music.dial.DialMediaRouteProviderService,com.google.android.music:main,10058,0,21711939,[],false,true,0,0,10495967,
1428390544191,ch.unige.css.services.PingService,ch.unige.ping,10074,1449,89688447,[STARTED],false,true,0,0,39765280,
1428390544191,com.google.android.tts.service.GoogleTTSService,com.google.android.tts,10048,3254,87956564,[],false,true,1,1,38079217,
1428390544191,com.android.systemui.keyguard.KeyguardService,com.android.systemui,10012,906,42358,[PERSISTENT],false,false,1,1,42367,
1428390544191,ch.unige.css.services.main.CssRegistryService,ch.unige.ping:background,10074,13902,17964876,[STARTED],false,true,0,0,6748905,
1428390544191,com.google.android.finsky.billing.iab.InAppBillingService,com.android.vending,10014,20036,84782885,[],false,true,1,1,37173259,
1428390544191,com.whatsapp.messaging.MessageService,com.whatsapp,10159,26619,68313,[STARTED],false,true,1,1,36624867,
1428390544191,ccc71.at.services.at_service,ccc71.bmw.pro:services,10110,4012,69150,[STARTED],false,true,0,0,69159,
1428390604211,com.android.bluetooth.hid.HidService,com.android.bluetooth,1002,0,41148,[],false,true,1,1,41157,
1428390604211,com.android.exchange.service.EasService,com.google.android.gm.exchange,10157,2752,54256,[STARTED],false,true,1,1,38300040,
1428390604211,com.google.android.music.dial.DialMediaRouteProviderService,com.google.android.music:main,10058,0,21711939,[],false,true,0,0,10495967,
1428390604211,ch.unige.css.services.PingService,ch.unige.ping,10074,1449,89748466,[STARTED],false,true,0,0,39825299,
1428390604211,com.google.android.tts.service.GoogleTTSService,com.google.android.tts,10048,3254,87956564,[],false,true,1,1,38079217,
1428390604211,com.android.systemui.keyguard.KeyguardService,com.android.systemui,10012,906,42358,[PERSISTENT],false,false,1,1,42367,
1428390604211,ch.unige.css.services.main.CssRegistryService,ch.unige.ping:background,10074,13902,17964876,[STARTED],false,true,0,0,6748905,
1428390604211,com.google.android.finsky.billing.iab.InAppBillingService,com.android.vending,10014,20036,84782885,[],false,true,1,1,37173259,
1428390604211,com.whatsapp.messaging.MessageService,com.whatsapp,10159,26619,68313,[STARTED],false,true,1,1,36624867,
1428390604211,ccc71.at.services.at_service,ccc71.bmw.pro:services,10110,4012,69150,[STARTED],false,true,0,0,69159,
1428390664233,com.android.bluetooth.hid.HidService,com.android.bluetooth,1002,0,41148,[],false,true,1,1,41157,
1428390664233,com.android.exchange.service.EasService,com.google.android.gm.exchange,10157,2752,54256,[STARTED],false,true,1,1,38300040,
1428390664233,com.google.android.music.dial.DialMediaRouteProviderService,com.google.android.music:main,10058,0,21711939,[],false,true,0,0,10495967,
1428390664233,ch.unige.css.services.PingService,ch.unige.ping,10074,1449,89808489,[STARTED],false,true,0,0,39885322,
1428390664233,com.google.android.tts.service.GoogleTTSService,com.google.android.tts,10048,3254,87956564,[],false,true,1,1,38079217,
1428390664233,com.android.systemui.keyguard.KeyguardService,com.android.systemui,10012,906,42358,[PERSISTENT],false,false,1,1,42367,
1428390664233,ch.unige.css.services.main.CssRegistryService,ch.unige.ping:background,10074,13902,17964876,[STARTED],false,true,0,0,6748905,
1428390664233,com.google.android.finsky.billing.iab.InAppBillingService,com.android.vending,10014,20036,84782885,[],false,true,1,1,37173259,
1428390664233,com.whatsapp.messaging.MessageService,com.whatsapp,10159,26619,68313,[STARTED],false,true,1,1,36624867,
1428390664233,ccc71.at.services.at_service,ccc71.bmw.pro:services,10110,4012,69150,[STARTED],false,true,0,0,69159,
1428390724241,com.android.bluetooth.hid.HidService,com.android.bluetooth,1002,0,41148,[],false,true,1,1,41157,
1428390724241,com.android.exchange.service.EasService,com.google.android.gm.exchange,10157,2752,54256,[STARTED],false,true,1,1,38300040,
1428390724241,com.google.android.music.dial.DialMediaRouteProviderService,com.google.android.music:main,10058,0,21711939,[],false,true,0,0,10495967,
1428390724241,ch.unige.css.services.PingService,ch.unige.ping,10074,1449,89868505,[STARTED],false,true,0,0,39945339,
1428390724241,com.google.android.tts.service.GoogleTTSService,com.google.android.tts,10048,3254,87956564,[],false,true,1,1,38079217,
1428390724241,com.android.systemui.keyguard.KeyguardService,com.android.systemui,10012,906,42358,[PERSISTENT],false,false,1,1,42367,
1428390724241,ch.unige.css.services.main.CssRegistryService,ch.unige.ping:background,10074,13902,17964876,[STARTED],false,true,0,0,6748905,
1428390724241,com.google.android.finsky.billing.iab.InAppBillingService,com.android.vending,10014,20036,89853813,[],false,true,1,1,39930646,
1428390724241,com.whatsapp.messaging.MessageService,com.whatsapp,10159,26619,68313,[STARTED],false,true,1,1,36624867,
1428390724241,ccc71.at.services.at_service,ccc71.bmw.pro:services,10110,4012,69150,[STARTED],false,true,0,0,69159,
1428390784274,com.android.bluetooth.hid.HidService,com.android.bluetooth,1002,0,41148,[],false,true,1,1,41157,
1428390784274,com.android.exchange.service.EasService,com.google.android.gm.exchange,10157,2752,54256,[STARTED],false,true,1,1,39964113,
1428390784274,com.google.android.music.dial.DialMediaRouteProviderService,com.google.android.music:main,10058,0,21711939,[],false,true,0,0,10495967,
1428390784274,ch.unige.css.services.PingService,ch.unige.ping,10074,1449,89928525,[STARTED],false,true,0,0,40005358,
1428390784274,com.google.android.tts.service.GoogleTTSService,com.google.android.tts,10048,3254,89904972,[],false,true,1,1,39981806,
1428390784274,com.android.systemui.keyguard.KeyguardService,com.android.systemui,10012,906,42358,[PERSISTENT],false,false,1,1,42367,
1428390784274,ch.unige.css.services.main.CssRegistryService,ch.unige.ping:background,10074,13902,17964876,[STARTED],false,true,0,0,6748905,
1428390784274,com.whatsapp.messaging.MessageService,com.whatsapp,10159,26619,68313,[STARTED],false,true,1,1,36624867,
1428390784274,ccc71.at.services.at_service,ccc71.bmw.pro:services,10110,4012,69150,[STARTED],false,true,0,0,69159,
1428390784274,com.android.inputmethod.latin.spellcheck.AndroidSpellCheckerService,com.google.android.inputmethod.latin,10054,1125,89898943,[],false,true,1,1,39975777,
1428390844314,com.android.bluetooth.hid.HidService,com.android.bluetooth,1002,0,41148,[],false,true,1,1,41157,
1428390844314,com.android.exchange.service.EasService,com.google.android.gm.exchange,10157,2752,54256,[STARTED],false,true,1,1,39964113,
1428390844314,com.google.android.music.dial.DialMediaRouteProviderService,com.google.android.music:main,10058,0,21711939,[],false,true,0,0,10495967,
1428390844314,ch.unige.css.services.PingService,ch.unige.ping,10074,1449,89988575,[STARTED],false,true,0,0,40065409,
1428390844314,com.google.android.tts.service.GoogleTTSService,com.google.android.tts,10048,3254,89904972,[],false,true,1,1,39981806,
1428390844314,com.android.systemui.keyguard.KeyguardService,com.android.systemui,10012,906,42358,[PERSISTENT],false,false,1,1,42367,
1428390844314,ch.unige.css.services.main.CssRegistryService,ch.unige.ping:background,10074,13902,17964876,[STARTED],false,true,0,0,6748905,
1428390844314,com.whatsapp.messaging.MessageService,com.whatsapp,10159,26619,68313,[STARTED],false,true,1,1,36624867,
1428390844314,ccc71.at.services.at_service,ccc71.bmw.pro:services,10110,4012,69150,[STARTED],false,true,0,0,69159,
1428390844314,com.android.inputmethod.latin.spellcheck.AndroidSpellCheckerService,com.google.android.inputmethod.latin,10054,1125,89898943,[],false,true,1,1,39975777,
1428390923006,com.android.bluetooth.hid.HidService,com.android.bluetooth,1002,0,41148,[],false,true,1,1,41157,
1428390923006,com.android.exchange.service.EasService,com.google.android.gm.exchange,10157,2752,54256,[STARTED],false,true,1,1,39964113,
1428390923006,com.google.android.music.dial.DialMediaRouteProviderService,com.google.android.music:main,10058,0,21711939,[],false,true,0,0,10495967,
1428390923006,ch.unige.css.services.PingService,ch.unige.ping,10074,1449,90067158,[STARTED],false,true,0,0,40107113,
1428390923006,com.android.systemui.keyguard.KeyguardService,com.android.systemui,10012,906,42358,[PERSISTENT],false,false,1,1,42367,
1428390923006,ch.unige.css.services.main.CssRegistryService,ch.unige.ping:background,10074,13902,17964876,[STARTED],false,true,0,0,6748905,
1428390923006,com.whatsapp.messaging.MessageService,com.whatsapp,10159,26619,68313,[STARTED],false,true,1,1,36624867,
1428390923006,ccc71.at.services.at_service,ccc71.bmw.pro:services,10110,4012,69150,[STARTED],false,true,0,0,69159,
1428390923006,com.google.android.location.geocode.GeocodeService,com.google.process.location,10007,17755,88411870,[],false,true,1,1,38534465,
1428390923006,com.google.android.gms.gcm.GcmService,com.google.process.gapps,10007,17792,17965599,[STARTED],false,true,0,0,38806076,
1428390984579,com.android.bluetooth.hid.HidService,com.android.bluetooth,1002,0,41148,[],false,true,1,1,41157,
1428390984579,com.android.exchange.service.EasService,com.google.android.gm.exchange,10157,2752,54256,[STARTED],false,true,1,1,39964113,
1428390984579,com.google.android.music.dial.DialMediaRouteProviderService,com.google.android.music:main,10058,0,21711939,[],false,true,0,0,10495967,
1428390984579,ch.unige.css.services.PingService,ch.unige.ping,10074,1449,90128845,[STARTED],false,true,0,0,40130401,
1428390984579,com.android.systemui.keyguard.KeyguardService,com.android.systemui,10012,906,42358,[PERSISTENT],false,false,1,1,42367,
1428390984579,ch.unige.css.services.main.CssRegistryService,ch.unige.ping:background,10074,13902,17964876,[STARTED],false,true,0,0,6748905,
1428390984579,com.whatsapp.messaging.MessageService,com.whatsapp,10159,26619,68313,[STARTED],false,true,1,1,36624867,
1428390984579,ccc71.at.services.at_service,ccc71.bmw.pro:services,10110,4012,69150,[STARTED],false,true,0,0,69159,
1428390984579,com.google.android.location.geocode.GeocodeService,com.google.process.location,10007,17755,88411870,[],false,true,1,1,38534465,
1428390984579,com.google.android.gms.gcm.GcmService,com.google.process.gapps,10007,17792,17965599,[STARTED],false,true,0,0,38806076,
1428391045620,com.android.bluetooth.hid.HidService,com.android.bluetooth,1002,0,41148,[],false,true,1,1,41157,
1428391045620,com.android.exchange.service.EasService,com.google.android.gm.exchange,10157,2752,54256,[STARTED],false,true,1,1,39964113,
1428391045620,com.google.android.music.dial.DialMediaRouteProviderService,com.google.android.music:main,10058,0,21711939,[],false,true,0,0,10495967,
1428391045620,ch.unige.css.services.PingService,ch.unige.ping,10074,1449,90189846,[STARTED],false,true,0,0,40161510,
1428391045620,com.android.systemui.keyguard.KeyguardService,com.android.systemui,10012,906,42358,[PERSISTENT],false,false,1,1,42367,
1428391045620,ch.unige.css.services.main.CssRegistryService,ch.unige.ping:background,10074,13902,17964876,[STARTED],false,true,0,0,6748905,
1428391045620,com.whatsapp.messaging.MessageService,com.whatsapp,10159,26619,68313,[STARTED],false,true,1,1,36624867,
1428391045620,ccc71.at.services.at_service,ccc71.bmw.pro:services,10110,4012,69150,[STARTED],false,true,0,0,69159,
1428391045620,com.google.android.location.geocode.GeocodeService,com.google.process.location,10007,17755,88411870,[],false,true,1,1,38534465,
1428391045620,com.google.android.gms.gcm.GcmService,com.google.process.gapps,10007,17792,17965599,[STARTED],false,true,0,0,38806076,
1428391106614,com.android.bluetooth.hid.HidService,com.android.bluetooth,1002,0,41148,[],false,true,1,1,41157,
1428391106614,com.android.exchange.service.EasService,com.google.android.gm.exchange,10157,2752,54256,[STARTED],false,true,1,1,39964113,
1428391106614,com.google.android.music.dial.DialMediaRouteProviderService,com.google.android.music:main,10058,0,21711939,[],false,true,0,0,10495967,
1428391106614,ch.unige.css.services.PingService,ch.unige.ping,10074,1449,90250842,[STARTED],false,true,0,0,40186963,
1428391106614,com.android.systemui.keyguard.KeyguardService,com.android.systemui,10012,906,42358,[PERSISTENT],false,false,1,1,42367,
1428391106614,ch.unige.css.services.main.CssRegistryService,ch.unige.ping:background,10074,13902,17964876,[STARTED],false,true,0,0,6748905,
1428391106614,com.whatsapp.messaging.MessageService,com.whatsapp,10159,26619,68313,[STARTED],false,true,1,1,36624867,
1428391106614,ccc71.at.services.at_service,ccc71.bmw.pro:services,10110,4012,69150,[STARTED],false,true,0,0,69159,
1428391106614,com.google.android.location.geocode.GeocodeService,com.google.process.location,10007,17755,88411870,[],false,true,1,1,38534465,
1428391106614,com.google.android.gms.gcm.GcmService,com.google.process.gapps,10007,17792,17965599,[STARTED],false,true,0,0,38806076,
1428391166592,com.android.bluetooth.hid.HidService,com.android.bluetooth,1002,0,41148,[],false,true,1,1,41157,
1428391166592,com.android.exchange.service.EasService,com.google.android.gm.exchange,10157,2752,54256,[STARTED],false,true,1,1,39964113,
1428391166592,com.google.android.music.dial.DialMediaRouteProviderService,com.google.android.music:main,10058,0,21711939,[],false,true,0,0,10495967,
1428391166592,ch.unige.css.services.PingService,ch.unige.ping,10074,1449,90310859,[STARTED],false,true,0,0,40208914,
1428391166592,com.android.systemui.keyguard.KeyguardService,com.android.systemui,10012,906,42358,[PERSISTENT],false,false,1,1,42367,
1428391166592,ch.unige.css.services.main.CssRegistryService,ch.unige.ping:background,10074,13902,17964876,[STARTED],false,true,0,0,6748905,
1428391166592,com.whatsapp.messaging.MessageService,com.whatsapp,10159,26619,68313,[STARTED],false,true,1,1,36624867,
1428391166592,ccc71.at.services.at_service,ccc71.bmw.pro:services,10110,4012,69150,[STARTED],false,true,0,0,69159,
1428391166592,com.google.android.location.geocode.GeocodeService,com.google.process.location,10007,17755,88411870,[],false,true,1,1,38534465,
1428391166592,com.google.android.gms.gcm.GcmService,com.google.process.gapps,10007,17792,17965599,[STARTED],false,true,0,0,38806076,
1428391226958,com.android.bluetooth.hid.HidService,com.android.bluetooth,1002,0,41148,[],false,true,1,1,41157,
1428391226958,com.android.exchange.service.EasService,com.google.android.gm.exchange,10157,2752,54256,[STARTED],false,true,1,1,39964113,
1428391226958,com.google.android.music.dial.DialMediaRouteProviderService,com.google.android.music:main,10058,0,21711939,[],false,true,0,0,10495967,
1428391226958,ch.unige.css.services.PingService,ch.unige.ping,10074,1449,90371138,[STARTED],false,true,0,0,40229579,
1428391226958,com.android.systemui.keyguard.KeyguardService,com.android.systemui,10012,906,42358,[PERSISTENT],false,false,1,1,42367,
1428391226958,ch.unige.css.services.main.CssRegistryService,ch.unige.ping:background,10074,13902,17964876,[STARTED],false,true,0,0,6748905,
1428391226958,com.whatsapp.messaging.MessageService,com.whatsapp,10159,26619,68313,[STARTED],false,true,1,1,36624867,
1428391226958,ccc71.at.services.at_service,ccc71.bmw.pro:services,10110,4012,69150,[STARTED],false,true,0,0,69159,
1428391226958,com.google.android.location.geocode.GeocodeService,com.google.process.location,10007,17755,88411870,[],false,true,1,1,38534465,
1428391226958,com.google.android.gms.gcm.GcmService,com.google.process.gapps,10007,17792,17965599,[STARTED],false,true,0,0,38806076,
1428391290584,com.android.bluetooth.hid.HidService,com.android.bluetooth,1002,0,41148,[],false,true,1,1,41157,
1428391290584,com.android.exchange.service.EasService,com.google.android.gm.exchange,10157,2752,54256,[STARTED],false,true,1,1,39964113,
1428391290584,com.google.android.music.dial.DialMediaRouteProviderService,com.google.android.music:main,10058,0,21711939,[],false,true,0,0,10495967,
1428391290584,ch.unige.css.services.PingService,ch.unige.ping,10074,1449,90434843,[STARTED],false,true,0,0,40252197,
1428391290584,com.android.systemui.keyguard.KeyguardService,com.android.systemui,10012,906,42358,[PERSISTENT],false,false,1,1,42367,
1428391290584,ch.unige.css.services.main.CssRegistryService,ch.unige.ping:background,10074,13902,17964876,[STARTED],false,true,0,0,6748905,
1428391290584,com.whatsapp.messaging.MessageService,com.whatsapp,10159,26619,68313,[STARTED],false,true,1,1,36624867,
1428391290584,ccc71.at.services.at_service,ccc71.bmw.pro:services,10110,4012,69150,[STARTED],false,true,0,0,69159,
1428391290584,com.google.android.location.geocode.GeocodeService,com.google.process.location,10007,17755,88411870,[],false,true,1,1,38534465,
1428391290584,com.google.android.gms.gcm.GcmService,com.google.process.gapps,10007,17792,17965599,[STARTED],false,true,0,0,38806076,
1428391350816,com.android.bluetooth.hid.HidService,com.android.bluetooth,1002,0,41148,[],false,true,1,1,41157,
1428391350816,com.android.exchange.service.EasService,com.google.android.gm.exchange,10157,2752,54256,[STARTED],false,true,1,1,39964113,
1428391350816,com.google.android.music.dial.DialMediaRouteProviderService,com.google.android.music:main,10058,0,21711939,[],false,true,0,0,10495967,
1428391350816,ch.unige.css.services.PingService,ch.unige.ping,10074,1449,90495087,[STARTED],false,true,0,0,40272802,
1428391350816,com.android.systemui.keyguard.KeyguardService,com.android.systemui,10012,906,42358,[PERSISTENT],false,false,1,1,42367,
1428391350816,ch.unige.css.services.main.CssRegistryService,ch.unige.ping:background,10074,13902,17964876,[STARTED],false,true,0,0,6748905,
1428391350816,com.whatsapp.messaging.MessageService,com.whatsapp,10159,26619,68313,[STARTED],false,true,1,1,36624867,
1428391350816,ccc71.at.services.at_service,ccc71.bmw.pro:services,10110,4012,69150,[STARTED],false,true,0,0,69159,
1428391350816,com.google.android.location.geocode.GeocodeService,com.google.process.location,10007,17755,88411870,[],false,true,1,1,38534465,
1428391350816,com.google.android.gms.gcm.GcmService,com.google.process.gapps,10007,17792,17965599,[STARTED],false,true,0,0,38806076,
1428391411585,com.android.bluetooth.hid.HidService,com.android.bluetooth,1002,0,41148,[],false,true,1,1,41157,
1428391411585,com.android.exchange.service.EasService,com.google.android.gm.exchange,10157,2752,54256,[STARTED],false,true,1,1,39964113,
1428391411585,com.google.android.music.dial.DialMediaRouteProviderService,com.google.android.music:main,10058,0,21711939,[],false,true,0,0,10495967,
1428391411585,ch.unige.css.services.PingService,ch.unige.ping,10074,1449,90555850,[STARTED],false,true,0,0,40295335,
1428391411585,com.android.systemui.keyguard.KeyguardService,com.android.systemui,10012,906,42358,[PERSISTENT],false,false,1,1,42367,
1428391411585,ch.unige.css.services.main.CssRegistryService,ch.unige.ping:background,10074,13902,17964876,[STARTED],false,true,0,0,6748905,
1428391411585,com.whatsapp.messaging.MessageService,com.whatsapp,10159,26619,68313,[STARTED],false,true,1,1,36624867,
1428391411585,ccc71.at.services.at_service,ccc71.bmw.pro:services,10110,4012,69150,[STARTED],false,true,0,0,69159,
1428391411585,com.google.android.location.geocode.GeocodeService,com.google.process.location,10007,17755,88411870,[],false,true,1,1,38534465,
1428391411585,com.google.android.gms.gcm.GcmService,com.google.process.gapps,10007,17792,17965599,[STARTED],false,true,0,0,38806076,
1428391471606,com.android.bluetooth.hid.HidService,com.android.bluetooth,1002,0,41148,[],false,true,1,1,41157,
1428391471606,com.android.exchange.service.EasService,com.google.android.gm.exchange,10157,2752,54256,[STARTED],false,true,1,1,39964113,
1428391471606,com.google.android.music.dial.DialMediaRouteProviderService,com.google.android.music:main,10058,0,21711939,[],false,true,0,0,10495967,
1428391471606,ch.unige.css.services.PingService,ch.unige.ping,10074,1449,90615869,[STARTED],false,true,0,0,40317914,
1428391471606,com.android.systemui.keyguard.KeyguardService,com.android.systemui,10012,906,42358,[PERSISTENT],false,false,1,1,42367,
1428391471606,ch.unige.css.services.main.CssRegistryService,ch.unige.ping:background,10074,13902,17964876,[STARTED],false,true,0,0,6748905,
1428391471606,com.whatsapp.messaging.MessageService,com.whatsapp,10159,26619,68313,[STARTED],false,true,1,1,36624867,
1428391471606,ccc71.at.services.at_service,ccc71.bmw.pro:services,10110,4012,69150,[STARTED],false,true,0,0,69159,
1428391471606,com.google.android.location.geocode.GeocodeService,com.google.process.location,10007,17755,88411870,[],false,true,1,1,38534465,
1428391471606,com.google.android.gms.gcm.GcmService,com.google.process.gapps,10007,17792,17965599,[STARTED],false,true,0,0,38806076,
1428391531615,com.android.bluetooth.hid.HidService,com.android.bluetooth,1002,0,41148,[],false,true,1,1,41157,
1428391531615,com.android.exchange.service.EasService,com.google.android.gm.exchange,10157,2752,54256,[STARTED],false,true,1,1,39964113,
1428391531615,com.google.android.music.dial.DialMediaRouteProviderService,com.google.android.music:main,10058,0,21711939,[],false,true,0,0,10495967,
1428391531615,ch.unige.css.services.PingService,ch.unige.ping,10074,1449,90675883,[STARTED],false,true,0,0,40339748,
1428391531615,com.android.systemui.keyguard.KeyguardService,com.android.systemui,10012,906,42358,[PERSISTENT],false,false,1,1,42367,
1428391531615,ch.unige.css.services.main.CssRegistryService,ch.unige.ping:background,10074,13902,17964876,[STARTED],false,true,0,0,6748905,
1428391531615,com.whatsapp.messaging.MessageService,com.whatsapp,10159,26619,68313,[STARTED],false,true,1,1,36624867,
1428391531615,ccc71.at.services.at_service,ccc71.bmw.pro:services,10110,4012,69150,[STARTED],false,true,0,0,69159,
1428391531615,com.google.android.location.geocode.GeocodeService,com.google.process.location,10007,17755,88411870,[],false,true,1,1,38534465,
1428391531615,com.google.android.gms.gcm.GcmService,com.google.process.gapps,10007,17792,17965599,[STARTED],false,true,0,0,38806076,
1428391591618,com.android.bluetooth.hid.HidService,com.android.bluetooth,1002,0,41148,[],false,true,1,1,41157,
1428391591618,com.android.exchange.service.EasService,com.google.android.gm.exchange,10157,2752,54256,[STARTED],false,true,1,1,39964113,
1428391591618,com.google.android.music.dial.DialMediaRouteProviderService,com.google.android.music:main,10058,0,21711939,[],false,true,0,0,10495967,
1428391591618,ch.unige.css.services.PingService,ch.unige.ping,10074,1449,90735895,[STARTED],false,true,0,0,40360168,
1428391591618,com.android.systemui.keyguard.KeyguardService,com.android.systemui,10012,906,42358,[PERSISTENT],false,false,1,1,42367,
1428391591618,ch.unige.css.services.main.CssRegistryService,ch.unige.ping:background,10074,13902,17964876,[STARTED],false,true,0,0,6748905,
1428391591618,com.whatsapp.messaging.MessageService,com.whatsapp,10159,26619,68313,[STARTED],false,true,1,1,36624867,
1428391591618,ccc71.at.services.at_service,ccc71.bmw.pro:services,10110,4012,69150,[STARTED],false,true,0,0,69159,
1428391591618,com.google.android.location.geocode.GeocodeService,com.google.process.location,10007,17755,88411870,[],false,true,1,1,38534465,
1428391591618,com.google.android.gms.gcm.GcmService,com.google.process.gapps,10007,17792,17965599,[STARTED],false,true,0,0,38806076,
1428391668587,com.android.bluetooth.hid.HidService,com.android.bluetooth,1002,0,41148,[],false,true,1,1,41157,
1428391668587,com.android.exchange.service.EasService,com.google.android.gm.exchange,10157,2752,54256,[STARTED],false,true,1,1,39964113,
1428391668587,com.google.android.music.dial.DialMediaRouteProviderService,com.google.android.music:main,10058,0,21711939,[],false,true,0,0,10495967,
1428391668587,ch.unige.css.services.PingService,ch.unige.ping,10074,1449,90812856,[STARTED],false,true,0,0,40380539,
1428391668587,com.android.systemui.keyguard.KeyguardService,com.android.systemui,10012,906,42358,[PERSISTENT],false,false,1,1,42367,
1428391668587,ch.unige.css.services.main.CssRegistryService,ch.unige.ping:background,10074,13902,17964876,[STARTED],false,true,0,0,6748905,
1428391668587,com.whatsapp.messaging.MessageService,com.whatsapp,10159,26619,68313,[STARTED],false,true,1,1,36624867,
1428391668587,ccc71.at.services.at_service,ccc71.bmw.pro:services,10110,4012,69150,[STARTED],false,true,0,0,69159,
1428391668587,com.google.android.location.geocode.GeocodeService,com.google.process.location,10007,17755,88411870,[],false,true,1,1,38534465,
1428391668587,com.google.android.gms.gcm.GcmService,com.google.process.gapps,10007,17792,17965599,[STARTED],false,true,0,0,38806076,
1428391771783,com.android.bluetooth.hid.HidService,com.android.bluetooth,1002,0,41148,[],false,true,1,1,41157,
1428391771783,com.android.exchange.service.EasService,com.google.android.gm.exchange,10157,2752,54256,[STARTED],false,true,1,1,39964113,
1428391771783,com.google.android.music.dial.DialMediaRouteProviderService,com.google.android.music:main,10058,0,21711939,[],false,true,0,0,10495967,
1428391771783,ch.unige.css.services.PingService,ch.unige.ping,10074,1449,90916043,[STARTED],false,true,0,0,40401133,
1428391771783,com.android.systemui.keyguard.KeyguardService,com.android.systemui,10012,906,42358,[PERSISTENT],false,false,1,1,42367,
1428391771783,ch.unige.css.services.main.CssRegistryService,ch.unige.ping:background,10074,13902,17964876,[STARTED],false,true,0,0,6748905,
1428391771783,com.whatsapp.messaging.MessageService,com.whatsapp,10159,26619,68313,[STARTED],false,true,1,1,36624867,
1428391771783,ccc71.at.services.at_service,ccc71.bmw.pro:services,10110,4012,69150,[STARTED],false,true,0,0,69159,
1428391771783,com.google.android.location.geocode.GeocodeService,com.google.process.location,10007,17755,88411870,[],false,true,1,1,38534465,
1428391771783,com.google.android.gms.gcm.GcmService,com.google.process.gapps,10007,17792,17965599,[STARTED],false,true,0,0,38806076,
1428391831851,com.android.bluetooth.hid.HidService,com.android.bluetooth,1002,0,41148,[],false,true,1,1,41157,
1428391831851,com.android.exchange.service.EasService,com.google.android.gm.exchange,10157,2752,54256,[STARTED],false,true,1,1,39964113,
1428391831851,com.google.android.music.dial.DialMediaRouteProviderService,com.google.android.music:main,10058,0,21711939,[],false,true,0,0,10495967,
1428391831851,ch.unige.css.services.PingService,ch.unige.ping,10074,1449,90976103,[STARTED],false,true,0,0,40422558,
1428391831851,com.android.systemui.keyguard.KeyguardService,com.android.systemui,10012,906,42358,[PERSISTENT],false,false,1,1,42367,
1428391831851,ch.unige.css.services.main.CssRegistryService,ch.unige.ping:background,10074,13902,17964876,[STARTED],false,true,0,0,6748905,
1428391831851,com.whatsapp.messaging.MessageService,com.whatsapp,10159,26619,68313,[STARTED],false,true,1,1,36624867,
1428391831851,ccc71.at.services.at_service,ccc71.bmw.pro:services,10110,4012,69150,[STARTED],false,true,0,0,69159,
1428391831851,com.google.android.location.geocode.GeocodeService,com.google.process.location,10007,17755,88411870,[],false,true,1,1,38534465,
1428391831851,com.google.android.gms.gcm.GcmService,com.google.process.gapps,10007,17792,17965599,[STARTED],false,true,0,0,38806076,
1428391891865,com.android.bluetooth.hid.HidService,com.android.bluetooth,1002,0,41148,[],false,true,1,1,41157,
1428391891865,com.android.exchange.service.EasService,com.google.android.gm.exchange,10157,2752,54256,[STARTED],false,true,1,1,39964113,
1428391891865,com.google.android.music.dial.DialMediaRouteProviderService,com.google.android.music:main,10058,0,21711939,[],false,true,0,0,10495967,
1428391891865,ch.unige.css.services.PingService,ch.unige.ping,10074,1449,91036132,[STARTED],false,true,0,0,40443222,
1428391891865,com.android.systemui.keyguard.KeyguardService,com.android.systemui,10012,906,42358,[PERSISTENT],false,false,1,1,42367,
1428391891865,ch.unige.css.services.main.CssRegistryService,ch.unige.ping:background,10074,13902,17964876,[STARTED],false,true,0,0,6748905,
1428391891865,com.whatsapp.messaging.MessageService,com.whatsapp,10159,26619,68313,[STARTED],false,true,1,1,36624867,
1428391891865,ccc71.at.services.at_service,ccc71.bmw.pro:services,10110,4012,69150,[STARTED],false,true,0,0,69159,
1428391891865,com.google.android.location.geocode.GeocodeService,com.google.process.location,10007,17755,88411870,[],false,true,1,1,38534465,
1428391891865,com.google.android.gms.gcm.GcmService,com.google.process.gapps,10007,17792,17965599,[STARTED],false,true,0,0,38806076,
1428391951870,com.android.bluetooth.hid.HidService,com.android.bluetooth,1002,0,41148,[],false,true,1,1,41157,
1428391951870,com.android.exchange.service.EasService,com.google.android.gm.exchange,10157,2752,54256,[STARTED],false,true,1,1,39964113,
1428391951870,com.google.android.music.dial.DialMediaRouteProviderService,com.google.android.music:main,10058,0,21711939,[],false,true,0,0,10495967,
1428391951870,ch.unige.css.services.PingService,ch.unige.ping,10074,1449,91096147,[STARTED],false,true,0,0,40463882,
1428391951870,com.android.systemui.keyguard.KeyguardService,com.android.systemui,10012,906,42358,[PERSISTENT],false,false,1,1,42367,
1428391951870,ch.unige.css.services.main.CssRegistryService,ch.unige.ping:background,10074,13902,17964876,[STARTED],false,true,0,0,6748905,
1428391951870,com.whatsapp.messaging.MessageService,com.whatsapp,10159,26619,68313,[STARTED],false,true,1,1,36624867,
1428391951870,ccc71.at.services.at_service,ccc71.bmw.pro:services,10110,4012,69150,[STARTED],false,true,0,0,69159,
1428391951870,com.google.android.location.geocode.GeocodeService,com.google.process.location,10007,17755,88411870,[],false,true,1,1,38534465,
1428391951870,com.google.android.gms.gcm.GcmService,com.google.process.gapps,10007,17792,17965599,[STARTED],false,true,0,0,38806076,
1428392011917,com.android.bluetooth.hid.HidService,com.android.bluetooth,1002,0,41148,[],false,true,1,1,41157,
1428392011917,com.android.exchange.service.EasService,com.google.android.gm.exchange,10157,2752,54256,[STARTED],false,true,1,1,39964113,
1428392011917,com.google.android.music.dial.DialMediaRouteProviderService,com.google.android.music:main,10058,0,21711939,[],false,true,0,0,10495967,
1428392011917,ch.unige.css.services.PingService,ch.unige.ping,10074,1449,91156178,[STARTED],false,true,0,0,40484663,
1428392011917,com.android.systemui.keyguard.KeyguardService,com.android.systemui,10012,906,42358,[PERSISTENT],false,false,1,1,42367,
1428392011917,ch.unige.css.services.main.CssRegistryService,ch.unige.ping:background,10074,13902,17964876,[STARTED],false,true,0,0,6748905,
1428392011917,com.whatsapp.messaging.MessageService,com.whatsapp,10159,26619,68313,[STARTED],false,true,1,1,36624867,
1428392011917,ccc71.at.services.at_service,ccc71.bmw.pro:services,10110,4012,69150,[STARTED],false,true,0,0,69159,
1428392011917,com.google.android.location.geocode.GeocodeService,com.google.process.location,10007,17755,88411870,[],false,true,1,1,38534465,
1428392011917,com.google.android.gms.gcm.GcmService,com.google.process.gapps,10007,17792,17965599,[STARTED],false,true,0,0,38806076,
1428392072038,com.android.bluetooth.hid.HidService,com.android.bluetooth,1002,0,41148,[],false,true,1,1,41157,
1428392072038,com.android.exchange.service.EasService,com.google.android.gm.exchange,10157,2752,54256,[STARTED],false,true,1,1,39964113,
1428392072038,com.google.android.music.dial.DialMediaRouteProviderService,com.google.android.music:main,10058,0,21711939,[],false,true,0,0,10495967,
1428392072038,ch.unige.css.services.PingService,ch.unige.ping,10074,1449,91216209,[STARTED],false,true,0,0,40505389,
1428392072038,com.android.systemui.keyguard.KeyguardService,com.android.systemui,10012,906,42358,[PERSISTENT],false,false,1,1,42367,
1428392072038,ch.unige.css.services.main.CssRegistryService,ch.unige.ping:background,10074,13902,17964876,[STARTED],false,true,0,0,6748905,
1428392072038,com.whatsapp.messaging.MessageService,com.whatsapp,10159,26619,68313,[STARTED],false,true,1,1,36624867,
1428392072038,ccc71.at.services.at_service,ccc71.bmw.pro:services,10110,4012,69150,[STARTED],false,true,0,0,69159,
1428392072038,com.google.android.location.geocode.GeocodeService,com.google.process.location,10007,17755,88411870,[],false,true,1,1,38534465,
1428392072038,com.google.android.gms.gcm.GcmService,com.google.process.gapps,10007,17792,17965599,[STARTED],false,true,0,0,38806076,
1428392132577,com.android.bluetooth.hid.HidService,com.android.bluetooth,1002,0,41148,[],false,true,1,1,41157,
1428392132577,com.android.exchange.service.EasService,com.google.android.gm.exchange,10157,2752,54256,[STARTED],false,true,1,1,39964113,
1428392132577,com.google.android.music.dial.DialMediaRouteProviderService,com.google.android.music:main,10058,0,21711939,[],false,true,0,0,10495967,
1428392132577,ch.unige.css.services.PingService,ch.unige.ping,10074,1449,91276843,[STARTED],false,true,0,0,40529978,
1428392132577,com.android.systemui.keyguard.KeyguardService,com.android.systemui,10012,906,42358,[PERSISTENT],false,false,1,1,42367,
1428392132577,ch.unige.css.services.main.CssRegistryService,ch.unige.ping:background,10074,13902,17964876,[STARTED],false,true,0,0,6748905,
1428392132577,com.whatsapp.messaging.MessageService,com.whatsapp,10159,26619,68313,[STARTED],false,true,1,1,36624867,
1428392132577,ccc71.at.services.at_service,ccc71.bmw.pro:services,10110,4012,69150,[STARTED],false,true,0,0,69159,
1428392132577,com.google.android.location.geocode.GeocodeService,com.google.process.location,10007,17755,88411870,[],false,true,1,1,38534465,
1428392132577,com.google.android.gms.gcm.GcmService,com.google.process.gapps,10007,17792,17965599,[STARTED],false,true,0,0,38806076,
1428392192590,com.android.bluetooth.hid.HidService,com.android.bluetooth,1002,0,41148,[],false,true,1,1,41157,
1428392192590,com.android.exchange.service.EasService,com.google.android.gm.exchange,10157,2752,54256,[STARTED],false,true,1,1,39964113,
1428392192590,com.google.android.music.dial.DialMediaRouteProviderService,com.google.android.music:main,10058,0,21711939,[],false,true,0,0,10495967,
1428392192590,ch.unige.css.services.PingService,ch.unige.ping,10074,1449,91336856,[STARTED],false,true,0,0,40550362,
1428392192590,com.android.systemui.keyguard.KeyguardService,com.android.systemui,10012,906,42358,[PERSISTENT],false,false,1,1,42367,
1428392192590,ch.unige.css.services.main.CssRegistryService,ch.unige.ping:background,10074,13902,17964876,[STARTED],false,true,0,0,6748905,
1428392192590,com.whatsapp.messaging.MessageService,com.whatsapp,10159,26619,68313,[STARTED],false,true,1,1,36624867,
1428392192590,ccc71.at.services.at_service,ccc71.bmw.pro:services,10110,4012,69150,[STARTED],false,true,0,0,69159,
1428392192590,com.google.android.location.geocode.GeocodeService,com.google.process.location,10007,17755,88411870,[],false,true,1,1,38534465,
1428392192590,com.google.android.gms.gcm.GcmService,com.google.process.gapps,10007,17792,17965599,[STARTED],false,true,0,0,38806076,
1428392252626,com.android.bluetooth.hid.HidService,com.android.bluetooth,1002,0,41148,[],false,true,1,1,41157,
1428392252626,com.android.exchange.service.EasService,com.google.android.gm.exchange,10157,2752,54256,[STARTED],false,true,1,1,39964113,
1428392252626,com.google.android.music.dial.DialMediaRouteProviderService,com.google.android.music:main,10058,0,21711939,[],false,true,0,0,10495967,
1428392252626,ch.unige.css.services.PingService,ch.unige.ping,10074,1449,91396878,[STARTED],false,true,0,0,40570743,
1428392252626,com.android.systemui.keyguard.KeyguardService,com.android.systemui,10012,906,42358,[PERSISTENT],false,false,1,1,42367,
1428392252626,ch.unige.css.services.main.CssRegistryService,ch.unige.ping:background,10074,13902,17964876,[STARTED],false,true,0,0,6748905,
1428392252626,com.whatsapp.messaging.MessageService,com.whatsapp,10159,26619,68313,[STARTED],false,true,1,1,36624867,
1428392252626,ccc71.at.services.at_service,ccc71.bmw.pro:services,10110,4012,69150,[STARTED],false,true,0,0,69159,
1428392252626,com.google.android.location.geocode.GeocodeService,com.google.process.location,10007,17755,88411870,[],false,true,1,1,38534465,
1428392252626,com.google.android.gms.gcm.GcmService,com.google.process.gapps,10007,17792,17965599,[STARTED],false,true,0,0,38806076,
1428392312683,com.android.bluetooth.hid.HidService,com.android.bluetooth,1002,0,41148,[],false,true,1,1,41157,
1428392312683,com.android.exchange.service.EasService,com.google.android.gm.exchange,10157,2752,54256,[STARTED],false,true,1,1,39964113,
1428392312683,com.google.android.music.dial.DialMediaRouteProviderService,com.google.android.music:main,10058,0,21711939,[],false,true,0,0,10495967,
1428392312683,ch.unige.css.services.PingService,ch.unige.ping,10074,1449,91456957,[STARTED],false,true,0,0,40591244,
1428392312683,com.android.systemui.keyguard.KeyguardService,com.android.systemui,10012,906,42358,[PERSISTENT],false,false,1,1,42367,
1428392312683,ch.unige.css.services.main.CssRegistryService,ch.unige.ping:background,10074,13902,17964876,[STARTED],false,true,0,0,6748905,
1428392312683,com.whatsapp.messaging.MessageService,com.whatsapp,10159,26619,68313,[STARTED],false,true,1,1,36624867,
1428392312683,ccc71.at.services.at_service,ccc71.bmw.pro:services,10110,4012,69150,[STARTED],false,true,0,0,69159,
1428392312683,com.google.android.location.geocode.GeocodeService,com.google.process.location,10007,17755,88411870,[],false,true,1,1,38534465,
1428392312683,com.google.android.gms.gcm.GcmService,com.google.process.gapps,10007,17792,17965599,[STARTED],false,true,0,0,38806076,
1428392372705,com.android.bluetooth.hid.HidService,com.android.bluetooth,1002,0,41148,[],false,true,1,1,41157,
1428392372705,com.android.exchange.service.EasService,com.google.android.gm.exchange,10157,2752,54256,[STARTED],false,true,1,1,39964113,
1428392372705,com.google.android.music.dial.DialMediaRouteProviderService,com.google.android.music:main,10058,0,21711939,[],false,true,0,0,10495967,
1428392372705,ch.unige.css.services.PingService,ch.unige.ping,10074,1449,91516972,[STARTED],false,true,0,0,40611736,
1428392372705,com.android.systemui.keyguard.KeyguardService,com.android.systemui,10012,906,42358,[PERSISTENT],false,false,1,1,42367,
1428392372705,ch.unige.css.services.main.CssRegistryService,ch.unige.ping:background,10074,13902,17964876,[STARTED],false,true,0,0,6748905,
1428392372705,com.whatsapp.messaging.MessageService,com.whatsapp,10159,26619,68313,[STARTED],false,true,1,1,36624867,
1428392372705,ccc71.at.services.at_service,ccc71.bmw.pro:services,10110,4012,69150,[STARTED],false,true,0,0,69159,
1428392372705,com.google.android.location.geocode.GeocodeService,com.google.process.location,10007,17755,88411870,[],false,true,1,1,38534465,
1428392372705,com.google.android.gms.gcm.GcmService,com.google.process.gapps,10007,17792,17965599,[STARTED],false,true,0,0,38806076,
1428392432777,com.android.bluetooth.hid.HidService,com.android.bluetooth,1002,0,41148,[],false,true,1,1,41157,
1428392432777,com.android.exchange.service.EasService,com.google.android.gm.exchange,10157,2752,54256,[STARTED],false,true,1,1,39964113,
1428392432777,com.google.android.music.dial.DialMediaRouteProviderService,com.google.android.music:main,10058,0,21711939,[],false,true,0,0,10495967,
1428392432777,ch.unige.css.services.PingService,ch.unige.ping,10074,1449,91577044,[STARTED],false,true,0,0,40632289,
1428392432777,com.android.systemui.keyguard.KeyguardService,com.android.systemui,10012,906,42358,[PERSISTENT],false,false,1,1,42367,
1428392432777,ch.unige.css.services.main.CssRegistryService,ch.unige.ping:background,10074,13902,17964876,[STARTED],false,true,0,0,6748905,
1428392432777,com.whatsapp.messaging.MessageService,com.whatsapp,10159,26619,68313,[STARTED],false,true,1,1,36624867,
1428392432777,ccc71.at.services.at_service,ccc71.bmw.pro:services,10110,4012,69150,[STARTED],false,true,0,0,69159,
1428392432777,com.google.android.location.geocode.GeocodeService,com.google.process.location,10007,17755,88411870,[],false,true,1,1,38534465,
1428392432777,com.google.android.gms.gcm.GcmService,com.google.process.gapps,10007,17792,17965599,[STARTED],false,true,0,0,38806076,
1428392492886,com.android.bluetooth.hid.HidService,com.android.bluetooth,1002,0,41148,[],false,true,1,1,41157,
1428392492886,com.android.exchange.service.EasService,com.google.android.gm.exchange,10157,2752,54256,[STARTED],false,true,1,1,39964113,
1428392492886,com.google.android.music.dial.DialMediaRouteProviderService,com.google.android.music:main,10058,0,21711939,[],false,true,0,0,10495967,
1428392492886,ch.unige.css.services.PingService,ch.unige.ping,10074,1449,91637160,[STARTED],false,true,0,0,40652997,
1428392492886,com.android.systemui.keyguard.KeyguardService,com.android.systemui,10012,906,42358,[PERSISTENT],false,false,1,1,42367,
1428392492886,ch.unige.css.services.main.CssRegistryService,ch.unige.ping:background,10074,13902,17964876,[STARTED],false,true,0,0,6748905,
1428392492886,com.whatsapp.messaging.MessageService,com.whatsapp,10159,26619,68313,[STARTED],false,true,1,1,36624867,
1428392492886,ccc71.at.services.at_service,ccc71.bmw.pro:services,10110,4012,69150,[STARTED],false,true,0,0,69159,
1428392492886,com.google.android.location.geocode.GeocodeService,com.google.process.location,10007,17755,88411870,[],false,true,1,1,38534465,
1428392492886,com.google.android.gms.gcm.GcmService,com.google.process.gapps,10007,17792,17965599,[STARTED],false,true,0,0,38806076,
1428392552921,com.android.bluetooth.hid.HidService,com.android.bluetooth,1002,0,41148,[],false,true,1,1,41157,
1428392552921,com.android.exchange.service.EasService,com.google.android.gm.exchange,10157,2752,54256,[STARTED],false,true,1,1,39964113,
1428392552921,com.google.android.music.dial.DialMediaRouteProviderService,com.google.android.music:main,10058,0,21711939,[],false,true,0,0,10495967,
1428392552921,ch.unige.css.services.PingService,ch.unige.ping,10074,1449,91697188,[STARTED],false,true,0,0,40673693,
1428392552921,com.android.systemui.keyguard.KeyguardService,com.android.systemui,10012,906,42358,[PERSISTENT],false,false,1,1,42367,
1428392552921,ch.unige.css.services.main.CssRegistryService,ch.unige.ping:background,10074,13902,17964876,[STARTED],false,true,0,0,6748905,
1428392552921,com.whatsapp.messaging.MessageService,com.whatsapp,10159,26619,68313,[STARTED],false,true,1,1,36624867,
1428392552921,ccc71.at.services.at_service,ccc71.bmw.pro:services,10110,4012,69150,[STARTED],false,true,0,0,69159,
1428392552921,com.google.android.location.geocode.GeocodeService,com.google.process.location,10007,17755,88411870,[],false,true,1,1,38534465,
1428392552921,com.google.android.gms.gcm.GcmService,com.google.process.gapps,10007,17792,17965599,[STARTED],false,true,0,0,38806076,
1428392655952,com.android.bluetooth.hid.HidService,com.android.bluetooth,1002,0,41148,[],false,true,1,1,41157,
1428392655952,com.android.exchange.service.EasService,com.google.android.gm.exchange,10157,2752,54256,[STARTED],false,true,1,1,39964113,
1428392655952,com.google.android.music.dial.DialMediaRouteProviderService,com.google.android.music:main,10058,0,21711939,[],false,true,0,0,10495967,
1428392655952,ch.unige.css.services.PingService,ch.unige.ping,10074,1449,91800126,[STARTED],false,true,0,0,40694340,
1428392655952,com.android.systemui.keyguard.KeyguardService,com.android.systemui,10012,906,42358,[PERSISTENT],false,false,1,1,42367,
1428392655952,ch.unige.css.services.main.CssRegistryService,ch.unige.ping:background,10074,13902,17964876,[STARTED],false,true,0,0,6748905,
1428392655952,com.whatsapp.messaging.MessageService,com.whatsapp,10159,26619,68313,[STARTED],false,true,1,1,36624867,
1428392655952,ccc71.at.services.at_service,ccc71.bmw.pro:services,10110,4012,69150,[STARTED],false,true,0,0,69159,
1428392655952,com.google.android.location.geocode.GeocodeService,com.google.process.location,10007,17755,88411870,[],false,true,1,1,38534465,
1428392655952,com.google.android.gms.gcm.GcmService,com.google.process.gapps,10007,17792,17965599,[STARTED],false,true,0,0,38806076,
1428392731571,com.android.bluetooth.hid.HidService,com.android.bluetooth,1002,0,41148,[],false,true,1,1,41157,
1428392731571,com.android.exchange.service.EasService,com.google.android.gm.exchange,10157,2752,54256,[STARTED],false,true,1,1,39964113,
1428392731571,com.google.android.music.dial.DialMediaRouteProviderService,com.google.android.music:main,10058,0,21711939,[],false,true,0,0,10495967,
1428392731571,ch.unige.css.services.PingService,ch.unige.ping,10074,1449,91875842,[STARTED],false,true,0,0,40715694,
1428392731571,com.android.systemui.keyguard.KeyguardService,com.android.systemui,10012,906,42358,[PERSISTENT],false,false,1,1,42367,
1428392731571,ch.unige.css.services.main.CssRegistryService,ch.unige.ping:background,10074,13902,17964876,[STARTED],false,true,0,0,6748905,
1428392731571,com.whatsapp.messaging.MessageService,com.whatsapp,10159,26619,68313,[STARTED],false,true,1,1,36624867,
1428392731571,ccc71.at.services.at_service,ccc71.bmw.pro:services,10110,4012,69150,[STARTED],false,true,0,0,69159,
1428392731571,com.google.android.location.geocode.GeocodeService,com.google.process.location,10007,17755,88411870,[],false,true,1,1,38534465,
1428392731571,com.google.android.gms.gcm.GcmService,com.google.process.gapps,10007,17792,17965599,[STARTED],false,true,0,0,38806076,
1428392792009,com.android.bluetooth.hid.HidService,com.android.bluetooth,1002,0,41148,[],false,true,1,1,41157,
1428392792009,com.android.exchange.service.EasService,com.google.android.gm.exchange,10157,2752,54256,[STARTED],false,true,1,1,39964113,
1428392792009,com.google.android.music.dial.DialMediaRouteProviderService,com.google.android.music:main,10058,0,21711939,[],false,true,0,0,10495967,
1428392792009,ch.unige.css.services.PingService,ch.unige.ping,10074,1449,91936277,[STARTED],false,true,0,0,40776129,
1428392792009,com.android.systemui.keyguard.KeyguardService,com.android.systemui,10012,906,42358,[PERSISTENT],false,false,1,1,42367,
1428392792009,ch.unige.css.services.main.CssRegistryService,ch.unige.ping:background,10074,13902,17964876,[STARTED],false,true,0,0,6748905,
1428392792009,com.whatsapp.messaging.MessageService,com.whatsapp,10159,26619,68313,[STARTED],false,true,1,1,36624867,
1428392792009,ccc71.at.services.at_service,ccc71.bmw.pro:services,10110,4012,69150,[STARTED],false,true,0,0,69159,
1428392792009,com.google.android.location.geocode.GeocodeService,com.google.process.location,10007,17755,88411870,[],false,true,1,1,38534465,
1428392792009,com.google.android.gms.gcm.GcmService,com.google.process.gapps,10007,17792,17965599,[STARTED],false,true,0,0,38806076,
1428392857581,com.android.bluetooth.hid.HidService,com.android.bluetooth,1002,0,41148,[],false,true,1,1,41157,
1428392857581,com.android.exchange.service.EasService,com.google.android.gm.exchange,10157,2752,54256,[STARTED],false,true,1,1,39964113,
1428392857581,com.google.android.music.dial.DialMediaRouteProviderService,com.google.android.music:main,10058,0,21711939,[],false,true,0,0,10495967,
1428392857581,ch.unige.css.services.PingService,ch.unige.ping,10074,1449,92001847,[STARTED],false,true,0,0,40800702,
1428392857581,com.android.systemui.keyguard.KeyguardService,com.android.systemui,10012,906,42358,[PERSISTENT],false,false,1,1,42367,
1428392857581,ch.unige.css.services.main.CssRegistryService,ch.unige.ping:background,10074,13902,17964876,[STARTED],false,true,0,0,6748905,
1428392857581,com.whatsapp.messaging.MessageService,com.whatsapp,10159,26619,68313,[STARTED],false,true,1,1,36624867,
1428392857581,ccc71.at.services.at_service,ccc71.bmw.pro:services,10110,4012,69150,[STARTED],false,true,0,0,69159,
1428392857581,com.google.android.location.geocode.GeocodeService,com.google.process.location,10007,17755,88411870,[],false,true,1,1,38534465,
1428392857581,com.google.android.gms.gcm.GcmService,com.google.process.gapps,10007,17792,17965599,[STARTED],false,true,0,0,38806076,
1428392917593,com.android.bluetooth.hid.HidService,com.android.bluetooth,1002,0,41148,[],false,true,1,1,41157,
1428392917593,com.android.exchange.service.EasService,com.google.android.gm.exchange,10157,2752,54256,[STARTED],false,true,1,1,39964113,
1428392917593,com.google.android.music.dial.DialMediaRouteProviderService,com.google.android.music:main,10058,0,21711939,[],false,true,0,0,10495967,
1428392917593,ch.unige.css.services.PingService,ch.unige.ping,10074,1449,92061860,[STARTED],false,true,0,0,40823285,
1428392917593,com.android.systemui.keyguard.KeyguardService,com.android.systemui,10012,906,42358,[PERSISTENT],false,false,1,1,42367,
1428392917593,ch.unige.css.services.main.CssRegistryService,ch.unige.ping:background,10074,13902,17964876,[STARTED],false,true,0,0,6748905,
1428392917593,com.whatsapp.messaging.MessageService,com.whatsapp,10159,26619,68313,[STARTED],false,true,1,1,36624867,
1428392917593,ccc71.at.services.at_service,ccc71.bmw.pro:services,10110,4012,69150,[STARTED],false,true,0,0,69159,
1428392917593,com.google.android.location.geocode.GeocodeService,com.google.process.location,10007,17755,88411870,[],false,true,1,1,38534465,
1428392917593,com.google.android.gms.gcm.GcmService,com.google.process.gapps,10007,17792,17965599,[STARTED],false,true,0,0,38806076,
1428393016686,com.android.bluetooth.hid.HidService,com.android.bluetooth,1002,0,41148,[],false,true,1,1,41157,
1428393016686,com.android.exchange.service.EasService,com.google.android.gm.exchange,10157,2752,54256,[STARTED],false,true,1,1,39964113,
1428393016686,com.google.android.music.dial.DialMediaRouteProviderService,com.google.android.music:main,10058,0,21711939,[],false,true,0,0,10495967,
1428393016686,ch.unige.css.services.PingService,ch.unige.ping,10074,1449,92160847,[STARTED],false,true,0,0,40848072,
1428393016686,com.android.systemui.keyguard.KeyguardService,com.android.systemui,10012,906,42358,[PERSISTENT],false,false,1,1,42367,
1428393016686,ch.unige.css.services.main.CssRegistryService,ch.unige.ping:background,10074,13902,17964876,[STARTED],false,true,0,0,6748905,
1428393016686,com.whatsapp.messaging.MessageService,com.whatsapp,10159,26619,68313,[STARTED],false,true,1,1,36624867,
1428393016686,ccc71.at.services.at_service,ccc71.bmw.pro:services,10110,4012,69150,[STARTED],false,true,0,0,69159,
1428393016686,com.google.android.location.geocode.GeocodeService,com.google.process.location,10007,17755,88411870,[],false,true,1,1,38534465,
1428393016686,com.google.android.gms.gcm.GcmService,com.google.process.gapps,10007,17792,17965599,[STARTED],false,true,0,0,38806076,
1428393076593,com.android.bluetooth.hid.HidService,com.android.bluetooth,1002,0,41148,[],false,true,1,1,41157,
1428393076593,com.android.exchange.service.EasService,com.google.android.gm.exchange,10157,2752,54256,[STARTED],false,true,1,1,39964113,
1428393076593,com.google.android.music.dial.DialMediaRouteProviderService,com.google.android.music:main,10058,0,21711939,[],false,true,0,0,10495967,
1428393076593,ch.unige.css.services.PingService,ch.unige.ping,10074,1449,92220861,[STARTED],false,true,0,0,40870625,
1428393076593,com.android.systemui.keyguard.KeyguardService,com.android.systemui,10012,906,42358,[PERSISTENT],false,false,1,1,42367,
1428393076593,ch.unige.css.services.main.CssRegistryService,ch.unige.ping:background,10074,13902,17964876,[STARTED],false,true,0,0,6748905,
1428393076593,com.whatsapp.messaging.MessageService,com.whatsapp,10159,26619,68313,[STARTED],false,true,1,1,36624867,
1428393076593,ccc71.at.services.at_service,ccc71.bmw.pro:services,10110,4012,69150,[STARTED],false,true,0,0,69159,
1428393076593,com.google.android.location.geocode.GeocodeService,com.google.process.location,10007,17755,88411870,[],false,true,1,1,38534465,
1428393076593,com.google.android.gms.gcm.GcmService,com.google.process.gapps,10007,17792,17965599,[STARTED],false,true,0,0,38806076,
1428393136612,com.android.bluetooth.hid.HidService,com.android.bluetooth,1002,0,41148,[],false,true,1,1,41157,
1428393136612,com.android.exchange.service.EasService,com.google.android.gm.exchange,10157,2752,54256,[STARTED],false,true,1,1,39964113,
1428393136612,com.google.android.music.dial.DialMediaRouteProviderService,com.google.android.music:main,10058,0,21711939,[],false,true,0,0,10495967,
1428393136612,ch.unige.css.services.PingService,ch.unige.ping,10074,1449,92280880,[STARTED],false,true,0,0,40891015,
1428393136612,com.android.systemui.keyguard.KeyguardService,com.android.systemui,10012,906,42358,[PERSISTENT],false,false,1,1,42367,
1428393136612,ch.unige.css.services.main.CssRegistryService,ch.unige.ping:background,10074,13902,17964876,[STARTED],false,true,0,0,6748905,
1428393136612,com.whatsapp.messaging.MessageService,com.whatsapp,10159,26619,68313,[STARTED],false,true,1,1,36624867,
1428393136612,ccc71.at.services.at_service,ccc71.bmw.pro:services,10110,4012,69150,[STARTED],false,true,0,0,69159,
1428393136612,com.google.android.location.geocode.GeocodeService,com.google.process.location,10007,17755,88411870,[],false,true,1,1,38534465,
1428393136612,com.google.android.gms.gcm.GcmService,com.google.process.gapps,10007,17792,17965599,[STARTED],false,true,0,0,38806076,
1428393196669,com.android.bluetooth.hid.HidService,com.android.bluetooth,1002,0,41148,[],false,true,1,1,41157,
1428393196669,com.android.exchange.service.EasService,com.google.android.gm.exchange,10157,2752,54256,[STARTED],false,true,1,1,39964113,
1428393196669,com.google.android.music.dial.DialMediaRouteProviderService,com.google.android.music:main,10058,0,21711939,[],false,true,0,0,10495967,
1428393196669,ch.unige.css.services.PingService,ch.unige.ping,10074,1449,92340895,[STARTED],false,true,0,0,40911410,
1428393196669,com.android.systemui.keyguard.KeyguardService,com.android.systemui,10012,906,42358,[PERSISTENT],false,false,1,1,42367,
1428393196669,ch.unige.css.services.main.CssRegistryService,ch.unige.ping:background,10074,13902,17964876,[STARTED],false,true,0,0,6748905,
1428393196669,com.whatsapp.messaging.MessageService,com.whatsapp,10159,26619,68313,[STARTED],false,true,1,1,36624867,
1428393196669,ccc71.at.services.at_service,ccc71.bmw.pro:services,10110,4012,69150,[STARTED],false,true,0,0,69159,
1428393196669,com.google.android.location.geocode.GeocodeService,com.google.process.location,10007,17755,88411870,[],false,true,1,1,38534465,
1428393196669,com.google.android.gms.gcm.GcmService,com.google.process.gapps,10007,17792,17965599,[STARTED],false,true,0,0,38806076,
1428393256660,com.android.bluetooth.hid.HidService,com.android.bluetooth,1002,0,41148,[],false,true,1,1,41157,
1428393256660,com.android.exchange.service.EasService,com.google.android.gm.exchange,10157,2752,54256,[STARTED],false,true,1,1,39964113,
1428393256660,com.google.android.music.dial.DialMediaRouteProviderService,com.google.android.music:main,10058,0,21711939,[],false,true,0,0,10495967,
1428393256660,ch.unige.css.services.PingService,ch.unige.ping,10074,1449,92400926,[STARTED],false,true,0,0,40931876,
1428393256660,com.android.systemui.keyguard.KeyguardService,com.android.systemui,10012,906,42358,[PERSISTENT],false,false,1,1,42367,
1428393256660,ch.unige.css.services.main.CssRegistryService,ch.unige.ping:background,10074,13902,17964876,[STARTED],false,true,0,0,6748905,
1428393256660,com.whatsapp.messaging.MessageService,com.whatsapp,10159,26619,68313,[STARTED],false,true,1,1,36624867,
1428393256660,ccc71.at.services.at_service,ccc71.bmw.pro:services,10110,4012,69150,[STARTED],false,true,0,0,69159,
1428393256660,com.google.android.location.geocode.GeocodeService,com.google.process.location,10007,17755,88411870,[],false,true,1,1,38534465,
1428393256660,com.google.android.gms.gcm.GcmService,com.google.process.gapps,10007,17792,17965599,[STARTED],false,true,0,0,38806076,
1428393316681,com.android.bluetooth.hid.HidService,com.android.bluetooth,1002,0,41148,[],false,true,1,1,41157,
1428393316681,com.android.exchange.service.EasService,com.google.android.gm.exchange,10157,2752,54256,[STARTED],false,true,1,1,39964113,
1428393316681,com.google.android.music.dial.DialMediaRouteProviderService,com.google.android.music:main,10058,0,21711939,[],false,true,0,0,10495967,
1428393316681,ch.unige.css.services.PingService,ch.unige.ping,10074,1449,92460944,[STARTED],false,true,0,0,40952338,
1428393316681,com.android.systemui.keyguard.KeyguardService,com.android.systemui,10012,906,42358,[PERSISTENT],false,false,1,1,42367,
1428393316681,ch.unige.css.services.main.CssRegistryService,ch.unige.ping:background,10074,13902,17964876,[STARTED],false,true,0,0,6748905,
1428393316681,com.whatsapp.messaging.MessageService,com.whatsapp,10159,26619,68313,[STARTED],false,true,1,1,36624867,
1428393316681,ccc71.at.services.at_service,ccc71.bmw.pro:services,10110,4012,69150,[STARTED],false,true,0,0,69159,
1428393316681,com.google.android.location.geocode.GeocodeService,com.google.process.location,10007,17755,88411870,[],false,true,1,1,38534465,
1428393316681,com.google.android.gms.gcm.GcmService,com.google.process.gapps,10007,17792,17965599,[STARTED],false,true,0,0,38806076,
1428393376704,com.android.bluetooth.hid.HidService,com.android.bluetooth,1002,0,41148,[],false,true,1,1,41157,
1428393376704,com.android.exchange.service.EasService,com.google.android.gm.exchange,10157,2752,54256,[STARTED],false,true,1,1,39964113,
1428393376704,com.google.android.music.dial.DialMediaRouteProviderService,com.google.android.music:main,10058,0,21711939,[],false,true,0,0,10495967,
1428393376704,ch.unige.css.services.PingService,ch.unige.ping,10074,1449,92520967,[STARTED],false,true,0,0,40972822,
1428393376704,com.android.systemui.keyguard.KeyguardService,com.android.systemui,10012,906,42358,[PERSISTENT],false,false,1,1,42367,
1428393376704,ch.unige.css.services.main.CssRegistryService,ch.unige.ping:background,10074,13902,17964876,[STARTED],false,true,0,0,6748905,
1428393376704,com.whatsapp.messaging.MessageService,com.whatsapp,10159,26619,68313,[STARTED],false,true,1,1,36624867,
1428393376704,ccc71.at.services.at_service,ccc71.bmw.pro:services,10110,4012,69150,[STARTED],false,true,0,0,69159,
1428393376704,com.google.android.location.geocode.GeocodeService,com.google.process.location,10007,17755,88411870,[],false,true,1,1,38534465,
1428393376704,com.google.android.gms.gcm.GcmService,com.google.process.gapps,10007,17792,17965599,[STARTED],false,true,0,0,38806076,
1428393436856,com.android.bluetooth.hid.HidService,com.android.bluetooth,1002,0,41148,[],false,true,1,1,41157,
1428393436856,com.android.exchange.service.EasService,com.google.android.gm.exchange,10157,2752,54256,[STARTED],false,true,1,1,39964113,
1428393436856,com.google.android.music.dial.DialMediaRouteProviderService,com.google.android.music:main,10058,0,21711939,[],false,true,0,0,10495967,
1428393436856,ch.unige.css.services.PingService,ch.unige.ping,10074,1449,92581133,[STARTED],false,true,0,0,40993489,
1428393436856,com.android.systemui.keyguard.KeyguardService,com.android.systemui,10012,906,42358,[PERSISTENT],false,false,1,1,42367,
1428393436856,ch.unige.css.services.main.CssRegistryService,ch.unige.ping:background,10074,13902,17964876,[STARTED],false,true,0,0,6748905,
1428393436856,com.whatsapp.messaging.MessageService,com.whatsapp,10159,26619,68313,[STARTED],false,true,1,1,36624867,
1428393436856,ccc71.at.services.at_service,ccc71.bmw.pro:services,10110,4012,69150,[STARTED],false,true,0,0,69159,
1428393436856,com.google.android.location.geocode.GeocodeService,com.google.process.location,10007,17755,88411870,[],false,true,1,1,38534465,
1428393436856,com.google.android.gms.gcm.GcmService,com.google.process.gapps,10007,17792,17965599,[STARTED],false,true,0,0,38806076,
1428393496922,com.android.bluetooth.hid.HidService,com.android.bluetooth,1002,0,41148,[],false,true,1,1,41157,
1428393496922,com.android.exchange.service.EasService,com.google.android.gm.exchange,10157,2752,54256,[STARTED],false,true,1,1,39964113,
1428393496922,com.google.android.music.dial.DialMediaRouteProviderService,com.google.android.music:main,10058,0,21711939,[],false,true,0,0,10495967,
1428393496922,ch.unige.css.services.PingService,ch.unige.ping,10074,1449,92641188,[STARTED],false,true,0,0,41014173,
1428393496922,com.android.systemui.keyguard.KeyguardService,com.android.systemui,10012,906,42358,[PERSISTENT],false,false,1,1,42367,
1428393496922,ch.unige.css.services.main.CssRegistryService,ch.unige.ping:background,10074,13902,17964876,[STARTED],false,true,0,0,6748905,
1428393496922,com.whatsapp.messaging.MessageService,com.whatsapp,10159,26619,68313,[STARTED],false,true,1,1,36624867,
1428393496922,ccc71.at.services.at_service,ccc71.bmw.pro:services,10110,4012,69150,[STARTED],false,true,0,0,69159,
1428393496922,com.google.android.location.geocode.GeocodeService,com.google.process.location,10007,17755,88411870,[],false,true,1,1,38534465,
1428393496922,com.google.android.gms.gcm.GcmService,com.google.process.gapps,10007,17792,17965599,[STARTED],false,true,0,0,38806076,
1428393556939,com.android.bluetooth.hid.HidService,com.android.bluetooth,1002,0,41148,[],false,true,1,1,41157,
1428393556939,com.android.exchange.service.EasService,com.google.android.gm.exchange,10157,2752,54256,[STARTED],false,true,1,1,39964113,
1428393556939,com.google.android.music.dial.DialMediaRouteProviderService,com.google.android.music:main,10058,0,21711939,[],false,true,0,0,10495967,
1428393556939,ch.unige.css.services.PingService,ch.unige.ping,10074,1449,92701203,[STARTED],false,true,0,0,41034899,
1428393556939,com.android.systemui.keyguard.KeyguardService,com.android.systemui,10012,906,42358,[PERSISTENT],false,false,1,1,42367,
1428393556939,ch.unige.css.services.main.CssRegistryService,ch.unige.ping:background,10074,13902,17964876,[STARTED],false,true,0,0,6748905,
1428393556939,com.whatsapp.messaging.MessageService,com.whatsapp,10159,26619,68313,[STARTED],false,true,1,1,36624867,
1428393556939,ccc71.at.services.at_service,ccc71.bmw.pro:services,10110,4012,69150,[STARTED],false,true,0,0,69159,
1428393556939,com.google.android.location.geocode.GeocodeService,com.google.process.location,10007,17755,88411870,[],false,true,1,1,38534465,
1428393556939,com.google.android.gms.gcm.GcmService,com.google.process.gapps,10007,17792,17965599,[STARTED],false,true,0,0,38806076,
1428393616976,com.android.bluetooth.hid.HidService,com.android.bluetooth,1002,0,41148,[],false,true,1,1,41157,
1428393616976,com.android.exchange.service.EasService,com.google.android.gm.exchange,10157,2752,54256,[STARTED],false,true,1,1,39964113,
1428393616976,com.google.android.music.dial.DialMediaRouteProviderService,com.google.android.music:main,10058,0,21711939,[],false,true,0,0,10495967,
1428393616976,ch.unige.css.services.PingService,ch.unige.ping,10074,1449,92761227,[STARTED],false,true,0,0,41055632,
1428393616976,com.android.systemui.keyguard.KeyguardService,com.android.systemui,10012,906,42358,[PERSISTENT],false,false,1,1,42367,
1428393616976,ch.unige.css.services.main.CssRegistryService,ch.unige.ping:background,10074,13902,17964876,[STARTED],false,true,0,0,6748905,
1428393616976,com.whatsapp.messaging.MessageService,com.whatsapp,10159,26619,68313,[STARTED],false,true,1,1,36624867,
1428393616976,ccc71.at.services.at_service,ccc71.bmw.pro:services,10110,4012,69150,[STARTED],false,true,0,0,69159,
1428393616976,com.google.android.location.geocode.GeocodeService,com.google.process.location,10007,17755,88411870,[],false,true,1,1,38534465,
1428393616976,com.google.android.gms.gcm.GcmService,com.google.process.gapps,10007,17792,17965599,[STARTED],false,true,0,0,38806076,
1428393677011,com.android.bluetooth.hid.HidService,com.android.bluetooth,1002,0,41148,[],false,true,1,1,41157,
1428393677011,com.android.exchange.service.EasService,com.google.android.gm.exchange,10157,2752,54256,[STARTED],false,true,1,1,39964113,
1428393677011,com.google.android.music.dial.DialMediaRouteProviderService,com.google.android.music:main,10058,0,21711939,[],false,true,0,0,10495967,
1428393677011,ch.unige.css.services.PingService,ch.unige.ping,10074,1449,92821261,[STARTED],false,true,0,0,41076422,
1428393677011,com.android.systemui.keyguard.KeyguardService,com.android.systemui,10012,906,42358,[PERSISTENT],false,false,1,1,42367,
1428393677011,ch.unige.css.services.main.CssRegistryService,ch.unige.ping:background,10074,13902,17964876,[STARTED],false,true,0,0,6748905,
1428393677011,com.whatsapp.messaging.MessageService,com.whatsapp,10159,26619,68313,[STARTED],false,true,1,1,36624867,
1428393677011,ccc71.at.services.at_service,ccc71.bmw.pro:services,10110,4012,69150,[STARTED],false,true,0,0,69159,
1428393677011,com.google.android.location.geocode.GeocodeService,com.google.process.location,10007,17755,88411870,[],false,true,1,1,38534465,
1428393677011,com.google.android.gms.gcm.GcmService,com.google.process.gapps,10007,17792,17965599,[STARTED],false,true,0,0,38806076,
1428393772573,com.android.bluetooth.hid.HidService,com.android.bluetooth,1002,0,41148,[],false,true,1,1,41157,
1428393772573,com.android.exchange.service.EasService,com.google.android.gm.exchange,10157,2752,54256,[STARTED],false,true,1,1,39964113,
1428393772573,com.google.android.music.dial.DialMediaRouteProviderService,com.google.android.music:main,10058,0,21711939,[],false,true,0,0,10495967,
1428393772573,ch.unige.css.services.PingService,ch.unige.ping,10074,1449,92916842,[STARTED],false,true,0,0,41096794,
1428393772573,com.android.systemui.keyguard.KeyguardService,com.android.systemui,10012,906,42358,[PERSISTENT],false,false,1,1,42367,
1428393772573,ch.unige.css.services.main.CssRegistryService,ch.unige.ping:background,10074,13902,17964876,[STARTED],false,true,0,0,6748905,
1428393772573,com.whatsapp.messaging.MessageService,com.whatsapp,10159,26619,68313,[STARTED],false,true,1,1,36624867,
1428393772573,ccc71.at.services.at_service,ccc71.bmw.pro:services,10110,4012,69150,[STARTED],false,true,0,0,69159,
1428393772573,com.google.android.location.geocode.GeocodeService,com.google.process.location,10007,17755,88411870,[],false,true,1,1,38534465,
1428393772573,com.google.android.gms.gcm.GcmService,com.google.process.gapps,10007,17792,17965599,[STARTED],false,true,0,0,38806076,
1428393832596,com.android.bluetooth.hid.HidService,com.android.bluetooth,1002,0,41148,[],false,true,1,1,41157,
1428393832596,com.android.exchange.service.EasService,com.google.android.gm.exchange,10157,2752,54256,[STARTED],false,true,1,1,39964113,
1428393832596,com.google.android.music.dial.DialMediaRouteProviderService,com.google.android.music:main,10058,0,21711939,[],false,true,0,0,10495967,
1428393832596,ch.unige.css.services.PingService,ch.unige.ping,10074,1449,92976856,[STARTED],false,true,0,0,41121362,
1428393832596,com.android.systemui.keyguard.KeyguardService,com.android.systemui,10012,906,42358,[PERSISTENT],false,false,1,1,42367,
1428393832596,ch.unige.css.services.main.CssRegistryService,ch.unige.ping:background,10074,13902,17964876,[STARTED],false,true,0,0,6748905,
1428393832596,com.whatsapp.messaging.MessageService,com.whatsapp,10159,26619,68313,[STARTED],false,true,1,1,36624867,
1428393832596,ccc71.at.services.at_service,ccc71.bmw.pro:services,10110,4012,69150,[STARTED],false,true,0,0,69159,
1428393832596,com.google.android.location.geocode.GeocodeService,com.google.process.location,10007,17755,88411870,[],false,true,1,1,38534465,
1428393832596,com.google.android.gms.gcm.GcmService,com.google.process.gapps,10007,17792,17965599,[STARTED],false,true,0,0,38806076,
1428393892697,com.android.bluetooth.hid.HidService,com.android.bluetooth,1002,0,41148,[],false,true,1,1,41157,
1428393892697,com.android.exchange.service.EasService,com.google.android.gm.exchange,10157,2752,54256,[STARTED],false,true,1,1,39964113,
1428393892697,com.google.android.music.dial.DialMediaRouteProviderService,com.google.android.music:main,10058,0,21711939,[],false,true,0,0,10495967,
1428393892697,ch.unige.css.services.PingService,ch.unige.ping,10074,1449,93036868,[STARTED],false,true,0,0,41141818,
1428393892697,com.android.systemui.keyguard.KeyguardService,com.android.systemui,10012,906,42358,[PERSISTENT],false,false,1,1,42367,
1428393892697,ch.unige.css.services.main.CssRegistryService,ch.unige.ping:background,10074,13902,17964876,[STARTED],false,true,0,0,6748905,
1428393892697,com.whatsapp.messaging.MessageService,com.whatsapp,10159,26619,68313,[STARTED],false,true,1,1,36624867,
1428393892697,ccc71.at.services.at_service,ccc71.bmw.pro:services,10110,4012,69150,[STARTED],false,true,0,0,69159,
1428393892697,com.google.android.location.geocode.GeocodeService,com.google.process.location,10007,17755,88411870,[],false,true,1,1,38534465,
1428393892697,com.google.android.gms.gcm.GcmService,com.google.process.gapps,10007,17792,17965599,[STARTED],false,true,0,0,38806076,
1428393952623,com.android.bluetooth.hid.HidService,com.android.bluetooth,1002,0,41148,[],false,true,1,1,41157,
1428393952623,com.android.exchange.service.EasService,com.google.android.gm.exchange,10157,2752,54256,[STARTED],false,true,1,1,39964113,
1428393952623,com.google.android.music.dial.DialMediaRouteProviderService,com.google.android.music:main,10058,0,21711939,[],false,true,0,0,10495967,
1428393952623,ch.unige.css.services.PingService,ch.unige.ping,10074,1449,93096880,[STARTED],false,true,0,0,41162359,
1428393952623,com.android.systemui.keyguard.KeyguardService,com.android.systemui,10012,906,42358,[PERSISTENT],false,false,1,1,42367,
1428393952623,ch.unige.css.services.main.CssRegistryService,ch.unige.ping:background,10074,13902,17964876,[STARTED],false,true,0,0,6748905,
1428393952623,com.whatsapp.messaging.MessageService,com.whatsapp,10159,26619,68313,[STARTED],false,true,1,1,36624867,
1428393952623,ccc71.at.services.at_service,ccc71.bmw.pro:services,10110,4012,69150,[STARTED],false,true,0,0,69159,
1428393952623,com.google.android.location.geocode.GeocodeService,com.google.process.location,10007,17755,88411870,[],false,true,1,1,38534465,
1428393952623,com.google.android.gms.gcm.GcmService,com.google.process.gapps,10007,17792,17965599,[STARTED],false,true,0,0,38806076,
1428394012675,com.android.bluetooth.hid.HidService,com.android.bluetooth,1002,0,41148,[],false,true,1,1,41157,
1428394012675,com.android.exchange.service.EasService,com.google.android.gm.exchange,10157,2752,54256,[STARTED],false,true,1,1,39964113,
1428394012675,com.google.android.music.dial.DialMediaRouteProviderService,com.google.android.music:main,10058,0,21711939,[],false,true,0,0,10495967,
1428394012675,ch.unige.css.services.PingService,ch.unige.ping,10074,1449,93156935,[STARTED],false,true,0,0,41184866,
1428394012675,com.android.systemui.keyguard.KeyguardService,com.android.systemui,10012,906,42358,[PERSISTENT],false,false,1,1,42367,
1428394012675,ch.unige.css.services.main.CssRegistryService,ch.unige.ping:background,10074,13902,17964876,[STARTED],false,true,0,0,6748905,
1428394012675,com.whatsapp.messaging.MessageService,com.whatsapp,10159,26619,68313,[STARTED],false,true,1,1,36624867,
1428394012675,ccc71.at.services.at_service,ccc71.bmw.pro:services,10110,4012,69150,[STARTED],false,true,0,0,69159,
1428394012675,com.google.android.location.geocode.GeocodeService,com.google.process.location,10007,17755,88411870,[],false,true,1,1,38534465,
1428394012675,com.google.android.gms.gcm.GcmService,com.google.process.gapps,10007,17792,17965599,[STARTED],false,true,0,0,38806076,
1428394099932,com.android.bluetooth.hid.HidService,com.android.bluetooth,1002,0,41148,[],false,true,1,1,41157,
1428394099932,com.android.exchange.service.EasService,com.google.android.gm.exchange,10157,2752,54256,[STARTED],false,true,1,1,39964113,
1428394099932,com.google.android.music.dial.DialMediaRouteProviderService,com.google.android.music:main,10058,0,21711939,[],false,true,0,0,10495967,
1428394099932,ch.unige.css.services.PingService,ch.unige.ping,10074,1449,93244199,[STARTED],false,true,0,0,41209238,
1428394099932,com.android.systemui.keyguard.KeyguardService,com.android.systemui,10012,906,42358,[PERSISTENT],false,false,1,1,42367,
1428394099932,ch.unige.css.services.main.CssRegistryService,ch.unige.ping:background,10074,13902,17964876,[STARTED],false,true,0,0,6748905,
1428394099932,com.whatsapp.messaging.MessageService,com.whatsapp,10159,26619,68313,[STARTED],false,true,1,1,36624867,
1428394099932,ccc71.at.services.at_service,ccc71.bmw.pro:services,10110,4012,69150,[STARTED],false,true,0,0,69159,
1428394099932,com.google.android.location.geocode.GeocodeService,com.google.process.location,10007,17755,88411870,[],false,true,1,1,38534465,
1428394099932,com.google.android.gms.gcm.GcmService,com.google.process.gapps,10007,17792,17965599,[STARTED],false,true,0,0,38806076,
1428394160154,com.android.bluetooth.hid.HidService,com.android.bluetooth,1002,0,41148,[],false,true,1,1,41157,
1428394160154,com.android.exchange.service.EasService,com.google.android.gm.exchange,10157,2752,54256,[STARTED],false,true,1,1,39964113,
1428394160154,com.google.android.music.dial.DialMediaRouteProviderService,com.google.android.music:main,10058,0,21711939,[],false,true,0,0,10495967,
1428394160154,ch.unige.css.services.PingService,ch.unige.ping,10074,1449,93304411,[STARTED],false,true,0,0,41230152,
1428394160154,com.android.systemui.keyguard.KeyguardService,com.android.systemui,10012,906,42358,[PERSISTENT],false,false,1,1,42367,
1428394160154,ch.unige.css.services.main.CssRegistryService,ch.unige.ping:background,10074,13902,17964876,[STARTED],false,true,0,0,6748905,
1428394160154,com.whatsapp.messaging.MessageService,com.whatsapp,10159,26619,68313,[STARTED],false,true,1,1,36624867,
1428394160154,ccc71.at.services.at_service,ccc71.bmw.pro:services,10110,4012,69150,[STARTED],false,true,0,0,69159,
1428394160154,com.google.android.location.geocode.GeocodeService,com.google.process.location,10007,17755,88411870,[],false,true,1,1,38534465,
1428394160154,com.google.android.gms.gcm.GcmService,com.google.process.gapps,10007,17792,17965599,[STARTED],false,true,0,0,38806076,
1428394220277,com.android.bluetooth.hid.HidService,com.android.bluetooth,1002,0,41148,[],false,true,1,1,41157,
1428394220277,com.android.exchange.service.EasService,com.google.android.gm.exchange,10157,2752,54256,[STARTED],false,true,1,1,39964113,
1428394220277,com.google.android.music.dial.DialMediaRouteProviderService,com.google.android.music:main,10058,0,21711939,[],false,true,0,0,10495967,
1428394220277,ch.unige.css.services.PingService,ch.unige.ping,10074,1449,93364539,[STARTED],false,true,0,0,41251203,
1428394220277,com.android.systemui.keyguard.KeyguardService,com.android.systemui,10012,906,42358,[PERSISTENT],false,false,1,1,42367,
1428394220277,ch.unige.css.services.main.CssRegistryService,ch.unige.ping:background,10074,13902,17964876,[STARTED],false,true,0,0,6748905,
1428394220277,com.whatsapp.messaging.MessageService,com.whatsapp,10159,26619,68313,[STARTED],false,true,1,1,36624867,
1428394220277,ccc71.at.services.at_service,ccc71.bmw.pro:services,10110,4012,69150,[STARTED],false,true,0,0,69159,
1428394220277,com.google.android.location.geocode.GeocodeService,com.google.process.location,10007,17755,88411870,[],false,true,1,1,38534465,
1428394220277,com.google.android.gms.gcm.GcmService,com.google.process.gapps,10007,17792,17965599,[STARTED],false,true,0,0,38806076,
1428394312575,com.android.bluetooth.hid.HidService,com.android.bluetooth,1002,0,41148,[],false,true,1,1,41157,
1428394312575,com.android.exchange.service.EasService,com.google.android.gm.exchange,10157,2752,54256,[STARTED],false,true,1,1,39964113,
1428394312575,com.google.android.music.dial.DialMediaRouteProviderService,com.google.android.music:main,10058,0,21711939,[],false,true,0,0,10495967,
1428394312575,ch.unige.css.services.PingService,ch.unige.ping,10074,1449,93456842,[STARTED],false,true,0,0,41271945,
1428394312575,com.android.systemui.keyguard.KeyguardService,com.android.systemui,10012,906,42358,[PERSISTENT],false,false,1,1,42367,
1428394312575,ch.unige.css.services.main.CssRegistryService,ch.unige.ping:background,10074,13902,17964876,[STARTED],false,true,0,0,6748905,
1428394312575,com.whatsapp.messaging.MessageService,com.whatsapp,10159,26619,68313,[STARTED],false,true,1,1,36624867,
1428394312575,ccc71.at.services.at_service,ccc71.bmw.pro:services,10110,4012,69150,[STARTED],false,true,0,0,69159,
1428394312575,com.google.android.location.geocode.GeocodeService,com.google.process.location,10007,17755,88411870,[],false,true,1,1,38534465,
1428394312575,com.google.android.gms.gcm.GcmService,com.google.process.gapps,10007,17792,17965599,[STARTED],false,true,0,0,38806076,
1428394403720,com.android.bluetooth.hid.HidService,com.android.bluetooth,1002,0,41148,[],false,true,1,1,41157,
1428394403720,com.android.exchange.service.EasService,com.google.android.gm.exchange,10157,2752,54256,[STARTED],false,true,1,1,39964113,
1428394403720,com.google.android.music.dial.DialMediaRouteProviderService,com.google.android.music:main,10058,0,21711939,[],false,true,0,0,10495967,
1428394403720,ch.unige.css.services.PingService,ch.unige.ping,10074,1449,93547966,[STARTED],false,true,0,0,41301441,
1428394403720,com.android.systemui.keyguard.KeyguardService,com.android.systemui,10012,906,42358,[PERSISTENT],false,false,1,1,42367,
1428394403720,ch.unige.css.services.main.CssRegistryService,ch.unige.ping:background,10074,13902,17964876,[STARTED],false,true,0,0,6748905,
1428394403720,com.whatsapp.messaging.MessageService,com.whatsapp,10159,26619,68313,[STARTED],false,true,1,1,36624867,
1428394403720,ccc71.at.services.at_service,ccc71.bmw.pro:services,10110,4012,69150,[STARTED],false,true,0,0,69159,
1428394403720,com.google.android.location.geocode.GeocodeService,com.google.process.location,10007,17755,88411870,[],false,true,1,1,38534465,
1428394403720,com.google.android.gms.gcm.GcmService,com.google.process.gapps,10007,17792,17965599,[STARTED],false,true,0,0,38806076,
1428394465662,com.android.bluetooth.hid.HidService,com.android.bluetooth,1002,0,41148,[],false,true,1,1,41157,
1428394465662,com.google.android.apps.fitness.wearable.WearableSyncService,com.google.android.apps.fitness,10155,30495,93609529,[STARTED],false,true,0,0,41342307,
1428394465662,com.android.exchange.service.EasService,com.google.android.gm.exchange,10157,2752,54256,[STARTED],false,true,1,1,39964113,
1428394465662,com.google.android.music.dial.DialMediaRouteProviderService,com.google.android.music:main,10058,0,21711939,[],false,true,0,0,10495967,
1428394465662,ch.unige.css.services.PingService,ch.unige.ping,10074,1449,93609517,[STARTED],false,true,0,0,41342296,
1428394465662,com.android.systemui.keyguard.KeyguardService,com.android.systemui,10012,906,42358,[PERSISTENT],false,false,1,1,42367,
1428394465662,ch.unige.css.services.main.CssRegistryService,ch.unige.ping:background,10074,13902,17964876,[STARTED],false,true,0,0,6748905,
1428394465662,com.whatsapp.messaging.MessageService,com.whatsapp,10159,26619,68313,[STARTED],false,true,1,1,36624867,
1428394465662,ccc71.at.services.at_service,ccc71.bmw.pro:services,10110,4012,69150,[STARTED],false,true,0,0,69159,
1428394465662,com.google.android.location.geocode.GeocodeService,com.google.process.location,10007,17755,88411870,[],false,true,1,1,38534465,
1428394526614,com.android.bluetooth.hid.HidService,com.android.bluetooth,1002,0,41148,[],false,true,1,1,41157,
1428394526614,com.android.exchange.service.EasService,com.google.android.gm.exchange,10157,2752,54256,[STARTED],false,true,1,1,39964113,
1428394526614,com.google.android.music.dial.DialMediaRouteProviderService,com.google.android.music:main,10058,0,21711939,[],false,true,0,0,10495967,
1428394526614,ch.unige.css.services.PingService,ch.unige.ping,10074,1449,93670461,[STARTED],false,true,0,0,41371010,
1428394526614,com.android.systemui.keyguard.KeyguardService,com.android.systemui,10012,906,42358,[PERSISTENT],false,false,1,1,42367,
1428394526614,ch.unige.css.services.main.CssRegistryService,ch.unige.ping:background,10074,13902,17964876,[STARTED],false,true,0,0,6748905,
1428394526614,com.whatsapp.messaging.MessageService,com.whatsapp,10159,26619,68313,[STARTED],false,true,1,1,36624867,
1428394526614,ccc71.at.services.at_service,ccc71.bmw.pro:services,10110,4012,69150,[STARTED],false,true,0,0,69159,
1428394526614,com.google.android.location.geocode.GeocodeService,com.google.process.location,10007,17755,88411870,[],false,true,1,1,38534465,
1428394526614,com.google.android.gms.gcm.GcmService,com.google.process.gapps,10007,17792,17965599,[STARTED],false,true,0,0,38806076,
1428394616146,com.android.bluetooth.hid.HidService,com.android.bluetooth,1002,0,41148,[],false,true,1,1,41157,
1428394616146,com.android.exchange.service.EasService,com.google.android.gm.exchange,10157,2752,54256,[STARTED],false,true,1,1,39964113,
1428394616146,com.google.android.music.dial.DialMediaRouteProviderService,com.google.android.music:main,10058,0,21711939,[],false,true,0,0,10495967,
1428394616146,ch.unige.css.services.PingService,ch.unige.ping,10074,1449,93759967,[STARTED],false,true,0,0,41392377,
1428394616146,com.android.systemui.keyguard.KeyguardService,com.android.systemui,10012,906,42358,[PERSISTENT],false,false,1,1,42367,
1428394616146,ch.unige.css.services.main.CssRegistryService,ch.unige.ping:background,10074,13902,17964876,[STARTED],false,true,0,0,6748905,
1428394616146,com.whatsapp.messaging.MessageService,com.whatsapp,10159,26619,68313,[STARTED],false,true,1,1,36624867,
1428394616146,ccc71.at.services.at_service,ccc71.bmw.pro:services,10110,4012,69150,[STARTED],false,true,0,0,69159,
1428394616146,com.google.android.location.geocode.GeocodeService,com.google.process.location,10007,17755,88411870,[],false,true,1,1,38534465,
1428394616146,com.google.android.gms.gcm.GcmService,com.google.process.gapps,10007,17792,17965599,[STARTED],false,true,0,0,38806076,
1428394676588,com.android.bluetooth.hid.HidService,com.android.bluetooth,1002,0,41148,[],false,true,1,1,41157,
1428394676588,com.android.exchange.service.EasService,com.google.android.gm.exchange,10157,2752,54256,[STARTED],false,true,1,1,41417107,
1428394676588,com.google.android.music.dial.DialMediaRouteProviderService,com.google.android.music:main,10058,0,21711939,[],false,true,0,0,10495967,
1428394676588,ch.unige.css.services.PingService,ch.unige.ping,10074,1449,93820442,[STARTED],false,true,0,0,41421653,
1428394676588,com.android.systemui.keyguard.KeyguardService,com.android.systemui,10012,906,42358,[PERSISTENT],false,false,1,1,42367,
1428394676588,ch.unige.css.services.main.CssRegistryService,ch.unige.ping:background,10074,13902,17964876,[STARTED],false,true,0,0,6748905,
1428394676588,com.whatsapp.messaging.MessageService,com.whatsapp,10159,26619,68313,[STARTED],false,true,1,1,36624867,
1428394676588,ccc71.at.services.at_service,ccc71.bmw.pro:services,10110,4012,69150,[STARTED],false,true,0,0,69159,
1428394676588,com.google.android.location.geocode.GeocodeService,com.google.process.location,10007,17755,88411870,[],false,true,1,1,38534465,
1428394676588,com.google.android.gms.gcm.GcmService,com.google.process.gapps,10007,17792,17965599,[STARTED],false,true,0,0,38806076,
1428394735959,com.android.bluetooth.hid.HidService,com.android.bluetooth,1002,0,41148,[],false,true,1,1,41157,
1428394735959,com.android.exchange.service.EasService,com.google.android.gm.exchange,10157,2752,54256,[STARTED],false,true,1,1,41417107,
1428394735959,com.google.android.music.dial.DialMediaRouteProviderService,com.google.android.music:main,10058,0,21711939,[],false,true,0,0,10495967,
1428394735959,ch.unige.css.services.PingService,ch.unige.ping,10074,1449,93880534,[STARTED],false,true,0,0,41455854,
1428394735959,com.android.systemui.keyguard.KeyguardService,com.android.systemui,10012,906,42358,[PERSISTENT],false,false,1,1,42367,
1428394735959,ch.unige.css.services.main.CssRegistryService,ch.unige.ping:background,10074,13902,17964876,[STARTED],false,true,0,0,6748905,
1428394735959,com.whatsapp.messaging.MessageService,com.whatsapp,10159,26619,68313,[STARTED],false,true,1,1,36624867,
1428394735959,ccc71.at.services.at_service,ccc71.bmw.pro:services,10110,4012,69150,[STARTED],false,true,0,0,69159,
1428394735959,com.google.android.location.geocode.GeocodeService,com.google.process.location,10007,17755,88411870,[],false,true,1,1,38534465,
1428394735959,com.google.android.gms.gcm.GcmService,com.google.process.gapps,10007,17792,17965599,[STARTED],false,true,0,0,38806076,
1428394796572,com.android.bluetooth.hid.HidService,com.android.bluetooth,1002,0,41148,[],false,true,1,1,41157,
1428394796572,com.android.exchange.service.EasService,com.google.android.gm.exchange,10157,2752,54256,[STARTED],false,true,1,1,41417107,
1428394796572,com.google.android.music.dial.DialMediaRouteProviderService,com.google.android.music:main,10058,0,21711939,[],false,true,0,0,10495967,
1428394796572,ch.unige.css.services.PingService,ch.unige.ping,10074,1449,93941143,[STARTED],false,true,0,0,41476604,
1428394796572,com.android.systemui.keyguard.KeyguardService,com.android.systemui,10012,906,42358,[PERSISTENT],false,false,1,1,42367,
1428394796572,ch.unige.css.services.main.CssRegistryService,ch.unige.ping:background,10074,13902,17964876,[STARTED],false,true,0,0,6748905,
1428394796572,com.whatsapp.messaging.MessageService,com.whatsapp,10159,26619,68313,[STARTED],false,true,1,1,36624867,
1428394796572,ccc71.at.services.at_service,ccc71.bmw.pro:services,10110,4012,69150,[STARTED],false,true,0,0,69159,
1428394796572,com.google.android.location.geocode.GeocodeService,com.google.process.location,10007,17755,88411870,[],false,true,1,1,38534465,
1428394796572,com.google.android.gms.gcm.GcmService,com.google.process.gapps,10007,17792,17965599,[STARTED],false,true,0,0,38806076,
1428394856659,com.android.bluetooth.hid.HidService,com.android.bluetooth,1002,0,41148,[],false,true,1,1,41157,
1428394856659,com.android.exchange.service.EasService,com.google.android.gm.exchange,10157,2752,54256,[STARTED],false,true,1,1,41417107,
1428394856659,com.google.android.music.dial.DialMediaRouteProviderService,com.google.android.music:main,10058,0,21711939,[],false,true,0,0,10495967,
1428394856659,ch.unige.css.services.PingService,ch.unige.ping,10074,1449,94001236,[STARTED],false,true,0,0,41497085,
1428394856659,com.android.systemui.keyguard.KeyguardService,com.android.systemui,10012,906,42358,[PERSISTENT],false,false,1,1,42367,
1428394856659,ch.unige.css.services.main.CssRegistryService,ch.unige.ping:background,10074,13902,17964876,[STARTED],false,true,0,0,6748905,
1428394856659,com.whatsapp.messaging.MessageService,com.whatsapp,10159,26619,68313,[STARTED],false,true,1,1,36624867,
1428394856659,ccc71.at.services.at_service,ccc71.bmw.pro:services,10110,4012,69150,[STARTED],false,true,0,0,69159,
1428394856659,com.google.android.location.geocode.GeocodeService,com.google.process.location,10007,17755,88411870,[],false,true,1,1,38534465,
1428394856659,com.google.android.gms.gcm.GcmService,com.google.process.gapps,10007,17792,17965599,[STARTED],false,true,0,0,38806076,
1428394916708,com.android.bluetooth.hid.HidService,com.android.bluetooth,1002,0,41148,[],false,true,1,1,41157,
1428394916708,com.android.exchange.service.EasService,com.google.android.gm.exchange,10157,2752,54256,[STARTED],false,true,1,1,41417107,
1428394916708,com.google.android.music.dial.DialMediaRouteProviderService,com.google.android.music:main,10058,0,21711939,[],false,true,0,0,10495967,
1428394916708,ch.unige.css.services.PingService,ch.unige.ping,10074,1449,94061260,[STARTED],false,true,0,0,41517594,
1428394916708,com.android.systemui.keyguard.KeyguardService,com.android.systemui,10012,906,42358,[PERSISTENT],false,false,1,1,42367,
1428394916708,ch.unige.css.services.main.CssRegistryService,ch.unige.ping:background,10074,13902,17964876,[STARTED],false,true,0,0,6748905,
1428394916708,com.whatsapp.messaging.MessageService,com.whatsapp,10159,26619,68313,[STARTED],false,true,1,1,36624867,
1428394916708,ccc71.at.services.at_service,ccc71.bmw.pro:services,10110,4012,69150,[STARTED],false,true,0,0,69159,
1428394916708,com.google.android.location.geocode.GeocodeService,com.google.process.location,10007,17755,88411870,[],false,true,1,1,38534465,
1428394916708,com.google.android.gms.gcm.GcmService,com.google.process.gapps,10007,17792,17965599,[STARTED],false,true,0,0,38806076,
1428394976962,com.android.bluetooth.hid.HidService,com.android.bluetooth,1002,0,41148,[],false,true,1,1,41157,
1428394976962,com.android.exchange.service.EasService,com.google.android.gm.exchange,10157,2752,54256,[STARTED],false,true,1,1,41417107,
1428394976962,com.google.android.music.dial.DialMediaRouteProviderService,com.google.android.music:main,10058,0,21711939,[],false,true,0,0,10495967,
1428394976962,ch.unige.css.services.PingService,ch.unige.ping,10074,1449,94121534,[STARTED],false,true,0,0,41538426,
1428394976962,com.android.systemui.keyguard.KeyguardService,com.android.systemui,10012,906,42358,[PERSISTENT],false,false,1,1,42367,
1428394976962,ch.unige.css.services.main.CssRegistryService,ch.unige.ping:background,10074,13902,17964876,[STARTED],false,true,0,0,6748905,
1428394976962,com.whatsapp.messaging.MessageService,com.whatsapp,10159,26619,68313,[STARTED],false,true,1,1,36624867,
1428394976962,ccc71.at.services.at_service,ccc71.bmw.pro:services,10110,4012,69150,[STARTED],false,true,0,0,69159,
1428394976962,com.google.android.location.geocode.GeocodeService,com.google.process.location,10007,17755,88411870,[],false,true,1,1,38534465,
1428394976962,com.google.android.gms.gcm.GcmService,com.google.process.gapps,10007,17792,17965599,[STARTED],false,true,0,0,38806076,
1428395034518,com.android.bluetooth.hid.HidService,com.android.bluetooth,1002,0,41148,[],false,true,1,1,41157,
1428395034518,com.android.exchange.service.EasService,com.google.android.gm.exchange,10157,2752,54256,[STARTED],false,true,1,1,41417107,
1428395034518,com.google.android.music.dial.DialMediaRouteProviderService,com.google.android.music:main,10058,0,21711939,[],false,true,0,0,10495967,
1428395034518,ch.unige.css.services.PingService,ch.unige.ping,10074,1449,94181947,[STARTED],false,true,0,0,41561250,
1428395034518,com.android.systemui.keyguard.KeyguardService,com.android.systemui,10012,906,42358,[PERSISTENT],false,false,1,1,42367,
1428395034518,ch.unige.css.services.main.CssRegistryService,ch.unige.ping:background,10074,13902,17964876,[STARTED],false,true,0,0,6748905,
1428395034518,com.whatsapp.messaging.MessageService,com.whatsapp,10159,26619,68313,[STARTED],false,true,1,1,36624867,
1428395034518,ccc71.at.services.at_service,ccc71.bmw.pro:services,10110,4012,69150,[STARTED],false,true,0,0,69159,
1428395034518,com.google.android.location.geocode.GeocodeService,com.google.process.location,10007,17755,88411870,[],false,true,1,1,38534465,
1428395034518,com.google.android.gms.gcm.GcmService,com.google.process.gapps,10007,17792,17965599,[STARTED],false,true,0,0,38806076,
1428395094667,com.android.bluetooth.hid.HidService,com.android.bluetooth,1002,0,41148,[],false,true,1,1,41157,
1428395094667,com.android.exchange.service.EasService,com.google.android.gm.exchange,10157,2752,54256,[STARTED],false,true,1,1,41417107,
1428395094667,com.google.android.music.dial.DialMediaRouteProviderService,com.google.android.music:main,10058,0,21711939,[],false,true,0,0,10495967,
1428395094667,ch.unige.css.services.PingService,ch.unige.ping,10074,1449,94242083,[STARTED],false,true,0,0,41581806,
1428395094667,com.android.systemui.keyguard.KeyguardService,com.android.systemui,10012,906,42358,[PERSISTENT],false,false,1,1,42367,
1428395094667,ch.unige.css.services.main.CssRegistryService,ch.unige.ping:background,10074,13902,17964876,[STARTED],false,true,0,0,6748905,
1428395094667,com.whatsapp.messaging.MessageService,com.whatsapp,10159,26619,68313,[STARTED],false,true,1,1,36624867,
1428395094667,ccc71.at.services.at_service,ccc71.bmw.pro:services,10110,4012,69150,[STARTED],false,true,0,0,69159,
1428395094667,com.google.android.location.geocode.GeocodeService,com.google.process.location,10007,17755,88411870,[],false,true,1,1,38534465,
1428395094667,com.google.android.gms.gcm.GcmService,com.google.process.gapps,10007,17792,17965599,[STARTED],false,true,0,0,38806076,
1428395156520,com.android.bluetooth.hid.HidService,com.android.bluetooth,1002,0,41148,[],false,true,1,1,41157,
1428395156520,com.android.exchange.service.EasService,com.google.android.gm.exchange,10157,2752,54256,[STARTED],false,true,1,1,41417107,
1428395156520,com.google.android.music.dial.DialMediaRouteProviderService,com.google.android.music:main,10058,0,21711939,[],false,true,0,0,10495967,
1428395156520,ch.unige.css.services.PingService,ch.unige.ping,10074,1449,94302458,[STARTED],false,true,0,0,41609256,
1428395156520,com.android.systemui.keyguard.KeyguardService,com.android.systemui,10012,906,42358,[PERSISTENT],false,false,1,1,42367,
1428395156520,ch.unige.css.services.main.CssRegistryService,ch.unige.ping:background,10074,13902,17964876,[STARTED],false,true,0,0,6748905,
1428395156520,com.whatsapp.messaging.MessageService,com.whatsapp,10159,26619,68313,[STARTED],false,true,1,1,36624867,
1428395156520,ccc71.at.services.at_service,ccc71.bmw.pro:services,10110,4012,69150,[STARTED],false,true,0,0,69159,
1428395156520,com.google.android.location.geocode.GeocodeService,com.google.process.location,10007,17755,88411870,[],false,true,1,1,38534465,
1428395156520,com.google.android.gms.gcm.GcmService,com.google.process.gapps,10007,17792,17965599,[STARTED],false,true,0,0,38806076,
1428395216560,com.android.bluetooth.hid.HidService,com.android.bluetooth,1002,0,41148,[],false,true,1,1,41157,
1428395216560,com.android.exchange.service.EasService,com.google.android.gm.exchange,10157,2752,54256,[STARTED],false,true,1,1,41417107,
1428395216560,com.google.android.music.dial.DialMediaRouteProviderService,com.google.android.music:main,10058,0,21711939,[],false,true,0,0,10495967,
1428395216560,ch.unige.css.services.PingService,ch.unige.ping,10074,1449,94362484,[STARTED],false,true,0,0,41631856,
1428395216560,com.android.systemui.keyguard.KeyguardService,com.android.systemui,10012,906,42358,[PERSISTENT],false,false,1,1,42367,
1428395216560,ch.unige.css.services.main.CssRegistryService,ch.unige.ping:background,10074,13902,17964876,[STARTED],false,true,0,0,6748905,
1428395216560,com.whatsapp.messaging.MessageService,com.whatsapp,10159,26619,68313,[STARTED],false,true,1,1,36624867,
1428395216560,ccc71.at.services.at_service,ccc71.bmw.pro:services,10110,4012,69150,[STARTED],false,true,0,0,69159,
1428395216560,com.google.android.location.geocode.GeocodeService,com.google.process.location,10007,17755,88411870,[],false,true,1,1,38534465,
1428395216560,com.google.android.gms.gcm.GcmService,com.google.process.gapps,10007,17792,17965599,[STARTED],false,true,0,0,38806076,
1428395278133,com.android.bluetooth.hid.HidService,com.android.bluetooth,1002,0,41148,[],false,true,1,1,41157,
1428395278133,com.android.exchange.service.EasService,com.google.android.gm.exchange,10157,2752,54256,[STARTED],false,true,1,1,41417107,
1428395278133,com.google.android.music.dial.DialMediaRouteProviderService,com.google.android.music:main,10058,0,21711939,[],false,true,0,0,10495967,
1428395278133,ch.unige.css.services.PingService,ch.unige.ping,10074,1449,94422534,[STARTED],false,true,0,0,41660122,
1428395278133,com.android.systemui.keyguard.KeyguardService,com.android.systemui,10012,906,42358,[PERSISTENT],false,false,1,1,42367,
1428395278133,ch.unige.css.services.main.CssRegistryService,ch.unige.ping:background,10074,13902,17964876,[STARTED],false,true,0,0,6748905,
1428395278133,com.whatsapp.messaging.MessageService,com.whatsapp,10159,26619,68313,[STARTED],false,true,1,1,36624867,
1428395278133,ccc71.at.services.at_service,ccc71.bmw.pro:services,10110,4012,69150,[STARTED],false,true,0,0,69159,
1428395278133,com.google.android.location.geocode.GeocodeService,com.google.process.location,10007,17755,88411870,[],false,true,1,1,38534465,
1428395278133,com.google.android.gms.gcm.GcmService,com.google.process.gapps,10007,17792,17965599,[STARTED],false,true,0,0,38806076,
1428395339596,com.android.bluetooth.hid.HidService,com.android.bluetooth,1002,0,41148,[],false,true,1,1,41157,
1428395339596,com.android.exchange.service.EasService,com.google.android.gm.exchange,10157,2752,54256,[STARTED],false,true,1,1,41417107,
1428395339596,com.google.android.music.dial.DialMediaRouteProviderService,com.google.android.music:main,10058,0,21711939,[],false,true,0,0,10495967,
1428395339596,ch.unige.css.services.PingService,ch.unige.ping,10074,1449,94482585,[STARTED],false,true,0,0,41687475,
1428395339596,com.android.systemui.keyguard.KeyguardService,com.android.systemui,10012,906,42358,[PERSISTENT],false,false,1,1,42367,
1428395339596,ch.unige.css.services.main.CssRegistryService,ch.unige.ping:background,10074,13902,17964876,[STARTED],false,true,0,0,6748905,
1428395339596,com.whatsapp.messaging.MessageService,com.whatsapp,10159,26619,68313,[STARTED],false,true,1,1,36624867,
1428395339596,ccc71.at.services.at_service,ccc71.bmw.pro:services,10110,4012,69150,[STARTED],false,true,0,0,69159,
1428395339596,com.google.android.location.geocode.GeocodeService,com.google.process.location,10007,17755,88411870,[],false,true,1,1,38534465,
1428395339596,com.facebook.analytics.service.AnalyticsService,com.facebook.katana,10079,26751,94466530,[STARTED],false,true,0,0,41682162,
1428395399817,com.android.bluetooth.hid.HidService,com.android.bluetooth,1002,0,41148,[],false,true,1,1,41157,
1428395399817,com.android.exchange.service.EasService,com.google.android.gm.exchange,10157,2752,54256,[STARTED],false,true,1,1,41417107,
1428395399817,com.google.android.music.dial.DialMediaRouteProviderService,com.google.android.music:main,10058,0,21711939,[],false,true,0,0,10495967,
1428395399817,ch.unige.css.services.PingService,ch.unige.ping,10074,1449,94542822,[STARTED],false,true,0,0,41708142,
1428395399817,com.android.systemui.keyguard.KeyguardService,com.android.systemui,10012,906,42358,[PERSISTENT],false,false,1,1,42367,
1428395399817,ch.unige.css.services.main.CssRegistryService,ch.unige.ping:background,10074,13902,17964876,[STARTED],false,true,0,0,6748905,
1428395399817,com.whatsapp.messaging.MessageService,com.whatsapp,10159,26619,68313,[STARTED],false,true,1,1,36624867,
1428395399817,ccc71.at.services.at_service,ccc71.bmw.pro:services,10110,4012,69150,[STARTED],false,true,0,0,69159,
1428395399817,com.google.android.location.geocode.GeocodeService,com.google.process.location,10007,17755,88411870,[],false,true,1,1,38534465,
1428395399817,com.facebook.analytics.service.AnalyticsService,com.facebook.katana,10079,26751,94466530,[STARTED],false,true,0,0,41682162,
1428395460546,com.android.bluetooth.hid.HidService,com.android.bluetooth,1002,0,41148,[],false,true,1,1,41157,
1428395460546,com.android.exchange.service.EasService,com.google.android.gm.exchange,10157,2752,54256,[STARTED],false,true,1,1,41417107,
1428395460546,com.google.android.music.dial.DialMediaRouteProviderService,com.google.android.music:main,10058,0,21711939,[],false,true,0,0,10495967,
1428395460546,ch.unige.css.services.PingService,ch.unige.ping,10074,1449,94603520,[STARTED],false,true,0,0,41728881,
1428395460546,com.android.systemui.keyguard.KeyguardService,com.android.systemui,10012,906,42358,[PERSISTENT],false,false,1,1,42367,
1428395460546,ch.unige.css.services.main.CssRegistryService,ch.unige.ping:background,10074,13902,17964876,[STARTED],false,true,0,0,6748905,
1428395460546,com.whatsapp.messaging.MessageService,com.whatsapp,10159,26619,68313,[STARTED],false,true,1,1,36624867,
1428395460546,ccc71.at.services.at_service,ccc71.bmw.pro:services,10110,4012,69150,[STARTED],false,true,0,0,69159,
1428395460546,com.google.android.location.geocode.GeocodeService,com.google.process.location,10007,17755,88411870,[],false,true,1,1,38534465,
1428395460546,com.google.android.gms.gcm.GcmService,com.google.process.gapps,10007,17792,17965599,[STARTED],false,true,0,0,38806076,
1428395520587,com.android.bluetooth.hid.HidService,com.android.bluetooth,1002,0,41148,[],false,true,1,1,41157,
1428395520587,com.android.exchange.service.EasService,com.google.android.gm.exchange,10157,2752,54256,[STARTED],false,true,1,1,41417107,
1428395520587,com.google.android.music.dial.DialMediaRouteProviderService,com.google.android.music:main,10058,0,21711939,[],false,true,0,0,10495967,
1428395520587,ch.unige.css.services.PingService,ch.unige.ping,10074,1449,94663596,[STARTED],false,true,0,0,41749307,
1428395520587,com.android.systemui.keyguard.KeyguardService,com.android.systemui,10012,906,42358,[PERSISTENT],false,false,1,1,42367,
1428395520587,ch.unige.css.services.main.CssRegistryService,ch.unige.ping:background,10074,13902,17964876,[STARTED],false,true,0,0,6748905,
1428395520587,com.whatsapp.messaging.MessageService,com.whatsapp,10159,26619,68313,[STARTED],false,true,1,1,36624867,
1428395520587,ccc71.at.services.at_service,ccc71.bmw.pro:services,10110,4012,69150,[STARTED],false,true,0,0,69159,
1428395520587,com.google.android.location.geocode.GeocodeService,com.google.process.location,10007,17755,88411870,[],false,true,1,1,38534465,
1428395520587,com.google.android.gms.gcm.GcmService,com.google.process.gapps,10007,17792,17965599,[STARTED],false,true,0,0,38806076,
1428395580832,com.android.bluetooth.hid.HidService,com.android.bluetooth,1002,0,41148,[],false,true,1,1,41157,
1428395580832,com.android.exchange.service.EasService,com.google.android.gm.exchange,10157,2752,54256,[STARTED],false,true,1,1,41417107,
1428395580832,com.google.android.music.dial.DialMediaRouteProviderService,com.google.android.music:main,10058,0,21711939,[],false,true,0,0,10495967,
1428395580832,ch.unige.css.services.PingService,ch.unige.ping,10074,1449,94723843,[STARTED],false,true,0,0,41770019,
1428395580832,com.android.systemui.keyguard.KeyguardService,com.android.systemui,10012,906,42358,[PERSISTENT],false,false,1,1,42367,
1428395580832,ch.unige.css.services.main.CssRegistryService,ch.unige.ping:background,10074,13902,17964876,[STARTED],false,true,0,0,6748905,
1428395580832,com.whatsapp.messaging.MessageService,com.whatsapp,10159,26619,68313,[STARTED],false,true,1,1,36624867,
1428395580832,ccc71.at.services.at_service,ccc71.bmw.pro:services,10110,4012,69150,[STARTED],false,true,0,0,69159,
1428395580832,com.google.android.location.geocode.GeocodeService,com.google.process.location,10007,17755,88411870,[],false,true,1,1,38534465,
1428395580832,com.google.android.gms.gcm.GcmService,com.google.process.gapps,10007,17792,17965599,[STARTED],false,true,0,0,38806076,
1428395643358,com.android.bluetooth.hid.HidService,com.android.bluetooth,1002,0,41148,[],false,true,1,1,41157,
1428395643358,com.android.exchange.service.EasService,com.google.android.gm.exchange,10157,2752,54256,[STARTED],false,true,1,1,41417107,
1428395643358,com.google.android.music.dial.DialMediaRouteProviderService,com.google.android.music:main,10058,0,21711939,[],false,true,0,0,10495967,
1428395643358,ch.unige.css.services.PingService,ch.unige.ping,10074,1449,94783890,[STARTED],false,true,0,0,41799571,
1428395643358,com.android.systemui.keyguard.KeyguardService,com.android.systemui,10012,906,42358,[PERSISTENT],false,false,1,1,42367,
1428395643358,ch.unige.css.services.main.CssRegistryService,ch.unige.ping:background,10074,13902,17964876,[STARTED],false,true,0,0,6748905,
1428395643358,com.whatsapp.messaging.MessageService,com.whatsapp,10159,26619,68313,[STARTED],false,true,1,1,36624867,
1428395643358,ccc71.at.services.at_service,ccc71.bmw.pro:services,10110,4012,69150,[STARTED],false,true,0,0,69159,
1428395643358,com.google.android.location.geocode.GeocodeService,com.google.process.location,10007,17755,88411870,[],false,true,1,1,38534465,
1428395643358,com.google.android.gms.gcm.GcmService,com.google.process.gapps,10007,17792,17965599,[STARTED],false,true,0,0,38806076,
1428395703426,com.android.bluetooth.hid.HidService,com.android.bluetooth,1002,0,41148,[],false,true,1,1,41157,
1428395703426,com.android.exchange.service.EasService,com.google.android.gm.exchange,10157,2752,54256,[STARTED],false,true,1,1,41417107,
1428395703426,com.google.android.music.dial.DialMediaRouteProviderService,com.google.android.music:main,10058,0,21711939,[],false,true,0,0,10495967,
1428395703426,ch.unige.css.services.PingService,ch.unige.ping,10074,1449,94843965,[STARTED],false,true,0,0,41830356,
1428395703426,com.android.systemui.keyguard.KeyguardService,com.android.systemui,10012,906,42358,[PERSISTENT],false,false,1,1,42367,
1428395703426,ch.unige.css.services.main.CssRegistryService,ch.unige.ping:background,10074,13902,17964876,[STARTED],false,true,0,0,6748905,
1428395703426,com.whatsapp.messaging.MessageService,com.whatsapp,10159,26619,68313,[STARTED],false,true,1,1,36624867,
1428395703426,ccc71.at.services.at_service,ccc71.bmw.pro:services,10110,4012,69150,[STARTED],false,true,0,0,69159,
1428395703426,com.google.android.location.geocode.GeocodeService,com.google.process.location,10007,17755,88411870,[],false,true,1,1,38534465,
1428395703426,com.google.android.gms.gcm.GcmService,com.google.process.gapps,10007,17792,17965599,[STARTED],false,true,0,0,38806076,
1428395765958,com.android.bluetooth.hid.HidService,com.android.bluetooth,1002,0,41148,[],false,true,1,1,41157,
1428395765958,com.android.exchange.service.EasService,com.google.android.gm.exchange,10157,2752,54256,[STARTED],false,true,1,1,41417107,
1428395765958,com.google.android.music.dial.DialMediaRouteProviderService,com.google.android.music:main,10058,0,21711939,[],false,true,0,0,10495967,
1428395765958,ch.unige.css.services.PingService,ch.unige.ping,10074,1449,94904013,[STARTED],false,true,0,0,41853685,
1428395765958,com.android.systemui.keyguard.KeyguardService,com.android.systemui,10012,906,42358,[PERSISTENT],false,false,1,1,42367,
1428395765958,ch.unige.css.services.main.CssRegistryService,ch.unige.ping:background,10074,13902,17964876,[STARTED],false,true,0,0,6748905,
1428395765958,com.whatsapp.messaging.MessageService,com.whatsapp,10159,26619,68313,[STARTED],false,true,1,1,36624867,
1428395765958,ccc71.at.services.at_service,ccc71.bmw.pro:services,10110,4012,69150,[STARTED],false,true,0,0,69159,
1428395765958,com.google.android.location.geocode.GeocodeService,com.google.process.location,10007,17755,88411870,[],false,true,1,1,38534465,
1428395765958,com.google.android.gms.gcm.GcmService,com.google.process.gapps,10007,17792,17965599,[STARTED],false,true,0,0,38806076,
1428395826821,com.android.bluetooth.hid.HidService,com.android.bluetooth,1002,0,41148,[],false,true,1,1,41157,
1428395826821,com.android.exchange.service.EasService,com.google.android.gm.exchange,10157,2752,54256,[STARTED],false,true,1,1,41417107,
1428395826821,com.google.android.music.dial.DialMediaRouteProviderService,com.google.android.music:main,10058,0,21711939,[],false,true,0,0,10495967,
1428395826821,ch.unige.css.services.PingService,ch.unige.ping,10074,1449,94964891,[STARTED],false,true,0,0,41884885,
1428395826821,com.android.systemui.keyguard.KeyguardService,com.android.systemui,10012,906,42358,[PERSISTENT],false,false,1,1,42367,
1428395826821,ch.unige.css.services.main.CssRegistryService,ch.unige.ping:background,10074,13902,17964876,[STARTED],false,true,0,0,6748905,
1428395826821,com.whatsapp.messaging.MessageService,com.whatsapp,10159,26619,68313,[STARTED],false,true,1,1,36624867,
1428395826821,ccc71.at.services.at_service,ccc71.bmw.pro:services,10110,4012,69150,[STARTED],false,true,0,0,69159,
1428395826821,com.google.android.location.geocode.GeocodeService,com.google.process.location,10007,17755,88411870,[],false,true,1,1,38534465,
1428395826821,com.google.android.gms.gcm.GcmService,com.google.process.gapps,10007,17792,17965599,[STARTED],false,true,0,0,38806076,
1428395886884,com.android.bluetooth.hid.HidService,com.android.bluetooth,1002,0,41148,[],false,true,1,1,41157,
1428395886884,com.android.exchange.service.EasService,com.google.android.gm.exchange,10157,2752,54256,[STARTED],false,true,1,1,41417107,
1428395886884,com.google.android.music.dial.DialMediaRouteProviderService,com.google.android.music:main,10058,0,21711939,[],false,true,0,0,10495967,
1428395886884,ch.unige.css.services.PingService,ch.unige.ping,10074,1449,95024956,[STARTED],false,true,0,0,41919938,
1428395886884,com.android.systemui.keyguard.KeyguardService,com.android.systemui,10012,906,42358,[PERSISTENT],false,false,1,1,42367,
1428395886884,ch.unige.css.services.main.CssRegistryService,ch.unige.ping:background,10074,13902,17964876,[STARTED],false,true,0,0,6748905,
1428395886884,com.whatsapp.messaging.MessageService,com.whatsapp,10159,26619,68313,[STARTED],false,true,1,1,36624867,
1428395886884,ccc71.at.services.at_service,ccc71.bmw.pro:services,10110,4012,69150,[STARTED],false,true,0,0,69159,
1428395886884,com.google.android.location.geocode.GeocodeService,com.google.process.location,10007,17755,88411870,[],false,true,1,1,38534465,
1428395886884,com.google.android.gms.gcm.GcmService,com.google.process.gapps,10007,17792,17965599,[STARTED],false,true,0,0,38806076,
1428395948522,com.android.bluetooth.hid.HidService,com.android.bluetooth,1002,0,41148,[],false,true,1,1,41157,
1428395948522,com.android.exchange.service.EasService,com.google.android.gm.exchange,10157,2752,54256,[STARTED],false,true,1,1,41417107,
1428395948522,com.google.android.music.dial.DialMediaRouteProviderService,com.google.android.music:main,10058,0,21711939,[],false,true,0,0,10495967,
1428395948522,ch.unige.css.services.PingService,ch.unige.ping,10074,1449,95085022,[STARTED],false,true,0,0,41950645,
1428395948522,com.android.systemui.keyguard.KeyguardService,com.android.systemui,10012,906,42358,[PERSISTENT],false,false,1,1,42367,
1428395948522,ch.unige.css.services.main.CssRegistryService,ch.unige.ping:background,10074,13902,17964876,[STARTED],false,true,0,0,6748905,
1428395948522,com.whatsapp.messaging.MessageService,com.whatsapp,10159,26619,68313,[STARTED],false,true,1,1,36624867,
1428395948522,ccc71.at.services.at_service,ccc71.bmw.pro:services,10110,4012,69150,[STARTED],false,true,0,0,69159,
1428395948522,com.google.android.location.geocode.GeocodeService,com.google.process.location,10007,17755,88411870,[],false,true,1,1,38534465,
1428395948522,com.google.android.gms.gcm.GcmService,com.google.process.gapps,10007,17792,17965599,[STARTED],false,true,0,0,38806076,
1428396021115,com.android.bluetooth.hid.HidService,com.android.bluetooth,1002,0,41148,[],false,true,1,1,41157,
1428396021115,com.android.exchange.service.EasService,com.google.android.gm.exchange,10157,2752,54256,[STARTED],false,true,1,1,41417107,
1428396021115,com.google.android.music.dial.DialMediaRouteProviderService,com.google.android.music:main,10058,0,21711939,[],false,true,0,0,10495967,
1428396021115,ch.unige.css.services.PingService,ch.unige.ping,10074,1449,95157606,[STARTED],false,true,0,0,41975631,
1428396021115,com.android.systemui.keyguard.KeyguardService,com.android.systemui,10012,906,42358,[PERSISTENT],false,false,1,1,42367,
1428396021115,ch.unige.css.services.main.CssRegistryService,ch.unige.ping:background,10074,13902,17964876,[STARTED],false,true,0,0,6748905,
1428396021115,com.whatsapp.messaging.MessageService,com.whatsapp,10159,26619,68313,[STARTED],false,true,1,1,36624867,
1428396021115,ccc71.at.services.at_service,ccc71.bmw.pro:services,10110,4012,69150,[STARTED],false,true,0,0,69159,
1428396021115,com.google.android.location.geocode.GeocodeService,com.google.process.location,10007,17755,88411870,[],false,true,1,1,38534465,
1428396021115,com.google.android.gms.gcm.GcmService,com.google.process.gapps,10007,17792,17965599,[STARTED],false,true,0,0,38806076,
1428396081506,com.android.bluetooth.hid.HidService,com.android.bluetooth,1002,0,41148,[],false,true,1,1,41157,
1428396081506,com.android.exchange.service.EasService,com.google.android.gm.exchange,10157,2752,54256,[STARTED],false,true,1,1,41417107,
1428396081506,com.google.android.music.dial.DialMediaRouteProviderService,com.google.android.music:main,10058,0,21711939,[],false,true,0,0,10495967,
1428396081506,ch.unige.css.services.PingService,ch.unige.ping,10074,1449,95218007,[STARTED],false,true,0,0,42004536,
1428396081506,com.android.systemui.keyguard.KeyguardService,com.android.systemui,10012,906,42358,[PERSISTENT],false,false,1,1,42367,
1428396081506,ch.unige.css.services.main.CssRegistryService,ch.unige.ping:background,10074,13902,17964876,[STARTED],false,true,0,0,6748905,
1428396081506,com.whatsapp.messaging.MessageService,com.whatsapp,10159,26619,68313,[STARTED],false,true,1,1,36624867,
1428396081506,ccc71.at.services.at_service,ccc71.bmw.pro:services,10110,4012,69150,[STARTED],false,true,0,0,69159,
1428396081506,com.google.android.location.geocode.GeocodeService,com.google.process.location,10007,17755,88411870,[],false,true,1,1,38534465,
1428396081506,com.facebook.analytics.service.AnalyticsService,com.facebook.katana,10079,26751,95159245,[STARTED],false,true,0,0,41982281,
1428396141625,com.android.bluetooth.hid.HidService,com.android.bluetooth,1002,0,41148,[],false,true,1,1,41157,
1428396141625,com.android.exchange.service.EasService,com.google.android.gm.exchange,10157,2752,54256,[STARTED],false,true,1,1,41417107,
1428396141625,com.google.android.music.dial.DialMediaRouteProviderService,com.google.android.music:main,10058,0,21711939,[],false,true,0,0,10495967,
1428396141625,ch.unige.css.services.PingService,ch.unige.ping,10074,1449,95278124,[STARTED],false,true,0,0,42044185,
1428396141625,com.android.systemui.keyguard.KeyguardService,com.android.systemui,10012,906,42358,[PERSISTENT],false,false,1,1,42367,
1428396141625,ch.unige.css.services.main.CssRegistryService,ch.unige.ping:background,10074,13902,17964876,[STARTED],false,true,0,0,6748905,
1428396141625,com.whatsapp.messaging.MessageService,com.whatsapp,10159,26619,68313,[STARTED],false,true,1,1,36624867,
1428396141625,ccc71.at.services.at_service,ccc71.bmw.pro:services,10110,4012,69150,[STARTED],false,true,0,0,69159,
1428396141625,com.google.android.location.geocode.GeocodeService,com.google.process.location,10007,17755,88411870,[],false,true,1,1,38534465,
1428396141625,com.google.android.gms.gcm.GcmService,com.google.process.gapps,10007,17792,17965599,[STARTED],false,true,0,0,42038683,
1428396201637,com.android.bluetooth.hid.HidService,com.android.bluetooth,1002,0,41148,[],false,true,1,1,41157,
1428396201637,com.android.exchange.service.EasService,com.google.android.gm.exchange,10157,2752,54256,[STARTED],false,true,1,1,41417107,
1428396201637,com.google.android.music.dial.DialMediaRouteProviderService,com.google.android.music:main,10058,0,21711939,[],false,true,0,0,10495967,
1428396201637,ch.unige.css.services.PingService,ch.unige.ping,10074,1449,95338139,[STARTED],false,true,0,0,42104199,
1428396201637,com.android.systemui.keyguard.KeyguardService,com.android.systemui,10012,906,42358,[PERSISTENT],false,false,1,1,42367,
1428396201637,ch.unige.css.services.main.CssRegistryService,ch.unige.ping:background,10074,13902,17964876,[STARTED],false,true,0,0,6748905,
1428396201637,com.whatsapp.messaging.MessageService,com.whatsapp,10159,26619,68313,[STARTED],false,true,1,1,36624867,
1428396201637,ccc71.at.services.at_service,ccc71.bmw.pro:services,10110,4012,69150,[STARTED],false,true,0,0,69159,
1428396201637,com.google.android.location.geocode.GeocodeService,com.google.process.location,10007,17755,95322292,[],false,true,1,1,42088353,
1428396201637,com.google.android.gms.gcm.GcmService,com.google.process.gapps,10007,17792,17965599,[STARTED],false,true,0,0,42078131,
1428396277332,com.android.bluetooth.hid.HidService,com.android.bluetooth,1002,0,41148,[],false,true,1,1,41157,
1428396277332,com.android.exchange.service.EasService,com.google.android.gm.exchange,10157,2752,54256,[STARTED],false,true,1,1,41417107,
1428396277332,com.google.android.music.dial.DialMediaRouteProviderService,com.google.android.music:main,10058,0,21711939,[],false,true,0,0,10495967,
1428396277332,ch.unige.css.services.PingService,ch.unige.ping,10074,1449,95413745,[STARTED],false,true,0,0,42179805,
1428396277332,com.android.systemui.keyguard.KeyguardService,com.android.systemui,10012,906,42358,[PERSISTENT],false,false,1,1,42367,
1428396277332,ch.unige.css.services.main.CssRegistryService,ch.unige.ping:background,10074,13902,17964876,[STARTED],false,true,0,0,6748905,
1428396277332,com.whatsapp.messaging.MessageService,com.whatsapp,10159,26619,68313,[STARTED],false,true,1,1,36624867,
1428396277332,ccc71.at.services.at_service,ccc71.bmw.pro:services,10110,4012,69150,[STARTED],false,true,0,0,69159,
1428396277332,com.google.android.location.geocode.GeocodeService,com.google.process.location,10007,17755,95348605,[],false,true,1,1,42114665,
1428396277332,com.google.android.gms.gcm.GcmService,com.google.process.gapps,10007,17792,17965599,[STARTED],false,true,0,0,42078131,
1428396337261,com.android.bluetooth.hid.HidService,com.android.bluetooth,1002,0,41148,[],false,true,1,1,41157,
1428396337261,com.google.android.gms.fitness.service.history.FitHistoryBroker,com.google.process.location,10007,17755,95414004,[],false,true,1,1,42180064,
1428396337261,com.android.exchange.service.EasService,com.google.android.gm.exchange,10157,2752,54256,[STARTED],false,true,1,1,41417107,
1428396337261,com.google.android.music.dial.DialMediaRouteProviderService,com.google.android.music:main,10058,0,21711939,[],false,true,0,0,10495967,
1428396337261,ch.unige.css.services.PingService,ch.unige.ping,10074,1449,95473764,[STARTED],false,true,0,0,42239825,
1428396337261,com.google.android.gms.fitness.service.config.FitConfigBroker,com.google.process.location,10007,17755,95414006,[],false,true,1,1,42180067,
1428396337261,com.android.systemui.keyguard.KeyguardService,com.android.systemui,10012,906,42358,[PERSISTENT],false,false,1,1,42367,
1428396337261,ch.unige.css.services.main.CssRegistryService,ch.unige.ping:background,10074,13902,17964876,[STARTED],false,true,0,0,6748905,
1428396337261,com.whatsapp.messaging.MessageService,com.whatsapp,10159,26619,68313,[STARTED],false,true,1,1,36624867,
1428396337261,ccc71.at.services.at_service,ccc71.bmw.pro:services,10110,4012,69150,[STARTED],false,true,0,0,69159,
1428396397536,com.android.bluetooth.hid.HidService,com.android.bluetooth,1002,0,41148,[],false,true,1,1,41157,
1428396397536,com.google.android.gms.fitness.service.history.FitHistoryBroker,com.google.process.location,10007,17755,95414004,[],false,true,1,1,42180064,
1428396397536,com.android.exchange.service.EasService,com.google.android.gm.exchange,10157,2752,54256,[STARTED],false,true,1,1,41417107,
1428396397536,com.google.android.music.dial.DialMediaRouteProviderService,com.google.android.music:main,10058,0,21711939,[],false,true,0,0,10495967,
1428396397536,ch.unige.css.services.PingService,ch.unige.ping,10074,1449,95534033,[STARTED],false,true,0,0,42300094,
1428396397536,com.google.android.gms.fitness.service.config.FitConfigBroker,com.google.process.location,10007,17755,95414006,[],false,true,1,1,42180067,
1428396397536,com.android.systemui.keyguard.KeyguardService,com.android.systemui,10012,906,42358,[PERSISTENT],false,false,1,1,42367,
1428396397536,ch.unige.css.services.main.CssRegistryService,ch.unige.ping:background,10074,13902,17964876,[STARTED],false,true,0,0,6748905,
1428396397536,com.whatsapp.messaging.MessageService,com.whatsapp,10159,26619,68313,[STARTED],false,true,1,1,36624867,
1428396397536,ccc71.at.services.at_service,ccc71.bmw.pro:services,10110,4012,69150,[STARTED],false,true,0,0,69159,
1428396457695,com.android.bluetooth.hid.HidService,com.android.bluetooth,1002,0,41148,[],false,true,1,1,41157,
1428396457695,com.google.android.gms.fitness.service.history.FitHistoryBroker,com.google.process.location,10007,17755,95414004,[],false,true,1,1,42180064,
1428396457695,com.android.exchange.service.EasService,com.google.android.gm.exchange,10157,2752,54256,[STARTED],false,true,1,1,41417107,
1428396457695,com.google.android.music.dial.DialMediaRouteProviderService,com.google.android.music:main,10058,0,21711939,[],false,true,0,0,10495967,
1428396457695,ch.unige.css.services.PingService,ch.unige.ping,10074,1449,95594195,[STARTED],false,true,0,0,42360255,
1428396457695,com.google.android.gms.fitness.service.config.FitConfigBroker,com.google.process.location,10007,17755,95414006,[],false,true,1,1,42180067,
1428396457695,com.android.systemui.keyguard.KeyguardService,com.android.systemui,10012,906,42358,[PERSISTENT],false,false,1,1,42367,
1428396457695,ch.unige.css.services.main.CssRegistryService,ch.unige.ping:background,10074,13902,17964876,[STARTED],false,true,0,0,6748905,
1428396457695,com.google.android.sidekick.main.entry.EntriesRefreshIntentService,com.google.android.googlequicksearchbox:search,10019,1402,95563475,[STARTED],false,true,0,0,42329536,
1428396457695,com.whatsapp.messaging.MessageService,com.whatsapp,10159,26619,68313,[STARTED],false,true,1,1,36624867,
1428396517752,com.android.bluetooth.hid.HidService,com.android.bluetooth,1002,0,41148,[],false,true,1,1,41157,
1428396517752,com.google.android.gms.fitness.service.history.FitHistoryBroker,com.google.process.location,10007,17755,95414004,[],false,true,1,1,42180064,
1428396517752,com.android.exchange.service.EasService,com.google.android.gm.exchange,10157,2752,54256,[STARTED],false,true,1,1,41417107,
1428396517752,com.google.android.music.dial.DialMediaRouteProviderService,com.google.android.music:main,10058,0,21711939,[],false,true,0,0,10495967,
1428396517752,ch.unige.css.services.PingService,ch.unige.ping,10074,1449,95654243,[STARTED],false,true,0,0,42420303,
1428396517752,com.google.android.gms.fitness.service.config.FitConfigBroker,com.google.process.location,10007,17755,95414006,[],false,true,1,1,42180067,
1428396517752,com.android.systemui.keyguard.KeyguardService,com.android.systemui,10012,906,42358,[PERSISTENT],false,false,1,1,42367,
1428396517752,ch.unige.css.services.main.CssRegistryService,ch.unige.ping:background,10074,13902,17964876,[STARTED],false,true,0,0,6748905,
1428396517752,com.whatsapp.messaging.MessageService,com.whatsapp,10159,26619,68313,[STARTED],false,true,1,1,36624867,
1428396517752,ccc71.at.services.at_service,ccc71.bmw.pro:services,10110,4012,69150,[STARTED],false,true,0,0,69159,
1428396577764,com.android.bluetooth.hid.HidService,com.android.bluetooth,1002,0,41148,[],false,true,1,1,41157,
1428396577764,com.google.android.gms.fitness.service.history.FitHistoryBroker,com.google.process.location,10007,17755,95414004,[],false,true,1,1,42180064,
1428396577764,com.android.exchange.service.EasService,com.google.android.gm.exchange,10157,2752,54256,[STARTED],false,true,1,1,41417107,
1428396577764,com.google.android.music.dial.DialMediaRouteProviderService,com.google.android.music:main,10058,0,21711939,[],false,true,0,0,10495967,
1428396577764,ch.unige.css.services.PingService,ch.unige.ping,10074,1449,95714265,[STARTED],false,true,0,0,42480326,
1428396577764,com.google.android.gms.fitness.service.config.FitConfigBroker,com.google.process.location,10007,17755,95414006,[],false,true,1,1,42180067,
1428396577764,com.android.systemui.keyguard.KeyguardService,com.android.systemui,10012,906,42358,[PERSISTENT],false,false,1,1,42367,
1428396577764,ch.unige.css.services.main.CssRegistryService,ch.unige.ping:background,10074,13902,17964876,[STARTED],false,true,0,0,6748905,
1428396577764,com.whatsapp.messaging.MessageService,com.whatsapp,10159,26619,68313,[STARTED],false,true,1,1,36624867,
1428396577764,ccc71.at.services.at_service,ccc71.bmw.pro:services,10110,4012,69150,[STARTED],false,true,0,0,69159,
1428396665971,com.android.bluetooth.hid.HidService,com.android.bluetooth,1002,0,41148,[],false,true,1,1,41157,
1428396665971,com.google.android.gms.fitness.service.history.FitHistoryBroker,com.google.process.location,10007,17755,95414004,[],false,true,1,1,42180064,
1428396665971,com.android.exchange.service.EasService,com.google.android.gm.exchange,10157,2752,54256,[STARTED],false,true,1,1,41417107,
1428396665971,com.google.android.music.dial.DialMediaRouteProviderService,com.google.android.music:main,10058,0,21711939,[],false,true,0,0,10495967,
1428396665971,ch.unige.css.services.PingService,ch.unige.ping,10074,1449,95802464,[STARTED],false,true,0,0,42568524,
1428396665971,com.google.android.gms.fitness.service.config.FitConfigBroker,com.google.process.location,10007,17755,95414006,[],false,true,1,1,42180067,
1428396665971,com.android.systemui.keyguard.KeyguardService,com.android.systemui,10012,906,42358,[PERSISTENT],false,false,1,1,42367,
1428396665971,ch.unige.css.services.main.CssRegistryService,ch.unige.ping:background,10074,13902,17964876,[STARTED],false,true,0,0,6748905,
1428396665971,com.whatsapp.messaging.MessageService,com.whatsapp,10159,26619,68313,[STARTED],false,true,1,1,36624867,
1428396665971,ccc71.at.services.at_service,ccc71.bmw.pro:services,10110,4012,69150,[STARTED],false,true,0,0,69159,
1428396725981,com.android.bluetooth.hid.HidService,com.android.bluetooth,1002,0,41148,[],false,true,1,1,41157,
1428396725981,com.google.android.gms.fitness.service.history.FitHistoryBroker,com.google.process.location,10007,17755,95414004,[],false,true,1,1,42180064,
1428396725981,com.android.exchange.service.EasService,com.google.android.gm.exchange,10157,2752,54256,[STARTED],false,true,1,1,41417107,
1428396725981,com.google.android.music.dial.DialMediaRouteProviderService,com.google.android.music:main,10058,0,21711939,[],false,true,0,0,10495967,
1428396725981,ch.unige.css.services.PingService,ch.unige.ping,10074,1449,95862482,[STARTED],false,true,0,0,42628542,
1428396725981,com.google.android.gms.fitness.service.config.FitConfigBroker,com.google.process.location,10007,17755,95414006,[],false,true,1,1,42180067,
1428396725981,com.android.systemui.keyguard.KeyguardService,com.android.systemui,10012,906,42358,[PERSISTENT],false,false,1,1,42367,
1428396725981,ch.unige.css.services.main.CssRegistryService,ch.unige.ping:background,10074,13902,17964876,[STARTED],false,true,0,0,6748905,
1428396725981,com.whatsapp.messaging.MessageService,com.whatsapp,10159,26619,68313,[STARTED],false,true,1,1,36624867,
1428396725981,ccc71.at.services.at_service,ccc71.bmw.pro:services,10110,4012,69150,[STARTED],false,true,0,0,69159,
1428396786053,com.android.bluetooth.hid.HidService,com.android.bluetooth,1002,0,41148,[],false,true,1,1,41157,
1428396786053,com.google.android.gms.fitness.service.history.FitHistoryBroker,com.google.process.location,10007,17755,95414004,[],false,true,1,1,42180064,
1428396786053,com.android.exchange.service.EasService,com.google.android.gm.exchange,10157,2752,54256,[STARTED],false,true,1,1,41417107,
1428396786053,com.google.android.music.dial.DialMediaRouteProviderService,com.google.android.music:main,10058,0,21711939,[],false,true,0,0,10495967,
1428396786053,ch.unige.css.services.PingService,ch.unige.ping,10074,1449,95922550,[STARTED],false,true,0,0,42688610,
1428396786053,com.google.android.gms.fitness.service.config.FitConfigBroker,com.google.process.location,10007,17755,95414006,[],false,true,1,1,42180067,
1428396786053,com.android.systemui.keyguard.KeyguardService,com.android.systemui,10012,906,42358,[PERSISTENT],false,false,1,1,42367,
1428396786053,ch.unige.css.services.main.CssRegistryService,ch.unige.ping:background,10074,13902,17964876,[STARTED],false,true,0,0,6748905,
1428396786053,com.whatsapp.messaging.MessageService,com.whatsapp,10159,26619,68313,[STARTED],false,true,1,1,36624867,
1428396786053,ccc71.at.services.at_service,ccc71.bmw.pro:services,10110,4012,69150,[STARTED],false,true,0,0,69159,
1428396846078,com.android.bluetooth.hid.HidService,com.android.bluetooth,1002,0,41148,[],false,true,1,1,41157,
1428396846078,com.google.android.gms.fitness.service.history.FitHistoryBroker,com.google.process.location,10007,17755,95414004,[],false,true,1,1,42180064,
1428396846078,com.android.exchange.service.EasService,com.google.android.gm.exchange,10157,2752,54256,[STARTED],false,true,1,1,41417107,
1428396846078,com.google.android.music.dial.DialMediaRouteProviderService,com.google.android.music:main,10058,0,21711939,[],false,true,0,0,10495967,
1428396846078,ch.unige.css.services.PingService,ch.unige.ping,10074,1449,95982567,[STARTED],false,true,0,0,42748627,
1428396846078,com.google.android.gms.fitness.service.config.FitConfigBroker,com.google.process.location,10007,17755,95414006,[],false,true,1,1,42180067,
1428396846078,com.android.systemui.keyguard.KeyguardService,com.android.systemui,10012,906,42358,[PERSISTENT],false,false,1,1,42367,
1428396846078,ch.unige.css.services.main.CssRegistryService,ch.unige.ping:background,10074,13902,17964876,[STARTED],false,true,0,0,6748905,
1428396846078,com.whatsapp.messaging.MessageService,com.whatsapp,10159,26619,68313,[STARTED],false,true,1,1,36624867,
1428396846078,ccc71.at.services.at_service,ccc71.bmw.pro:services,10110,4012,69150,[STARTED],false,true,0,0,69159,
1428396933368,com.android.bluetooth.hid.HidService,com.android.bluetooth,1002,0,41148,[],false,true,1,1,41157,
1428396933368,com.google.android.gms.fitness.service.history.FitHistoryBroker,com.google.process.location,10007,17755,95414004,[],false,true,1,1,42180064,
1428396933368,com.android.exchange.service.EasService,com.google.android.gm.exchange,10157,2752,54256,[STARTED],false,true,1,1,41417107,
1428396933368,com.google.android.music.dial.DialMediaRouteProviderService,com.google.android.music:main,10058,0,21711939,[],false,true,0,0,10495967,
1428396933368,ch.unige.css.services.PingService,ch.unige.ping,10074,1449,96069863,[STARTED],false,true,0,0,42835924,
1428396933368,com.google.android.gms.fitness.service.config.FitConfigBroker,com.google.process.location,10007,17755,95414006,[],false,true,1,1,42180067,
1428396933368,com.android.systemui.keyguard.KeyguardService,com.android.systemui,10012,906,42358,[PERSISTENT],false,false,1,1,42367,
1428396933368,ch.unige.css.services.main.CssRegistryService,ch.unige.ping:background,10074,13902,17964876,[STARTED],false,true,0,0,6748905,
1428396933368,com.whatsapp.messaging.MessageService,com.whatsapp,10159,26619,68313,[STARTED],false,true,1,1,36624867,
1428396933368,ccc71.at.services.at_service,ccc71.bmw.pro:services,10110,4012,69150,[STARTED],false,true,0,0,69159,
1428396993437,com.android.bluetooth.hid.HidService,com.android.bluetooth,1002,0,41148,[],false,true,1,1,41157,
1428396993437,com.google.android.gms.fitness.service.history.FitHistoryBroker,com.google.process.location,10007,17755,95414004,[],false,true,1,1,42180064,
1428396993437,com.android.exchange.service.EasService,com.google.android.gm.exchange,10157,2752,54256,[STARTED],false,true,1,1,41417107,
1428396993437,com.google.android.music.dial.DialMediaRouteProviderService,com.google.android.music:main,10058,0,21711939,[],false,true,0,0,10495967,
1428396993437,ch.unige.css.services.PingService,ch.unige.ping,10074,1449,96129939,[STARTED],false,true,0,0,42895999,
1428396993437,com.google.android.gms.fitness.service.config.FitConfigBroker,com.google.process.location,10007,17755,95414006,[],false,true,1,1,42180067,
1428396993437,com.android.systemui.keyguard.KeyguardService,com.android.systemui,10012,906,42358,[PERSISTENT],false,false,1,1,42367,
1428396993437,ch.unige.css.services.main.CssRegistryService,ch.unige.ping:background,10074,13902,17964876,[STARTED],false,true,0,0,6748905,
1428396993437,com.whatsapp.messaging.MessageService,com.whatsapp,10159,26619,68313,[STARTED],false,true,1,1,36624867,
1428396993437,ccc71.at.services.at_service,ccc71.bmw.pro:services,10110,4012,69150,[STARTED],false,true,0,0,69159,
1428397053447,com.android.bluetooth.hid.HidService,com.android.bluetooth,1002,0,41148,[],false,true,1,1,41157,
1428397053447,com.google.android.gms.fitness.service.history.FitHistoryBroker,com.google.process.location,10007,17755,95414004,[],false,true,1,1,42180064,
1428397053447,com.android.exchange.service.EasService,com.google.android.gm.exchange,10157,2752,54256,[STARTED],false,true,1,1,41417107,
1428397053447,com.google.android.music.dial.DialMediaRouteProviderService,com.google.android.music:main,10058,0,21711939,[],false,true,0,0,10495967,
1428397053447,ch.unige.css.services.PingService,ch.unige.ping,10074,1449,96189953,[STARTED],false,true,0,0,42956013,
1428397053447,com.google.android.gms.fitness.service.config.FitConfigBroker,com.google.process.location,10007,17755,95414006,[],false,true,1,1,42180067,
1428397053447,com.android.systemui.keyguard.KeyguardService,com.android.systemui,10012,906,42358,[PERSISTENT],false,false,1,1,42367,
1428397053447,ch.unige.css.services.main.CssRegistryService,ch.unige.ping:background,10074,13902,17964876,[STARTED],false,true,0,0,6748905,
1428397053447,com.whatsapp.messaging.MessageService,com.whatsapp,10159,26619,68313,[STARTED],false,true,1,1,36624867,
1428397053447,ccc71.at.services.at_service,ccc71.bmw.pro:services,10110,4012,69150,[STARTED],false,true,0,0,69159,
1428397113603,com.android.bluetooth.hid.HidService,com.android.bluetooth,1002,0,41148,[],false,true,1,1,41157,
1428397113603,com.android.exchange.service.EasService,com.google.android.gm.exchange,10157,2752,54256,[STARTED],false,true,1,1,41417107,
1428397113603,com.google.android.music.dial.DialMediaRouteProviderService,com.google.android.music:main,10058,0,21711939,[],false,true,0,0,10495967,
1428397113603,ch.unige.css.services.PingService,ch.unige.ping,10074,1449,96249992,[STARTED],false,true,0,0,43016053,
1428397113603,com.google.android.voicesearch.logger.EventLoggerService,com.google.android.googlequicksearchbox:search,10019,1402,96210171,[STARTED],false,true,0,0,42976231,
1428397113603,com.android.systemui.keyguard.KeyguardService,com.android.systemui,10012,906,42358,[PERSISTENT],false,false,1,1,42367,
1428397113603,ch.unige.css.services.main.CssRegistryService,ch.unige.ping:background,10074,13902,17964876,[STARTED],false,true,0,0,6748905,
1428397113603,com.whatsapp.messaging.MessageService,com.whatsapp,10159,26619,68313,[STARTED],false,true,1,1,36624867,
1428397113603,ccc71.at.services.at_service,ccc71.bmw.pro:services,10110,4012,69150,[STARTED],false,true,0,0,69159,
1428397113603,com.google.android.location.geocode.GeocodeService,com.google.process.location,10007,17755,95348605,[],false,true,1,1,42114665,
1428397173700,com.android.bluetooth.hid.HidService,com.android.bluetooth,1002,0,41148,[],false,true,1,1,41157,
1428397173700,com.android.exchange.service.EasService,com.google.android.gm.exchange,10157,2752,54256,[STARTED],false,true,1,1,41417107,
1428397173700,com.google.android.music.dial.DialMediaRouteProviderService,com.google.android.music:main,10058,0,21711939,[],false,true,0,0,10495967,
1428397173700,ch.unige.css.services.PingService,ch.unige.ping,10074,1449,96310118,[STARTED],false,true,0,0,43076178,
1428397173700,com.android.systemui.keyguard.KeyguardService,com.android.systemui,10012,906,42358,[PERSISTENT],false,false,1,1,42367,
1428397173700,ch.unige.css.services.main.CssRegistryService,ch.unige.ping:background,10074,13902,17964876,[STARTED],false,true,0,0,6748905,
1428397173700,com.whatsapp.messaging.MessageService,com.whatsapp,10159,26619,68313,[STARTED],false,true,1,1,36624867,
1428397173700,ccc71.at.services.at_service,ccc71.bmw.pro:services,10110,4012,69150,[STARTED],false,true,0,0,69159,
1428397173700,com.android.inputmethod.latin.spellcheck.AndroidSpellCheckerService,com.google.android.inputmethod.latin,10054,1125,96301975,[],false,true,1,1,43068035,
1428397173700,com.google.android.location.geocode.GeocodeService,com.google.process.location,10007,17755,96301535,[],false,true,1,1,43067595,
1428397233751,com.android.bluetooth.hid.HidService,com.android.bluetooth,1002,0,41148,[],false,true,1,1,41157,
1428397233751,com.android.exchange.service.EasService,com.google.android.gm.exchange,10157,2752,54256,[STARTED],false,true,1,1,43103975,
1428397233751,com.google.android.music.dial.DialMediaRouteProviderService,com.google.android.music:main,10058,0,21711939,[],false,true,0,0,10495967,
1428397233751,ch.unige.css.services.PingService,ch.unige.ping,10074,1449,96370227,[STARTED],false,true,0,0,43135290,
1428397233751,com.android.systemui.keyguard.KeyguardService,com.android.systemui,10012,906,42358,[PERSISTENT],false,false,1,1,42367,
1428397233751,ch.unige.css.services.main.CssRegistryService,ch.unige.ping:background,10074,13902,17964876,[STARTED],false,true,0,0,6748905,
1428397233751,com.whatsapp.messaging.MessageService,com.whatsapp,10159,26619,68313,[STARTED],false,true,1,1,36624867,
1428397233751,ccc71.at.services.at_service,ccc71.bmw.pro:services,10110,4012,69150,[STARTED],false,true,0,0,69159,
1428397233751,com.google.android.location.geocode.GeocodeService,com.google.process.location,10007,17755,96322607,[],false,true,1,1,43088667,
1428397233751,com.google.android.gms.gcm.GcmService,com.google.process.gapps,10007,17792,17965599,[STARTED],false,true,0,0,43080528,
1428397296031,com.android.bluetooth.hid.HidService,com.android.bluetooth,1002,0,41148,[],false,true,1,1,41157,
1428397296031,com.android.exchange.service.EasService,com.google.android.gm.exchange,10157,2752,54256,[STARTED],false,true,1,1,43161358,
1428397296031,com.google.android.music.dial.DialMediaRouteProviderService,com.google.android.music:main,10058,0,21711939,[],false,true,0,0,10495967,
1428397296031,ch.unige.css.services.PingService,ch.unige.ping,10074,1449,96432507,[STARTED],false,true,0,0,43176500,
1428397296031,com.android.systemui.keyguard.KeyguardService,com.android.systemui,10012,906,42358,[PERSISTENT],false,false,1,1,42367,
1428397296031,ch.unige.css.services.main.CssRegistryService,ch.unige.ping:background,10074,13902,17964876,[STARTED],false,true,0,0,6748905,
1428397296031,com.whatsapp.messaging.MessageService,com.whatsapp,10159,26619,68313,[STARTED],false,true,1,1,36624867,
1428397296031,ccc71.at.services.at_service,ccc71.bmw.pro:services,10110,4012,69150,[STARTED],false,true,0,0,69159,
1428397296031,com.google.android.location.geocode.GeocodeService,com.google.process.location,10007,17755,96322607,[],false,true,1,1,43088667,
1428397296031,com.google.android.gms.gcm.GcmService,com.google.process.gapps,10007,17792,17965599,[STARTED],false,true,0,0,43080528,
1428397386355,com.android.bluetooth.hid.HidService,com.android.bluetooth,1002,0,41148,[],false,true,1,1,41157,
1428397386355,com.android.exchange.service.EasService,com.google.android.gm.exchange,10157,2752,54256,[STARTED],false,true,1,1,43161358,
1428397386355,com.google.android.music.dial.DialMediaRouteProviderService,com.google.android.music:main,10058,0,21711939,[],false,true,0,0,10495967,
1428397386355,ch.unige.css.services.PingService,ch.unige.ping,10074,1449,96522839,[STARTED],false,true,0,0,43201372,
1428397386355,com.android.systemui.keyguard.KeyguardService,com.android.systemui,10012,906,42358,[PERSISTENT],false,false,1,1,42367,
1428397386355,ch.unige.css.services.main.CssRegistryService,ch.unige.ping:background,10074,13902,17964876,[STARTED],false,true,0,0,6748905,
1428397386355,com.whatsapp.messaging.MessageService,com.whatsapp,10159,26619,68313,[STARTED],false,true,1,1,36624867,
1428397386355,ccc71.at.services.at_service,ccc71.bmw.pro:services,10110,4012,69150,[STARTED],false,true,0,0,69159,
1428397386355,com.google.android.location.geocode.GeocodeService,com.google.process.location,10007,17755,96322607,[],false,true,1,1,43088667,
1428397386355,com.google.android.gms.gcm.GcmService,com.google.process.gapps,10007,17792,17965599,[STARTED],false,true,0,0,43080528,
1428397444654,com.android.bluetooth.hid.HidService,com.android.bluetooth,1002,0,41148,[],false,true,1,1,41157,
1428397444654,com.android.exchange.service.EasService,com.google.android.gm.exchange,10157,2752,54256,[STARTED],false,true,1,1,43161358,
1428397444654,com.google.android.music.dial.DialMediaRouteProviderService,com.google.android.music:main,10058,0,21711939,[],false,true,0,0,10495967,
1428397444654,ch.unige.css.services.PingService,ch.unige.ping,10074,1449,96582867,[STARTED],false,true,0,0,43241779,
1428397444654,com.android.systemui.keyguard.KeyguardService,com.android.systemui,10012,906,42358,[PERSISTENT],false,false,1,1,42367,
1428397444654,ch.unige.css.services.main.CssRegistryService,ch.unige.ping:background,10074,13902,17964876,[STARTED],false,true,0,0,6748905,
1428397444654,com.whatsapp.messaging.MessageService,com.whatsapp,10159,26619,68313,[STARTED],false,true,1,1,36624867,
1428397444654,ccc71.at.services.at_service,ccc71.bmw.pro:services,10110,4012,69150,[STARTED],false,true,0,0,69159,
1428397444654,com.google.android.location.geocode.GeocodeService,com.google.process.location,10007,17755,96322607,[],false,true,1,1,43088667,
1428397444654,com.google.android.gms.gcm.GcmService,com.google.process.gapps,10007,17792,17965599,[STARTED],false,true,0,0,43080528,
1428397515515,com.android.bluetooth.hid.HidService,com.android.bluetooth,1002,0,41148,[],false,true,1,1,41157,
1428397515515,com.android.exchange.service.EasService,com.google.android.gm.exchange,10157,2752,54256,[STARTED],false,true,1,1,43161358,
1428397515515,com.google.android.music.dial.DialMediaRouteProviderService,com.google.android.music:main,10058,0,21711939,[],false,true,0,0,10495967,
1428397515515,ch.unige.css.services.PingService,ch.unige.ping,10074,1449,96653709,[STARTED],false,true,0,0,43266072,
1428397515515,com.android.systemui.keyguard.KeyguardService,com.android.systemui,10012,906,42358,[PERSISTENT],false,false,1,1,42367,
1428397515515,ch.unige.css.services.main.CssRegistryService,ch.unige.ping:background,10074,13902,17964876,[STARTED],false,true,0,0,6748905,
1428397515515,com.whatsapp.messaging.MessageService,com.whatsapp,10159,26619,68313,[STARTED],false,true,1,1,36624867,
1428397515515,ccc71.at.services.at_service,ccc71.bmw.pro:services,10110,4012,69150,[STARTED],false,true,0,0,69159,
1428397515515,com.google.android.location.geocode.GeocodeService,com.google.process.location,10007,17755,96322607,[],false,true,1,1,43088667,
1428397515515,com.google.android.gms.gcm.GcmService,com.google.process.gapps,10007,17792,17965599,[STARTED],false,true,0,0,43080528,
1428397575515,com.android.bluetooth.hid.HidService,com.android.bluetooth,1002,0,41148,[],false,true,1,1,41157,
1428397575515,com.android.exchange.service.EasService,com.google.android.gm.exchange,10157,2752,54256,[STARTED],false,true,1,1,43161358,
1428397575515,com.google.android.music.dial.DialMediaRouteProviderService,com.google.android.music:main,10058,0,21711939,[],false,true,0,0,10495967,
1428397575515,ch.unige.css.services.PingService,ch.unige.ping,10074,1449,96713725,[STARTED],false,true,0,0,43291537,
1428397575515,com.android.systemui.keyguard.KeyguardService,com.android.systemui,10012,906,42358,[PERSISTENT],false,false,1,1,42367,
1428397575515,ch.unige.css.services.main.CssRegistryService,ch.unige.ping:background,10074,13902,17964876,[STARTED],false,true,0,0,6748905,
1428397575515,com.whatsapp.messaging.MessageService,com.whatsapp,10159,26619,68313,[STARTED],false,true,1,1,36624867,
1428397575515,ccc71.at.services.at_service,ccc71.bmw.pro:services,10110,4012,69150,[STARTED],false,true,0,0,69159,
1428397575515,com.google.android.location.geocode.GeocodeService,com.google.process.location,10007,17755,96322607,[],false,true,1,1,43088667,
1428397575515,com.google.android.gms.gcm.GcmService,com.google.process.gapps,10007,17792,17965599,[STARTED],false,true,0,0,43080528,
1428397640516,com.android.bluetooth.hid.HidService,com.android.bluetooth,1002,0,41148,[],false,true,1,1,41157,
1428397640516,com.android.exchange.service.EasService,com.google.android.gm.exchange,10157,2752,54256,[STARTED],false,true,1,1,43161358,
1428397640516,com.google.android.music.dial.DialMediaRouteProviderService,com.google.android.music:main,10058,0,21711939,[],false,true,0,0,10495967,
1428397640516,ch.unige.css.services.PingService,ch.unige.ping,10074,1449,96774177,[STARTED],false,true,0,0,43323149,
1428397640516,com.android.systemui.keyguard.KeyguardService,com.android.systemui,10012,906,42358,[PERSISTENT],false,false,1,1,42367,
1428397640516,ch.unige.css.services.main.CssRegistryService,ch.unige.ping:background,10074,13902,17964876,[STARTED],false,true,0,0,6748905,
1428397640516,com.whatsapp.messaging.MessageService,com.whatsapp,10159,26619,68313,[STARTED],false,true,1,1,36624867,
1428397640516,ccc71.at.services.at_service,ccc71.bmw.pro:services,10110,4012,69150,[STARTED],false,true,0,0,69159,
1428397640516,com.google.android.location.geocode.GeocodeService,com.google.process.location,10007,17755,96322607,[],false,true,1,1,43088667,
1428397640516,com.google.android.gms.gcm.GcmService,com.google.process.gapps,10007,17792,17965599,[STARTED],false,true,0,0,43080528,
1428397701563,com.android.bluetooth.hid.HidService,com.android.bluetooth,1002,0,41148,[],false,true,1,1,41157,
1428397701563,com.android.exchange.service.EasService,com.google.android.gm.exchange,10157,2752,54256,[STARTED],false,true,1,1,43161358,
1428397701563,com.google.android.music.dial.DialMediaRouteProviderService,com.google.android.music:main,10058,0,21711939,[],false,true,0,0,10495967,
1428397701563,ch.unige.css.services.PingService,ch.unige.ping,10074,1449,96835253,[STARTED],false,true,0,0,43344588,
1428397701563,com.android.systemui.keyguard.KeyguardService,com.android.systemui,10012,906,42358,[PERSISTENT],false,false,1,1,42367,
1428397701563,ch.unige.css.services.main.CssRegistryService,ch.unige.ping:background,10074,13902,17964876,[STARTED],false,true,0,0,6748905,
1428397701563,com.whatsapp.messaging.MessageService,com.whatsapp,10159,26619,68313,[STARTED],false,true,1,1,36624867,
1428397701563,ccc71.at.services.at_service,ccc71.bmw.pro:services,10110,4012,69150,[STARTED],false,true,0,0,69159,
1428397701563,com.google.android.location.geocode.GeocodeService,com.google.process.location,10007,17755,96322607,[],false,true,1,1,43088667,
1428397701563,com.google.android.gms.gcm.GcmService,com.google.process.gapps,10007,17792,17965599,[STARTED],false,true,0,0,43080528,
1428397761527,com.android.bluetooth.hid.HidService,com.android.bluetooth,1002,0,41148,[],false,true,1,1,41157,
1428397761527,com.android.exchange.service.EasService,com.google.android.gm.exchange,10157,2752,54256,[STARTED],false,true,1,1,43161358,
1428397761527,com.google.android.music.dial.DialMediaRouteProviderService,com.google.android.music:main,10058,0,21711939,[],false,true,0,0,10495967,
1428397761527,ch.unige.css.services.PingService,ch.unige.ping,10074,1449,96896059,[STARTED],false,true,0,0,43366617,
1428397761527,com.android.systemui.keyguard.KeyguardService,com.android.systemui,10012,906,42358,[PERSISTENT],false,false,1,1,42367,
1428397761527,ch.unige.css.services.main.CssRegistryService,ch.unige.ping:background,10074,13902,17964876,[STARTED],false,true,0,0,6748905,
1428397761527,com.whatsapp.messaging.MessageService,com.whatsapp,10159,26619,68313,[STARTED],false,true,1,1,36624867,
1428397761527,ccc71.at.services.at_service,ccc71.bmw.pro:services,10110,4012,69150,[STARTED],false,true,0,0,69159,
1428397761527,com.google.android.location.geocode.GeocodeService,com.google.process.location,10007,17755,96322607,[],false,true,1,1,43088667,
1428397761527,com.google.android.gms.gcm.GcmService,com.google.process.gapps,10007,17792,17965599,[STARTED],false,true,0,0,43080528,
1428397821117,com.android.bluetooth.hid.HidService,com.android.bluetooth,1002,0,41148,[],false,true,1,1,41157,
1428397821117,com.google.android.gms.people.service.PeopleRequestProcessor,com.google.android.gms,10007,17855,96956053,[STARTED],false,true,0,0,43414102,
1428397821117,com.android.exchange.service.EasService,com.google.android.gm.exchange,10157,2752,54256,[STARTED],false,true,1,1,43161358,
1428397821117,com.google.android.music.dial.DialMediaRouteProviderService,com.google.android.music:main,10058,0,21711939,[],false,true,0,0,10495967,
1428397821117,ch.unige.css.services.PingService,ch.unige.ping,10074,1449,96956155,[STARTED],false,true,0,0,43414179,
1428397821117,com.android.systemui.keyguard.KeyguardService,com.android.systemui,10012,906,42358,[PERSISTENT],false,false,1,1,42367,
1428397821117,ch.unige.css.services.main.CssRegistryService,ch.unige.ping:background,10074,13902,17964876,[STARTED],false,true,0,0,6748905,
1428397821117,com.whatsapp.messaging.MessageService,com.whatsapp,10159,26619,68313,[STARTED],false,true,1,1,36624867,
1428397821117,ccc71.at.services.at_service,ccc71.bmw.pro:services,10110,4012,69150,[STARTED],false,true,0,0,69159,
1428397821117,com.google.android.location.geocode.GeocodeService,com.google.process.location,10007,17755,96322607,[],false,true,1,1,43088667,
1428397881208,com.android.bluetooth.hid.HidService,com.android.bluetooth,1002,0,41148,[],false,true,1,1,41157,
1428397881208,com.android.exchange.service.EasService,com.google.android.gm.exchange,10157,2752,54256,[STARTED],false,true,1,1,43419267,
1428397881208,com.google.android.music.dial.DialMediaRouteProviderService,com.google.android.music:main,10058,0,21711939,[],false,true,0,0,10495967,
1428397881208,ch.unige.css.services.PingService,ch.unige.ping,10074,1449,97016219,[STARTED],false,true,0,0,43474243,
1428397881208,com.android.systemui.keyguard.KeyguardService,com.android.systemui,10012,906,42358,[PERSISTENT],false,false,1,1,42367,
1428397881208,ch.unige.css.services.main.CssRegistryService,ch.unige.ping:background,10074,13902,17964876,[STARTED],false,true,0,0,6748905,
1428397881208,com.whatsapp.messaging.MessageService,com.whatsapp,10159,26619,68313,[STARTED],false,true,1,1,36624867,
1428397881208,ccc71.at.services.at_service,ccc71.bmw.pro:services,10110,4012,69150,[STARTED],false,true,0,0,69159,
1428397881208,com.google.android.location.geocode.GeocodeService,com.google.process.location,10007,17755,96322607,[],false,true,1,1,43088667,
1428397881208,com.facebook.analytics.service.AnalyticsService,com.facebook.katana,10079,26751,96995156,[STARTED],false,true,0,0,43463247,
1428397941411,com.android.bluetooth.hid.HidService,com.android.bluetooth,1002,0,41148,[],false,true,1,1,41157,
1428397941411,com.android.exchange.service.EasService,com.google.android.gm.exchange,10157,2752,54256,[STARTED],false,true,1,1,43419267,
1428397941411,com.google.android.music.dial.DialMediaRouteProviderService,com.google.android.music:main,10058,0,21711939,[],false,true,0,0,10495967,
1428397941411,ch.unige.css.services.PingService,ch.unige.ping,10074,1449,97076435,[STARTED],false,true,0,0,43529219,
1428397941411,com.android.systemui.keyguard.KeyguardService,com.android.systemui,10012,906,42358,[PERSISTENT],false,false,1,1,42367,
1428397941411,ch.unige.css.services.main.CssRegistryService,ch.unige.ping:background,10074,13902,17964876,[STARTED],false,true,0,0,6748905,
1428397941411,com.whatsapp.messaging.MessageService,com.whatsapp,10159,26619,68313,[STARTED],false,true,1,1,36624867,
1428397941411,ccc71.at.services.at_service,ccc71.bmw.pro:services,10110,4012,69150,[STARTED],false,true,0,0,69159,
1428397941411,com.google.android.location.geocode.GeocodeService,com.google.process.location,10007,17755,96322607,[],false,true,1,1,43088667,
1428397941411,com.google.android.gms.gcm.GcmService,com.google.process.gapps,10007,17792,17965599,[STARTED],false,true,0,0,43493182,
1428398001471,com.android.bluetooth.hid.HidService,com.android.bluetooth,1002,0,41148,[],false,true,1,1,41157,
1428398001471,com.android.exchange.service.EasService,com.google.android.gm.exchange,10157,2752,54256,[STARTED],false,true,1,1,43559869,
1428398001471,com.google.android.music.dial.DialMediaRouteProviderService,com.google.android.music:main,10058,0,21711939,[],false,true,0,0,10495967,
1428398001471,ch.unige.css.services.PingService,ch.unige.ping,10074,1449,97136505,[STARTED],false,true,0,0,43564170,
1428398001471,com.android.systemui.keyguard.KeyguardService,com.android.systemui,10012,906,42358,[PERSISTENT],false,false,1,1,42367,
1428398001471,ch.unige.css.services.main.CssRegistryService,ch.unige.ping:background,10074,13902,17964876,[STARTED],false,true,0,0,6748905,
1428398001471,com.whatsapp.messaging.MessageService,com.whatsapp,10159,26619,68313,[STARTED],false,true,1,1,36624867,
1428398001471,ccc71.at.services.at_service,ccc71.bmw.pro:services,10110,4012,69150,[STARTED],false,true,0,0,69159,
1428398001471,com.google.android.location.geocode.GeocodeService,com.google.process.location,10007,17755,96322607,[],false,true,1,1,43088667,
1428398001471,com.google.android.gms.gcm.GcmService,com.google.process.gapps,10007,17792,17965599,[STARTED],false,true,0,0,43493182,
1428398078488,com.android.bluetooth.hid.HidService,com.android.bluetooth,1002,0,41148,[],false,true,1,1,41157,
1428398078488,com.android.exchange.service.EasService,com.google.android.gm.exchange,10157,2752,54256,[STARTED],false,true,1,1,43559869,
1428398078488,com.google.android.music.dial.DialMediaRouteProviderService,com.google.android.music:main,10058,0,21711939,[],false,true,0,0,10495967,
1428398078488,ch.unige.css.services.PingService,ch.unige.ping,10074,1449,97213515,[STARTED],false,true,0,0,43592718,
1428398078488,com.android.systemui.keyguard.KeyguardService,com.android.systemui,10012,906,42358,[PERSISTENT],false,false,1,1,42367,
1428398078488,ch.unige.css.services.main.CssRegistryService,ch.unige.ping:background,10074,13902,17964876,[STARTED],false,true,0,0,6748905,
1428398078488,com.whatsapp.messaging.MessageService,com.whatsapp,10159,26619,68313,[STARTED],false,true,1,1,36624867,
1428398078488,ccc71.at.services.at_service,ccc71.bmw.pro:services,10110,4012,69150,[STARTED],false,true,0,0,69159,
1428398078488,com.google.android.location.geocode.GeocodeService,com.google.process.location,10007,17755,96322607,[],false,true,1,1,43088667,
1428398078488,com.google.android.gms.gcm.GcmService,com.google.process.gapps,10007,17792,17965599,[STARTED],false,true,0,0,43493182,
1428398141613,com.android.bluetooth.hid.HidService,com.android.bluetooth,1002,0,41148,[],false,true,1,1,41157,
1428398141613,com.android.exchange.service.EasService,com.google.android.gm.exchange,10157,2752,54256,[STARTED],false,true,1,1,43559869,
1428398141613,com.google.android.music.dial.DialMediaRouteProviderService,com.google.android.music:main,10058,0,21711939,[],false,true,0,0,10495967,
1428398141613,ch.unige.css.services.PingService,ch.unige.ping,10074,1449,97276507,[STARTED],false,true,0,0,43620690,
1428398141613,com.android.systemui.keyguard.KeyguardService,com.android.systemui,10012,906,42358,[PERSISTENT],false,false,1,1,42367,
1428398141613,ch.unige.css.services.main.CssRegistryService,ch.unige.ping:background,10074,13902,17964876,[STARTED],false,true,0,0,6748905,
1428398141613,com.whatsapp.messaging.MessageService,com.whatsapp,10159,26619,68313,[STARTED],false,true,1,1,36624867,
1428398141613,ccc71.at.services.at_service,ccc71.bmw.pro:services,10110,4012,69150,[STARTED],false,true,0,0,69159,
1428398141613,com.google.android.location.geocode.GeocodeService,com.google.process.location,10007,17755,96322607,[],false,true,1,1,43088667,
1428398141613,com.google.android.gms.gcm.GcmService,com.google.process.gapps,10007,17792,17965599,[STARTED],false,true,0,0,43493182,
1428398230238,com.android.bluetooth.hid.HidService,com.android.bluetooth,1002,0,41148,[],false,true,1,1,41157,
1428398230238,com.android.exchange.service.EasService,com.google.android.gm.exchange,10157,2752,54256,[STARTED],false,true,1,1,43559869,
1428398230238,com.google.android.music.dial.DialMediaRouteProviderService,com.google.android.music:main,10058,0,21711939,[],false,true,0,0,10495967,
1428398230238,ch.unige.css.services.PingService,ch.unige.ping,10074,1449,97365267,[STARTED],false,true,0,0,43649341,
1428398230238,com.android.systemui.keyguard.KeyguardService,com.android.systemui,10012,906,42358,[PERSISTENT],false,false,1,1,42367,
1428398230238,ch.unige.css.services.main.CssRegistryService,ch.unige.ping:background,10074,13902,17964876,[STARTED],false,true,0,0,6748905,
1428398230238,com.google.android.sidekick.main.entry.EntriesRefreshIntentService,com.google.android.googlequicksearchbox:search,10019,1402,97364464,[STARTED],false,true,0,0,43648537,
1428398230238,com.whatsapp.messaging.MessageService,com.whatsapp,10159,26619,68313,[STARTED],false,true,1,1,36624867,
1428398230238,ccc71.at.services.at_service,ccc71.bmw.pro:services,10110,4012,69150,[STARTED],false,true,0,0,69159,
1428398230238,com.google.android.location.geocode.GeocodeService,com.google.process.location,10007,17755,96322607,[],false,true,1,1,43088667,
1428398299080,com.android.bluetooth.hid.HidService,com.android.bluetooth,1002,0,41148,[],false,true,1,1,41157,
1428398299080,com.android.exchange.service.EasService,com.google.android.gm.exchange,10157,2752,54256,[STARTED],false,true,1,1,43559869,
1428398299080,com.google.android.music.dial.DialMediaRouteProviderService,com.google.android.music:main,10058,0,21711939,[],false,true,0,0,10495967,
1428398299080,ch.unige.css.services.PingService,ch.unige.ping,10074,1449,97434015,[STARTED],false,true,0,0,43676910,
1428398299080,ch.unige.css.services.UserActivityService,ch.unige.ping,10074,1449,97434123,[STARTED],false,true,0,0,43677017,
1428398299080,com.android.systemui.keyguard.KeyguardService,com.android.systemui,10012,906,42358,[PERSISTENT],false,false,1,1,42367,
1428398299080,ch.unige.css.services.main.CssRegistryService,ch.unige.ping:background,10074,13902,17964876,[STARTED],false,true,0,0,6748905,
1428398299080,com.whatsapp.messaging.MessageService,com.whatsapp,10159,26619,68313,[STARTED],false,true,1,1,36624867,
1428398299080,ccc71.at.services.at_service,ccc71.bmw.pro:services,10110,4012,69150,[STARTED],false,true,0,0,69159,
1428398299080,com.google.android.location.geocode.GeocodeService,com.google.process.location,10007,17755,96322607,[],false,true,1,1,43088667,
1428398360483,com.android.bluetooth.hid.HidService,com.android.bluetooth,1002,0,41148,[],false,true,1,1,41157,
1428398360483,com.android.exchange.service.EasService,com.google.android.gm.exchange,10157,2752,54256,[STARTED],false,true,1,1,43559869,
1428398360483,com.google.android.music.dial.DialMediaRouteProviderService,com.google.android.music:main,10058,0,21711939,[],false,true,0,0,10495967,
1428398360483,ch.unige.css.services.PingService,ch.unige.ping,10074,1449,97495496,[STARTED],false,true,0,0,43702289,
1428398360483,com.android.systemui.keyguard.KeyguardService,com.android.systemui,10012,906,42358,[PERSISTENT],false,false,1,1,42367,
1428398360483,ch.unige.css.services.main.CssRegistryService,ch.unige.ping:background,10074,13902,17964876,[STARTED],false,true,0,0,6748905,
1428398360483,com.whatsapp.messaging.MessageService,com.whatsapp,10159,26619,68313,[STARTED],false,true,1,1,36624867,
1428398360483,ccc71.at.services.at_service,ccc71.bmw.pro:services,10110,4012,69150,[STARTED],false,true,0,0,69159,
1428398360483,com.google.android.location.geocode.GeocodeService,com.google.process.location,10007,17755,96322607,[],false,true,1,1,43088667,
1428398360483,com.google.android.gms.gcm.GcmService,com.google.process.gapps,10007,17792,17965599,[STARTED],false,true,0,0,43493182,
1428398437511,com.android.bluetooth.hid.HidService,com.android.bluetooth,1002,0,41148,[],false,true,1,1,41157,
1428398437511,com.android.exchange.service.EasService,com.google.android.gm.exchange,10157,2752,54256,[STARTED],false,true,1,1,43559869,
1428398437511,com.google.android.music.dial.DialMediaRouteProviderService,com.google.android.music:main,10058,0,21711939,[],false,true,0,0,10495967,
1428398437511,ch.unige.css.services.PingService,ch.unige.ping,10074,1449,97572499,[STARTED],false,true,0,0,43728959,
1428398437511,com.android.systemui.keyguard.KeyguardService,com.android.systemui,10012,906,42358,[PERSISTENT],false,false,1,1,42367,
1428398437511,ch.unige.css.services.main.CssRegistryService,ch.unige.ping:background,10074,13902,17964876,[STARTED],false,true,0,0,6748905,
1428398437511,com.google.android.gms.playlog.uploader.UploaderService,com.google.process.gapps,10007,17792,97572541,[STARTED],false,true,0,0,43729000,
1428398437511,com.whatsapp.messaging.MessageService,com.whatsapp,10159,26619,68313,[STARTED],false,true,1,1,36624867,
1428398437511,ccc71.at.services.at_service,ccc71.bmw.pro:services,10110,4012,69150,[STARTED],false,true,0,0,69159,
1428398437511,com.google.android.location.geocode.GeocodeService,com.google.process.location,10007,17755,96322607,[],false,true,1,1,43088667,
1428398498451,com.android.bluetooth.hid.HidService,com.android.bluetooth,1002,0,41148,[],false,true,1,1,41157,
1428398498451,com.android.exchange.service.EasService,com.google.android.gm.exchange,10157,2752,54256,[STARTED],false,true,1,1,43559869,
1428398498451,com.google.android.music.dial.DialMediaRouteProviderService,com.google.android.music:main,10058,0,21711939,[],false,true,0,0,10495967,
1428398498451,ch.unige.css.services.PingService,ch.unige.ping,10074,1449,97633480,[STARTED],false,true,0,0,43754693,
1428398498451,com.android.systemui.keyguard.KeyguardService,com.android.systemui,10012,906,42358,[PERSISTENT],false,false,1,1,42367,
1428398498451,ch.unige.css.services.main.CssRegistryService,ch.unige.ping:background,10074,13902,17964876,[STARTED],false,true,0,0,6748905,
1428398498451,com.whatsapp.messaging.MessageService,com.whatsapp,10159,26619,68313,[STARTED],false,true,1,1,36624867,
1428398498451,ccc71.at.services.at_service,ccc71.bmw.pro:services,10110,4012,69150,[STARTED],false,true,0,0,69159,
1428398498451,com.google.android.location.geocode.GeocodeService,com.google.process.location,10007,17755,96322607,[],false,true,1,1,43088667,
1428398498451,com.google.android.gms.gcm.GcmService,com.google.process.gapps,10007,17792,17965599,[STARTED],false,true,0,0,43493182,
1428398558511,com.android.bluetooth.hid.HidService,com.android.bluetooth,1002,0,41148,[],false,true,1,1,41157,
1428398558511,com.android.exchange.service.EasService,com.google.android.gm.exchange,10157,2752,54256,[STARTED],false,true,1,1,43559869,
1428398558511,com.google.android.music.dial.DialMediaRouteProviderService,com.google.android.music:main,10058,0,21711939,[],false,true,0,0,10495967,
1428398558511,ch.unige.css.services.PingService,ch.unige.ping,10074,1449,97693545,[STARTED],false,true,0,0,43784439,
1428398558511,com.android.systemui.keyguard.KeyguardService,com.android.systemui,10012,906,42358,[PERSISTENT],false,false,1,1,42367,
1428398558511,ch.unige.css.services.main.CssRegistryService,ch.unige.ping:background,10074,13902,17964876,[STARTED],false,true,0,0,6748905,
1428398558511,com.whatsapp.messaging.MessageService,com.whatsapp,10159,26619,68313,[STARTED],false,true,1,1,36624867,
1428398558511,ccc71.at.services.at_service,ccc71.bmw.pro:services,10110,4012,69150,[STARTED],false,true,0,0,69159,
1428398558511,com.google.android.location.geocode.GeocodeService,com.google.process.location,10007,17755,96322607,[],false,true,1,1,43088667,
1428398558511,com.google.android.gms.gcm.GcmService,com.google.process.gapps,10007,17792,17965599,[STARTED],false,true,0,0,43493182,
1428398657492,com.android.bluetooth.hid.HidService,com.android.bluetooth,1002,0,41148,[],false,true,1,1,41157,
1428398657492,com.android.exchange.service.EasService,com.google.android.gm.exchange,10157,2752,54256,[STARTED],false,true,1,1,43559869,
1428398657492,com.google.android.music.dial.DialMediaRouteProviderService,com.google.android.music:main,10058,0,21711939,[],false,true,0,0,10495967,
1428398657492,ch.unige.css.services.PingService,ch.unige.ping,10074,1449,97792500,[STARTED],false,true,0,0,43811114,
1428398657492,com.android.systemui.keyguard.KeyguardService,com.android.systemui,10012,906,42358,[PERSISTENT],false,false,1,1,42367,
1428398657492,ch.unige.css.services.main.CssRegistryService,ch.unige.ping:background,10074,13902,17964876,[STARTED],false,true,0,0,6748905,
1428398657492,com.whatsapp.messaging.MessageService,com.whatsapp,10159,26619,68313,[STARTED],false,true,1,1,36624867,
1428398657492,ccc71.at.services.at_service,ccc71.bmw.pro:services,10110,4012,69150,[STARTED],false,true,0,0,69159,
1428398657492,com.google.android.location.geocode.GeocodeService,com.google.process.location,10007,17755,96322607,[],false,true,1,1,43088667,
1428398657492,com.google.android.gms.gcm.GcmService,com.google.process.gapps,10007,17792,17965599,[STARTED],false,true,0,0,43493182,
1428398717643,com.android.bluetooth.hid.HidService,com.android.bluetooth,1002,0,41148,[],false,true,1,1,41157,
1428398717643,com.android.exchange.service.EasService,com.google.android.gm.exchange,10157,2752,54256,[STARTED],false,true,1,1,43559869,
1428398717643,com.google.android.music.dial.DialMediaRouteProviderService,com.google.android.music:main,10058,0,21711939,[],false,true,0,0,10495967,
1428398717643,ch.unige.css.services.PingService,ch.unige.ping,10074,1449,97852676,[STARTED],false,true,0,0,43842650,
1428398717643,com.android.systemui.keyguard.KeyguardService,com.android.systemui,10012,906,42358,[PERSISTENT],false,false,1,1,42367,
1428398717643,ch.unige.css.services.main.CssRegistryService,ch.unige.ping:background,10074,13902,17964876,[STARTED],false,true,0,0,6748905,
1428398717643,com.whatsapp.messaging.MessageService,com.whatsapp,10159,26619,68313,[STARTED],false,true,1,1,36624867,
1428398717643,ccc71.at.services.at_service,ccc71.bmw.pro:services,10110,4012,69150,[STARTED],false,true,0,0,69159,
1428398717643,com.google.android.location.geocode.GeocodeService,com.google.process.location,10007,17755,96322607,[],false,true,1,1,43088667,
1428398717643,com.google.android.gms.gcm.GcmService,com.google.process.gapps,10007,17792,17965599,[STARTED],false,true,0,0,43493182,
1428398777933,com.android.bluetooth.hid.HidService,com.android.bluetooth,1002,0,41148,[],false,true,1,1,41157,
1428398777933,com.android.exchange.service.EasService,com.google.android.gm.exchange,10157,2752,54256,[STARTED],false,true,1,1,43559869,
1428398777933,com.google.android.music.dial.DialMediaRouteProviderService,com.google.android.music:main,10058,0,21711939,[],false,true,0,0,10495967,
1428398777933,ch.unige.css.services.PingService,ch.unige.ping,10074,1449,97912963,[STARTED],false,true,0,0,43867057,
1428398777933,com.android.systemui.keyguard.KeyguardService,com.android.systemui,10012,906,42358,[PERSISTENT],false,false,1,1,42367,
1428398777933,ch.unige.css.services.main.CssRegistryService,ch.unige.ping:background,10074,13902,17964876,[STARTED],false,true,0,0,6748905,
1428398777933,com.whatsapp.messaging.MessageService,com.whatsapp,10159,26619,68313,[STARTED],false,true,1,1,36624867,
1428398777933,ccc71.at.services.at_service,ccc71.bmw.pro:services,10110,4012,69150,[STARTED],false,true,0,0,69159,
1428398777933,com.google.android.location.geocode.GeocodeService,com.google.process.location,10007,17755,96322607,[],false,true,1,1,43088667,
1428398777933,com.google.android.gms.gcm.GcmService,com.google.process.gapps,10007,17792,17965599,[STARTED],false,true,0,0,43493182,
1428398838487,com.android.bluetooth.hid.HidService,com.android.bluetooth,1002,0,41148,[],false,true,1,1,41157,
1428398838487,com.android.exchange.service.EasService,com.google.android.gm.exchange,10157,2752,54256,[STARTED],false,true,1,1,43559869,
1428398838487,com.google.android.music.dial.DialMediaRouteProviderService,com.google.android.music:main,10058,0,21711939,[],false,true,0,0,10495967,
1428398838487,ch.unige.css.services.PingService,ch.unige.ping,10074,1449,97973517,[STARTED],false,true,0,0,43890590,
1428398838487,com.android.systemui.keyguard.KeyguardService,com.android.systemui,10012,906,42358,[PERSISTENT],false,false,1,1,42367,
1428398838487,ch.unige.css.services.main.CssRegistryService,ch.unige.ping:background,10074,13902,17964876,[STARTED],false,true,0,0,6748905,
1428398838487,com.whatsapp.messaging.MessageService,com.whatsapp,10159,26619,68313,[STARTED],false,true,1,1,36624867,
1428398838487,ccc71.at.services.at_service,ccc71.bmw.pro:services,10110,4012,69150,[STARTED],false,true,0,0,69159,
1428398838487,com.google.android.location.geocode.GeocodeService,com.google.process.location,10007,17755,96322607,[],false,true,1,1,43088667,
1428398838487,com.google.android.gms.gcm.GcmService,com.google.process.gapps,10007,17792,17965599,[STARTED],false,true,0,0,43493182,
1428398903664,com.android.bluetooth.hid.HidService,com.android.bluetooth,1002,0,41148,[],false,true,1,1,41157,
1428398903664,com.android.exchange.service.EasService,com.google.android.gm.exchange,10157,2752,54256,[STARTED],false,true,1,1,43559869,
1428398903664,com.google.android.music.dial.DialMediaRouteProviderService,com.google.android.music:main,10058,0,21711939,[],false,true,0,0,10495967,
1428398903664,ch.unige.css.services.PingService,ch.unige.ping,10074,1449,98038695,[STARTED],false,true,0,0,43917309,
1428398903664,com.android.systemui.keyguard.KeyguardService,com.android.systemui,10012,906,42358,[PERSISTENT],false,false,1,1,42367,
1428398903664,ch.unige.css.services.main.CssRegistryService,ch.unige.ping:background,10074,13902,17964876,[STARTED],false,true,0,0,6748905,
1428398903664,com.whatsapp.messaging.MessageService,com.whatsapp,10159,26619,68313,[STARTED],false,true,1,1,36624867,
1428398903664,ccc71.at.services.at_service,ccc71.bmw.pro:services,10110,4012,69150,[STARTED],false,true,0,0,69159,
1428398903664,com.google.android.location.geocode.GeocodeService,com.google.process.location,10007,17755,96322607,[],false,true,1,1,43088667,
1428398903664,com.google.android.gms.gcm.GcmService,com.google.process.gapps,10007,17792,17965599,[STARTED],false,true,0,0,43493182,
1428398964479,com.android.bluetooth.hid.HidService,com.android.bluetooth,1002,0,41148,[],false,true,1,1,41157,
1428398964479,com.android.exchange.service.EasService,com.google.android.gm.exchange,10157,2752,54256,[STARTED],false,true,1,1,43559869,
1428398964479,com.google.android.music.dial.DialMediaRouteProviderService,com.google.android.music:main,10058,0,21711939,[],false,true,0,0,10495967,
1428398964479,ch.unige.css.services.PingService,ch.unige.ping,10074,1449,98099500,[STARTED],false,true,0,0,43943024,
1428398964479,com.android.systemui.keyguard.KeyguardService,com.android.systemui,10012,906,42358,[PERSISTENT],false,false,1,1,42367,
1428398964479,ch.unige.css.services.main.CssRegistryService,ch.unige.ping:background,10074,13902,17964876,[STARTED],false,true,0,0,6748905,
1428398964479,com.whatsapp.messaging.MessageService,com.whatsapp,10159,26619,68313,[STARTED],false,true,1,1,36624867,
1428398964479,ccc71.at.services.at_service,ccc71.bmw.pro:services,10110,4012,69150,[STARTED],false,true,0,0,69159,
1428398964479,com.google.android.location.geocode.GeocodeService,com.google.process.location,10007,17755,96322607,[],false,true,1,1,43088667,
1428398964479,com.google.android.gms.gcm.GcmService,com.google.process.gapps,10007,17792,17965599,[STARTED],false,true,0,0,43493182,
1428399024676,com.android.bluetooth.hid.HidService,com.android.bluetooth,1002,0,41148,[],false,true,1,1,41157,
1428399024676,com.android.exchange.service.EasService,com.google.android.gm.exchange,10157,2752,54256,[STARTED],false,true,1,1,43559869,
1428399024676,com.google.android.music.dial.DialMediaRouteProviderService,com.google.android.music:main,10058,0,21711939,[],false,true,0,0,10495967,
1428399024676,ch.unige.css.services.PingService,ch.unige.ping,10074,1449,98159709,[STARTED],false,true,0,0,43966973,
1428399024676,com.android.systemui.keyguard.KeyguardService,com.android.systemui,10012,906,42358,[PERSISTENT],false,false,1,1,42367,
1428399024676,ch.unige.css.services.main.CssRegistryService,ch.unige.ping:background,10074,13902,17964876,[STARTED],false,true,0,0,6748905,
1428399024676,com.whatsapp.messaging.MessageService,com.whatsapp,10159,26619,68313,[STARTED],false,true,1,1,36624867,
1428399024676,ccc71.at.services.at_service,ccc71.bmw.pro:services,10110,4012,69150,[STARTED],false,true,0,0,69159,
1428399024676,com.google.android.location.geocode.GeocodeService,com.google.process.location,10007,17755,96322607,[],false,true,1,1,43088667,
1428399024676,com.google.android.gms.gcm.GcmService,com.google.process.gapps,10007,17792,17965599,[STARTED],false,true,0,0,43493182,
1428399085495,com.android.bluetooth.hid.HidService,com.android.bluetooth,1002,0,41148,[],false,true,1,1,41157,
1428399085495,com.android.exchange.service.EasService,com.google.android.gm.exchange,10157,2752,54256,[STARTED],false,true,1,1,43559869,
1428399085495,com.google.android.music.dial.DialMediaRouteProviderService,com.google.android.music:main,10058,0,21711939,[],false,true,0,0,10495967,
1428399085495,ch.unige.css.services.PingService,ch.unige.ping,10074,1449,98220508,[STARTED],false,true,0,0,43993012,
1428399085495,com.android.systemui.keyguard.KeyguardService,com.android.systemui,10012,906,42358,[PERSISTENT],false,false,1,1,42367,
1428399085495,ch.unige.css.services.main.CssRegistryService,ch.unige.ping:background,10074,13902,17964876,[STARTED],false,true,0,0,6748905,
1428399085495,com.whatsapp.messaging.MessageService,com.whatsapp,10159,26619,68313,[STARTED],false,true,1,1,36624867,
1428399085495,ccc71.at.services.at_service,ccc71.bmw.pro:services,10110,4012,69150,[STARTED],false,true,0,0,69159,
1428399085495,com.google.android.location.geocode.GeocodeService,com.google.process.location,10007,17755,96322607,[],false,true,1,1,43088667,
1428399085495,com.google.android.gms.gcm.GcmService,com.google.process.gapps,10007,17792,17965599,[STARTED],false,true,0,0,43493182,
1428399170447,com.android.bluetooth.hid.HidService,com.android.bluetooth,1002,0,41148,[],false,true,1,1,41157,
1428399170447,com.android.exchange.service.EasService,com.google.android.gm.exchange,10157,2752,54256,[STARTED],false,true,1,1,43559869,
1428399170447,com.google.android.music.dial.DialMediaRouteProviderService,com.google.android.music:main,10058,0,21711939,[],false,true,0,0,10495967,
1428399170447,ch.unige.css.services.PingService,ch.unige.ping,10074,1449,98305479,[STARTED],false,true,0,0,44019502,
1428399170447,com.android.systemui.keyguard.KeyguardService,com.android.systemui,10012,906,42358,[PERSISTENT],false,false,1,1,42367,
1428399170447,ch.unige.css.services.main.CssRegistryService,ch.unige.ping:background,10074,13902,17964876,[STARTED],false,true,0,0,6748905,
1428399170447,com.whatsapp.messaging.MessageService,com.whatsapp,10159,26619,68313,[STARTED],false,true,1,1,36624867,
1428399170447,ccc71.at.services.at_service,ccc71.bmw.pro:services,10110,4012,69150,[STARTED],false,true,0,0,69159,
1428399170447,com.google.android.location.geocode.GeocodeService,com.google.process.location,10007,17755,96322607,[],false,true,1,1,43088667,
1428399170447,com.google.android.gms.gcm.GcmService,com.google.process.gapps,10007,17792,17965599,[STARTED],false,true,0,0,43493182,
1428399259990,com.android.bluetooth.hid.HidService,com.android.bluetooth,1002,0,41148,[],false,true,1,1,41157,
1428399259990,com.android.exchange.service.EasService,com.google.android.gm.exchange,10157,2752,54256,[STARTED],false,true,1,1,43559869,
1428399259990,com.google.android.music.dial.DialMediaRouteProviderService,com.google.android.music:main,10058,0,21711939,[],false,true,0,0,10495967,
1428399259990,ch.unige.css.services.PingService,ch.unige.ping,10074,1449,98395006,[STARTED],false,true,0,0,44050941,
1428399259990,com.android.systemui.keyguard.KeyguardService,com.android.systemui,10012,906,42358,[PERSISTENT],false,false,1,1,42367,
1428399259990,ch.unige.css.services.main.CssRegistryService,ch.unige.ping:background,10074,13902,17964876,[STARTED],false,true,0,0,6748905,
1428399259990,com.whatsapp.messaging.MessageService,com.whatsapp,10159,26619,68313,[STARTED],false,true,1,1,36624867,
1428399259990,ccc71.at.services.at_service,ccc71.bmw.pro:services,10110,4012,69150,[STARTED],false,true,0,0,69159,
1428399259990,com.google.android.location.geocode.GeocodeService,com.google.process.location,10007,17755,96322607,[],false,true,1,1,43088667,
1428399259990,com.google.android.gms.gcm.GcmService,com.google.process.gapps,10007,17792,17965599,[STARTED],false,true,0,0,43493182,
1428399323327,com.android.bluetooth.hid.HidService,com.android.bluetooth,1002,0,41148,[],false,true,1,1,41157,
1428399323327,com.android.exchange.service.EasService,com.google.android.gm.exchange,10157,2752,54256,[STARTED],false,true,1,1,43559869,
1428399323327,com.google.android.music.dial.DialMediaRouteProviderService,com.google.android.music:main,10058,0,21711939,[],false,true,0,0,10495967,
1428399323327,ch.unige.css.services.PingService,ch.unige.ping,10074,1449,98458207,[STARTED],false,true,0,0,44076516,
1428399323327,com.android.systemui.keyguard.KeyguardService,com.android.systemui,10012,906,42358,[PERSISTENT],false,false,1,1,42367,
1428399323327,ch.unige.css.services.main.CssRegistryService,ch.unige.ping:background,10074,13902,17964876,[STARTED],false,true,0,0,6748905,
1428399323327,com.whatsapp.messaging.MessageService,com.whatsapp,10159,26619,68313,[STARTED],false,true,1,1,36624867,
1428399323327,ccc71.at.services.at_service,ccc71.bmw.pro:services,10110,4012,69150,[STARTED],false,true,0,0,69159,
1428399323327,com.google.android.location.geocode.GeocodeService,com.google.process.location,10007,17755,96322607,[],false,true,1,1,43088667,
1428399323327,com.google.android.gms.gcm.GcmService,com.google.process.gapps,10007,17792,17965599,[STARTED],false,true,0,0,43493182,
1428399383483,com.android.bluetooth.hid.HidService,com.android.bluetooth,1002,0,41148,[],false,true,1,1,41157,
1428399383483,com.android.exchange.service.EasService,com.google.android.gm.exchange,10157,2752,54256,[STARTED],false,true,1,1,43559869,
1428399383483,com.google.android.music.dial.DialMediaRouteProviderService,com.google.android.music:main,10058,0,21711939,[],false,true,0,0,10495967,
1428399383483,ch.unige.css.services.PingService,ch.unige.ping,10074,1449,98518382,[STARTED],false,true,0,0,44102230,
1428399383483,com.android.systemui.keyguard.KeyguardService,com.android.systemui,10012,906,42358,[PERSISTENT],false,false,1,1,42367,
1428399383483,ch.unige.css.services.main.CssRegistryService,ch.unige.ping:background,10074,13902,17964876,[STARTED],false,true,0,0,6748905,
1428399383483,com.whatsapp.messaging.MessageService,com.whatsapp,10159,26619,68313,[STARTED],false,true,1,1,36624867,
1428399383483,ccc71.at.services.at_service,ccc71.bmw.pro:services,10110,4012,69150,[STARTED],false,true,0,0,69159,
1428399383483,com.google.android.location.geocode.GeocodeService,com.google.process.location,10007,17755,96322607,[],false,true,1,1,43088667,
1428399383483,com.google.android.gms.gcm.GcmService,com.google.process.gapps,10007,17792,17965599,[STARTED],false,true,0,0,43493182,
1428399472501,com.android.bluetooth.hid.HidService,com.android.bluetooth,1002,0,41148,[],false,true,1,1,41157,
1428399472501,com.android.exchange.service.EasService,com.google.android.gm.exchange,10157,2752,54256,[STARTED],false,true,1,1,43559869,
1428399472501,com.google.android.music.dial.DialMediaRouteProviderService,com.google.android.music:main,10058,0,21711939,[],false,true,0,0,10495967,
1428399472501,ch.unige.css.services.PingService,ch.unige.ping,10074,1449,98607380,[STARTED],false,true,0,0,44128248,
1428399472501,com.android.systemui.keyguard.KeyguardService,com.android.systemui,10012,906,42358,[PERSISTENT],false,false,1,1,42367,
1428399472501,ch.unige.css.services.main.CssRegistryService,ch.unige.ping:background,10074,13902,17964876,[STARTED],false,true,0,0,6748905,
1428399472501,com.whatsapp.messaging.MessageService,com.whatsapp,10159,26619,68313,[STARTED],false,true,1,1,36624867,
1428399472501,ccc71.at.services.at_service,ccc71.bmw.pro:services,10110,4012,69150,[STARTED],false,true,0,0,69159,
1428399472501,com.google.android.location.geocode.GeocodeService,com.google.process.location,10007,17755,96322607,[],false,true,1,1,43088667,
1428399472501,com.google.android.gms.gcm.GcmService,com.google.process.gapps,10007,17792,17965599,[STARTED],false,true,0,0,43493182,
1428399532503,com.android.bluetooth.hid.HidService,com.android.bluetooth,1002,0,41148,[],false,true,1,1,41157,
1428399532503,com.android.exchange.service.EasService,com.google.android.gm.exchange,10157,2752,54256,[STARTED],false,true,1,1,43559869,
1428399532503,com.google.android.music.dial.DialMediaRouteProviderService,com.google.android.music:main,10058,0,21711939,[],false,true,0,0,10495967,
1428399532503,ch.unige.css.services.PingService,ch.unige.ping,10074,1449,98667405,[STARTED],false,true,0,0,44157952,
1428399532503,com.android.systemui.keyguard.KeyguardService,com.android.systemui,10012,906,42358,[PERSISTENT],false,false,1,1,42367,
1428399532503,ch.unige.css.services.main.CssRegistryService,ch.unige.ping:background,10074,13902,17964876,[STARTED],false,true,0,0,6748905,
1428399532503,com.whatsapp.messaging.MessageService,com.whatsapp,10159,26619,68313,[STARTED],false,true,1,1,36624867,
1428399532503,ccc71.at.services.at_service,ccc71.bmw.pro:services,10110,4012,69150,[STARTED],false,true,0,0,69159,
1428399532503,com.android.inputmethod.latin.spellcheck.AndroidSpellCheckerService,com.google.android.inputmethod.latin,10054,1125,98666547,[],false,true,1,1,44157095,
1428399532503,com.google.android.location.geocode.GeocodeService,com.google.process.location,10007,17755,96322607,[],false,true,1,1,43088667,
1428399613741,com.android.bluetooth.hid.HidService,com.android.bluetooth,1002,0,41148,[],false,true,1,1,41157,
1428399613741,com.android.exchange.service.EasService,com.google.android.gm.exchange,10157,2752,54256,[STARTED],false,true,1,1,43559869,
1428399613741,com.google.android.music.dial.DialMediaRouteProviderService,com.google.android.music:main,10058,0,21711939,[],false,true,0,0,10495967,
1428399613741,ch.unige.css.services.PingService,ch.unige.ping,10074,1449,98748620,[STARTED],false,true,0,0,44239168,
1428399613741,com.android.systemui.keyguard.KeyguardService,com.android.systemui,10012,906,42358,[PERSISTENT],false,false,1,1,42367,
1428399613741,ch.unige.css.services.main.CssRegistryService,ch.unige.ping:background,10074,13902,17964876,[STARTED],false,true,0,0,6748905,
1428399613741,com.google.android.finsky.billing.iab.InAppBillingService,com.android.vending,10014,20431,98685853,[],false,true,1,1,44176449,
1428399613741,com.whatsapp.messaging.MessageService,com.whatsapp,10159,26619,68313,[STARTED],false,true,1,1,36624867,
1428399613741,ccc71.at.services.at_service,ccc71.bmw.pro:services,10110,4012,69150,[STARTED],false,true,0,0,69159,
1428399613741,com.android.inputmethod.latin.spellcheck.AndroidSpellCheckerService,com.google.android.inputmethod.latin,10054,1125,98685969,[],false,true,1,1,44176517,
1428399673875,com.android.bluetooth.hid.HidService,com.android.bluetooth,1002,0,41148,[],false,true,1,1,41157,
1428399673875,com.android.exchange.service.EasService,com.google.android.gm.exchange,10157,2752,54256,[STARTED],false,true,1,1,43559869,
1428399673875,com.google.android.music.dial.DialMediaRouteProviderService,com.google.android.music:main,10058,0,21711939,[],false,true,0,0,10495967,
1428399673875,ch.unige.css.services.PingService,ch.unige.ping,10074,1449,98808770,[STARTED],false,true,0,0,44299318,
1428399673875,com.android.systemui.keyguard.KeyguardService,com.android.systemui,10012,906,42358,[PERSISTENT],false,false,1,1,42367,
1428399673875,ch.unige.css.services.main.CssRegistryService,ch.unige.ping:background,10074,13902,17964876,[STARTED],false,true,0,0,6748905,
1428399673875,com.google.android.finsky.billing.iab.InAppBillingService,com.android.vending,10014,20431,98795043,[],false,true,1,1,44285591,
1428399673875,com.whatsapp.messaging.MessageService,com.whatsapp,10159,26619,68313,[STARTED],false,true,1,1,36624867,
1428399673875,ccc71.at.services.at_service,ccc71.bmw.pro:services,10110,4012,69150,[STARTED],false,true,0,0,69159,
1428399673875,com.android.inputmethod.latin.spellcheck.AndroidSpellCheckerService,com.google.android.inputmethod.latin,10054,1125,98807680,[],false,true,1,1,44298228,
1428399733954,com.android.bluetooth.hid.HidService,com.android.bluetooth,1002,0,41148,[],false,true,1,1,41157,
1428399733954,com.android.exchange.service.EasService,com.google.android.gm.exchange,10157,2752,54256,[STARTED],false,true,1,1,43559869,
1428399733954,com.google.android.music.dial.DialMediaRouteProviderService,com.google.android.music:main,10058,0,21711939,[],false,true,0,0,10495967,
1428399733954,ch.unige.css.services.PingService,ch.unige.ping,10074,1449,98868838,[STARTED],false,true,0,0,44359386,
1428399733954,com.android.systemui.keyguard.KeyguardService,com.android.systemui,10012,906,42358,[PERSISTENT],false,false,1,1,42367,
1428399733954,ch.unige.css.services.main.CssRegistryService,ch.unige.ping:background,10074,13902,17964876,[STARTED],false,true,0,0,6748905,
1428399733954,com.whatsapp.messaging.MessageService,com.whatsapp,10159,26619,68313,[STARTED],false,true,1,1,36624867,
1428399733954,ccc71.at.services.at_service,ccc71.bmw.pro:services,10110,4012,69150,[STARTED],false,true,0,0,69159,
1428399733954,com.google.android.location.geocode.GeocodeService,com.google.process.location,10007,17755,96322607,[],false,true,1,1,43088667,
1428399733954,com.google.android.gms.gcm.GcmService,com.google.process.gapps,10007,17792,17965599,[STARTED],false,true,0,0,44176776,
1428399793988,com.android.bluetooth.hid.HidService,com.android.bluetooth,1002,0,41148,[],false,true,1,1,41157,
1428399793988,com.android.exchange.service.EasService,com.google.android.gm.exchange,10157,2752,54256,[STARTED],false,true,1,1,43559869,
1428399793988,com.google.android.music.dial.DialMediaRouteProviderService,com.google.android.music:main,10058,0,21711939,[],false,true,0,0,10495967,
1428399793988,ch.unige.css.services.PingService,ch.unige.ping,10074,1449,98928867,[STARTED],false,true,0,0,44419415,
1428399793988,com.android.systemui.keyguard.KeyguardService,com.android.systemui,10012,906,42358,[PERSISTENT],false,false,1,1,42367,
1428399793988,ch.unige.css.services.main.CssRegistryService,ch.unige.ping:background,10074,13902,17964876,[STARTED],false,true,0,0,6748905,
1428399793988,com.whatsapp.messaging.MessageService,com.whatsapp,10159,26619,68313,[STARTED],false,true,1,1,36624867,
1428399793988,ccc71.at.services.at_service,ccc71.bmw.pro:services,10110,4012,69150,[STARTED],false,true,0,0,69159,
1428399793988,com.google.android.location.geocode.GeocodeService,com.google.process.location,10007,17755,96322607,[],false,true,1,1,43088667,
1428399793988,com.google.android.gms.gcm.GcmService,com.google.process.gapps,10007,17792,17965599,[STARTED],false,true,0,0,44176776,
1428399854191,com.android.bluetooth.hid.HidService,com.android.bluetooth,1002,0,41148,[],false,true,1,1,41157,
1428399854191,com.android.exchange.service.EasService,com.google.android.gm.exchange,10157,2752,54256,[STARTED],false,true,1,1,43559869,
1428399854191,com.google.android.music.dial.DialMediaRouteProviderService,com.google.android.music:main,10058,0,21711939,[],false,true,0,0,10495967,
1428399854191,ch.unige.css.services.PingService,ch.unige.ping,10074,1449,98988903,[STARTED],false,true,0,0,44479451,
1428399854191,com.android.systemui.keyguard.KeyguardService,com.android.systemui,10012,906,42358,[PERSISTENT],false,false,1,1,42367,
1428399854191,ch.unige.css.services.main.CssRegistryService,ch.unige.ping:background,10074,13902,17964876,[STARTED],false,true,0,0,6748905,
1428399854191,com.whatsapp.messaging.MessageService,com.whatsapp,10159,26619,68313,[STARTED],false,true,1,1,36624867,
1428399854191,ccc71.at.services.at_service,ccc71.bmw.pro:services,10110,4012,69150,[STARTED],false,true,0,0,69159,
1428399854191,com.google.android.location.geocode.GeocodeService,com.google.process.location,10007,17755,96322607,[],false,true,1,1,43088667,
1428399854191,com.google.android.gms.gcm.GcmService,com.google.process.gapps,10007,17792,17965599,[STARTED],false,true,0,0,44176776,
1428399914090,com.android.bluetooth.hid.HidService,com.android.bluetooth,1002,0,41148,[],false,true,1,1,41157,
1428399914090,com.android.exchange.service.EasService,com.google.android.gm.exchange,10157,2752,54256,[STARTED],false,true,1,1,43559869,
1428399914090,com.google.android.music.dial.DialMediaRouteProviderService,com.google.android.music:main,10058,0,21711939,[],false,true,0,0,10495967,
1428399914090,ch.unige.css.services.PingService,ch.unige.ping,10074,1449,99048963,[STARTED],false,true,0,0,44539511,
1428399914090,com.android.systemui.keyguard.KeyguardService,com.android.systemui,10012,906,42358,[PERSISTENT],false,false,1,1,42367,
1428399914090,ch.unige.css.services.main.CssRegistryService,ch.unige.ping:background,10074,13902,17964876,[STARTED],false,true,0,0,6748905,
1428399914090,com.whatsapp.messaging.MessageService,com.whatsapp,10159,26619,68313,[STARTED],false,true,1,1,36624867,
1428399914090,ccc71.at.services.at_service,ccc71.bmw.pro:services,10110,4012,69150,[STARTED],false,true,0,0,69159,
1428399914090,com.google.android.location.geocode.GeocodeService,com.google.process.location,10007,17755,96322607,[],false,true,1,1,43088667,
1428399914090,com.google.android.gms.gcm.GcmService,com.google.process.gapps,10007,17792,17965599,[STARTED],false,true,0,0,44176776,
1428399974095,com.android.bluetooth.hid.HidService,com.android.bluetooth,1002,0,41148,[],false,true,1,1,41157,
1428399974095,com.android.exchange.service.EasService,com.google.android.gm.exchange,10157,2752,54256,[STARTED],false,true,1,1,43559869,
1428399974095,com.google.android.music.dial.DialMediaRouteProviderService,com.google.android.music:main,10058,0,21711939,[],false,true,0,0,10495967,
1428399974095,ch.unige.css.services.PingService,ch.unige.ping,10074,1449,99108982,[STARTED],false,true,0,0,44599530,
1428399974095,com.android.systemui.keyguard.KeyguardService,com.android.systemui,10012,906,42358,[PERSISTENT],false,false,1,1,42367,
1428399974095,ch.unige.css.services.main.CssRegistryService,ch.unige.ping:background,10074,13902,17964876,[STARTED],false,true,0,0,6748905,
1428399974095,com.whatsapp.messaging.MessageService,com.whatsapp,10159,26619,68313,[STARTED],false,true,1,1,36624867,
1428399974095,ccc71.at.services.at_service,ccc71.bmw.pro:services,10110,4012,69150,[STARTED],false,true,0,0,69159,
1428399974095,com.google.android.location.geocode.GeocodeService,com.google.process.location,10007,17755,96322607,[],false,true,1,1,43088667,
1428399974095,com.facebook.analytics.service.AnalyticsService,com.facebook.katana,10079,21602,99085551,[STARTED],false,true,0,0,44596221,
1428400034001,com.android.bluetooth.hid.HidService,com.android.bluetooth,1002,0,41148,[],false,true,1,1,41157,
1428400034001,com.android.exchange.service.EasService,com.google.android.gm.exchange,10157,2752,54256,[STARTED],false,true,1,1,43559869,
1428400034001,com.google.android.music.dial.DialMediaRouteProviderService,com.google.android.music:main,10058,0,21711939,[],false,true,0,0,10495967,
1428400034001,ch.unige.css.services.PingService,ch.unige.ping,10074,1449,99169053,[STARTED],false,true,0,0,44644176,
1428400034001,com.android.systemui.keyguard.KeyguardService,com.android.systemui,10012,906,42358,[PERSISTENT],false,false,1,1,42367,
1428400034001,ch.unige.css.services.main.CssRegistryService,ch.unige.ping:background,10074,13902,17964876,[STARTED],false,true,0,0,6748905,
1428400034001,com.whatsapp.messaging.MessageService,com.whatsapp,10159,26619,68313,[STARTED],false,true,1,1,36624867,
1428400034001,ccc71.at.services.at_service,ccc71.bmw.pro:services,10110,4012,69150,[STARTED],false,true,0,0,69159,
1428400034001,com.google.android.location.geocode.GeocodeService,com.google.process.location,10007,17755,96322607,[],false,true,1,1,43088667,
1428400034001,com.google.android.gms.gcm.GcmService,com.google.process.gapps,10007,17792,17965599,[STARTED],false,true,0,0,44176776,
1428400094155,com.android.bluetooth.hid.HidService,com.android.bluetooth,1002,0,41148,[],false,true,1,1,41157,
1428400094155,com.android.exchange.service.EasService,com.google.android.gm.exchange,10157,2752,54256,[STARTED],false,true,1,1,43559869,
1428400094155,com.google.android.music.dial.DialMediaRouteProviderService,com.google.android.music:main,10058,0,21711939,[],false,true,0,0,10495967,
1428400094155,ch.unige.css.services.PingService,ch.unige.ping,10074,1449,99229210,[STARTED],false,true,0,0,44680531,
1428400094155,com.android.systemui.keyguard.KeyguardService,com.android.systemui,10012,906,42358,[PERSISTENT],false,false,1,1,42367,
1428400094155,ch.unige.css.services.main.CssRegistryService,ch.unige.ping:background,10074,13902,17964876,[STARTED],false,true,0,0,6748905,
1428400094155,com.whatsapp.messaging.MessageService,com.whatsapp,10159,26619,68313,[STARTED],false,true,1,1,36624867,
1428400094155,ccc71.at.services.at_service,ccc71.bmw.pro:services,10110,4012,69150,[STARTED],false,true,0,0,69159,
1428400094155,com.google.android.location.geocode.GeocodeService,com.google.process.location,10007,17755,96322607,[],false,true,1,1,43088667,
1428400094155,com.google.android.gms.gcm.GcmService,com.google.process.gapps,10007,17792,17965599,[STARTED],false,true,0,0,44176776,
1428400170000,com.android.bluetooth.hid.HidService,com.android.bluetooth,1002,0,41148,[],false,true,1,1,41157,
1428400170000,com.android.exchange.service.EasService,com.google.android.gm.exchange,10157,2752,54256,[STARTED],false,true,1,1,44682832,
1428400170000,com.google.android.music.dial.DialMediaRouteProviderService,com.google.android.music:main,10058,0,21711939,[],false,true,0,0,10495967,
1428400170000,ch.unige.css.services.PingService,ch.unige.ping,10074,1449,99305011,[STARTED],false,true,0,0,44711383,
1428400170000,com.android.systemui.keyguard.KeyguardService,com.android.systemui,10012,906,42358,[PERSISTENT],false,false,1,1,42367,
1428400170000,ch.unige.css.services.main.CssRegistryService,ch.unige.ping:background,10074,13902,17964876,[STARTED],false,true,0,0,6748905,
1428400170000,com.whatsapp.messaging.MessageService,com.whatsapp,10159,26619,68313,[STARTED],false,true,1,1,36624867,
1428400170000,ccc71.at.services.at_service,ccc71.bmw.pro:services,10110,4012,69150,[STARTED],false,true,0,0,69159,
1428400170000,com.google.android.location.geocode.GeocodeService,com.google.process.location,10007,17755,99242197,[],false,true,1,1,44693518,
1428400170000,com.google.android.gms.gcm.GcmService,com.google.process.gapps,10007,17792,17965599,[STARTED],false,true,0,0,44685360,
1428400229612,com.android.bluetooth.hid.HidService,com.android.bluetooth,1002,0,41148,[],false,true,1,1,41157,
1428400229612,com.android.exchange.service.EasService,com.google.android.gm.exchange,10157,2752,54256,[STARTED],false,true,1,1,44740339,
1428400229612,com.google.android.music.dial.DialMediaRouteProviderService,com.google.android.music:main,10058,0,21711939,[],false,true,0,0,10495967,
1428400229612,ch.unige.css.services.PingService,ch.unige.ping,10074,1449,99365070,[STARTED],false,true,0,0,44745355,
1428400229612,com.android.systemui.keyguard.KeyguardService,com.android.systemui,10012,906,42358,[PERSISTENT],false,false,1,1,42367,
1428400229612,ch.unige.css.services.main.CssRegistryService,ch.unige.ping:background,10074,13902,17964876,[STARTED],false,true,0,0,6748905,
1428400229612,com.whatsapp.messaging.MessageService,com.whatsapp,10159,26619,68313,[STARTED],false,true,1,1,44734152,
1428400229612,ccc71.at.services.at_service,ccc71.bmw.pro:services,10110,4012,69150,[STARTED],false,true,0,0,69159,
1428400229612,com.google.android.location.geocode.GeocodeService,com.google.process.location,10007,17755,99242197,[],false,true,1,1,44693518,
1428400229612,com.google.android.gms.gcm.GcmService,com.google.process.gapps,10007,17792,17965599,[STARTED],false,true,0,0,44735722,
1428400289660,com.android.bluetooth.hid.HidService,com.android.bluetooth,1002,0,41148,[],false,true,1,1,41157,
1428400289660,com.android.exchange.service.EasService,com.google.android.gm.exchange,10157,2752,54256,[STARTED],false,true,1,1,44740339,
1428400289660,com.google.android.music.dial.DialMediaRouteProviderService,com.google.android.music:main,10058,0,21711939,[],false,true,0,0,10495967,
1428400289660,ch.unige.css.services.PingService,ch.unige.ping,10074,1449,99425124,[STARTED],false,true,0,0,44776652,
1428400289660,com.android.systemui.keyguard.KeyguardService,com.android.systemui,10012,906,42358,[PERSISTENT],false,false,1,1,42367,
1428400289660,ch.unige.css.services.main.CssRegistryService,ch.unige.ping:background,10074,13902,17964876,[STARTED],false,true,0,0,6748905,
1428400289660,com.whatsapp.messaging.MessageService,com.whatsapp,10159,26619,68313,[STARTED],false,true,1,1,44734152,
1428400289660,ccc71.at.services.at_service,ccc71.bmw.pro:services,10110,4012,69150,[STARTED],false,true,0,0,69159,
1428400289660,com.google.android.location.geocode.GeocodeService,com.google.process.location,10007,17755,99242197,[],false,true,1,1,44693518,
1428400289660,com.google.android.gms.gcm.GcmService,com.google.process.gapps,10007,17792,17965599,[STARTED],false,true,0,0,44735722,
1428400361476,com.android.bluetooth.hid.HidService,com.android.bluetooth,1002,0,41148,[],false,true,1,1,41157,
1428400361476,com.android.exchange.service.EasService,com.google.android.gm.exchange,10157,2752,54256,[STARTED],false,true,1,1,44740339,
1428400361476,com.google.android.music.dial.DialMediaRouteProviderService,com.google.android.music:main,10058,0,21711939,[],false,true,0,0,10495967,
1428400361476,ch.unige.css.services.PingService,ch.unige.ping,10074,1449,99496911,[STARTED],false,true,0,0,44799980,
1428400361476,com.android.systemui.keyguard.KeyguardService,com.android.systemui,10012,906,42358,[PERSISTENT],false,false,1,1,42367,
1428400361476,ch.unige.css.services.main.CssRegistryService,ch.unige.ping:background,10074,13902,17964876,[STARTED],false,true,0,0,6748905,
1428400361476,com.whatsapp.messaging.MessageService,com.whatsapp,10159,26619,68313,[STARTED],false,true,1,1,44734152,
1428400361476,ccc71.at.services.at_service,ccc71.bmw.pro:services,10110,4012,69150,[STARTED],false,true,0,0,69159,
1428400361476,com.google.android.location.geocode.GeocodeService,com.google.process.location,10007,17755,99242197,[],false,true,1,1,44693518,
1428400361476,com.google.android.gms.gcm.GcmService,com.google.process.gapps,10007,17792,17965599,[STARTED],false,true,0,0,44735722,
1428400421732,com.android.bluetooth.hid.HidService,com.android.bluetooth,1002,0,41148,[],false,true,1,1,41157,
1428400421732,com.android.exchange.service.EasService,com.google.android.gm.exchange,10157,2752,54256,[STARTED],false,true,1,1,44740339,
1428400421732,com.google.android.music.dial.DialMediaRouteProviderService,com.google.android.music:main,10058,0,21711939,[],false,true,0,0,10495967,
1428400421732,ch.unige.css.services.PingService,ch.unige.ping,10074,1449,99557183,[STARTED],false,true,0,0,44860251,
1428400421732,com.google.android.gms.car.InCallServiceImpl,com.google.android.gms:car,10007,25982,99506770,[],false,true,2,2,44810025,
1428400421732,com.android.systemui.keyguard.KeyguardService,com.android.systemui,10012,906,42358,[PERSISTENT],false,false,1,1,42367,
1428400421732,ch.unige.css.services.main.CssRegistryService,ch.unige.ping:background,10074,13902,17964876,[STARTED],false,true,0,0,6748905,
1428400421732,com.whatsapp.messaging.MessageService,com.whatsapp,10159,26619,68313,[STARTED],false,true,1,1,44734152,
1428400421732,ccc71.at.services.at_service,ccc71.bmw.pro:services,10110,4012,69150,[STARTED],false,true,0,0,69159,
1428400421732,com.google.android.location.geocode.GeocodeService,com.google.process.location,10007,17755,99242197,[],false,true,1,1,44693518,
1428400488643,com.android.bluetooth.hid.HidService,com.android.bluetooth,1002,0,41148,[],false,true,1,1,41157,
1428400488643,com.android.exchange.service.EasService,com.google.android.gm.exchange,10157,2752,54256,[STARTED],false,true,1,1,44740339,
1428400488643,com.google.android.music.dial.DialMediaRouteProviderService,com.google.android.music:main,10058,0,21711939,[],false,true,0,0,10495967,
1428400488643,ch.unige.css.services.PingService,ch.unige.ping,10074,1449,99624111,[STARTED],false,true,0,0,44903469,
1428400488643,com.google.android.gms.car.InCallServiceImpl,com.google.android.gms:car,10007,25982,99506770,[],false,true,1,1,44810025,
1428400488643,com.android.systemui.keyguard.KeyguardService,com.android.systemui,10012,906,42358,[PERSISTENT],false,false,1,1,42367,
1428400488643,ch.unige.css.services.main.CssRegistryService,ch.unige.ping:background,10074,13902,17964876,[STARTED],false,true,0,0,6748905,
1428400488643,com.whatsapp.messaging.MessageService,com.whatsapp,10159,26619,68313,[STARTED],false,true,1,1,44734152,
1428400488643,ccc71.at.services.at_service,ccc71.bmw.pro:services,10110,4012,69150,[STARTED],false,true,0,0,69159,
1428400488643,com.google.android.location.geocode.GeocodeService,com.google.process.location,10007,17755,99242197,[],false,true,1,1,44693518,
1428400549466,com.android.bluetooth.hid.HidService,com.android.bluetooth,1002,0,41148,[],false,true,1,1,41157,
1428400549466,com.android.exchange.service.EasService,com.google.android.gm.exchange,10157,2752,54256,[STARTED],false,true,1,1,44928857,
1428400549466,com.google.android.music.dial.DialMediaRouteProviderService,com.google.android.music:main,10058,0,21711939,[],false,true,0,0,10495967,
1428400549466,ch.unige.css.services.PingService,ch.unige.ping,10074,1449,99684908,[STARTED],false,true,0,0,44932378,
1428400549466,com.google.android.gms.car.InCallServiceImpl,com.google.android.gms:car,10007,25982,99506770,[],false,true,1,1,44810025,
1428400549466,com.android.systemui.keyguard.KeyguardService,com.android.systemui,10012,906,42358,[PERSISTENT],false,false,1,1,42367,
1428400549466,ch.unige.css.services.main.CssRegistryService,ch.unige.ping:background,10074,13902,17964876,[STARTED],false,true,0,0,6748905,
1428400549466,com.whatsapp.messaging.MessageService,com.whatsapp,10159,26619,68313,[STARTED],false,true,1,1,44734152,
1428400549466,ccc71.at.services.at_service,ccc71.bmw.pro:services,10110,4012,69150,[STARTED],false,true,0,0,69159,
1428400549466,com.google.android.location.geocode.GeocodeService,com.google.process.location,10007,17755,99242197,[],false,true,1,1,44693518,
1428400609450,com.android.bluetooth.hid.HidService,com.android.bluetooth,1002,0,41148,[],false,true,1,1,41157,
1428400609450,com.android.exchange.service.EasService,com.google.android.gm.exchange,10157,2752,54256,[STARTED],false,true,1,1,44928857,
1428400609450,com.google.android.music.dial.DialMediaRouteProviderService,com.google.android.music:main,10058,0,21711939,[],false,true,0,0,10495967,
1428400609450,ch.unige.css.services.PingService,ch.unige.ping,10074,1449,99744920,[STARTED],false,true,0,0,44960629,
1428400609450,com.google.android.gms.car.InCallServiceImpl,com.google.android.gms:car,10007,25982,99506770,[],false,true,1,1,44810025,
1428400609450,com.android.systemui.keyguard.KeyguardService,com.android.systemui,10012,906,42358,[PERSISTENT],false,false,1,1,42367,
1428400609450,ch.unige.css.services.main.CssRegistryService,ch.unige.ping:background,10074,13902,17964876,[STARTED],false,true,0,0,6748905,
1428400609450,com.whatsapp.messaging.MessageService,com.whatsapp,10159,26619,68313,[STARTED],false,true,1,1,44734152,
1428400609450,ccc71.at.services.at_service,ccc71.bmw.pro:services,10110,4012,69150,[STARTED],false,true,0,0,69159,
1428400609450,com.google.android.location.geocode.GeocodeService,com.google.process.location,10007,17755,99242197,[],false,true,1,1,44693518,
1428400709549,com.android.bluetooth.hid.HidService,com.android.bluetooth,1002,0,41148,[],false,true,1,1,41157,
1428400709549,com.android.exchange.service.EasService,com.google.android.gm.exchange,10157,2752,54256,[STARTED],false,true,1,1,44928857,
1428400709549,com.google.android.music.dial.DialMediaRouteProviderService,com.google.android.music:main,10058,0,21711939,[],false,true,0,0,10495967,
1428400709549,ch.unige.css.services.PingService,ch.unige.ping,10074,1449,99845012,[STARTED],false,true,0,0,44985011,
1428400709549,com.google.android.gms.car.InCallServiceImpl,com.google.android.gms:car,10007,25982,99506770,[],false,true,1,1,44810025,
1428400709549,com.android.systemui.keyguard.KeyguardService,com.android.systemui,10012,906,42358,[PERSISTENT],false,false,1,1,42367,
1428400709549,ch.unige.css.services.main.CssRegistryService,ch.unige.ping:background,10074,13902,17964876,[STARTED],false,true,0,0,6748905,
1428400709549,com.whatsapp.messaging.MessageService,com.whatsapp,10159,26619,68313,[STARTED],false,true,1,1,44734152,
1428400709549,ccc71.at.services.at_service,ccc71.bmw.pro:services,10110,4012,69150,[STARTED],false,true,0,0,69159,
1428400709549,com.google.android.location.geocode.GeocodeService,com.google.process.location,10007,17755,99242197,[],false,true,1,1,44693518,
1428400769703,com.android.bluetooth.hid.HidService,com.android.bluetooth,1002,0,41148,[],false,true,1,1,41157,
1428400769703,com.android.exchange.service.EasService,com.google.android.gm.exchange,10157,2752,54256,[STARTED],false,true,1,1,44928857,
1428400769703,com.google.android.music.dial.DialMediaRouteProviderService,com.google.android.music:main,10058,0,21711939,[],false,true,0,0,10495967,
1428400769703,ch.unige.css.services.PingService,ch.unige.ping,10074,1449,99905170,[STARTED],false,true,0,0,45006858,
1428400769703,com.google.android.gms.car.InCallServiceImpl,com.google.android.gms:car,10007,25982,99506770,[],false,true,1,1,44810025,
1428400769703,com.android.systemui.keyguard.KeyguardService,com.android.systemui,10012,906,42358,[PERSISTENT],false,false,1,1,42367,
1428400769703,ch.unige.css.services.main.CssRegistryService,ch.unige.ping:background,10074,13902,17964876,[STARTED],false,true,0,0,6748905,
1428400769703,com.whatsapp.messaging.MessageService,com.whatsapp,10159,26619,68313,[STARTED],false,true,1,1,44734152,
1428400769703,ccc71.at.services.at_service,ccc71.bmw.pro:services,10110,4012,69150,[STARTED],false,true,0,0,69159,
1428400769703,com.google.android.location.geocode.GeocodeService,com.google.process.location,10007,17755,99242197,[],false,true,1,1,44693518,
1428400829912,com.android.bluetooth.hid.HidService,com.android.bluetooth,1002,0,41148,[],false,true,1,1,41157,
1428400829912,com.android.exchange.service.EasService,com.google.android.gm.exchange,10157,2752,54256,[STARTED],false,true,1,1,45031275,
1428400829912,com.google.android.music.dial.DialMediaRouteProviderService,com.google.android.music:main,10058,0,21711939,[],false,true,0,0,10495967,
1428400829912,ch.unige.css.services.PingService,ch.unige.ping,10074,1449,99965364,[STARTED],false,true,0,0,45063685,
1428400829912,com.android.systemui.keyguard.KeyguardService,com.android.systemui,10012,906,42358,[PERSISTENT],false,false,1,1,42367,
1428400829912,ch.unige.css.services.main.CssRegistryService,ch.unige.ping:background,10074,13902,17964876,[STARTED],false,true,0,0,6748905,
1428400829912,com.whatsapp.messaging.MessageService,com.whatsapp,10159,26619,68313,[STARTED],false,true,1,1,44734152,
1428400829912,ccc71.at.services.at_service,ccc71.bmw.pro:services,10110,4012,69150,[STARTED],false,true,0,0,69159,
1428400829912,com.google.android.location.geocode.GeocodeService,com.google.process.location,10007,17755,99242197,[],false,true,1,1,44693518,
1428400829912,com.facebook.analytics.service.AnalyticsService,com.facebook.katana,10079,21602,99939475,[STARTED],false,true,0,0,45037799,
1428400890468,com.android.bluetooth.hid.HidService,com.android.bluetooth,1002,0,41148,[],false,true,1,1,41157,
1428400890468,com.android.exchange.service.EasService,com.google.android.gm.exchange,10157,2752,54256,[STARTED],false,true,1,1,45109019,
1428400890468,com.google.android.music.dial.DialMediaRouteProviderService,com.google.android.music:main,10058,0,21711939,[],false,true,0,0,10495967,
1428400890468,ch.unige.css.services.PingService,ch.unige.ping,10074,1449,100025916,[STARTED],false,true,0,0,45110204,
1428400890468,com.android.systemui.keyguard.KeyguardService,com.android.systemui,10012,906,42358,[PERSISTENT],false,false,1,1,42367,
1428400890468,ch.unige.css.services.main.CssRegistryService,ch.unige.ping:background,10074,13902,17964876,[STARTED],false,true,0,0,6748905,
1428400890468,com.whatsapp.messaging.MessageService,com.whatsapp,10159,26619,68313,[STARTED],false,true,1,1,45085600,
1428400890468,ccc71.at.services.at_service,ccc71.bmw.pro:services,10110,4012,69150,[STARTED],false,true,0,0,69159,
1428400890468,com.google.android.location.geocode.GeocodeService,com.google.process.location,10007,17755,99993124,[],false,true,1,1,45088952,
1428400890468,com.google.android.gms.gcm.GcmService,com.google.process.gapps,10007,17792,17965599,[STARTED],false,true,0,0,45086001,
1428400951498,com.android.bluetooth.hid.HidService,com.android.bluetooth,1002,0,41148,[],false,true,1,1,41157,
1428400951498,com.android.exchange.service.EasService,com.google.android.gm.exchange,10157,2752,54256,[STARTED],false,true,1,1,45109019,
1428400951498,com.google.android.music.dial.DialMediaRouteProviderService,com.google.android.music:main,10058,0,21711939,[],false,true,0,0,10495967,
1428400951498,ch.unige.css.services.PingService,ch.unige.ping,10074,1449,100086924,[STARTED],false,true,0,0,45131992,
1428400951498,com.android.systemui.keyguard.KeyguardService,com.android.systemui,10012,906,42358,[PERSISTENT],false,false,1,1,42367,
1428400951498,ch.unige.css.services.main.CssRegistryService,ch.unige.ping:background,10074,13902,17964876,[STARTED],false,true,0,0,6748905,
1428400951498,com.whatsapp.messaging.MessageService,com.whatsapp,10159,26619,68313,[STARTED],false,true,1,1,45085600,
1428400951498,ccc71.at.services.at_service,ccc71.bmw.pro:services,10110,4012,69150,[STARTED],false,true,0,0,69159,
1428400951498,com.google.android.location.geocode.GeocodeService,com.google.process.location,10007,17755,99993124,[],false,true,1,1,45088952,
1428400951498,com.google.android.gms.gcm.GcmService,com.google.process.gapps,10007,17792,17965599,[STARTED],false,true,0,0,45086001,
1428401011683,com.android.bluetooth.hid.HidService,com.android.bluetooth,1002,0,41148,[],false,true,1,1,41157,
1428401011683,com.android.exchange.service.EasService,com.google.android.gm.exchange,10157,2752,54256,[STARTED],false,true,1,1,45109019,
1428401011683,com.google.android.music.dial.DialMediaRouteProviderService,com.google.android.music:main,10058,0,21711939,[],false,true,0,0,10495967,
1428401011683,ch.unige.css.services.PingService,ch.unige.ping,10074,1449,100147121,[STARTED],false,true,0,0,45154626,
1428401011683,com.android.systemui.keyguard.KeyguardService,com.android.systemui,10012,906,42358,[PERSISTENT],false,false,1,1,42367,
1428401011683,ch.unige.css.services.main.CssRegistryService,ch.unige.ping:background,10074,13902,17964876,[STARTED],false,true,0,0,6748905,
1428401011683,com.whatsapp.messaging.MessageService,com.whatsapp,10159,26619,68313,[STARTED],false,true,1,1,45085600,
1428401011683,ccc71.at.services.at_service,ccc71.bmw.pro:services,10110,4012,69150,[STARTED],false,true,0,0,69159,
1428401011683,com.google.android.location.geocode.GeocodeService,com.google.process.location,10007,17755,99993124,[],false,true,1,1,45088952,
1428401011683,com.google.android.gms.gcm.GcmService,com.google.process.gapps,10007,17792,17965599,[STARTED],false,true,0,0,45086001,
1428401071892,com.android.bluetooth.hid.HidService,com.android.bluetooth,1002,0,41148,[],false,true,1,1,41157,
1428401071892,com.android.exchange.service.EasService,com.google.android.gm.exchange,10157,2752,54256,[STARTED],false,true,1,1,45109019,
1428401071892,com.google.android.music.dial.DialMediaRouteProviderService,com.google.android.music:main,10058,0,21711939,[],false,true,0,0,10495967,
1428401071892,ch.unige.css.services.PingService,ch.unige.ping,10074,1449,100207343,[STARTED],false,true,0,0,45176138,
1428401071892,com.android.systemui.keyguard.KeyguardService,com.android.systemui,10012,906,42358,[PERSISTENT],false,false,1,1,42367,
1428401071892,ch.unige.css.services.main.CssRegistryService,ch.unige.ping:background,10074,13902,17964876,[STARTED],false,true,0,0,6748905,
1428401071892,com.whatsapp.messaging.MessageService,com.whatsapp,10159,26619,68313,[STARTED],false,true,1,1,45085600,
1428401071892,ccc71.at.services.at_service,ccc71.bmw.pro:services,10110,4012,69150,[STARTED],false,true,0,0,69159,
1428401071892,com.google.android.location.geocode.GeocodeService,com.google.process.location,10007,17755,99993124,[],false,true,1,1,45088952,
1428401071892,com.google.android.gms.gcm.GcmService,com.google.process.gapps,10007,17792,17965599,[STARTED],false,true,0,0,45086001,
1428401159485,com.android.bluetooth.hid.HidService,com.android.bluetooth,1002,0,41148,[],false,true,1,1,41157,
1428401159485,com.android.exchange.service.EasService,com.google.android.gm.exchange,10157,2752,54256,[STARTED],false,true,1,1,45109019,
1428401159485,com.google.android.music.dial.DialMediaRouteProviderService,com.google.android.music:main,10058,0,21711939,[],false,true,0,0,10495967,
1428401159485,ch.unige.css.services.PingService,ch.unige.ping,10074,1449,100294913,[STARTED],false,true,0,0,45198393,
1428401159485,com.android.systemui.keyguard.KeyguardService,com.android.systemui,10012,906,42358,[PERSISTENT],false,false,1,1,42367,
1428401159485,ch.unige.css.services.main.CssRegistryService,ch.unige.ping:background,10074,13902,17964876,[STARTED],false,true,0,0,6748905,
1428401159485,com.whatsapp.messaging.MessageService,com.whatsapp,10159,26619,68313,[STARTED],false,true,1,1,45085600,
1428401159485,ccc71.at.services.at_service,ccc71.bmw.pro:services,10110,4012,69150,[STARTED],false,true,0,0,69159,
1428401159485,com.google.android.location.geocode.GeocodeService,com.google.process.location,10007,17755,99993124,[],false,true,1,1,45088952,
1428401159485,com.google.android.gms.gcm.GcmService,com.google.process.gapps,10007,17792,17965599,[STARTED],false,true,0,0,45086001,
1428401220521,com.android.bluetooth.hid.HidService,com.android.bluetooth,1002,0,41148,[],false,true,1,1,41157,
1428401220521,com.android.exchange.service.EasService,com.google.android.gm.exchange,10157,2752,54256,[STARTED],false,true,1,1,45109019,
1428401220521,com.google.android.music.dial.DialMediaRouteProviderService,com.google.android.music:main,10058,0,21711939,[],false,true,0,0,10495967,
1428401220521,ch.unige.css.services.PingService,ch.unige.ping,10074,1449,100355941,[STARTED],false,true,0,0,45224649,
1428401220521,com.android.systemui.keyguard.KeyguardService,com.android.systemui,10012,906,42358,[PERSISTENT],false,false,1,1,42367,
1428401220521,ch.unige.css.services.main.CssRegistryService,ch.unige.ping:background,10074,13902,17964876,[STARTED],false,true,0,0,6748905,
1428401220521,com.whatsapp.messaging.MessageService,com.whatsapp,10159,26619,68313,[STARTED],false,true,1,1,45085600,
1428401220521,ccc71.at.services.at_service,ccc71.bmw.pro:services,10110,4012,69150,[STARTED],false,true,0,0,69159,
1428401220521,com.google.android.location.geocode.GeocodeService,com.google.process.location,10007,17755,99993124,[],false,true,1,1,45088952,
1428401220521,com.google.android.gms.gcm.GcmService,com.google.process.gapps,10007,17792,17965599,[STARTED],false,true,0,0,45086001,
1428401280888,com.android.bluetooth.hid.HidService,com.android.bluetooth,1002,0,41148,[],false,true,1,1,41157,
1428401280888,com.android.exchange.service.EasService,com.google.android.gm.exchange,10157,2752,54256,[STARTED],false,true,1,1,45109019,
1428401280888,com.google.android.music.dial.DialMediaRouteProviderService,com.google.android.music:main,10058,0,21711939,[],false,true,0,0,10495967,
1428401280888,ch.unige.css.services.PingService,ch.unige.ping,10074,1449,100416345,[STARTED],false,true,0,0,45245473,
1428401280888,com.android.systemui.keyguard.KeyguardService,com.android.systemui,10012,906,42358,[PERSISTENT],false,false,1,1,42367,
1428401280888,ch.unige.css.services.main.CssRegistryService,ch.unige.ping:background,10074,13902,17964876,[STARTED],false,true,0,0,6748905,
1428401280888,com.whatsapp.messaging.MessageService,com.whatsapp,10159,26619,68313,[STARTED],false,true,1,1,45085600,
1428401280888,ccc71.at.services.at_service,ccc71.bmw.pro:services,10110,4012,69150,[STARTED],false,true,0,0,69159,
1428401280888,com.google.android.location.geocode.GeocodeService,com.google.process.location,10007,17755,99993124,[],false,true,1,1,45088952,
1428401280888,com.google.android.gms.gcm.GcmService,com.google.process.gapps,10007,17792,17965599,[STARTED],false,true,0,0,45086001,
1428401341077,com.android.bluetooth.hid.HidService,com.android.bluetooth,1002,0,41148,[],false,true,1,1,41157,
1428401341077,com.android.exchange.service.EasService,com.google.android.gm.exchange,10157,2752,54256,[STARTED],false,true,1,1,45109019,
1428401341077,com.google.android.music.dial.DialMediaRouteProviderService,com.google.android.music:main,10058,0,21711939,[],false,true,0,0,10495967,
1428401341077,ch.unige.css.services.PingService,ch.unige.ping,10074,1449,100476546,[STARTED],false,true,0,0,45266491,
1428401341077,com.android.systemui.keyguard.KeyguardService,com.android.systemui,10012,906,42358,[PERSISTENT],false,false,1,1,42367,
1428401341077,ch.unige.css.services.main.CssRegistryService,ch.unige.ping:background,10074,13902,17964876,[STARTED],false,true,0,0,6748905,
1428401341077,com.whatsapp.messaging.MessageService,com.whatsapp,10159,26619,68313,[STARTED],false,true,1,1,45085600,
1428401341077,ccc71.at.services.at_service,ccc71.bmw.pro:services,10110,4012,69150,[STARTED],false,true,0,0,69159,
1428401341077,com.google.android.location.geocode.GeocodeService,com.google.process.location,10007,17755,99993124,[],false,true,1,1,45088952,
1428401341077,com.google.android.gms.gcm.GcmService,com.google.process.gapps,10007,17792,17965599,[STARTED],false,true,0,0,45086001,
1428401401210,com.android.bluetooth.hid.HidService,com.android.bluetooth,1002,0,41148,[],false,true,1,1,41157,
1428401401210,com.android.exchange.service.EasService,com.google.android.gm.exchange,10157,2752,54256,[STARTED],false,true,1,1,45109019,
1428401401210,com.google.android.music.dial.DialMediaRouteProviderService,com.google.android.music:main,10058,0,21711939,[],false,true,0,0,10495967,
1428401401210,ch.unige.css.services.PingService,ch.unige.ping,10074,1449,100536677,[STARTED],false,true,0,0,45288647,
1428401401210,com.android.systemui.keyguard.KeyguardService,com.android.systemui,10012,906,42358,[PERSISTENT],false,false,1,1,42367,
1428401401210,ch.unige.css.services.main.CssRegistryService,ch.unige.ping:background,10074,13902,17964876,[STARTED],false,true,0,0,6748905,
1428401401210,com.whatsapp.messaging.MessageService,com.whatsapp,10159,26619,68313,[STARTED],false,true,1,1,45085600,
1428401401210,ccc71.at.services.at_service,ccc71.bmw.pro:services,10110,4012,69150,[STARTED],false,true,0,0,69159,
1428401401210,com.google.android.location.geocode.GeocodeService,com.google.process.location,10007,17755,99993124,[],false,true,1,1,45088952,
1428401401210,com.google.android.gms.gcm.GcmService,com.google.process.gapps,10007,17792,17965599,[STARTED],false,true,0,0,45086001,
1428401461475,com.android.bluetooth.hid.HidService,com.android.bluetooth,1002,0,41148,[],false,true,1,1,41157,
1428401461475,com.android.exchange.service.EasService,com.google.android.gm.exchange,10157,2752,54256,[STARTED],false,true,1,1,45109019,
1428401461475,com.google.android.music.dial.DialMediaRouteProviderService,com.google.android.music:main,10058,0,21711939,[],false,true,0,0,10495967,
1428401461475,ch.unige.css.services.PingService,ch.unige.ping,10074,1449,100596925,[STARTED],false,true,0,0,45310783,
1428401461475,com.android.systemui.keyguard.KeyguardService,com.android.systemui,10012,906,42358,[PERSISTENT],false,false,1,1,42367,
1428401461475,ch.unige.css.services.main.CssRegistryService,ch.unige.ping:background,10074,13902,17964876,[STARTED],false,true,0,0,6748905,
1428401461475,com.whatsapp.messaging.MessageService,com.whatsapp,10159,26619,68313,[STARTED],false,true,1,1,45085600,
1428401461475,ccc71.at.services.at_service,ccc71.bmw.pro:services,10110,4012,69150,[STARTED],false,true,0,0,69159,
1428401461475,com.google.android.location.geocode.GeocodeService,com.google.process.location,10007,17755,99993124,[],false,true,1,1,45088952,
1428401461475,com.google.android.gms.gcm.GcmService,com.google.process.gapps,10007,17792,17965599,[STARTED],false,true,0,0,45086001,
1428401521492,com.android.bluetooth.hid.HidService,com.android.bluetooth,1002,0,41148,[],false,true,1,1,41157,
1428401521492,com.android.exchange.service.EasService,com.google.android.gm.exchange,10157,2752,54256,[STARTED],false,true,1,1,45109019,
1428401521492,com.google.android.music.dial.DialMediaRouteProviderService,com.google.android.music:main,10058,0,21711939,[],false,true,0,0,10495967,
1428401521492,ch.unige.css.services.PingService,ch.unige.ping,10074,1449,100656950,[STARTED],false,true,0,0,45332622,
1428401521492,com.android.systemui.keyguard.KeyguardService,com.android.systemui,10012,906,42358,[PERSISTENT],false,false,1,1,42367,
1428401521492,ch.unige.css.services.main.CssRegistryService,ch.unige.ping:background,10074,13902,17964876,[STARTED],false,true,0,0,6748905,
1428401521492,com.whatsapp.messaging.MessageService,com.whatsapp,10159,26619,68313,[STARTED],false,true,1,1,45085600,
1428401521492,ccc71.at.services.at_service,ccc71.bmw.pro:services,10110,4012,69150,[STARTED],false,true,0,0,69159,
1428401521492,com.google.android.location.geocode.GeocodeService,com.google.process.location,10007,17755,99993124,[],false,true,1,1,45088952,
1428401521492,com.google.android.gms.gcm.GcmService,com.google.process.gapps,10007,17792,17965599,[STARTED],false,true,0,0,45086001,
1428401615479,com.android.bluetooth.hid.HidService,com.android.bluetooth,1002,0,41148,[],false,true,1,1,41157,
1428401615479,com.android.exchange.service.EasService,com.google.android.gm.exchange,10157,2752,54256,[STARTED],false,true,1,1,45109019,
1428401615479,com.google.android.music.dial.DialMediaRouteProviderService,com.google.android.music:main,10058,0,21711939,[],false,true,0,0,10495967,
1428401615479,ch.unige.css.services.PingService,ch.unige.ping,10074,1449,100750937,[STARTED],false,true,0,0,45355275,
1428401615479,com.android.systemui.keyguard.KeyguardService,com.android.systemui,10012,906,42358,[PERSISTENT],false,false,1,1,42367,
1428401615479,ch.unige.css.services.main.CssRegistryService,ch.unige.ping:background,10074,13902,17964876,[STARTED],false,true,0,0,6748905,
1428401615479,com.whatsapp.messaging.MessageService,com.whatsapp,10159,26619,68313,[STARTED],false,true,1,1,45085600,
1428401615479,ccc71.at.services.at_service,ccc71.bmw.pro:services,10110,4012,69150,[STARTED],false,true,0,0,69159,
1428401615479,com.google.android.location.geocode.GeocodeService,com.google.process.location,10007,17755,99993124,[],false,true,1,1,45088952,
1428401615479,com.google.android.gms.gcm.GcmService,com.google.process.gapps,10007,17792,17965599,[STARTED],false,true,0,0,45086001,
1428401707467,com.android.bluetooth.hid.HidService,com.android.bluetooth,1002,0,41148,[],false,true,1,1,41157,
1428401707467,com.android.exchange.service.EasService,com.google.android.gm.exchange,10157,2752,54256,[STARTED],false,true,1,1,45109019,
1428401707467,com.google.android.music.dial.DialMediaRouteProviderService,com.google.android.music:main,10058,0,21711939,[],false,true,0,0,10495967,
1428401707467,ch.unige.css.services.PingService,ch.unige.ping,10074,1449,100842910,[STARTED],false,true,0,0,45379628,
1428401707467,com.android.systemui.keyguard.KeyguardService,com.android.systemui,10012,906,42358,[PERSISTENT],false,false,1,1,42367,
1428401707467,ch.unige.css.services.main.CssRegistryService,ch.unige.ping:background,10074,13902,17964876,[STARTED],false,true,0,0,6748905,
1428401707467,com.whatsapp.messaging.MessageService,com.whatsapp,10159,26619,68313,[STARTED],false,true,1,1,45085600,
1428401707467,ccc71.at.services.at_service,ccc71.bmw.pro:services,10110,4012,69150,[STARTED],false,true,0,0,69159,
1428401707467,com.google.android.location.geocode.GeocodeService,com.google.process.location,10007,17755,99993124,[],false,true,1,1,45088952,
1428401707467,com.google.android.gms.gcm.GcmService,com.google.process.gapps,10007,17792,17965599,[STARTED],false,true,0,0,45086001,
1428401784444,com.android.bluetooth.hid.HidService,com.android.bluetooth,1002,0,41148,[],false,true,1,1,41157,
1428401784444,com.android.exchange.service.EasService,com.google.android.gm.exchange,10157,2752,54256,[STARTED],false,true,1,1,45109019,
1428401784444,com.google.android.music.dial.DialMediaRouteProviderService,com.google.android.music:main,10058,0,21711939,[],false,true,0,0,10495967,
1428401784444,ch.unige.css.services.PingService,ch.unige.ping,10074,1449,100919911,[STARTED],false,true,0,0,45402046,
1428401784444,com.android.systemui.keyguard.KeyguardService,com.android.systemui,10012,906,42358,[PERSISTENT],false,false,1,1,42367,
1428401784444,ch.unige.css.services.main.CssRegistryService,ch.unige.ping:background,10074,13902,17964876,[STARTED],false,true,0,0,6748905,
1428401784444,com.whatsapp.messaging.MessageService,com.whatsapp,10159,26619,68313,[STARTED],false,true,1,1,45085600,
1428401784444,ccc71.at.services.at_service,ccc71.bmw.pro:services,10110,4012,69150,[STARTED],false,true,0,0,69159,
1428401784444,com.google.android.location.geocode.GeocodeService,com.google.process.location,10007,17755,99993124,[],false,true,1,1,45088952,
1428401784444,com.google.android.gms.gcm.GcmService,com.google.process.gapps,10007,17792,17965599,[STARTED],false,true,0,0,45086001,
1428401844470,com.android.bluetooth.hid.HidService,com.android.bluetooth,1002,0,41148,[],false,true,1,1,41157,
1428401844470,com.android.exchange.service.EasService,com.google.android.gm.exchange,10157,2752,54256,[STARTED],false,true,1,1,45109019,
1428401844470,com.google.android.music.dial.DialMediaRouteProviderService,com.google.android.music:main,10058,0,21711939,[],false,true,0,0,10495967,
1428401844470,ch.unige.css.services.PingService,ch.unige.ping,10074,1449,100979924,[STARTED],false,true,0,0,45429812,
1428401844470,com.android.systemui.keyguard.KeyguardService,com.android.systemui,10012,906,42358,[PERSISTENT],false,false,1,1,42367,
1428401844470,ch.unige.css.services.main.CssRegistryService,ch.unige.ping:background,10074,13902,17964876,[STARTED],false,true,0,0,6748905,
1428401844470,com.whatsapp.messaging.MessageService,com.whatsapp,10159,26619,68313,[STARTED],false,true,1,1,45085600,
1428401844470,ccc71.at.services.at_service,ccc71.bmw.pro:services,10110,4012,69150,[STARTED],false,true,0,0,69159,
1428401844470,com.google.android.location.geocode.GeocodeService,com.google.process.location,10007,17755,99993124,[],false,true,1,1,45088952,
1428401844470,com.google.android.gms.gcm.GcmService,com.google.process.gapps,10007,17792,17965599,[STARTED],false,true,0,0,45086001,
1428401947948,com.android.bluetooth.hid.HidService,com.android.bluetooth,1002,0,41148,[],false,true,1,1,41157,
1428401947948,com.android.exchange.service.EasService,com.google.android.gm.exchange,10157,2752,54256,[STARTED],false,true,1,1,45109019,
1428401947948,com.google.android.music.dial.DialMediaRouteProviderService,com.google.android.music:main,10058,0,21711939,[],false,true,0,0,10495967,
1428401947948,ch.unige.css.services.PingService,ch.unige.ping,10074,1449,101083307,[STARTED],false,true,0,0,45451808,
1428401947948,ch.unige.css.services.UserActivityService,ch.unige.ping,10074,1449,101083433,[STARTED],false,true,0,0,45451935,
1428401947948,com.android.systemui.keyguard.KeyguardService,com.android.systemui,10012,906,42358,[PERSISTENT],false,false,1,1,42367,
1428401947948,ch.unige.css.services.main.CssRegistryService,ch.unige.ping:background,10074,13902,17964876,[STARTED],false,true,0,0,6748905,
1428401947948,com.whatsapp.messaging.MessageService,com.whatsapp,10159,26619,68313,[STARTED],false,true,1,1,45085600,
1428401947948,ccc71.at.services.at_service,ccc71.bmw.pro:services,10110,4012,69150,[STARTED],false,true,0,0,69159,
1428401947948,com.google.android.location.geocode.GeocodeService,com.google.process.location,10007,17755,99993124,[],false,true,1,1,45088952,
1428402040634,com.android.bluetooth.hid.HidService,com.android.bluetooth,1002,0,41148,[],false,true,1,1,41157,
1428402040634,com.android.exchange.service.EasService,com.google.android.gm.exchange,10157,2752,54256,[STARTED],false,true,1,1,45109019,
1428402040634,com.google.android.music.dial.DialMediaRouteProviderService,com.google.android.music:main,10058,0,21711939,[],false,true,0,0,10495967,
1428402040634,ch.unige.css.services.PingService,ch.unige.ping,10074,1449,101176099,[STARTED],false,true,0,0,45473447,
1428402040634,com.android.systemui.keyguard.KeyguardService,com.android.systemui,10012,906,42358,[PERSISTENT],false,false,1,1,42367,
1428402040634,ch.unige.css.services.main.CssRegistryService,ch.unige.ping:background,10074,13902,17964876,[STARTED],false,true,0,0,6748905,
1428402040634,com.whatsapp.messaging.MessageService,com.whatsapp,10159,26619,68313,[STARTED],false,true,1,1,45085600,
1428402040634,ccc71.at.services.at_service,ccc71.bmw.pro:services,10110,4012,69150,[STARTED],false,true,0,0,69159,
1428402040634,com.google.android.location.geocode.GeocodeService,com.google.process.location,10007,17755,99993124,[],false,true,1,1,45088952,
1428402040634,com.google.android.gms.gcm.GcmService,com.google.process.gapps,10007,17792,17965599,[STARTED],false,true,0,0,45086001,
1428402123637,com.android.bluetooth.hid.HidService,com.android.bluetooth,1002,0,41148,[],false,true,1,1,41157,
1428402123637,com.android.exchange.service.EasService,com.google.android.gm.exchange,10157,2752,54256,[STARTED],false,true,1,1,45109019,
1428402123637,com.google.android.music.dial.DialMediaRouteProviderService,com.google.android.music:main,10058,0,21711939,[],false,true,0,0,10495967,
1428402123637,ch.unige.css.services.PingService,ch.unige.ping,10074,1449,101259096,[STARTED],false,true,0,0,45496494,
1428402123637,com.android.systemui.keyguard.KeyguardService,com.android.systemui,10012,906,42358,[PERSISTENT],false,false,1,1,42367,
1428402123637,ch.unige.css.services.main.CssRegistryService,ch.unige.ping:background,10074,13902,17964876,[STARTED],false,true,0,0,6748905,
1428402123637,com.whatsapp.messaging.MessageService,com.whatsapp,10159,26619,68313,[STARTED],false,true,1,1,45085600,
1428402123637,ccc71.at.services.at_service,ccc71.bmw.pro:services,10110,4012,69150,[STARTED],false,true,0,0,69159,
1428402123637,com.google.android.location.geocode.GeocodeService,com.google.process.location,10007,17755,99993124,[],false,true,1,1,45088952,
1428402123637,com.google.android.gms.gcm.GcmService,com.google.process.gapps,10007,17792,17965599,[STARTED],false,true,0,0,45086001,
1428402187900,com.android.bluetooth.hid.HidService,com.android.bluetooth,1002,0,41148,[],false,true,1,1,41157,
1428402187900,com.android.exchange.service.EasService,com.google.android.gm.exchange,10157,2752,54256,[STARTED],false,true,1,1,45109019,
1428402187900,com.google.android.music.dial.DialMediaRouteProviderService,com.google.android.music:main,10058,0,21711939,[],false,true,0,0,10495967,
1428402187900,ch.unige.css.services.PingService,ch.unige.ping,10074,1449,101323361,[STARTED],false,true,0,0,45517328,
1428402187900,com.android.systemui.keyguard.KeyguardService,com.android.systemui,10012,906,42358,[PERSISTENT],false,false,1,1,42367,
1428402187900,ch.unige.css.services.main.CssRegistryService,ch.unige.ping:background,10074,13902,17964876,[STARTED],false,true,0,0,6748905,
1428402187900,com.whatsapp.messaging.MessageService,com.whatsapp,10159,26619,68313,[STARTED],false,true,1,1,45085600,
1428402187900,ccc71.at.services.at_service,ccc71.bmw.pro:services,10110,4012,69150,[STARTED],false,true,0,0,69159,
1428402187900,com.google.android.location.geocode.GeocodeService,com.google.process.location,10007,17755,99993124,[],false,true,1,1,45088952,
1428402187900,com.google.android.gms.gcm.GcmService,com.google.process.gapps,10007,17792,17965599,[STARTED],false,true,0,0,45086001,
1428402247932,com.android.bluetooth.hid.HidService,com.android.bluetooth,1002,0,41148,[],false,true,1,1,41157,
1428402247932,com.android.exchange.service.EasService,com.google.android.gm.exchange,10157,2752,54256,[STARTED],false,true,1,1,45109019,
1428402247932,com.google.android.music.dial.DialMediaRouteProviderService,com.google.android.music:main,10058,0,21711939,[],false,true,0,0,10495967,
1428402247932,ch.unige.css.services.PingService,ch.unige.ping,10074,1449,101383400,[STARTED],false,true,0,0,45547039,
1428402247932,com.android.systemui.keyguard.KeyguardService,com.android.systemui,10012,906,42358,[PERSISTENT],false,false,1,1,42367,
1428402247932,ch.unige.css.services.main.CssRegistryService,ch.unige.ping:background,10074,13902,17964876,[STARTED],false,true,0,0,6748905,
1428402247932,com.whatsapp.messaging.MessageService,com.whatsapp,10159,26619,68313,[STARTED],false,true,1,1,45085600,
1428402247932,ccc71.at.services.at_service,ccc71.bmw.pro:services,10110,4012,69150,[STARTED],false,true,0,0,69159,
1428402247932,com.google.android.location.geocode.GeocodeService,com.google.process.location,10007,17755,99993124,[],false,true,1,1,45088952,
1428402247932,com.google.android.gms.gcm.GcmService,com.google.process.gapps,10007,17792,17965599,[STARTED],false,true,0,0,45086001,
1428402307956,com.android.bluetooth.hid.HidService,com.android.bluetooth,1002,0,41148,[],false,true,1,1,41157,
1428402307956,com.android.exchange.service.EasService,com.google.android.gm.exchange,10157,2752,54256,[STARTED],false,true,1,1,45109019,
1428402307956,com.google.android.music.dial.DialMediaRouteProviderService,com.google.android.music:main,10058,0,21711939,[],false,true,0,0,10495967,
1428402307956,ch.unige.css.services.PingService,ch.unige.ping,10074,1449,101443427,[STARTED],false,true,0,0,45607065,
1428402307956,com.android.systemui.keyguard.KeyguardService,com.android.systemui,10012,906,42358,[PERSISTENT],false,false,1,1,42367,
1428402307956,ch.unige.css.services.main.CssRegistryService,ch.unige.ping:background,10074,13902,17964876,[STARTED],false,true,0,0,6748905,
1428402307956,com.whatsapp.messaging.MessageService,com.whatsapp,10159,26619,68313,[STARTED],false,true,1,1,45085600,
1428402307956,ccc71.at.services.at_service,ccc71.bmw.pro:services,10110,4012,69150,[STARTED],false,true,0,0,69159,
1428402307956,com.android.inputmethod.latin.spellcheck.AndroidSpellCheckerService,com.google.android.inputmethod.latin,10054,1125,101390042,[],false,true,1,1,45553680,
1428402307956,com.google.android.location.geocode.GeocodeService,com.google.process.location,10007,17755,99993124,[],false,true,1,1,45088952,
1428402371473,com.android.bluetooth.hid.HidService,com.android.bluetooth,1002,0,41148,[],false,true,1,1,41157,
1428402371473,com.android.exchange.service.EasService,com.google.android.gm.exchange,10157,2752,54256,[STARTED],false,true,1,1,45109019,
1428402371473,com.google.android.music.dial.DialMediaRouteProviderService,com.google.android.music:main,10058,0,21711939,[],false,true,0,0,10495967,
1428402371473,ch.unige.css.services.PingService,ch.unige.ping,10074,1449,101506926,[STARTED],false,true,0,0,45636748,
1428402371473,com.android.systemui.keyguard.KeyguardService,com.android.systemui,10012,906,42358,[PERSISTENT],false,false,1,1,42367,
1428402371473,ch.unige.css.services.main.CssRegistryService,ch.unige.ping:background,10074,13902,17964876,[STARTED],false,true,0,0,6748905,
1428402371473,com.whatsapp.messaging.MessageService,com.whatsapp,10159,26619,68313,[STARTED],false,true,1,1,45085600,
1428402371473,ccc71.at.services.at_service,ccc71.bmw.pro:services,10110,4012,69150,[STARTED],false,true,0,0,69159,
1428402371473,com.android.inputmethod.latin.spellcheck.AndroidSpellCheckerService,com.google.android.inputmethod.latin,10054,1125,101390042,[],false,true,1,1,45553680,
1428402371473,com.google.android.location.geocode.GeocodeService,com.google.process.location,10007,17755,99993124,[],false,true,1,1,45088952,
1428402431496,com.android.bluetooth.hid.HidService,com.android.bluetooth,1002,0,41148,[],false,true,1,1,41157,
1428402431496,com.android.exchange.service.EasService,com.google.android.gm.exchange,10157,2752,54256,[STARTED],false,true,1,1,45659571,
1428402431496,com.google.android.music.dial.DialMediaRouteProviderService,com.google.android.music:main,10058,0,21711939,[],false,true,0,0,10495967,
1428402431496,ch.unige.css.services.PingService,ch.unige.ping,10074,1449,101566960,[STARTED],false,true,0,0,45667796,
1428402431496,com.android.systemui.keyguard.KeyguardService,com.android.systemui,10012,906,42358,[PERSISTENT],false,false,1,1,42367,
1428402431496,ch.unige.css.services.main.CssRegistryService,ch.unige.ping:background,10074,13902,17964876,[STARTED],false,true,0,0,6748905,
1428402431496,com.whatsapp.messaging.MessageService,com.whatsapp,10159,26619,68313,[STARTED],false,true,1,1,45085600,
1428402431496,ccc71.at.services.at_service,ccc71.bmw.pro:services,10110,4012,69150,[STARTED],false,true,0,0,69159,
1428402431496,com.android.inputmethod.latin.spellcheck.AndroidSpellCheckerService,com.google.android.inputmethod.latin,10054,1125,101390042,[],false,true,1,1,45553680,
1428402431496,com.google.android.location.geocode.GeocodeService,com.google.process.location,10007,17755,99993124,[],false,true,1,1,45088952,
1428402491761,com.android.bluetooth.hid.HidService,com.android.bluetooth,1002,0,41148,[],false,true,1,1,41157,
1428402491761,com.android.exchange.service.EasService,com.google.android.gm.exchange,10157,2752,54256,[STARTED],false,true,1,1,45659571,
1428402491761,com.google.android.music.dial.DialMediaRouteProviderService,com.google.android.music:main,10058,0,21711939,[],false,true,0,0,10495967,
1428402491761,ch.unige.css.services.PingService,ch.unige.ping,10074,1449,101627221,[STARTED],false,true,0,0,45700669,
1428402491761,com.android.systemui.keyguard.KeyguardService,com.android.systemui,10012,906,42358,[PERSISTENT],false,false,1,1,42367,
1428402491761,ch.unige.css.services.main.CssRegistryService,ch.unige.ping:background,10074,13902,17964876,[STARTED],false,true,0,0,6748905,
1428402491761,com.whatsapp.messaging.MessageService,com.whatsapp,10159,26619,68313,[STARTED],false,true,1,1,45085600,
1428402491761,ccc71.at.services.at_service,ccc71.bmw.pro:services,10110,4012,69150,[STARTED],false,true,0,0,69159,
1428402491761,com.android.inputmethod.latin.spellcheck.AndroidSpellCheckerService,com.google.android.inputmethod.latin,10054,1125,101390042,[],false,true,1,1,45553680,
1428402491761,com.google.android.location.geocode.GeocodeService,com.google.process.location,10007,17755,101569373,[],false,true,1,1,45670209,
1428402553461,com.android.bluetooth.hid.HidService,com.android.bluetooth,1002,0,41148,[],false,true,1,1,41157,
1428402553461,com.android.exchange.service.EasService,com.google.android.gm.exchange,10157,2752,54256,[STARTED],false,true,1,1,45659571,
1428402553461,com.google.android.music.dial.DialMediaRouteProviderService,com.google.android.music:main,10058,0,21711939,[],false,true,0,0,10495967,
1428402553461,ch.unige.css.services.PingService,ch.unige.ping,10074,1449,101689025,[STARTED],false,true,0,0,45725535,
1428402553461,com.android.systemui.keyguard.KeyguardService,com.android.systemui,10012,906,42358,[PERSISTENT],false,false,1,1,42367,
1428402553461,ch.unige.css.services.main.CssRegistryService,ch.unige.ping:background,10074,13902,17964876,[STARTED],false,true,0,0,6748905,
1428402553461,com.whatsapp.messaging.MessageService,com.whatsapp,10159,26619,68313,[STARTED],false,true,1,1,45085600,
1428402553461,ccc71.at.services.at_service,ccc71.bmw.pro:services,10110,4012,69150,[STARTED],false,true,0,0,69159,
1428402553461,com.android.inputmethod.latin.spellcheck.AndroidSpellCheckerService,com.google.android.inputmethod.latin,10054,1125,101390042,[],false,true,1,1,45553680,
1428402553461,com.google.android.location.geocode.GeocodeService,com.google.process.location,10007,17755,101569373,[],false,true,1,1,45670209,
1428402614452,com.android.bluetooth.hid.HidService,com.android.bluetooth,1002,0,41148,[],false,true,1,1,41157,
1428402614452,com.android.exchange.service.EasService,com.google.android.gm.exchange,10157,2752,54256,[STARTED],false,true,1,1,45659571,
1428402614452,com.google.android.music.dial.DialMediaRouteProviderService,com.google.android.music:main,10058,0,21711939,[],false,true,0,0,10495967,
1428402614452,ch.unige.css.services.PingService,ch.unige.ping,10074,1449,101750020,[STARTED],false,true,0,0,45748226,
1428402614452,com.android.systemui.keyguard.KeyguardService,com.android.systemui,10012,906,42358,[PERSISTENT],false,false,1,1,42367,
1428402614452,ch.unige.css.services.main.CssRegistryService,ch.unige.ping:background,10074,13902,17964876,[STARTED],false,true,0,0,6748905,
1428402614452,com.whatsapp.messaging.MessageService,com.whatsapp,10159,26619,68313,[STARTED],false,true,1,1,45085600,
1428402614452,ccc71.at.services.at_service,ccc71.bmw.pro:services,10110,4012,69150,[STARTED],false,true,0,0,69159,
1428402614452,com.android.inputmethod.latin.spellcheck.AndroidSpellCheckerService,com.google.android.inputmethod.latin,10054,1125,101390042,[],false,true,1,1,45553680,
1428402614452,com.google.android.location.geocode.GeocodeService,com.google.process.location,10007,17755,101569373,[],false,true,1,1,45670209,
1428402675468,com.android.bluetooth.hid.HidService,com.android.bluetooth,1002,0,41148,[],false,true,1,1,41157,
1428402675468,com.android.exchange.service.EasService,com.google.android.gm.exchange,10157,2752,54256,[STARTED],false,true,1,1,45659571,
1428402675468,com.google.android.music.dial.DialMediaRouteProviderService,com.google.android.music:main,10058,0,21711939,[],false,true,0,0,10495967,
1428402675468,ch.unige.css.services.PingService,ch.unige.ping,10074,1449,101811022,[STARTED],false,true,0,0,45772222,
1428402675468,com.android.systemui.keyguard.KeyguardService,com.android.systemui,10012,906,42358,[PERSISTENT],false,false,1,1,42367,
1428402675468,ch.unige.css.services.main.CssRegistryService,ch.unige.ping:background,10074,13902,17964876,[STARTED],false,true,0,0,6748905,
1428402675468,com.whatsapp.messaging.MessageService,com.whatsapp,10159,26619,68313,[STARTED],false,true,1,1,45085600,
1428402675468,ccc71.at.services.at_service,ccc71.bmw.pro:services,10110,4012,69150,[STARTED],false,true,0,0,69159,
1428402675468,com.android.inputmethod.latin.spellcheck.AndroidSpellCheckerService,com.google.android.inputmethod.latin,10054,1125,101390042,[],false,true,1,1,45553680,
1428402675468,com.google.android.location.geocode.GeocodeService,com.google.process.location,10007,17755,101569373,[],false,true,1,1,45670209,
1428402755484,com.android.bluetooth.hid.HidService,com.android.bluetooth,1002,0,41148,[],false,true,1,1,41157,
1428402755484,com.android.exchange.service.EasService,com.google.android.gm.exchange,10157,2752,54256,[STARTED],false,true,1,1,45659571,
1428402755484,com.google.android.music.dial.DialMediaRouteProviderService,com.google.android.music:main,10058,0,21711939,[],false,true,0,0,10495967,
1428402755484,ch.unige.css.services.PingService,ch.unige.ping,10074,1449,101891043,[STARTED],false,true,0,0,45800003,
1428402755484,com.android.systemui.keyguard.KeyguardService,com.android.systemui,10012,906,42358,[PERSISTENT],false,false,1,1,42367,
1428402755484,ch.unige.css.services.main.CssRegistryService,ch.unige.ping:background,10074,13902,17964876,[STARTED],false,true,0,0,6748905,
1428402755484,com.whatsapp.messaging.MessageService,com.whatsapp,10159,26619,68313,[STARTED],false,true,1,1,45085600,
1428402755484,ccc71.at.services.at_service,ccc71.bmw.pro:services,10110,4012,69150,[STARTED],false,true,0,0,69159,
1428402755484,com.android.inputmethod.latin.spellcheck.AndroidSpellCheckerService,com.google.android.inputmethod.latin,10054,1125,101390042,[],false,true,1,1,45553680,
1428402755484,com.google.android.location.geocode.GeocodeService,com.google.process.location,10007,17755,101569373,[],false,true,1,1,45670209,
1428402815487,com.android.bluetooth.hid.HidService,com.android.bluetooth,1002,0,41148,[],false,true,1,1,41157,
1428402815487,com.android.exchange.service.EasService,com.google.android.gm.exchange,10157,2752,54256,[STARTED],false,true,1,1,45659571,
1428402815487,com.google.android.music.dial.DialMediaRouteProviderService,com.google.android.music:main,10058,0,21711939,[],false,true,0,0,10495967,
1428402815487,ch.unige.css.services.PingService,ch.unige.ping,10074,1449,101951067,[STARTED],false,true,0,0,45821490,
1428402815487,com.android.systemui.keyguard.KeyguardService,com.android.systemui,10012,906,42358,[PERSISTENT],false,false,1,1,42367,
1428402815487,ch.unige.css.services.main.CssRegistryService,ch.unige.ping:background,10074,13902,17964876,[STARTED],false,true,0,0,6748905,
1428402815487,com.whatsapp.messaging.MessageService,com.whatsapp,10159,26619,68313,[STARTED],false,true,1,1,45085600,
1428402815487,ccc71.at.services.at_service,ccc71.bmw.pro:services,10110,4012,69150,[STARTED],false,true,0,0,69159,
1428402815487,com.android.inputmethod.latin.spellcheck.AndroidSpellCheckerService,com.google.android.inputmethod.latin,10054,1125,101390042,[],false,true,1,1,45553680,
1428402815487,com.google.android.location.geocode.GeocodeService,com.google.process.location,10007,17755,101569373,[],false,true,1,1,45670209,
1428402909510,com.android.bluetooth.hid.HidService,com.android.bluetooth,1002,0,41148,[],false,true,1,1,41157,
1428402909510,com.android.exchange.service.EasService,com.google.android.gm.exchange,10157,2752,54256,[STARTED],false,true,1,1,45659571,
1428402909510,com.google.android.music.dial.DialMediaRouteProviderService,com.google.android.music:main,10058,0,21711939,[],false,true,0,0,10495967,
1428402909510,ch.unige.css.services.PingService,ch.unige.ping,10074,1449,102045077,[STARTED],false,true,0,0,45842245,
1428402909510,com.android.systemui.keyguard.KeyguardService,com.android.systemui,10012,906,42358,[PERSISTENT],false,false,1,1,42367,
1428402909510,ch.unige.css.services.main.CssRegistryService,ch.unige.ping:background,10074,13902,17964876,[STARTED],false,true,0,0,6748905,
1428402909510,com.whatsapp.messaging.MessageService,com.whatsapp,10159,26619,68313,[STARTED],false,true,1,1,45085600,
1428402909510,ccc71.at.services.at_service,ccc71.bmw.pro:services,10110,4012,69150,[STARTED],false,true,0,0,69159,
1428402909510,com.android.inputmethod.latin.spellcheck.AndroidSpellCheckerService,com.google.android.inputmethod.latin,10054,1125,101390042,[],false,true,1,1,45553680,
1428402909510,com.google.android.location.geocode.GeocodeService,com.google.process.location,10007,17755,101569373,[],false,true,1,1,45670209,
1428402969504,com.android.bluetooth.hid.HidService,com.android.bluetooth,1002,0,41148,[],false,true,1,1,41157,
1428402969504,com.android.exchange.service.EasService,com.google.android.gm.exchange,10157,2752,54256,[STARTED],false,true,1,1,45659571,
1428402969504,com.google.android.music.dial.DialMediaRouteProviderService,com.google.android.music:main,10058,0,21711939,[],false,true,0,0,10495967,
1428402969504,ch.unige.css.services.PingService,ch.unige.ping,10074,1449,102105087,[STARTED],false,true,0,0,45868197,
1428402969504,com.android.systemui.keyguard.KeyguardService,com.android.systemui,10012,906,42358,[PERSISTENT],false,false,1,1,42367,
1428402969504,ch.unige.css.services.main.CssRegistryService,ch.unige.ping:background,10074,13902,17964876,[STARTED],false,true,0,0,6748905,
1428402969504,com.whatsapp.messaging.MessageService,com.whatsapp,10159,26619,68313,[STARTED],false,true,1,1,45085600,
1428402969504,ccc71.at.services.at_service,ccc71.bmw.pro:services,10110,4012,69150,[STARTED],false,true,0,0,69159,
1428402969504,com.android.inputmethod.latin.spellcheck.AndroidSpellCheckerService,com.google.android.inputmethod.latin,10054,1125,101390042,[],false,true,1,1,45553680,
1428402969504,com.google.android.location.geocode.GeocodeService,com.google.process.location,10007,17755,101569373,[],false,true,1,1,45670209,
1428403029576,com.android.bluetooth.hid.HidService,com.android.bluetooth,1002,0,41148,[],false,true,1,1,41157,
1428403029576,com.android.exchange.service.EasService,com.google.android.gm.exchange,10157,2752,54256,[STARTED],false,true,1,1,45659571,
1428403029576,com.google.android.music.dial.DialMediaRouteProviderService,com.google.android.music:main,10058,0,21711939,[],false,true,0,0,10495967,
1428403029576,ch.unige.css.services.PingService,ch.unige.ping,10074,1449,102165143,[STARTED],false,true,0,0,45894632,
1428403029576,com.android.systemui.keyguard.KeyguardService,com.android.systemui,10012,906,42358,[PERSISTENT],false,false,1,1,42367,
1428403029576,ch.unige.css.services.main.CssRegistryService,ch.unige.ping:background,10074,13902,17964876,[STARTED],false,true,0,0,6748905,
1428403029576,com.whatsapp.messaging.MessageService,com.whatsapp,10159,26619,68313,[STARTED],false,true,1,1,45085600,
1428403029576,ccc71.at.services.at_service,ccc71.bmw.pro:services,10110,4012,69150,[STARTED],false,true,0,0,69159,
1428403029576,com.android.inputmethod.latin.spellcheck.AndroidSpellCheckerService,com.google.android.inputmethod.latin,10054,1125,101390042,[],false,true,1,1,45553680,
1428403029576,com.google.android.location.geocode.GeocodeService,com.google.process.location,10007,17755,101569373,[],false,true,1,1,45670209,
1428403089651,com.android.bluetooth.hid.HidService,com.android.bluetooth,1002,0,41148,[],false,true,1,1,41157,
1428403089651,com.android.exchange.service.EasService,com.google.android.gm.exchange,10157,2752,54256,[STARTED],false,true,1,1,45659571,
1428403089651,com.google.android.music.dial.DialMediaRouteProviderService,com.google.android.music:main,10058,0,21711939,[],false,true,0,0,10495967,
1428403089651,ch.unige.css.services.PingService,ch.unige.ping,10074,1449,102225224,[STARTED],false,true,0,0,45921883,
1428403089651,com.android.systemui.keyguard.KeyguardService,com.android.systemui,10012,906,42358,[PERSISTENT],false,false,1,1,42367,
1428403089651,ch.unige.css.services.main.CssRegistryService,ch.unige.ping:background,10074,13902,17964876,[STARTED],false,true,0,0,6748905,
1428403089651,com.whatsapp.messaging.MessageService,com.whatsapp,10159,26619,68313,[STARTED],false,true,1,1,45085600,
1428403089651,ccc71.at.services.at_service,ccc71.bmw.pro:services,10110,4012,69150,[STARTED],false,true,0,0,69159,
1428403089651,com.android.inputmethod.latin.spellcheck.AndroidSpellCheckerService,com.google.android.inputmethod.latin,10054,1125,101390042,[],false,true,1,1,45553680,
1428403089651,com.google.android.location.geocode.GeocodeService,com.google.process.location,10007,17755,101569373,[],false,true,1,1,45670209,
1428403150437,com.android.bluetooth.hid.HidService,com.android.bluetooth,1002,0,41148,[],false,true,1,1,41157,
1428403150437,com.android.exchange.service.EasService,com.google.android.gm.exchange,10157,2752,54256,[STARTED],false,true,1,1,45659571,
1428403150437,com.google.android.music.dial.DialMediaRouteProviderService,com.google.android.music:main,10058,0,21711939,[],false,true,0,0,10495967,
1428403150437,ch.unige.css.services.PingService,ch.unige.ping,10074,1449,102285481,[STARTED],false,true,0,0,45956928,
1428403150437,com.android.systemui.keyguard.KeyguardService,com.android.systemui,10012,906,42358,[PERSISTENT],false,false,1,1,42367,
1428403150437,ch.unige.css.services.main.CssRegistryService,ch.unige.ping:background,10074,13902,17964876,[STARTED],false,true,0,0,6748905,
1428403150437,com.whatsapp.messaging.MessageService,com.whatsapp,10159,26619,68313,[STARTED],false,true,1,1,45085600,
1428403150437,ccc71.at.services.at_service,ccc71.bmw.pro:services,10110,4012,69150,[STARTED],false,true,0,0,69159,
1428403150437,com.android.inputmethod.latin.spellcheck.AndroidSpellCheckerService,com.google.android.inputmethod.latin,10054,1125,101390042,[],false,true,1,1,45553680,
1428403150437,com.google.android.location.geocode.GeocodeService,com.google.process.location,10007,17755,101569373,[],false,true,1,1,45670209,
1428403237578,com.android.bluetooth.hid.HidService,com.android.bluetooth,1002,0,41148,[],false,true,1,1,41157,
1428403237578,com.android.exchange.service.EasService,com.google.android.gm.exchange,10157,2752,54256,[STARTED],false,true,1,1,45659571,
1428403237578,com.google.android.music.dial.DialMediaRouteProviderService,com.google.android.music:main,10058,0,21711939,[],false,true,0,0,10495967,
1428403237578,ch.unige.css.services.PingService,ch.unige.ping,10074,1449,102372609,[STARTED],false,true,0,0,45980549,
1428403237578,com.android.systemui.keyguard.KeyguardService,com.android.systemui,10012,906,42358,[PERSISTENT],false,false,1,1,42367,
1428403237578,ch.unige.css.services.main.CssRegistryService,ch.unige.ping:background,10074,13902,17964876,[STARTED],false,true,0,0,6748905,
1428403237578,com.whatsapp.messaging.MessageService,com.whatsapp,10159,26619,68313,[STARTED],false,true,1,1,45085600,
1428403237578,ccc71.at.services.at_service,ccc71.bmw.pro:services,10110,4012,69150,[STARTED],false,true,0,0,69159,
1428403237578,com.android.inputmethod.latin.spellcheck.AndroidSpellCheckerService,com.google.android.inputmethod.latin,10054,1125,101390042,[],false,true,1,1,45553680,
1428403237578,com.google.android.location.geocode.GeocodeService,com.google.process.location,10007,17755,101569373,[],false,true,1,1,45670209,
1428403298539,com.android.bluetooth.hid.HidService,com.android.bluetooth,1002,0,41148,[],false,true,1,1,41157,
1428403298539,com.android.exchange.service.EasService,com.google.android.gm.exchange,10157,2752,54256,[STARTED],false,true,1,1,45659571,
1428403298539,com.google.android.music.dial.DialMediaRouteProviderService,com.google.android.music:main,10058,0,21711939,[],false,true,0,0,10495967,
1428403298539,ch.unige.css.services.PingService,ch.unige.ping,10074,1449,102433484,[STARTED],false,true,0,0,46007398,
1428403298539,com.android.systemui.keyguard.KeyguardService,com.android.systemui,10012,906,42358,[PERSISTENT],false,false,1,1,42367,
1428403298539,ch.unige.css.services.main.CssRegistryService,ch.unige.ping:background,10074,13902,17964876,[STARTED],false,true,0,0,6748905,
1428403298539,com.whatsapp.messaging.MessageService,com.whatsapp,10159,26619,68313,[STARTED],false,true,1,1,45085600,
1428403298539,ccc71.at.services.at_service,ccc71.bmw.pro:services,10110,4012,69150,[STARTED],false,true,0,0,69159,
1428403298539,com.android.inputmethod.latin.spellcheck.AndroidSpellCheckerService,com.google.android.inputmethod.latin,10054,1125,101390042,[],false,true,1,1,45553680,
1428403298539,com.google.android.location.geocode.GeocodeService,com.google.process.location,10007,17755,101569373,[],false,true,1,1,45670209,
1428403358509,com.android.bluetooth.hid.HidService,com.android.bluetooth,1002,0,41148,[],false,true,1,1,41157,
1428403358509,com.android.exchange.service.EasService,com.google.android.gm.exchange,10157,2752,54256,[STARTED],false,true,1,1,45659571,
1428403358509,com.google.android.music.dial.DialMediaRouteProviderService,com.google.android.music:main,10058,0,21711939,[],false,true,0,0,10495967,
1428403358509,ch.unige.css.services.PingService,ch.unige.ping,10074,1449,102493549,[STARTED],false,true,0,0,46030376,
1428403358509,com.android.systemui.keyguard.KeyguardService,com.android.systemui,10012,906,42358,[PERSISTENT],false,false,1,1,42367,
1428403358509,ch.unige.css.services.main.CssRegistryService,ch.unige.ping:background,10074,13902,17964876,[STARTED],false,true,0,0,6748905,
1428403358509,com.whatsapp.messaging.MessageService,com.whatsapp,10159,26619,68313,[STARTED],false,true,1,1,45085600,
1428403358509,ccc71.at.services.at_service,ccc71.bmw.pro:services,10110,4012,69150,[STARTED],false,true,0,0,69159,
1428403358509,com.android.inputmethod.latin.spellcheck.AndroidSpellCheckerService,com.google.android.inputmethod.latin,10054,1125,101390042,[],false,true,1,1,45553680,
1428403358509,com.google.android.location.geocode.GeocodeService,com.google.process.location,10007,17755,101569373,[],false,true,1,1,45670209,
1428403417974,com.android.bluetooth.hid.HidService,com.android.bluetooth,1002,0,41148,[],false,true,1,1,41157,
1428403417974,com.android.exchange.service.EasService,com.google.android.gm.exchange,10157,2752,54256,[STARTED],false,true,1,1,45659571,
1428403417974,com.google.android.music.dial.DialMediaRouteProviderService,com.google.android.music:main,10058,0,21711939,[],false,true,0,0,10495967,
1428403417974,ch.unige.css.services.PingService,ch.unige.ping,10074,1449,102553558,[STARTED],false,true,0,0,46090025,
1428403417974,com.android.systemui.keyguard.KeyguardService,com.android.systemui,10012,906,42358,[PERSISTENT],false,false,1,1,42367,
1428403417974,ch.unige.css.services.main.CssRegistryService,ch.unige.ping:background,10074,13902,17964876,[STARTED],false,true,0,0,6748905,
1428403417974,com.whatsapp.messaging.MessageService,com.whatsapp,10159,26619,68313,[STARTED],false,true,1,1,45085600,
1428403417974,ccc71.at.services.at_service,ccc71.bmw.pro:services,10110,4012,69150,[STARTED],false,true,0,0,69159,
1428403417974,com.android.inputmethod.latin.spellcheck.AndroidSpellCheckerService,com.google.android.inputmethod.latin,10054,1125,101390042,[],false,true,1,1,45553680,
1428403417974,com.google.android.location.geocode.GeocodeService,com.google.process.location,10007,17755,101569373,[],false,true,1,1,45670209,
1428403478058,com.android.bluetooth.hid.HidService,com.android.bluetooth,1002,0,41148,[],false,true,1,1,41157,
1428403478058,com.android.exchange.service.EasService,com.google.android.gm.exchange,10157,2752,54256,[STARTED],false,true,1,1,45659571,
1428403478058,com.google.android.music.dial.DialMediaRouteProviderService,com.google.android.music:main,10058,0,21711939,[],false,true,0,0,10495967,
1428403478058,ch.unige.css.services.PingService,ch.unige.ping,10074,1449,102613616,[STARTED],false,true,0,0,46148834,
1428403478058,com.android.systemui.keyguard.KeyguardService,com.android.systemui,10012,906,42358,[PERSISTENT],false,false,1,1,42367,
1428403478058,ch.unige.css.services.main.CssRegistryService,ch.unige.ping:background,10074,13902,17964876,[STARTED],false,true,0,0,6748905,
1428403478058,com.whatsapp.messaging.MessageService,com.whatsapp,10159,26619,68313,[STARTED],false,true,1,1,45085600,
1428403478058,ccc71.at.services.at_service,ccc71.bmw.pro:services,10110,4012,69150,[STARTED],false,true,0,0,69159,
1428403478058,com.android.inputmethod.latin.spellcheck.AndroidSpellCheckerService,com.google.android.inputmethod.latin,10054,1125,101390042,[],false,true,1,1,45553680,
1428403478058,com.google.android.location.geocode.GeocodeService,com.google.process.location,10007,17755,101569373,[],false,true,1,1,45670209,
1428403538435,com.android.bluetooth.hid.HidService,com.android.bluetooth,1002,0,41148,[],false,true,1,1,41157,
1428403538435,com.android.exchange.service.EasService,com.google.android.gm.exchange,10157,2752,54256,[STARTED],false,true,1,1,45659571,
1428403538435,com.google.android.music.dial.DialMediaRouteProviderService,com.google.android.music:main,10058,0,21711939,[],false,true,0,0,10495967,
1428403538435,ch.unige.css.services.PingService,ch.unige.ping,10074,1449,102674022,[STARTED],false,true,0,0,46174593,
1428403538435,com.android.systemui.keyguard.KeyguardService,com.android.systemui,10012,906,42358,[PERSISTENT],false,false,1,1,42367,
1428403538435,ch.unige.css.services.main.CssRegistryService,ch.unige.ping:background,10074,13902,17964876,[STARTED],false,true,0,0,6748905,
1428403538435,com.whatsapp.messaging.MessageService,com.whatsapp,10159,26619,68313,[STARTED],false,true,1,1,45085600,
1428403538435,ccc71.at.services.at_service,ccc71.bmw.pro:services,10110,4012,69150,[STARTED],false,true,0,0,69159,
1428403538435,com.android.inputmethod.latin.spellcheck.AndroidSpellCheckerService,com.google.android.inputmethod.latin,10054,1125,101390042,[],false,true,1,1,45553680,
1428403538435,com.google.android.location.geocode.GeocodeService,com.google.process.location,10007,17755,101569373,[],false,true,1,1,45670209,
1428403599016,com.android.bluetooth.hid.HidService,com.android.bluetooth,1002,0,41148,[],false,true,1,1,41157,
1428403599016,com.android.exchange.service.EasService,com.google.android.gm.exchange,10157,2752,54256,[STARTED],false,true,1,1,45659571,
1428403599016,com.google.android.music.dial.DialMediaRouteProviderService,com.google.android.music:main,10058,0,21711939,[],false,true,0,0,10495967,
1428403599016,ch.unige.css.services.PingService,ch.unige.ping,10074,1449,102734072,[STARTED],false,true,0,0,46198742,
1428403599016,com.android.systemui.keyguard.KeyguardService,com.android.systemui,10012,906,42358,[PERSISTENT],false,false,1,1,42367,
1428403599016,ch.unige.css.services.main.CssRegistryService,ch.unige.ping:background,10074,13902,17964876,[STARTED],false,true,0,0,6748905,
1428403599016,com.whatsapp.messaging.MessageService,com.whatsapp,10159,26619,68313,[STARTED],false,true,1,1,45085600,
1428403599016,ccc71.at.services.at_service,ccc71.bmw.pro:services,10110,4012,69150,[STARTED],false,true,0,0,69159,
1428403599016,com.android.inputmethod.latin.spellcheck.AndroidSpellCheckerService,com.google.android.inputmethod.latin,10054,1125,101390042,[],false,true,1,1,45553680,
1428403599016,com.google.android.location.geocode.GeocodeService,com.google.process.location,10007,17755,101569373,[],false,true,1,1,45670209,
1428403659460,com.android.bluetooth.hid.HidService,com.android.bluetooth,1002,0,41148,[],false,true,1,1,41157,
1428403659460,com.android.exchange.service.EasService,com.google.android.gm.exchange,10157,2752,54256,[STARTED],false,true,1,1,45659571,
1428403659460,com.google.android.music.dial.DialMediaRouteProviderService,com.google.android.music:main,10058,0,21711939,[],false,true,0,0,10495967,
1428403659460,ch.unige.css.services.PingService,ch.unige.ping,10074,1449,102794509,[STARTED],false,true,0,0,46242320,
1428403659460,com.android.systemui.keyguard.KeyguardService,com.android.systemui,10012,906,42358,[PERSISTENT],false,false,1,1,42367,
1428403659460,ch.unige.css.services.main.CssRegistryService,ch.unige.ping:background,10074,13902,17964876,[STARTED],false,true,0,0,6748905,
1428403659460,com.whatsapp.messaging.MessageService,com.whatsapp,10159,26619,68313,[STARTED],false,true,1,1,45085600,
1428403659460,ccc71.at.services.at_service,ccc71.bmw.pro:services,10110,4012,69150,[STARTED],false,true,0,0,69159,
1428403659460,com.android.inputmethod.latin.spellcheck.AndroidSpellCheckerService,com.google.android.inputmethod.latin,10054,1125,101390042,[],false,true,1,1,45553680,
1428403659460,com.google.android.location.geocode.GeocodeService,com.google.process.location,10007,17755,101569373,[],false,true,1,1,45670209,
1428403752624,com.android.bluetooth.hid.HidService,com.android.bluetooth,1002,0,41148,[],false,true,1,1,41157,
1428403752624,com.android.exchange.service.EasService,com.google.android.gm.exchange,10157,2752,54256,[STARTED],false,true,1,1,45659571,
1428403752624,com.google.android.music.dial.DialMediaRouteProviderService,com.google.android.music:main,10058,0,21711939,[],false,true,0,0,10495967,
1428403752624,ch.unige.css.services.PingService,ch.unige.ping,10074,1449,102887671,[STARTED],false,true,0,0,46269752,
1428403752624,com.android.systemui.keyguard.KeyguardService,com.android.systemui,10012,906,42358,[PERSISTENT],false,false,1,1,42367,
1428403752624,ch.unige.css.services.main.CssRegistryService,ch.unige.ping:background,10074,13902,17964876,[STARTED],false,true,0,0,6748905,
1428403752624,com.whatsapp.messaging.MessageService,com.whatsapp,10159,26619,68313,[STARTED],false,true,1,1,45085600,
1428403752624,ccc71.at.services.at_service,ccc71.bmw.pro:services,10110,4012,69150,[STARTED],false,true,0,0,69159,
1428403752624,com.android.inputmethod.latin.spellcheck.AndroidSpellCheckerService,com.google.android.inputmethod.latin,10054,1125,101390042,[],false,true,1,1,45553680,
1428403752624,com.google.android.location.geocode.GeocodeService,com.google.process.location,10007,17755,101569373,[],false,true,1,1,45670209,
1428403812697,com.android.bluetooth.hid.HidService,com.android.bluetooth,1002,0,41148,[],false,true,1,1,41157,
1428403812697,com.android.exchange.service.EasService,com.google.android.gm.exchange,10157,2752,54256,[STARTED],false,true,1,1,46281695,
1428403812697,com.google.android.music.dial.DialMediaRouteProviderService,com.google.android.music:main,10058,0,21711939,[],false,true,0,0,10495967,
1428403812697,ch.unige.css.services.PingService,ch.unige.ping,10074,1449,102947755,[STARTED],false,true,0,0,46301706,
1428403812697,com.android.systemui.keyguard.KeyguardService,com.android.systemui,10012,906,42358,[PERSISTENT],false,false,1,1,42367,
1428403812697,ch.unige.css.services.main.CssRegistryService,ch.unige.ping:background,10074,13902,17964876,[STARTED],false,true,0,0,6748905,
1428403812697,com.whatsapp.messaging.MessageService,com.whatsapp,10159,26619,68313,[STARTED],false,true,1,1,45085600,
1428403812697,ccc71.at.services.at_service,ccc71.bmw.pro:services,10110,4012,69150,[STARTED],false,true,0,0,69159,
1428403812697,com.android.inputmethod.latin.spellcheck.AndroidSpellCheckerService,com.google.android.inputmethod.latin,10054,1125,101390042,[],false,true,1,1,45553680,
1428403812697,com.google.android.location.geocode.GeocodeService,com.google.process.location,10007,17755,102910148,[],false,true,1,1,46291800,
1428403878488,com.android.bluetooth.hid.HidService,com.android.bluetooth,1002,0,41148,[],false,true,1,1,41157,
1428403878488,com.android.exchange.service.EasService,com.google.android.gm.exchange,10157,2752,54256,[STARTED],false,true,1,1,46281695,
1428403878488,com.google.android.music.dial.DialMediaRouteProviderService,com.google.android.music:main,10058,0,21711939,[],false,true,0,0,10495967,
1428403878488,ch.unige.css.services.PingService,ch.unige.ping,10074,1449,103013540,[STARTED],false,true,0,0,46344901,
1428403878488,com.android.systemui.keyguard.KeyguardService,com.android.systemui,10012,906,42358,[PERSISTENT],false,false,1,1,42367,
1428403878488,ch.unige.css.services.main.CssRegistryService,ch.unige.ping:background,10074,13902,17964876,[STARTED],false,true,0,0,6748905,
1428403878488,com.whatsapp.messaging.MessageService,com.whatsapp,10159,26619,68313,[STARTED],false,true,1,1,45085600,
1428403878488,ccc71.at.services.at_service,ccc71.bmw.pro:services,10110,4012,69150,[STARTED],false,true,0,0,69159,
1428403878488,com.android.inputmethod.latin.spellcheck.AndroidSpellCheckerService,com.google.android.inputmethod.latin,10054,1125,101390042,[],false,true,1,1,45553680,
1428403878488,com.google.android.location.geocode.GeocodeService,com.google.process.location,10007,17755,102910148,[],false,true,1,1,46291800,
1428403960441,com.android.bluetooth.hid.HidService,com.android.bluetooth,1002,0,41148,[],false,true,1,1,41157,
1428403960441,com.android.exchange.service.EasService,com.google.android.gm.exchange,10157,2752,54256,[STARTED],false,true,1,1,46281695,
1428403960441,com.google.android.music.dial.DialMediaRouteProviderService,com.google.android.music:main,10058,0,21711939,[],false,true,0,0,10495967,
1428403960441,ch.unige.css.services.PingService,ch.unige.ping,10074,1449,103095507,[STARTED],false,true,0,0,46366783,
1428403960441,com.android.systemui.keyguard.KeyguardService,com.android.systemui,10012,906,42358,[PERSISTENT],false,false,1,1,42367,
1428403960441,ch.unige.css.services.main.CssRegistryService,ch.unige.ping:background,10074,13902,17964876,[STARTED],false,true,0,0,6748905,
1428403960441,com.whatsapp.messaging.MessageService,com.whatsapp,10159,26619,68313,[STARTED],false,true,1,1,45085600,
1428403960441,ccc71.at.services.at_service,ccc71.bmw.pro:services,10110,4012,69150,[STARTED],false,true,0,0,69159,
1428403960441,com.android.inputmethod.latin.spellcheck.AndroidSpellCheckerService,com.google.android.inputmethod.latin,10054,1125,101390042,[],false,true,1,1,45553680,
1428403960441,com.google.android.location.geocode.GeocodeService,com.google.process.location,10007,17755,102910148,[],false,true,1,1,46291800,
1428404020633,com.android.bluetooth.hid.HidService,com.android.bluetooth,1002,0,41148,[],false,true,1,1,41157,
1428404020633,com.android.exchange.service.EasService,com.google.android.gm.exchange,10157,2752,54256,[STARTED],false,true,1,1,46281695,
1428404020633,com.google.android.music.dial.DialMediaRouteProviderService,com.google.android.music:main,10058,0,21711939,[],false,true,0,0,10495967,
1428404020633,ch.unige.css.services.PingService,ch.unige.ping,10074,1449,103155680,[STARTED],false,true,0,0,46387374,
1428404020633,com.android.systemui.keyguard.KeyguardService,com.android.systemui,10012,906,42358,[PERSISTENT],false,false,1,1,42367,
1428404020633,ch.unige.css.services.main.CssRegistryService,ch.unige.ping:background,10074,13902,17964876,[STARTED],false,true,0,0,6748905,
1428404020633,com.whatsapp.messaging.MessageService,com.whatsapp,10159,26619,68313,[STARTED],false,true,1,1,45085600,
1428404020633,ccc71.at.services.at_service,ccc71.bmw.pro:services,10110,4012,69150,[STARTED],false,true,0,0,69159,
1428404020633,com.android.inputmethod.latin.spellcheck.AndroidSpellCheckerService,com.google.android.inputmethod.latin,10054,1125,101390042,[],false,true,1,1,45553680,
1428404020633,com.google.android.location.geocode.GeocodeService,com.google.process.location,10007,17755,102910148,[],false,true,1,1,46291800,
1428404103432,com.android.bluetooth.hid.HidService,com.android.bluetooth,1002,0,41148,[],false,true,1,1,41157,
1428404103432,com.android.exchange.service.EasService,com.google.android.gm.exchange,10157,2752,54256,[STARTED],false,true,1,1,46281695,
1428404103432,com.google.android.music.dial.DialMediaRouteProviderService,com.google.android.music:main,10058,0,21711939,[],false,true,0,0,10495967,
1428404103432,ch.unige.css.services.PingService,ch.unige.ping,10074,1449,103238502,[STARTED],false,true,0,0,46408122,
1428404103432,com.android.systemui.keyguard.KeyguardService,com.android.systemui,10012,906,42358,[PERSISTENT],false,false,1,1,42367,
1428404103432,ch.unige.css.services.main.CssRegistryService,ch.unige.ping:background,10074,13902,17964876,[STARTED],false,true,0,0,6748905,
1428404103432,com.whatsapp.messaging.MessageService,com.whatsapp,10159,26619,68313,[STARTED],false,true,1,1,45085600,
1428404103432,ccc71.at.services.at_service,ccc71.bmw.pro:services,10110,4012,69150,[STARTED],false,true,0,0,69159,
1428404103432,com.android.inputmethod.latin.spellcheck.AndroidSpellCheckerService,com.google.android.inputmethod.latin,10054,1125,101390042,[],false,true,1,1,45553680,
1428404103432,com.google.android.location.geocode.GeocodeService,com.google.process.location,10007,17755,102910148,[],false,true,1,1,46291800,
1428404196751,com.android.bluetooth.hid.HidService,com.android.bluetooth,1002,0,41148,[],false,true,1,1,41157,
1428404196751,com.android.exchange.service.EasService,com.google.android.gm.exchange,10157,2752,54256,[STARTED],false,true,1,1,46281695,
1428404196751,com.google.android.music.dial.DialMediaRouteProviderService,com.google.android.music:main,10058,0,21711939,[],false,true,0,0,10495967,
1428404196751,ch.unige.css.services.PingService,ch.unige.ping,10074,1449,103331813,[STARTED],false,true,0,0,46501433,
1428404196751,com.android.systemui.keyguard.KeyguardService,com.android.systemui,10012,906,42358,[PERSISTENT],false,false,1,1,42367,
1428404196751,ch.unige.css.services.main.CssRegistryService,ch.unige.ping:background,10074,13902,17964876,[STARTED],false,true,0,0,6748905,
1428404196751,com.whatsapp.messaging.MessageService,com.whatsapp,10159,26619,68313,[STARTED],false,true,1,1,45085600,
1428404196751,ccc71.at.services.at_service,ccc71.bmw.pro:services,10110,4012,69150,[STARTED],false,true,0,0,69159,
1428404196751,com.android.inputmethod.latin.spellcheck.AndroidSpellCheckerService,com.google.android.inputmethod.latin,10054,1125,101390042,[],false,true,1,1,45553680,
1428404196751,com.google.android.location.geocode.GeocodeService,com.google.process.location,10007,17755,102910148,[],false,true,1,1,46291800,
1428404258470,com.android.bluetooth.hid.HidService,com.android.bluetooth,1002,0,41148,[],false,true,1,1,41157,
1428404258470,com.android.exchange.service.EasService,com.google.android.gm.exchange,10157,2752,54256,[STARTED],false,true,1,1,46281695,
1428404258470,com.google.android.music.dial.DialMediaRouteProviderService,com.google.android.music:main,10058,0,21711939,[],false,true,0,0,10495967,
1428404258470,ch.unige.css.services.PingService,ch.unige.ping,10074,1449,103393510,[STARTED],false,true,0,0,46535401,
1428404258470,com.android.systemui.keyguard.KeyguardService,com.android.systemui,10012,906,42358,[PERSISTENT],false,false,1,1,42367,
1428404258470,ch.unige.css.services.main.CssRegistryService,ch.unige.ping:background,10074,13902,17964876,[STARTED],false,true,0,0,6748905,
1428404258470,com.whatsapp.messaging.MessageService,com.whatsapp,10159,26619,68313,[STARTED],false,true,1,1,46509008,
1428404258470,ccc71.at.services.at_service,ccc71.bmw.pro:services,10110,4012,69150,[STARTED],false,true,0,0,69159,
1428404258470,com.android.inputmethod.latin.spellcheck.AndroidSpellCheckerService,com.google.android.inputmethod.latin,10054,1125,101390042,[],false,true,1,1,45553680,
1428404258470,com.google.android.location.geocode.GeocodeService,com.google.process.location,10007,17755,102910148,[],false,true,1,1,46291800,
1428404319478,com.android.bluetooth.hid.HidService,com.android.bluetooth,1002,0,41148,[],false,true,1,1,41157,
1428404319478,com.android.exchange.service.EasService,com.google.android.gm.exchange,10157,2752,54256,[STARTED],false,true,1,1,46281695,
1428404319478,com.google.android.music.dial.DialMediaRouteProviderService,com.google.android.music:main,10058,0,21711939,[],false,true,0,0,10495967,
1428404319478,ch.unige.css.services.PingService,ch.unige.ping,10074,1449,103454524,[STARTED],false,true,0,0,46562334,
1428404319478,com.android.systemui.keyguard.KeyguardService,com.android.systemui,10012,906,42358,[PERSISTENT],false,false,1,1,42367,
1428404319478,ch.unige.css.services.main.CssRegistryService,ch.unige.ping:background,10074,13902,17964876,[STARTED],false,true,0,0,6748905,
1428404319478,com.whatsapp.messaging.MessageService,com.whatsapp,10159,26619,68313,[STARTED],false,true,1,1,46509008,
1428404319478,ccc71.at.services.at_service,ccc71.bmw.pro:services,10110,4012,69150,[STARTED],false,true,0,0,69159,
1428404319478,com.android.inputmethod.latin.spellcheck.AndroidSpellCheckerService,com.google.android.inputmethod.latin,10054,1125,101390042,[],false,true,1,1,45553680,
1428404319478,com.google.android.location.geocode.GeocodeService,com.google.process.location,10007,17755,102910148,[],false,true,1,1,46291800,
1428404405543,com.android.bluetooth.hid.HidService,com.android.bluetooth,1002,0,41148,[],false,true,1,1,41157,
1428404405543,com.android.exchange.service.EasService,com.google.android.gm.exchange,10157,2752,54256,[STARTED],false,true,1,1,46281695,
1428404405543,com.google.android.music.dial.DialMediaRouteProviderService,com.google.android.music:main,10058,0,21711939,[],false,true,0,0,10495967,
1428404405543,ch.unige.css.services.PingService,ch.unige.ping,10074,1449,103540606,[STARTED],false,true,0,0,46585517,
1428404405543,com.android.systemui.keyguard.KeyguardService,com.android.systemui,10012,906,42358,[PERSISTENT],false,false,1,1,42367,
1428404405543,ch.unige.css.services.main.CssRegistryService,ch.unige.ping:background,10074,13902,17964876,[STARTED],false,true,0,0,6748905,
1428404405543,com.whatsapp.messaging.MessageService,com.whatsapp,10159,26619,68313,[STARTED],false,true,1,1,46509008,
1428404405543,ccc71.at.services.at_service,ccc71.bmw.pro:services,10110,4012,69150,[STARTED],false,true,0,0,69159,
1428404405543,com.android.inputmethod.latin.spellcheck.AndroidSpellCheckerService,com.google.android.inputmethod.latin,10054,1125,101390042,[],false,true,1,1,45553680,
1428404405543,com.google.android.location.geocode.GeocodeService,com.google.process.location,10007,17755,102910148,[],false,true,1,1,46291800,
1428404466453,com.android.bluetooth.hid.HidService,com.android.bluetooth,1002,0,41148,[],false,true,1,1,41157,
1428404466453,com.android.exchange.service.EasService,com.google.android.gm.exchange,10157,2752,54256,[STARTED],false,true,1,1,46281695,
1428404466453,com.google.android.music.dial.DialMediaRouteProviderService,com.google.android.music:main,10058,0,21711939,[],false,true,0,0,10495967,
1428404466453,ch.unige.css.services.PingService,ch.unige.ping,10074,1449,103601517,[STARTED],false,true,0,0,46606917,
1428404466453,com.android.systemui.keyguard.KeyguardService,com.android.systemui,10012,906,42358,[PERSISTENT],false,false,1,1,42367,
1428404466453,ch.unige.css.services.main.CssRegistryService,ch.unige.ping:background,10074,13902,17964876,[STARTED],false,true,0,0,6748905,
1428404466453,com.whatsapp.messaging.MessageService,com.whatsapp,10159,26619,68313,[STARTED],false,true,1,1,46509008,
1428404466453,ccc71.at.services.at_service,ccc71.bmw.pro:services,10110,4012,69150,[STARTED],false,true,0,0,69159,
1428404466453,com.android.inputmethod.latin.spellcheck.AndroidSpellCheckerService,com.google.android.inputmethod.latin,10054,1125,101390042,[],false,true,1,1,45553680,
1428404466453,com.google.android.location.geocode.GeocodeService,com.google.process.location,10007,17755,102910148,[],false,true,1,1,46291800,
1428404527478,com.android.bluetooth.hid.HidService,com.android.bluetooth,1002,0,41148,[],false,true,1,1,41157,
1428404527478,com.android.exchange.service.EasService,com.google.android.gm.exchange,10157,2752,54256,[STARTED],false,true,1,1,46281695,
1428404527478,com.google.android.music.dial.DialMediaRouteProviderService,com.google.android.music:main,10058,0,21711939,[],false,true,0,0,10495967,
1428404527478,ch.unige.css.services.PingService,ch.unige.ping,10074,1449,103662534,[STARTED],false,true,0,0,46629015,
1428404527478,com.android.systemui.keyguard.KeyguardService,com.android.systemui,10012,906,42358,[PERSISTENT],false,false,1,1,42367,
1428404527478,ch.unige.css.services.main.CssRegistryService,ch.unige.ping:background,10074,13902,17964876,[STARTED],false,true,0,0,6748905,
1428404527478,com.whatsapp.messaging.MessageService,com.whatsapp,10159,26619,68313,[STARTED],false,true,1,1,46509008,
1428404527478,ccc71.at.services.at_service,ccc71.bmw.pro:services,10110,4012,69150,[STARTED],false,true,0,0,69159,
1428404527478,com.android.inputmethod.latin.spellcheck.AndroidSpellCheckerService,com.google.android.inputmethod.latin,10054,1125,101390042,[],false,true,1,1,45553680,
1428404527478,com.google.android.location.geocode.GeocodeService,com.google.process.location,10007,17755,102910148,[],false,true,1,1,46291800,
1428404587723,com.android.bluetooth.hid.HidService,com.android.bluetooth,1002,0,41148,[],false,true,1,1,41157,
1428404587723,com.android.exchange.service.EasService,com.google.android.gm.exchange,10157,2752,54256,[STARTED],false,true,1,1,46281695,
1428404587723,com.google.android.music.dial.DialMediaRouteProviderService,com.google.android.music:main,10058,0,21711939,[],false,true,0,0,10495967,
1428404587723,ch.unige.css.services.PingService,ch.unige.ping,10074,1449,103722789,[STARTED],false,true,0,0,46651761,
1428404587723,com.android.systemui.keyguard.KeyguardService,com.android.systemui,10012,906,42358,[PERSISTENT],false,false,1,1,42367,
1428404587723,ch.unige.css.services.main.CssRegistryService,ch.unige.ping:background,10074,13902,17964876,[STARTED],false,true,0,0,6748905,
1428404587723,com.whatsapp.messaging.MessageService,com.whatsapp,10159,26619,68313,[STARTED],false,true,1,1,46509008,
1428404587723,ccc71.at.services.at_service,ccc71.bmw.pro:services,10110,4012,69150,[STARTED],false,true,0,0,69159,
1428404587723,com.android.inputmethod.latin.spellcheck.AndroidSpellCheckerService,com.google.android.inputmethod.latin,10054,1125,101390042,[],false,true,1,1,45553680,
1428404587723,com.google.android.location.geocode.GeocodeService,com.google.process.location,10007,17755,102910148,[],false,true,1,1,46291800,
1428404647951,com.android.bluetooth.hid.HidService,com.android.bluetooth,1002,0,41148,[],false,true,1,1,41157,
1428404647951,com.android.exchange.service.EasService,com.google.android.gm.exchange,10157,2752,54256,[STARTED],false,true,1,1,46281695,
1428404647951,com.google.android.music.dial.DialMediaRouteProviderService,com.google.android.music:main,10058,0,21711939,[],false,true,0,0,10495967,
1428404647951,ch.unige.css.services.PingService,ch.unige.ping,10074,1449,103783017,[STARTED],false,true,0,0,46675290,
1428404647951,com.android.systemui.keyguard.KeyguardService,com.android.systemui,10012,906,42358,[PERSISTENT],false,false,1,1,42367,
1428404647951,ch.unige.css.services.main.CssRegistryService,ch.unige.ping:background,10074,13902,17964876,[STARTED],false,true,0,0,6748905,
1428404647951,com.whatsapp.messaging.MessageService,com.whatsapp,10159,26619,68313,[STARTED],false,true,1,1,46509008,
1428404647951,ccc71.at.services.at_service,ccc71.bmw.pro:services,10110,4012,69150,[STARTED],false,true,0,0,69159,
1428404647951,com.android.inputmethod.latin.spellcheck.AndroidSpellCheckerService,com.google.android.inputmethod.latin,10054,1125,101390042,[],false,true,1,1,45553680,
1428404647951,com.google.android.location.geocode.GeocodeService,com.google.process.location,10007,17755,102910148,[],false,true,1,1,46291800,
1428404708464,com.android.bluetooth.hid.HidService,com.android.bluetooth,1002,0,41148,[],false,true,1,1,41157,
1428404708464,com.android.exchange.service.EasService,com.google.android.gm.exchange,10157,2752,54256,[STARTED],false,true,1,1,46281695,
1428404708464,com.google.android.music.dial.DialMediaRouteProviderService,com.google.android.music:main,10058,0,21711939,[],false,true,0,0,10495967,
1428404708464,ch.unige.css.services.PingService,ch.unige.ping,10074,1449,103843523,[STARTED],false,true,0,0,46697413,
1428404708464,com.android.systemui.keyguard.KeyguardService,com.android.systemui,10012,906,42358,[PERSISTENT],false,false,1,1,42367,
1428404708464,ch.unige.css.services.main.CssRegistryService,ch.unige.ping:background,10074,13902,17964876,[STARTED],false,true,0,0,6748905,
1428404708464,com.whatsapp.messaging.MessageService,com.whatsapp,10159,26619,68313,[STARTED],false,true,1,1,46509008,
1428404708464,ccc71.at.services.at_service,ccc71.bmw.pro:services,10110,4012,69150,[STARTED],false,true,0,0,69159,
1428404708464,com.android.inputmethod.latin.spellcheck.AndroidSpellCheckerService,com.google.android.inputmethod.latin,10054,1125,101390042,[],false,true,1,1,45553680,
1428404708464,com.google.android.location.geocode.GeocodeService,com.google.process.location,10007,17755,102910148,[],false,true,1,1,46291800,
1428404768676,com.android.bluetooth.hid.HidService,com.android.bluetooth,1002,0,41148,[],false,true,1,1,41157,
1428404768676,com.android.exchange.service.EasService,com.google.android.gm.exchange,10157,2752,54256,[STARTED],false,true,1,1,46281695,
1428404768676,com.google.android.music.dial.DialMediaRouteProviderService,com.google.android.music:main,10058,0,21711939,[],false,true,0,0,10495967,
1428404768676,ch.unige.css.services.PingService,ch.unige.ping,10074,1449,103903732,[STARTED],false,true,0,0,46757621,
1428404768676,com.android.systemui.keyguard.KeyguardService,com.android.systemui,10012,906,42358,[PERSISTENT],false,false,1,1,42367,
1428404768676,ch.unige.css.services.main.CssRegistryService,ch.unige.ping:background,10074,13902,17964876,[STARTED],false,true,0,0,6748905,
1428404768676,com.whatsapp.messaging.MessageService,com.whatsapp,10159,26619,68313,[STARTED],false,true,1,1,46509008,
1428404768676,ccc71.at.services.at_service,ccc71.bmw.pro:services,10110,4012,69150,[STARTED],false,true,0,0,69159,
1428404768676,com.android.inputmethod.latin.spellcheck.AndroidSpellCheckerService,com.google.android.inputmethod.latin,10054,1125,101390042,[],false,true,1,1,45553680,
1428404768676,com.google.android.location.geocode.GeocodeService,com.google.process.location,10007,17755,102910148,[],false,true,1,1,46291800,
1428404832074,com.android.bluetooth.hid.HidService,com.android.bluetooth,1002,0,41148,[],false,true,1,1,41157,
1428404832074,com.android.exchange.service.EasService,com.google.android.gm.exchange,10157,2752,54256,[STARTED],false,true,1,1,46281695,
1428404832074,com.google.android.music.dial.DialMediaRouteProviderService,com.google.android.music:main,10058,0,21711939,[],false,true,0,0,10495967,
1428404832074,ch.unige.css.services.PingService,ch.unige.ping,10074,1449,103967127,[STARTED],false,true,0,0,46821017,
1428404832074,com.android.systemui.keyguard.KeyguardService,com.android.systemui,10012,906,42358,[PERSISTENT],false,false,1,1,42367,
1428404832074,ch.unige.css.services.main.CssRegistryService,ch.unige.ping:background,10074,13902,17964876,[STARTED],false,true,0,0,6748905,
1428404832074,com.whatsapp.messaging.MessageService,com.whatsapp,10159,26619,68313,[STARTED],false,true,1,1,46509008,
1428404832074,ccc71.at.services.at_service,ccc71.bmw.pro:services,10110,4012,69150,[STARTED],false,true,0,0,69159,
1428404832074,com.android.inputmethod.latin.spellcheck.AndroidSpellCheckerService,com.google.android.inputmethod.latin,10054,1125,101390042,[],false,true,1,1,45553680,
1428404832074,com.google.android.location.geocode.GeocodeService,com.google.process.location,10007,17755,102910148,[],false,true,1,1,46291800,
1428404893498,com.android.bluetooth.hid.HidService,com.android.bluetooth,1002,0,41148,[],false,true,1,1,41157,
1428404893498,com.android.exchange.service.EasService,com.google.android.gm.exchange,10157,2752,54256,[STARTED],false,true,1,1,46281695,
1428404893498,com.google.android.music.dial.DialMediaRouteProviderService,com.google.android.music:main,10058,0,21711939,[],false,true,0,0,10495967,
1428404893498,ch.unige.css.services.PingService,ch.unige.ping,10074,1449,104028533,[STARTED],false,true,0,0,46842774,
1428404893498,com.android.systemui.keyguard.KeyguardService,com.android.systemui,10012,906,42358,[PERSISTENT],false,false,1,1,42367,
1428404893498,ch.unige.css.services.main.CssRegistryService,ch.unige.ping:background,10074,13902,17964876,[STARTED],false,true,0,0,6748905,
1428404893498,com.whatsapp.messaging.MessageService,com.whatsapp,10159,26619,68313,[STARTED],false,true,1,1,46509008,
1428404893498,ccc71.at.services.at_service,ccc71.bmw.pro:services,10110,4012,69150,[STARTED],false,true,0,0,69159,
1428404893498,com.android.inputmethod.latin.spellcheck.AndroidSpellCheckerService,com.google.android.inputmethod.latin,10054,1125,101390042,[],false,true,1,1,45553680,
1428404893498,com.google.android.location.geocode.GeocodeService,com.google.process.location,10007,17755,102910148,[],false,true,1,1,46291800,
1428404954512,com.android.bluetooth.hid.HidService,com.android.bluetooth,1002,0,41148,[],false,true,1,1,41157,
1428404954512,com.android.exchange.service.EasService,com.google.android.gm.exchange,10157,2752,54256,[STARTED],false,true,1,1,46281695,
1428404954512,com.google.android.music.dial.DialMediaRouteProviderService,com.google.android.music:main,10058,0,21711939,[],false,true,0,0,10495967,
1428404954512,ch.unige.css.services.PingService,ch.unige.ping,10074,1449,104089534,[STARTED],false,true,0,0,46868795,
1428404954512,com.android.systemui.keyguard.KeyguardService,com.android.systemui,10012,906,42358,[PERSISTENT],false,false,1,1,42367,
1428404954512,ch.unige.css.services.main.CssRegistryService,ch.unige.ping:background,10074,13902,17964876,[STARTED],false,true,0,0,6748905,
1428404954512,com.whatsapp.messaging.MessageService,com.whatsapp,10159,26619,68313,[STARTED],false,true,1,1,46509008,
1428404954512,ccc71.at.services.at_service,ccc71.bmw.pro:services,10110,4012,69150,[STARTED],false,true,0,0,69159,
1428404954512,com.android.inputmethod.latin.spellcheck.AndroidSpellCheckerService,com.google.android.inputmethod.latin,10054,1125,101390042,[],false,true,1,1,45553680,
1428404954512,com.google.android.location.geocode.GeocodeService,com.google.process.location,10007,17755,102910148,[],false,true,1,1,46291800,
1428405014617,com.android.bluetooth.hid.HidService,com.android.bluetooth,1002,0,41148,[],false,true,1,1,41157,
1428405014617,com.android.exchange.service.EasService,com.google.android.gm.exchange,10157,2752,54256,[STARTED],false,true,1,1,46281695,
1428405014617,com.google.android.music.dial.DialMediaRouteProviderService,com.google.android.music:main,10058,0,21711939,[],false,true,0,0,10495967,
1428405014617,ch.unige.css.services.PingService,ch.unige.ping,10074,1449,104149587,[STARTED],false,true,0,0,46889267,
1428405014617,com.android.systemui.keyguard.KeyguardService,com.android.systemui,10012,906,42358,[PERSISTENT],false,false,1,1,42367,
1428405014617,ch.unige.css.services.main.CssRegistryService,ch.unige.ping:background,10074,13902,17964876,[STARTED],false,true,0,0,6748905,
1428405014617,com.whatsapp.messaging.MessageService,com.whatsapp,10159,26619,68313,[STARTED],false,true,1,1,46509008,
1428405014617,ccc71.at.services.at_service,ccc71.bmw.pro:services,10110,4012,69150,[STARTED],false,true,0,0,69159,
1428405014617,com.android.inputmethod.latin.spellcheck.AndroidSpellCheckerService,com.google.android.inputmethod.latin,10054,1125,101390042,[],false,true,1,1,45553680,
1428405014617,com.google.android.location.geocode.GeocodeService,com.google.process.location,10007,17755,102910148,[],false,true,1,1,46291800,
1428405074547,com.android.bluetooth.hid.HidService,com.android.bluetooth,1002,0,41148,[],false,true,1,1,41157,
1428405074547,com.google.android.gms.mdm.services.NetworkQualityAndroidService,com.google.android.gms,10007,17855,104208376,[],false,true,1,1,46910607,
1428405074547,com.android.exchange.service.EasService,com.google.android.gm.exchange,10157,2752,54256,[STARTED],false,true,1,1,46910411,
1428405074547,com.google.android.music.dial.DialMediaRouteProviderService,com.google.android.music:main,10058,0,21711939,[],false,true,0,0,10495967,
1428405074547,ch.unige.css.services.PingService,ch.unige.ping,10074,1449,104209609,[STARTED],false,true,0,0,46911841,
1428405074547,com.android.systemui.keyguard.KeyguardService,com.android.systemui,10012,906,42358,[PERSISTENT],false,false,1,1,42367,
1428405074547,ch.unige.css.services.main.CssRegistryService,ch.unige.ping:background,10074,13902,17964876,[STARTED],false,true,0,0,6748905,
1428405074547,com.whatsapp.messaging.MessageService,com.whatsapp,10159,26619,68313,[STARTED],false,true,1,1,46509008,
1428405074547,ccc71.at.services.at_service,ccc71.bmw.pro:services,10110,4012,69150,[STARTED],false,true,0,0,69159,
1428405074547,com.android.inputmethod.latin.spellcheck.AndroidSpellCheckerService,com.google.android.inputmethod.latin,10054,1125,101390042,[],false,true,1,1,45553680,
1428405135452,com.android.bluetooth.hid.HidService,com.android.bluetooth,1002,0,41148,[],false,true,1,1,41157,
1428405135452,com.android.exchange.service.EasService,com.google.android.gm.exchange,10157,2752,54256,[STARTED],false,true,1,1,46910411,
1428405135452,com.google.android.music.dial.DialMediaRouteProviderService,com.google.android.music:main,10058,0,21711939,[],false,true,0,0,10495967,
1428405135452,ch.unige.css.services.PingService,ch.unige.ping,10074,1449,104270513,[STARTED],false,true,0,0,46944093,
1428405135452,com.android.systemui.keyguard.KeyguardService,com.android.systemui,10012,906,42358,[PERSISTENT],false,false,1,1,42367,
1428405135452,ch.unige.css.services.main.CssRegistryService,ch.unige.ping:background,10074,13902,17964876,[STARTED],false,true,0,0,6748905,
1428405135452,com.whatsapp.messaging.MessageService,com.whatsapp,10159,26619,68313,[STARTED],false,true,1,1,46509008,
1428405135452,ccc71.at.services.at_service,ccc71.bmw.pro:services,10110,4012,69150,[STARTED],false,true,0,0,69159,
1428405135452,com.android.inputmethod.latin.spellcheck.AndroidSpellCheckerService,com.google.android.inputmethod.latin,10054,1125,101390042,[],false,true,1,1,45553680,
1428405135452,com.google.android.location.geocode.GeocodeService,com.google.process.location,10007,17755,102910148,[],false,true,1,1,46291800,
1428405216451,com.android.bluetooth.hid.HidService,com.android.bluetooth,1002,0,41148,[],false,true,1,1,41157,
1428405216451,com.google.android.gms.auth.be.recovery.AccountRecoveryBackgroundService,com.google.process.gapps,10007,17792,104351512,[STARTED],false,true,0,0,46965210,
1428405216451,com.android.exchange.service.EasService,com.google.android.gm.exchange,10157,2752,54256,[STARTED],false,true,1,1,46910411,
1428405216451,com.google.android.music.dial.DialMediaRouteProviderService,com.google.android.music:main,10058,0,21711939,[],false,true,0,0,10495967,
1428405216451,ch.unige.css.services.PingService,ch.unige.ping,10074,1449,104351517,[STARTED],false,true,0,0,46965214,
1428405216451,com.android.systemui.keyguard.KeyguardService,com.android.systemui,10012,906,42358,[PERSISTENT],false,false,1,1,42367,
1428405216451,ch.unige.css.services.main.CssRegistryService,ch.unige.ping:background,10074,13902,17964876,[STARTED],false,true,0,0,6748905,
1428405216451,com.whatsapp.messaging.MessageService,com.whatsapp,10159,26619,68313,[STARTED],false,true,1,1,46509008,
1428405216451,ccc71.at.services.at_service,ccc71.bmw.pro:services,10110,4012,69150,[STARTED],false,true,0,0,69159,
1428405216451,com.android.inputmethod.latin.spellcheck.AndroidSpellCheckerService,com.google.android.inputmethod.latin,10054,1125,101390042,[],false,true,1,1,45553680,
1428405308457,com.android.bluetooth.hid.HidService,com.android.bluetooth,1002,0,41148,[],false,true,1,1,41157,
1428405308457,com.android.exchange.service.EasService,com.google.android.gm.exchange,10157,2752,54256,[STARTED],false,true,1,1,46910411,
1428405308457,com.google.android.music.dial.DialMediaRouteProviderService,com.google.android.music:main,10058,0,21711939,[],false,true,0,0,10495967,
1428405308457,ch.unige.css.services.PingService,ch.unige.ping,10074,1449,104443507,[STARTED],false,true,0,0,46985935,
1428405308457,com.android.systemui.keyguard.KeyguardService,com.android.systemui,10012,906,42358,[PERSISTENT],false,false,1,1,42367,
1428405308457,ch.unige.css.services.main.CssRegistryService,ch.unige.ping:background,10074,13902,17964876,[STARTED],false,true,0,0,6748905,
1428405308457,com.whatsapp.messaging.MessageService,com.whatsapp,10159,26619,68313,[STARTED],false,true,1,1,46509008,
1428405308457,ccc71.at.services.at_service,ccc71.bmw.pro:services,10110,4012,69150,[STARTED],false,true,0,0,69159,
1428405308457,com.android.inputmethod.latin.spellcheck.AndroidSpellCheckerService,com.google.android.inputmethod.latin,10054,1125,101390042,[],false,true,1,1,45553680,
1428405308457,com.google.android.location.geocode.GeocodeService,com.google.process.location,10007,17755,102910148,[],false,true,1,1,46291800,
1428405383479,com.android.bluetooth.hid.HidService,com.android.bluetooth,1002,0,41148,[],false,true,1,1,41157,
1428405383479,com.android.exchange.service.EasService,com.google.android.gm.exchange,10157,2752,54256,[STARTED],false,true,1,1,46910411,
1428405383479,com.google.android.music.dial.DialMediaRouteProviderService,com.google.android.music:main,10058,0,21711939,[],false,true,0,0,10495967,
1428405383479,ch.unige.css.services.PingService,ch.unige.ping,10074,1449,104518509,[STARTED],false,true,0,0,47031690,
1428405383479,com.android.systemui.keyguard.KeyguardService,com.android.systemui,10012,906,42358,[PERSISTENT],false,false,1,1,42367,
1428405383479,ch.unige.css.services.main.CssRegistryService,ch.unige.ping:background,10074,13902,17964876,[STARTED],false,true,0,0,6748905,
1428405383479,com.whatsapp.messaging.MessageService,com.whatsapp,10159,26619,68313,[STARTED],false,true,1,1,46509008,
1428405383479,ccc71.at.services.at_service,ccc71.bmw.pro:services,10110,4012,69150,[STARTED],false,true,0,0,69159,
1428405383479,com.android.inputmethod.latin.spellcheck.AndroidSpellCheckerService,com.google.android.inputmethod.latin,10054,1125,101390042,[],false,true,1,1,45553680,
1428405383479,com.google.android.location.geocode.GeocodeService,com.google.process.location,10007,17755,102910148,[],false,true,1,1,46291800,
1428405443694,com.android.bluetooth.hid.HidService,com.android.bluetooth,1002,0,41148,[],false,true,1,1,41157,
1428405443694,com.android.exchange.service.EasService,com.google.android.gm.exchange,10157,2752,54256,[STARTED],false,true,1,1,46910411,
1428405443694,com.google.android.music.dial.DialMediaRouteProviderService,com.google.android.music:main,10058,0,21711939,[],false,true,0,0,10495967,
1428405443694,ch.unige.css.services.PingService,ch.unige.ping,10074,1449,104578761,[STARTED],false,true,0,0,47058111,
1428405443694,com.android.systemui.keyguard.KeyguardService,com.android.systemui,10012,906,42358,[PERSISTENT],false,false,1,1,42367,
1428405443694,ch.unige.css.services.main.CssRegistryService,ch.unige.ping:background,10074,13902,17964876,[STARTED],false,true,0,0,6748905,
1428405443694,com.whatsapp.messaging.MessageService,com.whatsapp,10159,26619,68313,[STARTED],false,true,1,1,46509008,
1428405443694,ccc71.at.services.at_service,ccc71.bmw.pro:services,10110,4012,69150,[STARTED],false,true,0,0,69159,
1428405443694,com.android.inputmethod.latin.spellcheck.AndroidSpellCheckerService,com.google.android.inputmethod.latin,10054,1125,101390042,[],false,true,1,1,45553680,
1428405443694,com.google.android.location.geocode.GeocodeService,com.google.process.location,10007,17755,102910148,[],false,true,1,1,46291800,
1428405503932,com.android.bluetooth.hid.HidService,com.android.bluetooth,1002,0,41148,[],false,true,1,1,41157,
1428405503932,com.android.exchange.service.EasService,com.google.android.gm.exchange,10157,2752,54256,[STARTED],false,true,1,1,46910411,
1428405503932,com.google.android.music.dial.DialMediaRouteProviderService,com.google.android.music:main,10058,0,21711939,[],false,true,0,0,10495967,
1428405503932,ch.unige.css.services.PingService,ch.unige.ping,10074,1449,104638942,[STARTED],false,true,0,0,47078893,
1428405503932,com.android.systemui.keyguard.KeyguardService,com.android.systemui,10012,906,42358,[PERSISTENT],false,false,1,1,42367,
1428405503932,ch.unige.css.services.main.CssRegistryService,ch.unige.ping:background,10074,13902,17964876,[STARTED],false,true,0,0,6748905,
1428405503932,com.whatsapp.messaging.MessageService,com.whatsapp,10159,26619,68313,[STARTED],false,true,1,1,46509008,
1428405503932,ccc71.at.services.at_service,ccc71.bmw.pro:services,10110,4012,69150,[STARTED],false,true,0,0,69159,
1428405503932,com.android.inputmethod.latin.spellcheck.AndroidSpellCheckerService,com.google.android.inputmethod.latin,10054,1125,101390042,[],false,true,1,1,45553680,
1428405503932,com.google.android.location.geocode.GeocodeService,com.google.process.location,10007,17755,102910148,[],false,true,1,1,46291800,
1428405564588,com.android.bluetooth.hid.HidService,com.android.bluetooth,1002,0,41148,[],false,true,1,1,41157,
1428405564588,com.android.exchange.service.EasService,com.google.android.gm.exchange,10157,2752,54256,[STARTED],false,true,1,1,46910411,
1428405564588,com.google.android.music.dial.DialMediaRouteProviderService,com.google.android.music:main,10058,0,21711939,[],false,true,0,0,10495967,
1428405564588,ch.unige.css.services.PingService,ch.unige.ping,10074,1449,104699533,[STARTED],false,true,0,0,47101484,
1428405564588,com.android.systemui.keyguard.KeyguardService,com.android.systemui,10012,906,42358,[PERSISTENT],false,false,1,1,42367,
1428405564588,ch.unige.css.services.main.CssRegistryService,ch.unige.ping:background,10074,13902,17964876,[STARTED],false,true,0,0,6748905,
1428405564588,com.whatsapp.messaging.MessageService,com.whatsapp,10159,26619,68313,[STARTED],false,true,1,1,46509008,
1428405564588,ccc71.at.services.at_service,ccc71.bmw.pro:services,10110,4012,69150,[STARTED],false,true,0,0,69159,
1428405564588,com.android.inputmethod.latin.spellcheck.AndroidSpellCheckerService,com.google.android.inputmethod.latin,10054,1125,101390042,[],false,true,1,1,45553680,
1428405564588,com.google.android.location.geocode.GeocodeService,com.google.process.location,10007,17755,102910148,[],false,true,1,1,46291800,
1428405638589,com.android.bluetooth.hid.HidService,com.android.bluetooth,1002,0,41148,[],false,true,1,1,41157,
1428405638589,com.android.exchange.service.EasService,com.google.android.gm.exchange,10157,2752,54256,[STARTED],false,true,1,1,46910411,
1428405638589,com.google.android.music.dial.DialMediaRouteProviderService,com.google.android.music:main,10058,0,21711939,[],false,true,0,0,10495967,
1428405638589,ch.unige.css.services.PingService,ch.unige.ping,10074,1449,104773647,[STARTED],false,true,0,0,47122459,
1428405638589,com.android.systemui.keyguard.KeyguardService,com.android.systemui,10012,906,42358,[PERSISTENT],false,false,1,1,42367,
1428405638589,ch.unige.css.services.main.CssRegistryService,ch.unige.ping:background,10074,13902,17964876,[STARTED],false,true,0,0,6748905,
1428405638589,com.whatsapp.messaging.MessageService,com.whatsapp,10159,26619,68313,[STARTED],false,true,1,1,46509008,
1428405638589,ccc71.at.services.at_service,ccc71.bmw.pro:services,10110,4012,69150,[STARTED],false,true,0,0,69159,
1428405638589,com.android.inputmethod.latin.spellcheck.AndroidSpellCheckerService,com.google.android.inputmethod.latin,10054,1125,101390042,[],false,true,1,1,45553680,
1428405638589,com.google.android.location.geocode.GeocodeService,com.google.process.location,10007,17755,102910148,[],false,true,1,1,46291800,
1428405703467,com.android.bluetooth.hid.HidService,com.android.bluetooth,1002,0,41148,[],false,true,1,1,41157,
1428405703467,com.android.exchange.service.EasService,com.google.android.gm.exchange,10157,2752,54256,[STARTED],false,true,1,1,46910411,
1428405703467,com.google.android.music.dial.DialMediaRouteProviderService,com.google.android.music:main,10058,0,21711939,[],false,true,0,0,10495967,
1428405703467,ch.unige.css.services.PingService,ch.unige.ping,10074,1449,104838519,[STARTED],false,true,0,0,47151559,
1428405703467,com.android.systemui.keyguard.KeyguardService,com.android.systemui,10012,906,42358,[PERSISTENT],false,false,1,1,42367,
1428405703467,ch.unige.css.services.main.CssRegistryService,ch.unige.ping:background,10074,13902,17964876,[STARTED],false,true,0,0,6748905,
1428405703467,com.whatsapp.messaging.MessageService,com.whatsapp,10159,26619,68313,[STARTED],false,true,1,1,47144026,
1428405703467,ccc71.at.services.at_service,ccc71.bmw.pro:services,10110,4012,69150,[STARTED],false,true,0,0,69159,
1428405703467,com.android.inputmethod.latin.spellcheck.AndroidSpellCheckerService,com.google.android.inputmethod.latin,10054,1125,101390042,[],false,true,1,1,45553680,
1428405703467,com.google.android.location.geocode.GeocodeService,com.google.process.location,10007,17755,102910148,[],false,true,1,1,46291800,
1428405763495,com.android.bluetooth.hid.HidService,com.android.bluetooth,1002,0,41148,[],false,true,1,1,41157,
1428405763495,com.android.exchange.service.EasService,com.google.android.gm.exchange,10157,2752,54256,[STARTED],false,true,1,1,46910411,
1428405763495,com.google.android.music.dial.DialMediaRouteProviderService,com.google.android.music:main,10058,0,21711939,[],false,true,0,0,10495967,
1428405763495,ch.unige.css.services.PingService,ch.unige.ping,10074,1449,104898534,[STARTED],false,true,0,0,47174705,
1428405763495,com.android.systemui.keyguard.KeyguardService,com.android.systemui,10012,906,42358,[PERSISTENT],false,false,1,1,42367,
1428405763495,ch.unige.css.services.main.CssRegistryService,ch.unige.ping:background,10074,13902,17964876,[STARTED],false,true,0,0,6748905,
1428405763495,com.whatsapp.messaging.MessageService,com.whatsapp,10159,26619,68313,[STARTED],false,true,1,1,47144026,
1428405763495,ccc71.at.services.at_service,ccc71.bmw.pro:services,10110,4012,69150,[STARTED],false,true,0,0,69159,
1428405763495,com.android.inputmethod.latin.spellcheck.AndroidSpellCheckerService,com.google.android.inputmethod.latin,10054,1125,101390042,[],false,true,1,1,45553680,
1428405763495,com.google.android.location.geocode.GeocodeService,com.google.process.location,10007,17755,102910148,[],false,true,1,1,46291800,
1428405867863,com.android.bluetooth.hid.HidService,com.android.bluetooth,1002,0,41148,[],false,true,1,1,41157,
1428405867863,com.android.exchange.service.EasService,com.google.android.gm.exchange,10157,2752,54256,[STARTED],false,true,1,1,46910411,
1428405867863,com.google.android.music.dial.DialMediaRouteProviderService,com.google.android.music:main,10058,0,21711939,[],false,true,0,0,10495967,
1428405867863,ch.unige.css.services.PingService,ch.unige.ping,10074,1449,105002929,[STARTED],false,true,0,0,47196187,
1428405867863,com.android.systemui.keyguard.KeyguardService,com.android.systemui,10012,906,42358,[PERSISTENT],false,false,1,1,42367,
1428405867863,ch.unige.css.services.main.CssRegistryService,ch.unige.ping:background,10074,13902,17964876,[STARTED],false,true,0,0,6748905,
1428405867863,com.whatsapp.messaging.MessageService,com.whatsapp,10159,26619,68313,[STARTED],false,true,1,1,47144026,
1428405867863,ccc71.at.services.at_service,ccc71.bmw.pro:services,10110,4012,69150,[STARTED],false,true,0,0,69159,
1428405867863,com.android.inputmethod.latin.spellcheck.AndroidSpellCheckerService,com.google.android.inputmethod.latin,10054,1125,101390042,[],false,true,1,1,45553680,
1428405867863,com.google.android.location.geocode.GeocodeService,com.google.process.location,10007,17755,102910148,[],false,true,1,1,46291800,
1428405940069,com.android.bluetooth.hid.HidService,com.android.bluetooth,1002,0,41148,[],false,true,1,1,41157,
1428405940069,com.android.exchange.service.EasService,com.google.android.gm.exchange,10157,2752,54256,[STARTED],false,true,1,1,46910411,
1428405940069,com.google.android.music.dial.DialMediaRouteProviderService,com.google.android.music:main,10058,0,21711939,[],false,true,0,0,10495967,
1428405940069,ch.unige.css.services.PingService,ch.unige.ping,10074,1449,105074682,[STARTED],false,true,0,0,47227137,
1428405940069,com.android.systemui.keyguard.KeyguardService,com.android.systemui,10012,906,42358,[PERSISTENT],false,false,1,1,42367,
1428405940069,ch.unige.css.services.main.CssRegistryService,ch.unige.ping:background,10074,13902,17964876,[STARTED],false,true,0,0,6748905,
1428405940069,com.whatsapp.messaging.MessageService,com.whatsapp,10159,26619,68313,[STARTED],false,true,1,1,47144026,
1428405940069,ccc71.at.services.at_service,ccc71.bmw.pro:services,10110,4012,69150,[STARTED],false,true,0,0,69159,
1428405940069,com.android.inputmethod.latin.spellcheck.AndroidSpellCheckerService,com.google.android.inputmethod.latin,10054,1125,101390042,[],false,true,1,1,45553680,
1428405940069,com.google.android.location.geocode.GeocodeService,com.google.process.location,10007,17755,102910148,[],false,true,1,1,46291800,
1428406000085,com.android.bluetooth.hid.HidService,com.android.bluetooth,1002,0,41148,[],false,true,1,1,41157,
1428406000085,com.android.exchange.service.EasService,com.google.android.gm.exchange,10157,2752,54256,[STARTED],false,true,1,1,46910411,
1428406000085,com.google.android.music.dial.DialMediaRouteProviderService,com.google.android.music:main,10058,0,21711939,[],false,true,0,0,10495967,
1428406000085,ch.unige.css.services.PingService,ch.unige.ping,10074,1449,105134714,[STARTED],false,true,0,0,47287169,
1428406000085,com.android.systemui.keyguard.KeyguardService,com.android.systemui,10012,906,42358,[PERSISTENT],false,false,1,1,42367,
1428406000085,ch.unige.css.services.main.CssRegistryService,ch.unige.ping:background,10074,13902,17964876,[STARTED],false,true,0,0,6748905,
1428406000085,com.whatsapp.messaging.MessageService,com.whatsapp,10159,26619,68313,[STARTED],false,true,1,1,47144026,
1428406000085,ccc71.at.services.at_service,ccc71.bmw.pro:services,10110,4012,69150,[STARTED],false,true,0,0,69159,
1428406000085,com.android.inputmethod.latin.spellcheck.AndroidSpellCheckerService,com.google.android.inputmethod.latin,10054,1125,105102589,[],false,true,1,1,47255044,
1428406000085,com.google.android.location.geocode.GeocodeService,com.google.process.location,10007,17755,102910148,[],false,true,1,1,46291800,
1428406060159,com.android.bluetooth.hid.HidService,com.android.bluetooth,1002,0,41148,[],false,true,1,1,41157,
1428406060159,com.android.exchange.service.EasService,com.google.android.gm.exchange,10157,2752,54256,[STARTED],false,true,1,1,46910411,
1428406060159,com.google.android.music.dial.DialMediaRouteProviderService,com.google.android.music:main,10058,0,21711939,[],false,true,0,0,10495967,
1428406060159,ch.unige.css.services.PingService,ch.unige.ping,10074,1449,105194785,[STARTED],false,true,0,0,47347240,
1428406060159,com.android.systemui.keyguard.KeyguardService,com.android.systemui,10012,906,42358,[PERSISTENT],false,false,1,1,42367,
1428406060159,ch.unige.css.services.main.CssRegistryService,ch.unige.ping:background,10074,13902,17964876,[STARTED],false,true,0,0,6748905,
1428406060159,com.whatsapp.messaging.MessageService,com.whatsapp,10159,26619,68313,[STARTED],false,true,1,1,47144026,
1428406060159,ccc71.at.services.at_service,ccc71.bmw.pro:services,10110,4012,69150,[STARTED],false,true,0,0,69159,
1428406060159,com.android.inputmethod.latin.spellcheck.AndroidSpellCheckerService,com.google.android.inputmethod.latin,10054,1125,105102589,[],false,true,1,1,47255044,
1428406060159,com.google.android.location.geocode.GeocodeService,com.google.process.location,10007,17755,102910148,[],false,true,1,1,46291800,
1428406120300,com.android.bluetooth.hid.HidService,com.android.bluetooth,1002,0,41148,[],false,true,1,1,41157,
1428406120300,com.android.exchange.service.EasService,com.google.android.gm.exchange,10157,2752,54256,[STARTED],false,true,1,1,46910411,
1428406120300,com.google.android.music.dial.DialMediaRouteProviderService,com.google.android.music:main,10058,0,21711939,[],false,true,0,0,10495967,
1428406120300,ch.unige.css.services.PingService,ch.unige.ping,10074,1449,105254934,[STARTED],false,true,0,0,47407390,
1428406120300,com.android.systemui.keyguard.KeyguardService,com.android.systemui,10012,906,42358,[PERSISTENT],false,false,1,1,42367,
1428406120300,ch.unige.css.services.main.CssRegistryService,ch.unige.ping:background,10074,13902,17964876,[STARTED],false,true,0,0,6748905,
1428406120300,com.whatsapp.messaging.MessageService,com.whatsapp,10159,26619,68313,[STARTED],false,true,1,1,47144026,
1428406120300,ccc71.at.services.at_service,ccc71.bmw.pro:services,10110,4012,69150,[STARTED],false,true,0,0,69159,
1428406120300,com.android.inputmethod.latin.spellcheck.AndroidSpellCheckerService,com.google.android.inputmethod.latin,10054,1125,105102589,[],false,true,1,1,47255044,
1428406120300,com.google.android.location.geocode.GeocodeService,com.google.process.location,10007,17755,102910148,[],false,true,1,1,46291800,
1428406179891,com.android.bluetooth.hid.HidService,com.android.bluetooth,1002,0,41148,[],false,true,1,1,41157,
1428406179891,com.android.exchange.service.EasService,com.google.android.gm.exchange,10157,2752,54256,[STARTED],false,true,1,1,46910411,
1428406179891,com.google.android.music.dial.DialMediaRouteProviderService,com.google.android.music:main,10058,0,21711939,[],false,true,0,0,10495967,
1428406179891,ch.unige.css.services.PingService,ch.unige.ping,10074,1449,105314999,[STARTED],false,true,0,0,47440425,
1428406179891,com.android.systemui.keyguard.KeyguardService,com.android.systemui,10012,906,42358,[PERSISTENT],false,false,1,1,42367,
1428406179891,ch.unige.css.services.main.CssRegistryService,ch.unige.ping:background,10074,13902,17964876,[STARTED],false,true,0,0,6748905,
1428406179891,com.whatsapp.messaging.MessageService,com.whatsapp,10159,26619,68313,[STARTED],false,true,1,1,47144026,
1428406179891,ccc71.at.services.at_service,ccc71.bmw.pro:services,10110,4012,69150,[STARTED],false,true,0,0,69159,
1428406179891,com.google.android.location.geocode.GeocodeService,com.google.process.location,10007,17755,102910148,[],false,true,1,1,46291800,
1428406179891,com.google.android.gms.gcm.GcmService,com.google.process.gapps,10007,17792,17965599,[STARTED],false,true,0,0,46910569,
1428406241470,com.android.bluetooth.hid.HidService,com.android.bluetooth,1002,0,41148,[],false,true,1,1,41157,
1428406241470,com.android.exchange.service.EasService,com.google.android.gm.exchange,10157,2752,54256,[STARTED],false,true,1,1,46910411,
1428406241470,com.google.android.music.dial.DialMediaRouteProviderService,com.google.android.music:main,10058,0,21711939,[],false,true,0,0,10495967,
1428406241470,ch.unige.css.services.PingService,ch.unige.ping,10074,1449,105376553,[STARTED],false,true,0,0,47463204,
1428406241470,com.android.systemui.keyguard.KeyguardService,com.android.systemui,10012,906,42358,[PERSISTENT],false,false,1,1,42367,
1428406241470,ch.unige.css.services.main.CssRegistryService,ch.unige.ping:background,10074,13902,17964876,[STARTED],false,true,0,0,6748905,
1428406241470,com.whatsapp.messaging.MessageService,com.whatsapp,10159,26619,68313,[STARTED],false,true,1,1,47144026,
1428406241470,ccc71.at.services.at_service,ccc71.bmw.pro:services,10110,4012,69150,[STARTED],false,true,0,0,69159,
1428406241470,com.google.android.location.geocode.GeocodeService,com.google.process.location,10007,17755,102910148,[],false,true,1,1,46291800,
1428406241470,com.google.android.gms.gcm.GcmService,com.google.process.gapps,10007,17792,17965599,[STARTED],false,true,0,0,46910569,
1428406301674,com.android.bluetooth.hid.HidService,com.android.bluetooth,1002,0,41148,[],false,true,1,1,41157,
1428406301674,com.android.exchange.service.EasService,com.google.android.gm.exchange,10157,2752,54256,[STARTED],false,true,1,1,46910411,
1428406301674,com.google.android.music.dial.DialMediaRouteProviderService,com.google.android.music:main,10058,0,21711939,[],false,true,0,0,10495967,
1428406301674,ch.unige.css.services.PingService,ch.unige.ping,10074,1449,105436786,[STARTED],false,true,0,0,47483866,
1428406301674,com.android.systemui.keyguard.KeyguardService,com.android.systemui,10012,906,42358,[PERSISTENT],false,false,1,1,42367,
1428406301674,ch.unige.css.services.main.CssRegistryService,ch.unige.ping:background,10074,13902,17964876,[STARTED],false,true,0,0,6748905,
1428406301674,com.whatsapp.messaging.MessageService,com.whatsapp,10159,26619,68313,[STARTED],false,true,1,1,47144026,
1428406301674,ccc71.at.services.at_service,ccc71.bmw.pro:services,10110,4012,69150,[STARTED],false,true,0,0,69159,
1428406301674,com.google.android.location.geocode.GeocodeService,com.google.process.location,10007,17755,102910148,[],false,true,1,1,46291800,
1428406301674,com.google.android.gms.gcm.GcmService,com.google.process.gapps,10007,17792,17965599,[STARTED],false,true,0,0,46910569,
1428406361891,com.android.bluetooth.hid.HidService,com.android.bluetooth,1002,0,41148,[],false,true,1,1,41157,
1428406361891,com.android.exchange.service.EasService,com.google.android.gm.exchange,10157,2752,54256,[STARTED],false,true,1,1,46910411,
1428406361891,com.google.android.music.dial.DialMediaRouteProviderService,com.google.android.music:main,10058,0,21711939,[],false,true,0,0,10495967,
1428406361891,ch.unige.css.services.PingService,ch.unige.ping,10074,1449,105496985,[STARTED],false,true,0,0,47504718,
1428406361891,com.android.systemui.keyguard.KeyguardService,com.android.systemui,10012,906,42358,[PERSISTENT],false,false,1,1,42367,
1428406361891,ch.unige.css.services.main.CssRegistryService,ch.unige.ping:background,10074,13902,17964876,[STARTED],false,true,0,0,6748905,
1428406361891,com.whatsapp.messaging.MessageService,com.whatsapp,10159,26619,68313,[STARTED],false,true,1,1,47144026,
1428406361891,ccc71.at.services.at_service,ccc71.bmw.pro:services,10110,4012,69150,[STARTED],false,true,0,0,69159,
1428406361891,com.google.android.location.geocode.GeocodeService,com.google.process.location,10007,17755,102910148,[],false,true,1,1,46291800,
1428406361891,com.google.android.gms.gcm.GcmService,com.google.process.gapps,10007,17792,17965599,[STARTED],false,true,0,0,46910569,
1428406422496,com.android.bluetooth.hid.HidService,com.android.bluetooth,1002,0,41148,[],false,true,1,1,41157,
1428406422496,com.android.exchange.service.EasService,com.google.android.gm.exchange,10157,2752,54256,[STARTED],false,true,1,1,46910411,
1428406422496,com.google.android.music.dial.DialMediaRouteProviderService,com.google.android.music:main,10058,0,21711939,[],false,true,0,0,10495967,
1428406422496,ch.unige.css.services.PingService,ch.unige.ping,10074,1449,105557562,[STARTED],false,true,0,0,47527337,
1428406422496,com.android.systemui.keyguard.KeyguardService,com.android.systemui,10012,906,42358,[PERSISTENT],false,false,1,1,42367,
1428406422496,ch.unige.css.services.main.CssRegistryService,ch.unige.ping:background,10074,13902,17964876,[STARTED],false,true,0,0,6748905,
1428406422496,com.whatsapp.messaging.MessageService,com.whatsapp,10159,26619,68313,[STARTED],false,true,1,1,47144026,
1428406422496,ccc71.at.services.at_service,ccc71.bmw.pro:services,10110,4012,69150,[STARTED],false,true,0,0,69159,
1428406422496,com.google.android.location.geocode.GeocodeService,com.google.process.location,10007,17755,102910148,[],false,true,1,1,46291800,
1428406422496,com.google.android.gms.gcm.GcmService,com.google.process.gapps,10007,17792,17965599,[STARTED],false,true,0,0,46910569,
1428406482625,com.android.bluetooth.hid.HidService,com.android.bluetooth,1002,0,41148,[],false,true,1,1,41157,
1428406482625,com.android.exchange.service.EasService,com.google.android.gm.exchange,10157,2752,54256,[STARTED],false,true,1,1,46910411,
1428406482625,com.google.android.music.dial.DialMediaRouteProviderService,com.google.android.music:main,10058,0,21711939,[],false,true,0,0,10495967,
1428406482625,ch.unige.css.services.PingService,ch.unige.ping,10074,1449,105617686,[STARTED],false,true,0,0,47550482,
1428406482625,com.android.systemui.keyguard.KeyguardService,com.android.systemui,10012,906,42358,[PERSISTENT],false,false,1,1,42367,
1428406482625,ch.unige.css.services.main.CssRegistryService,ch.unige.ping:background,10074,13902,17964876,[STARTED],false,true,0,0,6748905,
1428406482625,com.whatsapp.messaging.MessageService,com.whatsapp,10159,26619,68313,[STARTED],false,true,1,1,47144026,
1428406482625,ccc71.at.services.at_service,ccc71.bmw.pro:services,10110,4012,69150,[STARTED],false,true,0,0,69159,
1428406482625,com.google.android.location.geocode.GeocodeService,com.google.process.location,10007,17755,102910148,[],false,true,1,1,46291800,
1428406482625,com.google.android.gms.gcm.GcmService,com.google.process.gapps,10007,17792,17965599,[STARTED],false,true,0,0,46910569,
1428406543490,com.android.bluetooth.hid.HidService,com.android.bluetooth,1002,0,41148,[],false,true,1,1,41157,
1428406543490,com.android.exchange.service.EasService,com.google.android.gm.exchange,10157,2752,54256,[STARTED],false,true,1,1,46910411,
1428406543490,com.google.android.music.dial.DialMediaRouteProviderService,com.google.android.music:main,10058,0,21711939,[],false,true,0,0,10495967,
1428406543490,ch.unige.css.services.PingService,ch.unige.ping,10074,1449,105678563,[STARTED],false,true,0,0,47572438,
1428406543490,com.android.systemui.keyguard.KeyguardService,com.android.systemui,10012,906,42358,[PERSISTENT],false,false,1,1,42367,
1428406543490,ch.unige.css.services.main.CssRegistryService,ch.unige.ping:background,10074,13902,17964876,[STARTED],false,true,0,0,6748905,
1428406543490,com.whatsapp.messaging.MessageService,com.whatsapp,10159,26619,68313,[STARTED],false,true,1,1,47144026,
1428406543490,ccc71.at.services.at_service,ccc71.bmw.pro:services,10110,4012,69150,[STARTED],false,true,0,0,69159,
1428406543490,com.google.android.location.geocode.GeocodeService,com.google.process.location,10007,17755,102910148,[],false,true,1,1,46291800,
1428406543490,com.google.android.gms.gcm.GcmService,com.google.process.gapps,10007,17792,17965599,[STARTED],false,true,0,0,46910569,
1428406603674,com.android.bluetooth.hid.HidService,com.android.bluetooth,1002,0,41148,[],false,true,1,1,41157,
1428406603674,com.android.exchange.service.EasService,com.google.android.gm.exchange,10157,2752,54256,[STARTED],false,true,1,1,46910411,
1428406603674,com.google.android.music.dial.DialMediaRouteProviderService,com.google.android.music:main,10058,0,21711939,[],false,true,0,0,10495967,
1428406603674,ch.unige.css.services.PingService,ch.unige.ping,10074,1449,105738787,[STARTED],false,true,0,0,47593106,
1428406603674,com.android.systemui.keyguard.KeyguardService,com.android.systemui,10012,906,42358,[PERSISTENT],false,false,1,1,42367,
1428406603674,ch.unige.css.services.main.CssRegistryService,ch.unige.ping:background,10074,13902,17964876,[STARTED],false,true,0,0,6748905,
1428406603674,com.whatsapp.messaging.MessageService,com.whatsapp,10159,26619,68313,[STARTED],false,true,1,1,47144026,
1428406603674,ccc71.at.services.at_service,ccc71.bmw.pro:services,10110,4012,69150,[STARTED],false,true,0,0,69159,
1428406603674,com.google.android.location.geocode.GeocodeService,com.google.process.location,10007,17755,102910148,[],false,true,1,1,46291800,
1428406603674,com.google.android.gms.gcm.GcmService,com.google.process.gapps,10007,17792,17965599,[STARTED],false,true,0,0,46910569,
1428406663927,com.android.bluetooth.hid.HidService,com.android.bluetooth,1002,0,41148,[],false,true,1,1,41157,
1428406663927,com.android.exchange.service.EasService,com.google.android.gm.exchange,10157,2752,54256,[STARTED],false,true,1,1,46910411,
1428406663927,com.google.android.music.dial.DialMediaRouteProviderService,com.google.android.music:main,10058,0,21711939,[],false,true,0,0,10495967,
1428406663927,ch.unige.css.services.PingService,ch.unige.ping,10074,1449,105799039,[STARTED],false,true,0,0,47614006,
1428406663927,com.android.systemui.keyguard.KeyguardService,com.android.systemui,10012,906,42358,[PERSISTENT],false,false,1,1,42367,
1428406663927,ch.unige.css.services.main.CssRegistryService,ch.unige.ping:background,10074,13902,17964876,[STARTED],false,true,0,0,6748905,
1428406663927,com.whatsapp.messaging.MessageService,com.whatsapp,10159,26619,68313,[STARTED],false,true,1,1,47144026,
1428406663927,ccc71.at.services.at_service,ccc71.bmw.pro:services,10110,4012,69150,[STARTED],false,true,0,0,69159,
1428406663927,com.google.android.location.geocode.GeocodeService,com.google.process.location,10007,17755,102910148,[],false,true,1,1,46291800,
1428406663927,com.google.android.gms.gcm.GcmService,com.google.process.gapps,10007,17792,17965599,[STARTED],false,true,0,0,46910569,
1428406723985,com.android.bluetooth.hid.HidService,com.android.bluetooth,1002,0,41148,[],false,true,1,1,41157,
1428406723985,com.android.exchange.service.EasService,com.google.android.gm.exchange,10157,2752,54256,[STARTED],false,true,1,1,46910411,
1428406723985,com.google.android.music.dial.DialMediaRouteProviderService,com.google.android.music:main,10058,0,21711939,[],false,true,0,0,10495967,
1428406723985,ch.unige.css.services.PingService,ch.unige.ping,10074,1449,105859086,[STARTED],false,true,0,0,47635960,
1428406723985,com.android.systemui.keyguard.KeyguardService,com.android.systemui,10012,906,42358,[PERSISTENT],false,false,1,1,42367,
1428406723985,ch.unige.css.services.main.CssRegistryService,ch.unige.ping:background,10074,13902,17964876,[STARTED],false,true,0,0,6748905,
1428406723985,com.whatsapp.messaging.MessageService,com.whatsapp,10159,26619,68313,[STARTED],false,true,1,1,47144026,
1428406723985,ccc71.at.services.at_service,ccc71.bmw.pro:services,10110,4012,69150,[STARTED],false,true,0,0,69159,
1428406723985,com.google.android.location.geocode.GeocodeService,com.google.process.location,10007,17755,102910148,[],false,true,1,1,46291800,
1428406723985,com.google.android.gms.gcm.GcmService,com.google.process.gapps,10007,17792,17965599,[STARTED],false,true,0,0,46910569,
1428406789493,com.android.bluetooth.hid.HidService,com.android.bluetooth,1002,0,41148,[],false,true,1,1,41157,
1428406789493,com.android.exchange.service.EasService,com.google.android.gm.exchange,10157,2752,54256,[STARTED],false,true,1,1,46910411,
1428406789493,com.google.android.music.dial.DialMediaRouteProviderService,com.google.android.music:main,10058,0,21711939,[],false,true,0,0,10495967,
1428406789493,ch.unige.css.services.PingService,ch.unige.ping,10074,1449,105924583,[STARTED],false,true,0,0,47659858,
1428406789493,com.android.systemui.keyguard.KeyguardService,com.android.systemui,10012,906,42358,[PERSISTENT],false,false,1,1,42367,
1428406789493,ch.unige.css.services.main.CssRegistryService,ch.unige.ping:background,10074,13902,17964876,[STARTED],false,true,0,0,6748905,
1428406789493,com.whatsapp.messaging.MessageService,com.whatsapp,10159,26619,68313,[STARTED],false,true,1,1,47144026,
1428406789493,ccc71.at.services.at_service,ccc71.bmw.pro:services,10110,4012,69150,[STARTED],false,true,0,0,69159,
1428406789493,com.google.android.location.geocode.GeocodeService,com.google.process.location,10007,17755,102910148,[],false,true,1,1,46291800,
1428406789493,com.google.android.gms.gcm.GcmService,com.google.process.gapps,10007,17792,17965599,[STARTED],false,true,0,0,46910569,
1428406849558,com.android.bluetooth.hid.HidService,com.android.bluetooth,1002,0,41148,[],false,true,1,1,41157,
1428406849558,com.android.exchange.service.EasService,com.google.android.gm.exchange,10157,2752,54256,[STARTED],false,true,1,1,46910411,
1428406849558,com.google.android.music.dial.DialMediaRouteProviderService,com.google.android.music:main,10058,0,21711939,[],false,true,0,0,10495967,
1428406849558,ch.unige.css.services.PingService,ch.unige.ping,10074,1449,105984621,[STARTED],false,true,0,0,47682956,
1428406849558,com.android.systemui.keyguard.KeyguardService,com.android.systemui,10012,906,42358,[PERSISTENT],false,false,1,1,42367,
1428406849558,ch.unige.css.services.main.CssRegistryService,ch.unige.ping:background,10074,13902,17964876,[STARTED],false,true,0,0,6748905,
1428406849558,com.whatsapp.messaging.MessageService,com.whatsapp,10159,26619,68313,[STARTED],false,true,1,1,47144026,
1428406849558,ccc71.at.services.at_service,ccc71.bmw.pro:services,10110,4012,69150,[STARTED],false,true,0,0,69159,
1428406849558,com.google.android.location.geocode.GeocodeService,com.google.process.location,10007,17755,102910148,[],false,true,1,1,46291800,
1428406849558,com.google.android.gms.gcm.GcmService,com.google.process.gapps,10007,17792,17965599,[STARTED],false,true,0,0,46910569,
1428406909545,com.android.bluetooth.hid.HidService,com.android.bluetooth,1002,0,41148,[],false,true,1,1,41157,
1428406909545,com.android.exchange.service.EasService,com.google.android.gm.exchange,10157,2752,54256,[STARTED],false,true,1,1,46910411,
1428406909545,com.google.android.music.dial.DialMediaRouteProviderService,com.google.android.music:main,10058,0,21711939,[],false,true,0,0,10495967,
1428406909545,ch.unige.css.services.PingService,ch.unige.ping,10074,1449,106044647,[STARTED],false,true,0,0,47703695,
1428406909545,com.android.systemui.keyguard.KeyguardService,com.android.systemui,10012,906,42358,[PERSISTENT],false,false,1,1,42367,
1428406909545,ch.unige.css.services.main.CssRegistryService,ch.unige.ping:background,10074,13902,17964876,[STARTED],false,true,0,0,6748905,
1428406909545,com.whatsapp.messaging.MessageService,com.whatsapp,10159,26619,68313,[STARTED],false,true,1,1,47144026,
1428406909545,ccc71.at.services.at_service,ccc71.bmw.pro:services,10110,4012,69150,[STARTED],false,true,0,0,69159,
1428406909545,com.google.android.location.geocode.GeocodeService,com.google.process.location,10007,17755,102910148,[],false,true,1,1,46291800,
1428406909545,com.google.android.gms.gcm.GcmService,com.google.process.gapps,10007,17792,17965599,[STARTED],false,true,0,0,46910569,
1428406969629,com.android.bluetooth.hid.HidService,com.android.bluetooth,1002,0,41148,[],false,true,1,1,41157,
1428406969629,com.android.exchange.service.EasService,com.google.android.gm.exchange,10157,2752,54256,[STARTED],false,true,1,1,46910411,
1428406969629,com.google.android.music.dial.DialMediaRouteProviderService,com.google.android.music:main,10058,0,21711939,[],false,true,0,0,10495967,
1428406969629,ch.unige.css.services.PingService,ch.unige.ping,10074,1449,106104723,[STARTED],false,true,0,0,47724297,
1428406969629,com.android.systemui.keyguard.KeyguardService,com.android.systemui,10012,906,42358,[PERSISTENT],false,false,1,1,42367,
1428406969629,ch.unige.css.services.main.CssRegistryService,ch.unige.ping:background,10074,13902,17964876,[STARTED],false,true,0,0,6748905,
1428406969629,com.whatsapp.messaging.MessageService,com.whatsapp,10159,26619,68313,[STARTED],false,true,1,1,47144026,
1428406969629,ccc71.at.services.at_service,ccc71.bmw.pro:services,10110,4012,69150,[STARTED],false,true,0,0,69159,
1428406969629,com.google.android.location.geocode.GeocodeService,com.google.process.location,10007,17755,102910148,[],false,true,1,1,46291800,
1428406969629,com.google.android.gms.gcm.GcmService,com.google.process.gapps,10007,17792,17965599,[STARTED],false,true,0,0,46910569,
1428407029752,com.android.bluetooth.hid.HidService,com.android.bluetooth,1002,0,41148,[],false,true,1,1,41157,
1428407029752,com.android.exchange.service.EasService,com.google.android.gm.exchange,10157,2752,54256,[STARTED],false,true,1,1,46910411,
1428407029752,com.google.android.music.dial.DialMediaRouteProviderService,com.google.android.music:main,10058,0,21711939,[],false,true,0,0,10495967,
1428407029752,ch.unige.css.services.PingService,ch.unige.ping,10074,1449,106164862,[STARTED],false,true,0,0,47749507,
1428407029752,com.android.systemui.keyguard.KeyguardService,com.android.systemui,10012,906,42358,[PERSISTENT],false,false,1,1,42367,
1428407029752,ch.unige.css.services.main.CssRegistryService,ch.unige.ping:background,10074,13902,17964876,[STARTED],false,true,0,0,6748905,
1428407029752,com.whatsapp.messaging.MessageService,com.whatsapp,10159,26619,68313,[STARTED],false,true,1,1,47144026,
1428407029752,ccc71.at.services.at_service,ccc71.bmw.pro:services,10110,4012,69150,[STARTED],false,true,0,0,69159,
1428407029752,com.google.android.location.geocode.GeocodeService,com.google.process.location,10007,17755,102910148,[],false,true,1,1,46291800,
1428407029752,com.google.android.gms.gcm.GcmService,com.google.process.gapps,10007,17792,17965599,[STARTED],false,true,0,0,46910569,
1428407090477,com.android.bluetooth.hid.HidService,com.android.bluetooth,1002,0,41148,[],false,true,1,1,41157,
1428407090477,com.android.exchange.service.EasService,com.google.android.gm.exchange,10157,2752,54256,[STARTED],false,true,1,1,46910411,
1428407090477,com.google.android.music.dial.DialMediaRouteProviderService,com.google.android.music:main,10058,0,21711939,[],false,true,0,0,10495967,
1428407090477,ch.unige.css.services.PingService,ch.unige.ping,10074,1449,106225566,[STARTED],false,true,0,0,47772081,
1428407090477,com.android.systemui.keyguard.KeyguardService,com.android.systemui,10012,906,42358,[PERSISTENT],false,false,1,1,42367,
1428407090477,ch.unige.css.services.main.CssRegistryService,ch.unige.ping:background,10074,13902,17964876,[STARTED],false,true,0,0,6748905,
1428407090477,com.whatsapp.messaging.MessageService,com.whatsapp,10159,26619,68313,[STARTED],false,true,1,1,47144026,
1428407090477,ccc71.at.services.at_service,ccc71.bmw.pro:services,10110,4012,69150,[STARTED],false,true,0,0,69159,
1428407090477,com.google.android.location.geocode.GeocodeService,com.google.process.location,10007,17755,102910148,[],false,true,1,1,46291800,
1428407090477,com.google.android.gms.gcm.GcmService,com.google.process.gapps,10007,17792,17965599,[STARTED],false,true,0,0,46910569,
1428407150653,com.android.bluetooth.hid.HidService,com.android.bluetooth,1002,0,41148,[],false,true,1,1,41157,
1428407150653,com.android.exchange.service.EasService,com.google.android.gm.exchange,10157,2752,54256,[STARTED],false,true,1,1,46910411,
1428407150653,com.google.android.music.dial.DialMediaRouteProviderService,com.google.android.music:main,10058,0,21711939,[],false,true,0,0,10495967,
1428407150653,ch.unige.css.services.PingService,ch.unige.ping,10074,1449,106285700,[STARTED],false,true,0,0,47792979,
1428407150653,com.android.systemui.keyguard.KeyguardService,com.android.systemui,10012,906,42358,[PERSISTENT],false,false,1,1,42367,
1428407150653,ch.unige.css.services.main.CssRegistryService,ch.unige.ping:background,10074,13902,17964876,[STARTED],false,true,0,0,6748905,
1428407150653,com.whatsapp.messaging.MessageService,com.whatsapp,10159,26619,68313,[STARTED],false,true,1,1,47144026,
1428407150653,ccc71.at.services.at_service,ccc71.bmw.pro:services,10110,4012,69150,[STARTED],false,true,0,0,69159,
1428407150653,com.google.android.location.geocode.GeocodeService,com.google.process.location,10007,17755,102910148,[],false,true,1,1,46291800,
1428407150653,com.google.android.gms.gcm.GcmService,com.google.process.gapps,10007,17792,17965599,[STARTED],false,true,0,0,46910569,
1428407210661,com.android.bluetooth.hid.HidService,com.android.bluetooth,1002,0,41148,[],false,true,1,1,41157,
1428407210661,com.android.exchange.service.EasService,com.google.android.gm.exchange,10157,2752,54256,[STARTED],false,true,1,1,46910411,
1428407210661,com.google.android.music.dial.DialMediaRouteProviderService,com.google.android.music:main,10058,0,21711939,[],false,true,0,0,10495967,
1428407210661,ch.unige.css.services.PingService,ch.unige.ping,10074,1449,106345764,[STARTED],false,true,0,0,47814689,
1428407210661,com.android.systemui.keyguard.KeyguardService,com.android.systemui,10012,906,42358,[PERSISTENT],false,false,1,1,42367,
1428407210661,ch.unige.css.services.main.CssRegistryService,ch.unige.ping:background,10074,13902,17964876,[STARTED],false,true,0,0,6748905,
1428407210661,com.whatsapp.messaging.MessageService,com.whatsapp,10159,26619,68313,[STARTED],false,true,1,1,47144026,
1428407210661,ccc71.at.services.at_service,ccc71.bmw.pro:services,10110,4012,69150,[STARTED],false,true,0,0,69159,
1428407210661,com.google.android.location.geocode.GeocodeService,com.google.process.location,10007,17755,102910148,[],false,true,1,1,46291800,
1428407210661,com.google.android.gms.gcm.GcmService,com.google.process.gapps,10007,17792,17965599,[STARTED],false,true,0,0,46910569,
1428407272482,com.android.bluetooth.hid.HidService,com.android.bluetooth,1002,0,41148,[],false,true,1,1,41157,
1428407272482,com.android.exchange.service.EasService,com.google.android.gm.exchange,10157,2752,54256,[STARTED],false,true,1,1,46910411,
1428407272482,com.google.android.music.dial.DialMediaRouteProviderService,com.google.android.music:main,10058,0,21711939,[],false,true,0,0,10495967,
1428407272482,ch.unige.css.services.PingService,ch.unige.ping,10074,1449,106408054,[STARTED],false,true,0,0,47846018,
1428407272482,com.android.systemui.keyguard.KeyguardService,com.android.systemui,10012,906,42358,[PERSISTENT],false,false,1,1,42367,
1428407272482,ch.unige.css.services.main.CssRegistryService,ch.unige.ping:background,10074,13902,17964876,[STARTED],false,true,0,0,6748905,
1428407272482,com.whatsapp.messaging.MessageService,com.whatsapp,10159,26619,68313,[STARTED],false,true,1,1,47144026,
1428407272482,ccc71.at.services.at_service,ccc71.bmw.pro:services,10110,4012,69150,[STARTED],false,true,0,0,69159,
1428407272482,com.google.android.location.geocode.GeocodeService,com.google.process.location,10007,17755,102910148,[],false,true,1,1,46291800,
1428407272482,com.google.android.gms.gcm.GcmService,com.google.process.gapps,10007,17792,17965599,[STARTED],false,true,0,0,46910569,
1428407333479,com.android.bluetooth.hid.HidService,com.android.bluetooth,1002,0,41148,[],false,true,1,1,41157,
1428407333479,com.android.exchange.service.EasService,com.google.android.gm.exchange,10157,2752,54256,[STARTED],false,true,1,1,46910411,
1428407333479,com.google.android.music.dial.DialMediaRouteProviderService,com.google.android.music:main,10058,0,21711939,[],false,true,0,0,10495967,
1428407333479,ch.unige.css.services.PingService,ch.unige.ping,10074,1449,106469033,[STARTED],false,true,0,0,47867808,
1428407333479,com.android.systemui.keyguard.KeyguardService,com.android.systemui,10012,906,42358,[PERSISTENT],false,false,1,1,42367,
1428407333479,ch.unige.css.services.main.CssRegistryService,ch.unige.ping:background,10074,13902,17964876,[STARTED],false,true,0,0,6748905,
1428407333479,com.whatsapp.messaging.MessageService,com.whatsapp,10159,26619,68313,[STARTED],false,true,1,1,47144026,
1428407333479,ccc71.at.services.at_service,ccc71.bmw.pro:services,10110,4012,69150,[STARTED],false,true,0,0,69159,
1428407333479,com.google.android.location.geocode.GeocodeService,com.google.process.location,10007,17755,102910148,[],false,true,1,1,46291800,
1428407333479,com.google.android.gms.gcm.GcmService,com.google.process.gapps,10007,17792,17965599,[STARTED],false,true,0,0,46910569,
1428407393660,com.android.bluetooth.hid.HidService,com.android.bluetooth,1002,0,41148,[],false,true,1,1,41157,
1428407393660,com.android.exchange.service.EasService,com.google.android.gm.exchange,10157,2752,54256,[STARTED],false,true,1,1,46910411,
1428407393660,com.google.android.music.dial.DialMediaRouteProviderService,com.google.android.music:main,10058,0,21711939,[],false,true,0,0,10495967,
1428407393660,ch.unige.css.services.PingService,ch.unige.ping,10074,1449,106529246,[STARTED],false,true,0,0,47890456,
1428407393660,com.android.systemui.keyguard.KeyguardService,com.android.systemui,10012,906,42358,[PERSISTENT],false,false,1,1,42367,
1428407393660,ch.unige.css.services.main.CssRegistryService,ch.unige.ping:background,10074,13902,17964876,[STARTED],false,true,0,0,6748905,
1428407393660,com.whatsapp.messaging.MessageService,com.whatsapp,10159,26619,68313,[STARTED],false,true,1,1,47144026,
1428407393660,ccc71.at.services.at_service,ccc71.bmw.pro:services,10110,4012,69150,[STARTED],false,true,0,0,69159,
1428407393660,com.google.android.location.geocode.GeocodeService,com.google.process.location,10007,17755,102910148,[],false,true,1,1,46291800,
1428407393660,com.google.android.gms.gcm.GcmService,com.google.process.gapps,10007,17792,17965599,[STARTED],false,true,0,0,46910569,
1428407454496,com.android.bluetooth.hid.HidService,com.android.bluetooth,1002,0,41148,[],false,true,1,1,41157,
1428407454496,com.android.exchange.service.EasService,com.google.android.gm.exchange,10157,2752,54256,[STARTED],false,true,1,1,46910411,
1428407454496,com.google.android.music.dial.DialMediaRouteProviderService,com.google.android.music:main,10058,0,21711939,[],false,true,0,0,10495967,
1428407454496,ch.unige.css.services.PingService,ch.unige.ping,10074,1449,106590035,[STARTED],false,true,0,0,47910874,
1428407454496,com.android.systemui.keyguard.KeyguardService,com.android.systemui,10012,906,42358,[PERSISTENT],false,false,1,1,42367,
1428407454496,ch.unige.css.services.main.CssRegistryService,ch.unige.ping:background,10074,13902,17964876,[STARTED],false,true,0,0,6748905,
1428407454496,com.whatsapp.messaging.MessageService,com.whatsapp,10159,26619,68313,[STARTED],false,true,1,1,47144026,
1428407454496,ccc71.at.services.at_service,ccc71.bmw.pro:services,10110,4012,69150,[STARTED],false,true,0,0,69159,
1428407454496,com.google.android.location.geocode.GeocodeService,com.google.process.location,10007,17755,102910148,[],false,true,1,1,46291800,
1428407454496,com.google.android.gms.gcm.GcmService,com.google.process.gapps,10007,17792,17965599,[STARTED],false,true,0,0,46910569,
1428407514666,com.android.bluetooth.hid.HidService,com.android.bluetooth,1002,0,41148,[],false,true,1,1,41157,
1428407514666,com.android.exchange.service.EasService,com.google.android.gm.exchange,10157,2752,54256,[STARTED],false,true,1,1,47918800,
1428407514666,com.google.android.music.dial.DialMediaRouteProviderService,com.google.android.music:main,10058,0,21711939,[],false,true,0,0,10495967,
1428407514666,ch.unige.css.services.PingService,ch.unige.ping,10074,1449,106650259,[STARTED],false,true,0,0,47971098,
1428407514666,com.android.systemui.keyguard.KeyguardService,com.android.systemui,10012,906,42358,[PERSISTENT],false,false,1,1,42367,
1428407514666,ch.unige.css.services.main.CssRegistryService,ch.unige.ping:background,10074,13902,17964876,[STARTED],false,true,0,0,6748905,
1428407514666,com.whatsapp.messaging.MessageService,com.whatsapp,10159,26619,68313,[STARTED],false,true,1,1,47144026,
1428407514666,ccc71.at.services.at_service,ccc71.bmw.pro:services,10110,4012,69150,[STARTED],false,true,0,0,69159,
1428407514666,com.google.android.location.geocode.GeocodeService,com.google.process.location,10007,17755,106608096,[],false,true,1,1,47928935,
1428407514666,com.google.android.gms.gcm.GcmService,com.google.process.gapps,10007,17792,17965599,[STARTED],false,true,0,0,47929237,
1428407577474,com.android.bluetooth.hid.HidService,com.android.bluetooth,1002,0,41148,[],false,true,1,1,41157,
1428407577474,com.android.exchange.service.EasService,com.google.android.gm.exchange,10157,2752,54256,[STARTED],false,true,1,1,47918800,
1428407577474,com.google.android.music.dial.DialMediaRouteProviderService,com.google.android.music:main,10058,0,21711939,[],false,true,0,0,10495967,
1428407577474,ch.unige.css.services.PingService,ch.unige.ping,10074,1449,106713068,[STARTED],false,true,0,0,48033907,
1428407577474,com.android.systemui.keyguard.KeyguardService,com.android.systemui,10012,906,42358,[PERSISTENT],false,false,1,1,42367,
1428407577474,ch.unige.css.services.main.CssRegistryService,ch.unige.ping:background,10074,13902,17964876,[STARTED],false,true,0,0,6748905,
1428407577474,com.whatsapp.messaging.MessageService,com.whatsapp,10159,26619,68313,[STARTED],false,true,1,1,47144026,
1428407577474,ccc71.at.services.at_service,ccc71.bmw.pro:services,10110,4012,69150,[STARTED],false,true,0,0,69159,
1428407577474,com.google.android.location.geocode.GeocodeService,com.google.process.location,10007,17755,106608096,[],false,true,1,1,47928935,
1428407577474,com.google.android.gms.gcm.GcmService,com.google.process.gapps,10007,17792,17965599,[STARTED],false,true,0,0,47929237,
1428407638496,com.android.bluetooth.hid.HidService,com.android.bluetooth,1002,0,41148,[],false,true,1,1,41157,
1428407638496,com.android.exchange.service.EasService,com.google.android.gm.exchange,10157,2752,54256,[STARTED],false,true,1,1,47918800,
1428407638496,com.google.android.music.dial.DialMediaRouteProviderService,com.google.android.music:main,10058,0,21711939,[],false,true,0,0,10495967,
1428407638496,ch.unige.css.services.PingService,ch.unige.ping,10074,1449,106774064,[STARTED],false,true,0,0,48057009,
1428407638496,com.android.systemui.keyguard.KeyguardService,com.android.systemui,10012,906,42358,[PERSISTENT],false,false,1,1,42367,
1428407638496,ch.unige.css.services.main.CssRegistryService,ch.unige.ping:background,10074,13902,17964876,[STARTED],false,true,0,0,6748905,
1428407638496,com.whatsapp.messaging.MessageService,com.whatsapp,10159,26619,68313,[STARTED],false,true,1,1,47144026,
1428407638496,ccc71.at.services.at_service,ccc71.bmw.pro:services,10110,4012,69150,[STARTED],false,true,0,0,69159,
1428407638496,com.google.android.location.geocode.GeocodeService,com.google.process.location,10007,17755,106608096,[],false,true,1,1,47928935,
1428407638496,com.google.android.gms.gcm.GcmService,com.google.process.gapps,10007,17792,17965599,[STARTED],false,true,0,0,47929237,
1428407698016,com.android.bluetooth.hid.HidService,com.android.bluetooth,1002,0,41148,[],false,true,1,1,41157,
1428407698016,com.android.exchange.service.EasService,com.google.android.gm.exchange,10157,2752,54256,[STARTED],false,true,1,1,48088815,
1428407698016,com.google.android.music.dial.DialMediaRouteProviderService,com.google.android.music:main,10058,0,21711939,[],false,true,0,0,10495967,
1428407698016,ch.unige.css.services.PingService,ch.unige.ping,10074,1449,106834091,[STARTED],false,true,0,0,48100833,
1428407698016,com.google.android.gms.car.CarService,com.google.android.gms:car,10007,12591,106832845,[],false,true,1,1,48099635,
1428407698016,com.android.systemui.keyguard.KeyguardService,com.android.systemui,10012,906,42358,[PERSISTENT],false,false,1,1,42367,
1428407698016,ch.unige.css.services.main.CssRegistryService,ch.unige.ping:background,10074,13902,17964876,[STARTED],false,true,0,0,6748905,
1428407698016,com.whatsapp.messaging.MessageService,com.whatsapp,10159,26619,68313,[STARTED],false,true,1,1,48092713,
1428407698016,ccc71.at.services.at_service,ccc71.bmw.pro:services,10110,4012,69150,[STARTED],false,true,0,0,69159,
1428407698016,com.google.android.location.geocode.GeocodeService,com.google.process.location,10007,17755,106832751,[],false,true,1,1,48099493,
1428407766482,com.android.bluetooth.hid.HidService,com.android.bluetooth,1002,0,41148,[],false,true,1,1,41157,
1428407766482,com.android.exchange.service.EasService,com.google.android.gm.exchange,10157,2752,54256,[STARTED],false,true,1,1,48122724,
1428407766482,com.google.android.music.dial.DialMediaRouteProviderService,com.google.android.music:main,10058,0,21711939,[],false,true,0,0,10495967,
1428407766482,ch.unige.css.services.PingService,ch.unige.ping,10074,1449,106902519,[STARTED],false,true,0,0,48135343,
1428407766482,com.android.systemui.keyguard.KeyguardService,com.android.systemui,10012,906,42358,[PERSISTENT],false,false,1,1,42367,
1428407766482,ch.unige.css.services.main.CssRegistryService,ch.unige.ping:background,10074,13902,17964876,[STARTED],false,true,0,0,6748905,
1428407766482,com.whatsapp.messaging.MessageService,com.whatsapp,10159,26619,68313,[STARTED],false,true,1,1,48092713,
1428407766482,ccc71.at.services.at_service,ccc71.bmw.pro:services,10110,4012,69150,[STARTED],false,true,0,0,69159,
1428407766482,com.google.android.location.geocode.GeocodeService,com.google.process.location,10007,17755,106832751,[],false,true,1,1,48099493,
1428407766482,com.google.android.gms.gcm.GcmService,com.google.process.gapps,10007,17792,17965599,[STARTED],false,true,0,0,48099779,
1428407827475,com.android.bluetooth.hid.HidService,com.android.bluetooth,1002,0,41148,[],false,true,1,1,41157,
1428407827475,com.android.exchange.service.EasService,com.google.android.gm.exchange,10157,2752,54256,[STARTED],false,true,1,1,48122724,
1428407827475,com.google.android.music.dial.DialMediaRouteProviderService,com.google.android.music:main,10058,0,21711939,[],false,true,0,0,10495967,
1428407827475,ch.unige.css.services.PingService,ch.unige.ping,10074,1449,106963530,[STARTED],false,true,0,0,48159472,
1428407827475,com.android.systemui.keyguard.KeyguardService,com.android.systemui,10012,906,42358,[PERSISTENT],false,false,1,1,42367,
1428407827475,ch.unige.css.services.main.CssRegistryService,ch.unige.ping:background,10074,13902,17964876,[STARTED],false,true,0,0,6748905,
1428407827475,com.whatsapp.messaging.MessageService,com.whatsapp,10159,26619,68313,[STARTED],false,true,1,1,48092713,
1428407827475,ccc71.at.services.at_service,ccc71.bmw.pro:services,10110,4012,69150,[STARTED],false,true,0,0,69159,
1428407827475,com.google.android.location.geocode.GeocodeService,com.google.process.location,10007,17755,106832751,[],false,true,1,1,48099493,
1428407827475,com.google.android.gms.gcm.GcmService,com.google.process.gapps,10007,17792,17965599,[STARTED],false,true,0,0,48099779,
1428407887703,com.android.bluetooth.hid.HidService,com.android.bluetooth,1002,0,41148,[],false,true,1,1,41157,
1428407887703,com.android.exchange.service.EasService,com.google.android.gm.exchange,10157,2752,54256,[STARTED],false,true,1,1,48122724,
1428407887703,com.google.android.music.dial.DialMediaRouteProviderService,com.google.android.music:main,10058,0,21711939,[],false,true,0,0,10495967,
1428407887703,ch.unige.css.services.PingService,ch.unige.ping,10074,1449,107023778,[STARTED],false,true,0,0,48186611,
1428407887703,com.android.systemui.keyguard.KeyguardService,com.android.systemui,10012,906,42358,[PERSISTENT],false,false,1,1,42367,
1428407887703,ch.unige.css.services.main.CssRegistryService,ch.unige.ping:background,10074,13902,17964876,[STARTED],false,true,0,0,6748905,
1428407887703,com.whatsapp.messaging.MessageService,com.whatsapp,10159,26619,68313,[STARTED],false,true,1,1,48092713,
1428407887703,ccc71.at.services.at_service,ccc71.bmw.pro:services,10110,4012,69150,[STARTED],false,true,0,0,69159,
1428407887703,com.google.android.location.geocode.GeocodeService,com.google.process.location,10007,17755,106832751,[],false,true,1,1,48099493,
1428407887703,com.google.android.gms.gcm.GcmService,com.google.process.gapps,10007,17792,17965599,[STARTED],false,true,0,0,48099779,
1428407947714,com.android.bluetooth.hid.HidService,com.android.bluetooth,1002,0,41148,[],false,true,1,1,41157,
1428407947714,com.google.android.gms.mdm.services.NetworkQualityAndroidService,com.google.android.gms,10007,17855,107083131,[],false,true,1,1,48215333,
1428407947714,com.android.exchange.service.EasService,com.google.android.gm.exchange,10157,2752,54256,[STARTED],false,true,1,1,48122724,
1428407947714,com.google.android.music.dial.DialMediaRouteProviderService,com.google.android.music:main,10058,0,21711939,[],false,true,0,0,10495967,
1428407947714,ch.unige.css.services.PingService,ch.unige.ping,10074,1449,107083792,[STARTED],false,true,0,0,48215994,
1428407947714,com.android.systemui.keyguard.KeyguardService,com.android.systemui,10012,906,42358,[PERSISTENT],false,false,1,1,42367,
1428407947714,ch.unige.css.services.main.CssRegistryService,ch.unige.ping:background,10074,13902,17964876,[STARTED],false,true,0,0,6748905,
1428407947714,com.whatsapp.messaging.MessageService,com.whatsapp,10159,26619,68313,[STARTED],false,true,1,1,48092713,
1428407947714,ccc71.at.services.at_service,ccc71.bmw.pro:services,10110,4012,69150,[STARTED],false,true,0,0,69159,
1428407947714,com.google.android.location.geocode.GeocodeService,com.google.process.location,10007,17755,106832751,[],false,true,1,1,48099493,
1428408007826,com.android.bluetooth.hid.HidService,com.android.bluetooth,1002,0,41148,[],false,true,1,1,41157,
1428408007826,com.android.exchange.service.EasService,com.google.android.gm.exchange,10157,2752,54256,[STARTED],false,true,1,1,48122724,
1428408007826,com.google.android.music.dial.DialMediaRouteProviderService,com.google.android.music:main,10058,0,21711939,[],false,true,0,0,10495967,
1428408007826,ch.unige.css.services.PingService,ch.unige.ping,10074,1449,107143880,[STARTED],false,true,0,0,48242743,
1428408007826,com.android.systemui.keyguard.KeyguardService,com.android.systemui,10012,906,42358,[PERSISTENT],false,false,1,1,42367,
1428408007826,ch.unige.css.services.main.CssRegistryService,ch.unige.ping:background,10074,13902,17964876,[STARTED],false,true,0,0,6748905,
1428408007826,com.whatsapp.messaging.MessageService,com.whatsapp,10159,26619,68313,[STARTED],false,true,1,1,48092713,
1428408007826,ccc71.at.services.at_service,ccc71.bmw.pro:services,10110,4012,69150,[STARTED],false,true,0,0,69159,
1428408007826,com.google.android.location.geocode.GeocodeService,com.google.process.location,10007,17755,106832751,[],false,true,1,1,48099493,
1428408007826,com.google.android.gms.gcm.GcmService,com.google.process.gapps,10007,17792,17965599,[STARTED],false,true,0,0,48215299,
1428408067826,com.android.bluetooth.hid.HidService,com.android.bluetooth,1002,0,41148,[],false,true,1,1,41157,
1428408067826,com.android.exchange.service.EasService,com.google.android.gm.exchange,10157,2752,54256,[STARTED],false,true,1,1,48122724,
1428408067826,com.google.android.music.dial.DialMediaRouteProviderService,com.google.android.music:main,10058,0,21711939,[],false,true,0,0,10495967,
1428408067826,ch.unige.css.services.PingService,ch.unige.ping,10074,1449,107203899,[STARTED],false,true,0,0,48264833,
1428408067826,com.android.systemui.keyguard.KeyguardService,com.android.systemui,10012,906,42358,[PERSISTENT],false,false,1,1,42367,
1428408067826,ch.unige.css.services.main.CssRegistryService,ch.unige.ping:background,10074,13902,17964876,[STARTED],false,true,0,0,6748905,
1428408067826,com.whatsapp.messaging.MessageService,com.whatsapp,10159,26619,68313,[STARTED],false,true,1,1,48092713,
1428408067826,ccc71.at.services.at_service,ccc71.bmw.pro:services,10110,4012,69150,[STARTED],false,true,0,0,69159,
1428408067826,com.google.android.location.geocode.GeocodeService,com.google.process.location,10007,17755,106832751,[],false,true,1,1,48099493,
1428408067826,com.google.android.gms.gcm.GcmService,com.google.process.gapps,10007,17792,17965599,[STARTED],false,true,0,0,48215299,
1428408127832,com.android.bluetooth.hid.HidService,com.android.bluetooth,1002,0,41148,[],false,true,1,1,41157,
1428408127832,com.android.exchange.service.EasService,com.google.android.gm.exchange,10157,2752,54256,[STARTED],false,true,1,1,48122724,
1428408127832,com.google.android.music.dial.DialMediaRouteProviderService,com.google.android.music:main,10058,0,21711939,[],false,true,0,0,10495967,
1428408127832,ch.unige.css.services.PingService,ch.unige.ping,10074,1449,107263911,[STARTED],false,true,0,0,48286166,
1428408127832,com.android.systemui.keyguard.KeyguardService,com.android.systemui,10012,906,42358,[PERSISTENT],false,false,1,1,42367,
1428408127832,ch.unige.css.services.main.CssRegistryService,ch.unige.ping:background,10074,13902,17964876,[STARTED],false,true,0,0,6748905,
1428408127832,com.whatsapp.messaging.MessageService,com.whatsapp,10159,26619,68313,[STARTED],false,true,1,1,48092713,
1428408127832,ccc71.at.services.at_service,ccc71.bmw.pro:services,10110,4012,69150,[STARTED],false,true,0,0,69159,
1428408127832,com.google.android.location.geocode.GeocodeService,com.google.process.location,10007,17755,106832751,[],false,true,1,1,48099493,
1428408127832,com.facebook.analytics.service.AnalyticsService,com.facebook.katana,10079,21602,107221158,[STARTED],false,true,0,0,48282120,
1428408188448,com.android.bluetooth.hid.HidService,com.android.bluetooth,1002,0,41148,[],false,true,1,1,41157,
1428408188448,com.android.exchange.service.EasService,com.google.android.gm.exchange,10157,2752,54256,[STARTED],false,true,1,1,48122724,
1428408188448,com.google.android.music.dial.DialMediaRouteProviderService,com.google.android.music:main,10058,0,21711939,[],false,true,0,0,10495967,
1428408188448,ch.unige.css.services.PingService,ch.unige.ping,10074,1449,107324521,[STARTED],false,true,0,0,48312063,
1428408188448,com.android.systemui.keyguard.KeyguardService,com.android.systemui,10012,906,42358,[PERSISTENT],false,false,1,1,42367,
1428408188448,ch.unige.css.services.main.CssRegistryService,ch.unige.ping:background,10074,13902,17964876,[STARTED],false,true,0,0,6748905,
1428408188448,com.whatsapp.messaging.MessageService,com.whatsapp,10159,26619,68313,[STARTED],false,true,1,1,48092713,
1428408188448,ccc71.at.services.at_service,ccc71.bmw.pro:services,10110,4012,69150,[STARTED],false,true,0,0,69159,
1428408188448,com.google.android.location.geocode.GeocodeService,com.google.process.location,10007,17755,106832751,[],false,true,1,1,48099493,
1428408188448,com.facebook.analytics.service.AnalyticsService,com.facebook.katana,10079,21602,107221158,[STARTED],false,true,0,0,48282120,
1428408248453,com.android.bluetooth.hid.HidService,com.android.bluetooth,1002,0,41148,[],false,true,1,1,41157,
1428408248453,com.android.exchange.service.EasService,com.google.android.gm.exchange,10157,2752,54256,[STARTED],false,true,1,1,48122724,
1428408248453,com.google.android.music.dial.DialMediaRouteProviderService,com.google.android.music:main,10058,0,21711939,[],false,true,0,0,10495967,
1428408248453,ch.unige.css.services.PingService,ch.unige.ping,10074,1449,107384532,[STARTED],false,true,0,0,48333023,
1428408248453,com.android.systemui.keyguard.KeyguardService,com.android.systemui,10012,906,42358,[PERSISTENT],false,false,1,1,42367,
1428408248453,ch.unige.css.services.main.CssRegistryService,ch.unige.ping:background,10074,13902,17964876,[STARTED],false,true,0,0,6748905,
1428408248453,com.whatsapp.messaging.MessageService,com.whatsapp,10159,26619,68313,[STARTED],false,true,1,1,48092713,
1428408248453,ccc71.at.services.at_service,ccc71.bmw.pro:services,10110,4012,69150,[STARTED],false,true,0,0,69159,
1428408248453,com.google.android.location.geocode.GeocodeService,com.google.process.location,10007,17755,106832751,[],false,true,1,1,48099493,
1428408248453,com.google.android.gms.gcm.GcmService,com.google.process.gapps,10007,17792,17965599,[STARTED],false,true,0,0,48215299,
1428408309446,com.android.bluetooth.hid.HidService,com.android.bluetooth,1002,0,41148,[],false,true,1,1,41157,
1428408309446,com.android.exchange.service.EasService,com.google.android.gm.exchange,10157,2752,54256,[STARTED],false,true,1,1,48122724,
1428408309446,com.google.android.music.dial.DialMediaRouteProviderService,com.google.android.music:main,10058,0,21711939,[],false,true,0,0,10495967,
1428408309446,ch.unige.css.services.PingService,ch.unige.ping,10074,1449,107445520,[STARTED],false,true,0,0,48353574,
1428408309446,com.android.systemui.keyguard.KeyguardService,com.android.systemui,10012,906,42358,[PERSISTENT],false,false,1,1,42367,
1428408309446,ch.unige.css.services.main.CssRegistryService,ch.unige.ping:background,10074,13902,17964876,[STARTED],false,true,0,0,6748905,
1428408309446,com.whatsapp.messaging.MessageService,com.whatsapp,10159,26619,68313,[STARTED],false,true,1,1,48092713,
1428408309446,ccc71.at.services.at_service,ccc71.bmw.pro:services,10110,4012,69150,[STARTED],false,true,0,0,69159,
1428408309446,com.google.android.location.geocode.GeocodeService,com.google.process.location,10007,17755,106832751,[],false,true,1,1,48099493,
1428408309446,com.google.android.gms.gcm.GcmService,com.google.process.gapps,10007,17792,17965599,[STARTED],false,true,0,0,48215299,
1428408369038,com.android.bluetooth.hid.HidService,com.android.bluetooth,1002,0,41148,[],false,true,1,1,41157,
1428408369038,com.android.exchange.service.EasService,com.google.android.gm.exchange,10157,2752,54256,[STARTED],false,true,1,1,48122724,
1428408369038,com.google.android.music.dial.DialMediaRouteProviderService,com.google.android.music:main,10058,0,21711939,[],false,true,0,0,10495967,
1428408369038,ch.unige.css.services.PingService,ch.unige.ping,10074,1449,107505586,[STARTED],false,true,0,0,48390878,
1428408369038,com.android.systemui.keyguard.KeyguardService,com.android.systemui,10012,906,42358,[PERSISTENT],false,false,1,1,42367,
1428408369038,ch.unige.css.services.main.CssRegistryService,ch.unige.ping:background,10074,13902,17964876,[STARTED],false,true,0,0,6748905,
1428408369038,com.whatsapp.messaging.MessageService,com.whatsapp,10159,26619,68313,[STARTED],false,true,1,1,48377494,
1428408369038,ccc71.at.services.at_service,ccc71.bmw.pro:services,10110,4012,69150,[STARTED],false,true,0,0,69159,
1428408369038,com.google.android.location.geocode.GeocodeService,com.google.process.location,10007,17755,106832751,[],false,true,1,1,48099493,
1428408369038,com.google.android.gms.gcm.GcmService,com.google.process.gapps,10007,17792,17965599,[STARTED],false,true,0,0,48215299,
1428408455629,com.android.bluetooth.hid.HidService,com.android.bluetooth,1002,0,41148,[],false,true,1,1,41157,
1428408455629,com.android.exchange.service.EasService,com.google.android.gm.exchange,10157,2752,54256,[STARTED],false,true,1,1,48122724,
1428408455629,com.google.android.music.dial.DialMediaRouteProviderService,com.google.android.music:main,10058,0,21711939,[],false,true,0,0,10495967,
1428408455629,ch.unige.css.services.PingService,ch.unige.ping,10074,1449,107592132,[STARTED],false,true,0,0,48414473,
1428408455629,com.android.systemui.keyguard.KeyguardService,com.android.systemui,10012,906,42358,[PERSISTENT],false,false,1,1,42367,
1428408455629,ch.unige.css.services.main.CssRegistryService,ch.unige.ping:background,10074,13902,17964876,[STARTED],false,true,0,0,6748905,
1428408455629,com.whatsapp.messaging.MessageService,com.whatsapp,10159,26619,68313,[STARTED],false,true,1,1,48377494,
1428408455629,ccc71.at.services.at_service,ccc71.bmw.pro:services,10110,4012,69150,[STARTED],false,true,0,0,69159,
1428408455629,com.google.android.location.geocode.GeocodeService,com.google.process.location,10007,17755,106832751,[],false,true,1,1,48099493,
1428408455629,com.google.android.gms.gcm.GcmService,com.google.process.gapps,10007,17792,17965599,[STARTED],false,true,0,0,48215299,
1428408515786,com.android.bluetooth.hid.HidService,com.android.bluetooth,1002,0,41148,[],false,true,1,1,41157,
1428408515786,com.android.exchange.service.EasService,com.google.android.gm.exchange,10157,2752,54256,[STARTED],false,true,1,1,48122724,
1428408515786,com.google.android.music.dial.DialMediaRouteProviderService,com.google.android.music:main,10058,0,21711939,[],false,true,0,0,10495967,
1428408515786,ch.unige.css.services.PingService,ch.unige.ping,10074,1449,107652330,[STARTED],false,true,0,0,48446320,
1428408515786,com.android.systemui.keyguard.KeyguardService,com.android.systemui,10012,906,42358,[PERSISTENT],false,false,1,1,42367,
1428408515786,ch.unige.css.services.main.CssRegistryService,ch.unige.ping:background,10074,13902,17964876,[STARTED],false,true,0,0,6748905,
1428408515786,com.whatsapp.messaging.MessageService,com.whatsapp,10159,26619,68313,[STARTED],false,true,1,1,48377494,
1428408515786,ccc71.at.services.at_service,ccc71.bmw.pro:services,10110,4012,69150,[STARTED],false,true,0,0,69159,
1428408515786,com.google.android.location.geocode.GeocodeService,com.google.process.location,10007,17755,106832751,[],false,true,1,1,48099493,
1428408515786,com.google.android.gms.gcm.GcmService,com.google.process.gapps,10007,17792,17965599,[STARTED],false,true,0,0,48215299,
1428408575802,com.android.bluetooth.hid.HidService,com.android.bluetooth,1002,0,41148,[],false,true,1,1,41157,
1428408575802,com.android.exchange.service.EasService,com.google.android.gm.exchange,10157,2752,54256,[STARTED],false,true,1,1,48122724,
1428408575802,com.google.android.music.dial.DialMediaRouteProviderService,com.google.android.music:main,10058,0,21711939,[],false,true,0,0,10495967,
1428408575802,ch.unige.css.services.PingService,ch.unige.ping,10074,1449,107712350,[STARTED],false,true,0,0,48497040,
1428408575802,com.android.systemui.keyguard.KeyguardService,com.android.systemui,10012,906,42358,[PERSISTENT],false,false,1,1,42367,
1428408575802,ch.unige.css.services.main.CssRegistryService,ch.unige.ping:background,10074,13902,17964876,[STARTED],false,true,0,0,6748905,
1428408575802,com.whatsapp.messaging.MessageService,com.whatsapp,10159,26619,68313,[STARTED],false,true,1,1,48475327,
1428408575802,ccc71.at.services.at_service,ccc71.bmw.pro:services,10110,4012,69150,[STARTED],false,true,0,0,69159,
1428408575802,com.android.inputmethod.latin.spellcheck.AndroidSpellCheckerService,com.google.android.inputmethod.latin,10054,1125,107695440,[],false,true,1,1,48480130,
1428408575802,com.google.android.location.geocode.GeocodeService,com.google.process.location,10007,17755,107701400,[],false,true,1,1,48486090,
1428408635855,com.android.bluetooth.hid.HidService,com.android.bluetooth,1002,0,41148,[],false,true,1,1,41157,
1428408635855,com.android.exchange.service.EasService,com.google.android.gm.exchange,10157,2752,54256,[STARTED],false,true,1,1,48505547,
1428408635855,com.google.android.music.dial.DialMediaRouteProviderService,com.google.android.music:main,10058,0,21711939,[],false,true,0,0,10495967,
1428408635855,ch.unige.css.services.PingService,ch.unige.ping,10074,1449,107772390,[STARTED],false,true,0,0,48557081,
1428408635855,com.android.systemui.keyguard.KeyguardService,com.android.systemui,10012,906,42358,[PERSISTENT],false,false,1,1,42367,
1428408635855,ch.unige.css.services.main.CssRegistryService,ch.unige.ping:background,10074,13902,17964876,[STARTED],false,true,0,0,6748905,
1428408635855,com.whatsapp.messaging.MessageService,com.whatsapp,10159,26619,68313,[STARTED],false,true,1,1,48475327,
1428408635855,ccc71.at.services.at_service,ccc71.bmw.pro:services,10110,4012,69150,[STARTED],false,true,0,0,69159,
1428408635855,com.android.inputmethod.latin.spellcheck.AndroidSpellCheckerService,com.google.android.inputmethod.latin,10054,1125,107695440,[],false,true,1,1,48480130,
1428408635855,com.google.android.location.geocode.GeocodeService,com.google.process.location,10007,17755,107701400,[],false,true,1,1,48486090,
1428408695932,com.android.bluetooth.hid.HidService,com.android.bluetooth,1002,0,41148,[],false,true,1,1,41157,
1428408695932,com.android.exchange.service.EasService,com.google.android.gm.exchange,10157,2752,54256,[STARTED],false,true,1,1,48505547,
1428408695932,com.google.android.music.dial.DialMediaRouteProviderService,com.google.android.music:main,10058,0,21711939,[],false,true,0,0,10495967,
1428408695932,ch.unige.css.services.PingService,ch.unige.ping,10074,1449,107832477,[STARTED],false,true,0,0,48588528,
1428408695932,com.android.systemui.keyguard.KeyguardService,com.android.systemui,10012,906,42358,[PERSISTENT],false,false,1,1,42367,
1428408695932,ch.unige.css.services.main.CssRegistryService,ch.unige.ping:background,10074,13902,17964876,[STARTED],false,true,0,0,6748905,
1428408695932,com.whatsapp.messaging.MessageService,com.whatsapp,10159,26619,68313,[STARTED],false,true,1,1,48475327,
1428408695932,ccc71.at.services.at_service,ccc71.bmw.pro:services,10110,4012,69150,[STARTED],false,true,0,0,69159,
1428408695932,com.android.inputmethod.latin.spellcheck.AndroidSpellCheckerService,com.google.android.inputmethod.latin,10054,1125,107695440,[],false,true,1,1,48480130,
1428408695932,com.google.android.location.geocode.GeocodeService,com.google.process.location,10007,17755,107701400,[],false,true,1,1,48486090,
1428408790599,com.android.bluetooth.hid.HidService,com.android.bluetooth,1002,0,41148,[],false,true,1,1,41157,
1428408790599,com.android.exchange.service.EasService,com.google.android.gm.exchange,10157,2752,54256,[STARTED],false,true,1,1,48505547,
1428408790599,com.google.android.music.dial.DialMediaRouteProviderService,com.google.android.music:main,10058,0,21711939,[],false,true,0,0,10495967,
1428408790599,ch.unige.css.services.PingService,ch.unige.ping,10074,1449,107927123,[STARTED],false,true,0,0,48617873,
1428408790599,com.android.systemui.keyguard.KeyguardService,com.android.systemui,10012,906,42358,[PERSISTENT],false,false,1,1,42367,
1428408790599,ch.unige.css.services.main.CssRegistryService,ch.unige.ping:background,10074,13902,17964876,[STARTED],false,true,0,0,6748905,
1428408790599,com.whatsapp.messaging.MessageService,com.whatsapp,10159,26619,68313,[STARTED],false,true,1,1,48475327,
1428408790599,ccc71.at.services.at_service,ccc71.bmw.pro:services,10110,4012,69150,[STARTED],false,true,0,0,69159,
1428408790599,com.android.inputmethod.latin.spellcheck.AndroidSpellCheckerService,com.google.android.inputmethod.latin,10054,1125,107695440,[],false,true,1,1,48480130,
1428408790599,com.google.android.location.geocode.GeocodeService,com.google.process.location,10007,17755,107701400,[],false,true,1,1,48486090,
1428408850691,com.android.bluetooth.hid.HidService,com.android.bluetooth,1002,0,41148,[],false,true,1,1,41157,
1428408850691,com.android.exchange.service.EasService,com.google.android.gm.exchange,10157,2752,54256,[STARTED],false,true,1,1,48505547,
1428408850691,com.google.android.music.dial.DialMediaRouteProviderService,com.google.android.music:main,10058,0,21711939,[],false,true,0,0,10495967,
1428408850691,ch.unige.css.services.PingService,ch.unige.ping,10074,1449,107987201,[STARTED],false,true,0,0,48659072,
1428408850691,com.android.systemui.keyguard.KeyguardService,com.android.systemui,10012,906,42358,[PERSISTENT],false,false,1,1,42367,
1428408850691,ch.unige.css.services.main.CssRegistryService,ch.unige.ping:background,10074,13902,17964876,[STARTED],false,true,0,0,6748905,
1428408850691,com.whatsapp.messaging.MessageService,com.whatsapp,10159,26619,68313,[STARTED],false,true,1,1,48475327,
1428408850691,ccc71.at.services.at_service,ccc71.bmw.pro:services,10110,4012,69150,[STARTED],false,true,0,0,69159,
1428408850691,com.google.android.location.geocode.GeocodeService,com.google.process.location,10007,17755,107701400,[],false,true,1,1,48486090,
1428408850691,com.google.android.gms.gcm.GcmService,com.google.process.gapps,10007,17792,17965599,[STARTED],false,true,0,0,48486320,
1428408917563,com.android.bluetooth.hid.HidService,com.android.bluetooth,1002,0,41148,[],false,true,1,1,41157,
1428408917563,com.android.exchange.service.EasService,com.google.android.gm.exchange,10157,2752,54256,[STARTED],false,true,1,1,48505547,
1428408917563,com.google.android.music.dial.DialMediaRouteProviderService,com.google.android.music:main,10058,0,21711939,[],false,true,0,0,10495967,
1428408917563,ch.unige.css.services.PingService,ch.unige.ping,10074,1449,108054103,[STARTED],false,true,0,0,48684833,
1428408917563,com.android.systemui.keyguard.KeyguardService,com.android.systemui,10012,906,42358,[PERSISTENT],false,false,1,1,42367,
1428408917563,ch.unige.css.services.main.CssRegistryService,ch.unige.ping:background,10074,13902,17964876,[STARTED],false,true,0,0,6748905,
1428408917563,com.whatsapp.messaging.MessageService,com.whatsapp,10159,26619,68313,[STARTED],false,true,1,1,48475327,
1428408917563,ccc71.at.services.at_service,ccc71.bmw.pro:services,10110,4012,69150,[STARTED],false,true,0,0,69159,
1428408917563,com.google.android.location.geocode.GeocodeService,com.google.process.location,10007,17755,107701400,[],false,true,1,1,48486090,
1428408917563,com.google.android.gms.gcm.GcmService,com.google.process.gapps,10007,17792,17965599,[STARTED],false,true,0,0,48486320,
1428408977755,com.android.bluetooth.hid.HidService,com.android.bluetooth,1002,0,41148,[],false,true,1,1,41157,
1428408977755,com.google.android.gms.fitness.service.history.FitHistoryBroker,com.google.process.location,10007,17755,108074948,[],false,true,1,1,48705678,
1428408977755,com.android.exchange.service.EasService,com.google.android.gm.exchange,10157,2752,54256,[STARTED],false,true,1,1,48505547,
1428408977755,com.google.android.music.dial.DialMediaRouteProviderService,com.google.android.music:main,10058,0,21711939,[],false,true,0,0,10495967,
1428408977755,ch.unige.css.services.PingService,ch.unige.ping,10074,1449,108114218,[STARTED],false,true,0,0,48709486,
1428408977755,com.google.android.gms.fitness.service.config.FitConfigBroker,com.google.process.location,10007,17755,108074951,[],false,true,1,1,48705681,
1428408977755,com.android.systemui.keyguard.KeyguardService,com.android.systemui,10012,906,42358,[PERSISTENT],false,false,1,1,42367,
1428408977755,ch.unige.css.services.main.CssRegistryService,ch.unige.ping:background,10074,13902,17964876,[STARTED],false,true,0,0,6748905,
1428408977755,com.whatsapp.messaging.MessageService,com.whatsapp,10159,26619,68313,[STARTED],false,true,1,1,48475327,
1428408977755,ccc71.at.services.at_service,ccc71.bmw.pro:services,10110,4012,69150,[STARTED],false,true,0,0,69159,
1428409037754,com.android.bluetooth.hid.HidService,com.android.bluetooth,1002,0,41148,[],false,true,1,1,41157,
1428409037754,com.android.exchange.service.EasService,com.google.android.gm.exchange,10157,2752,54256,[STARTED],false,true,1,1,48505547,
1428409037754,com.google.android.music.dial.DialMediaRouteProviderService,com.google.android.music:main,10058,0,21711939,[],false,true,0,0,10495967,
1428409037754,ch.unige.css.services.PingService,ch.unige.ping,10074,1449,108174300,[STARTED],false,true,0,0,48742711,
1428409037754,com.android.systemui.keyguard.KeyguardService,com.android.systemui,10012,906,42358,[PERSISTENT],false,false,1,1,42367,
1428409037754,ch.unige.css.services.main.CssRegistryService,ch.unige.ping:background,10074,13902,17964876,[STARTED],false,true,0,0,6748905,
1428409037754,com.whatsapp.messaging.MessageService,com.whatsapp,10159,26619,68313,[STARTED],false,true,1,1,48475327,
1428409037754,ccc71.at.services.at_service,ccc71.bmw.pro:services,10110,4012,69150,[STARTED],false,true,0,0,69159,
1428409037754,com.google.android.location.geocode.GeocodeService,com.google.process.location,10007,17755,107701400,[],false,true,1,1,48486090,
1428409037754,com.google.android.gms.gcm.GcmService,com.google.process.gapps,10007,17792,17965599,[STARTED],false,true,0,0,48486320,
1428409098438,com.android.bluetooth.hid.HidService,com.android.bluetooth,1002,0,41148,[],false,true,1,1,41157,
1428409098438,com.android.exchange.service.EasService,com.google.android.gm.exchange,10157,2752,54256,[STARTED],false,true,1,1,48505547,
1428409098438,com.google.android.music.dial.DialMediaRouteProviderService,com.google.android.music:main,10058,0,21711939,[],false,true,0,0,10495967,
1428409098438,ch.unige.css.services.PingService,ch.unige.ping,10074,1449,108234983,[STARTED],false,true,0,0,48769802,
1428409098438,com.android.systemui.keyguard.KeyguardService,com.android.systemui,10012,906,42358,[PERSISTENT],false,false,1,1,42367,
1428409098438,ch.unige.css.services.main.CssRegistryService,ch.unige.ping:background,10074,13902,17964876,[STARTED],false,true,0,0,6748905,
1428409098438,com.whatsapp.messaging.MessageService,com.whatsapp,10159,26619,68313,[STARTED],false,true,1,1,48475327,
1428409098438,ccc71.at.services.at_service,ccc71.bmw.pro:services,10110,4012,69150,[STARTED],false,true,0,0,69159,
1428409098438,com.google.android.location.geocode.GeocodeService,com.google.process.location,10007,17755,107701400,[],false,true,1,1,48486090,
1428409098438,com.google.android.gms.gcm.GcmService,com.google.process.gapps,10007,17792,17965599,[STARTED],false,true,0,0,48486320,
1428409181449,com.android.bluetooth.hid.HidService,com.android.bluetooth,1002,0,41148,[],false,true,1,1,41157,
1428409181449,com.android.exchange.service.EasService,com.google.android.gm.exchange,10157,2752,54256,[STARTED],false,true,1,1,48505547,
1428409181449,com.google.android.music.dial.DialMediaRouteProviderService,com.google.android.music:main,10058,0,21711939,[],false,true,0,0,10495967,
1428409181449,ch.unige.css.services.PingService,ch.unige.ping,10074,1449,108317992,[STARTED],false,true,0,0,48804252,
1428409181449,com.android.systemui.keyguard.KeyguardService,com.android.systemui,10012,906,42358,[PERSISTENT],false,false,1,1,42367,
1428409181449,ch.unige.css.services.main.CssRegistryService,ch.unige.ping:background,10074,13902,17964876,[STARTED],false,true,0,0,6748905,
1428409181449,com.whatsapp.messaging.MessageService,com.whatsapp,10159,26619,68313,[STARTED],false,true,1,1,48475327,
1428409181449,ccc71.at.services.at_service,ccc71.bmw.pro:services,10110,4012,69150,[STARTED],false,true,0,0,69159,
1428409181449,com.google.android.location.geocode.GeocodeService,com.google.process.location,10007,17755,107701400,[],false,true,1,1,48486090,
1428409181449,com.google.android.gms.gcm.GcmService,com.google.process.gapps,10007,17792,17965599,[STARTED],false,true,0,0,48486320,
1428409242438,com.android.bluetooth.hid.HidService,com.android.bluetooth,1002,0,41148,[],false,true,1,1,41157,
1428409242438,com.android.exchange.service.EasService,com.google.android.gm.exchange,10157,2752,54256,[STARTED],false,true,1,1,48505547,
1428409242438,com.google.android.music.dial.DialMediaRouteProviderService,com.google.android.music:main,10058,0,21711939,[],false,true,0,0,10495967,
1428409242438,ch.unige.css.services.PingService,ch.unige.ping,10074,1449,108378984,[STARTED],false,true,0,0,48832915,
1428409242438,com.android.systemui.keyguard.KeyguardService,com.android.systemui,10012,906,42358,[PERSISTENT],false,false,1,1,42367,
1428409242438,ch.unige.css.services.main.CssRegistryService,ch.unige.ping:background,10074,13902,17964876,[STARTED],false,true,0,0,6748905,
1428409242438,com.whatsapp.messaging.MessageService,com.whatsapp,10159,26619,68313,[STARTED],false,true,1,1,48475327,
1428409242438,ccc71.at.services.at_service,ccc71.bmw.pro:services,10110,4012,69150,[STARTED],false,true,0,0,69159,
1428409242438,com.google.android.location.geocode.GeocodeService,com.google.process.location,10007,17755,107701400,[],false,true,1,1,48486090,
1428409242438,com.google.android.gms.gcm.GcmService,com.google.process.gapps,10007,17792,17965599,[STARTED],false,true,0,0,48486320,
1428409302448,com.android.bluetooth.hid.HidService,com.android.bluetooth,1002,0,41148,[],false,true,1,1,41157,
1428409302448,com.android.exchange.service.EasService,com.google.android.gm.exchange,10157,2752,54256,[STARTED],false,true,1,1,48505547,
1428409302448,com.google.android.music.dial.DialMediaRouteProviderService,com.google.android.music:main,10058,0,21711939,[],false,true,0,0,10495967,
1428409302448,ch.unige.css.services.PingService,ch.unige.ping,10074,1449,108438994,[STARTED],false,true,0,0,48855831,
1428409302448,com.android.systemui.keyguard.KeyguardService,com.android.systemui,10012,906,42358,[PERSISTENT],false,false,1,1,42367,
1428409302448,ch.unige.css.services.main.CssRegistryService,ch.unige.ping:background,10074,13902,17964876,[STARTED],false,true,0,0,6748905,
1428409302448,com.whatsapp.messaging.MessageService,com.whatsapp,10159,26619,68313,[STARTED],false,true,1,1,48475327,
1428409302448,ccc71.at.services.at_service,ccc71.bmw.pro:services,10110,4012,69150,[STARTED],false,true,0,0,69159,
1428409302448,com.google.android.location.geocode.GeocodeService,com.google.process.location,10007,17755,107701400,[],false,true,1,1,48486090,
1428409302448,com.google.android.gms.gcm.GcmService,com.google.process.gapps,10007,17792,17965599,[STARTED],false,true,0,0,48486320,
1428409363438,com.android.bluetooth.hid.HidService,com.android.bluetooth,1002,0,41148,[],false,true,1,1,41157,
1428409363438,com.android.exchange.service.EasService,com.google.android.gm.exchange,10157,2752,54256,[STARTED],false,true,1,1,48505547,
1428409363438,com.google.android.music.dial.DialMediaRouteProviderService,com.google.android.music:main,10058,0,21711939,[],false,true,0,0,10495967,
1428409363438,ch.unige.css.services.PingService,ch.unige.ping,10074,1449,108499983,[STARTED],false,true,0,0,48880084,
1428409363438,com.android.systemui.keyguard.KeyguardService,com.android.systemui,10012,906,42358,[PERSISTENT],false,false,1,1,42367,
1428409363438,ch.unige.css.services.main.CssRegistryService,ch.unige.ping:background,10074,13902,17964876,[STARTED],false,true,0,0,6748905,
1428409363438,com.whatsapp.messaging.MessageService,com.whatsapp,10159,26619,68313,[STARTED],false,true,1,1,48475327,
1428409363438,ccc71.at.services.at_service,ccc71.bmw.pro:services,10110,4012,69150,[STARTED],false,true,0,0,69159,
1428409363438,com.google.android.location.geocode.GeocodeService,com.google.process.location,10007,17755,107701400,[],false,true,1,1,48486090,
1428409363438,com.google.android.gms.gcm.GcmService,com.google.process.gapps,10007,17792,17965599,[STARTED],false,true,0,0,48486320,
1428409423509,com.android.bluetooth.hid.HidService,com.android.bluetooth,1002,0,41148,[],false,true,1,1,41157,
1428409423509,com.android.exchange.service.EasService,com.google.android.gm.exchange,10157,2752,54256,[STARTED],false,true,1,1,48505547,
1428409423509,com.google.android.music.dial.DialMediaRouteProviderService,com.google.android.music:main,10058,0,21711939,[],false,true,0,0,10495967,
1428409423509,ch.unige.css.services.PingService,ch.unige.ping,10074,1449,108560022,[STARTED],false,true,0,0,48902662,
1428409423509,com.android.systemui.keyguard.KeyguardService,com.android.systemui,10012,906,42358,[PERSISTENT],false,false,1,1,42367,
1428409423509,ch.unige.css.services.main.CssRegistryService,ch.unige.ping:background,10074,13902,17964876,[STARTED],false,true,0,0,6748905,
1428409423509,com.whatsapp.messaging.MessageService,com.whatsapp,10159,26619,68313,[STARTED],false,true,1,1,48475327,
1428409423509,ccc71.at.services.at_service,ccc71.bmw.pro:services,10110,4012,69150,[STARTED],false,true,0,0,69159,
1428409423509,com.google.android.location.geocode.GeocodeService,com.google.process.location,10007,17755,107701400,[],false,true,1,1,48486090,
1428409423509,com.google.android.gms.gcm.GcmService,com.google.process.gapps,10007,17792,17965599,[STARTED],false,true,0,0,48486320,
1428409485449,com.android.bluetooth.hid.HidService,com.android.bluetooth,1002,0,41148,[],false,true,1,1,41157,
1428409485449,com.android.exchange.service.EasService,com.google.android.gm.exchange,10157,2752,54256,[STARTED],false,true,1,1,48505547,
1428409485449,com.google.android.music.dial.DialMediaRouteProviderService,com.google.android.music:main,10058,0,21711939,[],false,true,0,0,10495967,
1428409485449,ch.unige.css.services.PingService,ch.unige.ping,10074,1449,108621990,[STARTED],false,true,0,0,48925750,
1428409485449,com.android.systemui.keyguard.KeyguardService,com.android.systemui,10012,906,42358,[PERSISTENT],false,false,1,1,42367,
1428409485449,ch.unige.css.services.main.CssRegistryService,ch.unige.ping:background,10074,13902,17964876,[STARTED],false,true,0,0,6748905,
1428409485449,com.whatsapp.messaging.MessageService,com.whatsapp,10159,26619,68313,[STARTED],false,true,1,1,48903037,
1428409485449,ccc71.at.services.at_service,ccc71.bmw.pro:services,10110,4012,69150,[STARTED],false,true,0,0,69159,
1428409485449,com.google.android.location.geocode.GeocodeService,com.google.process.location,10007,17755,107701400,[],false,true,1,1,48486090,
1428409485449,com.google.android.gms.gcm.GcmService,com.google.process.gapps,10007,17792,17965599,[STARTED],false,true,0,0,48486320,
1428409546448,com.android.bluetooth.hid.HidService,com.android.bluetooth,1002,0,41148,[],false,true,1,1,41157,
1428409546448,com.android.exchange.service.EasService,com.google.android.gm.exchange,10157,2752,54256,[STARTED],false,true,1,1,48505547,
1428409546448,com.google.android.music.dial.DialMediaRouteProviderService,com.google.android.music:main,10058,0,21711939,[],false,true,0,0,10495967,
1428409546448,ch.unige.css.services.PingService,ch.unige.ping,10074,1449,108682992,[STARTED],false,true,0,0,48948392,
1428409546448,com.android.systemui.keyguard.KeyguardService,com.android.systemui,10012,906,42358,[PERSISTENT],false,false,1,1,42367,
1428409546448,ch.unige.css.services.main.CssRegistryService,ch.unige.ping:background,10074,13902,17964876,[STARTED],false,true,0,0,6748905,
1428409546448,com.whatsapp.messaging.MessageService,com.whatsapp,10159,26619,68313,[STARTED],false,true,1,1,48903037,
1428409546448,ccc71.at.services.at_service,ccc71.bmw.pro:services,10110,4012,69150,[STARTED],false,true,0,0,69159,
1428409546448,com.google.android.location.geocode.GeocodeService,com.google.process.location,10007,17755,107701400,[],false,true,1,1,48486090,
1428409546448,com.google.android.gms.gcm.GcmService,com.google.process.gapps,10007,17792,17965599,[STARTED],false,true,0,0,48486320,
1428409607438,com.android.bluetooth.hid.HidService,com.android.bluetooth,1002,0,41148,[],false,true,1,1,41157,
1428409607438,com.android.exchange.service.EasService,com.google.android.gm.exchange,10157,2752,54256,[STARTED],false,true,1,1,48505547,
1428409607438,com.google.android.music.dial.DialMediaRouteProviderService,com.google.android.music:main,10058,0,21711939,[],false,true,0,0,10495967,
1428409607438,ch.unige.css.services.PingService,ch.unige.ping,10074,1449,108743984,[STARTED],false,true,0,0,48979295,
1428409607438,com.android.systemui.keyguard.KeyguardService,com.android.systemui,10012,906,42358,[PERSISTENT],false,false,1,1,42367,
1428409607438,ch.unige.css.services.main.CssRegistryService,ch.unige.ping:background,10074,13902,17964876,[STARTED],false,true,0,0,6748905,
1428409607438,com.whatsapp.messaging.MessageService,com.whatsapp,10159,26619,68313,[STARTED],false,true,1,1,48903037,
1428409607438,ccc71.at.services.at_service,ccc71.bmw.pro:services,10110,4012,69150,[STARTED],false,true,0,0,69159,
1428409607438,com.google.android.location.geocode.GeocodeService,com.google.process.location,10007,17755,107701400,[],false,true,1,1,48486090,
1428409607438,com.google.android.gms.gcm.GcmService,com.google.process.gapps,10007,17792,17965599,[STARTED],false,true,0,0,48486320,
1428409667460,com.android.bluetooth.hid.HidService,com.android.bluetooth,1002,0,41148,[],false,true,1,1,41157,
1428409667460,com.android.exchange.service.EasService,com.google.android.gm.exchange,10157,2752,54256,[STARTED],false,true,1,1,48505547,
1428409667460,com.google.android.music.dial.DialMediaRouteProviderService,com.google.android.music:main,10058,0,21711939,[],false,true,0,0,10495967,
1428409667460,ch.unige.css.services.PingService,ch.unige.ping,10074,1449,108804004,[STARTED],false,true,0,0,49010416,
1428409667460,com.android.systemui.keyguard.KeyguardService,com.android.systemui,10012,906,42358,[PERSISTENT],false,false,1,1,42367,
1428409667460,ch.unige.css.services.main.CssRegistryService,ch.unige.ping:background,10074,13902,17964876,[STARTED],false,true,0,0,6748905,
1428409667460,com.whatsapp.messaging.MessageService,com.whatsapp,10159,26619,68313,[STARTED],false,true,1,1,48903037,
1428409667460,ccc71.at.services.at_service,ccc71.bmw.pro:services,10110,4012,69150,[STARTED],false,true,0,0,69159,
1428409667460,com.google.android.location.geocode.GeocodeService,com.google.process.location,10007,17755,107701400,[],false,true,1,1,48486090,
1428409667460,com.facebook.analytics.service.AnalyticsService,com.facebook.katana,10079,21602,108789981,[STARTED],false,true,0,0,49004400,
1428409727566,com.android.bluetooth.hid.HidService,com.android.bluetooth,1002,0,41148,[],false,true,1,1,41157,
1428409727566,com.android.exchange.service.EasService,com.google.android.gm.exchange,10157,2752,54256,[STARTED],false,true,1,1,48505547,
1428409727566,com.google.android.music.dial.DialMediaRouteProviderService,com.google.android.music:main,10058,0,21711939,[],false,true,0,0,10495967,
1428409727566,ch.unige.css.services.PingService,ch.unige.ping,10074,1449,108864024,[STARTED],false,true,0,0,49038034,
1428409727566,com.android.systemui.keyguard.KeyguardService,com.android.systemui,10012,906,42358,[PERSISTENT],false,false,1,1,42367,
1428409727566,ch.unige.css.services.main.CssRegistryService,ch.unige.ping:background,10074,13902,17964876,[STARTED],false,true,0,0,6748905,
1428409727566,com.whatsapp.messaging.MessageService,com.whatsapp,10159,26619,68313,[STARTED],false,true,1,1,48903037,
1428409727566,ccc71.at.services.at_service,ccc71.bmw.pro:services,10110,4012,69150,[STARTED],false,true,0,0,69159,
1428409727566,com.google.android.location.geocode.GeocodeService,com.google.process.location,10007,17755,107701400,[],false,true,1,1,48486090,
1428409727566,com.google.android.gms.gcm.GcmService,com.google.process.gapps,10007,17792,17965599,[STARTED],false,true,0,0,48486320,
1428409799459,com.android.bluetooth.hid.HidService,com.android.bluetooth,1002,0,41148,[],false,true,1,1,41157,
1428409799459,com.android.exchange.service.EasService,com.google.android.gm.exchange,10157,2752,54256,[STARTED],false,true,1,1,48505547,
1428409799459,com.google.android.music.dial.DialMediaRouteProviderService,com.google.android.music:main,10058,0,21711939,[],false,true,0,0,10495967,
1428409799459,ch.unige.css.services.PingService,ch.unige.ping,10074,1449,108936005,[STARTED],false,true,0,0,49071045,
1428409799459,com.android.systemui.keyguard.KeyguardService,com.android.systemui,10012,906,42358,[PERSISTENT],false,false,1,1,42367,
1428409799459,ch.unige.css.services.main.CssRegistryService,ch.unige.ping:background,10074,13902,17964876,[STARTED],false,true,0,0,6748905,
1428409799459,com.whatsapp.messaging.MessageService,com.whatsapp,10159,26619,68313,[STARTED],false,true,1,1,48903037,
1428409799459,ccc71.at.services.at_service,ccc71.bmw.pro:services,10110,4012,69150,[STARTED],false,true,0,0,69159,
1428409799459,com.google.android.location.geocode.GeocodeService,com.google.process.location,10007,17755,107701400,[],false,true,1,1,48486090,
1428409799459,com.google.android.gms.gcm.GcmService,com.google.process.gapps,10007,17792,17965599,[STARTED],false,true,0,0,48486320,
1428409859468,com.android.bluetooth.hid.HidService,com.android.bluetooth,1002,0,41148,[],false,true,1,1,41157,
1428409859468,com.android.exchange.service.EasService,com.google.android.gm.exchange,10157,2752,54256,[STARTED],false,true,1,1,48505547,
1428409859468,com.google.android.music.dial.DialMediaRouteProviderService,com.google.android.music:main,10058,0,21711939,[],false,true,0,0,10495967,
1428409859468,ch.unige.css.services.PingService,ch.unige.ping,10074,1449,108996015,[STARTED],false,true,0,0,49094656,
1428409859468,com.android.systemui.keyguard.KeyguardService,com.android.systemui,10012,906,42358,[PERSISTENT],false,false,1,1,42367,
1428409859468,ch.unige.css.services.main.CssRegistryService,ch.unige.ping:background,10074,13902,17964876,[STARTED],false,true,0,0,6748905,
1428409859468,com.whatsapp.messaging.MessageService,com.whatsapp,10159,26619,68313,[STARTED],false,true,1,1,48903037,
1428409859468,ccc71.at.services.at_service,ccc71.bmw.pro:services,10110,4012,69150,[STARTED],false,true,0,0,69159,
1428409859468,com.google.android.location.geocode.GeocodeService,com.google.process.location,10007,17755,107701400,[],false,true,1,1,48486090,
1428409859468,com.google.android.gms.gcm.GcmService,com.google.process.gapps,10007,17792,17965599,[STARTED],false,true,0,0,48486320,
1428409920445,com.android.bluetooth.hid.HidService,com.android.bluetooth,1002,0,41148,[],false,true,1,1,41157,
1428409920445,com.android.exchange.service.EasService,com.google.android.gm.exchange,10157,2752,54256,[STARTED],false,true,1,1,48505547,
1428409920445,com.google.android.music.dial.DialMediaRouteProviderService,com.google.android.music:main,10058,0,21711939,[],false,true,0,0,10495967,
1428409920445,ch.unige.css.services.PingService,ch.unige.ping,10074,1449,109056988,[STARTED],false,true,0,0,49117138,
1428409920445,com.android.systemui.keyguard.KeyguardService,com.android.systemui,10012,906,42358,[PERSISTENT],false,false,1,1,42367,
1428409920445,ch.unige.css.services.main.CssRegistryService,ch.unige.ping:background,10074,13902,17964876,[STARTED],false,true,0,0,6748905,
1428409920445,com.whatsapp.messaging.MessageService,com.whatsapp,10159,26619,68313,[STARTED],false,true,1,1,48903037,
1428409920445,ccc71.at.services.at_service,ccc71.bmw.pro:services,10110,4012,69150,[STARTED],false,true,0,0,69159,
1428409920445,com.google.android.location.geocode.GeocodeService,com.google.process.location,10007,17755,107701400,[],false,true,1,1,48486090,
1428409920445,com.google.android.gms.gcm.GcmService,com.google.process.gapps,10007,17792,17965599,[STARTED],false,true,0,0,48486320,
1428409980449,com.android.bluetooth.hid.HidService,com.android.bluetooth,1002,0,41148,[],false,true,1,1,41157,
1428409980449,com.android.exchange.service.EasService,com.google.android.gm.exchange,10157,2752,54256,[STARTED],false,true,1,1,48505547,
1428409980449,com.google.android.music.dial.DialMediaRouteProviderService,com.google.android.music:main,10058,0,21711939,[],false,true,0,0,10495967,
1428409980449,ch.unige.css.services.PingService,ch.unige.ping,10074,1449,109117001,[STARTED],false,true,0,0,49145351,
1428409980449,com.android.systemui.keyguard.KeyguardService,com.android.systemui,10012,906,42358,[PERSISTENT],false,false,1,1,42367,
1428409980449,ch.unige.css.services.main.CssRegistryService,ch.unige.ping:background,10074,13902,17964876,[STARTED],false,true,0,0,6748905,
1428409980449,com.whatsapp.messaging.MessageService,com.whatsapp,10159,26619,68313,[STARTED],false,true,1,1,48903037,
1428409980449,ccc71.at.services.at_service,ccc71.bmw.pro:services,10110,4012,69150,[STARTED],false,true,0,0,69159,
1428409980449,com.google.android.location.geocode.GeocodeService,com.google.process.location,10007,17755,107701400,[],false,true,1,1,48486090,
1428409980449,com.google.android.gms.gcm.GcmService,com.google.process.gapps,10007,17792,17965599,[STARTED],false,true,0,0,48486320,
1428410040564,com.android.bluetooth.hid.HidService,com.android.bluetooth,1002,0,41148,[],false,true,1,1,41157,
1428410040564,com.android.exchange.service.EasService,com.google.android.gm.exchange,10157,2752,54256,[STARTED],false,true,1,1,48505547,
1428410040564,com.google.android.music.dial.DialMediaRouteProviderService,com.google.android.music:main,10058,0,21711939,[],false,true,0,0,10495967,
1428410040564,ch.unige.css.services.PingService,ch.unige.ping,10074,1449,109177105,[STARTED],false,true,0,0,49174077,
1428410040564,com.android.systemui.keyguard.KeyguardService,com.android.systemui,10012,906,42358,[PERSISTENT],false,false,1,1,42367,
1428410040564,ch.unige.css.services.main.CssRegistryService,ch.unige.ping:background,10074,13902,17964876,[STARTED],false,true,0,0,6748905,
1428410040564,com.whatsapp.messaging.MessageService,com.whatsapp,10159,26619,68313,[STARTED],false,true,1,1,48903037,
1428410040564,ccc71.at.services.at_service,ccc71.bmw.pro:services,10110,4012,69150,[STARTED],false,true,0,0,69159,
1428410040564,com.google.android.location.geocode.GeocodeService,com.google.process.location,10007,17755,107701400,[],false,true,1,1,48486090,
1428410040564,com.google.android.gms.gcm.GcmService,com.google.process.gapps,10007,17792,17965599,[STARTED],false,true,0,0,48486320,
1428410100612,com.android.bluetooth.hid.HidService,com.android.bluetooth,1002,0,41148,[],false,true,1,1,41157,
1428410100612,com.android.exchange.service.EasService,com.google.android.gm.exchange,10157,2752,54256,[STARTED],false,true,1,1,48505547,
1428410100612,com.google.android.music.dial.DialMediaRouteProviderService,com.google.android.music:main,10058,0,21711939,[],false,true,0,0,10495967,
1428410100612,ch.unige.css.services.PingService,ch.unige.ping,10074,1449,109237124,[STARTED],false,true,0,0,49198366,
1428410100612,com.android.systemui.keyguard.KeyguardService,com.android.systemui,10012,906,42358,[PERSISTENT],false,false,1,1,42367,
1428410100612,ch.unige.css.services.main.CssRegistryService,ch.unige.ping:background,10074,13902,17964876,[STARTED],false,true,0,0,6748905,
1428410100612,com.whatsapp.messaging.MessageService,com.whatsapp,10159,26619,68313,[STARTED],false,true,1,1,48903037,
1428410100612,ccc71.at.services.at_service,ccc71.bmw.pro:services,10110,4012,69150,[STARTED],false,true,0,0,69159,
1428410100612,com.google.android.location.geocode.GeocodeService,com.google.process.location,10007,17755,107701400,[],false,true,1,1,48486090,
1428410100612,com.google.android.gms.gcm.GcmService,com.google.process.gapps,10007,17792,17965599,[STARTED],false,true,0,0,48486320,
1428410160758,com.android.bluetooth.hid.HidService,com.android.bluetooth,1002,0,41148,[],false,true,1,1,41157,
1428410160758,com.android.exchange.service.EasService,com.google.android.gm.exchange,10157,2752,54256,[STARTED],false,true,1,1,48505547,
1428410160758,com.google.android.music.dial.DialMediaRouteProviderService,com.google.android.music:main,10058,0,21711939,[],false,true,0,0,10495967,
1428410160758,ch.unige.css.services.PingService,ch.unige.ping,10074,1449,109297305,[STARTED],false,true,0,0,49219766,
1428410160758,com.android.systemui.keyguard.KeyguardService,com.android.systemui,10012,906,42358,[PERSISTENT],false,false,1,1,42367,
1428410160758,ch.unige.css.services.main.CssRegistryService,ch.unige.ping:background,10074,13902,17964876,[STARTED],false,true,0,0,6748905,
1428410160758,com.whatsapp.messaging.MessageService,com.whatsapp,10159,26619,68313,[STARTED],false,true,1,1,48903037,
1428410160758,ccc71.at.services.at_service,ccc71.bmw.pro:services,10110,4012,69150,[STARTED],false,true,0,0,69159,
1428410160758,com.google.android.location.geocode.GeocodeService,com.google.process.location,10007,17755,107701400,[],false,true,1,1,48486090,
1428410160758,com.google.android.gms.gcm.GcmService,com.google.process.gapps,10007,17792,17965599,[STARTED],false,true,0,0,48486320,
1428410220776,com.android.bluetooth.hid.HidService,com.android.bluetooth,1002,0,41148,[],false,true,1,1,41157,
1428410220776,com.android.exchange.service.EasService,com.google.android.gm.exchange,10157,2752,54256,[STARTED],false,true,1,1,48505547,
1428410220776,com.google.android.music.dial.DialMediaRouteProviderService,com.google.android.music:main,10058,0,21711939,[],false,true,0,0,10495967,
1428410220776,ch.unige.css.services.PingService,ch.unige.ping,10074,1449,109357321,[STARTED],false,true,0,0,49241051,
1428410220776,com.android.systemui.keyguard.KeyguardService,com.android.systemui,10012,906,42358,[PERSISTENT],false,false,1,1,42367,
1428410220776,ch.unige.css.services.main.CssRegistryService,ch.unige.ping:background,10074,13902,17964876,[STARTED],false,true,0,0,6748905,
1428410220776,com.whatsapp.messaging.MessageService,com.whatsapp,10159,26619,68313,[STARTED],false,true,1,1,48903037,
1428410220776,ccc71.at.services.at_service,ccc71.bmw.pro:services,10110,4012,69150,[STARTED],false,true,0,0,69159,
1428410220776,com.google.android.location.geocode.GeocodeService,com.google.process.location,10007,17755,107701400,[],false,true,1,1,48486090,
1428410220776,com.google.android.gms.gcm.GcmService,com.google.process.gapps,10007,17792,17965599,[STARTED],false,true,0,0,48486320,
1428410280824,com.android.bluetooth.hid.HidService,com.android.bluetooth,1002,0,41148,[],false,true,1,1,41157,
1428410280824,com.android.exchange.service.EasService,com.google.android.gm.exchange,10157,2752,54256,[STARTED],false,true,1,1,48505547,
1428410280824,com.google.android.music.dial.DialMediaRouteProviderService,com.google.android.music:main,10058,0,21711939,[],false,true,0,0,10495967,
1428410280824,ch.unige.css.services.PingService,ch.unige.ping,10074,1449,109417351,[STARTED],false,true,0,0,49264812,
1428410280824,com.android.systemui.keyguard.KeyguardService,com.android.systemui,10012,906,42358,[PERSISTENT],false,false,1,1,42367,
1428410280824,ch.unige.css.services.main.CssRegistryService,ch.unige.ping:background,10074,13902,17964876,[STARTED],false,true,0,0,6748905,
1428410280824,com.whatsapp.messaging.MessageService,com.whatsapp,10159,26619,68313,[STARTED],false,true,1,1,48903037,
1428410280824,ccc71.at.services.at_service,ccc71.bmw.pro:services,10110,4012,69150,[STARTED],false,true,0,0,69159,
1428410280824,com.google.android.location.geocode.GeocodeService,com.google.process.location,10007,17755,107701400,[],false,true,1,1,48486090,
1428410280824,com.google.android.gms.gcm.GcmService,com.google.process.gapps,10007,17792,17965599,[STARTED],false,true,0,0,48486320,
1428410343804,com.android.bluetooth.hid.HidService,com.android.bluetooth,1002,0,41148,[],false,true,1,1,41157,
1428410343804,com.android.exchange.service.EasService,com.google.android.gm.exchange,10157,2752,54256,[STARTED],false,true,1,1,48505547,
1428410343804,com.google.android.music.dial.DialMediaRouteProviderService,com.google.android.music:main,10058,0,21711939,[],false,true,0,0,10495967,
1428410343804,ch.unige.css.services.PingService,ch.unige.ping,10074,1449,109480315,[STARTED],false,true,0,0,49289706,
1428410343804,com.android.systemui.keyguard.KeyguardService,com.android.systemui,10012,906,42358,[PERSISTENT],false,false,1,1,42367,
1428410343804,ch.unige.css.services.main.CssRegistryService,ch.unige.ping:background,10074,13902,17964876,[STARTED],false,true,0,0,6748905,
1428410343804,com.whatsapp.messaging.MessageService,com.whatsapp,10159,26619,68313,[STARTED],false,true,1,1,48903037,
1428410343804,ccc71.at.services.at_service,ccc71.bmw.pro:services,10110,4012,69150,[STARTED],false,true,0,0,69159,
1428410343804,com.google.android.location.geocode.GeocodeService,com.google.process.location,10007,17755,107701400,[],false,true,1,1,48486090,
1428410343804,com.google.android.gms.gcm.GcmService,com.google.process.gapps,10007,17792,17965599,[STARTED],false,true,0,0,48486320,
1428410409582,com.android.bluetooth.hid.HidService,com.android.bluetooth,1002,0,41148,[],false,true,1,1,41157,
1428410409582,com.android.exchange.service.EasService,com.google.android.gm.exchange,10157,2752,54256,[STARTED],false,true,1,1,48505547,
1428410409582,com.google.android.music.dial.DialMediaRouteProviderService,com.google.android.music:main,10058,0,21711939,[],false,true,0,0,10495967,
1428410409582,ch.unige.css.services.PingService,ch.unige.ping,10074,1449,109546108,[STARTED],false,true,0,0,49330628,
1428410409582,com.android.systemui.keyguard.KeyguardService,com.android.systemui,10012,906,42358,[PERSISTENT],false,false,1,1,42367,
1428410409582,ch.unige.css.services.main.CssRegistryService,ch.unige.ping:background,10074,13902,17964876,[STARTED],false,true,0,0,6748905,
1428410409582,com.whatsapp.messaging.MessageService,com.whatsapp,10159,26619,68313,[STARTED],false,true,1,1,49325032,
1428410409582,ccc71.at.services.at_service,ccc71.bmw.pro:services,10110,4012,69150,[STARTED],false,true,0,0,69159,
1428410409582,com.google.android.location.geocode.GeocodeService,com.google.process.location,10007,17755,109508633,[],false,true,1,1,49318024,
1428410409582,com.google.android.gms.gcm.GcmService,com.google.process.gapps,10007,17792,17965599,[STARTED],false,true,0,0,49325453,
1428410469624,com.android.bluetooth.hid.HidService,com.android.bluetooth,1002,0,41148,[],false,true,1,1,41157,
1428410469624,com.android.exchange.service.EasService,com.google.android.gm.exchange,10157,2752,54256,[STARTED],false,true,1,1,49341362,
1428410469624,com.google.android.music.dial.DialMediaRouteProviderService,com.google.android.music:main,10058,0,21711939,[],false,true,0,0,10495967,
1428410469624,ch.unige.css.services.PingService,ch.unige.ping,10074,1449,109606162,[STARTED],false,true,0,0,49354123,
1428410469624,com.android.systemui.keyguard.KeyguardService,com.android.systemui,10012,906,42358,[PERSISTENT],false,false,1,1,42367,
1428410469624,ch.unige.css.services.main.CssRegistryService,ch.unige.ping:background,10074,13902,17964876,[STARTED],false,true,0,0,6748905,
1428410469624,com.whatsapp.messaging.MessageService,com.whatsapp,10159,26619,68313,[STARTED],false,true,1,1,49325032,
1428410469624,ccc71.at.services.at_service,ccc71.bmw.pro:services,10110,4012,69150,[STARTED],false,true,0,0,69159,
1428410469624,com.google.android.location.geocode.GeocodeService,com.google.process.location,10007,17755,109508633,[],false,true,1,1,49318024,
1428410469624,com.google.android.gms.gcm.GcmService,com.google.process.gapps,10007,17792,17965599,[STARTED],false,true,0,0,49325453,
1428410529723,com.android.bluetooth.hid.HidService,com.android.bluetooth,1002,0,41148,[],false,true,1,1,41157,
1428410529723,com.android.exchange.service.EasService,com.google.android.gm.exchange,10157,2752,54256,[STARTED],false,true,1,1,49341362,
1428410529723,com.google.android.music.dial.DialMediaRouteProviderService,com.google.android.music:main,10058,0,21711939,[],false,true,0,0,10495967,
1428410529723,ch.unige.css.services.PingService,ch.unige.ping,10074,1449,109666274,[STARTED],false,true,0,0,49375107,
1428410529723,com.android.systemui.keyguard.KeyguardService,com.android.systemui,10012,906,42358,[PERSISTENT],false,false,1,1,42367,
1428410529723,ch.unige.css.services.main.CssRegistryService,ch.unige.ping:background,10074,13902,17964876,[STARTED],false,true,0,0,6748905,
1428410529723,com.whatsapp.messaging.MessageService,com.whatsapp,10159,26619,68313,[STARTED],false,true,1,1,49325032,
1428410529723,ccc71.at.services.at_service,ccc71.bmw.pro:services,10110,4012,69150,[STARTED],false,true,0,0,69159,
1428410529723,com.google.android.location.geocode.GeocodeService,com.google.process.location,10007,17755,109508633,[],false,true,1,1,49318024,
1428410529723,com.google.android.gms.gcm.GcmService,com.google.process.gapps,10007,17792,17965599,[STARTED],false,true,0,0,49325453,
1428410590444,com.android.bluetooth.hid.HidService,com.android.bluetooth,1002,0,41148,[],false,true,1,1,41157,
1428410590444,com.android.exchange.service.EasService,com.google.android.gm.exchange,10157,2752,54256,[STARTED],false,true,1,1,49341362,
1428410590444,com.google.android.music.dial.DialMediaRouteProviderService,com.google.android.music:main,10058,0,21711939,[],false,true,0,0,10495967,
1428410590444,ch.unige.css.services.PingService,ch.unige.ping,10074,1449,109726989,[STARTED],false,true,0,0,49396269,
1428410590444,com.android.systemui.keyguard.KeyguardService,com.android.systemui,10012,906,42358,[PERSISTENT],false,false,1,1,42367,
1428410590444,ch.unige.css.services.main.CssRegistryService,ch.unige.ping:background,10074,13902,17964876,[STARTED],false,true,0,0,6748905,
1428410590444,com.whatsapp.messaging.MessageService,com.whatsapp,10159,26619,68313,[STARTED],false,true,1,1,49325032,
1428410590444,ccc71.at.services.at_service,ccc71.bmw.pro:services,10110,4012,69150,[STARTED],false,true,0,0,69159,
1428410590444,com.google.android.location.geocode.GeocodeService,com.google.process.location,10007,17755,109508633,[],false,true,1,1,49318024,
1428410590444,com.google.android.gms.gcm.GcmService,com.google.process.gapps,10007,17792,17965599,[STARTED],false,true,0,0,49325453,
1428410650509,com.android.bluetooth.hid.HidService,com.android.bluetooth,1002,0,41148,[],false,true,1,1,41157,
1428410650509,com.android.exchange.service.EasService,com.google.android.gm.exchange,10157,2752,54256,[STARTED],false,true,1,1,49341362,
1428410650509,com.google.android.music.dial.DialMediaRouteProviderService,com.google.android.music:main,10058,0,21711939,[],false,true,0,0,10495967,
1428410650509,ch.unige.css.services.PingService,ch.unige.ping,10074,1449,109787056,[STARTED],false,true,0,0,49419408,
1428410650509,com.android.systemui.keyguard.KeyguardService,com.android.systemui,10012,906,42358,[PERSISTENT],false,false,1,1,42367,
1428410650509,ch.unige.css.services.main.CssRegistryService,ch.unige.ping:background,10074,13902,17964876,[STARTED],false,true,0,0,6748905,
1428410650509,com.whatsapp.messaging.MessageService,com.whatsapp,10159,26619,68313,[STARTED],false,true,1,1,49325032,
1428410650509,ccc71.at.services.at_service,ccc71.bmw.pro:services,10110,4012,69150,[STARTED],false,true,0,0,69159,
1428410650509,com.google.android.location.geocode.GeocodeService,com.google.process.location,10007,17755,109508633,[],false,true,1,1,49318024,
1428410650509,com.google.android.gms.gcm.GcmService,com.google.process.gapps,10007,17792,17965599,[STARTED],false,true,0,0,49325453,
1428410750468,com.android.bluetooth.hid.HidService,com.android.bluetooth,1002,0,41148,[],false,true,1,1,41157,
1428410750468,com.android.exchange.service.EasService,com.google.android.gm.exchange,10157,2752,54256,[STARTED],false,true,1,1,49341362,
1428410750468,com.google.android.music.dial.DialMediaRouteProviderService,com.google.android.music:main,10058,0,21711939,[],false,true,0,0,10495967,
1428410750468,ch.unige.css.services.PingService,ch.unige.ping,10074,1449,109886989,[STARTED],false,true,0,0,49446205,
1428410750468,com.android.systemui.keyguard.KeyguardService,com.android.systemui,10012,906,42358,[PERSISTENT],false,false,1,1,42367,
1428410750468,ch.unige.css.services.main.CssRegistryService,ch.unige.ping:background,10074,13902,17964876,[STARTED],false,true,0,0,6748905,
1428410750468,com.whatsapp.messaging.MessageService,com.whatsapp,10159,26619,68313,[STARTED],false,true,1,1,49325032,
1428410750468,ccc71.at.services.at_service,ccc71.bmw.pro:services,10110,4012,69150,[STARTED],false,true,0,0,69159,
1428410750468,com.google.android.location.geocode.GeocodeService,com.google.process.location,10007,17755,109508633,[],false,true,1,1,49318024,
1428410750468,com.google.android.gms.gcm.GcmService,com.google.process.gapps,10007,17792,17965599,[STARTED],false,true,0,0,49325453,
1428410810521,com.android.bluetooth.hid.HidService,com.android.bluetooth,1002,0,41148,[],false,true,1,1,41157,
1428410810521,com.android.exchange.service.EasService,com.google.android.gm.exchange,10157,2752,54256,[STARTED],false,true,1,1,49341362,
1428410810521,com.google.android.music.dial.DialMediaRouteProviderService,com.google.android.music:main,10058,0,21711939,[],false,true,0,0,10495967,
1428410810521,ch.unige.css.services.PingService,ch.unige.ping,10074,1449,109947055,[STARTED],false,true,0,0,49472326,
1428410810521,com.android.systemui.keyguard.KeyguardService,com.android.systemui,10012,906,42358,[PERSISTENT],false,false,1,1,42367,
1428410810521,ch.unige.css.services.main.CssRegistryService,ch.unige.ping:background,10074,13902,17964876,[STARTED],false,true,0,0,6748905,
1428410810521,com.whatsapp.messaging.MessageService,com.whatsapp,10159,26619,68313,[STARTED],false,true,1,1,49325032,
1428410810521,ccc71.at.services.at_service,ccc71.bmw.pro:services,10110,4012,69150,[STARTED],false,true,0,0,69159,
1428410810521,com.google.android.location.geocode.GeocodeService,com.google.process.location,10007,17755,109508633,[],false,true,1,1,49318024,
1428410810521,com.google.android.gms.gcm.GcmService,com.google.process.gapps,10007,17792,17965599,[STARTED],false,true,0,0,49325453,
1428410874443,com.android.bluetooth.hid.HidService,com.android.bluetooth,1002,0,41148,[],false,true,1,1,41157,
1428410874443,com.android.exchange.service.EasService,com.google.android.gm.exchange,10157,2752,54256,[STARTED],false,true,1,1,49341362,
1428410874443,com.google.android.music.dial.DialMediaRouteProviderService,com.google.android.music:main,10058,0,21711939,[],false,true,0,0,10495967,
1428410874443,ch.unige.css.services.PingService,ch.unige.ping,10074,1449,110010990,[STARTED],false,true,0,0,49496700,
1428410874443,com.android.systemui.keyguard.KeyguardService,com.android.systemui,10012,906,42358,[PERSISTENT],false,false,1,1,42367,
1428410874443,ch.unige.css.services.main.CssRegistryService,ch.unige.ping:background,10074,13902,17964876,[STARTED],false,true,0,0,6748905,
1428410874443,com.whatsapp.messaging.MessageService,com.whatsapp,10159,26619,68313,[STARTED],false,true,1,1,49325032,
1428410874443,ccc71.at.services.at_service,ccc71.bmw.pro:services,10110,4012,69150,[STARTED],false,true,0,0,69159,
1428410874443,com.google.android.location.geocode.GeocodeService,com.google.process.location,10007,17755,109508633,[],false,true,1,1,49318024,
1428410874443,com.google.android.gms.gcm.GcmService,com.google.process.gapps,10007,17792,17965599,[STARTED],false,true,0,0,49325453,
1428410935438,com.android.bluetooth.hid.HidService,com.android.bluetooth,1002,0,41148,[],false,true,1,1,41157,
1428410935438,com.android.exchange.service.EasService,com.google.android.gm.exchange,10157,2752,54256,[STARTED],false,true,1,1,49341362,
1428410935438,com.google.android.music.dial.DialMediaRouteProviderService,com.google.android.music:main,10058,0,21711939,[],false,true,0,0,10495967,
1428410935438,ch.unige.css.services.PingService,ch.unige.ping,10074,1449,110071984,[STARTED],false,true,0,0,49519455,
1428410935438,com.android.systemui.keyguard.KeyguardService,com.android.systemui,10012,906,42358,[PERSISTENT],false,false,1,1,42367,
1428410935438,ch.unige.css.services.main.CssRegistryService,ch.unige.ping:background,10074,13902,17964876,[STARTED],false,true,0,0,6748905,
1428410935438,com.whatsapp.messaging.MessageService,com.whatsapp,10159,26619,68313,[STARTED],false,true,1,1,49325032,
1428410935438,ccc71.at.services.at_service,ccc71.bmw.pro:services,10110,4012,69150,[STARTED],false,true,0,0,69159,
1428410935438,com.google.android.location.geocode.GeocodeService,com.google.process.location,10007,17755,109508633,[],false,true,1,1,49318024,
1428410935438,com.google.android.gms.gcm.GcmService,com.google.process.gapps,10007,17792,17965599,[STARTED],false,true,0,0,49325453,
1428410995456,com.android.bluetooth.hid.HidService,com.android.bluetooth,1002,0,41148,[],false,true,1,1,41157,
1428410995456,com.android.exchange.service.EasService,com.google.android.gm.exchange,10157,2752,54256,[STARTED],false,true,1,1,49341362,
1428410995456,com.google.android.music.dial.DialMediaRouteProviderService,com.google.android.music:main,10058,0,21711939,[],false,true,0,0,10495967,
1428410995456,ch.unige.css.services.PingService,ch.unige.ping,10074,1449,110132003,[STARTED],false,true,0,0,49544624,
1428410995456,com.android.systemui.keyguard.KeyguardService,com.android.systemui,10012,906,42358,[PERSISTENT],false,false,1,1,42367,
1428410995456,ch.unige.css.services.main.CssRegistryService,ch.unige.ping:background,10074,13902,17964876,[STARTED],false,true,0,0,6748905,
1428410995456,com.whatsapp.messaging.MessageService,com.whatsapp,10159,26619,68313,[STARTED],false,true,1,1,49325032,
1428410995456,ccc71.at.services.at_service,ccc71.bmw.pro:services,10110,4012,69150,[STARTED],false,true,0,0,69159,
1428410995456,com.google.android.location.geocode.GeocodeService,com.google.process.location,10007,17755,109508633,[],false,true,1,1,49318024,
1428410995456,com.google.android.gms.gcm.GcmService,com.google.process.gapps,10007,17792,17965599,[STARTED],false,true,0,0,49325453,
1428411056438,com.android.bluetooth.hid.HidService,com.android.bluetooth,1002,0,41148,[],false,true,1,1,41157,
1428411056438,com.android.exchange.service.EasService,com.google.android.gm.exchange,10157,2752,54256,[STARTED],false,true,1,1,49341362,
1428411056438,com.google.android.music.dial.DialMediaRouteProviderService,com.google.android.music:main,10058,0,21711939,[],false,true,0,0,10495967,
1428411056438,ch.unige.css.services.PingService,ch.unige.ping,10074,1449,110192984,[STARTED],false,true,0,0,49571665,
1428411056438,com.android.systemui.keyguard.KeyguardService,com.android.systemui,10012,906,42358,[PERSISTENT],false,false,1,1,42367,
1428411056438,ch.unige.css.services.main.CssRegistryService,ch.unige.ping:background,10074,13902,17964876,[STARTED],false,true,0,0,6748905,
1428411056438,com.whatsapp.messaging.MessageService,com.whatsapp,10159,26619,68313,[STARTED],false,true,1,1,49325032,
1428411056438,ccc71.at.services.at_service,ccc71.bmw.pro:services,10110,4012,69150,[STARTED],false,true,0,0,69159,
1428411056438,com.google.android.location.geocode.GeocodeService,com.google.process.location,10007,17755,109508633,[],false,true,1,1,49318024,
1428411056438,com.google.android.gms.gcm.GcmService,com.google.process.gapps,10007,17792,17965599,[STARTED],false,true,0,0,49325453,
1428411117438,com.android.bluetooth.hid.HidService,com.android.bluetooth,1002,0,41148,[],false,true,1,1,41157,
1428411117438,com.android.exchange.service.EasService,com.google.android.gm.exchange,10157,2752,54256,[STARTED],false,true,1,1,49341362,
1428411117438,com.google.android.music.dial.DialMediaRouteProviderService,com.google.android.music:main,10058,0,21711939,[],false,true,0,0,10495967,
1428411117438,ch.unige.css.services.PingService,ch.unige.ping,10074,1449,110253984,[STARTED],false,true,0,0,49594115,
1428411117438,com.android.systemui.keyguard.KeyguardService,com.android.systemui,10012,906,42358,[PERSISTENT],false,false,1,1,42367,
1428411117438,ch.unige.css.services.main.CssRegistryService,ch.unige.ping:background,10074,13902,17964876,[STARTED],false,true,0,0,6748905,
1428411117438,com.whatsapp.messaging.MessageService,com.whatsapp,10159,26619,68313,[STARTED],false,true,1,1,49325032,
1428411117438,ccc71.at.services.at_service,ccc71.bmw.pro:services,10110,4012,69150,[STARTED],false,true,0,0,69159,
1428411117438,com.google.android.location.geocode.GeocodeService,com.google.process.location,10007,17755,109508633,[],false,true,1,1,49318024,
1428411117438,com.google.android.gms.gcm.GcmService,com.google.process.gapps,10007,17792,17965599,[STARTED],false,true,0,0,49325453,
1428411177522,com.android.bluetooth.hid.HidService,com.android.bluetooth,1002,0,41148,[],false,true,1,1,41157,
1428411177522,com.android.exchange.service.EasService,com.google.android.gm.exchange,10157,2752,54256,[STARTED],false,true,1,1,49341362,
1428411177522,com.google.android.music.dial.DialMediaRouteProviderService,com.google.android.music:main,10058,0,21711939,[],false,true,0,0,10495967,
1428411177522,ch.unige.css.services.PingService,ch.unige.ping,10074,1449,110313995,[STARTED],false,true,0,0,49618246,
1428411177522,com.android.systemui.keyguard.KeyguardService,com.android.systemui,10012,906,42358,[PERSISTENT],false,false,1,1,42367,
1428411177522,ch.unige.css.services.main.CssRegistryService,ch.unige.ping:background,10074,13902,17964876,[STARTED],false,true,0,0,6748905,
1428411177522,com.whatsapp.messaging.MessageService,com.whatsapp,10159,26619,68313,[STARTED],false,true,1,1,49325032,
1428411177522,ccc71.at.services.at_service,ccc71.bmw.pro:services,10110,4012,69150,[STARTED],false,true,0,0,69159,
1428411177522,com.google.android.location.geocode.GeocodeService,com.google.process.location,10007,17755,109508633,[],false,true,1,1,49318024,
1428411177522,com.google.android.gms.gcm.GcmService,com.google.process.gapps,10007,17792,17965599,[STARTED],false,true,0,0,49325453,
1428411237590,com.android.bluetooth.hid.HidService,com.android.bluetooth,1002,0,41148,[],false,true,1,1,41157,
1428411237590,com.android.exchange.service.EasService,com.google.android.gm.exchange,10157,2752,54256,[STARTED],false,true,1,1,49341362,
1428411237590,com.google.android.music.dial.DialMediaRouteProviderService,com.google.android.music:main,10058,0,21711939,[],false,true,0,0,10495967,
1428411237590,ch.unige.css.services.PingService,ch.unige.ping,10074,1449,110374134,[STARTED],false,true,0,0,49643106,
1428411237590,com.android.systemui.keyguard.KeyguardService,com.android.systemui,10012,906,42358,[PERSISTENT],false,false,1,1,42367,
1428411237590,ch.unige.css.services.main.CssRegistryService,ch.unige.ping:background,10074,13902,17964876,[STARTED],false,true,0,0,6748905,
1428411237590,com.whatsapp.messaging.MessageService,com.whatsapp,10159,26619,68313,[STARTED],false,true,1,1,49325032,
1428411237590,ccc71.at.services.at_service,ccc71.bmw.pro:services,10110,4012,69150,[STARTED],false,true,0,0,69159,
1428411237590,com.google.android.location.geocode.GeocodeService,com.google.process.location,10007,17755,109508633,[],false,true,1,1,49318024,
1428411237590,com.google.android.gms.gcm.GcmService,com.google.process.gapps,10007,17792,17965599,[STARTED],false,true,0,0,49325453,
1428411309951,com.android.bluetooth.hid.HidService,com.android.bluetooth,1002,0,41148,[],false,true,1,1,41157,
1428411309951,com.android.exchange.service.EasService,com.google.android.gm.exchange,10157,2752,54256,[STARTED],false,true,1,1,49341362,
1428411309951,com.google.android.music.dial.DialMediaRouteProviderService,com.google.android.music:main,10058,0,21711939,[],false,true,0,0,10495967,
1428411309951,ch.unige.css.services.PingService,ch.unige.ping,10074,1449,110446477,[STARTED],false,true,0,0,49665348,
1428411309951,com.android.systemui.keyguard.KeyguardService,com.android.systemui,10012,906,42358,[PERSISTENT],false,false,1,1,42367,
1428411309951,ch.unige.css.services.main.CssRegistryService,ch.unige.ping:background,10074,13902,17964876,[STARTED],false,true,0,0,6748905,
1428411309951,com.whatsapp.messaging.MessageService,com.whatsapp,10159,26619,68313,[STARTED],false,true,1,1,49325032,
1428411309951,ccc71.at.services.at_service,ccc71.bmw.pro:services,10110,4012,69150,[STARTED],false,true,0,0,69159,
1428411309951,com.google.android.location.geocode.GeocodeService,com.google.process.location,10007,17755,109508633,[],false,true,1,1,49318024,
1428411309951,com.google.android.gms.gcm.GcmService,com.google.process.gapps,10007,17792,17965599,[STARTED],false,true,0,0,49325453,
1428411370445,com.android.bluetooth.hid.HidService,com.android.bluetooth,1002,0,41148,[],false,true,1,1,41157,
1428411370445,com.android.exchange.service.EasService,com.google.android.gm.exchange,10157,2752,54256,[STARTED],false,true,1,1,49341362,
1428411370445,com.google.android.music.dial.DialMediaRouteProviderService,com.google.android.music:main,10058,0,21711939,[],false,true,0,0,10495967,
1428411370445,ch.unige.css.services.PingService,ch.unige.ping,10074,1449,110506989,[STARTED],false,true,0,0,49688466,
1428411370445,com.android.systemui.keyguard.KeyguardService,com.android.systemui,10012,906,42358,[PERSISTENT],false,false,1,1,42367,
1428411370445,ch.unige.css.services.main.CssRegistryService,ch.unige.ping:background,10074,13902,17964876,[STARTED],false,true,0,0,6748905,
1428411370445,com.whatsapp.messaging.MessageService,com.whatsapp,10159,26619,68313,[STARTED],false,true,1,1,49325032,
1428411370445,ccc71.at.services.at_service,ccc71.bmw.pro:services,10110,4012,69150,[STARTED],false,true,0,0,69159,
1428411370445,com.google.android.location.geocode.GeocodeService,com.google.process.location,10007,17755,109508633,[],false,true,1,1,49318024,
1428411370445,com.google.android.gms.gcm.GcmService,com.google.process.gapps,10007,17792,17965599,[STARTED],false,true,0,0,49325453,
1428411430508,com.android.bluetooth.hid.HidService,com.android.bluetooth,1002,0,41148,[],false,true,1,1,41157,
1428411430508,com.android.exchange.service.EasService,com.google.android.gm.exchange,10157,2752,54256,[STARTED],false,true,1,1,49341362,
1428411430508,com.google.android.music.dial.DialMediaRouteProviderService,com.google.android.music:main,10058,0,21711939,[],false,true,0,0,10495967,
1428411430508,ch.unige.css.services.PingService,ch.unige.ping,10074,1449,110567056,[STARTED],false,true,0,0,49712278,
1428411430508,com.android.systemui.keyguard.KeyguardService,com.android.systemui,10012,906,42358,[PERSISTENT],false,false,1,1,42367,
1428411430508,ch.unige.css.services.main.CssRegistryService,ch.unige.ping:background,10074,13902,17964876,[STARTED],false,true,0,0,6748905,
1428411430508,com.whatsapp.messaging.MessageService,com.whatsapp,10159,26619,68313,[STARTED],false,true,1,1,49325032,
1428411430508,ccc71.at.services.at_service,ccc71.bmw.pro:services,10110,4012,69150,[STARTED],false,true,0,0,69159,
1428411430508,com.google.android.location.geocode.GeocodeService,com.google.process.location,10007,17755,109508633,[],false,true,1,1,49318024,
1428411430508,com.google.android.gms.gcm.GcmService,com.google.process.gapps,10007,17792,17965599,[STARTED],false,true,0,0,49325453,
1428411491442,com.android.bluetooth.hid.HidService,com.android.bluetooth,1002,0,41148,[],false,true,1,1,41157,
1428411491442,com.android.exchange.service.EasService,com.google.android.gm.exchange,10157,2752,54256,[STARTED],false,true,1,1,49341362,
1428411491442,com.google.android.music.dial.DialMediaRouteProviderService,com.google.android.music:main,10058,0,21711939,[],false,true,0,0,10495967,
1428411491442,ch.unige.css.services.PingService,ch.unige.ping,10074,1449,110627986,[STARTED],false,true,0,0,49735767,
1428411491442,com.android.systemui.keyguard.KeyguardService,com.android.systemui,10012,906,42358,[PERSISTENT],false,false,1,1,42367,
1428411491442,ch.unige.css.services.main.CssRegistryService,ch.unige.ping:background,10074,13902,17964876,[STARTED],false,true,0,0,6748905,
1428411491442,com.whatsapp.messaging.MessageService,com.whatsapp,10159,26619,68313,[STARTED],false,true,1,1,49325032,
1428411491442,ccc71.at.services.at_service,ccc71.bmw.pro:services,10110,4012,69150,[STARTED],false,true,0,0,69159,
1428411491442,com.google.android.location.geocode.GeocodeService,com.google.process.location,10007,17755,109508633,[],false,true,1,1,49318024,
1428411491442,com.google.android.gms.gcm.GcmService,com.google.process.gapps,10007,17792,17965599,[STARTED],false,true,0,0,49325453,
1428411551460,com.android.bluetooth.hid.HidService,com.android.bluetooth,1002,0,41148,[],false,true,1,1,41157,
1428411551460,com.android.exchange.service.EasService,com.google.android.gm.exchange,10157,2752,54256,[STARTED],false,true,1,1,49341362,
1428411551460,com.google.android.music.dial.DialMediaRouteProviderService,com.google.android.music:main,10058,0,21711939,[],false,true,0,0,10495967,
1428411551460,ch.unige.css.services.PingService,ch.unige.ping,10074,1449,110688005,[STARTED],false,true,0,0,49760978,
1428411551460,com.android.systemui.keyguard.KeyguardService,com.android.systemui,10012,906,42358,[PERSISTENT],false,false,1,1,42367,
1428411551460,ch.unige.css.services.main.CssRegistryService,ch.unige.ping:background,10074,13902,17964876,[STARTED],false,true,0,0,6748905,
1428411551460,com.whatsapp.messaging.MessageService,com.whatsapp,10159,26619,68313,[STARTED],false,true,1,1,49325032,
1428411551460,ccc71.at.services.at_service,ccc71.bmw.pro:services,10110,4012,69150,[STARTED],false,true,0,0,69159,
1428411551460,com.google.android.location.geocode.GeocodeService,com.google.process.location,10007,17755,109508633,[],false,true,1,1,49318024,
1428411551460,com.google.android.gms.gcm.GcmService,com.google.process.gapps,10007,17792,17965599,[STARTED],false,true,0,0,49325453,
1428411611474,com.android.bluetooth.hid.HidService,com.android.bluetooth,1002,0,41148,[],false,true,1,1,41157,
1428411611474,com.android.exchange.service.EasService,com.google.android.gm.exchange,10157,2752,54256,[STARTED],false,true,1,1,49341362,
1428411611474,com.google.android.music.dial.DialMediaRouteProviderService,com.google.android.music:main,10058,0,21711939,[],false,true,0,0,10495967,
1428411611474,ch.unige.css.services.PingService,ch.unige.ping,10074,1449,110748022,[STARTED],false,true,0,0,49797483,
1428411611474,com.android.systemui.keyguard.KeyguardService,com.android.systemui,10012,906,42358,[PERSISTENT],false,false,1,1,42367,
1428411611474,ch.unige.css.services.main.CssRegistryService,ch.unige.ping:background,10074,13902,17964876,[STARTED],false,true,0,0,6748905,
1428411611474,com.whatsapp.messaging.MessageService,com.whatsapp,10159,26619,68313,[STARTED],false,true,1,1,49325032,
1428411611474,ccc71.at.services.at_service,ccc71.bmw.pro:services,10110,4012,69150,[STARTED],false,true,0,0,69159,
1428411611474,com.google.android.location.geocode.GeocodeService,com.google.process.location,10007,17755,109508633,[],false,true,1,1,49318024,
1428411611474,com.google.android.gms.gcm.GcmService,com.google.process.gapps,10007,17792,17965599,[STARTED],false,true,0,0,49325453,
1428411671548,com.android.bluetooth.hid.HidService,com.android.bluetooth,1002,0,41148,[],false,true,1,1,41157,
1428411671548,com.android.exchange.service.EasService,com.google.android.gm.exchange,10157,2752,54256,[STARTED],false,true,1,1,49341362,
1428411671548,com.google.android.music.dial.DialMediaRouteProviderService,com.google.android.music:main,10058,0,21711939,[],false,true,0,0,10495967,
1428411671548,ch.unige.css.services.PingService,ch.unige.ping,10074,1449,110808094,[STARTED],false,true,0,0,49841895,
1428411671548,com.android.systemui.keyguard.KeyguardService,com.android.systemui,10012,906,42358,[PERSISTENT],false,false,1,1,42367,
1428411671548,ch.unige.css.services.main.CssRegistryService,ch.unige.ping:background,10074,13902,17964876,[STARTED],false,true,0,0,6748905,
1428411671548,com.whatsapp.messaging.MessageService,com.whatsapp,10159,26619,68313,[STARTED],false,true,1,1,49834834,
1428411671548,ccc71.at.services.at_service,ccc71.bmw.pro:services,10110,4012,69150,[STARTED],false,true,0,0,69159,
1428411671548,com.google.android.location.geocode.GeocodeService,com.google.process.location,10007,17755,109508633,[],false,true,1,1,49318024,
1428411671548,com.google.android.gms.gcm.GcmService,com.google.process.gapps,10007,17792,17965599,[STARTED],false,true,0,0,49830624,
1428411731601,com.android.bluetooth.hid.HidService,com.android.bluetooth,1002,0,41148,[],false,true,1,1,41157,
1428411731601,com.android.exchange.service.EasService,com.google.android.gm.exchange,10157,2752,54256,[STARTED],false,true,1,1,49862681,
1428411731601,com.google.android.music.dial.DialMediaRouteProviderService,com.google.android.music:main,10058,0,21711939,[],false,true,0,0,10495967,
1428411731601,ch.unige.css.services.PingService,ch.unige.ping,10074,1449,110868131,[STARTED],false,true,0,0,49865432,
1428411731601,com.android.systemui.keyguard.KeyguardService,com.android.systemui,10012,906,42358,[PERSISTENT],false,false,1,1,42367,
1428411731601,ch.unige.css.services.main.CssRegistryService,ch.unige.ping:background,10074,13902,17964876,[STARTED],false,true,0,0,6748905,
1428411731601,com.whatsapp.messaging.MessageService,com.whatsapp,10159,26619,68313,[STARTED],false,true,1,1,49834834,
1428411731601,ccc71.at.services.at_service,ccc71.bmw.pro:services,10110,4012,69150,[STARTED],false,true,0,0,69159,
1428411731601,com.google.android.location.geocode.GeocodeService,com.google.process.location,10007,17755,109508633,[],false,true,1,1,49318024,
1428411731601,com.google.android.gms.gcm.GcmService,com.google.process.gapps,10007,17792,17965599,[STARTED],false,true,0,0,49830624,
1428411791600,com.android.bluetooth.hid.HidService,com.android.bluetooth,1002,0,41148,[],false,true,1,1,41157,
1428411791600,com.android.exchange.service.EasService,com.google.android.gm.exchange,10157,2752,54256,[STARTED],false,true,1,1,49862681,
1428411791600,com.google.android.music.dial.DialMediaRouteProviderService,com.google.android.music:main,10058,0,21711939,[],false,true,0,0,10495967,
1428411791600,ch.unige.css.services.PingService,ch.unige.ping,10074,1449,110928148,[STARTED],false,true,0,0,49886848,
1428411791600,com.android.systemui.keyguard.KeyguardService,com.android.systemui,10012,906,42358,[PERSISTENT],false,false,1,1,42367,
1428411791600,ch.unige.css.services.main.CssRegistryService,ch.unige.ping:background,10074,13902,17964876,[STARTED],false,true,0,0,6748905,
1428411791600,com.whatsapp.messaging.MessageService,com.whatsapp,10159,26619,68313,[STARTED],false,true,1,1,49834834,
1428411791600,ccc71.at.services.at_service,ccc71.bmw.pro:services,10110,4012,69150,[STARTED],false,true,0,0,69159,
1428411791600,com.google.android.location.geocode.GeocodeService,com.google.process.location,10007,17755,109508633,[],false,true,1,1,49318024,
1428411791600,com.google.android.gms.gcm.GcmService,com.google.process.gapps,10007,17792,17965599,[STARTED],false,true,0,0,49830624,
1428411887785,com.android.bluetooth.hid.HidService,com.android.bluetooth,1002,0,41148,[],false,true,1,1,41157,
1428411887785,com.android.exchange.service.EasService,com.google.android.gm.exchange,10157,2752,54256,[STARTED],false,true,1,1,49862681,
1428411887785,com.google.android.music.dial.DialMediaRouteProviderService,com.google.android.music:main,10058,0,21711939,[],false,true,0,0,10495967,
1428411887785,ch.unige.css.services.PingService,ch.unige.ping,10074,1449,111024329,[STARTED],false,true,0,0,49908219,
1428411887785,com.android.systemui.keyguard.KeyguardService,com.android.systemui,10012,906,42358,[PERSISTENT],false,false,1,1,42367,
1428411887785,ch.unige.css.services.main.CssRegistryService,ch.unige.ping:background,10074,13902,17964876,[STARTED],false,true,0,0,6748905,
1428411887785,com.whatsapp.messaging.MessageService,com.whatsapp,10159,26619,68313,[STARTED],false,true,1,1,49834834,
1428411887785,ccc71.at.services.at_service,ccc71.bmw.pro:services,10110,4012,69150,[STARTED],false,true,0,0,69159,
1428411887785,com.google.android.location.geocode.GeocodeService,com.google.process.location,10007,17755,109508633,[],false,true,1,1,49318024,
1428411887785,com.google.android.gms.gcm.GcmService,com.google.process.gapps,10007,17792,17965599,[STARTED],false,true,0,0,49830624,
1428411951637,com.android.bluetooth.hid.HidService,com.android.bluetooth,1002,0,41148,[],false,true,1,1,41157,
1428411951637,com.android.exchange.service.EasService,com.google.android.gm.exchange,10157,2752,54256,[STARTED],false,true,1,1,49862681,
1428411951637,com.google.android.music.dial.DialMediaRouteProviderService,com.google.android.music:main,10058,0,21711939,[],false,true,0,0,10495967,
1428411951637,ch.unige.css.services.PingService,ch.unige.ping,10074,1449,111088161,[STARTED],false,true,0,0,49934409,
1428411951637,com.android.systemui.keyguard.KeyguardService,com.android.systemui,10012,906,42358,[PERSISTENT],false,false,1,1,42367,
1428411951637,ch.unige.css.services.main.CssRegistryService,ch.unige.ping:background,10074,13902,17964876,[STARTED],false,true,0,0,6748905,
1428411951637,com.whatsapp.messaging.MessageService,com.whatsapp,10159,26619,68313,[STARTED],false,true,1,1,49834834,
1428411951637,ccc71.at.services.at_service,ccc71.bmw.pro:services,10110,4012,69150,[STARTED],false,true,0,0,69159,
1428411951637,com.google.android.location.geocode.GeocodeService,com.google.process.location,10007,17755,109508633,[],false,true,1,1,49318024,
1428411951637,com.google.android.gms.gcm.GcmService,com.google.process.gapps,10007,17792,17965599,[STARTED],false,true,0,0,49830624,
1428412012473,com.android.bluetooth.hid.HidService,com.android.bluetooth,1002,0,41148,[],false,true,1,1,41157,
1428412012473,com.android.exchange.service.EasService,com.google.android.gm.exchange,10157,2752,54256,[STARTED],false,true,1,1,49862681,
1428412012473,com.google.android.music.dial.DialMediaRouteProviderService,com.google.android.music:main,10058,0,21711939,[],false,true,0,0,10495967,
1428412012473,ch.unige.css.services.PingService,ch.unige.ping,10074,1449,111148989,[STARTED],false,true,0,0,49957010,
1428412012473,com.android.systemui.keyguard.KeyguardService,com.android.systemui,10012,906,42358,[PERSISTENT],false,false,1,1,42367,
1428412012473,ch.unige.css.services.main.CssRegistryService,ch.unige.ping:background,10074,13902,17964876,[STARTED],false,true,0,0,6748905,
1428412012473,com.whatsapp.messaging.MessageService,com.whatsapp,10159,26619,68313,[STARTED],false,true,1,1,49834834,
1428412012473,ccc71.at.services.at_service,ccc71.bmw.pro:services,10110,4012,69150,[STARTED],false,true,0,0,69159,
1428412012473,com.google.android.location.geocode.GeocodeService,com.google.process.location,10007,17755,109508633,[],false,true,1,1,49318024,
1428412012473,com.google.android.gms.gcm.GcmService,com.google.process.gapps,10007,17792,17965599,[STARTED],false,true,0,0,49830624,
1428412072695,com.android.bluetooth.hid.HidService,com.android.bluetooth,1002,0,41148,[],false,true,1,1,41157,
1428412072695,com.android.exchange.service.EasService,com.google.android.gm.exchange,10157,2752,54256,[STARTED],false,true,1,1,49862681,
1428412072695,com.google.android.music.dial.DialMediaRouteProviderService,com.google.android.music:main,10058,0,21711939,[],false,true,0,0,10495967,
1428412072695,ch.unige.css.services.PingService,ch.unige.ping,10074,1449,111209237,[STARTED],false,true,0,0,49977636,
1428412072695,com.android.systemui.keyguard.KeyguardService,com.android.systemui,10012,906,42358,[PERSISTENT],false,false,1,1,42367,
1428412072695,ch.unige.css.services.main.CssRegistryService,ch.unige.ping:background,10074,13902,17964876,[STARTED],false,true,0,0,6748905,
1428412072695,com.whatsapp.messaging.MessageService,com.whatsapp,10159,26619,68313,[STARTED],false,true,1,1,49834834,
1428412072695,ccc71.at.services.at_service,ccc71.bmw.pro:services,10110,4012,69150,[STARTED],false,true,0,0,69159,
1428412072695,com.google.android.location.geocode.GeocodeService,com.google.process.location,10007,17755,109508633,[],false,true,1,1,49318024,
1428412072695,com.google.android.gms.gcm.GcmService,com.google.process.gapps,10007,17792,17965599,[STARTED],false,true,0,0,49830624,
1428412132845,com.android.bluetooth.hid.HidService,com.android.bluetooth,1002,0,41148,[],false,true,1,1,41157,
1428412132845,com.android.exchange.service.EasService,com.google.android.gm.exchange,10157,2752,54256,[STARTED],false,true,1,1,49862681,
1428412132845,com.google.android.music.dial.DialMediaRouteProviderService,com.google.android.music:main,10058,0,21711939,[],false,true,0,0,10495967,
1428412132845,ch.unige.css.services.PingService,ch.unige.ping,10074,1449,111269379,[STARTED],false,true,0,0,49998425,
1428412132845,com.android.systemui.keyguard.KeyguardService,com.android.systemui,10012,906,42358,[PERSISTENT],false,false,1,1,42367,
1428412132845,ch.unige.css.services.main.CssRegistryService,ch.unige.ping:background,10074,13902,17964876,[STARTED],false,true,0,0,6748905,
1428412132845,com.whatsapp.messaging.MessageService,com.whatsapp,10159,26619,68313,[STARTED],false,true,1,1,49834834,
1428412132845,ccc71.at.services.at_service,ccc71.bmw.pro:services,10110,4012,69150,[STARTED],false,true,0,0,69159,
1428412132845,com.google.android.location.geocode.GeocodeService,com.google.process.location,10007,17755,109508633,[],false,true,1,1,49318024,
1428412132845,com.google.android.gms.gcm.GcmService,com.google.process.gapps,10007,17792,17965599,[STARTED],false,true,0,0,49830624,
1428412209032,com.android.bluetooth.hid.HidService,com.android.bluetooth,1002,0,41148,[],false,true,1,1,41157,
1428412209032,com.android.exchange.service.EasService,com.google.android.gm.exchange,10157,2752,54256,[STARTED],false,true,1,1,49862681,
1428412209032,com.google.android.music.dial.DialMediaRouteProviderService,com.google.android.music:main,10058,0,21711939,[],false,true,0,0,10495967,
1428412209032,ch.unige.css.services.PingService,ch.unige.ping,10074,1449,111345561,[STARTED],false,true,0,0,50019436,
1428412209032,com.android.systemui.keyguard.KeyguardService,com.android.systemui,10012,906,42358,[PERSISTENT],false,false,1,1,42367,
1428412209032,ch.unige.css.services.main.CssRegistryService,ch.unige.ping:background,10074,13902,17964876,[STARTED],false,true,0,0,6748905,
1428412209032,com.whatsapp.messaging.MessageService,com.whatsapp,10159,26619,68313,[STARTED],false,true,1,1,49834834,
1428412209032,ccc71.at.services.at_service,ccc71.bmw.pro:services,10110,4012,69150,[STARTED],false,true,0,0,69159,
1428412209032,com.google.android.location.geocode.GeocodeService,com.google.process.location,10007,17755,109508633,[],false,true,1,1,49318024,
1428412209032,com.facebook.analytics.service.AnalyticsService,com.facebook.katana,10079,21602,111282815,[STARTED],false,true,0,0,50011865,
1428412269473,com.android.bluetooth.hid.HidService,com.android.bluetooth,1002,0,41148,[],false,true,1,1,41157,
1428412269473,com.android.exchange.service.EasService,com.google.android.gm.exchange,10157,2752,54256,[STARTED],false,true,1,1,49862681,
1428412269473,com.google.android.music.dial.DialMediaRouteProviderService,com.google.android.music:main,10058,0,21711939,[],false,true,0,0,10495967,
1428412269473,ch.unige.css.services.PingService,ch.unige.ping,10074,1449,111405994,[STARTED],false,true,0,0,50044976,
1428412269473,com.android.systemui.keyguard.KeyguardService,com.android.systemui,10012,906,42358,[PERSISTENT],false,false,1,1,42367,
1428412269473,ch.unige.css.services.main.CssRegistryService,ch.unige.ping:background,10074,13902,17964876,[STARTED],false,true,0,0,6748905,
1428412269473,com.whatsapp.messaging.MessageService,com.whatsapp,10159,26619,68313,[STARTED],false,true,1,1,50040313,
1428412269473,ccc71.at.services.at_service,ccc71.bmw.pro:services,10110,4012,69150,[STARTED],false,true,0,0,69159,
1428412269473,com.google.android.location.geocode.GeocodeService,com.google.process.location,10007,17755,109508633,[],false,true,1,1,49318024,
1428412269473,com.google.android.gms.gcm.GcmService,com.google.process.gapps,10007,17792,17965599,[STARTED],false,true,0,0,49830624,
1428412330480,com.android.bluetooth.hid.HidService,com.android.bluetooth,1002,0,41148,[],false,true,1,1,41157,
1428412330480,com.android.exchange.service.EasService,com.google.android.gm.exchange,10157,2752,54256,[STARTED],false,true,1,1,49862681,
1428412330480,com.google.android.music.dial.DialMediaRouteProviderService,com.google.android.music:main,10058,0,21711939,[],false,true,0,0,10495967,
1428412330480,ch.unige.css.services.PingService,ch.unige.ping,10074,1449,111466991,[STARTED],false,true,0,0,50068779,
1428412330480,com.android.systemui.keyguard.KeyguardService,com.android.systemui,10012,906,42358,[PERSISTENT],false,false,1,1,42367,
1428412330480,ch.unige.css.services.main.CssRegistryService,ch.unige.ping:background,10074,13902,17964876,[STARTED],false,true,0,0,6748905,
1428412330480,com.whatsapp.messaging.MessageService,com.whatsapp,10159,26619,68313,[STARTED],false,true,1,1,50040313,
1428412330480,ccc71.at.services.at_service,ccc71.bmw.pro:services,10110,4012,69150,[STARTED],false,true,0,0,69159,
1428412330480,com.google.android.location.geocode.GeocodeService,com.google.process.location,10007,17755,109508633,[],false,true,1,1,49318024,
1428412330480,com.google.android.gms.gcm.GcmService,com.google.process.gapps,10007,17792,17965599,[STARTED],false,true,0,0,49830624,
1428412390799,com.android.bluetooth.hid.HidService,com.android.bluetooth,1002,0,41148,[],false,true,1,1,41157,
1428412390799,com.android.exchange.service.EasService,com.google.android.gm.exchange,10157,2752,54256,[STARTED],false,true,1,1,49862681,
1428412390799,com.google.android.music.dial.DialMediaRouteProviderService,com.google.android.music:main,10058,0,21711939,[],false,true,0,0,10495967,
1428412390799,ch.unige.css.services.PingService,ch.unige.ping,10074,1449,111527342,[STARTED],false,true,0,0,50089482,
1428412390799,com.android.systemui.keyguard.KeyguardService,com.android.systemui,10012,906,42358,[PERSISTENT],false,false,1,1,42367,
1428412390799,ch.unige.css.services.main.CssRegistryService,ch.unige.ping:background,10074,13902,17964876,[STARTED],false,true,0,0,6748905,
1428412390799,com.whatsapp.messaging.MessageService,com.whatsapp,10159,26619,68313,[STARTED],false,true,1,1,50040313,
1428412390799,ccc71.at.services.at_service,ccc71.bmw.pro:services,10110,4012,69150,[STARTED],false,true,0,0,69159,
1428412390799,com.google.android.location.geocode.GeocodeService,com.google.process.location,10007,17755,109508633,[],false,true,1,1,49318024,
1428412390799,com.google.android.gms.gcm.GcmService,com.google.process.gapps,10007,17792,17965599,[STARTED],false,true,0,0,49830624,
1428412463499,com.android.bluetooth.hid.HidService,com.android.bluetooth,1002,0,41148,[],false,true,1,1,41157,
1428412463499,com.android.exchange.service.EasService,com.google.android.gm.exchange,10157,2752,54256,[STARTED],false,true,1,1,49862681,
1428412463499,com.google.android.music.dial.DialMediaRouteProviderService,com.google.android.music:main,10058,0,21711939,[],false,true,0,0,10495967,
1428412463499,ch.unige.css.services.PingService,ch.unige.ping,10074,1449,111600033,[STARTED],false,true,0,0,50115374,
1428412463499,com.android.systemui.keyguard.KeyguardService,com.android.systemui,10012,906,42358,[PERSISTENT],false,false,1,1,42367,
1428412463499,ch.unige.css.services.main.CssRegistryService,ch.unige.ping:background,10074,13902,17964876,[STARTED],false,true,0,0,6748905,
1428412463499,com.whatsapp.messaging.MessageService,com.whatsapp,10159,26619,68313,[STARTED],false,true,1,1,50040313,
1428412463499,ccc71.at.services.at_service,ccc71.bmw.pro:services,10110,4012,69150,[STARTED],false,true,0,0,69159,
1428412463499,com.google.android.location.geocode.GeocodeService,com.google.process.location,10007,17755,109508633,[],false,true,1,1,49318024,
1428412463499,com.google.android.gms.gcm.GcmService,com.google.process.gapps,10007,17792,17965599,[STARTED],false,true,0,0,49830624,
1428412523500,com.android.bluetooth.hid.HidService,com.android.bluetooth,1002,0,41148,[],false,true,1,1,41157,
1428412523500,com.android.exchange.service.EasService,com.google.android.gm.exchange,10157,2752,54256,[STARTED],false,true,1,1,49862681,
1428412523500,com.google.android.music.dial.DialMediaRouteProviderService,com.google.android.music:main,10058,0,21711939,[],false,true,0,0,10495967,
1428412523500,ch.unige.css.services.PingService,ch.unige.ping,10074,1449,111660047,[STARTED],false,true,0,0,50145207,
1428412523500,com.android.systemui.keyguard.KeyguardService,com.android.systemui,10012,906,42358,[PERSISTENT],false,false,1,1,42367,
1428412523500,ch.unige.css.services.main.CssRegistryService,ch.unige.ping:background,10074,13902,17964876,[STARTED],false,true,0,0,6748905,
1428412523500,com.whatsapp.messaging.MessageService,com.whatsapp,10159,26619,68313,[STARTED],false,true,1,1,50040313,
1428412523500,ccc71.at.services.at_service,ccc71.bmw.pro:services,10110,4012,69150,[STARTED],false,true,0,0,69159,
1428412523500,com.google.android.location.geocode.GeocodeService,com.google.process.location,10007,17755,109508633,[],false,true,1,1,49318024,
1428412523500,com.google.android.gms.gcm.GcmService,com.google.process.gapps,10007,17792,17965599,[STARTED],false,true,0,0,49830624,
1428412583564,com.android.bluetooth.hid.HidService,com.android.bluetooth,1002,0,41148,[],false,true,1,1,41157,
1428412583564,com.android.exchange.service.EasService,com.google.android.gm.exchange,10157,2752,54256,[STARTED],false,true,1,1,49862681,
1428412583564,com.google.android.music.dial.DialMediaRouteProviderService,com.google.android.music:main,10058,0,21711939,[],false,true,0,0,10495967,
1428412583564,ch.unige.css.services.PingService,ch.unige.ping,10074,1449,111720106,[STARTED],false,true,0,0,50170679,
1428412583564,com.android.systemui.keyguard.KeyguardService,com.android.systemui,10012,906,42358,[PERSISTENT],false,false,1,1,42367,
1428412583564,ch.unige.css.services.main.CssRegistryService,ch.unige.ping:background,10074,13902,17964876,[STARTED],false,true,0,0,6748905,
1428412583564,com.whatsapp.messaging.MessageService,com.whatsapp,10159,26619,68313,[STARTED],false,true,1,1,50040313,
1428412583564,ccc71.at.services.at_service,ccc71.bmw.pro:services,10110,4012,69150,[STARTED],false,true,0,0,69159,
1428412583564,com.google.android.location.geocode.GeocodeService,com.google.process.location,10007,17755,109508633,[],false,true,1,1,49318024,
1428412583564,com.google.android.gms.gcm.GcmService,com.google.process.gapps,10007,17792,17965599,[STARTED],false,true,0,0,49830624,
1428412643651,com.android.bluetooth.hid.HidService,com.android.bluetooth,1002,0,41148,[],false,true,1,1,41157,
1428412643651,com.android.exchange.service.EasService,com.google.android.gm.exchange,10157,2752,54256,[STARTED],false,true,1,1,49862681,
1428412643651,com.google.android.music.dial.DialMediaRouteProviderService,com.google.android.music:main,10058,0,21711939,[],false,true,0,0,10495967,
1428412643651,ch.unige.css.services.PingService,ch.unige.ping,10074,1449,111780144,[STARTED],false,true,0,0,50197054,
1428412643651,com.android.systemui.keyguard.KeyguardService,com.android.systemui,10012,906,42358,[PERSISTENT],false,false,1,1,42367,
1428412643651,ch.unige.css.services.main.CssRegistryService,ch.unige.ping:background,10074,13902,17964876,[STARTED],false,true,0,0,6748905,
1428412643651,com.whatsapp.messaging.MessageService,com.whatsapp,10159,26619,68313,[STARTED],false,true,1,1,50040313,
1428412643651,ccc71.at.services.at_service,ccc71.bmw.pro:services,10110,4012,69150,[STARTED],false,true,0,0,69159,
1428412643651,com.google.android.location.geocode.GeocodeService,com.google.process.location,10007,17755,109508633,[],false,true,1,1,49318024,
1428412643651,com.google.android.gms.gcm.GcmService,com.google.process.gapps,10007,17792,17965599,[STARTED],false,true,0,0,49830624,
1428412703920,com.android.bluetooth.hid.HidService,com.android.bluetooth,1002,0,41148,[],false,true,1,1,41157,
1428412703920,com.android.exchange.service.EasService,com.google.android.gm.exchange,10157,2752,54256,[STARTED],false,true,1,1,49862681,
1428412703920,com.google.android.music.dial.DialMediaRouteProviderService,com.google.android.music:main,10058,0,21711939,[],false,true,0,0,10495967,
1428412703920,ch.unige.css.services.PingService,ch.unige.ping,10074,1449,111840401,[STARTED],false,true,0,0,50217873,
1428412703920,com.android.systemui.keyguard.KeyguardService,com.android.systemui,10012,906,42358,[PERSISTENT],false,false,1,1,42367,
1428412703920,ch.unige.css.services.main.CssRegistryService,ch.unige.ping:background,10074,13902,17964876,[STARTED],false,true,0,0,6748905,
1428412703920,com.whatsapp.messaging.MessageService,com.whatsapp,10159,26619,68313,[STARTED],false,true,1,1,50040313,
1428412703920,ccc71.at.services.at_service,ccc71.bmw.pro:services,10110,4012,69150,[STARTED],false,true,0,0,69159,
1428412703920,com.google.android.location.geocode.GeocodeService,com.google.process.location,10007,17755,109508633,[],false,true,1,1,49318024,
1428412703920,com.google.android.gms.gcm.GcmService,com.google.process.gapps,10007,17792,17965599,[STARTED],false,true,0,0,49830624,
1428412764484,com.android.bluetooth.hid.HidService,com.android.bluetooth,1002,0,41148,[],false,true,1,1,41157,
1428412764484,com.android.exchange.service.EasService,com.google.android.gm.exchange,10157,2752,54256,[STARTED],false,true,1,1,49862681,
1428412764484,com.google.android.music.dial.DialMediaRouteProviderService,com.google.android.music:main,10058,0,21711939,[],false,true,0,0,10495967,
1428412764484,ch.unige.css.services.PingService,ch.unige.ping,10074,1449,111900991,[STARTED],false,true,0,0,50240472,
1428412764484,com.android.systemui.keyguard.KeyguardService,com.android.systemui,10012,906,42358,[PERSISTENT],false,false,1,1,42367,
1428412764484,ch.unige.css.services.main.CssRegistryService,ch.unige.ping:background,10074,13902,17964876,[STARTED],false,true,0,0,6748905,
1428412764484,com.whatsapp.messaging.MessageService,com.whatsapp,10159,26619,68313,[STARTED],false,true,1,1,50040313,
1428412764484,ccc71.at.services.at_service,ccc71.bmw.pro:services,10110,4012,69150,[STARTED],false,true,0,0,69159,
1428412764484,com.google.android.location.geocode.GeocodeService,com.google.process.location,10007,17755,109508633,[],false,true,1,1,49318024,
1428412764484,com.google.android.gms.gcm.GcmService,com.google.process.gapps,10007,17792,17965599,[STARTED],false,true,0,0,49830624,
1428412838017,com.android.bluetooth.hid.HidService,com.android.bluetooth,1002,0,41148,[],false,true,1,1,41157,
1428412838017,com.android.exchange.service.EasService,com.google.android.gm.exchange,10157,2752,54256,[STARTED],false,true,1,1,49862681,
1428412838017,com.google.android.music.dial.DialMediaRouteProviderService,com.google.android.music:main,10058,0,21711939,[],false,true,0,0,10495967,
1428412838017,ch.unige.css.services.PingService,ch.unige.ping,10074,1449,111974548,[STARTED],false,true,0,0,50262025,
1428412838017,com.android.systemui.keyguard.KeyguardService,com.android.systemui,10012,906,42358,[PERSISTENT],false,false,1,1,42367,
1428412838017,ch.unige.css.services.main.CssRegistryService,ch.unige.ping:background,10074,13902,17964876,[STARTED],false,true,0,0,6748905,
1428412838017,com.google.android.gms.icing.service.IcingGcmTaskService,com.google.android.gms,10007,17855,111974564,[STARTED],false,true,0,0,50262041,
1428412838017,com.whatsapp.messaging.MessageService,com.whatsapp,10159,26619,68313,[STARTED],false,true,1,1,50040313,
1428412838017,ccc71.at.services.at_service,ccc71.bmw.pro:services,10110,4012,69150,[STARTED],false,true,0,0,69159,
1428412838017,com.google.android.location.geocode.GeocodeService,com.google.process.location,10007,17755,109508633,[],false,true,1,1,49318024,
1428412932491,com.android.bluetooth.hid.HidService,com.android.bluetooth,1002,0,41148,[],false,true,1,1,41157,
1428412932491,com.android.exchange.service.EasService,com.google.android.gm.exchange,10157,2752,54256,[STARTED],false,true,1,1,49862681,
1428412932491,com.google.android.music.dial.DialMediaRouteProviderService,com.google.android.music:main,10058,0,21711939,[],false,true,0,0,10495967,
1428412932491,ch.unige.css.services.PingService,ch.unige.ping,10074,1449,112068998,[STARTED],false,true,0,0,50285988,
1428412932491,com.android.systemui.keyguard.KeyguardService,com.android.systemui,10012,906,42358,[PERSISTENT],false,false,1,1,42367,
1428412932491,ch.unige.css.services.main.CssRegistryService,ch.unige.ping:background,10074,13902,17964876,[STARTED],false,true,0,0,6748905,
1428412932491,com.whatsapp.messaging.MessageService,com.whatsapp,10159,26619,68313,[STARTED],false,true,1,1,50275604,
1428412932491,ccc71.at.services.at_service,ccc71.bmw.pro:services,10110,4012,69150,[STARTED],false,true,0,0,69159,
1428412932491,com.google.android.location.geocode.GeocodeService,com.google.process.location,10007,17755,109508633,[],false,true,1,1,49318024,
1428412932491,com.google.android.gms.gcm.GcmService,com.google.process.gapps,10007,17792,17965599,[STARTED],false,true,0,0,49830624,
1428412992687,com.android.bluetooth.hid.HidService,com.android.bluetooth,1002,0,41148,[],false,true,1,1,41157,
1428412992687,com.android.exchange.service.EasService,com.google.android.gm.exchange,10157,2752,54256,[STARTED],false,true,1,1,49862681,
1428412992687,com.google.android.music.dial.DialMediaRouteProviderService,com.google.android.music:main,10058,0,21711939,[],false,true,0,0,10495967,
1428412992687,ch.unige.css.services.PingService,ch.unige.ping,10074,1449,112129195,[STARTED],false,true,0,0,50308733,
1428412992687,com.android.systemui.keyguard.KeyguardService,com.android.systemui,10012,906,42358,[PERSISTENT],false,false,1,1,42367,
1428412992687,ch.unige.css.services.main.CssRegistryService,ch.unige.ping:background,10074,13902,17964876,[STARTED],false,true,0,0,6748905,
1428412992687,com.whatsapp.messaging.MessageService,com.whatsapp,10159,26619,68313,[STARTED],false,true,1,1,50275604,
1428412992687,ccc71.at.services.at_service,ccc71.bmw.pro:services,10110,4012,69150,[STARTED],false,true,0,0,69159,
1428412992687,com.google.android.location.geocode.GeocodeService,com.google.process.location,10007,17755,109508633,[],false,true,1,1,49318024,
1428412992687,com.google.android.gms.gcm.GcmService,com.google.process.gapps,10007,17792,17965599,[STARTED],false,true,0,0,49830624,
1428413052885,com.android.bluetooth.hid.HidService,com.android.bluetooth,1002,0,41148,[],false,true,1,1,41157,
1428413052885,com.android.exchange.service.EasService,com.google.android.gm.exchange,10157,2752,54256,[STARTED],false,true,1,1,49862681,
1428413052885,com.google.android.music.dial.DialMediaRouteProviderService,com.google.android.music:main,10058,0,21711939,[],false,true,0,0,10495967,
1428413052885,ch.unige.css.services.PingService,ch.unige.ping,10074,1449,112189347,[STARTED],false,true,0,0,50329473,
1428413052885,com.android.systemui.keyguard.KeyguardService,com.android.systemui,10012,906,42358,[PERSISTENT],false,false,1,1,42367,
1428413052885,ch.unige.css.services.main.CssRegistryService,ch.unige.ping:background,10074,13902,17964876,[STARTED],false,true,0,0,6748905,
1428413052885,com.whatsapp.messaging.MessageService,com.whatsapp,10159,26619,68313,[STARTED],false,true,1,1,50275604,
1428413052885,ccc71.at.services.at_service,ccc71.bmw.pro:services,10110,4012,69150,[STARTED],false,true,0,0,69159,
1428413052885,com.google.android.location.geocode.GeocodeService,com.google.process.location,10007,17755,109508633,[],false,true,1,1,49318024,
1428413052885,com.google.android.gms.gcm.GcmService,com.google.process.gapps,10007,17792,17965599,[STARTED],false,true,0,0,49830624,
1428413139168,com.android.bluetooth.hid.HidService,com.android.bluetooth,1002,0,41148,[],false,true,1,1,41157,
1428413139168,com.android.exchange.service.EasService,com.google.android.gm.exchange,10157,2752,54256,[STARTED],false,true,1,1,49862681,
1428413139168,com.google.android.music.dial.DialMediaRouteProviderService,com.google.android.music:main,10058,0,21711939,[],false,true,0,0,10495967,
1428413139168,ch.unige.css.services.PingService,ch.unige.ping,10074,1449,112275671,[STARTED],false,true,0,0,50350582,
1428413139168,com.android.systemui.keyguard.KeyguardService,com.android.systemui,10012,906,42358,[PERSISTENT],false,false,1,1,42367,
1428413139168,ch.unige.css.services.main.CssRegistryService,ch.unige.ping:background,10074,13902,17964876,[STARTED],false,true,0,0,6748905,
1428413139168,com.whatsapp.messaging.MessageService,com.whatsapp,10159,26619,68313,[STARTED],false,true,1,1,50275604,
1428413139168,ccc71.at.services.at_service,ccc71.bmw.pro:services,10110,4012,69150,[STARTED],false,true,0,0,69159,
1428413139168,com.google.android.location.geocode.GeocodeService,com.google.process.location,10007,17755,109508633,[],false,true,1,1,49318024,
1428413139168,com.google.android.gms.gcm.GcmService,com.google.process.gapps,10007,17792,17965599,[STARTED],false,true,0,0,49830624,
1428413199480,com.android.bluetooth.hid.HidService,com.android.bluetooth,1002,0,41148,[],false,true,1,1,41157,
1428413199480,com.android.exchange.service.EasService,com.google.android.gm.exchange,10157,2752,54256,[STARTED],false,true,1,1,49862681,
1428413199480,com.google.android.music.dial.DialMediaRouteProviderService,com.google.android.music:main,10058,0,21711939,[],false,true,0,0,10495967,
1428413199480,ch.unige.css.services.PingService,ch.unige.ping,10074,1449,112335988,[STARTED],false,true,0,0,50372031,
1428413199480,com.android.systemui.keyguard.KeyguardService,com.android.systemui,10012,906,42358,[PERSISTENT],false,false,1,1,42367,
1428413199480,ch.unige.css.services.main.CssRegistryService,ch.unige.ping:background,10074,13902,17964876,[STARTED],false,true,0,0,6748905,
1428413199480,com.whatsapp.messaging.MessageService,com.whatsapp,10159,26619,68313,[STARTED],false,true,1,1,50275604,
1428413199480,ccc71.at.services.at_service,ccc71.bmw.pro:services,10110,4012,69150,[STARTED],false,true,0,0,69159,
1428413199480,com.google.android.location.geocode.GeocodeService,com.google.process.location,10007,17755,109508633,[],false,true,1,1,49318024,
1428413199480,com.google.android.gms.gcm.GcmService,com.google.process.gapps,10007,17792,17965599,[STARTED],false,true,0,0,49830624,
1428413259810,com.android.bluetooth.hid.HidService,com.android.bluetooth,1002,0,41148,[],false,true,1,1,41157,
1428413259810,com.android.exchange.service.EasService,com.google.android.gm.exchange,10157,2752,54256,[STARTED],false,true,1,1,49862681,
1428413259810,com.google.android.music.dial.DialMediaRouteProviderService,com.google.android.music:main,10058,0,21711939,[],false,true,0,0,10495967,
1428413259810,ch.unige.css.services.PingService,ch.unige.ping,10074,1449,112396349,[STARTED],false,true,0,0,50392785,
1428413259810,com.android.systemui.keyguard.KeyguardService,com.android.systemui,10012,906,42358,[PERSISTENT],false,false,1,1,42367,
1428413259810,ch.unige.css.services.main.CssRegistryService,ch.unige.ping:background,10074,13902,17964876,[STARTED],false,true,0,0,6748905,
1428413259810,com.whatsapp.messaging.MessageService,com.whatsapp,10159,26619,68313,[STARTED],false,true,1,1,50275604,
1428413259810,ccc71.at.services.at_service,ccc71.bmw.pro:services,10110,4012,69150,[STARTED],false,true,0,0,69159,
1428413259810,com.google.android.location.geocode.GeocodeService,com.google.process.location,10007,17755,109508633,[],false,true,1,1,49318024,
1428413259810,com.google.android.gms.gcm.GcmService,com.google.process.gapps,10007,17792,17965599,[STARTED],false,true,0,0,49830624,
1428413320466,com.android.bluetooth.hid.HidService,com.android.bluetooth,1002,0,41148,[],false,true,1,1,41157,
1428413320466,com.android.exchange.service.EasService,com.google.android.gm.exchange,10157,2752,54256,[STARTED],false,true,1,1,49862681,
1428413320466,com.google.android.music.dial.DialMediaRouteProviderService,com.google.android.music:main,10058,0,21711939,[],false,true,0,0,10495967,
1428413320466,ch.unige.css.services.PingService,ch.unige.ping,10074,1449,112456993,[STARTED],false,true,0,0,50413457,
1428413320466,com.android.systemui.keyguard.KeyguardService,com.android.systemui,10012,906,42358,[PERSISTENT],false,false,1,1,42367,
1428413320466,ch.unige.css.services.main.CssRegistryService,ch.unige.ping:background,10074,13902,17964876,[STARTED],false,true,0,0,6748905,
1428413320466,com.whatsapp.messaging.MessageService,com.whatsapp,10159,26619,68313,[STARTED],false,true,1,1,50275604,
1428413320466,ccc71.at.services.at_service,ccc71.bmw.pro:services,10110,4012,69150,[STARTED],false,true,0,0,69159,
1428413320466,com.google.android.location.geocode.GeocodeService,com.google.process.location,10007,17755,109508633,[],false,true,1,1,49318024,
1428413320466,com.google.android.gms.gcm.GcmService,com.google.process.gapps,10007,17792,17965599,[STARTED],false,true,0,0,49830624,
1428413380643,com.android.bluetooth.hid.HidService,com.android.bluetooth,1002,0,41148,[],false,true,1,1,41157,
1428413380643,com.android.exchange.service.EasService,com.google.android.gm.exchange,10157,2752,54256,[STARTED],false,true,1,1,49862681,
1428413380643,com.google.android.music.dial.DialMediaRouteProviderService,com.google.android.music:main,10058,0,21711939,[],false,true,0,0,10495967,
1428413380643,ch.unige.css.services.PingService,ch.unige.ping,10074,1449,112517179,[STARTED],false,true,0,0,50434100,
1428413380643,com.android.systemui.keyguard.KeyguardService,com.android.systemui,10012,906,42358,[PERSISTENT],false,false,1,1,42367,
1428413380643,ch.unige.css.services.main.CssRegistryService,ch.unige.ping:background,10074,13902,17964876,[STARTED],false,true,0,0,6748905,
1428413380643,com.whatsapp.messaging.MessageService,com.whatsapp,10159,26619,68313,[STARTED],false,true,1,1,50275604,
1428413380643,ccc71.at.services.at_service,ccc71.bmw.pro:services,10110,4012,69150,[STARTED],false,true,0,0,69159,
1428413380643,com.google.android.location.geocode.GeocodeService,com.google.process.location,10007,17755,109508633,[],false,true,1,1,49318024,
1428413380643,com.google.android.gms.gcm.GcmService,com.google.process.gapps,10007,17792,17965599,[STARTED],false,true,0,0,49830624,
1428413441501,com.android.bluetooth.hid.HidService,com.android.bluetooth,1002,0,41148,[],false,true,1,1,41157,
1428413441501,com.android.exchange.service.EasService,com.google.android.gm.exchange,10157,2752,54256,[STARTED],false,true,1,1,49862681,
1428413441501,com.google.android.music.dial.DialMediaRouteProviderService,com.google.android.music:main,10058,0,21711939,[],false,true,0,0,10495967,
1428413441501,ch.unige.css.services.PingService,ch.unige.ping,10074,1449,112578010,[STARTED],false,true,0,0,50459282,
1428413441501,com.android.systemui.keyguard.KeyguardService,com.android.systemui,10012,906,42358,[PERSISTENT],false,false,1,1,42367,
1428413441501,ch.unige.css.services.main.CssRegistryService,ch.unige.ping:background,10074,13902,17964876,[STARTED],false,true,0,0,6748905,
1428413441501,com.whatsapp.messaging.MessageService,com.whatsapp,10159,26619,68313,[STARTED],false,true,1,1,50275604,
1428413441501,ccc71.at.services.at_service,ccc71.bmw.pro:services,10110,4012,69150,[STARTED],false,true,0,0,69159,
1428413441501,com.google.android.location.geocode.GeocodeService,com.google.process.location,10007,17755,109508633,[],false,true,1,1,49318024,
1428413441501,com.google.android.gms.gcm.GcmService,com.google.process.gapps,10007,17792,17965599,[STARTED],false,true,0,0,49830624,
1428413541093,com.android.bluetooth.hid.HidService,com.android.bluetooth,1002,0,41148,[],false,true,1,1,41157,
1428413541093,com.android.exchange.service.EasService,com.google.android.gm.exchange,10157,2752,54256,[STARTED],false,true,1,1,49862681,
1428413541093,com.google.android.music.dial.DialMediaRouteProviderService,com.google.android.music:main,10058,0,21711939,[],false,true,0,0,10495967,
1428413541093,ch.unige.css.services.PingService,ch.unige.ping,10074,1449,112677628,[STARTED],false,true,0,0,50491749,
1428413541093,com.android.systemui.keyguard.KeyguardService,com.android.systemui,10012,906,42358,[PERSISTENT],false,false,1,1,42367,
1428413541093,ch.unige.css.services.main.CssRegistryService,ch.unige.ping:background,10074,13902,17964876,[STARTED],false,true,0,0,6748905,
1428413541093,com.whatsapp.messaging.MessageService,com.whatsapp,10159,26619,68313,[STARTED],false,true,1,1,50275604,
1428413541093,ccc71.at.services.at_service,ccc71.bmw.pro:services,10110,4012,69150,[STARTED],false,true,0,0,69159,
1428413541093,com.google.android.location.geocode.GeocodeService,com.google.process.location,10007,17755,109508633,[],false,true,1,1,49318024,
1428413541093,com.google.android.gms.gcm.GcmService,com.google.process.gapps,10007,17792,17965599,[STARTED],false,true,0,0,49830624,
1428413601097,com.android.bluetooth.hid.HidService,com.android.bluetooth,1002,0,41148,[],false,true,1,1,41157,
1428413601097,com.android.exchange.service.EasService,com.google.android.gm.exchange,10157,2752,54256,[STARTED],false,true,1,1,49862681,
1428413601097,com.google.android.music.dial.DialMediaRouteProviderService,com.google.android.music:main,10058,0,21711939,[],false,true,0,0,10495967,
1428413601097,ch.unige.css.services.PingService,ch.unige.ping,10074,1449,112737639,[STARTED],false,true,0,0,50515320,
1428413601097,com.android.systemui.keyguard.KeyguardService,com.android.systemui,10012,906,42358,[PERSISTENT],false,false,1,1,42367,
1428413601097,ch.unige.css.services.main.CssRegistryService,ch.unige.ping:background,10074,13902,17964876,[STARTED],false,true,0,0,6748905,
1428413601097,com.whatsapp.messaging.MessageService,com.whatsapp,10159,26619,68313,[STARTED],false,true,1,1,50492301,
1428413601097,ccc71.at.services.at_service,ccc71.bmw.pro:services,10110,4012,69150,[STARTED],false,true,0,0,69159,
1428413601097,com.google.android.location.geocode.GeocodeService,com.google.process.location,10007,17755,109508633,[],false,true,1,1,49318024,
1428413601097,com.google.android.gms.gcm.GcmService,com.google.process.gapps,10007,17792,17965599,[STARTED],false,true,0,0,49830624,
1428413663485,com.android.bluetooth.hid.HidService,com.android.bluetooth,1002,0,41148,[],false,true,1,1,41157,
1428413663485,com.android.exchange.service.EasService,com.google.android.gm.exchange,10157,2752,54256,[STARTED],false,true,1,1,49862681,
1428413663485,com.google.android.music.dial.DialMediaRouteProviderService,com.google.android.music:main,10058,0,21711939,[],false,true,0,0,10495967,
1428413663485,ch.unige.css.services.PingService,ch.unige.ping,10074,1449,112799993,[STARTED],false,true,0,0,50535664,
1428413663485,com.android.systemui.keyguard.KeyguardService,com.android.systemui,10012,906,42358,[PERSISTENT],false,false,1,1,42367,
1428413663485,ch.unige.css.services.main.CssRegistryService,ch.unige.ping:background,10074,13902,17964876,[STARTED],false,true,0,0,6748905,
1428413663485,com.whatsapp.messaging.MessageService,com.whatsapp,10159,26619,68313,[STARTED],false,true,1,1,50492301,
1428413663485,ccc71.at.services.at_service,ccc71.bmw.pro:services,10110,4012,69150,[STARTED],false,true,0,0,69159,
1428413663485,com.google.android.location.geocode.GeocodeService,com.google.process.location,10007,17755,109508633,[],false,true,1,1,49318024,
1428413663485,com.google.android.gms.gcm.GcmService,com.google.process.gapps,10007,17792,17965599,[STARTED],false,true,0,0,49830624,
1428413742682,com.android.bluetooth.hid.HidService,com.android.bluetooth,1002,0,41148,[],false,true,1,1,41157,
1428413742682,com.android.exchange.service.EasService,com.google.android.gm.exchange,10157,2752,54256,[STARTED],false,true,1,1,49862681,
1428413742682,com.google.android.music.dial.DialMediaRouteProviderService,com.google.android.music:main,10058,0,21711939,[],false,true,0,0,10495967,
1428413742682,ch.unige.css.services.PingService,ch.unige.ping,10074,1449,112879135,[STARTED],false,true,0,0,50558185,
1428413742682,com.android.systemui.keyguard.KeyguardService,com.android.systemui,10012,906,42358,[PERSISTENT],false,false,1,1,42367,
1428413742682,ch.unige.css.services.main.CssRegistryService,ch.unige.ping:background,10074,13902,17964876,[STARTED],false,true,0,0,6748905,
1428413742682,com.whatsapp.messaging.MessageService,com.whatsapp,10159,26619,68313,[STARTED],false,true,1,1,50492301,
1428413742682,ccc71.at.services.at_service,ccc71.bmw.pro:services,10110,4012,69150,[STARTED],false,true,0,0,69159,
1428413742682,com.google.android.location.geocode.GeocodeService,com.google.process.location,10007,17755,109508633,[],false,true,1,1,49318024,
1428413742682,com.google.android.gms.gcm.GcmService,com.google.process.gapps,10007,17792,17965599,[STARTED],false,true,0,0,49830624,
1428413809487,com.android.bluetooth.hid.HidService,com.android.bluetooth,1002,0,41148,[],false,true,1,1,41157,
1428413809487,com.android.exchange.service.EasService,com.google.android.gm.exchange,10157,2752,54256,[STARTED],false,true,1,1,49862681,
1428413809487,com.google.android.music.dial.DialMediaRouteProviderService,com.google.android.music:main,10058,0,21711939,[],false,true,0,0,10495967,
1428413809487,ch.unige.css.services.PingService,ch.unige.ping,10074,1449,112945999,[STARTED],false,true,0,0,50579180,
1428413809487,com.android.systemui.keyguard.KeyguardService,com.android.systemui,10012,906,42358,[PERSISTENT],false,false,1,1,42367,
1428413809487,ch.unige.css.services.main.CssRegistryService,ch.unige.ping:background,10074,13902,17964876,[STARTED],false,true,0,0,6748905,
1428413809487,com.whatsapp.messaging.MessageService,com.whatsapp,10159,26619,68313,[STARTED],false,true,1,1,50492301,
1428413809487,ccc71.at.services.at_service,ccc71.bmw.pro:services,10110,4012,69150,[STARTED],false,true,0,0,69159,
1428413809487,com.google.android.location.geocode.GeocodeService,com.google.process.location,10007,17755,109508633,[],false,true,1,1,49318024,
1428413809487,com.google.android.gms.gcm.GcmService,com.google.process.gapps,10007,17792,17965599,[STARTED],false,true,0,0,49830624,
1428413869467,com.android.bluetooth.hid.HidService,com.android.bluetooth,1002,0,41148,[],false,true,1,1,41157,
1428413869467,com.android.exchange.service.EasService,com.google.android.gm.exchange,10157,2752,54256,[STARTED],false,true,1,1,49862681,
1428413869467,com.google.android.music.dial.DialMediaRouteProviderService,com.google.android.music:main,10058,0,21711939,[],false,true,0,0,10495967,
1428413869467,ch.unige.css.services.PingService,ch.unige.ping,10074,1449,113006019,[STARTED],false,true,0,0,50623050,
1428413869467,com.android.systemui.keyguard.KeyguardService,com.android.systemui,10012,906,42358,[PERSISTENT],false,false,1,1,42367,
1428413869467,ch.unige.css.services.main.CssRegistryService,ch.unige.ping:background,10074,13902,17964876,[STARTED],false,true,0,0,6748905,
1428413869467,com.whatsapp.messaging.MessageService,com.whatsapp,10159,26619,68313,[STARTED],false,true,1,1,50492301,
1428413869467,ccc71.at.services.at_service,ccc71.bmw.pro:services,10110,4012,69150,[STARTED],false,true,0,0,69159,
1428413869467,com.google.android.location.geocode.GeocodeService,com.google.process.location,10007,17755,109508633,[],false,true,1,1,49318024,
1428413869467,com.facebook.analytics.service.AnalyticsService,com.facebook.katana,10079,21602,113003040,[STARTED],false,true,0,0,50620075,
1428413929492,com.android.bluetooth.hid.HidService,com.android.bluetooth,1002,0,41148,[],false,true,1,1,41157,
1428413929492,com.android.exchange.service.EasService,com.google.android.gm.exchange,10157,2752,54256,[STARTED],false,true,1,1,49862681,
1428413929492,com.google.android.music.dial.DialMediaRouteProviderService,com.google.android.music:main,10058,0,21711939,[],false,true,0,0,10495967,
1428413929492,ch.unige.css.services.PingService,ch.unige.ping,10074,1449,113066041,[STARTED],false,true,0,0,50683072,
1428413929492,com.android.systemui.keyguard.KeyguardService,com.android.systemui,10012,906,42358,[PERSISTENT],false,false,1,1,42367,
1428413929492,ch.unige.css.services.main.CssRegistryService,ch.unige.ping:background,10074,13902,17964876,[STARTED],false,true,0,0,6748905,
1428413929492,com.whatsapp.messaging.MessageService,com.whatsapp,10159,26619,68313,[STARTED],false,true,1,1,50492301,
1428413929492,ccc71.at.services.at_service,ccc71.bmw.pro:services,10110,4012,69150,[STARTED],false,true,0,0,69159,
1428413929492,com.android.inputmethod.latin.spellcheck.AndroidSpellCheckerService,com.google.android.inputmethod.latin,10054,1125,113058666,[],false,true,1,1,50675696,
1428413929492,com.google.android.location.geocode.GeocodeService,com.google.process.location,10007,17755,109508633,[],false,true,1,1,49318024,
1428413989525,com.android.bluetooth.hid.HidService,com.android.bluetooth,1002,0,41148,[],false,true,1,1,41157,
1428413989525,com.android.exchange.service.EasService,com.google.android.gm.exchange,10157,2752,54256,[STARTED],false,true,1,1,49862681,
1428413989525,com.google.android.music.dial.DialMediaRouteProviderService,com.google.android.music:main,10058,0,21711939,[],false,true,0,0,10495967,
1428413989525,ch.unige.css.services.PingService,ch.unige.ping,10074,1449,113126068,[STARTED],false,true,0,0,50738650,
1428413989525,com.android.systemui.keyguard.KeyguardService,com.android.systemui,10012,906,42358,[PERSISTENT],false,false,1,1,42367,
1428413989525,ch.unige.css.services.main.CssRegistryService,ch.unige.ping:background,10074,13902,17964876,[STARTED],false,true,0,0,6748905,
1428413989525,com.whatsapp.messaging.MessageService,com.whatsapp,10159,26619,68313,[STARTED],false,true,1,1,50492301,
1428413989525,ccc71.at.services.at_service,ccc71.bmw.pro:services,10110,4012,69150,[STARTED],false,true,0,0,69159,
1428413989525,com.google.android.location.geocode.GeocodeService,com.google.process.location,10007,17755,109508633,[],false,true,1,1,49318024,
1428413989525,com.facebook.analytics.service.AnalyticsService,com.facebook.katana,10079,21602,113003040,[STARTED],false,true,0,0,50733010,
1428414049562,com.android.bluetooth.hid.HidService,com.android.bluetooth,1002,0,41148,[],false,true,1,1,41157,
1428414049562,com.android.exchange.service.EasService,com.google.android.gm.exchange,10157,2752,54256,[STARTED],false,true,1,1,49862681,
1428414049562,com.google.android.music.dial.DialMediaRouteProviderService,com.google.android.music:main,10058,0,21711939,[],false,true,0,0,10495967,
1428414049562,ch.unige.css.services.PingService,ch.unige.ping,10074,1449,113186083,[STARTED],false,true,0,0,50766914,
1428414049562,com.android.systemui.keyguard.KeyguardService,com.android.systemui,10012,906,42358,[PERSISTENT],false,false,1,1,42367,
1428414049562,ch.unige.css.services.main.CssRegistryService,ch.unige.ping:background,10074,13902,17964876,[STARTED],false,true,0,0,6748905,
1428414049562,com.whatsapp.messaging.MessageService,com.whatsapp,10159,26619,68313,[STARTED],false,true,1,1,50492301,
1428414049562,ccc71.at.services.at_service,ccc71.bmw.pro:services,10110,4012,69150,[STARTED],false,true,0,0,69159,
1428414049562,com.google.android.location.geocode.GeocodeService,com.google.process.location,10007,17755,109508633,[],false,true,1,1,49318024,
1428414049562,com.google.android.gms.gcm.GcmService,com.google.process.gapps,10007,17792,17965599,[STARTED],false,true,0,0,49830624,
1428414115532,com.android.bluetooth.hid.HidService,com.android.bluetooth,1002,0,41148,[],false,true,1,1,41157,
1428414115532,com.android.exchange.service.EasService,com.google.android.gm.exchange,10157,2752,54256,[STARTED],false,true,1,1,49862681,
1428414115532,com.google.android.music.dial.DialMediaRouteProviderService,com.google.android.music:main,10058,0,21711939,[],false,true,0,0,10495967,
1428414115532,ch.unige.css.services.PingService,ch.unige.ping,10074,1449,113252079,[STARTED],false,true,0,0,50792501,
1428414115532,com.android.systemui.keyguard.KeyguardService,com.android.systemui,10012,906,42358,[PERSISTENT],false,false,1,1,42367,
1428414115532,ch.unige.css.services.main.CssRegistryService,ch.unige.ping:background,10074,13902,17964876,[STARTED],false,true,0,0,6748905,
1428414115532,com.whatsapp.messaging.MessageService,com.whatsapp,10159,26619,68313,[STARTED],false,true,1,1,50492301,
1428414115532,ccc71.at.services.at_service,ccc71.bmw.pro:services,10110,4012,69150,[STARTED],false,true,0,0,69159,
1428414115532,com.google.android.location.geocode.GeocodeService,com.google.process.location,10007,17755,109508633,[],false,true,1,1,49318024,
1428414115532,com.google.android.gms.gcm.GcmService,com.google.process.gapps,10007,17792,17965599,[STARTED],false,true,0,0,49830624,
1428414175585,com.android.bluetooth.hid.HidService,com.android.bluetooth,1002,0,41148,[],false,true,1,1,41157,
1428414175585,com.android.exchange.service.EasService,com.google.android.gm.exchange,10157,2752,54256,[STARTED],false,true,1,1,49862681,
1428414175585,com.google.android.music.dial.DialMediaRouteProviderService,com.google.android.music:main,10058,0,21711939,[],false,true,0,0,10495967,
1428414175585,ch.unige.css.services.PingService,ch.unige.ping,10074,1449,113312130,[STARTED],false,true,0,0,50813072,
1428414175585,com.android.systemui.keyguard.KeyguardService,com.android.systemui,10012,906,42358,[PERSISTENT],false,false,1,1,42367,
1428414175585,ch.unige.css.services.main.CssRegistryService,ch.unige.ping:background,10074,13902,17964876,[STARTED],false,true,0,0,6748905,
1428414175585,com.whatsapp.messaging.MessageService,com.whatsapp,10159,26619,68313,[STARTED],false,true,1,1,50492301,
1428414175585,ccc71.at.services.at_service,ccc71.bmw.pro:services,10110,4012,69150,[STARTED],false,true,0,0,69159,
1428414175585,com.google.android.location.geocode.GeocodeService,com.google.process.location,10007,17755,109508633,[],false,true,1,1,49318024,
1428414175585,com.google.android.gms.gcm.GcmService,com.google.process.gapps,10007,17792,17965599,[STARTED],false,true,0,0,49830624,
1428414236456,com.android.bluetooth.hid.HidService,com.android.bluetooth,1002,0,41148,[],false,true,1,1,41157,
1428414236456,com.android.exchange.service.EasService,com.google.android.gm.exchange,10157,2752,54256,[STARTED],false,true,1,1,49862681,
1428414236456,com.google.android.music.dial.DialMediaRouteProviderService,com.google.android.music:main,10058,0,21711939,[],false,true,0,0,10495967,
1428414236456,ch.unige.css.services.PingService,ch.unige.ping,10074,1449,113372987,[STARTED],false,true,0,0,50835667,
1428414236456,com.android.systemui.keyguard.KeyguardService,com.android.systemui,10012,906,42358,[PERSISTENT],false,false,1,1,42367,
1428414236456,ch.unige.css.services.main.CssRegistryService,ch.unige.ping:background,10074,13902,17964876,[STARTED],false,true,0,0,6748905,
1428414236456,com.whatsapp.messaging.MessageService,com.whatsapp,10159,26619,68313,[STARTED],false,true,1,1,50492301,
1428414236456,ccc71.at.services.at_service,ccc71.bmw.pro:services,10110,4012,69150,[STARTED],false,true,0,0,69159,
1428414236456,com.google.android.location.geocode.GeocodeService,com.google.process.location,10007,17755,109508633,[],false,true,1,1,49318024,
1428414236456,com.google.android.gms.gcm.GcmService,com.google.process.gapps,10007,17792,17965599,[STARTED],false,true,0,0,49830624,
1428414303832,com.android.bluetooth.hid.HidService,com.android.bluetooth,1002,0,41148,[],false,true,1,1,41157,
1428414303832,com.android.exchange.service.EasService,com.google.android.gm.exchange,10157,2752,54256,[STARTED],false,true,1,1,49862681,
1428414303832,com.google.android.music.dial.DialMediaRouteProviderService,com.google.android.music:main,10058,0,21711939,[],false,true,0,0,10495967,
1428414303832,ch.unige.css.services.PingService,ch.unige.ping,10074,1449,113440348,[STARTED],false,true,0,0,50856379,
1428414303832,com.android.systemui.keyguard.KeyguardService,com.android.systemui,10012,906,42358,[PERSISTENT],false,false,1,1,42367,
1428414303832,ch.unige.css.services.main.CssRegistryService,ch.unige.ping:background,10074,13902,17964876,[STARTED],false,true,0,0,6748905,
1428414303832,com.whatsapp.messaging.MessageService,com.whatsapp,10159,26619,68313,[STARTED],false,true,1,1,50492301,
1428414303832,ccc71.at.services.at_service,ccc71.bmw.pro:services,10110,4012,69150,[STARTED],false,true,0,0,69159,
1428414303832,com.google.android.location.geocode.GeocodeService,com.google.process.location,10007,17755,109508633,[],false,true,1,1,49318024,
1428414303832,com.google.android.gms.gcm.GcmService,com.google.process.gapps,10007,17792,17965599,[STARTED],false,true,0,0,49830624,
1428414378699,com.android.bluetooth.hid.HidService,com.android.bluetooth,1002,0,41148,[],false,true,1,1,41157,
1428414378699,com.android.exchange.service.EasService,com.google.android.gm.exchange,10157,2752,54256,[STARTED],false,true,1,1,49862681,
1428414378699,com.google.android.music.dial.DialMediaRouteProviderService,com.google.android.music:main,10058,0,21711939,[],false,true,0,0,10495967,
1428414378699,ch.unige.css.services.PingService,ch.unige.ping,10074,1449,113515224,[STARTED],false,true,0,0,50879167,
1428414378699,com.android.systemui.keyguard.KeyguardService,com.android.systemui,10012,906,42358,[PERSISTENT],false,false,1,1,42367,
1428414378699,ch.unige.css.services.main.CssRegistryService,ch.unige.ping:background,10074,13902,17964876,[STARTED],false,true,0,0,6748905,
1428414378699,com.whatsapp.messaging.MessageService,com.whatsapp,10159,26619,68313,[STARTED],false,true,1,1,50492301,
1428414378699,ccc71.at.services.at_service,ccc71.bmw.pro:services,10110,4012,69150,[STARTED],false,true,0,0,69159,
1428414378699,com.google.android.location.geocode.GeocodeService,com.google.process.location,10007,17755,109508633,[],false,true,1,1,49318024,
1428414378699,com.google.android.gms.gcm.GcmService,com.google.process.gapps,10007,17792,17965599,[STARTED],false,true,0,0,49830624,
1428414439452,com.android.bluetooth.hid.HidService,com.android.bluetooth,1002,0,41148,[],false,true,1,1,41157,
1428414439452,com.android.exchange.service.EasService,com.google.android.gm.exchange,10157,2752,54256,[STARTED],false,true,1,1,49862681,
1428414439452,com.google.android.music.dial.DialMediaRouteProviderService,com.google.android.music:main,10058,0,21711939,[],false,true,0,0,10495967,
1428414439452,ch.unige.css.services.PingService,ch.unige.ping,10074,1449,113575985,[STARTED],false,true,0,0,50903395,
1428414439452,com.android.systemui.keyguard.KeyguardService,com.android.systemui,10012,906,42358,[PERSISTENT],false,false,1,1,42367,
1428414439452,ch.unige.css.services.main.CssRegistryService,ch.unige.ping:background,10074,13902,17964876,[STARTED],false,true,0,0,6748905,
1428414439452,com.whatsapp.messaging.MessageService,com.whatsapp,10159,26619,68313,[STARTED],false,true,1,1,50492301,
1428414439452,ccc71.at.services.at_service,ccc71.bmw.pro:services,10110,4012,69150,[STARTED],false,true,0,0,69159,
1428414439452,com.google.android.location.geocode.GeocodeService,com.google.process.location,10007,17755,109508633,[],false,true,1,1,49318024,
1428414439452,com.google.android.gms.gcm.GcmService,com.google.process.gapps,10007,17792,17965599,[STARTED],false,true,0,0,49830624,
1428414501451,com.android.bluetooth.hid.HidService,com.android.bluetooth,1002,0,41148,[],false,true,1,1,41157,
1428414501451,com.android.exchange.service.EasService,com.google.android.gm.exchange,10157,2752,54256,[STARTED],false,true,1,1,49862681,
1428414501451,com.google.android.music.dial.DialMediaRouteProviderService,com.google.android.music:main,10058,0,21711939,[],false,true,0,0,10495967,
1428414501451,ch.unige.css.services.PingService,ch.unige.ping,10074,1449,113637995,[STARTED],false,true,0,0,50927118,
1428414501451,com.android.systemui.keyguard.KeyguardService,com.android.systemui,10012,906,42358,[PERSISTENT],false,false,1,1,42367,
1428414501451,ch.unige.css.services.main.CssRegistryService,ch.unige.ping:background,10074,13902,17964876,[STARTED],false,true,0,0,6748905,
1428414501451,com.whatsapp.messaging.MessageService,com.whatsapp,10159,26619,68313,[STARTED],false,true,1,1,50492301,
1428414501451,ccc71.at.services.at_service,ccc71.bmw.pro:services,10110,4012,69150,[STARTED],false,true,0,0,69159,
1428414501451,com.google.android.location.geocode.GeocodeService,com.google.process.location,10007,17755,109508633,[],false,true,1,1,49318024,
1428414501451,com.google.android.gms.gcm.GcmService,com.google.process.gapps,10007,17792,17965599,[STARTED],false,true,0,0,49830624,
1428414598444,com.android.bluetooth.hid.HidService,com.android.bluetooth,1002,0,41148,[],false,true,1,1,41157,
1428414598444,com.android.exchange.service.EasService,com.google.android.gm.exchange,10157,2752,54256,[STARTED],false,true,1,1,49862681,
1428414598444,com.google.android.music.dial.DialMediaRouteProviderService,com.google.android.music:main,10058,0,21711939,[],false,true,0,0,10495967,
1428414598444,ch.unige.css.services.PingService,ch.unige.ping,10074,1449,113734991,[STARTED],false,true,0,0,50951121,
1428414598444,com.android.systemui.keyguard.KeyguardService,com.android.systemui,10012,906,42358,[PERSISTENT],false,false,1,1,42367,
1428414598444,ch.unige.css.services.main.CssRegistryService,ch.unige.ping:background,10074,13902,17964876,[STARTED],false,true,0,0,6748905,
1428414598444,com.whatsapp.messaging.MessageService,com.whatsapp,10159,26619,68313,[STARTED],false,true,1,1,50492301,
1428414598444,ccc71.at.services.at_service,ccc71.bmw.pro:services,10110,4012,69150,[STARTED],false,true,0,0,69159,
1428414598444,com.google.android.location.geocode.GeocodeService,com.google.process.location,10007,17755,109508633,[],false,true,1,1,49318024,
1428414598444,com.google.android.gms.gcm.GcmService,com.google.process.gapps,10007,17792,17965599,[STARTED],false,true,0,0,49830624,
1428414658765,com.android.bluetooth.hid.HidService,com.android.bluetooth,1002,0,41148,[],false,true,1,1,41157,
1428414658765,com.android.exchange.service.EasService,com.google.android.gm.exchange,10157,2752,54256,[STARTED],false,true,1,1,49862681,
1428414658765,com.google.android.music.dial.DialMediaRouteProviderService,com.google.android.music:main,10058,0,21711939,[],false,true,0,0,10495967,
1428414658765,ch.unige.css.services.PingService,ch.unige.ping,10074,1449,113795244,[STARTED],false,true,0,0,50971684,
1428414658765,com.android.systemui.keyguard.KeyguardService,com.android.systemui,10012,906,42358,[PERSISTENT],false,false,1,1,42367,
1428414658765,ch.unige.css.services.main.CssRegistryService,ch.unige.ping:background,10074,13902,17964876,[STARTED],false,true,0,0,6748905,
1428414658765,com.whatsapp.messaging.MessageService,com.whatsapp,10159,26619,68313,[STARTED],false,true,1,1,50492301,
1428414658765,ccc71.at.services.at_service,ccc71.bmw.pro:services,10110,4012,69150,[STARTED],false,true,0,0,69159,
1428414658765,com.google.android.location.geocode.GeocodeService,com.google.process.location,10007,17755,109508633,[],false,true,1,1,49318024,
1428414658765,com.google.android.gms.gcm.GcmService,com.google.process.gapps,10007,17792,17965599,[STARTED],false,true,0,0,49830624,
1428414718997,com.android.bluetooth.hid.HidService,com.android.bluetooth,1002,0,41148,[],false,true,1,1,41157,
1428414718997,com.android.exchange.service.EasService,com.google.android.gm.exchange,10157,2752,54256,[STARTED],false,true,1,1,49862681,
1428414718997,com.google.android.music.dial.DialMediaRouteProviderService,com.google.android.music:main,10058,0,21711939,[],false,true,0,0,10495967,
1428414718997,ch.unige.css.services.PingService,ch.unige.ping,10074,1449,113855520,[STARTED],false,true,0,0,50992627,
1428414718997,com.android.systemui.keyguard.KeyguardService,com.android.systemui,10012,906,42358,[PERSISTENT],false,false,1,1,42367,
1428414718997,ch.unige.css.services.main.CssRegistryService,ch.unige.ping:background,10074,13902,17964876,[STARTED],false,true,0,0,6748905,
1428414718997,com.whatsapp.messaging.MessageService,com.whatsapp,10159,26619,68313,[STARTED],false,true,1,1,50492301,
1428414718997,ccc71.at.services.at_service,ccc71.bmw.pro:services,10110,4012,69150,[STARTED],false,true,0,0,69159,
1428414718997,com.google.android.location.geocode.GeocodeService,com.google.process.location,10007,17755,109508633,[],false,true,1,1,49318024,
1428414718997,com.google.android.gms.gcm.GcmService,com.google.process.gapps,10007,17792,17965599,[STARTED],false,true,0,0,49830624,
1428414779091,com.android.bluetooth.hid.HidService,com.android.bluetooth,1002,0,41148,[],false,true,1,1,41157,
1428414779091,com.android.exchange.service.EasService,com.google.android.gm.exchange,10157,2752,54256,[STARTED],false,true,1,1,49862681,
1428414779091,com.google.android.music.dial.DialMediaRouteProviderService,com.google.android.music:main,10058,0,21711939,[],false,true,0,0,10495967,
1428414779091,ch.unige.css.services.PingService,ch.unige.ping,10074,1449,113915627,[STARTED],false,true,0,0,51013656,
1428414779091,com.android.systemui.keyguard.KeyguardService,com.android.systemui,10012,906,42358,[PERSISTENT],false,false,1,1,42367,
1428414779091,ch.unige.css.services.main.CssRegistryService,ch.unige.ping:background,10074,13902,17964876,[STARTED],false,true,0,0,6748905,
1428414779091,com.whatsapp.messaging.MessageService,com.whatsapp,10159,26619,68313,[STARTED],false,true,1,1,50492301,
1428414779091,ccc71.at.services.at_service,ccc71.bmw.pro:services,10110,4012,69150,[STARTED],false,true,0,0,69159,
1428414779091,com.google.android.location.geocode.GeocodeService,com.google.process.location,10007,17755,109508633,[],false,true,1,1,49318024,
1428414779091,com.google.android.gms.gcm.GcmService,com.google.process.gapps,10007,17792,17965599,[STARTED],false,true,0,0,49830624,
1428414839448,com.android.bluetooth.hid.HidService,com.android.bluetooth,1002,0,41148,[],false,true,1,1,41157,
1428414839448,com.android.exchange.service.EasService,com.google.android.gm.exchange,10157,2752,54256,[STARTED],false,true,1,1,49862681,
1428414839448,com.google.android.music.dial.DialMediaRouteProviderService,com.google.android.music:main,10058,0,21711939,[],false,true,0,0,10495967,
1428414839448,ch.unige.css.services.PingService,ch.unige.ping,10074,1449,113975986,[STARTED],false,true,0,0,51034037,
1428414839448,com.android.systemui.keyguard.KeyguardService,com.android.systemui,10012,906,42358,[PERSISTENT],false,false,1,1,42367,
1428414839448,ch.unige.css.services.main.CssRegistryService,ch.unige.ping:background,10074,13902,17964876,[STARTED],false,true,0,0,6748905,
1428414839448,com.whatsapp.messaging.MessageService,com.whatsapp,10159,26619,68313,[STARTED],false,true,1,1,50492301,
1428414839448,ccc71.at.services.at_service,ccc71.bmw.pro:services,10110,4012,69150,[STARTED],false,true,0,0,69159,
1428414839448,com.google.android.location.geocode.GeocodeService,com.google.process.location,10007,17755,109508633,[],false,true,1,1,49318024,
1428414839448,com.google.android.gms.gcm.GcmService,com.google.process.gapps,10007,17792,17965599,[STARTED],false,true,0,0,49830624,
1428414899635,com.android.bluetooth.hid.HidService,com.android.bluetooth,1002,0,41148,[],false,true,1,1,41157,
1428414899635,com.android.exchange.service.EasService,com.google.android.gm.exchange,10157,2752,54256,[STARTED],false,true,1,1,49862681,
1428414899635,com.google.android.music.dial.DialMediaRouteProviderService,com.google.android.music:main,10058,0,21711939,[],false,true,0,0,10495967,
1428414899635,ch.unige.css.services.PingService,ch.unige.ping,10074,1449,114036163,[STARTED],false,true,0,0,51054598,
1428414899635,com.android.systemui.keyguard.KeyguardService,com.android.systemui,10012,906,42358,[PERSISTENT],false,false,1,1,42367,
1428414899635,ch.unige.css.services.main.CssRegistryService,ch.unige.ping:background,10074,13902,17964876,[STARTED],false,true,0,0,6748905,
1428414899635,com.whatsapp.messaging.MessageService,com.whatsapp,10159,26619,68313,[STARTED],false,true,1,1,50492301,
1428414899635,ccc71.at.services.at_service,ccc71.bmw.pro:services,10110,4012,69150,[STARTED],false,true,0,0,69159,
1428414899635,com.google.android.location.geocode.GeocodeService,com.google.process.location,10007,17755,109508633,[],false,true,1,1,49318024,
1428414899635,com.google.android.gms.gcm.GcmService,com.google.process.gapps,10007,17792,17965599,[STARTED],false,true,0,0,49830624,
1428414959766,com.android.bluetooth.hid.HidService,com.android.bluetooth,1002,0,41148,[],false,true,1,1,41157,
1428414959766,com.android.exchange.service.EasService,com.google.android.gm.exchange,10157,2752,54256,[STARTED],false,true,1,1,49862681,
1428414959766,com.google.android.music.dial.DialMediaRouteProviderService,com.google.android.music:main,10058,0,21711939,[],false,true,0,0,10495967,
1428414959766,ch.unige.css.services.PingService,ch.unige.ping,10074,1449,114096295,[STARTED],false,true,0,0,51075271,
1428414959766,com.android.systemui.keyguard.KeyguardService,com.android.systemui,10012,906,42358,[PERSISTENT],false,false,1,1,42367,
1428414959766,ch.unige.css.services.main.CssRegistryService,ch.unige.ping:background,10074,13902,17964876,[STARTED],false,true,0,0,6748905,
1428414959766,com.whatsapp.messaging.MessageService,com.whatsapp,10159,26619,68313,[STARTED],false,true,1,1,50492301,
1428414959766,ccc71.at.services.at_service,ccc71.bmw.pro:services,10110,4012,69150,[STARTED],false,true,0,0,69159,
1428414959766,com.google.android.location.geocode.GeocodeService,com.google.process.location,10007,17755,109508633,[],false,true,1,1,49318024,
1428414959766,com.google.android.gms.gcm.GcmService,com.google.process.gapps,10007,17792,17965599,[STARTED],false,true,0,0,49830624,
1428415019990,com.android.bluetooth.hid.HidService,com.android.bluetooth,1002,0,41148,[],false,true,1,1,41157,
1428415019990,com.android.exchange.service.EasService,com.google.android.gm.exchange,10157,2752,54256,[STARTED],false,true,1,1,49862681,
1428415019990,com.google.android.music.dial.DialMediaRouteProviderService,com.google.android.music:main,10058,0,21711939,[],false,true,0,0,10495967,
1428415019990,ch.unige.css.services.PingService,ch.unige.ping,10074,1449,114156536,[STARTED],false,true,0,0,51096186,
1428415019990,com.android.systemui.keyguard.KeyguardService,com.android.systemui,10012,906,42358,[PERSISTENT],false,false,1,1,42367,
1428415019990,ch.unige.css.services.main.CssRegistryService,ch.unige.ping:background,10074,13902,17964876,[STARTED],false,true,0,0,6748905,
1428415019990,com.whatsapp.messaging.MessageService,com.whatsapp,10159,26619,68313,[STARTED],false,true,1,1,50492301,
1428415019990,ccc71.at.services.at_service,ccc71.bmw.pro:services,10110,4012,69150,[STARTED],false,true,0,0,69159,
1428415019990,com.google.android.location.geocode.GeocodeService,com.google.process.location,10007,17755,109508633,[],false,true,1,1,49318024,
1428415019990,com.google.android.gms.gcm.GcmService,com.google.process.gapps,10007,17792,17965599,[STARTED],false,true,0,0,49830624,
1428415080556,com.android.bluetooth.hid.HidService,com.android.bluetooth,1002,0,41148,[],false,true,1,1,41157,
1428415080556,com.android.exchange.service.EasService,com.google.android.gm.exchange,10157,2752,54256,[STARTED],false,true,1,1,49862681,
1428415080556,com.google.android.music.dial.DialMediaRouteProviderService,com.google.android.music:main,10058,0,21711939,[],false,true,0,0,10495967,
1428415080556,ch.unige.css.services.PingService,ch.unige.ping,10074,1449,114216992,[STARTED],false,true,0,0,51117983,
1428415080556,com.android.systemui.keyguard.KeyguardService,com.android.systemui,10012,906,42358,[PERSISTENT],false,false,1,1,42367,
1428415080556,ch.unige.css.services.main.CssRegistryService,ch.unige.ping:background,10074,13902,17964876,[STARTED],false,true,0,0,6748905,
1428415080556,com.whatsapp.messaging.MessageService,com.whatsapp,10159,26619,68313,[STARTED],false,true,1,1,50492301,
1428415080556,ccc71.at.services.at_service,ccc71.bmw.pro:services,10110,4012,69150,[STARTED],false,true,0,0,69159,
1428415080556,com.google.android.location.geocode.GeocodeService,com.google.process.location,10007,17755,109508633,[],false,true,1,1,49318024,
1428415080556,com.google.android.gms.gcm.GcmService,com.google.process.gapps,10007,17792,17965599,[STARTED],false,true,0,0,49830624,
1428415140736,com.android.bluetooth.hid.HidService,com.android.bluetooth,1002,0,41148,[],false,true,1,1,41157,
1428415140736,com.android.exchange.service.EasService,com.google.android.gm.exchange,10157,2752,54256,[STARTED],false,true,1,1,49862681,
1428415140736,com.google.android.music.dial.DialMediaRouteProviderService,com.google.android.music:main,10058,0,21711939,[],false,true,0,0,10495967,
1428415140736,ch.unige.css.services.PingService,ch.unige.ping,10074,1449,114277282,[STARTED],false,true,0,0,51138738,
1428415140736,com.android.systemui.keyguard.KeyguardService,com.android.systemui,10012,906,42358,[PERSISTENT],false,false,1,1,42367,
1428415140736,ch.unige.css.services.main.CssRegistryService,ch.unige.ping:background,10074,13902,17964876,[STARTED],false,true,0,0,6748905,
1428415140736,com.whatsapp.messaging.MessageService,com.whatsapp,10159,26619,68313,[STARTED],false,true,1,1,50492301,
1428415140736,ccc71.at.services.at_service,ccc71.bmw.pro:services,10110,4012,69150,[STARTED],false,true,0,0,69159,
1428415140736,com.google.android.location.geocode.GeocodeService,com.google.process.location,10007,17755,109508633,[],false,true,1,1,49318024,
1428415140736,com.google.android.gms.gcm.GcmService,com.google.process.gapps,10007,17792,17965599,[STARTED],false,true,0,0,49830624,
1428415200933,com.android.bluetooth.hid.HidService,com.android.bluetooth,1002,0,41148,[],false,true,1,1,41157,
1428415200933,com.android.exchange.service.EasService,com.google.android.gm.exchange,10157,2752,54256,[STARTED],false,true,1,1,49862681,
1428415200933,com.google.android.music.dial.DialMediaRouteProviderService,com.google.android.music:main,10058,0,21711939,[],false,true,0,0,10495967,
1428415200933,ch.unige.css.services.PingService,ch.unige.ping,10074,1449,114337437,[STARTED],false,true,0,0,51164468,
1428415200933,com.android.systemui.keyguard.KeyguardService,com.android.systemui,10012,906,42358,[PERSISTENT],false,false,1,1,42367,
1428415200933,ch.unige.css.services.main.CssRegistryService,ch.unige.ping:background,10074,13902,17964876,[STARTED],false,true,0,0,6748905,
1428415200933,com.whatsapp.messaging.MessageService,com.whatsapp,10159,26619,68313,[STARTED],false,true,1,1,50492301,
1428415200933,ccc71.at.services.at_service,ccc71.bmw.pro:services,10110,4012,69150,[STARTED],false,true,0,0,69159,
1428415200933,com.google.android.location.geocode.GeocodeService,com.google.process.location,10007,17755,109508633,[],false,true,1,1,49318024,
1428415200933,com.google.android.gms.gcm.GcmService,com.google.process.gapps,10007,17792,17965599,[STARTED],false,true,0,0,49830624,
1428415261451,com.android.bluetooth.hid.HidService,com.android.bluetooth,1002,0,41148,[],false,true,1,1,41157,
1428415261451,com.android.exchange.service.EasService,com.google.android.gm.exchange,10157,2752,54256,[STARTED],false,true,1,1,49862681,
1428415261451,com.google.android.music.dial.DialMediaRouteProviderService,com.google.android.music:main,10058,0,21711939,[],false,true,0,0,10495967,
1428415261451,ch.unige.css.services.PingService,ch.unige.ping,10074,1449,114397995,[STARTED],false,true,0,0,51185505,
1428415261451,com.android.systemui.keyguard.KeyguardService,com.android.systemui,10012,906,42358,[PERSISTENT],false,false,1,1,42367,
1428415261451,ch.unige.css.services.main.CssRegistryService,ch.unige.ping:background,10074,13902,17964876,[STARTED],false,true,0,0,6748905,
1428415261451,com.whatsapp.messaging.MessageService,com.whatsapp,10159,26619,68313,[STARTED],false,true,1,1,50492301,
1428415261451,ccc71.at.services.at_service,ccc71.bmw.pro:services,10110,4012,69150,[STARTED],false,true,0,0,69159,
1428415261451,com.google.android.location.geocode.GeocodeService,com.google.process.location,10007,17755,109508633,[],false,true,1,1,49318024,
1428415261451,com.google.android.gms.gcm.GcmService,com.google.process.gapps,10007,17792,17965599,[STARTED],false,true,0,0,49830624,
1428415321719,com.android.bluetooth.hid.HidService,com.android.bluetooth,1002,0,41148,[],false,true,1,1,41157,
1428415321719,com.android.exchange.service.EasService,com.google.android.gm.exchange,10157,2752,54256,[STARTED],false,true,1,1,49862681,
1428415321719,com.google.android.music.dial.DialMediaRouteProviderService,com.google.android.music:main,10058,0,21711939,[],false,true,0,0,10495967,
1428415321719,ch.unige.css.services.PingService,ch.unige.ping,10074,1449,114458265,[STARTED],false,true,0,0,51208275,
1428415321719,com.android.systemui.keyguard.KeyguardService,com.android.systemui,10012,906,42358,[PERSISTENT],false,false,1,1,42367,
1428415321719,ch.unige.css.services.main.CssRegistryService,ch.unige.ping:background,10074,13902,17964876,[STARTED],false,true,0,0,6748905,
1428415321719,com.whatsapp.messaging.MessageService,com.whatsapp,10159,26619,68313,[STARTED],false,true,1,1,50492301,
1428415321719,ccc71.at.services.at_service,ccc71.bmw.pro:services,10110,4012,69150,[STARTED],false,true,0,0,69159,
1428415321719,com.google.android.location.geocode.GeocodeService,com.google.process.location,10007,17755,109508633,[],false,true,1,1,49318024,
1428415321719,com.google.android.gms.gcm.GcmService,com.google.process.gapps,10007,17792,17965599,[STARTED],false,true,0,0,49830624,
1428415401438,com.android.bluetooth.hid.HidService,com.android.bluetooth,1002,0,41148,[],false,true,1,1,41157,
1428415401438,com.android.exchange.service.EasService,com.google.android.gm.exchange,10157,2752,54256,[STARTED],false,true,1,1,49862681,
1428415401438,com.google.android.music.dial.DialMediaRouteProviderService,com.google.android.music:main,10058,0,21711939,[],false,true,0,0,10495967,
1428415401438,ch.unige.css.services.PingService,ch.unige.ping,10074,1449,114537985,[STARTED],false,true,0,0,51229169,
1428415401438,com.android.systemui.keyguard.KeyguardService,com.android.systemui,10012,906,42358,[PERSISTENT],false,false,1,1,42367,
1428415401438,ch.unige.css.services.main.CssRegistryService,ch.unige.ping:background,10074,13902,17964876,[STARTED],false,true,0,0,6748905,
1428415401438,com.whatsapp.messaging.MessageService,com.whatsapp,10159,26619,68313,[STARTED],false,true,1,1,50492301,
1428415401438,ccc71.at.services.at_service,ccc71.bmw.pro:services,10110,4012,69150,[STARTED],false,true,0,0,69159,
1428415401438,com.google.android.location.geocode.GeocodeService,com.google.process.location,10007,17755,109508633,[],false,true,1,1,49318024,
1428415401438,com.google.android.gms.gcm.GcmService,com.google.process.gapps,10007,17792,17965599,[STARTED],false,true,0,0,49830624,
1428415461470,com.android.bluetooth.hid.HidService,com.android.bluetooth,1002,0,41148,[],false,true,1,1,41157,
1428415461470,com.android.exchange.service.EasService,com.google.android.gm.exchange,10157,2752,54256,[STARTED],false,true,1,1,49862681,
1428415461470,com.google.android.music.dial.DialMediaRouteProviderService,com.google.android.music:main,10058,0,21711939,[],false,true,0,0,10495967,
1428415461470,ch.unige.css.services.PingService,ch.unige.ping,10074,1449,114598007,[STARTED],false,true,0,0,51269228,
1428415461470,com.android.systemui.keyguard.KeyguardService,com.android.systemui,10012,906,42358,[PERSISTENT],false,false,1,1,42367,
1428415461470,ch.unige.css.services.main.CssRegistryService,ch.unige.ping:background,10074,13902,17964876,[STARTED],false,true,0,0,6748905,
1428415461470,com.whatsapp.messaging.MessageService,com.whatsapp,10159,26619,68313,[STARTED],false,true,1,1,50492301,
1428415461470,ccc71.at.services.at_service,ccc71.bmw.pro:services,10110,4012,69150,[STARTED],false,true,0,0,69159,
1428415461470,com.google.android.location.geocode.GeocodeService,com.google.process.location,10007,17755,114558268,[],false,true,1,1,51249452,
1428415461470,com.google.android.gms.gcm.GcmService,com.google.process.gapps,10007,17792,17965599,[STARTED],false,true,0,0,51248907,
1428415521471,com.android.bluetooth.hid.HidService,com.android.bluetooth,1002,0,41148,[],false,true,1,1,41157,
1428415521471,com.android.exchange.service.EasService,com.google.android.gm.exchange,10157,2752,54256,[STARTED],false,true,1,1,49862681,
1428415521471,com.google.android.music.dial.DialMediaRouteProviderService,com.google.android.music:main,10058,0,21711939,[],false,true,0,0,10495967,
1428415521471,ch.unige.css.services.PingService,ch.unige.ping,10074,1449,114658017,[STARTED],false,true,0,0,51311736,
1428415521471,com.android.systemui.keyguard.KeyguardService,com.android.systemui,10012,906,42358,[PERSISTENT],false,false,1,1,42367,
1428415521471,ch.unige.css.services.main.CssRegistryService,ch.unige.ping:background,10074,13902,17964876,[STARTED],false,true,0,0,6748905,
1428415521471,com.whatsapp.messaging.MessageService,com.whatsapp,10159,26619,68313,[STARTED],false,true,1,1,50492301,
1428415521471,ccc71.at.services.at_service,ccc71.bmw.pro:services,10110,4012,69150,[STARTED],false,true,0,0,69159,
1428415521471,com.google.android.location.geocode.GeocodeService,com.google.process.location,10007,17755,114558268,[],false,true,1,1,51249452,
1428415521471,com.google.android.gms.gcm.GcmService,com.google.process.gapps,10007,17792,17965599,[STARTED],false,true,0,0,51248907,
1428415581554,com.android.bluetooth.hid.HidService,com.android.bluetooth,1002,0,41148,[],false,true,1,1,41157,
1428415581554,com.android.exchange.service.EasService,com.google.android.gm.exchange,10157,2752,54256,[STARTED],false,true,1,1,49862681,
1428415581554,com.google.android.music.dial.DialMediaRouteProviderService,com.google.android.music:main,10058,0,21711939,[],false,true,0,0,10495967,
1428415581554,ch.unige.css.services.PingService,ch.unige.ping,10074,1449,114718078,[STARTED],false,true,0,0,51368761,
1428415581554,com.android.systemui.keyguard.KeyguardService,com.android.systemui,10012,906,42358,[PERSISTENT],false,false,1,1,42367,
1428415581554,ch.unige.css.services.main.CssRegistryService,ch.unige.ping:background,10074,13902,17964876,[STARTED],false,true,0,0,6748905,
1428415581554,com.whatsapp.messaging.MessageService,com.whatsapp,10159,26619,68313,[STARTED],false,true,1,1,50492301,
1428415581554,ccc71.at.services.at_service,ccc71.bmw.pro:services,10110,4012,69150,[STARTED],false,true,0,0,69159,
1428415581554,com.google.android.location.geocode.GeocodeService,com.google.process.location,10007,17755,114558268,[],false,true,1,1,51249452,
1428415581554,com.google.android.gms.gcm.GcmService,com.google.process.gapps,10007,17792,17965599,[STARTED],false,true,0,0,51248907,
1428415652860,com.android.bluetooth.hid.HidService,com.android.bluetooth,1002,0,41148,[],false,true,1,1,41157,
1428415652860,com.android.exchange.service.EasService,com.google.android.gm.exchange,10157,2752,54256,[STARTED],false,true,1,1,49862681,
1428415652860,com.google.android.music.dial.DialMediaRouteProviderService,com.google.android.music:main,10058,0,21711939,[],false,true,0,0,10495967,
1428415652860,ch.unige.css.services.PingService,ch.unige.ping,10074,1449,114789405,[STARTED],false,true,0,0,51414837,
1428415652860,com.android.systemui.keyguard.KeyguardService,com.android.systemui,10012,906,42358,[PERSISTENT],false,false,1,1,42367,
1428415652860,ch.unige.css.services.main.CssRegistryService,ch.unige.ping:background,10074,13902,17964876,[STARTED],false,true,0,0,6748905,
1428415652860,com.whatsapp.messaging.MessageService,com.whatsapp,10159,26619,68313,[STARTED],false,true,1,1,50492301,
1428415652860,ccc71.at.services.at_service,ccc71.bmw.pro:services,10110,4012,69150,[STARTED],false,true,0,0,69159,
1428415652860,com.google.android.location.geocode.GeocodeService,com.google.process.location,10007,17755,114558268,[],false,true,1,1,51249452,
1428415652860,com.google.android.gms.gcm.GcmService,com.google.process.gapps,10007,17792,17965599,[STARTED],false,true,0,0,51248907,
1428415741641,com.android.bluetooth.hid.HidService,com.android.bluetooth,1002,0,41148,[],false,true,1,1,41157,
1428415741641,com.android.exchange.service.EasService,com.google.android.gm.exchange,10157,2752,54256,[STARTED],false,true,1,1,49862681,
1428415741641,com.google.android.music.dial.DialMediaRouteProviderService,com.google.android.music:main,10058,0,21711939,[],false,true,0,0,10495967,
1428415741641,ch.unige.css.services.PingService,ch.unige.ping,10074,1449,114878183,[STARTED],false,true,0,0,51439634,
1428415741641,com.android.systemui.keyguard.KeyguardService,com.android.systemui,10012,906,42358,[PERSISTENT],false,false,1,1,42367,
1428415741641,ch.unige.css.services.main.CssRegistryService,ch.unige.ping:background,10074,13902,17964876,[STARTED],false,true,0,0,6748905,
1428415741641,com.whatsapp.messaging.MessageService,com.whatsapp,10159,26619,68313,[STARTED],false,true,1,1,50492301,
1428415741641,ccc71.at.services.at_service,ccc71.bmw.pro:services,10110,4012,69150,[STARTED],false,true,0,0,69159,
1428415741641,com.google.android.location.geocode.GeocodeService,com.google.process.location,10007,17755,114558268,[],false,true,1,1,51249452,
1428415741641,com.google.android.gms.gcm.GcmService,com.google.process.gapps,10007,17792,17965599,[STARTED],false,true,0,0,51248907,
1428415802453,com.android.bluetooth.hid.HidService,com.android.bluetooth,1002,0,41148,[],false,true,1,1,41157,
1428415802453,com.android.exchange.service.EasService,com.google.android.gm.exchange,10157,2752,54256,[STARTED],false,true,1,1,49862681,
1428415802453,com.google.android.music.dial.DialMediaRouteProviderService,com.google.android.music:main,10058,0,21711939,[],false,true,0,0,10495967,
1428415802453,ch.unige.css.services.PingService,ch.unige.ping,10074,1449,114938997,[STARTED],false,true,0,0,51461759,
1428415802453,com.android.systemui.keyguard.KeyguardService,com.android.systemui,10012,906,42358,[PERSISTENT],false,false,1,1,42367,
1428415802453,ch.unige.css.services.main.CssRegistryService,ch.unige.ping:background,10074,13902,17964876,[STARTED],false,true,0,0,6748905,
1428415802453,com.whatsapp.messaging.MessageService,com.whatsapp,10159,26619,68313,[STARTED],false,true,1,1,50492301,
1428415802453,ccc71.at.services.at_service,ccc71.bmw.pro:services,10110,4012,69150,[STARTED],false,true,0,0,69159,
1428415802453,com.google.android.location.geocode.GeocodeService,com.google.process.location,10007,17755,114558268,[],false,true,1,1,51249452,
1428415802453,com.google.android.gms.gcm.GcmService,com.google.process.gapps,10007,17792,17965599,[STARTED],false,true,0,0,51248907,
1428415893457,com.android.bluetooth.hid.HidService,com.android.bluetooth,1002,0,41148,[],false,true,1,1,41157,
1428415893457,com.android.exchange.service.EasService,com.google.android.gm.exchange,10157,2752,54256,[STARTED],false,true,1,1,49862681,
1428415893457,com.google.android.music.dial.DialMediaRouteProviderService,com.google.android.music:main,10058,0,21711939,[],false,true,0,0,10495967,
1428415893457,ch.unige.css.services.PingService,ch.unige.ping,10074,1449,115030003,[STARTED],false,true,0,0,51486894,
1428415893457,com.android.systemui.keyguard.KeyguardService,com.android.systemui,10012,906,42358,[PERSISTENT],false,false,1,1,42367,
1428415893457,ch.unige.css.services.main.CssRegistryService,ch.unige.ping:background,10074,13902,17964876,[STARTED],false,true,0,0,6748905,
1428415893457,com.whatsapp.messaging.MessageService,com.whatsapp,10159,26619,68313,[STARTED],false,true,1,1,50492301,
1428415893457,ccc71.at.services.at_service,ccc71.bmw.pro:services,10110,4012,69150,[STARTED],false,true,0,0,69159,
1428415893457,com.google.android.location.geocode.GeocodeService,com.google.process.location,10007,17755,114558268,[],false,true,1,1,51249452,
1428415893457,com.google.android.gms.gcm.GcmService,com.google.process.gapps,10007,17792,17965599,[STARTED],false,true,0,0,51248907,
1428415983125,com.android.bluetooth.hid.HidService,com.android.bluetooth,1002,0,41148,[],false,true,1,1,41157,
1428415983125,com.android.exchange.service.EasService,com.google.android.gm.exchange,10157,2752,54256,[STARTED],false,true,1,1,49862681,
1428415983125,com.google.android.music.dial.DialMediaRouteProviderService,com.google.android.music:main,10058,0,21711939,[],false,true,0,0,10495967,
1428415983125,ch.unige.css.services.PingService,ch.unige.ping,10074,1449,115119668,[STARTED],false,true,0,0,51518540,
1428415983125,com.android.systemui.keyguard.KeyguardService,com.android.systemui,10012,906,42358,[PERSISTENT],false,false,1,1,42367,
1428415983125,ch.unige.css.services.main.CssRegistryService,ch.unige.ping:background,10074,13902,17964876,[STARTED],false,true,0,0,6748905,
1428415983125,com.whatsapp.messaging.MessageService,com.whatsapp,10159,26619,68313,[STARTED],false,true,1,1,50492301,
1428415983125,ccc71.at.services.at_service,ccc71.bmw.pro:services,10110,4012,69150,[STARTED],false,true,0,0,69159,
1428415983125,com.google.android.location.geocode.GeocodeService,com.google.process.location,10007,17755,114558268,[],false,true,1,1,51249452,
1428415983125,com.google.android.gms.gcm.GcmService,com.google.process.gapps,10007,17792,17965599,[STARTED],false,true,0,0,51248907,
1428416046487,com.android.bluetooth.hid.HidService,com.android.bluetooth,1002,0,41148,[],false,true,1,1,41157,
1428416046487,com.android.exchange.service.EasService,com.google.android.gm.exchange,10157,2752,54256,[STARTED],false,true,1,1,49862681,
1428416046487,com.google.android.music.dial.DialMediaRouteProviderService,com.google.android.music:main,10058,0,21711939,[],false,true,0,0,10495967,
1428416046487,ch.unige.css.services.PingService,ch.unige.ping,10074,1449,115183028,[STARTED],false,true,0,0,51544719,
1428416046487,com.android.systemui.keyguard.KeyguardService,com.android.systemui,10012,906,42358,[PERSISTENT],false,false,1,1,42367,
1428416046487,ch.unige.css.services.main.CssRegistryService,ch.unige.ping:background,10074,13902,17964876,[STARTED],false,true,0,0,6748905,
1428416046487,com.whatsapp.messaging.MessageService,com.whatsapp,10159,26619,68313,[STARTED],false,true,1,1,50492301,
1428416046487,ccc71.at.services.at_service,ccc71.bmw.pro:services,10110,4012,69150,[STARTED],false,true,0,0,69159,
1428416046487,com.google.android.location.geocode.GeocodeService,com.google.process.location,10007,17755,114558268,[],false,true,1,1,51249452,
1428416046487,com.google.android.gms.gcm.GcmService,com.google.process.gapps,10007,17792,17965599,[STARTED],false,true,0,0,51248907,
1428416111544,com.android.bluetooth.hid.HidService,com.android.bluetooth,1002,0,41148,[],false,true,1,1,41157,
1428416111544,com.android.exchange.service.EasService,com.google.android.gm.exchange,10157,2752,54256,[STARTED],false,true,1,1,49862681,
1428416111544,com.google.android.music.dial.DialMediaRouteProviderService,com.google.android.music:main,10058,0,21711939,[],false,true,0,0,10495967,
1428416111544,ch.unige.css.services.PingService,ch.unige.ping,10074,1449,115248091,[STARTED],false,true,0,0,51609783,
1428416111544,com.android.systemui.keyguard.KeyguardService,com.android.systemui,10012,906,42358,[PERSISTENT],false,false,1,1,42367,
1428416111544,ch.unige.css.services.main.CssRegistryService,ch.unige.ping:background,10074,13902,17964876,[STARTED],false,true,0,0,6748905,
1428416111544,com.whatsapp.messaging.MessageService,com.whatsapp,10159,26619,68313,[STARTED],false,true,1,1,50492301,
1428416111544,ccc71.at.services.at_service,ccc71.bmw.pro:services,10110,4012,69150,[STARTED],false,true,0,0,69159,
1428416111544,com.google.android.location.geocode.GeocodeService,com.google.process.location,10007,17755,114558268,[],false,true,1,1,51249452,
1428416111544,com.facebook.analytics.service.AnalyticsService,com.facebook.katana,10079,21602,115189972,[STARTED],false,true,0,0,51608868,
1428416171578,com.android.bluetooth.hid.HidService,com.android.bluetooth,1002,0,41148,[],false,true,1,1,41157,
1428416171578,com.android.exchange.service.EasService,com.google.android.gm.exchange,10157,2752,54256,[STARTED],false,true,1,1,49862681,
1428416171578,com.google.android.music.dial.DialMediaRouteProviderService,com.google.android.music:main,10058,0,21711939,[],false,true,0,0,10495967,
1428416171578,ch.unige.css.services.PingService,ch.unige.ping,10074,1449,115308114,[STARTED],false,true,0,0,51669805,
1428416171578,com.android.systemui.keyguard.KeyguardService,com.android.systemui,10012,906,42358,[PERSISTENT],false,false,1,1,42367,
1428416171578,ch.unige.css.services.main.CssRegistryService,ch.unige.ping:background,10074,13902,17964876,[STARTED],false,true,0,0,6748905,
1428416171578,com.whatsapp.messaging.MessageService,com.whatsapp,10159,26619,68313,[STARTED],false,true,1,1,50492301,
1428416171578,ccc71.at.services.at_service,ccc71.bmw.pro:services,10110,4012,69150,[STARTED],false,true,0,0,69159,
1428416171578,com.google.android.location.geocode.GeocodeService,com.google.process.location,10007,17755,114558268,[],false,true,1,1,51249452,
1428416171578,com.google.android.gms.gcm.GcmService,com.google.process.gapps,10007,17792,17965599,[STARTED],false,true,0,0,51248907,
1428416231578,com.android.bluetooth.hid.HidService,com.android.bluetooth,1002,0,41148,[],false,true,1,1,41157,
1428416231578,com.android.exchange.service.EasService,com.google.android.gm.exchange,10157,2752,54256,[STARTED],false,true,1,1,49862681,
1428416231578,com.google.android.music.dial.DialMediaRouteProviderService,com.google.android.music:main,10058,0,21711939,[],false,true,0,0,10495967,
1428416231578,ch.unige.css.services.PingService,ch.unige.ping,10074,1449,115368129,[STARTED],false,true,0,0,51729820,
1428416231578,com.android.systemui.keyguard.KeyguardService,com.android.systemui,10012,906,42358,[PERSISTENT],false,false,1,1,42367,
1428416231578,ch.unige.css.services.main.CssRegistryService,ch.unige.ping:background,10074,13902,17964876,[STARTED],false,true,0,0,6748905,
1428416231578,com.whatsapp.messaging.MessageService,com.whatsapp,10159,26619,68313,[STARTED],false,true,1,1,50492301,
1428416231578,ccc71.at.services.at_service,ccc71.bmw.pro:services,10110,4012,69150,[STARTED],false,true,0,0,69159,
1428416231578,com.google.android.location.geocode.GeocodeService,com.google.process.location,10007,17755,114558268,[],false,true,1,1,51249452,
1428416231578,com.google.android.gms.gcm.GcmService,com.google.process.gapps,10007,17792,17965599,[STARTED],false,true,0,0,51248907,
1428416299388,com.android.bluetooth.hid.HidService,com.android.bluetooth,1002,0,41148,[],false,true,1,1,41157,
1428416299388,com.android.exchange.service.EasService,com.google.android.gm.exchange,10157,2752,54256,[STARTED],false,true,1,1,49862681,
1428416299388,com.google.android.music.dial.DialMediaRouteProviderService,com.google.android.music:main,10058,0,21711939,[],false,true,0,0,10495967,
1428416299388,ch.unige.css.services.PingService,ch.unige.ping,10074,1449,115435913,[STARTED],false,true,0,0,51763884,
1428416299388,com.google.android.voicesearch.logger.EventLoggerService,com.google.android.googlequicksearchbox:search,10019,1402,115435873,[STARTED],false,true,0,0,51763843,
1428416299388,com.android.systemui.keyguard.KeyguardService,com.android.systemui,10012,906,42358,[PERSISTENT],false,false,1,1,42367,
1428416299388,ch.unige.css.services.main.CssRegistryService,ch.unige.ping:background,10074,13902,17964876,[STARTED],false,true,0,0,6748905,
1428416299388,com.whatsapp.messaging.MessageService,com.whatsapp,10159,26619,68313,[STARTED],false,true,1,1,50492301,
1428416299388,ccc71.at.services.at_service,ccc71.bmw.pro:services,10110,4012,69150,[STARTED],false,true,0,0,69159,
1428416299388,com.android.inputmethod.latin.spellcheck.AndroidSpellCheckerService,com.google.android.inputmethod.latin,10054,1125,115381965,[],false,true,1,1,51743656,
1428416359795,com.android.bluetooth.hid.HidService,com.android.bluetooth,1002,0,41148,[],false,true,1,1,41157,
1428416359795,com.android.exchange.service.EasService,com.google.android.gm.exchange,10157,2752,54256,[STARTED],false,true,1,1,51767624,
1428416359795,com.google.android.music.dial.DialMediaRouteProviderService,com.google.android.music:main,10058,0,21711939,[],false,true,0,0,10495967,
1428416359795,ch.unige.css.services.PingService,ch.unige.ping,10074,1449,115496333,[STARTED],false,true,0,0,51787234,
1428416359795,com.android.systemui.keyguard.KeyguardService,com.android.systemui,10012,906,42358,[PERSISTENT],false,false,1,1,42367,
1428416359795,ch.unige.css.services.main.CssRegistryService,ch.unige.ping:background,10074,13902,17964876,[STARTED],false,true,0,0,6748905,
1428416359795,com.whatsapp.messaging.MessageService,com.whatsapp,10159,26619,68313,[STARTED],false,true,1,1,50492301,
1428416359795,ccc71.at.services.at_service,ccc71.bmw.pro:services,10110,4012,69150,[STARTED],false,true,0,0,69159,
1428416359795,com.android.inputmethod.latin.spellcheck.AndroidSpellCheckerService,com.google.android.inputmethod.latin,10054,1125,115381965,[],false,true,1,1,51743656,
1428416359795,com.google.android.location.geocode.GeocodeService,com.google.process.location,10007,17755,114558268,[],false,true,1,1,51249452,
1428416420002,com.android.bluetooth.hid.HidService,com.android.bluetooth,1002,0,41148,[],false,true,1,1,41157,
1428416420002,com.android.exchange.service.EasService,com.google.android.gm.exchange,10157,2752,54256,[STARTED],false,true,1,1,51767624,
1428416420002,com.google.android.music.dial.DialMediaRouteProviderService,com.google.android.music:main,10058,0,21711939,[],false,true,0,0,10495967,
1428416420002,ch.unige.css.services.PingService,ch.unige.ping,10074,1449,115556505,[STARTED],false,true,0,0,51809356,
1428416420002,com.android.systemui.keyguard.KeyguardService,com.android.systemui,10012,906,42358,[PERSISTENT],false,false,1,1,42367,
1428416420002,ch.unige.css.services.main.CssRegistryService,ch.unige.ping:background,10074,13902,17964876,[STARTED],false,true,0,0,6748905,
1428416420002,com.whatsapp.messaging.MessageService,com.whatsapp,10159,26619,68313,[STARTED],false,true,1,1,50492301,
1428416420002,ccc71.at.services.at_service,ccc71.bmw.pro:services,10110,4012,69150,[STARTED],false,true,0,0,69159,
1428416420002,com.android.inputmethod.latin.spellcheck.AndroidSpellCheckerService,com.google.android.inputmethod.latin,10054,1125,115381965,[],false,true,1,1,51743656,
1428416420002,com.google.android.location.geocode.GeocodeService,com.google.process.location,10007,17755,114558268,[],false,true,1,1,51249452,
1428416480362,com.android.bluetooth.hid.HidService,com.android.bluetooth,1002,0,41148,[],false,true,1,1,41157,
1428416480362,com.android.exchange.service.EasService,com.google.android.gm.exchange,10157,2752,54256,[STARTED],false,true,1,1,51767624,
1428416480362,com.google.android.music.dial.DialMediaRouteProviderService,com.google.android.music:main,10058,0,21711939,[],false,true,0,0,10495967,
1428416480362,ch.unige.css.services.PingService,ch.unige.ping,10074,1449,115616904,[STARTED],false,true,0,0,51830664,
1428416480362,com.android.systemui.keyguard.KeyguardService,com.android.systemui,10012,906,42358,[PERSISTENT],false,false,1,1,42367,
1428416480362,ch.unige.css.services.main.CssRegistryService,ch.unige.ping:background,10074,13902,17964876,[STARTED],false,true,0,0,6748905,
1428416480362,com.google.android.gms.playlog.uploader.UploaderService,com.google.process.gapps,10007,17792,115616901,[STARTED],false,true,0,0,51830660,
1428416480362,com.whatsapp.messaging.MessageService,com.whatsapp,10159,26619,68313,[STARTED],false,true,1,1,50492301,
1428416480362,ccc71.at.services.at_service,ccc71.bmw.pro:services,10110,4012,69150,[STARTED],false,true,0,0,69159,
1428416480362,com.android.inputmethod.latin.spellcheck.AndroidSpellCheckerService,com.google.android.inputmethod.latin,10054,1125,115381965,[],false,true,1,1,51743656,
1428416553447,com.android.bluetooth.hid.HidService,com.android.bluetooth,1002,0,41148,[],false,true,1,1,41157,
1428416553447,com.android.exchange.service.EasService,com.google.android.gm.exchange,10157,2752,54256,[STARTED],false,true,1,1,51767624,
1428416553447,com.google.android.music.dial.DialMediaRouteProviderService,com.google.android.music:main,10058,0,21711939,[],false,true,0,0,10495967,
1428416553447,ch.unige.css.services.PingService,ch.unige.ping,10074,1449,115689991,[STARTED],false,true,0,0,51851389,
1428416553447,com.android.systemui.keyguard.KeyguardService,com.android.systemui,10012,906,42358,[PERSISTENT],false,false,1,1,42367,
1428416553447,ch.unige.css.services.main.CssRegistryService,ch.unige.ping:background,10074,13902,17964876,[STARTED],false,true,0,0,6748905,
1428416553447,com.whatsapp.messaging.MessageService,com.whatsapp,10159,26619,68313,[STARTED],false,true,1,1,50492301,
1428416553447,ccc71.at.services.at_service,ccc71.bmw.pro:services,10110,4012,69150,[STARTED],false,true,0,0,69159,
1428416553447,com.android.inputmethod.latin.spellcheck.AndroidSpellCheckerService,com.google.android.inputmethod.latin,10054,1125,115381965,[],false,true,1,1,51743656,
1428416553447,com.google.android.location.geocode.GeocodeService,com.google.process.location,10007,17755,114558268,[],false,true,1,1,51249452,
1428416613633,com.android.bluetooth.hid.HidService,com.android.bluetooth,1002,0,41148,[],false,true,1,1,41157,
1428416613633,com.android.exchange.service.EasService,com.google.android.gm.exchange,10157,2752,54256,[STARTED],false,true,1,1,51767624,
1428416613633,com.google.android.music.dial.DialMediaRouteProviderService,com.google.android.music:main,10058,0,21711939,[],false,true,0,0,10495967,
1428416613633,ch.unige.css.services.PingService,ch.unige.ping,10074,1449,115750166,[STARTED],false,true,0,0,51875621,
1428416613633,com.android.systemui.keyguard.KeyguardService,com.android.systemui,10012,906,42358,[PERSISTENT],false,false,1,1,42367,
1428416613633,ch.unige.css.services.main.CssRegistryService,ch.unige.ping:background,10074,13902,17964876,[STARTED],false,true,0,0,6748905,
1428416613633,com.whatsapp.messaging.MessageService,com.whatsapp,10159,26619,68313,[STARTED],false,true,1,1,50492301,
1428416613633,ccc71.at.services.at_service,ccc71.bmw.pro:services,10110,4012,69150,[STARTED],false,true,0,0,69159,
1428416613633,com.android.inputmethod.latin.spellcheck.AndroidSpellCheckerService,com.google.android.inputmethod.latin,10054,1125,115381965,[],false,true,1,1,51743656,
1428416613633,com.google.android.location.geocode.GeocodeService,com.google.process.location,10007,17755,114558268,[],false,true,1,1,51249452,
1428416673853,com.android.bluetooth.hid.HidService,com.android.bluetooth,1002,0,41148,[],false,true,1,1,41157,
1428416673853,com.android.exchange.service.EasService,com.google.android.gm.exchange,10157,2752,54256,[STARTED],false,true,1,1,51767624,
1428416673853,com.google.android.music.dial.DialMediaRouteProviderService,com.google.android.music:main,10058,0,21711939,[],false,true,0,0,10495967,
1428416673853,ch.unige.css.services.PingService,ch.unige.ping,10074,1449,115810394,[STARTED],false,true,0,0,51896402,
1428416673853,com.android.systemui.keyguard.KeyguardService,com.android.systemui,10012,906,42358,[PERSISTENT],false,false,1,1,42367,
1428416673853,ch.unige.css.services.main.CssRegistryService,ch.unige.ping:background,10074,13902,17964876,[STARTED],false,true,0,0,6748905,
1428416673853,com.whatsapp.messaging.MessageService,com.whatsapp,10159,26619,68313,[STARTED],false,true,1,1,50492301,
1428416673853,ccc71.at.services.at_service,ccc71.bmw.pro:services,10110,4012,69150,[STARTED],false,true,0,0,69159,
1428416673853,com.android.inputmethod.latin.spellcheck.AndroidSpellCheckerService,com.google.android.inputmethod.latin,10054,1125,115381965,[],false,true,1,1,51743656,
1428416673853,com.google.android.location.geocode.GeocodeService,com.google.process.location,10007,17755,114558268,[],false,true,1,1,51249452,
1428416734448,com.android.bluetooth.hid.HidService,com.android.bluetooth,1002,0,41148,[],false,true,1,1,41157,
1428416734448,com.android.exchange.service.EasService,com.google.android.gm.exchange,10157,2752,54256,[STARTED],false,true,1,1,51767624,
1428416734448,com.google.android.music.dial.DialMediaRouteProviderService,com.google.android.music:main,10058,0,21711939,[],false,true,0,0,10495967,
1428416734448,ch.unige.css.services.PingService,ch.unige.ping,10074,1449,115870991,[STARTED],false,true,0,0,51918991,
1428416734448,com.android.systemui.keyguard.KeyguardService,com.android.systemui,10012,906,42358,[PERSISTENT],false,false,1,1,42367,
1428416734448,ch.unige.css.services.main.CssRegistryService,ch.unige.ping:background,10074,13902,17964876,[STARTED],false,true,0,0,6748905,
1428416734448,com.whatsapp.messaging.MessageService,com.whatsapp,10159,26619,68313,[STARTED],false,true,1,1,50492301,
1428416734448,ccc71.at.services.at_service,ccc71.bmw.pro:services,10110,4012,69150,[STARTED],false,true,0,0,69159,
1428416734448,com.android.inputmethod.latin.spellcheck.AndroidSpellCheckerService,com.google.android.inputmethod.latin,10054,1125,115381965,[],false,true,1,1,51743656,
1428416734448,com.google.android.location.geocode.GeocodeService,com.google.process.location,10007,17755,114558268,[],false,true,1,1,51249452,
1428416794746,com.android.bluetooth.hid.HidService,com.android.bluetooth,1002,0,41148,[],false,true,1,1,41157,
1428416794746,com.android.exchange.service.EasService,com.google.android.gm.exchange,10157,2752,54256,[STARTED],false,true,1,1,51767624,
1428416794746,com.google.android.music.dial.DialMediaRouteProviderService,com.google.android.music:main,10058,0,21711939,[],false,true,0,0,10495967,
1428416794746,ch.unige.css.services.PingService,ch.unige.ping,10074,1449,115931290,[STARTED],false,true,0,0,51939666,
1428416794746,com.android.systemui.keyguard.KeyguardService,com.android.systemui,10012,906,42358,[PERSISTENT],false,false,1,1,42367,
1428416794746,ch.unige.css.services.main.CssRegistryService,ch.unige.ping:background,10074,13902,17964876,[STARTED],false,true,0,0,6748905,
1428416794746,com.whatsapp.messaging.MessageService,com.whatsapp,10159,26619,68313,[STARTED],false,true,1,1,50492301,
1428416794746,ccc71.at.services.at_service,ccc71.bmw.pro:services,10110,4012,69150,[STARTED],false,true,0,0,69159,
1428416794746,com.android.inputmethod.latin.spellcheck.AndroidSpellCheckerService,com.google.android.inputmethod.latin,10054,1125,115381965,[],false,true,1,1,51743656,
1428416794746,com.google.android.location.geocode.GeocodeService,com.google.process.location,10007,17755,114558268,[],false,true,1,1,51249452,
1428416854765,com.android.bluetooth.hid.HidService,com.android.bluetooth,1002,0,41148,[],false,true,1,1,41157,
1428416854765,com.android.exchange.service.EasService,com.google.android.gm.exchange,10157,2752,54256,[STARTED],false,true,1,1,51767624,
1428416854765,com.google.android.music.dial.DialMediaRouteProviderService,com.google.android.music:main,10058,0,21711939,[],false,true,0,0,10495967,
1428416854765,ch.unige.css.services.PingService,ch.unige.ping,10074,1449,115991304,[STARTED],false,true,0,0,51960342,
1428416854765,com.android.systemui.keyguard.KeyguardService,com.android.systemui,10012,906,42358,[PERSISTENT],false,false,1,1,42367,
1428416854765,ch.unige.css.services.main.CssRegistryService,ch.unige.ping:background,10074,13902,17964876,[STARTED],false,true,0,0,6748905,
1428416854765,com.whatsapp.messaging.MessageService,com.whatsapp,10159,26619,68313,[STARTED],false,true,1,1,50492301,
1428416854765,ccc71.at.services.at_service,ccc71.bmw.pro:services,10110,4012,69150,[STARTED],false,true,0,0,69159,
1428416854765,com.android.inputmethod.latin.spellcheck.AndroidSpellCheckerService,com.google.android.inputmethod.latin,10054,1125,115381965,[],false,true,1,1,51743656,
1428416854765,com.google.android.location.geocode.GeocodeService,com.google.process.location,10007,17755,114558268,[],false,true,1,1,51249452,
1428416914971,com.android.bluetooth.hid.HidService,com.android.bluetooth,1002,0,41148,[],false,true,1,1,41157,
1428416914971,com.android.exchange.service.EasService,com.google.android.gm.exchange,10157,2752,54256,[STARTED],false,true,1,1,51992542,
1428416914971,com.google.android.music.dial.DialMediaRouteProviderService,com.google.android.music:main,10058,0,21711939,[],false,true,0,0,10495967,
1428416914971,ch.unige.css.services.PingService,ch.unige.ping,10074,1449,116051515,[STARTED],false,true,0,0,52000757,
1428416914971,com.android.systemui.keyguard.KeyguardService,com.android.systemui,10012,906,42358,[PERSISTENT],false,false,1,1,42367,
1428416914971,ch.unige.css.services.main.CssRegistryService,ch.unige.ping:background,10074,13902,17964876,[STARTED],false,true,0,0,6748905,
1428416914971,com.whatsapp.messaging.MessageService,com.whatsapp,10159,26619,68313,[STARTED],false,true,1,1,51969437,
1428416914971,ccc71.at.services.at_service,ccc71.bmw.pro:services,10110,4012,69150,[STARTED],false,true,0,0,69159,
1428416914971,com.android.inputmethod.latin.spellcheck.AndroidSpellCheckerService,com.google.android.inputmethod.latin,10054,1125,115381965,[],false,true,1,1,51743656,
1428416914971,com.google.android.location.geocode.GeocodeService,com.google.process.location,10007,17755,114558268,[],false,true,1,1,51249452,
1428416975449,com.android.bluetooth.hid.HidService,com.android.bluetooth,1002,0,41148,[],false,true,1,1,41157,
1428416975449,com.android.exchange.service.EasService,com.google.android.gm.exchange,10157,2752,54256,[STARTED],false,true,1,1,51992542,
1428416975449,com.google.android.music.dial.DialMediaRouteProviderService,com.google.android.music:main,10058,0,21711939,[],false,true,0,0,10495967,
1428416975449,ch.unige.css.services.PingService,ch.unige.ping,10074,1449,116111991,[STARTED],false,true,0,0,52030571,
1428416975449,com.android.systemui.keyguard.KeyguardService,com.android.systemui,10012,906,42358,[PERSISTENT],false,false,1,1,42367,
1428416975449,ch.unige.css.services.main.CssRegistryService,ch.unige.ping:background,10074,13902,17964876,[STARTED],false,true,0,0,6748905,
1428416975449,com.whatsapp.messaging.MessageService,com.whatsapp,10159,26619,68313,[STARTED],false,true,1,1,51969437,
1428416975449,ccc71.at.services.at_service,ccc71.bmw.pro:services,10110,4012,69150,[STARTED],false,true,0,0,69159,
1428416975449,com.android.inputmethod.latin.spellcheck.AndroidSpellCheckerService,com.google.android.inputmethod.latin,10054,1125,115381965,[],false,true,1,1,51743656,
1428416975449,com.google.android.location.geocode.GeocodeService,com.google.process.location,10007,17755,114558268,[],false,true,1,1,51249452,
1428417035672,com.android.bluetooth.hid.HidService,com.android.bluetooth,1002,0,41148,[],false,true,1,1,41157,
1428417035672,com.android.exchange.service.EasService,com.google.android.gm.exchange,10157,2752,54256,[STARTED],false,true,1,1,51992542,
1428417035672,com.google.android.music.dial.DialMediaRouteProviderService,com.google.android.music:main,10058,0,21711939,[],false,true,0,0,10495967,
1428417035672,ch.unige.css.services.PingService,ch.unige.ping,10074,1449,116172187,[STARTED],false,true,0,0,52066727,
1428417035672,com.android.systemui.keyguard.KeyguardService,com.android.systemui,10012,906,42358,[PERSISTENT],false,false,1,1,42367,
1428417035672,ch.unige.css.services.main.CssRegistryService,ch.unige.ping:background,10074,13902,17964876,[STARTED],false,true,0,0,6748905,
1428417035672,com.whatsapp.messaging.MessageService,com.whatsapp,10159,26619,68313,[STARTED],false,true,1,1,51969437,
1428417035672,ccc71.at.services.at_service,ccc71.bmw.pro:services,10110,4012,69150,[STARTED],false,true,0,0,69159,
1428417035672,com.android.inputmethod.latin.spellcheck.AndroidSpellCheckerService,com.google.android.inputmethod.latin,10054,1125,115381965,[],false,true,1,1,51743656,
1428417035672,com.google.android.location.geocode.GeocodeService,com.google.process.location,10007,17755,114558268,[],false,true,1,1,51249452,
1428417096484,com.android.bluetooth.hid.HidService,com.android.bluetooth,1002,0,41148,[],false,true,1,1,41157,
1428417096484,com.google.android.gms.mdm.services.NetworkQualityAndroidService,com.google.android.gms,10007,17855,116224086,[],false,true,1,1,52099737,
1428417096484,com.android.exchange.service.EasService,com.google.android.gm.exchange,10157,2752,54256,[STARTED],false,true,1,1,51992542,
1428417096484,com.google.android.music.dial.DialMediaRouteProviderService,com.google.android.music:main,10058,0,21711939,[],false,true,0,0,10495967,
1428417096484,ch.unige.css.services.PingService,ch.unige.ping,10074,1449,116233033,[STARTED],false,true,0,0,52104067,
1428417096484,com.android.systemui.keyguard.KeyguardService,com.android.systemui,10012,906,42358,[PERSISTENT],false,false,1,1,42367,
1428417096484,ch.unige.css.services.main.CssRegistryService,ch.unige.ping:background,10074,13902,17964876,[STARTED],false,true,0,0,6748905,
1428417096484,com.whatsapp.messaging.MessageService,com.whatsapp,10159,26619,68313,[STARTED],false,true,1,1,51969437,
1428417096484,ccc71.at.services.at_service,ccc71.bmw.pro:services,10110,4012,69150,[STARTED],false,true,0,0,69159,
1428417096484,com.android.inputmethod.latin.spellcheck.AndroidSpellCheckerService,com.google.android.inputmethod.latin,10054,1125,115381965,[],false,true,1,1,51743656,
1428417159458,com.android.bluetooth.hid.HidService,com.android.bluetooth,1002,0,41148,[],false,true,1,1,41157,
1428417159458,com.android.exchange.service.EasService,com.google.android.gm.exchange,10157,2752,54256,[STARTED],false,true,1,1,52131095,
1428417159458,com.google.android.music.dial.DialMediaRouteProviderService,com.google.android.music:main,10058,0,21711939,[],false,true,0,0,10495967,
1428417159458,ch.unige.css.services.PingService,ch.unige.ping,10074,1449,116295987,[STARTED],false,true,0,0,52135847,
1428417159458,com.android.systemui.keyguard.KeyguardService,com.android.systemui,10012,906,42358,[PERSISTENT],false,false,1,1,42367,
1428417159458,ch.unige.css.services.main.CssRegistryService,ch.unige.ping:background,10074,13902,17964876,[STARTED],false,true,0,0,6748905,
1428417159458,com.whatsapp.messaging.MessageService,com.whatsapp,10159,26619,68313,[STARTED],false,true,1,1,52113338,
1428417159458,ccc71.at.services.at_service,ccc71.bmw.pro:services,10110,4012,69150,[STARTED],false,true,0,0,69159,
1428417159458,com.android.inputmethod.latin.spellcheck.AndroidSpellCheckerService,com.google.android.inputmethod.latin,10054,1125,115381965,[],false,true,1,1,51743656,
1428417159458,com.google.android.location.geocode.GeocodeService,com.google.process.location,10007,17755,116238403,[],false,true,1,1,52109437,
1428417219812,com.android.bluetooth.hid.HidService,com.android.bluetooth,1002,0,41148,[],false,true,1,1,41157,
1428417219812,com.android.exchange.service.EasService,com.google.android.gm.exchange,10157,2752,54256,[STARTED],false,true,1,1,52131095,
1428417219812,com.google.android.music.dial.DialMediaRouteProviderService,com.google.android.music:main,10058,0,21711939,[],false,true,0,0,10495967,
1428417219812,ch.unige.css.services.PingService,ch.unige.ping,10074,1449,116356348,[STARTED],false,true,0,0,52162510,
1428417219812,com.android.systemui.keyguard.KeyguardService,com.android.systemui,10012,906,42358,[PERSISTENT],false,false,1,1,42367,
1428417219812,ch.unige.css.services.main.CssRegistryService,ch.unige.ping:background,10074,13902,17964876,[STARTED],false,true,0,0,6748905,
1428417219812,com.whatsapp.messaging.MessageService,com.whatsapp,10159,26619,68313,[STARTED],false,true,1,1,52113338,
1428417219812,ccc71.at.services.at_service,ccc71.bmw.pro:services,10110,4012,69150,[STARTED],false,true,0,0,69159,
1428417219812,com.android.inputmethod.latin.spellcheck.AndroidSpellCheckerService,com.google.android.inputmethod.latin,10054,1125,115381965,[],false,true,1,1,51743656,
1428417219812,com.google.android.location.geocode.GeocodeService,com.google.process.location,10007,17755,116238403,[],false,true,1,1,52109437,
1428417280460,com.android.bluetooth.hid.HidService,com.android.bluetooth,1002,0,41148,[],false,true,1,1,41157,
1428417280460,com.android.exchange.service.EasService,com.google.android.gm.exchange,10157,2752,54256,[STARTED],false,true,1,1,52131095,
1428417280460,com.google.android.music.dial.DialMediaRouteProviderService,com.google.android.music:main,10058,0,21711939,[],false,true,0,0,10495967,
1428417280460,ch.unige.css.services.PingService,ch.unige.ping,10074,1449,116416998,[STARTED],false,true,0,0,52187104,
1428417280460,com.android.systemui.keyguard.KeyguardService,com.android.systemui,10012,906,42358,[PERSISTENT],false,false,1,1,42367,
1428417280460,ch.unige.css.services.main.CssRegistryService,ch.unige.ping:background,10074,13902,17964876,[STARTED],false,true,0,0,6748905,
1428417280460,com.whatsapp.messaging.MessageService,com.whatsapp,10159,26619,68313,[STARTED],false,true,1,1,52113338,
1428417280460,ccc71.at.services.at_service,ccc71.bmw.pro:services,10110,4012,69150,[STARTED],false,true,0,0,69159,
1428417280460,com.android.inputmethod.latin.spellcheck.AndroidSpellCheckerService,com.google.android.inputmethod.latin,10054,1125,115381965,[],false,true,1,1,51743656,
1428417280460,com.google.android.location.geocode.GeocodeService,com.google.process.location,10007,17755,116238403,[],false,true,1,1,52109437,
1428417341441,com.android.bluetooth.hid.HidService,com.android.bluetooth,1002,0,41148,[],false,true,1,1,41157,
1428417341441,com.android.exchange.service.EasService,com.google.android.gm.exchange,10157,2752,54256,[STARTED],false,true,1,1,52131095,
1428417341441,com.google.android.music.dial.DialMediaRouteProviderService,com.google.android.music:main,10058,0,21711939,[],false,true,0,0,10495967,
1428417341441,ch.unige.css.services.PingService,ch.unige.ping,10074,1449,116477987,[STARTED],false,true,0,0,52210037,
1428417341441,com.android.systemui.keyguard.KeyguardService,com.android.systemui,10012,906,42358,[PERSISTENT],false,false,1,1,42367,
1428417341441,ch.unige.css.services.main.CssRegistryService,ch.unige.ping:background,10074,13902,17964876,[STARTED],false,true,0,0,6748905,
1428417341441,com.whatsapp.messaging.MessageService,com.whatsapp,10159,26619,68313,[STARTED],false,true,1,1,52113338,
1428417341441,ccc71.at.services.at_service,ccc71.bmw.pro:services,10110,4012,69150,[STARTED],false,true,0,0,69159,
1428417341441,com.android.inputmethod.latin.spellcheck.AndroidSpellCheckerService,com.google.android.inputmethod.latin,10054,1125,115381965,[],false,true,1,1,51743656,
1428417341441,com.google.android.location.geocode.GeocodeService,com.google.process.location,10007,17755,116238403,[],false,true,1,1,52109437,
1428417403441,com.android.bluetooth.hid.HidService,com.android.bluetooth,1002,0,41148,[],false,true,1,1,41157,
1428417403441,com.android.exchange.service.EasService,com.google.android.gm.exchange,10157,2752,54256,[STARTED],false,true,1,1,52131095,
1428417403441,com.google.android.music.dial.DialMediaRouteProviderService,com.google.android.music:main,10058,0,21711939,[],false,true,0,0,10495967,
1428417403441,ch.unige.css.services.PingService,ch.unige.ping,10074,1449,116539986,[STARTED],false,true,0,0,52230473,
1428417403441,com.android.systemui.keyguard.KeyguardService,com.android.systemui,10012,906,42358,[PERSISTENT],false,false,1,1,42367,
1428417403441,ch.unige.css.services.main.CssRegistryService,ch.unige.ping:background,10074,13902,17964876,[STARTED],false,true,0,0,6748905,
1428417403441,com.whatsapp.messaging.MessageService,com.whatsapp,10159,26619,68313,[STARTED],false,true,1,1,52113338,
1428417403441,ccc71.at.services.at_service,ccc71.bmw.pro:services,10110,4012,69150,[STARTED],false,true,0,0,69159,
1428417403441,com.android.inputmethod.latin.spellcheck.AndroidSpellCheckerService,com.google.android.inputmethod.latin,10054,1125,115381965,[],false,true,1,1,51743656,
1428417403441,com.google.android.location.geocode.GeocodeService,com.google.process.location,10007,17755,116238403,[],false,true,1,1,52109437,
1428417463464,com.android.bluetooth.hid.HidService,com.android.bluetooth,1002,0,41148,[],false,true,1,1,41157,
1428417463464,com.android.exchange.service.EasService,com.google.android.gm.exchange,10157,2752,54256,[STARTED],false,true,1,1,52131095,
1428417463464,com.google.android.music.dial.DialMediaRouteProviderService,com.google.android.music:main,10058,0,21711939,[],false,true,0,0,10495967,
1428417463464,ch.unige.css.services.PingService,ch.unige.ping,10074,1449,116599999,[STARTED],false,true,0,0,52260450,
1428417463464,com.android.systemui.keyguard.KeyguardService,com.android.systemui,10012,906,42358,[PERSISTENT],false,false,1,1,42367,
1428417463464,ch.unige.css.services.main.CssRegistryService,ch.unige.ping:background,10074,13902,17964876,[STARTED],false,true,0,0,6748905,
1428417463464,com.whatsapp.messaging.MessageService,com.whatsapp,10159,26619,68313,[STARTED],false,true,1,1,52252209,
1428417463464,ccc71.at.services.at_service,ccc71.bmw.pro:services,10110,4012,69150,[STARTED],false,true,0,0,69159,
1428417463464,com.android.inputmethod.latin.spellcheck.AndroidSpellCheckerService,com.google.android.inputmethod.latin,10054,1125,115381965,[],false,true,1,1,51743656,
1428417463464,com.google.android.location.geocode.GeocodeService,com.google.process.location,10007,17755,116238403,[],false,true,1,1,52109437,
1428417524480,com.android.bluetooth.hid.HidService,com.android.bluetooth,1002,0,41148,[],false,true,1,1,41157,
1428417524480,com.android.exchange.service.EasService,com.google.android.gm.exchange,10157,2752,54256,[STARTED],false,true,1,1,52131095,
1428417524480,com.google.android.music.dial.DialMediaRouteProviderService,com.google.android.music:main,10058,0,21711939,[],false,true,0,0,10495967,
1428417524480,ch.unige.css.services.PingService,ch.unige.ping,10074,1449,116660987,[STARTED],false,true,0,0,52287138,
1428417524480,com.android.systemui.keyguard.KeyguardService,com.android.systemui,10012,906,42358,[PERSISTENT],false,false,1,1,42367,
1428417524480,ch.unige.css.services.main.CssRegistryService,ch.unige.ping:background,10074,13902,17964876,[STARTED],false,true,0,0,6748905,
1428417524480,com.whatsapp.messaging.MessageService,com.whatsapp,10159,26619,68313,[STARTED],false,true,1,1,52252209,
1428417524480,ccc71.at.services.at_service,ccc71.bmw.pro:services,10110,4012,69150,[STARTED],false,true,0,0,69159,
1428417524480,com.android.inputmethod.latin.spellcheck.AndroidSpellCheckerService,com.google.android.inputmethod.latin,10054,1125,115381965,[],false,true,1,1,51743656,
1428417524480,com.google.android.location.geocode.GeocodeService,com.google.process.location,10007,17755,116238403,[],false,true,1,1,52109437,
1428417585441,com.android.bluetooth.hid.HidService,com.android.bluetooth,1002,0,41148,[],false,true,1,1,41157,
1428417585441,com.android.exchange.service.EasService,com.google.android.gm.exchange,10157,2752,54256,[STARTED],false,true,1,1,52131095,
1428417585441,com.google.android.music.dial.DialMediaRouteProviderService,com.google.android.music:main,10058,0,21711939,[],false,true,0,0,10495967,
1428417585441,ch.unige.css.services.PingService,ch.unige.ping,10074,1449,116721987,[STARTED],false,true,0,0,52310728,
1428417585441,com.android.systemui.keyguard.KeyguardService,com.android.systemui,10012,906,42358,[PERSISTENT],false,false,1,1,42367,
1428417585441,ch.unige.css.services.main.CssRegistryService,ch.unige.ping:background,10074,13902,17964876,[STARTED],false,true,0,0,6748905,
1428417585441,com.whatsapp.messaging.MessageService,com.whatsapp,10159,26619,68313,[STARTED],false,true,1,1,52252209,
1428417585441,ccc71.at.services.at_service,ccc71.bmw.pro:services,10110,4012,69150,[STARTED],false,true,0,0,69159,
1428417585441,com.android.inputmethod.latin.spellcheck.AndroidSpellCheckerService,com.google.android.inputmethod.latin,10054,1125,115381965,[],false,true,1,1,51743656,
1428417585441,com.google.android.location.geocode.GeocodeService,com.google.process.location,10007,17755,116238403,[],false,true,1,1,52109437,
1428417645705,com.android.bluetooth.hid.HidService,com.android.bluetooth,1002,0,41148,[],false,true,1,1,41157,
1428417645705,com.android.exchange.service.EasService,com.google.android.gm.exchange,10157,2752,54256,[STARTED],false,true,1,1,52131095,
1428417645705,com.google.android.music.dial.DialMediaRouteProviderService,com.google.android.music:main,10058,0,21711939,[],false,true,0,0,10495967,
1428417645705,ch.unige.css.services.PingService,ch.unige.ping,10074,1449,116782251,[STARTED],false,true,0,0,52362406,
1428417645705,com.android.systemui.keyguard.KeyguardService,com.android.systemui,10012,906,42358,[PERSISTENT],false,false,1,1,42367,
1428417645705,ch.unige.css.services.main.CssRegistryService,ch.unige.ping:background,10074,13902,17964876,[STARTED],false,true,0,0,6748905,
1428417645705,com.whatsapp.messaging.MessageService,com.whatsapp,10159,26619,68313,[STARTED],false,true,1,1,52252209,
1428417645705,ccc71.at.services.at_service,ccc71.bmw.pro:services,10110,4012,69150,[STARTED],false,true,0,0,69159,
1428417645705,com.google.android.location.geocode.GeocodeService,com.google.process.location,10007,17755,116238403,[],false,true,1,1,52109437,
1428417645705,com.facebook.analytics.service.AnalyticsService,com.facebook.katana,10079,21602,116757031,[STARTED],false,true,0,0,52350387,
1428417705725,com.android.bluetooth.hid.HidService,com.android.bluetooth,1002,0,41148,[],false,true,1,1,41157,
1428417705725,com.android.exchange.service.EasService,com.google.android.gm.exchange,10157,2752,54256,[STARTED],false,true,1,1,52131095,
1428417705725,com.google.android.music.dial.DialMediaRouteProviderService,com.google.android.music:main,10058,0,21711939,[],false,true,0,0,10495967,
1428417705725,ch.unige.css.services.PingService,ch.unige.ping,10074,1449,116842269,[STARTED],false,true,0,0,52422424,
1428417705725,com.android.systemui.keyguard.KeyguardService,com.android.systemui,10012,906,42358,[PERSISTENT],false,false,1,1,42367,
1428417705725,ch.unige.css.services.main.CssRegistryService,ch.unige.ping:background,10074,13902,17964876,[STARTED],false,true,0,0,6748905,
1428417705725,com.whatsapp.messaging.MessageService,com.whatsapp,10159,26619,68313,[STARTED],false,true,1,1,52252209,
1428417705725,ccc71.at.services.at_service,ccc71.bmw.pro:services,10110,4012,69150,[STARTED],false,true,0,0,69159,
1428417705725,com.google.android.location.geocode.GeocodeService,com.google.process.location,10007,17755,116238403,[],false,true,1,1,52109437,
1428417705725,com.facebook.analytics.service.AnalyticsService,com.facebook.katana,10079,21602,116801100,[STARTED],false,true,0,0,52421150,
1428417765738,com.android.bluetooth.hid.HidService,com.android.bluetooth,1002,0,41148,[],false,true,1,1,41157,
1428417765738,com.android.exchange.service.EasService,com.google.android.gm.exchange,10157,2752,54256,[STARTED],false,true,1,1,52131095,
1428417765738,com.google.android.music.dial.DialMediaRouteProviderService,com.google.android.music:main,10058,0,21711939,[],false,true,0,0,10495967,
1428417765738,ch.unige.css.services.PingService,ch.unige.ping,10074,1449,116902287,[STARTED],false,true,0,0,52482442,
1428417765738,com.android.systemui.keyguard.KeyguardService,com.android.systemui,10012,906,42358,[PERSISTENT],false,false,1,1,42367,
1428417765738,ch.unige.css.services.main.CssRegistryService,ch.unige.ping:background,10074,13902,17964876,[STARTED],false,true,0,0,6748905,
1428417765738,com.google.android.finsky.billing.iab.InAppBillingService,com.android.vending,10014,3040,116871056,[],false,true,2,2,52456650,
1428417765738,com.whatsapp.messaging.MessageService,com.whatsapp,10159,5636,68313,[STARTED],false,true,1,1,52456585,
1428417765738,ccc71.at.services.at_service,ccc71.bmw.pro:services,10110,4012,69150,[STARTED],false,true,0,0,69159,
1428417765738,com.android.inputmethod.latin.spellcheck.AndroidSpellCheckerService,com.google.android.inputmethod.latin,10054,1125,116871167,[],false,true,1,1,52451322,
1428417825806,com.android.bluetooth.hid.HidService,com.android.bluetooth,1002,0,41148,[],false,true,1,1,41157,
1428417825806,com.android.exchange.service.EasService,com.google.android.gm.exchange,10157,2752,54256,[STARTED],false,true,1,1,52131095,
1428417825806,com.google.android.music.dial.DialMediaRouteProviderService,com.google.android.music:main,10058,0,21711939,[],false,true,0,0,10495967,
1428417825806,ch.unige.css.services.PingService,ch.unige.ping,10074,1449,116962354,[STARTED],false,true,0,0,52542509,
1428417825806,com.android.systemui.keyguard.KeyguardService,com.android.systemui,10012,906,42358,[PERSISTENT],false,false,1,1,42367,
1428417825806,ch.unige.css.services.main.CssRegistryService,ch.unige.ping:background,10074,13902,17964876,[STARTED],false,true,0,0,6748905,
1428417825806,com.google.android.finsky.billing.iab.InAppBillingService,com.android.vending,10014,3040,116871056,[],false,true,1,1,52456650,
1428417825806,com.whatsapp.messaging.MessageService,com.whatsapp,10159,5636,68313,[STARTED],false,true,1,1,52456585,
1428417825806,ccc71.at.services.at_service,ccc71.bmw.pro:services,10110,6233,69150,[STARTED],false,true,0,0,52514608,
1428417825806,com.android.inputmethod.latin.spellcheck.AndroidSpellCheckerService,com.google.android.inputmethod.latin,10054,1125,116871167,[],false,true,1,1,52451322,
1428417830639,com.android.bluetooth.hid.HidService,com.android.bluetooth,1002,0,41148,[],false,true,1,1,41157,
1428417830639,com.android.exchange.service.EasService,com.google.android.gm.exchange,10157,2752,54256,[STARTED],false,true,1,1,52131095,
1428417830639,com.google.android.music.dial.DialMediaRouteProviderService,com.google.android.music:main,10058,0,21711939,[],false,true,0,0,10495967,
1428417830639,ch.unige.css.services.PingService,ch.unige.ping,10074,1449,116962354,[STARTED],false,true,0,0,52547332,
1428417830639,com.android.systemui.keyguard.KeyguardService,com.android.systemui,10012,906,42358,[PERSISTENT],false,false,1,1,42367,
1428417830639,ch.unige.css.services.main.CssRegistryService,ch.unige.ping:background,10074,6441,116967174,[STARTED],false,true,0,0,52547328,
1428417830639,com.google.android.finsky.billing.iab.InAppBillingService,com.android.vending,10014,3040,116871056,[],false,true,1,1,52456650,
1428417830639,com.whatsapp.messaging.MessageService,com.whatsapp,10159,5636,68313,[STARTED],false,true,1,1,52456585,
1428417830639,ccc71.at.services.at_service,ccc71.bmw.pro:services,10110,6233,69150,[STARTED],false,true,0,0,52514608,
1428417830639,com.android.inputmethod.latin.spellcheck.AndroidSpellCheckerService,com.google.android.inputmethod.latin,10054,1125,116871167,[],false,true,1,1,52451322,
1428417891550,com.android.bluetooth.hid.HidService,com.android.bluetooth,1002,0,41148,[],false,true,1,1,41157,
1428417891550,com.android.exchange.service.EasService,com.google.android.gm.exchange,10157,2752,54256,[STARTED],false,true,1,1,52131095,
1428417891550,com.google.android.music.dial.DialMediaRouteProviderService,com.google.android.music:main,10058,0,21711939,[],false,true,0,0,10495967,
1428417891550,ch.unige.css.services.PingService,ch.unige.ping,10074,1449,117028081,[STARTED],false,true,0,0,52608236,
1428417891550,com.android.systemui.keyguard.KeyguardService,com.android.systemui,10012,906,42358,[PERSISTENT],false,false,1,1,42367,
1428417891550,ch.unige.css.services.main.CssRegistryService,ch.unige.ping:background,10074,6441,116967174,[STARTED],false,true,0,0,52547328,
1428417891550,com.whatsapp.messaging.MessageService,com.whatsapp,10159,5636,68313,[STARTED],false,true,1,1,52456585,
1428417891550,ccc71.at.services.at_service,ccc71.bmw.pro:services,10110,6233,69150,[STARTED],false,true,0,0,52514608,
1428417891550,com.android.inputmethod.latin.spellcheck.AndroidSpellCheckerService,com.google.android.inputmethod.latin,10054,1125,116981872,[],false,true,1,1,52562027,
1428417891550,com.google.android.location.geocode.GeocodeService,com.google.process.location,10007,17755,116238403,[],false,true,1,1,52109437,
1428417951575,com.android.bluetooth.hid.HidService,com.android.bluetooth,1002,0,41148,[],false,true,1,1,41157,
1428417951575,com.android.exchange.service.EasService,com.google.android.gm.exchange,10157,2752,54256,[STARTED],false,true,1,1,52131095,
1428417951575,com.google.android.music.dial.DialMediaRouteProviderService,com.google.android.music:main,10058,0,21711939,[],false,true,0,0,10495967,
1428417951575,ch.unige.css.services.PingService,ch.unige.ping,10074,1449,117088121,[STARTED],false,true,0,0,52668276,
1428417951575,com.android.systemui.keyguard.KeyguardService,com.android.systemui,10012,906,42358,[PERSISTENT],false,false,1,1,42367,
1428417951575,ch.unige.css.services.main.CssRegistryService,ch.unige.ping:background,10074,6441,116967174,[STARTED],false,true,0,0,52547328,
1428417951575,com.whatsapp.messaging.MessageService,com.whatsapp,10159,5636,68313,[STARTED],false,true,1,1,52456585,
1428417951575,ccc71.at.services.at_service,ccc71.bmw.pro:services,10110,6233,69150,[STARTED],false,true,0,0,52514608,
1428417951575,com.google.android.location.geocode.GeocodeService,com.google.process.location,10007,17755,116238403,[],false,true,1,1,52109437,
1428417951575,com.google.android.gms.gcm.GcmService,com.google.process.gapps,10007,17792,17965599,[STARTED],false,true,0,0,52427390,
1428417981762,com.android.bluetooth.hid.HidService,com.android.bluetooth,1002,0,41148,[],false,true,1,1,41157,
1428417981762,com.android.exchange.service.EasService,com.google.android.gm.exchange,10157,2752,54256,[STARTED],false,true,1,1,52131095,
1428417981762,com.google.android.music.dial.DialMediaRouteProviderService,com.google.android.music:main,10058,0,21711939,[],false,true,0,0,10495967,
1428417981762,ch.unige.css.services.PingService,ch.unige.ping,10074,1449,117118303,[STARTED],false,true,0,0,52698458,
1428417981762,com.android.systemui.keyguard.KeyguardService,com.android.systemui,10012,906,42358,[PERSISTENT],false,false,1,1,42367,
1428417981762,ch.unige.css.services.main.CssRegistryService,ch.unige.ping:background,10074,6441,116967174,[STARTED],false,true,0,0,52547328,
1428417981762,com.whatsapp.messaging.MessageService,com.whatsapp,10159,5636,68313,[STARTED],false,true,1,1,52456585,
1428417981762,ccc71.at.services.at_service,ccc71.bmw.pro:services,10110,6233,69150,[STARTED],false,true,0,0,52514608,
1428417981762,com.google.android.location.geocode.GeocodeService,com.google.process.location,10007,17755,116238403,[],false,true,1,1,52109437,
1428417981762,com.google.android.gms.gcm.GcmService,com.google.process.gapps,10007,17792,17965599,[STARTED],false,true,0,0,52427390,
1428418041559,com.android.bluetooth.hid.HidService,com.android.bluetooth,1002,0,41148,[],false,true,1,1,41157,
1428418041559,com.android.exchange.service.EasService,com.google.android.gm.exchange,10157,2752,54256,[STARTED],false,true,1,1,52131095,
1428418041559,com.google.android.music.dial.DialMediaRouteProviderService,com.google.android.music:main,10058,0,21711939,[],false,true,0,0,10495967,
1428418041559,ch.unige.css.services.PingService,ch.unige.ping,10074,1449,117178319,[STARTED],false,true,0,0,52758474,
1428418041559,com.google.android.gms.car.InCallServiceImpl,com.google.android.gms:car,10007,8765,117165186,[],false,true,1,1,52745844,
1428418041559,com.android.systemui.keyguard.KeyguardService,com.android.systemui,10012,906,42358,[PERSISTENT],false,false,1,1,42367,
1428418041559,ch.unige.css.services.main.CssRegistryService,ch.unige.ping:background,10074,6441,116967174,[STARTED],false,true,0,0,52547328,
1428418041559,com.whatsapp.messaging.MessageService,com.whatsapp,10159,5636,68313,[STARTED],false,true,1,1,52456585,
1428418041559,ccc71.at.services.at_service,ccc71.bmw.pro:services,10110,6233,69150,[STARTED],false,true,0,0,52514608,
1428418041559,com.google.android.location.geocode.GeocodeService,com.google.process.location,10007,17755,116238403,[],false,true,1,1,52109437,
1428418104405,com.android.bluetooth.hid.HidService,com.android.bluetooth,1002,0,41148,[],false,true,1,1,41157,
1428418104405,com.android.exchange.service.EasService,com.google.android.gm.exchange,10157,2752,54256,[STARTED],false,true,1,1,52131095,
1428418104405,com.google.android.music.dial.DialMediaRouteProviderService,com.google.android.music:main,10058,0,21711939,[],false,true,0,0,10495967,
1428418104405,ch.unige.css.services.PingService,ch.unige.ping,10074,1449,117240404,[STARTED],false,true,0,0,52820559,
1428418104405,com.google.android.gms.car.InCallServiceImpl,com.google.android.gms:car,10007,8765,117165186,[],false,true,1,1,52759034,
1428418104405,com.android.systemui.keyguard.KeyguardService,com.android.systemui,10012,906,42358,[PERSISTENT],false,false,1,1,42367,
1428418104405,ch.unige.css.services.main.CssRegistryService,ch.unige.ping:background,10074,6441,116967174,[STARTED],false,true,0,0,52547328,
1428418104405,com.whatsapp.messaging.MessageService,com.whatsapp,10159,5636,68313,[STARTED],false,true,1,1,52456585,
1428418104405,ccc71.at.services.at_service,ccc71.bmw.pro:services,10110,6233,69150,[STARTED],false,true,0,0,52514608,
1428418104405,com.google.android.location.geocode.GeocodeService,com.google.process.location,10007,17755,116238403,[],false,true,1,1,52109437,
1428418165449,com.android.bluetooth.hid.HidService,com.android.bluetooth,1002,0,41148,[],false,true,1,1,41157,
1428418165449,com.android.exchange.service.EasService,com.google.android.gm.exchange,10157,2752,54256,[STARTED],false,true,1,1,52131095,
1428418165449,com.google.android.music.dial.DialMediaRouteProviderService,com.google.android.music:main,10058,0,21711939,[],false,true,0,0,10495967,
1428418165449,ch.unige.css.services.PingService,ch.unige.ping,10074,1449,117301448,[STARTED],false,true,0,0,52846015,
1428418165449,com.google.android.gms.car.InCallServiceImpl,com.google.android.gms:car,10007,8765,117165186,[],false,true,1,1,52759034,
1428418165449,com.android.systemui.keyguard.KeyguardService,com.android.systemui,10012,906,42358,[PERSISTENT],false,false,1,1,42367,
1428418165449,ch.unige.css.services.main.CssRegistryService,ch.unige.ping:background,10074,6441,116967174,[STARTED],false,true,0,0,52547328,
1428418165449,com.whatsapp.messaging.MessageService,com.whatsapp,10159,5636,68313,[STARTED],false,true,1,1,52456585,
1428418165449,ccc71.at.services.at_service,ccc71.bmw.pro:services,10110,6233,69150,[STARTED],false,true,0,0,52514608,
1428418165449,com.google.android.location.geocode.GeocodeService,com.google.process.location,10007,17755,116238403,[],false,true,1,1,52109437,
1428418264561,com.android.bluetooth.hid.HidService,com.android.bluetooth,1002,0,41148,[],false,true,1,1,41157,
1428418264561,com.android.exchange.service.EasService,com.google.android.gm.exchange,10157,2752,54256,[STARTED],false,true,1,1,52131095,
1428418264561,com.google.android.music.dial.DialMediaRouteProviderService,com.google.android.music:main,10058,0,21711939,[],false,true,0,0,10495967,
1428418264561,ch.unige.css.services.PingService,ch.unige.ping,10074,1449,117400496,[STARTED],false,true,0,0,52878802,
1428418264561,com.google.android.gms.car.InCallServiceImpl,com.google.android.gms:car,10007,8765,117165186,[],false,true,1,1,52759034,
1428418264561,com.android.systemui.keyguard.KeyguardService,com.android.systemui,10012,906,42358,[PERSISTENT],false,false,1,1,42367,
1428418264561,ch.unige.css.services.main.CssRegistryService,ch.unige.ping:background,10074,6441,116967174,[STARTED],false,true,0,0,52547328,
1428418264561,com.whatsapp.messaging.MessageService,com.whatsapp,10159,5636,68313,[STARTED],false,true,1,1,52456585,
1428418264561,ccc71.at.services.at_service,ccc71.bmw.pro:services,10110,6233,69150,[STARTED],false,true,0,0,52514608,
1428418264561,com.google.android.location.geocode.GeocodeService,com.google.process.location,10007,17755,116238403,[],false,true,1,1,52109437,
1428418324587,com.android.bluetooth.hid.HidService,com.android.bluetooth,1002,0,41148,[],false,true,1,1,41157,
1428418324587,com.android.exchange.service.EasService,com.google.android.gm.exchange,10157,2752,54256,[STARTED],false,true,1,1,52131095,
1428418324587,com.google.android.music.dial.DialMediaRouteProviderService,com.google.android.music:main,10058,0,21711939,[],false,true,0,0,10495967,
1428418324587,ch.unige.css.services.PingService,ch.unige.ping,10074,1449,117460579,[STARTED],false,true,0,0,52926965,
1428418324587,com.android.systemui.keyguard.KeyguardService,com.android.systemui,10012,906,42358,[PERSISTENT],false,false,1,1,42367,
1428418324587,ch.unige.css.services.main.CssRegistryService,ch.unige.ping:background,10074,6441,116967174,[STARTED],false,true,0,0,52547328,
1428418324587,com.whatsapp.messaging.MessageService,com.whatsapp,10159,5636,68313,[STARTED],false,true,1,1,52456585,
1428418324587,ccc71.at.services.at_service,ccc71.bmw.pro:services,10110,6233,69150,[STARTED],false,true,0,0,52514608,
1428418324587,com.google.android.location.geocode.GeocodeService,com.google.process.location,10007,17755,116238403,[],false,true,1,1,52109437,
1428418324587,com.google.android.gms.gcm.GcmService,com.google.process.gapps,10007,17792,17965599,[STARTED],false,true,0,0,52745573,
1428418341234,com.android.bluetooth.hid.HidService,com.android.bluetooth,1002,0,41148,[],false,true,1,1,41157,
1428418341234,com.android.exchange.service.EasService,com.google.android.gm.exchange,10157,2752,54256,[STARTED],false,true,1,1,52131095,
1428418341234,com.google.android.music.dial.DialMediaRouteProviderService,com.google.android.music:main,10058,0,21711939,[],false,true,0,0,10495967,
1428418341234,ch.unige.css.services.PingService,ch.unige.ping,10074,1449,117460579,[STARTED],false,true,0,0,52943620,
1428418341234,com.android.systemui.keyguard.KeyguardService,com.android.systemui,10012,906,42358,[PERSISTENT],false,false,1,1,42367,
1428418341234,ch.unige.css.services.main.CssRegistryService,ch.unige.ping:background,10074,6441,116967174,[STARTED],false,true,0,0,52547328,
1428418341234,com.whatsapp.messaging.MessageService,com.whatsapp,10159,5636,68313,[STARTED],false,true,1,1,52456585,
1428418341234,ccc71.at.services.at_service,ccc71.bmw.pro:services,10110,6233,69150,[STARTED],false,true,0,0,52514608,
1428418341234,com.google.android.location.geocode.GeocodeService,com.google.process.location,10007,17755,116238403,[],false,true,1,1,52109437,
1428418341234,com.google.android.gms.gcm.GcmService,com.google.process.gapps,10007,17792,17965599,[STARTED],false,true,0,0,52745573,
1428418415468,com.android.bluetooth.hid.HidService,com.android.bluetooth,1002,0,41148,[],false,true,1,1,41157,
1428418415468,com.android.exchange.service.EasService,com.google.android.gm.exchange,10157,2752,54256,[STARTED],false,true,1,1,52131095,
1428418415468,com.google.android.music.dial.DialMediaRouteProviderService,com.google.android.music:main,10058,0,21711939,[],false,true,0,0,10495967,
1428418415468,ch.unige.css.services.PingService,ch.unige.ping,10074,1449,117551446,[STARTED],false,true,0,0,53017832,
1428418415468,ch.unige.css.services.UserActivityService,ch.unige.ping,10074,1449,117551485,[STARTED],false,true,0,0,53017871,
1428418415468,com.android.systemui.keyguard.KeyguardService,com.android.systemui,10012,906,42358,[PERSISTENT],false,false,1,1,42367,
1428418415468,ch.unige.css.services.main.CssRegistryService,ch.unige.ping:background,10074,6441,116967174,[STARTED],false,true,0,0,52547328,
1428418415468,com.google.android.finsky.billing.iab.InAppBillingService,com.android.vending,10014,3040,117484808,[],false,true,1,1,52951194,
1428418415468,com.whatsapp.messaging.MessageService,com.whatsapp,10159,5636,68313,[STARTED],false,true,1,1,52456585,
1428418415468,ccc71.at.services.at_service,ccc71.bmw.pro:services,10110,6233,69150,[STARTED],false,true,0,0,52514608,
1428418476512,com.android.bluetooth.hid.HidService,com.android.bluetooth,1002,0,41148,[],false,true,1,1,41157,
1428418476512,com.android.exchange.service.EasService,com.google.android.gm.exchange,10157,2752,54256,[STARTED],false,true,1,1,52131095,
1428418476512,com.google.android.music.dial.DialMediaRouteProviderService,com.google.android.music:main,10058,0,21711939,[],false,true,0,0,10495967,
1428418476512,ch.unige.css.services.PingService,ch.unige.ping,10074,1449,117612511,[STARTED],false,true,0,0,53078897,
1428418476512,com.android.systemui.keyguard.KeyguardService,com.android.systemui,10012,906,42358,[PERSISTENT],false,false,1,1,42367,
1428418476512,ch.unige.css.services.main.CssRegistryService,ch.unige.ping:background,10074,6441,116967174,[STARTED],false,true,0,0,52547328,
1428418476512,com.google.android.finsky.billing.iab.InAppBillingService,com.android.vending,10014,3040,117484808,[],false,true,1,1,52951194,
1428418476512,com.whatsapp.messaging.MessageService,com.whatsapp,10159,5636,68313,[STARTED],false,true,1,1,52456585,
1428418476512,ccc71.at.services.at_service,ccc71.bmw.pro:services,10110,6233,69150,[STARTED],false,true,0,0,52514608,
1428418476512,com.android.inputmethod.latin.spellcheck.AndroidSpellCheckerService,com.google.android.inputmethod.latin,10054,1125,117503237,[],false,true,1,1,52969623,
1428418537604,com.android.bluetooth.hid.HidService,com.android.bluetooth,1002,0,41148,[],false,true,1,1,41157,
1428418537604,com.android.exchange.service.EasService,com.google.android.gm.exchange,10157,2752,54256,[STARTED],false,true,1,1,53130183,
1428418537604,com.google.android.music.dial.DialMediaRouteProviderService,com.google.android.music:main,10058,0,21711939,[],false,true,0,0,10495967,
1428418537604,ch.unige.css.services.PingService,ch.unige.ping,10074,1449,117673571,[STARTED],false,true,0,0,53139957,
1428418537604,com.android.systemui.keyguard.KeyguardService,com.android.systemui,10012,906,42358,[PERSISTENT],false,false,1,1,42367,
1428418537604,ch.unige.css.services.main.CssRegistryService,ch.unige.ping:background,10074,6441,116967174,[STARTED],false,true,0,0,52547328,
1428418537604,com.google.android.finsky.billing.iab.InAppBillingService,com.android.vending,10014,3040,117484808,[],false,true,1,1,52951194,
1428418537604,com.whatsapp.messaging.MessageService,com.whatsapp,10159,5636,68313,[STARTED],false,true,1,1,52456585,
1428418537604,ccc71.at.services.at_service,ccc71.bmw.pro:services,10110,6233,69150,[STARTED],false,true,0,0,52514608,
1428418537604,com.android.inputmethod.latin.spellcheck.AndroidSpellCheckerService,com.google.android.inputmethod.latin,10054,1125,117503237,[],false,true,1,1,52969623,
1428418598730,com.android.bluetooth.hid.HidService,com.android.bluetooth,1002,0,41148,[],false,true,1,1,41157,
1428418598730,com.android.exchange.service.EasService,com.google.android.gm.exchange,10157,2752,54256,[STARTED],false,true,1,1,53130183,
1428418598730,com.google.android.music.dial.DialMediaRouteProviderService,com.google.android.music:main,10058,0,21711939,[],false,true,0,0,10495967,
1428418598730,ch.unige.css.services.PingService,ch.unige.ping,10074,1449,117734724,[STARTED],false,true,0,0,53201111,
1428418598730,com.google.android.gms.clearcut.service.ClearcutLoggerIntentService,com.google.process.gapps,10007,17792,117734541,[STARTED],false,true,0,0,53200927,
1428418598730,com.android.systemui.keyguard.KeyguardService,com.android.systemui,10012,906,42358,[PERSISTENT],false,false,1,1,42367,
1428418598730,ch.unige.css.services.main.CssRegistryService,ch.unige.ping:background,10074,6441,116967174,[STARTED],false,true,0,0,52547328,
1428418598730,com.google.android.finsky.billing.iab.InAppBillingService,com.android.vending,10014,3040,117484808,[],false,true,1,1,52951194,
1428418598730,com.whatsapp.messaging.MessageService,com.whatsapp,10159,5636,68313,[STARTED],false,true,1,1,52456585,
1428418598730,ccc71.at.services.at_service,ccc71.bmw.pro:services,10110,6233,69150,[STARTED],false,true,0,0,52514608,
1428418658868,com.android.bluetooth.hid.HidService,com.android.bluetooth,1002,0,41148,[],false,true,1,1,41157,
1428418658868,com.android.exchange.service.EasService,com.google.android.gm.exchange,10157,2752,54256,[STARTED],false,true,1,1,53130183,
1428418658868,com.google.android.music.dial.DialMediaRouteProviderService,com.google.android.music:main,10058,0,21711939,[],false,true,0,0,10495967,
1428418658868,ch.unige.css.services.PingService,ch.unige.ping,10074,1449,117794856,[STARTED],false,true,0,0,53261242,
1428418658868,com.android.systemui.keyguard.KeyguardService,com.android.systemui,10012,906,42358,[PERSISTENT],false,false,1,1,42367,
1428418658868,ch.unige.css.services.main.CssRegistryService,ch.unige.ping:background,10074,6441,116967174,[STARTED],false,true,0,0,52547328,
1428418658868,com.google.android.finsky.billing.iab.InAppBillingService,com.android.vending,10014,3040,117484808,[],false,true,1,1,52951194,
1428418658868,com.whatsapp.messaging.MessageService,com.whatsapp,10159,5636,68313,[STARTED],false,true,1,1,52456585,
1428418658868,ccc71.at.services.at_service,ccc71.bmw.pro:services,10110,6233,69150,[STARTED],false,true,0,0,52514608,
1428418658868,com.android.inputmethod.latin.spellcheck.AndroidSpellCheckerService,com.google.android.inputmethod.latin,10054,1125,117503237,[],false,true,1,1,52969623,
1428418721046,com.android.bluetooth.hid.HidService,com.android.bluetooth,1002,0,41148,[],false,true,1,1,41157,
1428418721046,com.android.exchange.service.EasService,com.google.android.gm.exchange,10157,2752,54256,[STARTED],false,true,1,1,53130183,
1428418721046,com.google.android.music.dial.DialMediaRouteProviderService,com.google.android.music:main,10058,0,21711939,[],false,true,0,0,10495967,
1428418721046,ch.unige.css.services.PingService,ch.unige.ping,10074,1449,117857026,[STARTED],false,true,0,0,53323413,
1428418721046,com.android.systemui.keyguard.KeyguardService,com.android.systemui,10012,906,42358,[PERSISTENT],false,false,1,1,42367,
1428418721046,ch.unige.css.services.main.CssRegistryService,ch.unige.ping:background,10074,6441,116967174,[STARTED],false,true,0,0,52547328,
1428418721046,com.whatsapp.messaging.MessageService,com.whatsapp,10159,5636,68313,[STARTED],false,true,1,1,52456585,
1428418721046,ccc71.at.services.at_service,ccc71.bmw.pro:services,10110,6233,69150,[STARTED],false,true,0,0,52514608,
1428418721046,com.google.android.location.geocode.GeocodeService,com.google.process.location,10007,17755,116238403,[],false,true,1,1,52109437,
1428418721046,com.google.android.gms.gcm.GcmService,com.google.process.gapps,10007,17792,17965599,[STARTED],false,true,0,0,52745573,
1428418781051,com.android.bluetooth.hid.HidService,com.android.bluetooth,1002,0,41148,[],false,true,1,1,41157,
1428418781051,com.android.exchange.service.EasService,com.google.android.gm.exchange,10157,2752,54256,[STARTED],false,true,1,1,53130183,
1428418781051,com.google.android.music.dial.DialMediaRouteProviderService,com.google.android.music:main,10058,0,21711939,[],false,true,0,0,10495967,
1428418781051,ch.unige.css.services.PingService,ch.unige.ping,10074,1449,117917040,[STARTED],false,true,0,0,53383427,
1428418781051,com.android.systemui.keyguard.KeyguardService,com.android.systemui,10012,906,42358,[PERSISTENT],false,false,1,1,42367,
1428418781051,ch.unige.css.services.main.CssRegistryService,ch.unige.ping:background,10074,6441,116967174,[STARTED],false,true,0,0,52547328,
1428418781051,com.whatsapp.messaging.MessageService,com.whatsapp,10159,5636,68313,[STARTED],false,true,1,1,52456585,
1428418781051,ccc71.at.services.at_service,ccc71.bmw.pro:services,10110,6233,69150,[STARTED],false,true,0,0,52514608,
1428418781051,com.google.android.location.geocode.GeocodeService,com.google.process.location,10007,17755,116238403,[],false,true,1,1,52109437,
1428418781051,com.facebook.analytics.service.AnalyticsService,com.facebook.katana,10079,6984,117910616,[STARTED],false,true,0,0,53379248,
1428418841053,com.android.bluetooth.hid.HidService,com.android.bluetooth,1002,0,41148,[],false,true,1,1,41157,
1428418841053,com.android.exchange.service.EasService,com.google.android.gm.exchange,10157,2752,54256,[STARTED],false,true,1,1,53130183,
1428418841053,com.google.android.music.dial.DialMediaRouteProviderService,com.google.android.music:main,10058,0,21711939,[],false,true,0,0,10495967,
1428418841053,ch.unige.css.services.PingService,ch.unige.ping,10074,1449,117977054,[STARTED],false,true,0,0,53443440,
1428418841053,com.android.systemui.keyguard.KeyguardService,com.android.systemui,10012,906,42358,[PERSISTENT],false,false,1,1,42367,
1428418841053,ch.unige.css.services.main.CssRegistryService,ch.unige.ping:background,10074,6441,116967174,[STARTED],false,true,0,0,52547328,
1428418841053,com.whatsapp.messaging.MessageService,com.whatsapp,10159,5636,68313,[STARTED],false,true,1,1,52456585,
1428418841053,ccc71.at.services.at_service,ccc71.bmw.pro:services,10110,6233,69150,[STARTED],false,true,0,0,52514608,
1428418841053,com.google.android.location.geocode.GeocodeService,com.google.process.location,10007,17755,116238403,[],false,true,1,1,52109437,
1428418841053,com.facebook.analytics.service.AnalyticsService,com.facebook.katana,10079,6984,117910616,[STARTED],false,true,0,0,53436396,
1428418901064,com.android.bluetooth.hid.HidService,com.android.bluetooth,1002,0,41148,[],false,true,1,1,41157,
1428418901064,com.android.exchange.service.EasService,com.google.android.gm.exchange,10157,2752,54256,[STARTED],false,true,1,1,53130183,
1428418901064,com.google.android.music.dial.DialMediaRouteProviderService,com.google.android.music:main,10058,0,21711939,[],false,true,0,0,10495967,
1428418901064,ch.unige.css.services.PingService,ch.unige.ping,10074,1449,118037069,[STARTED],false,true,0,0,53503455,
1428418901064,com.android.systemui.keyguard.KeyguardService,com.android.systemui,10012,906,42358,[PERSISTENT],false,false,1,1,42367,
1428418901064,ch.unige.css.services.main.CssRegistryService,ch.unige.ping:background,10074,6441,116967174,[STARTED],false,true,0,0,52547328,
1428418901064,com.whatsapp.messaging.MessageService,com.whatsapp,10159,5636,68313,[STARTED],false,true,1,1,52456585,
1428418901064,ccc71.at.services.at_service,ccc71.bmw.pro:services,10110,6233,69150,[STARTED],false,true,0,0,52514608,
1428418901064,com.google.android.location.geocode.GeocodeService,com.google.process.location,10007,17755,116238403,[],false,true,1,1,52109437,
1428418901064,com.facebook.analytics.service.AnalyticsService,com.facebook.katana,10079,6984,118017393,[STARTED],false,true,0,0,53501773,
1428418961084,com.android.bluetooth.hid.HidService,com.android.bluetooth,1002,0,41148,[],false,true,1,1,41157,
1428418961084,com.android.exchange.service.EasService,com.google.android.gm.exchange,10157,2752,54256,[STARTED],false,true,1,1,53130183,
1428418961084,com.google.android.music.dial.DialMediaRouteProviderService,com.google.android.music:main,10058,0,21711939,[],false,true,0,0,10495967,
1428418961084,ch.unige.css.services.PingService,ch.unige.ping,10074,1449,118097083,[STARTED],false,true,0,0,53563469,
1428418961084,com.android.systemui.keyguard.KeyguardService,com.android.systemui,10012,906,42358,[PERSISTENT],false,false,1,1,42367,
1428418961084,ch.unige.css.services.main.CssRegistryService,ch.unige.ping:background,10074,6441,116967174,[STARTED],false,true,0,0,52547328,
1428418961084,com.whatsapp.messaging.MessageService,com.whatsapp,10159,5636,68313,[STARTED],false,true,1,1,52456585,
1428418961084,ccc71.at.services.at_service,ccc71.bmw.pro:services,10110,6233,69150,[STARTED],false,true,0,0,52514608,
1428418961084,com.android.inputmethod.latin.spellcheck.AndroidSpellCheckerService,com.google.android.inputmethod.latin,10054,1125,118094721,[],false,true,1,1,53561107,
1428418961084,com.google.android.location.geocode.GeocodeService,com.google.process.location,10007,17755,116238403,[],false,true,1,1,52109437,
1428419021146,com.android.bluetooth.hid.HidService,com.android.bluetooth,1002,0,41148,[],false,true,1,1,41157,
1428419021146,com.android.exchange.service.EasService,com.google.android.gm.exchange,10157,2752,54256,[STARTED],false,true,1,1,53130183,
1428419021146,com.google.android.music.dial.DialMediaRouteProviderService,com.google.android.music:main,10058,0,21711939,[],false,true,0,0,10495967,
1428419021146,ch.unige.css.services.PingService,ch.unige.ping,10074,1449,118157136,[STARTED],false,true,0,0,53623522,
1428419021146,com.android.systemui.keyguard.KeyguardService,com.android.systemui,10012,906,42358,[PERSISTENT],false,false,1,1,42367,
1428419021146,ch.unige.css.services.main.CssRegistryService,ch.unige.ping:background,10074,6441,116967174,[STARTED],false,true,0,0,52547328,
1428419021146,com.whatsapp.messaging.MessageService,com.whatsapp,10159,5636,68313,[STARTED],false,true,1,1,52456585,
1428419021146,ccc71.at.services.at_service,ccc71.bmw.pro:services,10110,6233,69150,[STARTED],false,true,0,0,52514608,
1428419021146,com.google.android.location.geocode.GeocodeService,com.google.process.location,10007,17755,116238403,[],false,true,1,1,52109437,
1428419021146,com.google.android.gms.gcm.GcmService,com.google.process.gapps,10007,17792,17965599,[STARTED],false,true,0,0,53363943,
1428419081162,com.android.bluetooth.hid.HidService,com.android.bluetooth,1002,0,41148,[],false,true,1,1,41157,
1428419081162,com.android.exchange.service.EasService,com.google.android.gm.exchange,10157,2752,54256,[STARTED],false,true,1,1,53130183,
1428419081162,com.google.android.music.dial.DialMediaRouteProviderService,com.google.android.music:main,10058,0,21711939,[],false,true,0,0,10495967,
1428419081162,ch.unige.css.services.PingService,ch.unige.ping,10074,1449,118217159,[STARTED],false,true,0,0,53683545,
1428419081162,com.google.android.gms.clearcut.service.ClearcutLoggerIntentService,com.google.process.gapps,10007,17792,118216658,[STARTED],false,true,0,0,53683044,
1428419081162,com.android.systemui.keyguard.KeyguardService,com.android.systemui,10012,906,42358,[PERSISTENT],false,false,1,1,42367,
1428419081162,ch.unige.css.services.main.CssRegistryService,ch.unige.ping:background,10074,6441,116967174,[STARTED],false,true,0,0,52547328,
1428419081162,com.whatsapp.messaging.MessageService,com.whatsapp,10159,5636,68313,[STARTED],false,true,1,1,52456585,
1428419081162,ccc71.at.services.at_service,ccc71.bmw.pro:services,10110,6233,69150,[STARTED],false,true,0,0,52514608,
1428419081162,com.android.inputmethod.latin.spellcheck.AndroidSpellCheckerService,com.google.android.inputmethod.latin,10054,1125,118206510,[],false,true,1,1,53672897,
1428419124567,com.android.bluetooth.hid.HidService,com.android.bluetooth,1002,0,41148,[],false,true,1,1,41157,
1428419124567,com.android.exchange.service.EasService,com.google.android.gm.exchange,10157,2752,54256,[STARTED],false,true,1,1,53130183,
1428419124567,com.google.android.music.dial.DialMediaRouteProviderService,com.google.android.music:main,10058,0,21711939,[],false,true,0,0,10495967,
1428419124567,ch.unige.css.services.PingService,ch.unige.ping,10074,1449,118260569,[STARTED],false,true,0,0,53726955,
1428419124567,com.android.systemui.keyguard.KeyguardService,com.android.systemui,10012,906,42358,[PERSISTENT],false,false,1,1,42367,
1428419124567,ch.unige.css.services.main.CssRegistryService,ch.unige.ping:background,10074,6441,116967174,[STARTED],false,true,0,0,52547328,
1428419124567,com.whatsapp.messaging.MessageService,com.whatsapp,10159,5636,68313,[STARTED],false,true,1,1,52456585,
1428419124567,ccc71.at.services.at_service,ccc71.bmw.pro:services,10110,6233,69150,[STARTED],false,true,0,0,52514608,
1428419124567,com.android.inputmethod.latin.spellcheck.AndroidSpellCheckerService,com.google.android.inputmethod.latin,10054,1125,118206510,[],false,true,1,1,53672897,
1428419124567,com.google.android.location.geocode.GeocodeService,com.google.process.location,10007,17755,116238403,[],false,true,1,1,52109437,
1428419184627,com.android.bluetooth.hid.HidService,com.android.bluetooth,1002,0,41148,[],false,true,1,1,41157,
1428419184627,com.android.exchange.service.EasService,com.google.android.gm.exchange,10157,2752,54256,[STARTED],false,true,1,1,53130183,
1428419184627,com.google.android.music.dial.DialMediaRouteProviderService,com.google.android.music:main,10058,0,21711939,[],false,true,0,0,10495967,
1428419184627,ch.unige.css.services.PingService,ch.unige.ping,10074,1449,118320599,[STARTED],false,true,0,0,53786986,
1428419184627,com.android.systemui.keyguard.KeyguardService,com.android.systemui,10012,906,42358,[PERSISTENT],false,false,1,1,42367,
1428419184627,ch.unige.css.services.main.CssRegistryService,ch.unige.ping:background,10074,6441,116967174,[STARTED],false,true,0,0,52547328,
1428419184627,com.whatsapp.messaging.MessageService,com.whatsapp,10159,5636,68313,[STARTED],false,true,1,1,52456585,
1428419184627,ccc71.at.services.at_service,ccc71.bmw.pro:services,10110,6233,69150,[STARTED],false,true,0,0,52514608,
1428419184627,com.android.inputmethod.latin.spellcheck.AndroidSpellCheckerService,com.google.android.inputmethod.latin,10054,1125,118275452,[],false,true,1,1,53741838,
1428419184627,com.google.android.location.geocode.GeocodeService,com.google.process.location,10007,17755,116238403,[],false,true,1,1,52109437,
1428419272511,com.android.bluetooth.hid.HidService,com.android.bluetooth,1002,0,41148,[],false,true,1,1,41157,
1428419272511,com.android.exchange.service.EasService,com.google.android.gm.exchange,10157,2752,54256,[STARTED],false,true,1,1,53832019,
1428419272511,com.google.android.music.dial.DialMediaRouteProviderService,com.google.android.music:main,10058,0,21711939,[],false,true,0,0,10495967,
1428419272511,ch.unige.css.services.PingService,ch.unige.ping,10074,1449,118408468,[STARTED],false,true,0,0,53832054,
1428419272511,com.android.systemui.keyguard.KeyguardService,com.android.systemui,10012,906,42358,[PERSISTENT],false,false,1,1,42367,
1428419272511,ch.unige.css.services.main.CssRegistryService,ch.unige.ping:background,10074,6441,116967174,[STARTED],false,true,0,0,52547328,
1428419272511,com.whatsapp.messaging.MessageService,com.whatsapp,10159,5636,68313,[STARTED],false,true,1,1,52456585,
1428419272511,ccc71.at.services.at_service,ccc71.bmw.pro:services,10110,6233,69150,[STARTED],false,true,0,0,52514608,
1428419272511,com.android.inputmethod.latin.spellcheck.AndroidSpellCheckerService,com.google.android.inputmethod.latin,10054,1125,118275452,[],false,true,1,1,53741838,
1428419272511,com.google.android.location.geocode.GeocodeService,com.google.process.location,10007,17755,118335271,[],false,true,1,1,53801657,
1428419332650,com.android.bluetooth.hid.HidService,com.android.bluetooth,1002,0,41148,[],false,true,1,1,41157,
1428419332650,com.android.exchange.service.EasService,com.google.android.gm.exchange,10157,2752,54256,[STARTED],false,true,1,1,53832019,
1428419332650,com.google.android.music.dial.DialMediaRouteProviderService,com.google.android.music:main,10058,0,21711939,[],false,true,0,0,10495967,
1428419332650,ch.unige.css.services.PingService,ch.unige.ping,10074,1449,118468607,[STARTED],false,true,0,0,53853704,
1428419332650,com.android.systemui.keyguard.KeyguardService,com.android.systemui,10012,906,42358,[PERSISTENT],false,false,1,1,42367,
1428419332650,ch.unige.css.services.main.CssRegistryService,ch.unige.ping:background,10074,6441,116967174,[STARTED],false,true,0,0,52547328,
1428419332650,com.whatsapp.messaging.MessageService,com.whatsapp,10159,5636,68313,[STARTED],false,true,1,1,52456585,
1428419332650,ccc71.at.services.at_service,ccc71.bmw.pro:services,10110,6233,69150,[STARTED],false,true,0,0,52514608,
1428419332650,com.android.inputmethod.latin.spellcheck.AndroidSpellCheckerService,com.google.android.inputmethod.latin,10054,1125,118275452,[],false,true,1,1,53741838,
1428419332650,com.google.android.location.geocode.GeocodeService,com.google.process.location,10007,17755,118335271,[],false,true,1,1,53801657,
1428419392809,com.android.bluetooth.hid.HidService,com.android.bluetooth,1002,0,41148,[],false,true,1,1,41157,
1428419392809,com.android.exchange.service.EasService,com.google.android.gm.exchange,10157,2752,54256,[STARTED],false,true,1,1,53832019,
1428419392809,com.google.android.music.dial.DialMediaRouteProviderService,com.google.android.music:main,10058,0,21711939,[],false,true,0,0,10495967,
1428419392809,ch.unige.css.services.PingService,ch.unige.ping,10074,1449,118528812,[STARTED],false,true,0,0,53874531,
1428419392809,com.android.systemui.keyguard.KeyguardService,com.android.systemui,10012,906,42358,[PERSISTENT],false,false,1,1,42367,
1428419392809,ch.unige.css.services.main.CssRegistryService,ch.unige.ping:background,10074,6441,116967174,[STARTED],false,true,0,0,52547328,
1428419392809,com.whatsapp.messaging.MessageService,com.whatsapp,10159,5636,68313,[STARTED],false,true,1,1,52456585,
1428419392809,ccc71.at.services.at_service,ccc71.bmw.pro:services,10110,6233,69150,[STARTED],false,true,0,0,52514608,
1428419392809,com.android.inputmethod.latin.spellcheck.AndroidSpellCheckerService,com.google.android.inputmethod.latin,10054,1125,118275452,[],false,true,1,1,53741838,
1428419392809,com.google.android.location.geocode.GeocodeService,com.google.process.location,10007,17755,118335271,[],false,true,1,1,53801657,
1428419487838,com.android.bluetooth.hid.HidService,com.android.bluetooth,1002,0,41148,[],false,true,1,1,41157,
1428419487838,com.android.exchange.service.EasService,com.google.android.gm.exchange,10157,2752,54256,[STARTED],false,true,1,1,53832019,
1428419487838,com.google.android.music.dial.DialMediaRouteProviderService,com.google.android.music:main,10058,0,21711939,[],false,true,0,0,10495967,
1428419487838,ch.unige.css.services.PingService,ch.unige.ping,10074,1449,118623829,[STARTED],false,true,0,0,53899805,
1428419487838,com.android.systemui.keyguard.KeyguardService,com.android.systemui,10012,906,42358,[PERSISTENT],false,false,1,1,42367,
1428419487838,ch.unige.css.services.main.CssRegistryService,ch.unige.ping:background,10074,6441,116967174,[STARTED],false,true,0,0,52547328,
1428419487838,com.whatsapp.messaging.MessageService,com.whatsapp,10159,5636,68313,[STARTED],false,true,1,1,52456585,
1428419487838,ccc71.at.services.at_service,ccc71.bmw.pro:services,10110,6233,69150,[STARTED],false,true,0,0,52514608,
1428419487838,com.android.inputmethod.latin.spellcheck.AndroidSpellCheckerService,com.google.android.inputmethod.latin,10054,1125,118275452,[],false,true,1,1,53741838,
1428419487838,com.google.android.location.geocode.GeocodeService,com.google.process.location,10007,17755,118335271,[],false,true,1,1,53801657,
1428419556060,com.android.bluetooth.hid.HidService,com.android.bluetooth,1002,0,41148,[],false,true,1,1,41157,
1428419556060,com.android.exchange.service.EasService,com.google.android.gm.exchange,10157,2752,54256,[STARTED],false,true,1,1,53832019,
1428419556060,com.google.android.music.dial.DialMediaRouteProviderService,com.google.android.music:main,10058,0,21711939,[],false,true,0,0,10495967,
1428419556060,ch.unige.css.services.PingService,ch.unige.ping,10074,1449,118692057,[STARTED],false,true,0,0,53927442,
1428419556060,com.android.systemui.keyguard.KeyguardService,com.android.systemui,10012,906,42358,[PERSISTENT],false,false,1,1,42367,
1428419556060,ch.unige.css.services.main.CssRegistryService,ch.unige.ping:background,10074,6441,116967174,[STARTED],false,true,0,0,52547328,
1428419556060,com.whatsapp.messaging.MessageService,com.whatsapp,10159,5636,68313,[STARTED],false,true,1,1,52456585,
1428419556060,ccc71.at.services.at_service,ccc71.bmw.pro:services,10110,6233,69150,[STARTED],false,true,0,0,52514608,
1428419556060,com.android.inputmethod.latin.spellcheck.AndroidSpellCheckerService,com.google.android.inputmethod.latin,10054,1125,118275452,[],false,true,1,1,53741838,
1428419556060,com.google.android.location.geocode.GeocodeService,com.google.process.location,10007,17755,118335271,[],false,true,1,1,53801657,
1428419641085,com.android.bluetooth.hid.HidService,com.android.bluetooth,1002,0,41148,[],false,true,1,1,41157,
1428419641085,com.android.exchange.service.EasService,com.google.android.gm.exchange,10157,2752,54256,[STARTED],false,true,1,1,53832019,
1428419641085,com.google.android.music.dial.DialMediaRouteProviderService,com.google.android.music:main,10058,0,21711939,[],false,true,0,0,10495967,
1428419641085,ch.unige.css.services.PingService,ch.unige.ping,10074,1449,118777652,[STARTED],false,true,0,0,53948920,
1428419641085,com.android.systemui.keyguard.KeyguardService,com.android.systemui,10012,906,42358,[PERSISTENT],false,false,1,1,42367,
1428419641085,ch.unige.css.services.main.CssRegistryService,ch.unige.ping:background,10074,6441,116967174,[STARTED],false,true,0,0,52547328,
1428419641085,com.whatsapp.messaging.MessageService,com.whatsapp,10159,5636,68313,[STARTED],false,true,1,1,52456585,
1428419641085,ccc71.at.services.at_service,ccc71.bmw.pro:services,10110,6233,69150,[STARTED],false,true,0,0,52514608,
1428419641085,com.android.inputmethod.latin.spellcheck.AndroidSpellCheckerService,com.google.android.inputmethod.latin,10054,1125,118275452,[],false,true,1,1,53741838,
1428419641085,com.google.android.location.geocode.GeocodeService,com.google.process.location,10007,17755,118335271,[],false,true,1,1,53801657,
1428419701091,com.android.bluetooth.hid.HidService,com.android.bluetooth,1002,0,41148,[],false,true,1,1,41157,
1428419701091,com.android.exchange.service.EasService,com.google.android.gm.exchange,10157,2752,54256,[STARTED],false,true,1,1,53832019,
1428419701091,com.google.android.music.dial.DialMediaRouteProviderService,com.google.android.music:main,10058,0,21711939,[],false,true,0,0,10495967,
1428419701091,ch.unige.css.services.PingService,ch.unige.ping,10074,1449,118837665,[STARTED],false,true,0,0,54006918,
1428419701091,com.android.systemui.keyguard.KeyguardService,com.android.systemui,10012,906,42358,[PERSISTENT],false,false,1,1,42367,
1428419701091,ch.unige.css.services.main.CssRegistryService,ch.unige.ping:background,10074,6441,116967174,[STARTED],false,true,0,0,52547328,
1428419701091,com.whatsapp.messaging.MessageService,com.whatsapp,10159,5636,68313,[STARTED],false,true,1,1,52456585,
1428419701091,ccc71.at.services.at_service,ccc71.bmw.pro:services,10110,6233,69150,[STARTED],false,true,0,0,52514608,
1428419701091,com.android.inputmethod.latin.spellcheck.AndroidSpellCheckerService,com.google.android.inputmethod.latin,10054,1125,118275452,[],false,true,1,1,53741838,
1428419701091,com.google.android.location.geocode.GeocodeService,com.google.process.location,10007,17755,118335271,[],false,true,1,1,53801657,
1428419761284,com.android.bluetooth.hid.HidService,com.android.bluetooth,1002,0,41148,[],false,true,1,1,41157,
1428419761284,com.android.exchange.service.EasService,com.google.android.gm.exchange,10157,2752,54256,[STARTED],false,true,1,1,53832019,
1428419761284,com.google.android.music.dial.DialMediaRouteProviderService,com.google.android.music:main,10058,0,21711939,[],false,true,0,0,10495967,
1428419761284,ch.unige.css.services.PingService,ch.unige.ping,10074,1449,118897751,[STARTED],false,true,0,0,54052027,
1428419761284,com.android.systemui.keyguard.KeyguardService,com.android.systemui,10012,906,42358,[PERSISTENT],false,false,1,1,42367,
1428419761284,ch.unige.css.services.main.CssRegistryService,ch.unige.ping:background,10074,6441,116967174,[STARTED],false,true,0,0,52547328,
1428419761284,com.whatsapp.messaging.MessageService,com.whatsapp,10159,5636,68313,[STARTED],false,true,1,1,52456585,
1428419761284,ccc71.at.services.at_service,ccc71.bmw.pro:services,10110,6233,69150,[STARTED],false,true,0,0,52514608,
1428419761284,com.android.inputmethod.latin.spellcheck.AndroidSpellCheckerService,com.google.android.inputmethod.latin,10054,1125,118275452,[],false,true,1,1,53741838,
1428419761284,com.google.android.location.geocode.GeocodeService,com.google.process.location,10007,17755,118335271,[],false,true,1,1,53801657,
1428419821432,com.android.bluetooth.hid.HidService,com.android.bluetooth,1002,0,41148,[],false,true,1,1,41157,
1428419821432,com.android.exchange.service.EasService,com.google.android.gm.exchange,10157,2752,54256,[STARTED],false,true,1,1,53832019,
1428419821432,com.google.android.music.dial.DialMediaRouteProviderService,com.google.android.music:main,10058,0,21711939,[],false,true,0,0,10495967,
1428419821432,ch.unige.css.services.PingService,ch.unige.ping,10074,1449,118958011,[STARTED],false,true,0,0,54073929,
1428419821432,com.android.systemui.keyguard.KeyguardService,com.android.systemui,10012,906,42358,[PERSISTENT],false,false,1,1,42367,
1428419821432,ch.unige.css.services.main.CssRegistryService,ch.unige.ping:background,10074,6441,116967174,[STARTED],false,true,0,0,52547328,
1428419821432,com.whatsapp.messaging.MessageService,com.whatsapp,10159,5636,68313,[STARTED],false,true,1,1,52456585,
1428419821432,ccc71.at.services.at_service,ccc71.bmw.pro:services,10110,6233,69150,[STARTED],false,true,0,0,52514608,
1428419821432,com.android.inputmethod.latin.spellcheck.AndroidSpellCheckerService,com.google.android.inputmethod.latin,10054,1125,118275452,[],false,true,1,1,53741838,
1428419821432,com.google.android.location.geocode.GeocodeService,com.google.process.location,10007,17755,118335271,[],false,true,1,1,53801657,
1428419919626,com.android.bluetooth.hid.HidService,com.android.bluetooth,1002,0,41148,[],false,true,1,1,41157,
1428419919626,com.android.exchange.service.EasService,com.google.android.gm.exchange,10157,2752,54256,[STARTED],false,true,1,1,53832019,
1428419919626,com.google.android.music.dial.DialMediaRouteProviderService,com.google.android.music:main,10058,0,21711939,[],false,true,0,0,10495967,
1428419919626,ch.unige.css.services.PingService,ch.unige.ping,10074,1449,119056110,[STARTED],false,true,0,0,54095713,
1428419919626,com.android.systemui.keyguard.KeyguardService,com.android.systemui,10012,906,42358,[PERSISTENT],false,false,1,1,42367,
1428419919626,ch.unige.css.services.main.CssRegistryService,ch.unige.ping:background,10074,6441,116967174,[STARTED],false,true,0,0,52547328,
1428419919626,com.whatsapp.messaging.MessageService,com.whatsapp,10159,5636,68313,[STARTED],false,true,1,1,52456585,
1428419919626,ccc71.at.services.at_service,ccc71.bmw.pro:services,10110,6233,69150,[STARTED],false,true,0,0,52514608,
1428419919626,com.android.inputmethod.latin.spellcheck.AndroidSpellCheckerService,com.google.android.inputmethod.latin,10054,1125,118275452,[],false,true,1,1,53741838,
1428419919626,com.google.android.location.geocode.GeocodeService,com.google.process.location,10007,17755,118335271,[],false,true,1,1,53801657,
1428419979764,com.android.bluetooth.hid.HidService,com.android.bluetooth,1002,0,41148,[],false,true,1,1,41157,
1428419979764,com.android.exchange.service.EasService,com.google.android.gm.exchange,10157,2752,54256,[STARTED],false,true,1,1,53832019,
1428419979764,com.google.android.music.dial.DialMediaRouteProviderService,com.google.android.music:main,10058,0,21711939,[],false,true,0,0,10495967,
1428419979764,ch.unige.css.services.PingService,ch.unige.ping,10074,1449,119116331,[STARTED],false,true,0,0,54119237,
1428419979764,com.android.systemui.keyguard.KeyguardService,com.android.systemui,10012,906,42358,[PERSISTENT],false,false,1,1,42367,
1428419979764,ch.unige.css.services.main.CssRegistryService,ch.unige.ping:background,10074,6441,116967174,[STARTED],false,true,0,0,52547328,
1428419979764,com.whatsapp.messaging.MessageService,com.whatsapp,10159,5636,68313,[STARTED],false,true,1,1,52456585,
1428419979764,ccc71.at.services.at_service,ccc71.bmw.pro:services,10110,6233,69150,[STARTED],false,true,0,0,52514608,
1428419979764,com.android.inputmethod.latin.spellcheck.AndroidSpellCheckerService,com.google.android.inputmethod.latin,10054,1125,118275452,[],false,true,1,1,53741838,
1428419979764,com.google.android.location.geocode.GeocodeService,com.google.process.location,10007,17755,118335271,[],false,true,1,1,53801657,
1428420039444,com.android.bluetooth.hid.HidService,com.android.bluetooth,1002,0,41148,[],false,true,1,1,41157,
1428420039444,com.android.exchange.service.EasService,com.google.android.gm.exchange,10157,2752,54256,[STARTED],false,true,1,1,53832019,
1428420039444,com.google.android.music.dial.DialMediaRouteProviderService,com.google.android.music:main,10058,0,21711939,[],false,true,0,0,10495967,
1428420039444,ch.unige.css.services.PingService,ch.unige.ping,10074,1449,119176487,[STARTED],false,true,0,0,54146294,
1428420039444,com.android.systemui.keyguard.KeyguardService,com.android.systemui,10012,906,42358,[PERSISTENT],false,false,1,1,42367,
1428420039444,ch.unige.css.services.main.CssRegistryService,ch.unige.ping:background,10074,6441,116967174,[STARTED],false,true,0,0,52547328,
1428420039444,com.whatsapp.messaging.MessageService,com.whatsapp,10159,5636,68313,[STARTED],false,true,1,1,52456585,
1428420039444,ccc71.at.services.at_service,ccc71.bmw.pro:services,10110,6233,69150,[STARTED],false,true,0,0,52514608,
1428420039444,com.android.inputmethod.latin.spellcheck.AndroidSpellCheckerService,com.google.android.inputmethod.latin,10054,1125,118275452,[],false,true,1,1,53741838,
1428420039444,com.google.android.location.geocode.GeocodeService,com.google.process.location,10007,17755,118335271,[],false,true,1,1,53801657,
1428420099470,com.android.bluetooth.hid.HidService,com.android.bluetooth,1002,0,41148,[],false,true,1,1,41157,
1428420099470,com.android.exchange.service.EasService,com.google.android.gm.exchange,10157,2752,54256,[STARTED],false,true,1,1,53832019,
1428420099470,com.google.android.music.dial.DialMediaRouteProviderService,com.google.android.music:main,10058,0,21711939,[],false,true,0,0,10495967,
1428420099470,ch.unige.css.services.PingService,ch.unige.ping,10074,1449,119236517,[STARTED],false,true,0,0,54175160,
1428420099470,com.android.systemui.keyguard.KeyguardService,com.android.systemui,10012,906,42358,[PERSISTENT],false,false,1,1,42367,
1428420099470,ch.unige.css.services.main.CssRegistryService,ch.unige.ping:background,10074,6441,116967174,[STARTED],false,true,0,0,52547328,
1428420099470,com.whatsapp.messaging.MessageService,com.whatsapp,10159,5636,68313,[STARTED],false,true,1,1,52456585,
1428420099470,ccc71.at.services.at_service,ccc71.bmw.pro:services,10110,6233,69150,[STARTED],false,true,0,0,52514608,
1428420099470,com.android.inputmethod.latin.spellcheck.AndroidSpellCheckerService,com.google.android.inputmethod.latin,10054,1125,118275452,[],false,true,1,1,53741838,
1428420099470,com.google.android.location.geocode.GeocodeService,com.google.process.location,10007,17755,118335271,[],false,true,1,1,53801657,
1428420159503,com.android.bluetooth.hid.HidService,com.android.bluetooth,1002,0,41148,[],false,true,1,1,41157,
1428420159503,com.android.exchange.service.EasService,com.google.android.gm.exchange,10157,2752,54256,[STARTED],false,true,1,1,53832019,
1428420159503,com.google.android.music.dial.DialMediaRouteProviderService,com.google.android.music:main,10058,0,21711939,[],false,true,0,0,10495967,
1428420159503,ch.unige.css.services.PingService,ch.unige.ping,10074,1449,119296527,[STARTED],false,true,0,0,54230718,
1428420159503,com.android.systemui.keyguard.KeyguardService,com.android.systemui,10012,906,42358,[PERSISTENT],false,false,1,1,42367,
1428420159503,ch.unige.css.services.main.CssRegistryService,ch.unige.ping:background,10074,6441,116967174,[STARTED],false,true,0,0,52547328,
1428420159503,com.whatsapp.messaging.MessageService,com.whatsapp,10159,5636,68313,[STARTED],false,true,1,1,52456585,
1428420159503,ccc71.at.services.at_service,ccc71.bmw.pro:services,10110,6233,69150,[STARTED],false,true,0,0,52514608,
1428420159503,com.android.inputmethod.latin.spellcheck.AndroidSpellCheckerService,com.google.android.inputmethod.latin,10054,1125,118275452,[],false,true,1,1,53741838,
1428420159503,com.google.android.location.geocode.GeocodeService,com.google.process.location,10007,17755,118335271,[],false,true,1,1,53801657,
1428420219549,com.android.bluetooth.hid.HidService,com.android.bluetooth,1002,0,41148,[],false,true,1,1,41157,
1428420219549,com.android.exchange.service.EasService,com.google.android.gm.exchange,10157,2752,54256,[STARTED],false,true,1,1,53832019,
1428420219549,com.google.android.music.dial.DialMediaRouteProviderService,com.google.android.music:main,10058,0,21711939,[],false,true,0,0,10495967,
1428420219549,ch.unige.css.services.PingService,ch.unige.ping,10074,1449,119356595,[STARTED],false,true,0,0,54285527,
1428420219549,com.android.systemui.keyguard.KeyguardService,com.android.systemui,10012,906,42358,[PERSISTENT],false,false,1,1,42367,
1428420219549,ch.unige.css.services.main.CssRegistryService,ch.unige.ping:background,10074,6441,116967174,[STARTED],false,true,0,0,52547328,
1428420219549,com.whatsapp.messaging.MessageService,com.whatsapp,10159,5636,68313,[STARTED],false,true,1,1,52456585,
1428420219549,ccc71.at.services.at_service,ccc71.bmw.pro:services,10110,6233,69150,[STARTED],false,true,0,0,52514608,
1428420219549,com.android.inputmethod.latin.spellcheck.AndroidSpellCheckerService,com.google.android.inputmethod.latin,10054,1125,118275452,[],false,true,1,1,53741838,
1428420219549,com.google.android.location.geocode.GeocodeService,com.google.process.location,10007,17755,118335271,[],false,true,1,1,53801657,
1428420279607,com.android.bluetooth.hid.HidService,com.android.bluetooth,1002,0,41148,[],false,true,1,1,41157,
1428420279607,com.android.exchange.service.EasService,com.google.android.gm.exchange,10157,2752,54256,[STARTED],false,true,1,1,53832019,
1428420279607,com.google.android.music.dial.DialMediaRouteProviderService,com.google.android.music:main,10058,0,21711939,[],false,true,0,0,10495967,
1428420279607,ch.unige.css.services.PingService,ch.unige.ping,10074,1449,119416620,[STARTED],false,true,0,0,54306018,
1428420279607,com.android.systemui.keyguard.KeyguardService,com.android.systemui,10012,906,42358,[PERSISTENT],false,false,1,1,42367,
1428420279607,ch.unige.css.services.main.CssRegistryService,ch.unige.ping:background,10074,6441,116967174,[STARTED],false,true,0,0,52547328,
1428420279607,com.whatsapp.messaging.MessageService,com.whatsapp,10159,5636,68313,[STARTED],false,true,1,1,52456585,
1428420279607,ccc71.at.services.at_service,ccc71.bmw.pro:services,10110,6233,69150,[STARTED],false,true,0,0,52514608,
1428420279607,com.android.inputmethod.latin.spellcheck.AndroidSpellCheckerService,com.google.android.inputmethod.latin,10054,1125,118275452,[],false,true,1,1,53741838,
1428420279607,com.google.android.location.geocode.GeocodeService,com.google.process.location,10007,17755,118335271,[],false,true,1,1,53801657,
1428420339865,com.android.bluetooth.hid.HidService,com.android.bluetooth,1002,0,41148,[],false,true,1,1,41157,
1428420339865,com.android.exchange.service.EasService,com.google.android.gm.exchange,10157,2752,54256,[STARTED],false,true,1,1,53832019,
1428420339865,com.google.android.music.dial.DialMediaRouteProviderService,com.google.android.music:main,10058,0,21711939,[],false,true,0,0,10495967,
1428420339865,ch.unige.css.services.PingService,ch.unige.ping,10074,1449,119476912,[STARTED],false,true,0,0,54327910,
1428420339865,com.android.systemui.keyguard.KeyguardService,com.android.systemui,10012,906,42358,[PERSISTENT],false,false,1,1,42367,
1428420339865,ch.unige.css.services.main.CssRegistryService,ch.unige.ping:background,10074,6441,116967174,[STARTED],false,true,0,0,52547328,
1428420339865,com.whatsapp.messaging.MessageService,com.whatsapp,10159,5636,68313,[STARTED],false,true,1,1,52456585,
1428420339865,ccc71.at.services.at_service,ccc71.bmw.pro:services,10110,6233,69150,[STARTED],false,true,0,0,52514608,
1428420339865,com.android.inputmethod.latin.spellcheck.AndroidSpellCheckerService,com.google.android.inputmethod.latin,10054,1125,118275452,[],false,true,1,1,53741838,
1428420339865,com.google.android.location.geocode.GeocodeService,com.google.process.location,10007,17755,118335271,[],false,true,1,1,53801657,
1428420400072,com.android.bluetooth.hid.HidService,com.android.bluetooth,1002,0,41148,[],false,true,1,1,41157,
1428420400072,com.android.exchange.service.EasService,com.google.android.gm.exchange,10157,2752,54256,[STARTED],false,true,1,1,53832019,
1428420400072,com.google.android.music.dial.DialMediaRouteProviderService,com.google.android.music:main,10058,0,21711939,[],false,true,0,0,10495967,
1428420400072,ch.unige.css.services.PingService,ch.unige.ping,10074,1449,119537119,[STARTED],false,true,0,0,54349032,
1428420400072,com.android.systemui.keyguard.KeyguardService,com.android.systemui,10012,906,42358,[PERSISTENT],false,false,1,1,42367,
1428420400072,ch.unige.css.services.main.CssRegistryService,ch.unige.ping:background,10074,6441,116967174,[STARTED],false,true,0,0,52547328,
1428420400072,com.whatsapp.messaging.MessageService,com.whatsapp,10159,5636,68313,[STARTED],false,true,1,1,52456585,
1428420400072,ccc71.at.services.at_service,ccc71.bmw.pro:services,10110,6233,69150,[STARTED],false,true,0,0,52514608,
1428420400072,com.android.inputmethod.latin.spellcheck.AndroidSpellCheckerService,com.google.android.inputmethod.latin,10054,1125,118275452,[],false,true,1,1,53741838,
1428420400072,com.google.android.location.geocode.GeocodeService,com.google.process.location,10007,17755,118335271,[],false,true,1,1,53801657,
1428420460462,com.android.bluetooth.hid.HidService,com.android.bluetooth,1002,0,41148,[],false,true,1,1,41157,
1428420460462,com.android.exchange.service.EasService,com.google.android.gm.exchange,10157,2752,54256,[STARTED],false,true,1,1,53832019,
1428420460462,com.google.android.music.dial.DialMediaRouteProviderService,com.google.android.music:main,10058,0,21711939,[],false,true,0,0,10495967,
1428420460462,ch.unige.css.services.PingService,ch.unige.ping,10074,1449,119597493,[STARTED],false,true,0,0,54369448,
1428420460462,com.android.systemui.keyguard.KeyguardService,com.android.systemui,10012,906,42358,[PERSISTENT],false,false,1,1,42367,
1428420460462,ch.unige.css.services.main.CssRegistryService,ch.unige.ping:background,10074,6441,116967174,[STARTED],false,true,0,0,52547328,
1428420460462,com.whatsapp.messaging.MessageService,com.whatsapp,10159,5636,68313,[STARTED],false,true,1,1,52456585,
1428420460462,ccc71.at.services.at_service,ccc71.bmw.pro:services,10110,6233,69150,[STARTED],false,true,0,0,52514608,
1428420460462,com.android.inputmethod.latin.spellcheck.AndroidSpellCheckerService,com.google.android.inputmethod.latin,10054,1125,118275452,[],false,true,1,1,53741838,
1428420460462,com.google.android.location.geocode.GeocodeService,com.google.process.location,10007,17755,118335271,[],false,true,1,1,53801657,
1428420520728,com.android.bluetooth.hid.HidService,com.android.bluetooth,1002,0,41148,[],false,true,1,1,41157,
1428420520728,com.android.exchange.service.EasService,com.google.android.gm.exchange,10157,2752,54256,[STARTED],false,true,1,1,53832019,
1428420520728,com.google.android.music.dial.DialMediaRouteProviderService,com.google.android.music:main,10058,0,21711939,[],false,true,0,0,10495967,
1428420520728,ch.unige.css.services.PingService,ch.unige.ping,10074,1449,119657759,[STARTED],false,true,0,0,54390143,
1428420520728,com.android.systemui.keyguard.KeyguardService,com.android.systemui,10012,906,42358,[PERSISTENT],false,false,1,1,42367,
1428420520728,ch.unige.css.services.main.CssRegistryService,ch.unige.ping:background,10074,6441,116967174,[STARTED],false,true,0,0,52547328,
1428420520728,com.whatsapp.messaging.MessageService,com.whatsapp,10159,5636,68313,[STARTED],false,true,1,1,52456585,
1428420520728,ccc71.at.services.at_service,ccc71.bmw.pro:services,10110,6233,69150,[STARTED],false,true,0,0,52514608,
1428420520728,com.android.inputmethod.latin.spellcheck.AndroidSpellCheckerService,com.google.android.inputmethod.latin,10054,1125,118275452,[],false,true,1,1,53741838,
1428420520728,com.google.android.location.geocode.GeocodeService,com.google.process.location,10007,17755,118335271,[],false,true,1,1,53801657,
1428420580815,com.android.bluetooth.hid.HidService,com.android.bluetooth,1002,0,41148,[],false,true,1,1,41157,
1428420580815,com.android.exchange.service.EasService,com.google.android.gm.exchange,10157,2752,54256,[STARTED],false,true,1,1,53832019,
1428420580815,com.google.android.music.dial.DialMediaRouteProviderService,com.google.android.music:main,10058,0,21711939,[],false,true,0,0,10495967,
1428420580815,ch.unige.css.services.PingService,ch.unige.ping,10074,1449,119717867,[STARTED],false,true,0,0,54410952,
1428420580815,com.android.systemui.keyguard.KeyguardService,com.android.systemui,10012,906,42358,[PERSISTENT],false,false,1,1,42367,
1428420580815,ch.unige.css.services.main.CssRegistryService,ch.unige.ping:background,10074,6441,116967174,[STARTED],false,true,0,0,52547328,
1428420580815,com.whatsapp.messaging.MessageService,com.whatsapp,10159,5636,68313,[STARTED],false,true,1,1,52456585,
1428420580815,ccc71.at.services.at_service,ccc71.bmw.pro:services,10110,6233,69150,[STARTED],false,true,0,0,52514608,
1428420580815,com.android.inputmethod.latin.spellcheck.AndroidSpellCheckerService,com.google.android.inputmethod.latin,10054,1125,118275452,[],false,true,1,1,53741838,
1428420580815,com.google.android.location.geocode.GeocodeService,com.google.process.location,10007,17755,118335271,[],false,true,1,1,53801657,
1428420641453,com.android.bluetooth.hid.HidService,com.android.bluetooth,1002,0,41148,[],false,true,1,1,41157,
1428420641453,com.android.exchange.service.EasService,com.google.android.gm.exchange,10157,2752,54256,[STARTED],false,true,1,1,53832019,
1428420641453,com.google.android.music.dial.DialMediaRouteProviderService,com.google.android.music:main,10058,0,21711939,[],false,true,0,0,10495967,
1428420641453,ch.unige.css.services.PingService,ch.unige.ping,10074,1449,119778486,[STARTED],false,true,0,0,54431802,
1428420641453,com.android.systemui.keyguard.KeyguardService,com.android.systemui,10012,906,42358,[PERSISTENT],false,false,1,1,42367,
1428420641453,ch.unige.css.services.main.CssRegistryService,ch.unige.ping:background,10074,6441,116967174,[STARTED],false,true,0,0,52547328,
1428420641453,com.whatsapp.messaging.MessageService,com.whatsapp,10159,5636,68313,[STARTED],false,true,1,1,52456585,
1428420641453,ccc71.at.services.at_service,ccc71.bmw.pro:services,10110,6233,69150,[STARTED],false,true,0,0,52514608,
1428420641453,com.android.inputmethod.latin.spellcheck.AndroidSpellCheckerService,com.google.android.inputmethod.latin,10054,1125,118275452,[],false,true,1,1,53741838,
1428420641453,com.google.android.location.geocode.GeocodeService,com.google.process.location,10007,17755,118335271,[],false,true,1,1,53801657,
1428420701721,com.android.bluetooth.hid.HidService,com.android.bluetooth,1002,0,41148,[],false,true,1,1,41157,
1428420701721,com.android.exchange.service.EasService,com.google.android.gm.exchange,10157,2752,54256,[STARTED],false,true,1,1,53832019,
1428420701721,com.google.android.music.dial.DialMediaRouteProviderService,com.google.android.music:main,10058,0,21711939,[],false,true,0,0,10495967,
1428420701721,ch.unige.css.services.PingService,ch.unige.ping,10074,1449,119838761,[STARTED],false,true,0,0,54452495,
1428420701721,com.android.systemui.keyguard.KeyguardService,com.android.systemui,10012,906,42358,[PERSISTENT],false,false,1,1,42367,
1428420701721,ch.unige.css.services.main.CssRegistryService,ch.unige.ping:background,10074,6441,116967174,[STARTED],false,true,0,0,52547328,
1428420701721,com.whatsapp.messaging.MessageService,com.whatsapp,10159,5636,68313,[STARTED],false,true,1,1,52456585,
1428420701721,ccc71.at.services.at_service,ccc71.bmw.pro:services,10110,6233,69150,[STARTED],false,true,0,0,52514608,
1428420701721,com.android.inputmethod.latin.spellcheck.AndroidSpellCheckerService,com.google.android.inputmethod.latin,10054,1125,118275452,[],false,true,1,1,53741838,
1428420701721,com.google.android.location.geocode.GeocodeService,com.google.process.location,10007,17755,118335271,[],false,true,1,1,53801657,
1428420761861,com.android.bluetooth.hid.HidService,com.android.bluetooth,1002,0,41148,[],false,true,1,1,41157,
1428420761861,com.android.exchange.service.EasService,com.google.android.gm.exchange,10157,2752,54256,[STARTED],false,true,1,1,53832019,
1428420761861,com.google.android.music.dial.DialMediaRouteProviderService,com.google.android.music:main,10058,0,21711939,[],false,true,0,0,10495967,
1428420761861,ch.unige.css.services.PingService,ch.unige.ping,10074,1449,119898898,[STARTED],false,true,0,0,54473329,
1428420761861,ch.unige.css.services.UserActivityService,ch.unige.ping,10074,1449,119898920,[STARTED],false,true,0,0,54473350,
1428420761861,com.android.systemui.keyguard.KeyguardService,com.android.systemui,10012,906,42358,[PERSISTENT],false,false,1,1,42367,
1428420761861,ch.unige.css.services.main.CssRegistryService,ch.unige.ping:background,10074,6441,116967174,[STARTED],false,true,0,0,52547328,
1428420761861,com.whatsapp.messaging.MessageService,com.whatsapp,10159,5636,68313,[STARTED],false,true,1,1,52456585,
1428420761861,ccc71.at.services.at_service,ccc71.bmw.pro:services,10110,6233,69150,[STARTED],false,true,0,0,52514608,
1428420761861,com.android.inputmethod.latin.spellcheck.AndroidSpellCheckerService,com.google.android.inputmethod.latin,10054,1125,118275452,[],false,true,1,1,53741838,
1428420821914,com.android.bluetooth.hid.HidService,com.android.bluetooth,1002,0,41148,[],false,true,1,1,41157,
1428420821914,com.android.exchange.service.EasService,com.google.android.gm.exchange,10157,2752,54256,[STARTED],false,true,1,1,53832019,
1428420821914,com.google.android.music.dial.DialMediaRouteProviderService,com.google.android.music:main,10058,0,21711939,[],false,true,0,0,10495967,
1428420821914,ch.unige.css.services.PingService,ch.unige.ping,10074,1449,119958949,[STARTED],false,true,0,0,54494202,
1428420821914,com.android.systemui.keyguard.KeyguardService,com.android.systemui,10012,906,42358,[PERSISTENT],false,false,1,1,42367,
1428420821914,ch.unige.css.services.main.CssRegistryService,ch.unige.ping:background,10074,6441,116967174,[STARTED],false,true,0,0,52547328,
1428420821914,com.whatsapp.messaging.MessageService,com.whatsapp,10159,5636,68313,[STARTED],false,true,1,1,52456585,
1428420821914,ccc71.at.services.at_service,ccc71.bmw.pro:services,10110,6233,69150,[STARTED],false,true,0,0,52514608,
1428420821914,com.android.inputmethod.latin.spellcheck.AndroidSpellCheckerService,com.google.android.inputmethod.latin,10054,1125,118275452,[],false,true,1,1,53741838,
1428420821914,com.google.android.location.geocode.GeocodeService,com.google.process.location,10007,17755,118335271,[],false,true,1,1,53801657,
1428420882221,com.android.bluetooth.hid.HidService,com.android.bluetooth,1002,0,41148,[],false,true,1,1,41157,
1428420882221,com.android.exchange.service.EasService,com.google.android.gm.exchange,10157,2752,54256,[STARTED],false,true,1,1,53832019,
1428420882221,com.google.android.music.dial.DialMediaRouteProviderService,com.google.android.music:main,10058,0,21711939,[],false,true,0,0,10495967,
1428420882221,ch.unige.css.services.PingService,ch.unige.ping,10074,1449,120019238,[STARTED],false,true,0,0,54515348,
1428420882221,com.android.systemui.keyguard.KeyguardService,com.android.systemui,10012,906,42358,[PERSISTENT],false,false,1,1,42367,
1428420882221,ch.unige.css.services.main.CssRegistryService,ch.unige.ping:background,10074,6441,116967174,[STARTED],false,true,0,0,52547328,
1428420882221,com.whatsapp.messaging.MessageService,com.whatsapp,10159,5636,68313,[STARTED],false,true,1,1,52456585,
1428420882221,ccc71.at.services.at_service,ccc71.bmw.pro:services,10110,6233,69150,[STARTED],false,true,0,0,52514608,
1428420882221,com.android.inputmethod.latin.spellcheck.AndroidSpellCheckerService,com.google.android.inputmethod.latin,10054,1125,118275452,[],false,true,1,1,53741838,
1428420882221,com.google.android.location.geocode.GeocodeService,com.google.process.location,10007,17755,118335271,[],false,true,1,1,53801657,
1428420939433,com.android.bluetooth.hid.HidService,com.android.bluetooth,1002,0,41148,[],false,true,1,1,41157,
1428420939433,com.android.exchange.service.EasService,com.google.android.gm.exchange,10157,2752,54256,[STARTED],false,true,1,1,53832019,
1428420939433,com.google.android.music.dial.DialMediaRouteProviderService,com.google.android.music:main,10058,0,21711939,[],false,true,0,0,10495967,
1428420939433,ch.unige.css.services.PingService,ch.unige.ping,10074,1449,120076469,[STARTED],false,true,0,0,54536777,
1428420939433,com.android.systemui.keyguard.KeyguardService,com.android.systemui,10012,906,42358,[PERSISTENT],false,false,1,1,42367,
1428420939433,ch.unige.css.services.main.CssRegistryService,ch.unige.ping:background,10074,6441,116967174,[STARTED],false,true,0,0,52547328,
1428420939433,com.whatsapp.messaging.MessageService,com.whatsapp,10159,5636,68313,[STARTED],false,true,1,1,52456585,
1428420939433,ccc71.at.services.at_service,ccc71.bmw.pro:services,10110,6233,69150,[STARTED],false,true,0,0,52514608,
1428420939433,com.android.inputmethod.latin.spellcheck.AndroidSpellCheckerService,com.google.android.inputmethod.latin,10054,1125,118275452,[],false,true,1,1,53741838,
1428420939433,com.google.android.location.geocode.GeocodeService,com.google.process.location,10007,17755,118335271,[],false,true,1,1,53801657,
1428420999502,com.android.bluetooth.hid.HidService,com.android.bluetooth,1002,0,41148,[],false,true,1,1,41157,
1428420999502,com.android.exchange.service.EasService,com.google.android.gm.exchange,10157,2752,54256,[STARTED],false,true,1,1,54573918,
1428420999502,com.google.android.music.dial.DialMediaRouteProviderService,com.google.android.music:main,10058,0,21711939,[],false,true,0,0,10495967,
1428420999502,ch.unige.css.services.PingService,ch.unige.ping,10074,1449,120136540,[STARTED],false,true,0,0,54596848,
1428420999502,com.android.systemui.keyguard.KeyguardService,com.android.systemui,10012,906,42358,[PERSISTENT],false,false,1,1,42367,
1428420999502,ch.unige.css.services.main.CssRegistryService,ch.unige.ping:background,10074,6441,116967174,[STARTED],false,true,0,0,52547328,
1428420999502,com.whatsapp.messaging.MessageService,com.whatsapp,10159,5636,68313,[STARTED],false,true,1,1,52456585,
1428420999502,ccc71.at.services.at_service,ccc71.bmw.pro:services,10110,6233,69150,[STARTED],false,true,0,0,52514608,
1428420999502,com.android.inputmethod.latin.spellcheck.AndroidSpellCheckerService,com.google.android.inputmethod.latin,10054,1125,118275452,[],false,true,1,1,53741838,
1428420999502,com.google.android.location.geocode.GeocodeService,com.google.process.location,10007,17755,120095276,[],false,true,1,1,54555584,
1428421060028,com.android.bluetooth.hid.HidService,com.android.bluetooth,1002,0,41148,[],false,true,1,1,41157,
1428421060028,com.android.exchange.service.EasService,com.google.android.gm.exchange,10157,2752,54256,[STARTED],false,true,1,1,54573918,
1428421060028,com.google.android.music.dial.DialMediaRouteProviderService,com.google.android.music:main,10058,0,21711939,[],false,true,0,0,10495967,
1428421060028,ch.unige.css.services.PingService,ch.unige.ping,10074,1449,120197069,[STARTED],false,true,0,0,54657377,
1428421060028,com.android.systemui.keyguard.KeyguardService,com.android.systemui,10012,906,42358,[PERSISTENT],false,false,1,1,42367,
1428421060028,ch.unige.css.services.main.CssRegistryService,ch.unige.ping:background,10074,6441,116967174,[STARTED],false,true,0,0,52547328,
1428421060028,com.whatsapp.messaging.MessageService,com.whatsapp,10159,5636,68313,[STARTED],false,true,1,1,52456585,
1428421060028,ccc71.at.services.at_service,ccc71.bmw.pro:services,10110,6233,69150,[STARTED],false,true,0,0,52514608,
1428421060028,com.android.inputmethod.latin.spellcheck.AndroidSpellCheckerService,com.google.android.inputmethod.latin,10054,1125,118275452,[],false,true,1,1,53741838,
1428421060028,com.google.android.location.geocode.GeocodeService,com.google.process.location,10007,17755,120095276,[],false,true,1,1,54555584,
1428421128577,com.android.bluetooth.hid.HidService,com.android.bluetooth,1002,0,41148,[],false,true,1,1,41157,
1428421128577,com.android.exchange.service.EasService,com.google.android.gm.exchange,10157,2752,54256,[STARTED],false,true,1,1,54573918,
1428421128577,com.google.android.music.dial.DialMediaRouteProviderService,com.google.android.music:main,10058,0,21711939,[],false,true,0,0,10495967,
1428421128577,ch.unige.css.services.PingService,ch.unige.ping,10074,1449,120265621,[STARTED],false,true,0,0,54725933,
1428421128577,com.android.systemui.keyguard.KeyguardService,com.android.systemui,10012,906,42358,[PERSISTENT],false,false,1,1,42367,
1428421128577,ch.unige.css.services.main.CssRegistryService,ch.unige.ping:background,10074,6441,116967174,[STARTED],false,true,0,0,52547328,
1428421128577,com.whatsapp.messaging.MessageService,com.whatsapp,10159,5636,68313,[STARTED],false,true,1,1,52456585,
1428421128577,ccc71.at.services.at_service,ccc71.bmw.pro:services,10110,6233,69150,[STARTED],false,true,0,0,52514608,
1428421128577,com.android.inputmethod.latin.spellcheck.AndroidSpellCheckerService,com.google.android.inputmethod.latin,10054,1125,118275452,[],false,true,1,1,53741838,
1428421128577,com.google.android.location.geocode.GeocodeService,com.google.process.location,10007,17755,120095276,[],false,true,1,1,54555584,
1428421188854,com.android.bluetooth.hid.HidService,com.android.bluetooth,1002,0,41148,[],false,true,1,1,41157,
1428421188854,com.android.exchange.service.EasService,com.google.android.gm.exchange,10157,2752,54256,[STARTED],false,true,1,1,54573918,
1428421188854,com.google.android.music.dial.DialMediaRouteProviderService,com.google.android.music:main,10058,0,21711939,[],false,true,0,0,10495967,
1428421188854,ch.unige.css.services.PingService,ch.unige.ping,10074,1449,120325835,[STARTED],false,true,0,0,54786143,
1428421188854,com.android.systemui.keyguard.KeyguardService,com.android.systemui,10012,906,42358,[PERSISTENT],false,false,1,1,42367,
1428421188854,ch.unige.css.services.main.CssRegistryService,ch.unige.ping:background,10074,6441,116967174,[STARTED],false,true,0,0,52547328,
1428421188854,com.whatsapp.messaging.MessageService,com.whatsapp,10159,5636,68313,[STARTED],false,true,1,1,52456585,
1428421188854,ccc71.at.services.at_service,ccc71.bmw.pro:services,10110,6233,69150,[STARTED],false,true,0,0,52514608,
1428421188854,com.android.inputmethod.latin.spellcheck.AndroidSpellCheckerService,com.google.android.inputmethod.latin,10054,1125,118275452,[],false,true,1,1,53741838,
1428421188854,com.google.android.location.geocode.GeocodeService,com.google.process.location,10007,17755,120095276,[],false,true,1,1,54555584,
1428421249038,com.android.bluetooth.hid.HidService,com.android.bluetooth,1002,0,41148,[],false,true,1,1,41157,
1428421249038,com.android.exchange.service.EasService,com.google.android.gm.exchange,10157,2752,54256,[STARTED],false,true,1,1,54820982,
1428421249038,com.google.android.music.dial.DialMediaRouteProviderService,com.google.android.music:main,10058,0,21711939,[],false,true,0,0,10495967,
1428421249038,ch.unige.css.services.PingService,ch.unige.ping,10074,1449,120385978,[STARTED],false,true,0,0,54846287,
1428421249038,com.android.systemui.keyguard.KeyguardService,com.android.systemui,10012,906,42358,[PERSISTENT],false,false,1,1,42367,
1428421249038,ch.unige.css.services.main.CssRegistryService,ch.unige.ping:background,10074,6441,116967174,[STARTED],false,true,0,0,52547328,
1428421249038,com.whatsapp.messaging.MessageService,com.whatsapp,10159,5636,68313,[STARTED],false,true,1,1,52456585,
1428421249038,ccc71.at.services.at_service,ccc71.bmw.pro:services,10110,6233,69150,[STARTED],false,true,0,0,52514608,
1428421249038,com.android.inputmethod.latin.spellcheck.AndroidSpellCheckerService,com.google.android.inputmethod.latin,10054,1125,118275452,[],false,true,1,1,53741838,
1428421249038,com.google.android.location.geocode.GeocodeService,com.google.process.location,10007,17755,120095276,[],false,true,1,1,54555584,
1428421309257,com.android.bluetooth.hid.HidService,com.android.bluetooth,1002,0,41148,[],false,true,1,1,41157,
1428421309257,com.android.exchange.service.EasService,com.google.android.gm.exchange,10157,2752,54256,[STARTED],false,true,1,1,54820982,
1428421309257,com.google.android.music.dial.DialMediaRouteProviderService,com.google.android.music:main,10058,0,21711939,[],false,true,0,0,10495967,
1428421309257,ch.unige.css.services.PingService,ch.unige.ping,10074,1449,120446301,[STARTED],false,true,0,0,54906609,
1428421309257,com.android.systemui.keyguard.KeyguardService,com.android.systemui,10012,906,42358,[PERSISTENT],false,false,1,1,42367,
1428421309257,ch.unige.css.services.main.CssRegistryService,ch.unige.ping:background,10074,6441,116967174,[STARTED],false,true,0,0,52547328,
1428421309257,com.whatsapp.messaging.MessageService,com.whatsapp,10159,5636,68313,[STARTED],false,true,1,1,52456585,
1428421309257,ccc71.at.services.at_service,ccc71.bmw.pro:services,10110,6233,69150,[STARTED],false,true,0,0,52514608,
1428421309257,com.android.inputmethod.latin.spellcheck.AndroidSpellCheckerService,com.google.android.inputmethod.latin,10054,1125,118275452,[],false,true,1,1,53741838,
1428421309257,com.google.android.location.geocode.GeocodeService,com.google.process.location,10007,17755,120095276,[],false,true,1,1,54555584,
1428421369508,com.android.bluetooth.hid.HidService,com.android.bluetooth,1002,0,41148,[],false,true,1,1,41157,
1428421369508,com.android.exchange.service.EasService,com.google.android.gm.exchange,10157,2752,54256,[STARTED],false,true,1,1,54820982,
1428421369508,com.google.android.music.dial.DialMediaRouteProviderService,com.google.android.music:main,10058,0,21711939,[],false,true,0,0,10495967,
1428421369508,ch.unige.css.services.PingService,ch.unige.ping,10074,1449,120506556,[STARTED],false,true,0,0,54966864,
1428421369508,com.android.systemui.keyguard.KeyguardService,com.android.systemui,10012,906,42358,[PERSISTENT],false,false,1,1,42367,
1428421369508,ch.unige.css.services.main.CssRegistryService,ch.unige.ping:background,10074,6441,116967174,[STARTED],false,true,0,0,52547328,
1428421369508,com.whatsapp.messaging.MessageService,com.whatsapp,10159,5636,68313,[STARTED],false,true,1,1,52456585,
1428421369508,ccc71.at.services.at_service,ccc71.bmw.pro:services,10110,6233,69150,[STARTED],false,true,0,0,52514608,
1428421369508,com.android.inputmethod.latin.spellcheck.AndroidSpellCheckerService,com.google.android.inputmethod.latin,10054,1125,118275452,[],false,true,1,1,53741838,
1428421369508,com.google.android.location.geocode.GeocodeService,com.google.process.location,10007,17755,120095276,[],false,true,1,1,54555584,
1428421448972,com.android.bluetooth.hid.HidService,com.android.bluetooth,1002,0,41148,[],false,true,1,1,41157,
1428421448972,com.android.exchange.service.EasService,com.google.android.gm.exchange,10157,2752,54256,[STARTED],false,true,1,1,54820982,
1428421448972,com.google.android.music.dial.DialMediaRouteProviderService,com.google.android.music:main,10058,0,21711939,[],false,true,0,0,10495967,
1428421448972,ch.unige.css.services.PingService,ch.unige.ping,10074,1449,120586014,[STARTED],false,true,0,0,55046322,
1428421448972,com.android.systemui.keyguard.KeyguardService,com.android.systemui,10012,906,42358,[PERSISTENT],false,false,1,1,42367,
1428421448972,ch.unige.css.services.main.CssRegistryService,ch.unige.ping:background,10074,6441,116967174,[STARTED],false,true,0,0,52547328,
1428421448972,com.whatsapp.messaging.MessageService,com.whatsapp,10159,5636,68313,[STARTED],false,true,1,1,52456585,
1428421448972,ccc71.at.services.at_service,ccc71.bmw.pro:services,10110,6233,69150,[STARTED],false,true,0,0,52514608,
1428421448972,com.android.inputmethod.latin.spellcheck.AndroidSpellCheckerService,com.google.android.inputmethod.latin,10054,1125,118275452,[],false,true,1,1,53741838,
1428421448972,com.google.android.location.geocode.GeocodeService,com.google.process.location,10007,17755,120095276,[],false,true,1,1,54555584,
1428421509051,com.android.bluetooth.hid.HidService,com.android.bluetooth,1002,0,41148,[],false,true,1,1,41157,
1428421509051,com.android.exchange.service.EasService,com.google.android.gm.exchange,10157,2752,54256,[STARTED],false,true,1,1,54820982,
1428421509051,com.google.android.music.dial.DialMediaRouteProviderService,com.google.android.music:main,10058,0,21711939,[],false,true,0,0,10495967,
1428421509051,ch.unige.css.services.PingService,ch.unige.ping,10074,1449,120646093,[STARTED],false,true,0,0,55106401,
1428421509051,com.android.systemui.keyguard.KeyguardService,com.android.systemui,10012,906,42358,[PERSISTENT],false,false,1,1,42367,
1428421509051,ch.unige.css.services.main.CssRegistryService,ch.unige.ping:background,10074,6441,116967174,[STARTED],false,true,0,0,52547328,
1428421509051,com.whatsapp.messaging.MessageService,com.whatsapp,10159,5636,68313,[STARTED],false,true,1,1,52456585,
1428421509051,ccc71.at.services.at_service,ccc71.bmw.pro:services,10110,6233,69150,[STARTED],false,true,0,0,52514608,
1428421509051,com.android.inputmethod.latin.spellcheck.AndroidSpellCheckerService,com.google.android.inputmethod.latin,10054,1125,118275452,[],false,true,1,1,53741838,
1428421509051,com.google.android.location.geocode.GeocodeService,com.google.process.location,10007,17755,120095276,[],false,true,1,1,54555584,
1428421592674,com.android.bluetooth.hid.HidService,com.android.bluetooth,1002,0,41148,[],false,true,1,1,41157,
1428421592674,com.android.exchange.service.EasService,com.google.android.gm.exchange,10157,2752,54256,[STARTED],false,true,1,1,54820982,
1428421592674,com.google.android.music.dial.DialMediaRouteProviderService,com.google.android.music:main,10058,0,21711939,[],false,true,0,0,10495967,
1428421592674,ch.unige.css.services.PingService,ch.unige.ping,10074,1449,120729714,[STARTED],false,true,0,0,55190022,
1428421592674,com.android.systemui.keyguard.KeyguardService,com.android.systemui,10012,906,42358,[PERSISTENT],false,false,1,1,42367,
1428421592674,ch.unige.css.services.main.CssRegistryService,ch.unige.ping:background,10074,6441,116967174,[STARTED],false,true,0,0,52547328,
1428421592674,com.whatsapp.messaging.MessageService,com.whatsapp,10159,5636,68313,[STARTED],false,true,1,1,52456585,
1428421592674,ccc71.at.services.at_service,ccc71.bmw.pro:services,10110,6233,69150,[STARTED],false,true,0,0,52514608,
1428421592674,com.android.inputmethod.latin.spellcheck.AndroidSpellCheckerService,com.google.android.inputmethod.latin,10054,1125,118275452,[],false,true,1,1,53741838,
1428421592674,com.google.android.location.geocode.GeocodeService,com.google.process.location,10007,17755,120095276,[],false,true,1,1,54555584,
1428421652707,com.android.bluetooth.hid.HidService,com.android.bluetooth,1002,0,41148,[],false,true,1,1,41157,
1428421652707,com.google.android.gms.people.service.PeopleRequestProcessor,com.google.android.gms,10007,17855,120789334,[STARTED],false,true,0,0,55249642,
1428421652707,com.android.exchange.service.EasService,com.google.android.gm.exchange,10157,2752,54256,[STARTED],false,true,1,1,54820982,
1428421652707,com.google.android.music.dial.DialMediaRouteProviderService,com.google.android.music:main,10058,0,21711939,[],false,true,0,0,10495967,
1428421652707,ch.unige.css.services.PingService,ch.unige.ping,10074,1449,120789742,[STARTED],false,true,0,0,55250050,
1428421652707,com.android.systemui.keyguard.KeyguardService,com.android.systemui,10012,906,42358,[PERSISTENT],false,false,1,1,42367,
1428421652707,ch.unige.css.services.main.CssRegistryService,ch.unige.ping:background,10074,6441,116967174,[STARTED],false,true,0,0,52547328,
1428421652707,com.whatsapp.messaging.MessageService,com.whatsapp,10159,5636,68313,[STARTED],false,true,1,1,52456585,
1428421652707,ccc71.at.services.at_service,ccc71.bmw.pro:services,10110,6233,69150,[STARTED],false,true,0,0,52514608,
1428421652707,com.android.inputmethod.latin.spellcheck.AndroidSpellCheckerService,com.google.android.inputmethod.latin,10054,1125,118275452,[],false,true,1,1,53741838,
1428421712766,com.android.bluetooth.hid.HidService,com.android.bluetooth,1002,0,41148,[],false,true,1,1,41157,
1428421712766,com.android.exchange.service.EasService,com.google.android.gm.exchange,10157,2752,54256,[STARTED],false,true,1,1,54820982,
1428421712766,com.google.android.music.dial.DialMediaRouteProviderService,com.google.android.music:main,10058,0,21711939,[],false,true,0,0,10495967,
1428421712766,ch.unige.css.services.PingService,ch.unige.ping,10074,1449,120849802,[STARTED],false,true,0,0,55310111,
1428421712766,com.android.systemui.keyguard.KeyguardService,com.android.systemui,10012,906,42358,[PERSISTENT],false,false,1,1,42367,
1428421712766,ch.unige.css.services.main.CssRegistryService,ch.unige.ping:background,10074,6441,116967174,[STARTED],false,true,0,0,52547328,
1428421712766,com.whatsapp.messaging.MessageService,com.whatsapp,10159,5636,68313,[STARTED],false,true,1,1,52456585,
1428421712766,ccc71.at.services.at_service,ccc71.bmw.pro:services,10110,6233,69150,[STARTED],false,true,0,0,52514608,
1428421712766,com.android.inputmethod.latin.spellcheck.AndroidSpellCheckerService,com.google.android.inputmethod.latin,10054,1125,118275452,[],false,true,1,1,53741838,
1428421712766,com.google.android.location.geocode.GeocodeService,com.google.process.location,10007,17755,120095276,[],false,true,1,1,54555584,
1428421774326,com.android.bluetooth.hid.HidService,com.android.bluetooth,1002,0,41148,[],false,true,1,1,41157,
1428421774326,com.android.exchange.service.EasService,com.google.android.gm.exchange,10157,2752,54256,[STARTED],false,true,1,1,54820982,
1428421774326,com.google.android.music.dial.DialMediaRouteProviderService,com.google.android.music:main,10058,0,21711939,[],false,true,0,0,10495967,
1428421774326,ch.unige.css.services.PingService,ch.unige.ping,10074,1449,120911277,[STARTED],false,true,0,0,55371585,
1428421774326,com.android.systemui.keyguard.KeyguardService,com.android.systemui,10012,906,42358,[PERSISTENT],false,false,1,1,42367,
1428421774326,ch.unige.css.services.main.CssRegistryService,ch.unige.ping:background,10074,6441,116967174,[STARTED],false,true,0,0,52547328,
1428421774326,com.whatsapp.messaging.MessageService,com.whatsapp,10159,5636,68313,[STARTED],false,true,1,1,52456585,
1428421774326,ccc71.at.services.at_service,ccc71.bmw.pro:services,10110,6233,69150,[STARTED],false,true,0,0,52514608,
1428421774326,com.android.inputmethod.latin.spellcheck.AndroidSpellCheckerService,com.google.android.inputmethod.latin,10054,1125,118275452,[],false,true,1,1,53741838,
1428421774326,com.google.android.location.geocode.GeocodeService,com.google.process.location,10007,17755,120095276,[],false,true,1,1,54555584,
1428421839686,com.android.bluetooth.hid.HidService,com.android.bluetooth,1002,0,41148,[],false,true,1,1,41157,
1428421839686,com.android.exchange.service.EasService,com.google.android.gm.exchange,10157,2752,54256,[STARTED],false,true,1,1,54820982,
1428421839686,com.google.android.music.dial.DialMediaRouteProviderService,com.google.android.music:main,10058,0,21711939,[],false,true,0,0,10495967,
1428421839686,ch.unige.css.services.PingService,ch.unige.ping,10074,1449,120976728,[STARTED],false,true,0,0,55437036,
1428421839686,com.android.systemui.keyguard.KeyguardService,com.android.systemui,10012,906,42358,[PERSISTENT],false,false,1,1,42367,
1428421839686,ch.unige.css.services.main.CssRegistryService,ch.unige.ping:background,10074,6441,116967174,[STARTED],false,true,0,0,52547328,
1428421839686,com.whatsapp.messaging.MessageService,com.whatsapp,10159,5636,68313,[STARTED],false,true,1,1,52456585,
1428421839686,ccc71.at.services.at_service,ccc71.bmw.pro:services,10110,6233,69150,[STARTED],false,true,0,0,52514608,
1428421839686,com.android.inputmethod.latin.spellcheck.AndroidSpellCheckerService,com.google.android.inputmethod.latin,10054,1125,118275452,[],false,true,1,1,53741838,
1428421839686,com.google.android.location.geocode.GeocodeService,com.google.process.location,10007,17755,120095276,[],false,true,1,1,54555584,
1428421899772,com.android.bluetooth.hid.HidService,com.android.bluetooth,1002,0,41148,[],false,true,1,1,41157,
1428421899772,com.android.exchange.service.EasService,com.google.android.gm.exchange,10157,2752,54256,[STARTED],false,true,1,1,54820982,
1428421899772,com.google.android.music.dial.DialMediaRouteProviderService,com.google.android.music:main,10058,0,21711939,[],false,true,0,0,10495967,
1428421899772,ch.unige.css.services.PingService,ch.unige.ping,10074,1449,121036807,[STARTED],false,true,0,0,55497115,
1428421899772,com.android.systemui.keyguard.KeyguardService,com.android.systemui,10012,906,42358,[PERSISTENT],false,false,1,1,42367,
1428421899772,ch.unige.css.services.main.CssRegistryService,ch.unige.ping:background,10074,6441,116967174,[STARTED],false,true,0,0,52547328,
1428421899772,com.whatsapp.messaging.MessageService,com.whatsapp,10159,5636,68313,[STARTED],false,true,1,1,52456585,
1428421899772,ccc71.at.services.at_service,ccc71.bmw.pro:services,10110,6233,69150,[STARTED],false,true,0,0,52514608,
1428421899772,com.android.inputmethod.latin.spellcheck.AndroidSpellCheckerService,com.google.android.inputmethod.latin,10054,1125,118275452,[],false,true,1,1,53741838,
1428421899772,com.google.android.location.geocode.GeocodeService,com.google.process.location,10007,17755,120095276,[],false,true,1,1,54555584,
1428421959829,com.android.bluetooth.hid.HidService,com.android.bluetooth,1002,0,41148,[],false,true,1,1,41157,
1428421959829,com.android.exchange.service.EasService,com.google.android.gm.exchange,10157,2752,54256,[STARTED],false,true,1,1,54820982,
1428421959829,com.google.android.music.dial.DialMediaRouteProviderService,com.google.android.music:main,10058,0,21711939,[],false,true,0,0,10495967,
1428421959829,ch.unige.css.services.PingService,ch.unige.ping,10074,1449,121096871,[STARTED],false,true,0,0,55557179,
1428421959829,com.android.systemui.keyguard.KeyguardService,com.android.systemui,10012,906,42358,[PERSISTENT],false,false,1,1,42367,
1428421959829,ch.unige.css.services.main.CssRegistryService,ch.unige.ping:background,10074,6441,116967174,[STARTED],false,true,0,0,52547328,
1428421959829,com.whatsapp.messaging.MessageService,com.whatsapp,10159,5636,68313,[STARTED],false,true,1,1,52456585,
1428421959829,ccc71.at.services.at_service,ccc71.bmw.pro:services,10110,6233,69150,[STARTED],false,true,0,0,52514608,
1428421959829,com.android.inputmethod.latin.spellcheck.AndroidSpellCheckerService,com.google.android.inputmethod.latin,10054,1125,118275452,[],false,true,1,1,53741838,
1428421959829,com.google.android.location.geocode.GeocodeService,com.google.process.location,10007,17755,120095276,[],false,true,1,1,54555584,
1428422023725,com.android.bluetooth.hid.HidService,com.android.bluetooth,1002,0,41148,[],false,true,1,1,41157,
1428422023725,com.android.exchange.service.EasService,com.google.android.gm.exchange,10157,2752,54256,[STARTED],false,true,1,1,54820982,
1428422023725,com.google.android.music.dial.DialMediaRouteProviderService,com.google.android.music:main,10058,0,21711939,[],false,true,0,0,10495967,
1428422023725,ch.unige.css.services.PingService,ch.unige.ping,10074,1449,121160766,[STARTED],false,true,0,0,55621074,
1428422023725,com.android.systemui.keyguard.KeyguardService,com.android.systemui,10012,906,42358,[PERSISTENT],false,false,1,1,42367,
1428422023725,ch.unige.css.services.main.CssRegistryService,ch.unige.ping:background,10074,6441,116967174,[STARTED],false,true,0,0,52547328,
1428422023725,com.whatsapp.messaging.MessageService,com.whatsapp,10159,5636,68313,[STARTED],false,true,1,1,52456585,
1428422023725,ccc71.at.services.at_service,ccc71.bmw.pro:services,10110,6233,69150,[STARTED],false,true,0,0,52514608,
1428422023725,com.android.inputmethod.latin.spellcheck.AndroidSpellCheckerService,com.google.android.inputmethod.latin,10054,1125,118275452,[],false,true,1,1,53741838,
1428422023725,com.google.android.location.geocode.GeocodeService,com.google.process.location,10007,17755,120095276,[],false,true,1,1,54555584,
1428422083879,com.android.bluetooth.hid.HidService,com.android.bluetooth,1002,0,41148,[],false,true,1,1,41157,
1428422083879,com.android.exchange.service.EasService,com.google.android.gm.exchange,10157,2752,54256,[STARTED],false,true,1,1,54820982,
1428422083879,com.google.android.music.dial.DialMediaRouteProviderService,com.google.android.music:main,10058,0,21711939,[],false,true,0,0,10495967,
1428422083879,ch.unige.css.services.PingService,ch.unige.ping,10074,1449,121220927,[STARTED],false,true,0,0,55681235,
1428422083879,com.android.systemui.keyguard.KeyguardService,com.android.systemui,10012,906,42358,[PERSISTENT],false,false,1,1,42367,
1428422083879,ch.unige.css.services.main.CssRegistryService,ch.unige.ping:background,10074,6441,116967174,[STARTED],false,true,0,0,52547328,
1428422083879,com.whatsapp.messaging.MessageService,com.whatsapp,10159,5636,68313,[STARTED],false,true,1,1,52456585,
1428422083879,ccc71.at.services.at_service,ccc71.bmw.pro:services,10110,6233,69150,[STARTED],false,true,0,0,52514608,
1428422083879,com.android.inputmethod.latin.spellcheck.AndroidSpellCheckerService,com.google.android.inputmethod.latin,10054,1125,118275452,[],false,true,1,1,53741838,
1428422083879,com.google.android.location.geocode.GeocodeService,com.google.process.location,10007,17755,120095276,[],false,true,1,1,54555584,
1428422144056,com.android.bluetooth.hid.HidService,com.android.bluetooth,1002,0,41148,[],false,true,1,1,41157,
1428422144056,com.android.exchange.service.EasService,com.google.android.gm.exchange,10157,2752,54256,[STARTED],false,true,1,1,54820982,
1428422144056,com.google.android.music.dial.DialMediaRouteProviderService,com.google.android.music:main,10058,0,21711939,[],false,true,0,0,10495967,
1428422144056,ch.unige.css.services.PingService,ch.unige.ping,10074,1449,121281098,[STARTED],false,true,0,0,55741406,
1428422144056,com.android.systemui.keyguard.KeyguardService,com.android.systemui,10012,906,42358,[PERSISTENT],false,false,1,1,42367,
1428422144056,ch.unige.css.services.main.CssRegistryService,ch.unige.ping:background,10074,6441,116967174,[STARTED],false,true,0,0,52547328,
1428422144056,com.whatsapp.messaging.MessageService,com.whatsapp,10159,5636,68313,[STARTED],false,true,1,1,52456585,
1428422144056,ccc71.at.services.at_service,ccc71.bmw.pro:services,10110,6233,69150,[STARTED],false,true,0,0,52514608,
1428422144056,com.android.inputmethod.latin.spellcheck.AndroidSpellCheckerService,com.google.android.inputmethod.latin,10054,1125,118275452,[],false,true,1,1,53741838,
1428422144056,com.google.android.location.geocode.GeocodeService,com.google.process.location,10007,17755,120095276,[],false,true,1,1,54555584,
1428422163619,com.android.bluetooth.hid.HidService,com.android.bluetooth,1002,0,41148,[],false,true,1,1,41157,
1428422163619,com.android.exchange.service.EasService,com.google.android.gm.exchange,10157,2752,54256,[STARTED],false,true,1,1,54820982,
1428422163619,com.google.android.music.dial.DialMediaRouteProviderService,com.google.android.music:main,10058,0,21711939,[],false,true,0,0,10495967,
1428422163619,ch.unige.css.services.PingService,ch.unige.ping,10074,1449,121281098,[STARTED],false,true,0,0,55760979,
1428422163619,com.android.systemui.keyguard.KeyguardService,com.android.systemui,10012,906,42358,[PERSISTENT],false,false,1,1,42367,
1428422163619,ch.unige.css.services.main.CssRegistryService,ch.unige.ping:background,10074,6441,116967174,[STARTED],false,true,0,0,52547328,
1428422163619,com.whatsapp.messaging.MessageService,com.whatsapp,10159,5636,68313,[STARTED],false,true,1,1,52456585,
1428422163619,ccc71.at.services.at_service,ccc71.bmw.pro:services,10110,6233,69150,[STARTED],false,true,0,0,52514608,
1428422163619,com.android.inputmethod.latin.spellcheck.AndroidSpellCheckerService,com.google.android.inputmethod.latin,10054,1125,118275452,[],false,true,1,1,53741838,
1428422163619,com.google.android.location.geocode.GeocodeService,com.google.process.location,10007,17755,120095276,[],false,true,1,1,54555584,
1428422224439,com.android.bluetooth.hid.HidService,com.android.bluetooth,1002,0,41148,[],false,true,1,1,41157,
1428422224439,com.android.exchange.service.EasService,com.google.android.gm.exchange,10157,2752,54256,[STARTED],false,true,1,1,54820982,
1428422224439,com.google.android.music.dial.DialMediaRouteProviderService,com.google.android.music:main,10058,0,21711939,[],false,true,0,0,10495967,
1428422224439,ch.unige.css.services.PingService,ch.unige.ping,10074,1449,121361486,[STARTED],false,true,0,0,55769004,
1428422224439,com.android.systemui.keyguard.KeyguardService,com.android.systemui,10012,906,42358,[PERSISTENT],false,false,1,1,42367,
1428422224439,ch.unige.css.services.main.CssRegistryService,ch.unige.ping:background,10074,6441,116967174,[STARTED],false,true,0,0,52547328,
1428422224439,com.whatsapp.messaging.MessageService,com.whatsapp,10159,5636,68313,[STARTED],false,true,1,1,52456585,
1428422224439,ccc71.at.services.at_service,ccc71.bmw.pro:services,10110,6233,69150,[STARTED],false,true,0,0,52514608,
1428422224439,com.android.inputmethod.latin.spellcheck.AndroidSpellCheckerService,com.google.android.inputmethod.latin,10054,1125,118275452,[],false,true,1,1,53741838,
1428422224439,com.google.android.location.geocode.GeocodeService,com.google.process.location,10007,17755,120095276,[],false,true,1,1,54555584,
1428422284447,com.android.bluetooth.hid.HidService,com.android.bluetooth,1002,0,41148,[],false,true,1,1,41157,
1428422284447,com.android.exchange.service.EasService,com.google.android.gm.exchange,10157,2752,54256,[STARTED],false,true,1,1,54820982,
1428422284447,com.google.android.music.dial.DialMediaRouteProviderService,com.google.android.music:main,10058,0,21711939,[],false,true,0,0,10495967,
1428422284447,ch.unige.css.services.PingService,ch.unige.ping,10074,1449,121421852,[STARTED],false,true,0,0,55806471,
1428422284447,com.android.systemui.keyguard.KeyguardService,com.android.systemui,10012,906,42358,[PERSISTENT],false,false,1,1,42367,
1428422284447,ch.unige.css.services.main.CssRegistryService,ch.unige.ping:background,10074,6441,116967174,[STARTED],false,true,0,0,52547328,
1428422284447,com.whatsapp.messaging.MessageService,com.whatsapp,10159,5636,68313,[STARTED],false,true,1,1,52456585,
1428422284447,ccc71.at.services.at_service,ccc71.bmw.pro:services,10110,6233,69150,[STARTED],false,true,0,0,52514608,
1428422284447,com.android.inputmethod.latin.spellcheck.AndroidSpellCheckerService,com.google.android.inputmethod.latin,10054,1125,118275452,[],false,true,1,1,53741838,
1428422284447,com.google.android.location.geocode.GeocodeService,com.google.process.location,10007,17755,121405205,[],false,true,1,1,55796064,
1428422344459,com.android.bluetooth.hid.HidService,com.android.bluetooth,1002,0,41148,[],false,true,1,1,41157,
1428422344459,com.android.exchange.service.EasService,com.google.android.gm.exchange,10157,2752,54256,[STARTED],false,true,1,1,55826492,
1428422344459,com.google.android.music.dial.DialMediaRouteProviderService,com.google.android.music:main,10058,0,21711939,[],false,true,0,0,10495967,
1428422344459,ch.unige.css.services.PingService,ch.unige.ping,10074,1449,121481866,[STARTED],false,true,0,0,55836671,
1428422344459,com.android.systemui.keyguard.KeyguardService,com.android.systemui,10012,906,42358,[PERSISTENT],false,false,1,1,42367,
1428422344459,ch.unige.css.services.main.CssRegistryService,ch.unige.ping:background,10074,6441,116967174,[STARTED],false,true,0,0,52547328,
1428422344459,com.whatsapp.messaging.MessageService,com.whatsapp,10159,5636,68313,[STARTED],false,true,1,1,52456585,
1428422344459,ccc71.at.services.at_service,ccc71.bmw.pro:services,10110,6233,69150,[STARTED],false,true,0,0,52514608,
1428422344459,com.android.inputmethod.latin.spellcheck.AndroidSpellCheckerService,com.google.android.inputmethod.latin,10054,1125,118275452,[],false,true,1,1,53741838,
1428422344459,com.google.android.location.geocode.GeocodeService,com.google.process.location,10007,17755,121405205,[],false,true,1,1,55796064,
1428422405435,com.android.bluetooth.hid.HidService,com.android.bluetooth,1002,0,41148,[],false,true,1,1,41157,
1428422405435,com.android.exchange.service.EasService,com.google.android.gm.exchange,10157,2752,54256,[STARTED],false,true,1,1,55826492,
1428422405435,com.google.android.music.dial.DialMediaRouteProviderService,com.google.android.music:main,10058,0,21711939,[],false,true,0,0,10495967,
1428422405435,ch.unige.css.services.PingService,ch.unige.ping,10074,1449,121542314,[STARTED],false,true,0,0,55866010,
1428422405435,com.android.systemui.keyguard.KeyguardService,com.android.systemui,10012,906,42358,[PERSISTENT],false,false,1,1,42367,
1428422405435,ch.unige.css.services.main.CssRegistryService,ch.unige.ping:background,10074,6441,116967174,[STARTED],false,true,0,0,52547328,
1428422405435,com.whatsapp.messaging.MessageService,com.whatsapp,10159,5636,68313,[STARTED],false,true,1,1,52456585,
1428422405435,ccc71.at.services.at_service,ccc71.bmw.pro:services,10110,6233,69150,[STARTED],false,true,0,0,52514608,
1428422405435,com.android.inputmethod.latin.spellcheck.AndroidSpellCheckerService,com.google.android.inputmethod.latin,10054,1125,118275452,[],false,true,1,1,53741838,
1428422405435,com.google.android.location.geocode.GeocodeService,com.google.process.location,10007,17755,121405205,[],false,true,1,1,55796064,
1428422480457,com.android.bluetooth.hid.HidService,com.android.bluetooth,1002,0,41148,[],false,true,1,1,41157,
1428422480457,com.android.exchange.service.EasService,com.google.android.gm.exchange,10157,2752,54256,[STARTED],false,true,1,1,55826492,
1428422480457,com.google.android.music.dial.DialMediaRouteProviderService,com.google.android.music:main,10058,0,21711939,[],false,true,0,0,10495967,
1428422480457,ch.unige.css.services.PingService,ch.unige.ping,10074,1449,121617330,[STARTED],false,true,0,0,55889195,
1428422480457,com.android.systemui.keyguard.KeyguardService,com.android.systemui,10012,906,42358,[PERSISTENT],false,false,1,1,42367,
1428422480457,ch.unige.css.services.main.CssRegistryService,ch.unige.ping:background,10074,6441,116967174,[STARTED],false,true,0,0,52547328,
1428422480457,com.whatsapp.messaging.MessageService,com.whatsapp,10159,5636,68313,[STARTED],false,true,1,1,52456585,
1428422480457,ccc71.at.services.at_service,ccc71.bmw.pro:services,10110,6233,69150,[STARTED],false,true,0,0,52514608,
1428422480457,com.android.inputmethod.latin.spellcheck.AndroidSpellCheckerService,com.google.android.inputmethod.latin,10054,1125,118275452,[],false,true,1,1,53741838,
1428422480457,com.google.android.location.geocode.GeocodeService,com.google.process.location,10007,17755,121405205,[],false,true,1,1,55796064,
1428422541573,com.android.bluetooth.hid.HidService,com.android.bluetooth,1002,0,41148,[],false,true,1,1,41157,
1428422541573,com.android.exchange.service.EasService,com.google.android.gm.exchange,10157,2752,54256,[STARTED],false,true,1,1,55826492,
1428422541573,com.google.android.music.dial.DialMediaRouteProviderService,com.google.android.music:main,10058,0,21711939,[],false,true,0,0,10495967,
1428422541573,ch.unige.css.services.PingService,ch.unige.ping,10074,1449,121678455,[STARTED],false,true,0,0,55914605,
1428422541573,com.android.systemui.keyguard.KeyguardService,com.android.systemui,10012,906,42358,[PERSISTENT],false,false,1,1,42367,
1428422541573,ch.unige.css.services.main.CssRegistryService,ch.unige.ping:background,10074,6441,116967174,[STARTED],false,true,0,0,52547328,
1428422541573,com.whatsapp.messaging.MessageService,com.whatsapp,10159,5636,68313,[STARTED],false,true,1,1,52456585,
1428422541573,ccc71.at.services.at_service,ccc71.bmw.pro:services,10110,6233,69150,[STARTED],false,true,0,0,52514608,
1428422541573,com.android.inputmethod.latin.spellcheck.AndroidSpellCheckerService,com.google.android.inputmethod.latin,10054,1125,118275452,[],false,true,1,1,53741838,
1428422541573,com.google.android.location.geocode.GeocodeService,com.google.process.location,10007,17755,121405205,[],false,true,1,1,55796064,
1428422601841,com.android.bluetooth.hid.HidService,com.android.bluetooth,1002,0,41148,[],false,true,1,1,41157,
1428422601841,com.android.exchange.service.EasService,com.google.android.gm.exchange,10157,2752,54256,[STARTED],false,true,1,1,55826492,
1428422601841,com.google.android.music.dial.DialMediaRouteProviderService,com.google.android.music:main,10058,0,21711939,[],false,true,0,0,10495967,
1428422601841,ch.unige.css.services.PingService,ch.unige.ping,10074,1449,121738672,[STARTED],false,true,0,0,55935315,
1428422601841,com.android.systemui.keyguard.KeyguardService,com.android.systemui,10012,906,42358,[PERSISTENT],false,false,1,1,42367,
1428422601841,ch.unige.css.services.main.CssRegistryService,ch.unige.ping:background,10074,6441,116967174,[STARTED],false,true,0,0,52547328,
1428422601841,com.whatsapp.messaging.MessageService,com.whatsapp,10159,5636,68313,[STARTED],false,true,1,1,52456585,
1428422601841,ccc71.at.services.at_service,ccc71.bmw.pro:services,10110,6233,69150,[STARTED],false,true,0,0,52514608,
1428422601841,com.android.inputmethod.latin.spellcheck.AndroidSpellCheckerService,com.google.android.inputmethod.latin,10054,1125,118275452,[],false,true,1,1,53741838,
1428422601841,com.google.android.location.geocode.GeocodeService,com.google.process.location,10007,17755,121405205,[],false,true,1,1,55796064,
1428422662080,com.android.bluetooth.hid.HidService,com.android.bluetooth,1002,0,41148,[],false,true,1,1,41157,
1428422662080,com.android.exchange.service.EasService,com.google.android.gm.exchange,10157,2752,54256,[STARTED],false,true,1,1,55826492,
1428422662080,com.google.android.music.dial.DialMediaRouteProviderService,com.google.android.music:main,10058,0,21711939,[],false,true,0,0,10495967,
1428422662080,ch.unige.css.services.PingService,ch.unige.ping,10074,1449,121798936,[STARTED],false,true,0,0,55956320,
1428422662080,com.android.systemui.keyguard.KeyguardService,com.android.systemui,10012,906,42358,[PERSISTENT],false,false,1,1,42367,
1428422662080,ch.unige.css.services.main.CssRegistryService,ch.unige.ping:background,10074,6441,116967174,[STARTED],false,true,0,0,52547328,
1428422662080,com.whatsapp.messaging.MessageService,com.whatsapp,10159,5636,68313,[STARTED],false,true,1,1,52456585,
1428422662080,ccc71.at.services.at_service,ccc71.bmw.pro:services,10110,6233,69150,[STARTED],false,true,0,0,52514608,
1428422662080,com.android.inputmethod.latin.spellcheck.AndroidSpellCheckerService,com.google.android.inputmethod.latin,10054,1125,118275452,[],false,true,1,1,53741838,
1428422662080,com.google.android.location.geocode.GeocodeService,com.google.process.location,10007,17755,121405205,[],false,true,1,1,55796064,
1428422736444,com.android.bluetooth.hid.HidService,com.android.bluetooth,1002,0,41148,[],false,true,1,1,41157,
1428422736444,com.android.exchange.service.EasService,com.google.android.gm.exchange,10157,2752,54256,[STARTED],false,true,1,1,55826492,
1428422736444,com.google.android.music.dial.DialMediaRouteProviderService,com.google.android.music:main,10058,0,21711939,[],false,true,0,0,10495967,
1428422736444,ch.unige.css.services.PingService,ch.unige.ping,10074,1449,121873315,[STARTED],false,true,0,0,55977824,
1428422736444,com.android.systemui.keyguard.KeyguardService,com.android.systemui,10012,906,42358,[PERSISTENT],false,false,1,1,42367,
1428422736444,ch.unige.css.services.main.CssRegistryService,ch.unige.ping:background,10074,6441,116967174,[STARTED],false,true,0,0,52547328,
1428422736444,com.whatsapp.messaging.MessageService,com.whatsapp,10159,5636,68313,[STARTED],false,true,1,1,52456585,
1428422736444,ccc71.at.services.at_service,ccc71.bmw.pro:services,10110,6233,69150,[STARTED],false,true,0,0,52514608,
1428422736444,com.android.inputmethod.latin.spellcheck.AndroidSpellCheckerService,com.google.android.inputmethod.latin,10054,1125,118275452,[],false,true,1,1,53741838,
1428422736444,com.google.android.location.geocode.GeocodeService,com.google.process.location,10007,17755,121405205,[],false,true,1,1,55796064,
1428422796445,com.android.bluetooth.hid.HidService,com.android.bluetooth,1002,0,41148,[],false,true,1,1,41157,
1428422796445,com.android.exchange.service.EasService,com.google.android.gm.exchange,10157,2752,54256,[STARTED],false,true,1,1,55826492,
1428422796445,com.google.android.music.dial.DialMediaRouteProviderService,com.google.android.music:main,10058,0,21711939,[],false,true,0,0,10495967,
1428422796445,ch.unige.css.services.PingService,ch.unige.ping,10074,1449,121933324,[STARTED],false,true,0,0,55999112,
1428422796445,com.android.systemui.keyguard.KeyguardService,com.android.systemui,10012,906,42358,[PERSISTENT],false,false,1,1,42367,
1428422796445,ch.unige.css.services.main.CssRegistryService,ch.unige.ping:background,10074,6441,116967174,[STARTED],false,true,0,0,52547328,
1428422796445,com.whatsapp.messaging.MessageService,com.whatsapp,10159,5636,68313,[STARTED],false,true,1,1,52456585,
1428422796445,ccc71.at.services.at_service,ccc71.bmw.pro:services,10110,6233,69150,[STARTED],false,true,0,0,52514608,
1428422796445,com.android.inputmethod.latin.spellcheck.AndroidSpellCheckerService,com.google.android.inputmethod.latin,10054,1125,118275452,[],false,true,1,1,53741838,
1428422796445,com.google.android.location.geocode.GeocodeService,com.google.process.location,10007,17755,121405205,[],false,true,1,1,55796064,
1428422856461,com.android.bluetooth.hid.HidService,com.android.bluetooth,1002,0,41148,[],false,true,1,1,41157,
1428422856461,com.android.exchange.service.EasService,com.google.android.gm.exchange,10157,2752,54256,[STARTED],false,true,1,1,55826492,
1428422856461,com.google.android.music.dial.DialMediaRouteProviderService,com.google.android.music:main,10058,0,21711939,[],false,true,0,0,10495967,
1428422856461,ch.unige.css.services.PingService,ch.unige.ping,10074,1449,121993334,[STARTED],false,true,0,0,56022058,
1428422856461,com.android.systemui.keyguard.KeyguardService,com.android.systemui,10012,906,42358,[PERSISTENT],false,false,1,1,42367,
1428422856461,ch.unige.css.services.main.CssRegistryService,ch.unige.ping:background,10074,6441,116967174,[STARTED],false,true,0,0,52547328,
1428422856461,com.whatsapp.messaging.MessageService,com.whatsapp,10159,5636,68313,[STARTED],false,true,1,1,52456585,
1428422856461,ccc71.at.services.at_service,ccc71.bmw.pro:services,10110,6233,69150,[STARTED],false,true,0,0,52514608,
1428422856461,com.android.inputmethod.latin.spellcheck.AndroidSpellCheckerService,com.google.android.inputmethod.latin,10054,1125,118275452,[],false,true,1,1,53741838,
1428422856461,com.google.android.location.geocode.GeocodeService,com.google.process.location,10007,17755,121405205,[],false,true,1,1,55796064,
1428422916481,com.android.bluetooth.hid.HidService,com.android.bluetooth,1002,0,41148,[],false,true,1,1,41157,
1428422916481,com.android.exchange.service.EasService,com.google.android.gm.exchange,10157,2752,54256,[STARTED],false,true,1,1,55826492,
1428422916481,com.google.android.music.dial.DialMediaRouteProviderService,com.google.android.music:main,10058,0,21711939,[],false,true,0,0,10495967,
1428422916481,ch.unige.css.services.PingService,ch.unige.ping,10074,1449,122053345,[STARTED],false,true,0,0,56043007,
1428422916481,com.android.systemui.keyguard.KeyguardService,com.android.systemui,10012,906,42358,[PERSISTENT],false,false,1,1,42367,
1428422916481,ch.unige.css.services.main.CssRegistryService,ch.unige.ping:background,10074,6441,116967174,[STARTED],false,true,0,0,52547328,
1428422916481,com.whatsapp.messaging.MessageService,com.whatsapp,10159,5636,68313,[STARTED],false,true,1,1,52456585,
1428422916481,ccc71.at.services.at_service,ccc71.bmw.pro:services,10110,6233,69150,[STARTED],false,true,0,0,52514608,
1428422916481,com.android.inputmethod.latin.spellcheck.AndroidSpellCheckerService,com.google.android.inputmethod.latin,10054,1125,118275452,[],false,true,1,1,53741838,
1428422916481,com.google.android.location.geocode.GeocodeService,com.google.process.location,10007,17755,121405205,[],false,true,1,1,55796064,
1428422976480,com.android.bluetooth.hid.HidService,com.android.bluetooth,1002,0,41148,[],false,true,1,1,41157,
1428422976480,com.android.exchange.service.EasService,com.google.android.gm.exchange,10157,2752,54256,[STARTED],false,true,1,1,55826492,
1428422976480,com.google.android.music.dial.DialMediaRouteProviderService,com.google.android.music:main,10058,0,21711939,[],false,true,0,0,10495967,
1428422976480,ch.unige.css.services.PingService,ch.unige.ping,10074,1449,122113356,[STARTED],false,true,0,0,56063777,
1428422976480,com.android.systemui.keyguard.KeyguardService,com.android.systemui,10012,906,42358,[PERSISTENT],false,false,1,1,42367,
1428422976480,ch.unige.css.services.main.CssRegistryService,ch.unige.ping:background,10074,6441,116967174,[STARTED],false,true,0,0,52547328,
1428422976480,com.whatsapp.messaging.MessageService,com.whatsapp,10159,5636,68313,[STARTED],false,true,1,1,52456585,
1428422976480,ccc71.at.services.at_service,ccc71.bmw.pro:services,10110,6233,69150,[STARTED],false,true,0,0,52514608,
1428422976480,com.android.inputmethod.latin.spellcheck.AndroidSpellCheckerService,com.google.android.inputmethod.latin,10054,1125,118275452,[],false,true,1,1,53741838,
1428422976480,com.google.android.location.geocode.GeocodeService,com.google.process.location,10007,17755,121405205,[],false,true,1,1,55796064,
1428423036489,com.android.bluetooth.hid.HidService,com.android.bluetooth,1002,0,41148,[],false,true,1,1,41157,
1428423036489,com.android.exchange.service.EasService,com.google.android.gm.exchange,10157,2752,54256,[STARTED],false,true,1,1,55826492,
1428423036489,com.google.android.music.dial.DialMediaRouteProviderService,com.google.android.music:main,10058,0,21711939,[],false,true,0,0,10495967,
1428423036489,ch.unige.css.services.PingService,ch.unige.ping,10074,1449,122173365,[STARTED],false,true,0,0,56084634,
1428423036489,com.android.systemui.keyguard.KeyguardService,com.android.systemui,10012,906,42358,[PERSISTENT],false,false,1,1,42367,
1428423036489,ch.unige.css.services.main.CssRegistryService,ch.unige.ping:background,10074,6441,116967174,[STARTED],false,true,0,0,52547328,
1428423036489,com.whatsapp.messaging.MessageService,com.whatsapp,10159,5636,68313,[STARTED],false,true,1,1,52456585,
1428423036489,ccc71.at.services.at_service,ccc71.bmw.pro:services,10110,6233,69150,[STARTED],false,true,0,0,52514608,
1428423036489,com.android.inputmethod.latin.spellcheck.AndroidSpellCheckerService,com.google.android.inputmethod.latin,10054,1125,118275452,[],false,true,1,1,53741838,
1428423036489,com.google.android.location.geocode.GeocodeService,com.google.process.location,10007,17755,121405205,[],false,true,1,1,55796064,
1428423096541,com.android.bluetooth.hid.HidService,com.android.bluetooth,1002,0,41148,[],false,true,1,1,41157,
1428423096541,com.android.exchange.service.EasService,com.google.android.gm.exchange,10157,2752,54256,[STARTED],false,true,1,1,55826492,
1428423096541,com.google.android.music.dial.DialMediaRouteProviderService,com.google.android.music:main,10058,0,21711939,[],false,true,0,0,10495967,
1428423096541,ch.unige.css.services.PingService,ch.unige.ping,10074,1449,122233375,[STARTED],false,true,0,0,56105569,
1428423096541,com.android.systemui.keyguard.KeyguardService,com.android.systemui,10012,906,42358,[PERSISTENT],false,false,1,1,42367,
1428423096541,ch.unige.css.services.main.CssRegistryService,ch.unige.ping:background,10074,6441,116967174,[STARTED],false,true,0,0,52547328,
1428423096541,com.whatsapp.messaging.MessageService,com.whatsapp,10159,5636,68313,[STARTED],false,true,1,1,52456585,
1428423096541,ccc71.at.services.at_service,ccc71.bmw.pro:services,10110,6233,69150,[STARTED],false,true,0,0,52514608,
1428423096541,com.android.inputmethod.latin.spellcheck.AndroidSpellCheckerService,com.google.android.inputmethod.latin,10054,1125,118275452,[],false,true,1,1,53741838,
1428423096541,com.google.android.location.geocode.GeocodeService,com.google.process.location,10007,17755,121405205,[],false,true,1,1,55796064,
1428423156522,com.android.bluetooth.hid.HidService,com.android.bluetooth,1002,0,41148,[],false,true,1,1,41157,
1428423156522,com.android.exchange.service.EasService,com.google.android.gm.exchange,10157,2752,54256,[STARTED],false,true,1,1,55826492,
1428423156522,com.google.android.music.dial.DialMediaRouteProviderService,com.google.android.music:main,10058,0,21711939,[],false,true,0,0,10495967,
1428423156522,ch.unige.css.services.PingService,ch.unige.ping,10074,1449,122293396,[STARTED],false,true,0,0,56126763,
1428423156522,com.android.systemui.keyguard.KeyguardService,com.android.systemui,10012,906,42358,[PERSISTENT],false,false,1,1,42367,
1428423156522,ch.unige.css.services.main.CssRegistryService,ch.unige.ping:background,10074,6441,116967174,[STARTED],false,true,0,0,52547328,
1428423156522,com.whatsapp.messaging.MessageService,com.whatsapp,10159,5636,68313,[STARTED],false,true,1,1,52456585,
1428423156522,ccc71.at.services.at_service,ccc71.bmw.pro:services,10110,6233,69150,[STARTED],false,true,0,0,52514608,
1428423156522,com.android.inputmethod.latin.spellcheck.AndroidSpellCheckerService,com.google.android.inputmethod.latin,10054,1125,118275452,[],false,true,1,1,53741838,
1428423156522,com.google.android.location.geocode.GeocodeService,com.google.process.location,10007,17755,121405205,[],false,true,1,1,55796064,
1428423216578,com.android.bluetooth.hid.HidService,com.android.bluetooth,1002,0,41148,[],false,true,1,1,41157,
1428423216578,com.android.exchange.service.EasService,com.google.android.gm.exchange,10157,2752,54256,[STARTED],false,true,1,1,55826492,
1428423216578,com.google.android.music.dial.DialMediaRouteProviderService,com.google.android.music:main,10058,0,21711939,[],false,true,0,0,10495967,
1428423216578,ch.unige.css.services.PingService,ch.unige.ping,10074,1449,122353415,[STARTED],false,true,0,0,56149719,
1428423216578,com.android.systemui.keyguard.KeyguardService,com.android.systemui,10012,906,42358,[PERSISTENT],false,false,1,1,42367,
1428423216578,ch.unige.css.services.main.CssRegistryService,ch.unige.ping:background,10074,6441,116967174,[STARTED],false,true,0,0,52547328,
1428423216578,com.whatsapp.messaging.MessageService,com.whatsapp,10159,5636,68313,[STARTED],false,true,1,1,52456585,
1428423216578,ccc71.at.services.at_service,ccc71.bmw.pro:services,10110,6233,69150,[STARTED],false,true,0,0,52514608,
1428423216578,com.android.inputmethod.latin.spellcheck.AndroidSpellCheckerService,com.google.android.inputmethod.latin,10054,1125,118275452,[],false,true,1,1,53741838,
1428423216578,com.google.android.location.geocode.GeocodeService,com.google.process.location,10007,17755,121405205,[],false,true,1,1,55796064,
1428423276564,com.android.bluetooth.hid.HidService,com.android.bluetooth,1002,0,41148,[],false,true,1,1,41157,
1428423276564,com.google.android.gms.fitness.service.history.FitHistoryBroker,com.google.process.location,10007,17755,122406568,[],false,true,1,1,56170367,
1428423276564,com.android.exchange.service.EasService,com.google.android.gm.exchange,10157,2752,54256,[STARTED],false,true,1,1,55826492,
1428423276564,com.google.android.music.dial.DialMediaRouteProviderService,com.google.android.music:main,10058,0,21711939,[],false,true,0,0,10495967,
1428423276564,ch.unige.css.services.PingService,ch.unige.ping,10074,1449,122413435,[STARTED],false,true,0,0,56171978,
1428423276564,com.google.android.gms.fitness.service.config.FitConfigBroker,com.google.process.location,10007,17755,122406571,[],false,true,1,1,56170370,
1428423276564,com.android.systemui.keyguard.KeyguardService,com.android.systemui,10012,906,42358,[PERSISTENT],false,false,1,1,42367,
1428423276564,ch.unige.css.services.main.CssRegistryService,ch.unige.ping:background,10074,6441,116967174,[STARTED],false,true,0,0,52547328,
1428423276564,com.whatsapp.messaging.MessageService,com.whatsapp,10159,5636,68313,[STARTED],false,true,1,1,52456585,
1428423276564,ccc71.at.services.at_service,ccc71.bmw.pro:services,10110,6233,69150,[STARTED],false,true,0,0,52514608,
1428423336636,com.android.bluetooth.hid.HidService,com.android.bluetooth,1002,0,41148,[],false,true,1,1,41157,
1428423336636,com.android.exchange.service.EasService,com.google.android.gm.exchange,10157,2752,54256,[STARTED],false,true,1,1,55826492,
1428423336636,com.google.android.music.dial.DialMediaRouteProviderService,com.google.android.music:main,10058,0,21711939,[],false,true,0,0,10495967,
1428423336636,ch.unige.css.services.PingService,ch.unige.ping,10074,1449,122473505,[STARTED],false,true,0,0,56197321,
1428423336636,com.android.systemui.keyguard.KeyguardService,com.android.systemui,10012,906,42358,[PERSISTENT],false,false,1,1,42367,
1428423336636,ch.unige.css.services.main.CssRegistryService,ch.unige.ping:background,10074,6441,116967174,[STARTED],false,true,0,0,52547328,
1428423336636,com.whatsapp.messaging.MessageService,com.whatsapp,10159,5636,68313,[STARTED],false,true,1,1,52456585,
1428423336636,ccc71.at.services.at_service,ccc71.bmw.pro:services,10110,6233,69150,[STARTED],false,true,0,0,52514608,
1428423336636,com.android.inputmethod.latin.spellcheck.AndroidSpellCheckerService,com.google.android.inputmethod.latin,10054,1125,118275452,[],false,true,1,1,53741838,
1428423336636,com.google.android.location.geocode.GeocodeService,com.google.process.location,10007,17755,121405205,[],false,true,1,1,55796064,
1428423396841,com.android.bluetooth.hid.HidService,com.android.bluetooth,1002,0,41148,[],false,true,1,1,41157,
1428423396841,com.android.exchange.service.EasService,com.google.android.gm.exchange,10157,2752,54256,[STARTED],false,true,1,1,55826492,
1428423396841,com.google.android.music.dial.DialMediaRouteProviderService,com.google.android.music:main,10058,0,21711939,[],false,true,0,0,10495967,
1428423396841,ch.unige.css.services.PingService,ch.unige.ping,10074,1449,122533672,[STARTED],false,true,0,0,56218025,
1428423396841,com.android.systemui.keyguard.KeyguardService,com.android.systemui,10012,906,42358,[PERSISTENT],false,false,1,1,42367,
1428423396841,ch.unige.css.services.main.CssRegistryService,ch.unige.ping:background,10074,6441,116967174,[STARTED],false,true,0,0,52547328,
1428423396841,com.whatsapp.messaging.MessageService,com.whatsapp,10159,5636,68313,[STARTED],false,true,1,1,52456585,
1428423396841,ccc71.at.services.at_service,ccc71.bmw.pro:services,10110,6233,69150,[STARTED],false,true,0,0,52514608,
1428423396841,com.android.inputmethod.latin.spellcheck.AndroidSpellCheckerService,com.google.android.inputmethod.latin,10054,1125,118275452,[],false,true,1,1,53741838,
1428423396841,com.google.android.location.geocode.GeocodeService,com.google.process.location,10007,17755,121405205,[],false,true,1,1,55796064,
1428423453305,com.android.bluetooth.hid.HidService,com.android.bluetooth,1002,0,41148,[],false,true,1,1,41157,
1428423453305,com.android.exchange.service.EasService,com.google.android.gm.exchange,10157,2752,54256,[STARTED],false,true,1,1,55826492,
1428423453305,com.google.android.music.dial.DialMediaRouteProviderService,com.google.android.music:main,10058,0,21711939,[],false,true,0,0,10495967,
1428423453305,ch.unige.css.services.PingService,ch.unige.ping,10074,1449,122590182,[STARTED],false,true,0,0,56267696,
1428423453305,com.android.systemui.keyguard.KeyguardService,com.android.systemui,10012,906,42358,[PERSISTENT],false,false,1,1,42367,
1428423453305,ch.unige.css.services.main.CssRegistryService,ch.unige.ping:background,10074,6441,116967174,[STARTED],false,true,0,0,52547328,
1428423453305,com.whatsapp.messaging.MessageService,com.whatsapp,10159,5636,68313,[STARTED],false,true,1,1,52456585,
1428423453305,ccc71.at.services.at_service,ccc71.bmw.pro:services,10110,6233,69150,[STARTED],false,true,0,0,52514608,
1428423453305,com.android.inputmethod.latin.spellcheck.AndroidSpellCheckerService,com.google.android.inputmethod.latin,10054,1125,118275452,[],false,true,1,1,53741838,
1428423453305,com.google.android.location.geocode.GeocodeService,com.google.process.location,10007,17755,122573132,[],false,true,1,1,56250645,
1428423513368,com.android.bluetooth.hid.HidService,com.android.bluetooth,1002,0,41148,[],false,true,1,1,41157,
1428423513368,com.android.exchange.service.EasService,com.google.android.gm.exchange,10157,2752,54256,[STARTED],false,true,1,1,55826492,
1428423513368,com.google.android.music.dial.DialMediaRouteProviderService,com.google.android.music:main,10058,0,21711939,[],false,true,0,0,10495967,
1428423513368,ch.unige.css.services.PingService,ch.unige.ping,10074,1449,122650193,[STARTED],false,true,0,0,56327706,
1428423513368,com.android.systemui.keyguard.KeyguardService,com.android.systemui,10012,906,42358,[PERSISTENT],false,false,1,1,42367,
1428423513368,ch.unige.css.services.main.CssRegistryService,ch.unige.ping:background,10074,6441,116967174,[STARTED],false,true,0,0,52547328,
1428423513368,com.whatsapp.messaging.MessageService,com.whatsapp,10159,5636,68313,[STARTED],false,true,1,1,52456585,
1428423513368,ccc71.at.services.at_service,ccc71.bmw.pro:services,10110,6233,69150,[STARTED],false,true,0,0,52514608,
1428423513368,com.android.inputmethod.latin.spellcheck.AndroidSpellCheckerService,com.google.android.inputmethod.latin,10054,1125,118275452,[],false,true,1,1,53741838,
1428423513368,com.google.android.location.geocode.GeocodeService,com.google.process.location,10007,17755,122573132,[],false,true,1,1,56250645,
1428423573527,com.android.bluetooth.hid.HidService,com.android.bluetooth,1002,0,41148,[],false,true,1,1,41157,
1428423573527,com.android.exchange.service.EasService,com.google.android.gm.exchange,10157,2752,54256,[STARTED],false,true,1,1,55826492,
1428423573527,com.google.android.music.dial.DialMediaRouteProviderService,com.google.android.music:main,10058,0,21711939,[],false,true,0,0,10495967,
1428423573527,ch.unige.css.services.PingService,ch.unige.ping,10074,1449,122710273,[STARTED],false,true,0,0,56387786,
1428423573527,com.android.systemui.keyguard.KeyguardService,com.android.systemui,10012,906,42358,[PERSISTENT],false,false,1,1,42367,
1428423573527,ch.unige.css.services.main.CssRegistryService,ch.unige.ping:background,10074,6441,116967174,[STARTED],false,true,0,0,52547328,
1428423573527,com.whatsapp.messaging.MessageService,com.whatsapp,10159,5636,68313,[STARTED],false,true,1,1,52456585,
1428423573527,ccc71.at.services.at_service,ccc71.bmw.pro:services,10110,6233,69150,[STARTED],false,true,0,0,52514608,
1428423573527,com.android.inputmethod.latin.spellcheck.AndroidSpellCheckerService,com.google.android.inputmethod.latin,10054,1125,118275452,[],false,true,1,1,53741838,
1428423573527,com.google.android.location.geocode.GeocodeService,com.google.process.location,10007,17755,122573132,[],false,true,1,1,56250645,
1428423674269,com.android.bluetooth.hid.HidService,com.android.bluetooth,1002,0,41148,[],false,true,1,1,41157,
1428423674269,com.android.exchange.service.EasService,com.google.android.gm.exchange,10157,2752,54256,[STARTED],false,true,1,1,55826492,
1428423674269,com.google.android.music.dial.DialMediaRouteProviderService,com.google.android.music:main,10058,0,21711939,[],false,true,0,0,10495967,
1428423674269,ch.unige.css.services.PingService,ch.unige.ping,10074,1449,122811143,[STARTED],false,true,0,0,56488656,
1428423674269,com.android.systemui.keyguard.KeyguardService,com.android.systemui,10012,906,42358,[PERSISTENT],false,false,1,1,42367,
1428423674269,ch.unige.css.services.main.CssRegistryService,ch.unige.ping:background,10074,6441,116967174,[STARTED],false,true,0,0,52547328,
1428423674269,com.whatsapp.messaging.MessageService,com.whatsapp,10159,5636,68313,[STARTED],false,true,1,1,52456585,
1428423674269,ccc71.at.services.at_service,ccc71.bmw.pro:services,10110,6233,69150,[STARTED],false,true,0,0,52514608,
1428423674269,com.android.inputmethod.latin.spellcheck.AndroidSpellCheckerService,com.google.android.inputmethod.latin,10054,1125,118275452,[],false,true,1,1,53741838,
1428423674269,com.google.android.location.geocode.GeocodeService,com.google.process.location,10007,17755,122573132,[],false,true,1,1,56250645,
1428423734282,com.android.bluetooth.hid.HidService,com.android.bluetooth,1002,0,41148,[],false,true,1,1,41157,
1428423734282,com.android.exchange.service.EasService,com.google.android.gm.exchange,10157,2752,54256,[STARTED],false,true,1,1,55826492,
1428423734282,com.google.android.music.dial.DialMediaRouteProviderService,com.google.android.music:main,10058,0,21711939,[],false,true,0,0,10495967,
1428423734282,ch.unige.css.services.PingService,ch.unige.ping,10074,1449,122871154,[STARTED],false,true,0,0,56548667,
1428423734282,com.android.systemui.keyguard.KeyguardService,com.android.systemui,10012,906,42358,[PERSISTENT],false,false,1,1,42367,
1428423734282,ch.unige.css.services.main.CssRegistryService,ch.unige.ping:background,10074,6441,116967174,[STARTED],false,true,0,0,52547328,
1428423734282,com.whatsapp.messaging.MessageService,com.whatsapp,10159,5636,68313,[STARTED],false,true,1,1,52456585,
1428423734282,ccc71.at.services.at_service,ccc71.bmw.pro:services,10110,6233,69150,[STARTED],false,true,0,0,52514608,
1428423734282,com.android.inputmethod.latin.spellcheck.AndroidSpellCheckerService,com.google.android.inputmethod.latin,10054,1125,118275452,[],false,true,1,1,53741838,
1428423734282,com.google.android.location.geocode.GeocodeService,com.google.process.location,10007,17755,122573132,[],false,true,1,1,56250645,
1428423794357,com.android.bluetooth.hid.HidService,com.android.bluetooth,1002,0,41148,[],false,true,1,1,41157,
1428423794357,com.android.exchange.service.EasService,com.google.android.gm.exchange,10157,2752,54256,[STARTED],false,true,1,1,55826492,
1428423794357,com.google.android.music.dial.DialMediaRouteProviderService,com.google.android.music:main,10058,0,21711939,[],false,true,0,0,10495967,
1428423794357,ch.unige.css.services.PingService,ch.unige.ping,10074,1449,122931222,[STARTED],false,true,0,0,56608735,
1428423794357,com.google.android.voicesearch.logger.EventLoggerService,com.google.android.googlequicksearchbox:search,10019,1402,122931171,[STARTED],false,true,0,0,56608685,
1428423794357,com.android.systemui.keyguard.KeyguardService,com.android.systemui,10012,906,42358,[PERSISTENT],false,false,1,1,42367,
1428423794357,ch.unige.css.services.main.CssRegistryService,ch.unige.ping:background,10074,6441,116967174,[STARTED],false,true,0,0,52547328,
1428423794357,com.google.android.finsky.billing.iab.InAppBillingService,com.android.vending,10014,26627,122892973,[],false,true,1,1,56570486,
1428423794357,com.whatsapp.messaging.MessageService,com.whatsapp,10159,28262,68313,[STARTED],false,true,1,1,56570418,
1428423794357,ccc71.at.services.at_service,ccc71.bmw.pro:services,10110,6233,69150,[STARTED],false,true,0,0,52514608,
1428423841873,com.android.bluetooth.hid.HidService,com.android.bluetooth,1002,0,41148,[],false,true,1,1,41157,
1428423841873,com.android.exchange.service.EasService,com.google.android.gm.exchange,10157,2752,54256,[STARTED],false,true,1,1,55826492,
1428423841873,com.google.android.music.dial.DialMediaRouteProviderService,com.google.android.music:main,10058,0,21711939,[],false,true,0,0,10495967,
1428423841873,ch.unige.css.services.PingService,ch.unige.ping,10074,1449,122978728,[STARTED],false,true,0,0,56656241,
1428423841873,com.android.systemui.keyguard.KeyguardService,com.android.systemui,10012,906,42358,[PERSISTENT],false,false,1,1,42367,
1428423841873,ch.unige.css.services.main.CssRegistryService,ch.unige.ping:background,10074,6441,116967174,[STARTED],false,true,0,0,52547328,
1428423841873,com.whatsapp.messaging.MessageService,com.whatsapp,10159,28262,68313,[STARTED],false,true,1,1,56570418,
1428423841873,ccc71.at.services.at_service,ccc71.bmw.pro:services,10110,6233,69150,[STARTED],false,true,0,0,52514608,
1428423841873,com.google.android.location.geocode.GeocodeService,com.google.process.location,10007,17755,122573132,[],false,true,1,1,56250645,
1428423841873,com.google.android.gms.gcm.GcmService,com.google.process.gapps,10007,17792,17965599,[STARTED],false,true,0,0,56250384,
1428423904450,com.android.bluetooth.hid.HidService,com.android.bluetooth,1002,0,41148,[],false,true,1,1,41157,
1428423904450,com.android.exchange.service.EasService,com.google.android.gm.exchange,10157,2752,54256,[STARTED],false,true,1,1,55826492,
1428423904450,com.google.android.music.dial.DialMediaRouteProviderService,com.google.android.music:main,10058,0,21711939,[],false,true,0,0,10495967,
1428423904450,ch.unige.css.services.PingService,ch.unige.ping,10074,1449,123041320,[STARTED],false,true,0,0,56683954,
1428423904450,com.android.systemui.keyguard.KeyguardService,com.android.systemui,10012,906,42358,[PERSISTENT],false,false,1,1,42367,
1428423904450,ch.unige.css.services.main.CssRegistryService,ch.unige.ping:background,10074,6441,116967174,[STARTED],false,true,0,0,52547328,
1428423904450,com.whatsapp.messaging.MessageService,com.whatsapp,10159,28262,68313,[STARTED],false,true,1,1,56570418,
1428423904450,ccc71.at.services.at_service,ccc71.bmw.pro:services,10110,6233,69150,[STARTED],false,true,0,0,52514608,
1428423904450,com.google.android.location.geocode.GeocodeService,com.google.process.location,10007,17755,122573132,[],false,true,1,1,56250645,
1428423904450,com.google.android.gms.gcm.GcmService,com.google.process.gapps,10007,17792,17965599,[STARTED],false,true,0,0,56250384,
1428423965465,com.android.bluetooth.hid.HidService,com.android.bluetooth,1002,0,41148,[],false,true,1,1,41157,
1428423965465,com.android.exchange.service.EasService,com.google.android.gm.exchange,10157,2752,54256,[STARTED],false,true,1,1,55826492,
1428423965465,com.google.android.music.dial.DialMediaRouteProviderService,com.google.android.music:main,10058,0,21711939,[],false,true,0,0,10495967,
1428423965465,ch.unige.css.services.PingService,ch.unige.ping,10074,1449,123102319,[STARTED],false,true,0,0,56706783,
1428423965465,com.android.systemui.keyguard.KeyguardService,com.android.systemui,10012,906,42358,[PERSISTENT],false,false,1,1,42367,
1428423965465,ch.unige.css.services.main.CssRegistryService,ch.unige.ping:background,10074,6441,116967174,[STARTED],false,true,0,0,52547328,
1428423965465,com.whatsapp.messaging.MessageService,com.whatsapp,10159,28262,68313,[STARTED],false,true,1,1,56570418,
1428423965465,ccc71.at.services.at_service,ccc71.bmw.pro:services,10110,6233,69150,[STARTED],false,true,0,0,52514608,
1428423965465,com.google.android.location.geocode.GeocodeService,com.google.process.location,10007,17755,122573132,[],false,true,1,1,56250645,
1428423965465,com.google.android.gms.gcm.GcmService,com.google.process.gapps,10007,17792,17965599,[STARTED],false,true,0,0,56250384,
1428424026453,com.android.bluetooth.hid.HidService,com.android.bluetooth,1002,0,41148,[],false,true,1,1,41157,
1428424026453,com.android.exchange.service.EasService,com.google.android.gm.exchange,10157,2752,54256,[STARTED],false,true,1,1,55826492,
1428424026453,com.google.android.music.dial.DialMediaRouteProviderService,com.google.android.music:main,10058,0,21711939,[],false,true,0,0,10495967,
1428424026453,ch.unige.css.services.PingService,ch.unige.ping,10074,1449,123163322,[STARTED],false,true,0,0,56729627,
1428424026453,com.android.systemui.keyguard.KeyguardService,com.android.systemui,10012,906,42358,[PERSISTENT],false,false,1,1,42367,
1428424026453,ch.unige.css.services.main.CssRegistryService,ch.unige.ping:background,10074,6441,116967174,[STARTED],false,true,0,0,52547328,
1428424026453,com.whatsapp.messaging.MessageService,com.whatsapp,10159,28262,68313,[STARTED],false,true,1,1,56570418,
1428424026453,ccc71.at.services.at_service,ccc71.bmw.pro:services,10110,6233,69150,[STARTED],false,true,0,0,52514608,
1428424026453,com.google.android.location.geocode.GeocodeService,com.google.process.location,10007,17755,122573132,[],false,true,1,1,56250645,
1428424026453,com.google.android.gms.gcm.GcmService,com.google.process.gapps,10007,17792,17965599,[STARTED],false,true,0,0,56250384,
1428424086806,com.android.bluetooth.hid.HidService,com.android.bluetooth,1002,0,41148,[],false,true,1,1,41157,
1428424086806,com.android.exchange.service.EasService,com.google.android.gm.exchange,10157,2752,54256,[STARTED],false,true,1,1,55826492,
1428424086806,com.google.android.music.dial.DialMediaRouteProviderService,com.google.android.music:main,10058,0,21711939,[],false,true,0,0,10495967,
1428424086806,ch.unige.css.services.PingService,ch.unige.ping,10074,1449,123223635,[STARTED],false,true,0,0,56750679,
1428424086806,com.android.systemui.keyguard.KeyguardService,com.android.systemui,10012,906,42358,[PERSISTENT],false,false,1,1,42367,
1428424086806,ch.unige.css.services.main.CssRegistryService,ch.unige.ping:background,10074,6441,116967174,[STARTED],false,true,0,0,52547328,
1428424086806,com.whatsapp.messaging.MessageService,com.whatsapp,10159,28262,68313,[STARTED],false,true,1,1,56570418,
1428424086806,ccc71.at.services.at_service,ccc71.bmw.pro:services,10110,6233,69150,[STARTED],false,true,0,0,52514608,
1428424086806,com.google.android.location.geocode.GeocodeService,com.google.process.location,10007,17755,122573132,[],false,true,1,1,56250645,
1428424086806,com.google.android.gms.gcm.GcmService,com.google.process.gapps,10007,17792,17965599,[STARTED],false,true,0,0,56250384,
1428424173662,com.android.bluetooth.hid.HidService,com.android.bluetooth,1002,0,41148,[],false,true,1,1,41157,
1428424173662,com.android.exchange.service.EasService,com.google.android.gm.exchange,10157,2752,54256,[STARTED],false,true,1,1,55826492,
1428424173662,com.google.android.music.dial.DialMediaRouteProviderService,com.google.android.music:main,10058,0,21711939,[],false,true,0,0,10495967,
1428424173662,ch.unige.css.services.PingService,ch.unige.ping,10074,1449,123310535,[STARTED],false,true,0,0,56774560,
1428424173662,com.android.systemui.keyguard.KeyguardService,com.android.systemui,10012,906,42358,[PERSISTENT],false,false,1,1,42367,
1428424173662,ch.unige.css.services.main.CssRegistryService,ch.unige.ping:background,10074,6441,116967174,[STARTED],false,true,0,0,52547328,
1428424173662,com.whatsapp.messaging.MessageService,com.whatsapp,10159,28262,68313,[STARTED],false,true,1,1,56570418,
1428424173662,ccc71.at.services.at_service,ccc71.bmw.pro:services,10110,6233,69150,[STARTED],false,true,0,0,52514608,
1428424173662,com.google.android.location.geocode.GeocodeService,com.google.process.location,10007,17755,122573132,[],false,true,1,1,56250645,
1428424173662,com.google.android.gms.gcm.GcmService,com.google.process.gapps,10007,17792,17965599,[STARTED],false,true,0,0,56250384,
1428424251637,com.android.bluetooth.hid.HidService,com.android.bluetooth,1002,0,41148,[],false,true,1,1,41157,
1428424251637,com.android.exchange.service.EasService,com.google.android.gm.exchange,10157,2752,54256,[STARTED],false,true,1,1,56796417,
1428424251637,com.google.android.music.dial.DialMediaRouteProviderService,com.google.android.music:main,10058,0,21711939,[],false,true,0,0,10495967,
1428424251637,ch.unige.css.services.PingService,ch.unige.ping,10074,1449,123388515,[STARTED],false,true,0,0,56796622,
1428424251637,com.android.systemui.keyguard.KeyguardService,com.android.systemui,10012,906,42358,[PERSISTENT],false,false,1,1,42367,
1428424251637,ch.unige.css.services.main.CssRegistryService,ch.unige.ping:background,10074,6441,116967174,[STARTED],false,true,0,0,52547328,
1428424251637,com.whatsapp.messaging.MessageService,com.whatsapp,10159,28262,68313,[STARTED],false,true,1,1,56570418,
1428424251637,ccc71.at.services.at_service,ccc71.bmw.pro:services,10110,6233,69150,[STARTED],false,true,0,0,52514608,
1428424251637,com.google.android.location.geocode.GeocodeService,com.google.process.location,10007,17755,122573132,[],false,true,1,1,56250645,
1428424251637,com.google.android.gms.gcm.GcmService,com.google.process.gapps,10007,17792,17965599,[STARTED],false,true,0,0,56250384,
1428424312431,com.android.bluetooth.hid.HidService,com.android.bluetooth,1002,0,41148,[],false,true,1,1,41157,
1428424312431,com.android.exchange.service.EasService,com.google.android.gm.exchange,10157,2752,54256,[STARTED],false,true,1,1,56797645,
1428424312431,com.google.android.music.dial.DialMediaRouteProviderService,com.google.android.music:main,10058,0,21711939,[],false,true,0,0,10495967,
1428424312431,ch.unige.css.services.PingService,ch.unige.ping,10074,1449,123449309,[STARTED],false,true,0,0,56822468,
1428424312431,com.android.systemui.keyguard.KeyguardService,com.android.systemui,10012,906,42358,[PERSISTENT],false,false,1,1,42367,
1428424312431,ch.unige.css.services.main.CssRegistryService,ch.unige.ping:background,10074,6441,116967174,[STARTED],false,true,0,0,52547328,
1428424312431,com.whatsapp.messaging.MessageService,com.whatsapp,10159,28262,68313,[STARTED],false,true,1,1,56570418,
1428424312431,ccc71.at.services.at_service,ccc71.bmw.pro:services,10110,6233,69150,[STARTED],false,true,0,0,52514608,
1428424312431,com.google.android.location.geocode.GeocodeService,com.google.process.location,10007,17755,122573132,[],false,true,1,1,56250645,
1428424312431,com.google.android.gms.gcm.GcmService,com.google.process.gapps,10007,17792,17965599,[STARTED],false,true,0,0,56250384,
1428424372458,com.android.bluetooth.hid.HidService,com.android.bluetooth,1002,0,41148,[],false,true,1,1,41157,
1428424372458,com.android.exchange.service.EasService,com.google.android.gm.exchange,10157,2752,54256,[STARTED],false,true,1,1,56797645,
1428424372458,com.google.android.music.dial.DialMediaRouteProviderService,com.google.android.music:main,10058,0,21711939,[],false,true,0,0,10495967,
1428424372458,ch.unige.css.services.PingService,ch.unige.ping,10074,1449,123509329,[STARTED],false,true,0,0,56846283,
1428424372458,com.android.systemui.keyguard.KeyguardService,com.android.systemui,10012,906,42358,[PERSISTENT],false,false,1,1,42367,
1428424372458,ch.unige.css.services.main.CssRegistryService,ch.unige.ping:background,10074,6441,116967174,[STARTED],false,true,0,0,52547328,
1428424372458,com.whatsapp.messaging.MessageService,com.whatsapp,10159,28262,68313,[STARTED],false,true,1,1,56570418,
1428424372458,ccc71.at.services.at_service,ccc71.bmw.pro:services,10110,6233,69150,[STARTED],false,true,0,0,52514608,
1428424372458,com.google.android.location.geocode.GeocodeService,com.google.process.location,10007,17755,122573132,[],false,true,1,1,56250645,
1428424372458,com.google.android.gms.gcm.GcmService,com.google.process.gapps,10007,17792,17965599,[STARTED],false,true,0,0,56250384,
1428424464077,com.android.bluetooth.hid.HidService,com.android.bluetooth,1002,0,41148,[],false,true,1,1,41157,
1428424464077,com.android.exchange.service.EasService,com.google.android.gm.exchange,10157,2752,54256,[STARTED],false,true,1,1,56797645,
1428424464077,com.google.android.music.dial.DialMediaRouteProviderService,com.google.android.music:main,10058,0,21711939,[],false,true,0,0,10495967,
1428424464077,ch.unige.css.services.PingService,ch.unige.ping,10074,1449,123600410,[STARTED],false,true,0,0,56869795,
1428424464077,com.android.systemui.keyguard.KeyguardService,com.android.systemui,10012,906,42358,[PERSISTENT],false,false,1,1,42367,
1428424464077,ch.unige.css.services.main.CssRegistryService,ch.unige.ping:background,10074,6441,116967174,[STARTED],false,true,0,0,52547328,
1428424464077,com.whatsapp.messaging.MessageService,com.whatsapp,10159,28262,68313,[STARTED],false,true,1,1,56570418,
1428424464077,ccc71.at.services.at_service,ccc71.bmw.pro:services,10110,6233,69150,[STARTED],false,true,0,0,52514608,
1428424464077,com.google.android.location.geocode.GeocodeService,com.google.process.location,10007,17755,122573132,[],false,true,1,1,56250645,
1428424464077,com.google.android.gms.gcm.GcmService,com.google.process.gapps,10007,17792,17965599,[STARTED],false,true,0,0,56250384,
1428424535457,com.android.bluetooth.hid.HidService,com.android.bluetooth,1002,0,41148,[],false,true,1,1,41157,
1428424535457,com.android.exchange.service.EasService,com.google.android.gm.exchange,10157,2752,54256,[STARTED],false,true,1,1,56797645,
1428424535457,com.google.android.music.dial.DialMediaRouteProviderService,com.google.android.music:main,10058,0,21711939,[],false,true,0,0,10495967,
1428424535457,ch.unige.css.services.PingService,ch.unige.ping,10074,1449,123671776,[STARTED],false,true,0,0,56892202,
1428424535457,com.android.systemui.keyguard.KeyguardService,com.android.systemui,10012,906,42358,[PERSISTENT],false,false,1,1,42367,
1428424535457,ch.unige.css.services.main.CssRegistryService,ch.unige.ping:background,10074,6441,116967174,[STARTED],false,true,0,0,52547328,
1428424535457,com.whatsapp.messaging.MessageService,com.whatsapp,10159,28262,68313,[STARTED],false,true,1,1,56570418,
1428424535457,ccc71.at.services.at_service,ccc71.bmw.pro:services,10110,6233,69150,[STARTED],false,true,0,0,52514608,
1428424535457,com.google.android.location.geocode.GeocodeService,com.google.process.location,10007,17755,122573132,[],false,true,1,1,56250645,
1428424535457,com.google.android.gms.gcm.GcmService,com.google.process.gapps,10007,17792,17965599,[STARTED],false,true,0,0,56250384,
1428424595710,com.android.bluetooth.hid.HidService,com.android.bluetooth,1002,0,41148,[],false,true,1,1,41157,
1428424595710,com.android.exchange.service.EasService,com.google.android.gm.exchange,10157,2752,54256,[STARTED],false,true,1,1,56797645,
1428424595710,com.google.android.music.dial.DialMediaRouteProviderService,com.google.android.music:main,10058,0,21711939,[],false,true,0,0,10495967,
1428424595710,ch.unige.css.services.PingService,ch.unige.ping,10074,1449,123732042,[STARTED],false,true,0,0,56916818,
1428424595710,com.android.systemui.keyguard.KeyguardService,com.android.systemui,10012,906,42358,[PERSISTENT],false,false,1,1,42367,
1428424595710,ch.unige.css.services.main.CssRegistryService,ch.unige.ping:background,10074,6441,116967174,[STARTED],false,true,0,0,52547328,
1428424595710,com.whatsapp.messaging.MessageService,com.whatsapp,10159,28262,68313,[STARTED],false,true,1,1,56570418,
1428424595710,ccc71.at.services.at_service,ccc71.bmw.pro:services,10110,6233,69150,[STARTED],false,true,0,0,52514608,
1428424595710,com.google.android.location.geocode.GeocodeService,com.google.process.location,10007,17755,122573132,[],false,true,1,1,56250645,
1428424595710,com.google.android.gms.gcm.GcmService,com.google.process.gapps,10007,17792,17965599,[STARTED],false,true,0,0,56250384,
1428424656462,com.android.bluetooth.hid.HidService,com.android.bluetooth,1002,0,41148,[],false,true,1,1,41157,
1428424656462,com.android.exchange.service.EasService,com.google.android.gm.exchange,10157,2752,54256,[STARTED],false,true,1,1,56797645,
1428424656462,com.google.android.music.dial.DialMediaRouteProviderService,com.google.android.music:main,10058,0,21711939,[],false,true,0,0,10495967,
1428424656462,ch.unige.css.services.PingService,ch.unige.ping,10074,1449,123792778,[STARTED],false,true,0,0,56938174,
1428424656462,com.android.systemui.keyguard.KeyguardService,com.android.systemui,10012,906,42358,[PERSISTENT],false,false,1,1,42367,
1428424656462,ch.unige.css.services.main.CssRegistryService,ch.unige.ping:background,10074,6441,116967174,[STARTED],false,true,0,0,52547328,
1428424656462,com.whatsapp.messaging.MessageService,com.whatsapp,10159,28262,68313,[STARTED],false,true,1,1,56570418,
1428424656462,ccc71.at.services.at_service,ccc71.bmw.pro:services,10110,6233,69150,[STARTED],false,true,0,0,52514608,
1428424656462,com.google.android.location.geocode.GeocodeService,com.google.process.location,10007,17755,122573132,[],false,true,1,1,56250645,
1428424656462,com.google.android.gms.gcm.GcmService,com.google.process.gapps,10007,17792,17965599,[STARTED],false,true,0,0,56250384,
1428424733707,com.android.bluetooth.hid.HidService,com.android.bluetooth,1002,0,41148,[],false,true,1,1,41157,
1428424733707,com.android.exchange.service.EasService,com.google.android.gm.exchange,10157,2752,54256,[STARTED],false,true,1,1,56797645,
1428424733707,com.google.android.music.dial.DialMediaRouteProviderService,com.google.android.music:main,10058,0,21711939,[],false,true,0,0,10495967,
1428424733707,ch.unige.css.services.PingService,ch.unige.ping,10074,1449,123870042,[STARTED],false,true,0,0,56959948,
1428424733707,com.android.systemui.keyguard.KeyguardService,com.android.systemui,10012,906,42358,[PERSISTENT],false,false,1,1,42367,
1428424733707,ch.unige.css.services.main.CssRegistryService,ch.unige.ping:background,10074,6441,116967174,[STARTED],false,true,0,0,52547328,
1428424733707,com.whatsapp.messaging.MessageService,com.whatsapp,10159,28262,68313,[STARTED],false,true,1,1,56570418,
1428424733707,ccc71.at.services.at_service,ccc71.bmw.pro:services,10110,6233,69150,[STARTED],false,true,0,0,52514608,
1428424733707,com.google.android.location.geocode.GeocodeService,com.google.process.location,10007,17755,122573132,[],false,true,1,1,56250645,
1428424733707,com.google.android.gms.gcm.GcmService,com.google.process.gapps,10007,17792,17965599,[STARTED],false,true,0,0,56250384,
1428424837859,com.android.bluetooth.hid.HidService,com.android.bluetooth,1002,0,41148,[],false,true,1,1,41157,
1428424837859,com.android.exchange.service.EasService,com.google.android.gm.exchange,10157,2752,54256,[STARTED],false,true,1,1,56797645,
1428424837859,com.google.android.music.dial.DialMediaRouteProviderService,com.google.android.music:main,10058,0,21711939,[],false,true,0,0,10495967,
1428424837859,ch.unige.css.services.PingService,ch.unige.ping,10074,1449,123974192,[STARTED],false,true,0,0,56988358,
1428424837859,com.android.systemui.keyguard.KeyguardService,com.android.systemui,10012,906,42358,[PERSISTENT],false,false,1,1,42367,
1428424837859,ch.unige.css.services.main.CssRegistryService,ch.unige.ping:background,10074,6441,116967174,[STARTED],false,true,0,0,52547328,
1428424837859,com.whatsapp.messaging.MessageService,com.whatsapp,10159,28262,68313,[STARTED],false,true,1,1,56570418,
1428424837859,ccc71.at.services.at_service,ccc71.bmw.pro:services,10110,6233,69150,[STARTED],false,true,0,0,52514608,
1428424837859,com.google.android.location.geocode.GeocodeService,com.google.process.location,10007,17755,122573132,[],false,true,1,1,56250645,
1428424837859,com.google.android.gms.gcm.GcmService,com.google.process.gapps,10007,17792,17965599,[STARTED],false,true,0,0,56250384,
1428424899458,com.android.bluetooth.hid.HidService,com.android.bluetooth,1002,0,41148,[],false,true,1,1,41157,
1428424899458,com.android.exchange.service.EasService,com.google.android.gm.exchange,10157,2752,54256,[STARTED],false,true,1,1,56797645,
1428424899458,com.google.android.music.dial.DialMediaRouteProviderService,com.google.android.music:main,10058,0,21711939,[],false,true,0,0,10495967,
1428424899458,ch.unige.css.services.PingService,ch.unige.ping,10074,1449,124035777,[STARTED],false,true,0,0,57010102,
1428424899458,com.android.systemui.keyguard.KeyguardService,com.android.systemui,10012,906,42358,[PERSISTENT],false,false,1,1,42367,
1428424899458,ch.unige.css.services.main.CssRegistryService,ch.unige.ping:background,10074,6441,116967174,[STARTED],false,true,0,0,52547328,
1428424899458,com.whatsapp.messaging.MessageService,com.whatsapp,10159,28262,68313,[STARTED],false,true,1,1,56570418,
1428424899458,ccc71.at.services.at_service,ccc71.bmw.pro:services,10110,6233,69150,[STARTED],false,true,0,0,52514608,
1428424899458,com.google.android.location.geocode.GeocodeService,com.google.process.location,10007,17755,122573132,[],false,true,1,1,56250645,
1428424899458,com.google.android.gms.gcm.GcmService,com.google.process.gapps,10007,17792,17965599,[STARTED],false,true,0,0,56250384,
1428424959741,com.android.bluetooth.hid.HidService,com.android.bluetooth,1002,0,41148,[],false,true,1,1,41157,
1428424959741,com.android.exchange.service.EasService,com.google.android.gm.exchange,10157,2752,54256,[STARTED],false,true,1,1,56797645,
1428424959741,com.google.android.music.dial.DialMediaRouteProviderService,com.google.android.music:main,10058,0,21711939,[],false,true,0,0,10495967,
1428424959741,ch.unige.css.services.PingService,ch.unige.ping,10074,1449,124096074,[STARTED],false,true,0,0,57032430,
1428424959741,com.android.systemui.keyguard.KeyguardService,com.android.systemui,10012,906,42358,[PERSISTENT],false,false,1,1,42367,
1428424959741,ch.unige.css.services.main.CssRegistryService,ch.unige.ping:background,10074,6441,116967174,[STARTED],false,true,0,0,52547328,
1428424959741,com.whatsapp.messaging.MessageService,com.whatsapp,10159,28262,68313,[STARTED],false,true,1,1,56570418,
1428424959741,ccc71.at.services.at_service,ccc71.bmw.pro:services,10110,6233,69150,[STARTED],false,true,0,0,52514608,
1428424959741,com.google.android.location.geocode.GeocodeService,com.google.process.location,10007,17755,122573132,[],false,true,1,1,56250645,
1428424959741,com.google.android.gms.gcm.GcmService,com.google.process.gapps,10007,17792,17965599,[STARTED],false,true,0,0,56250384,
1428425019913,com.android.bluetooth.hid.HidService,com.android.bluetooth,1002,0,41148,[],false,true,1,1,41157,
1428425019913,com.android.exchange.service.EasService,com.google.android.gm.exchange,10157,2752,54256,[STARTED],false,true,1,1,56797645,
1428425019913,com.google.android.music.dial.DialMediaRouteProviderService,com.google.android.music:main,10058,0,21711939,[],false,true,0,0,10495967,
1428425019913,ch.unige.css.services.PingService,ch.unige.ping,10074,1449,124156245,[STARTED],false,true,0,0,57056320,
1428425019913,com.android.systemui.keyguard.KeyguardService,com.android.systemui,10012,906,42358,[PERSISTENT],false,false,1,1,42367,
1428425019913,ch.unige.css.services.main.CssRegistryService,ch.unige.ping:background,10074,6441,116967174,[STARTED],false,true,0,0,52547328,
1428425019913,com.whatsapp.messaging.MessageService,com.whatsapp,10159,28262,68313,[STARTED],false,true,1,1,56570418,
1428425019913,ccc71.at.services.at_service,ccc71.bmw.pro:services,10110,6233,69150,[STARTED],false,true,0,0,52514608,
1428425019913,com.google.android.location.geocode.GeocodeService,com.google.process.location,10007,17755,122573132,[],false,true,1,1,56250645,
1428425019913,com.google.android.gms.gcm.GcmService,com.google.process.gapps,10007,17792,17965599,[STARTED],false,true,0,0,56250384,
1428425104478,com.android.bluetooth.hid.HidService,com.android.bluetooth,1002,0,41148,[],false,true,1,1,41157,
1428425104478,com.android.exchange.service.EasService,com.google.android.gm.exchange,10157,2752,54256,[STARTED],false,true,1,1,56797645,
1428425104478,com.google.android.music.dial.DialMediaRouteProviderService,com.google.android.music:main,10058,0,21711939,[],false,true,0,0,10495967,
1428425104478,ch.unige.css.services.PingService,ch.unige.ping,10074,1449,124240791,[STARTED],false,true,0,0,57082206,
1428425104478,com.android.systemui.keyguard.KeyguardService,com.android.systemui,10012,906,42358,[PERSISTENT],false,false,1,1,42367,
1428425104478,ch.unige.css.services.main.CssRegistryService,ch.unige.ping:background,10074,6441,116967174,[STARTED],false,true,0,0,52547328,
1428425104478,com.whatsapp.messaging.MessageService,com.whatsapp,10159,28262,68313,[STARTED],false,true,1,1,56570418,
1428425104478,ccc71.at.services.at_service,ccc71.bmw.pro:services,10110,6233,69150,[STARTED],false,true,0,0,52514608,
1428425104478,com.google.android.location.geocode.GeocodeService,com.google.process.location,10007,17755,122573132,[],false,true,1,1,56250645,
1428425104478,com.google.android.gms.gcm.GcmService,com.google.process.gapps,10007,17792,17965599,[STARTED],false,true,0,0,56250384,
1428425201440,com.android.bluetooth.hid.HidService,com.android.bluetooth,1002,0,41148,[],false,true,1,1,41157,
1428425201440,com.android.exchange.service.EasService,com.google.android.gm.exchange,10157,2752,54256,[STARTED],false,true,1,1,56797645,
1428425201440,com.google.android.music.dial.DialMediaRouteProviderService,com.google.android.music:main,10058,0,21711939,[],false,true,0,0,10495967,
1428425201440,ch.unige.css.services.PingService,ch.unige.ping,10074,1449,124337770,[STARTED],false,true,0,0,57109349,
1428425201440,com.android.systemui.keyguard.KeyguardService,com.android.systemui,10012,906,42358,[PERSISTENT],false,false,1,1,42367,
1428425201440,ch.unige.css.services.main.CssRegistryService,ch.unige.ping:background,10074,6441,116967174,[STARTED],false,true,0,0,52547328,
1428425201440,com.whatsapp.messaging.MessageService,com.whatsapp,10159,28262,68313,[STARTED],false,true,1,1,56570418,
1428425201440,ccc71.at.services.at_service,ccc71.bmw.pro:services,10110,6233,69150,[STARTED],false,true,0,0,52514608,
1428425201440,com.google.android.location.geocode.GeocodeService,com.google.process.location,10007,17755,122573132,[],false,true,1,1,56250645,
1428425201440,com.google.android.gms.gcm.GcmService,com.google.process.gapps,10007,17792,17965599,[STARTED],false,true,0,0,56250384,
1428425265452,com.android.bluetooth.hid.HidService,com.android.bluetooth,1002,0,41148,[],false,true,1,1,41157,
1428425265452,com.android.exchange.service.EasService,com.google.android.gm.exchange,10157,2752,54256,[STARTED],false,true,1,1,56797645,
1428425265452,com.google.android.music.dial.DialMediaRouteProviderService,com.google.android.music:main,10058,0,21711939,[],false,true,0,0,10495967,
1428425265452,ch.unige.css.services.PingService,ch.unige.ping,10074,1449,124401775,[STARTED],false,true,0,0,57132700,
1428425265452,com.android.systemui.keyguard.KeyguardService,com.android.systemui,10012,906,42358,[PERSISTENT],false,false,1,1,42367,
1428425265452,ch.unige.css.services.main.CssRegistryService,ch.unige.ping:background,10074,6441,116967174,[STARTED],false,true,0,0,52547328,
1428425265452,com.whatsapp.messaging.MessageService,com.whatsapp,10159,28262,68313,[STARTED],false,true,1,1,56570418,
1428425265452,ccc71.at.services.at_service,ccc71.bmw.pro:services,10110,6233,69150,[STARTED],false,true,0,0,52514608,
1428425265452,com.google.android.location.geocode.GeocodeService,com.google.process.location,10007,17755,122573132,[],false,true,1,1,56250645,
1428425265452,com.google.android.gms.gcm.GcmService,com.google.process.gapps,10007,17792,17965599,[STARTED],false,true,0,0,56250384,
1428425344761,com.android.bluetooth.hid.HidService,com.android.bluetooth,1002,0,41148,[],false,true,1,1,41157,
1428425344761,com.android.exchange.service.EasService,com.google.android.gm.exchange,10157,2752,54256,[STARTED],false,true,1,1,56797645,
1428425344761,com.google.android.music.dial.DialMediaRouteProviderService,com.google.android.music:main,10058,0,21711939,[],false,true,0,0,10495967,
1428425344761,ch.unige.css.services.PingService,ch.unige.ping,10074,1449,124481092,[STARTED],false,true,0,0,57156557,
1428425344761,com.android.systemui.keyguard.KeyguardService,com.android.systemui,10012,906,42358,[PERSISTENT],false,false,1,1,42367,
1428425344761,ch.unige.css.services.main.CssRegistryService,ch.unige.ping:background,10074,6441,116967174,[STARTED],false,true,0,0,52547328,
1428425344761,com.whatsapp.messaging.MessageService,com.whatsapp,10159,28262,68313,[STARTED],false,true,1,1,56570418,
1428425344761,ccc71.at.services.at_service,ccc71.bmw.pro:services,10110,6233,69150,[STARTED],false,true,0,0,52514608,
1428425344761,com.google.android.location.geocode.GeocodeService,com.google.process.location,10007,17755,122573132,[],false,true,1,1,56250645,
1428425344761,com.google.android.gms.gcm.GcmService,com.google.process.gapps,10007,17792,17965599,[STARTED],false,true,0,0,56250384,
1428425446459,com.android.bluetooth.hid.HidService,com.android.bluetooth,1002,0,41148,[],false,true,1,1,41157,
1428425446459,com.android.exchange.service.EasService,com.google.android.gm.exchange,10157,2752,54256,[STARTED],false,true,1,1,56797645,
1428425446459,com.google.android.music.dial.DialMediaRouteProviderService,com.google.android.music:main,10058,0,21711939,[],false,true,0,0,10495967,
1428425446459,ch.unige.css.services.PingService,ch.unige.ping,10074,1449,124582784,[STARTED],false,true,0,0,57178278,
1428425446459,com.android.systemui.keyguard.KeyguardService,com.android.systemui,10012,906,42358,[PERSISTENT],false,false,1,1,42367,
1428425446459,ch.unige.css.services.main.CssRegistryService,ch.unige.ping:background,10074,6441,116967174,[STARTED],false,true,0,0,52547328,
1428425446459,com.whatsapp.messaging.MessageService,com.whatsapp,10159,28262,68313,[STARTED],false,true,1,1,56570418,
1428425446459,ccc71.at.services.at_service,ccc71.bmw.pro:services,10110,6233,69150,[STARTED],false,true,0,0,52514608,
1428425446459,com.google.android.location.geocode.GeocodeService,com.google.process.location,10007,17755,122573132,[],false,true,1,1,56250645,
1428425446459,com.google.android.gms.gcm.GcmService,com.google.process.gapps,10007,17792,17965599,[STARTED],false,true,0,0,56250384,
1428425507465,com.android.bluetooth.hid.HidService,com.android.bluetooth,1002,0,41148,[],false,true,1,1,41157,
1428425507465,com.android.exchange.service.EasService,com.google.android.gm.exchange,10157,2752,54256,[STARTED],false,true,1,1,56797645,
1428425507465,com.google.android.music.dial.DialMediaRouteProviderService,com.google.android.music:main,10058,0,21711939,[],false,true,0,0,10495967,
1428425507465,ch.unige.css.services.PingService,ch.unige.ping,10074,1449,124643778,[STARTED],false,true,0,0,57200083,
1428425507465,com.android.systemui.keyguard.KeyguardService,com.android.systemui,10012,906,42358,[PERSISTENT],false,false,1,1,42367,
1428425507465,ch.unige.css.services.main.CssRegistryService,ch.unige.ping:background,10074,6441,116967174,[STARTED],false,true,0,0,52547328,
1428425507465,com.whatsapp.messaging.MessageService,com.whatsapp,10159,28262,68313,[STARTED],false,true,1,1,56570418,
1428425507465,ccc71.at.services.at_service,ccc71.bmw.pro:services,10110,6233,69150,[STARTED],false,true,0,0,52514608,
1428425507465,com.google.android.location.geocode.GeocodeService,com.google.process.location,10007,17755,122573132,[],false,true,1,1,56250645,
1428425507465,com.google.android.gms.gcm.GcmService,com.google.process.gapps,10007,17792,17965599,[STARTED],false,true,0,0,56250384,
1428425585462,com.android.bluetooth.hid.HidService,com.android.bluetooth,1002,0,41148,[],false,true,1,1,41157,
1428425585462,com.android.exchange.service.EasService,com.google.android.gm.exchange,10157,2752,54256,[STARTED],false,true,1,1,56797645,
1428425585462,com.google.android.music.dial.DialMediaRouteProviderService,com.google.android.music:main,10058,0,21711939,[],false,true,0,0,10495967,
1428425585462,ch.unige.css.services.PingService,ch.unige.ping,10074,1449,124721793,[STARTED],false,true,0,0,57224447,
1428425585462,com.android.systemui.keyguard.KeyguardService,com.android.systemui,10012,906,42358,[PERSISTENT],false,false,1,1,42367,
1428425585462,ch.unige.css.services.main.CssRegistryService,ch.unige.ping:background,10074,6441,116967174,[STARTED],false,true,0,0,52547328,
1428425585462,com.whatsapp.messaging.MessageService,com.whatsapp,10159,28262,68313,[STARTED],false,true,1,1,56570418,
1428425585462,ccc71.at.services.at_service,ccc71.bmw.pro:services,10110,6233,69150,[STARTED],false,true,0,0,52514608,
1428425585462,com.google.android.location.geocode.GeocodeService,com.google.process.location,10007,17755,122573132,[],false,true,1,1,56250645,
1428425585462,com.google.android.gms.gcm.GcmService,com.google.process.gapps,10007,17792,17965599,[STARTED],false,true,0,0,56250384,
1428425645490,com.android.bluetooth.hid.HidService,com.android.bluetooth,1002,0,41148,[],false,true,1,1,41157,
1428425645490,com.android.exchange.service.EasService,com.google.android.gm.exchange,10157,2752,54256,[STARTED],false,true,1,1,56797645,
1428425645490,com.google.android.music.dial.DialMediaRouteProviderService,com.google.android.music:main,10058,0,21711939,[],false,true,0,0,10495967,
1428425645490,ch.unige.css.services.PingService,ch.unige.ping,10074,1449,124781807,[STARTED],false,true,0,0,57249452,
1428425645490,com.android.systemui.keyguard.KeyguardService,com.android.systemui,10012,906,42358,[PERSISTENT],false,false,1,1,42367,
1428425645490,ch.unige.css.services.main.CssRegistryService,ch.unige.ping:background,10074,6441,116967174,[STARTED],false,true,0,0,52547328,
1428425645490,com.whatsapp.messaging.MessageService,com.whatsapp,10159,28262,68313,[STARTED],false,true,1,1,56570418,
1428425645490,ccc71.at.services.at_service,ccc71.bmw.pro:services,10110,6233,69150,[STARTED],false,true,0,0,52514608,
1428425645490,com.google.android.location.geocode.GeocodeService,com.google.process.location,10007,17755,122573132,[],false,true,1,1,56250645,
1428425645490,com.google.android.gms.gcm.GcmService,com.google.process.gapps,10007,17792,17965599,[STARTED],false,true,0,0,56250384,
1428425749458,com.android.bluetooth.hid.HidService,com.android.bluetooth,1002,0,41148,[],false,true,1,1,41157,
1428425749458,com.android.exchange.service.EasService,com.google.android.gm.exchange,10157,2752,54256,[STARTED],false,true,1,1,56797645,
1428425749458,com.google.android.music.dial.DialMediaRouteProviderService,com.google.android.music:main,10058,0,21711939,[],false,true,0,0,10495967,
1428425749458,ch.unige.css.services.PingService,ch.unige.ping,10074,1449,124885777,[STARTED],false,true,0,0,57272841,
1428425749458,com.android.systemui.keyguard.KeyguardService,com.android.systemui,10012,906,42358,[PERSISTENT],false,false,1,1,42367,
1428425749458,ch.unige.css.services.main.CssRegistryService,ch.unige.ping:background,10074,6441,116967174,[STARTED],false,true,0,0,52547328,
1428425749458,com.whatsapp.messaging.MessageService,com.whatsapp,10159,28262,68313,[STARTED],false,true,1,1,56570418,
1428425749458,ccc71.at.services.at_service,ccc71.bmw.pro:services,10110,6233,69150,[STARTED],false,true,0,0,52514608,
1428425749458,com.google.android.location.geocode.GeocodeService,com.google.process.location,10007,17755,122573132,[],false,true,1,1,56250645,
1428425749458,com.google.android.gms.gcm.GcmService,com.google.process.gapps,10007,17792,17965599,[STARTED],false,true,0,0,56250384,
1428425840478,com.android.bluetooth.hid.HidService,com.android.bluetooth,1002,0,41148,[],false,true,1,1,41157,
1428425840478,com.android.exchange.service.EasService,com.google.android.gm.exchange,10157,2752,54256,[STARTED],false,true,1,1,56797645,
1428425840478,com.google.android.music.dial.DialMediaRouteProviderService,com.google.android.music:main,10058,0,21711939,[],false,true,0,0,10495967,
1428425840478,ch.unige.css.services.PingService,ch.unige.ping,10074,1449,124976799,[STARTED],false,true,0,0,57296154,
1428425840478,com.android.systemui.keyguard.KeyguardService,com.android.systemui,10012,906,42358,[PERSISTENT],false,false,1,1,42367,
1428425840478,ch.unige.css.services.main.CssRegistryService,ch.unige.ping:background,10074,6441,116967174,[STARTED],false,true,0,0,52547328,
1428425840478,com.whatsapp.messaging.MessageService,com.whatsapp,10159,28262,68313,[STARTED],false,true,1,1,56570418,
1428425840478,ccc71.at.services.at_service,ccc71.bmw.pro:services,10110,6233,69150,[STARTED],false,true,0,0,52514608,
1428425840478,com.google.android.location.geocode.GeocodeService,com.google.process.location,10007,17755,122573132,[],false,true,1,1,56250645,
1428425840478,com.google.android.gms.gcm.GcmService,com.google.process.gapps,10007,17792,17965599,[STARTED],false,true,0,0,56250384,
1428425900489,com.android.bluetooth.hid.HidService,com.android.bluetooth,1002,0,41148,[],false,true,1,1,41157,
1428425900489,com.android.exchange.service.EasService,com.google.android.gm.exchange,10157,2752,54256,[STARTED],false,true,1,1,56797645,
1428425900489,com.google.android.music.dial.DialMediaRouteProviderService,com.google.android.music:main,10058,0,21711939,[],false,true,0,0,10495967,
1428425900489,ch.unige.css.services.PingService,ch.unige.ping,10074,1449,125036820,[STARTED],false,true,0,0,57322864,
1428425900489,com.android.systemui.keyguard.KeyguardService,com.android.systemui,10012,906,42358,[PERSISTENT],false,false,1,1,42367,
1428425900489,ch.unige.css.services.main.CssRegistryService,ch.unige.ping:background,10074,6441,116967174,[STARTED],false,true,0,0,52547328,
1428425900489,com.whatsapp.messaging.MessageService,com.whatsapp,10159,28262,68313,[STARTED],false,true,1,1,56570418,
1428425900489,ccc71.at.services.at_service,ccc71.bmw.pro:services,10110,6233,69150,[STARTED],false,true,0,0,52514608,
1428425900489,com.google.android.location.geocode.GeocodeService,com.google.process.location,10007,17755,122573132,[],false,true,1,1,56250645,
1428425900489,com.google.android.gms.gcm.GcmService,com.google.process.gapps,10007,17792,17965599,[STARTED],false,true,0,0,56250384,
1428425961447,com.android.bluetooth.hid.HidService,com.android.bluetooth,1002,0,41148,[],false,true,1,1,41157,
1428425961447,com.android.exchange.service.EasService,com.google.android.gm.exchange,10157,2752,54256,[STARTED],false,true,1,1,56797645,
1428425961447,com.google.android.music.dial.DialMediaRouteProviderService,com.google.android.music:main,10058,0,21711939,[],false,true,0,0,10495967,
1428425961447,ch.unige.css.services.PingService,ch.unige.ping,10074,1449,125097778,[STARTED],false,true,0,0,57348340,
1428425961447,com.android.systemui.keyguard.KeyguardService,com.android.systemui,10012,906,42358,[PERSISTENT],false,false,1,1,42367,
1428425961447,ch.unige.css.services.main.CssRegistryService,ch.unige.ping:background,10074,6441,116967174,[STARTED],false,true,0,0,52547328,
1428425961447,com.whatsapp.messaging.MessageService,com.whatsapp,10159,28262,68313,[STARTED],false,true,1,1,56570418,
1428425961447,ccc71.at.services.at_service,ccc71.bmw.pro:services,10110,6233,69150,[STARTED],false,true,0,0,52514608,
1428425961447,com.google.android.location.geocode.GeocodeService,com.google.process.location,10007,17755,122573132,[],false,true,1,1,56250645,
1428425961447,com.google.android.gms.gcm.GcmService,com.google.process.gapps,10007,17792,17965599,[STARTED],false,true,0,0,56250384,
1428426022441,com.android.bluetooth.hid.HidService,com.android.bluetooth,1002,0,41148,[],false,true,1,1,41157,
1428426022441,com.android.exchange.service.EasService,com.google.android.gm.exchange,10157,2752,54256,[STARTED],false,true,1,1,56797645,
1428426022441,com.google.android.music.dial.DialMediaRouteProviderService,com.google.android.music:main,10058,0,21711939,[],false,true,0,0,10495967,
1428426022441,ch.unige.css.services.PingService,ch.unige.ping,10074,1449,125158774,[STARTED],false,true,0,0,57373859,
1428426022441,com.android.systemui.keyguard.KeyguardService,com.android.systemui,10012,906,42358,[PERSISTENT],false,false,1,1,42367,
1428426022441,ch.unige.css.services.main.CssRegistryService,ch.unige.ping:background,10074,6441,116967174,[STARTED],false,true,0,0,52547328,
1428426022441,com.whatsapp.messaging.MessageService,com.whatsapp,10159,28262,68313,[STARTED],false,true,1,1,56570418,
1428426022441,ccc71.at.services.at_service,ccc71.bmw.pro:services,10110,6233,69150,[STARTED],false,true,0,0,52514608,
1428426022441,com.google.android.location.geocode.GeocodeService,com.google.process.location,10007,17755,122573132,[],false,true,1,1,56250645,
1428426022441,com.google.android.gms.gcm.GcmService,com.google.process.gapps,10007,17792,17965599,[STARTED],false,true,0,0,56250384,
1428426082462,com.android.bluetooth.hid.HidService,com.android.bluetooth,1002,0,41148,[],false,true,1,1,41157,
1428426082462,com.android.exchange.service.EasService,com.google.android.gm.exchange,10157,2752,54256,[STARTED],false,true,1,1,56797645,
1428426082462,com.google.android.music.dial.DialMediaRouteProviderService,com.google.android.music:main,10058,0,21711939,[],false,true,0,0,10495967,
1428426082462,ch.unige.css.services.PingService,ch.unige.ping,10074,1449,125218793,[STARTED],false,true,0,0,57395627,
1428426082462,com.android.systemui.keyguard.KeyguardService,com.android.systemui,10012,906,42358,[PERSISTENT],false,false,1,1,42367,
1428426082462,ch.unige.css.services.main.CssRegistryService,ch.unige.ping:background,10074,6441,116967174,[STARTED],false,true,0,0,52547328,
1428426082462,com.whatsapp.messaging.MessageService,com.whatsapp,10159,28262,68313,[STARTED],false,true,1,1,56570418,
1428426082462,ccc71.at.services.at_service,ccc71.bmw.pro:services,10110,6233,69150,[STARTED],false,true,0,0,52514608,
1428426082462,com.google.android.location.geocode.GeocodeService,com.google.process.location,10007,17755,122573132,[],false,true,1,1,56250645,
1428426082462,com.google.android.gms.gcm.GcmService,com.google.process.gapps,10007,17792,17965599,[STARTED],false,true,0,0,56250384,
1428426164458,com.android.bluetooth.hid.HidService,com.android.bluetooth,1002,0,41148,[],false,true,1,1,41157,
1428426164458,com.android.exchange.service.EasService,com.google.android.gm.exchange,10157,2752,54256,[STARTED],false,true,1,1,56797645,
1428426164458,com.google.android.music.dial.DialMediaRouteProviderService,com.google.android.music:main,10058,0,21711939,[],false,true,0,0,10495967,
1428426164458,ch.unige.css.services.PingService,ch.unige.ping,10074,1449,125300778,[STARTED],false,true,0,0,57415973,
1428426164458,com.android.systemui.keyguard.KeyguardService,com.android.systemui,10012,906,42358,[PERSISTENT],false,false,1,1,42367,
1428426164458,ch.unige.css.services.main.CssRegistryService,ch.unige.ping:background,10074,6441,116967174,[STARTED],false,true,0,0,52547328,
1428426164458,com.whatsapp.messaging.MessageService,com.whatsapp,10159,28262,68313,[STARTED],false,true,1,1,56570418,
1428426164458,ccc71.at.services.at_service,ccc71.bmw.pro:services,10110,6233,69150,[STARTED],false,true,0,0,52514608,
1428426164458,com.google.android.location.geocode.GeocodeService,com.google.process.location,10007,17755,122573132,[],false,true,1,1,56250645,
1428426164458,com.google.android.gms.gcm.GcmService,com.google.process.gapps,10007,17792,17965599,[STARTED],false,true,0,0,56250384,
1428426228444,com.android.bluetooth.hid.HidService,com.android.bluetooth,1002,0,41148,[],false,true,1,1,41157,
1428426228444,com.android.exchange.service.EasService,com.google.android.gm.exchange,10157,2752,54256,[STARTED],false,true,1,1,56797645,
1428426228444,com.google.android.music.dial.DialMediaRouteProviderService,com.google.android.music:main,10058,0,21711939,[],false,true,0,0,10495967,
1428426228444,ch.unige.css.services.PingService,ch.unige.ping,10074,1449,125364776,[STARTED],false,true,0,0,57437091,
1428426228444,com.android.systemui.keyguard.KeyguardService,com.android.systemui,10012,906,42358,[PERSISTENT],false,false,1,1,42367,
1428426228444,ch.unige.css.services.main.CssRegistryService,ch.unige.ping:background,10074,6441,116967174,[STARTED],false,true,0,0,52547328,
1428426228444,com.whatsapp.messaging.MessageService,com.whatsapp,10159,28262,68313,[STARTED],false,true,1,1,56570418,
1428426228444,ccc71.at.services.at_service,ccc71.bmw.pro:services,10110,6233,69150,[STARTED],false,true,0,0,52514608,
1428426228444,com.google.android.location.geocode.GeocodeService,com.google.process.location,10007,17755,122573132,[],false,true,1,1,56250645,
1428426228444,com.google.android.gms.gcm.GcmService,com.google.process.gapps,10007,17792,17965599,[STARTED],false,true,0,0,56250384,
1428426322535,com.android.bluetooth.hid.HidService,com.android.bluetooth,1002,0,41148,[],false,true,1,1,41157,
1428426322535,com.android.exchange.service.EasService,com.google.android.gm.exchange,10157,2752,54256,[STARTED],false,true,1,1,56797645,
1428426322535,com.google.android.music.dial.DialMediaRouteProviderService,com.google.android.music:main,10058,0,21711939,[],false,true,0,0,10495967,
1428426322535,ch.unige.css.services.PingService,ch.unige.ping,10074,1449,125458863,[STARTED],false,true,0,0,57457566,
1428426322535,com.android.systemui.keyguard.KeyguardService,com.android.systemui,10012,906,42358,[PERSISTENT],false,false,1,1,42367,
1428426322535,ch.unige.css.services.main.CssRegistryService,ch.unige.ping:background,10074,6441,116967174,[STARTED],false,true,0,0,52547328,
1428426322535,com.whatsapp.messaging.MessageService,com.whatsapp,10159,28262,68313,[STARTED],false,true,1,1,56570418,
1428426322535,ccc71.at.services.at_service,ccc71.bmw.pro:services,10110,6233,69150,[STARTED],false,true,0,0,52514608,
1428426322535,com.google.android.location.geocode.GeocodeService,com.google.process.location,10007,17755,122573132,[],false,true,1,1,56250645,
1428426322535,com.google.android.gms.gcm.GcmService,com.google.process.gapps,10007,17792,17965599,[STARTED],false,true,0,0,56250384,
1428426382633,com.android.bluetooth.hid.HidService,com.android.bluetooth,1002,0,41148,[],false,true,1,1,41157,
1428426382633,com.android.exchange.service.EasService,com.google.android.gm.exchange,10157,2752,54256,[STARTED],false,true,1,1,56797645,
1428426382633,com.google.android.music.dial.DialMediaRouteProviderService,com.google.android.music:main,10058,0,21711939,[],false,true,0,0,10495967,
1428426382633,ch.unige.css.services.PingService,ch.unige.ping,10074,1449,125518929,[STARTED],false,true,0,0,57478084,
1428426382633,com.android.systemui.keyguard.KeyguardService,com.android.systemui,10012,906,42358,[PERSISTENT],false,false,1,1,42367,
1428426382633,ch.unige.css.services.main.CssRegistryService,ch.unige.ping:background,10074,6441,116967174,[STARTED],false,true,0,0,52547328,
1428426382633,com.whatsapp.messaging.MessageService,com.whatsapp,10159,28262,68313,[STARTED],false,true,1,1,56570418,
1428426382633,ccc71.at.services.at_service,ccc71.bmw.pro:services,10110,6233,69150,[STARTED],false,true,0,0,52514608,
1428426382633,com.google.android.location.geocode.GeocodeService,com.google.process.location,10007,17755,122573132,[],false,true,1,1,56250645,
1428426382633,com.google.android.gms.gcm.GcmService,com.google.process.gapps,10007,17792,17965599,[STARTED],false,true,0,0,56250384,
1428426442783,com.android.bluetooth.hid.HidService,com.android.bluetooth,1002,0,41148,[],false,true,1,1,41157,
1428426442783,com.android.exchange.service.EasService,com.google.android.gm.exchange,10157,2752,54256,[STARTED],false,true,1,1,56797645,
1428426442783,com.google.android.music.dial.DialMediaRouteProviderService,com.google.android.music:main,10058,0,21711939,[],false,true,0,0,10495967,
1428426442783,ch.unige.css.services.PingService,ch.unige.ping,10074,1449,125579114,[STARTED],false,true,0,0,57498808,
1428426442783,com.android.systemui.keyguard.KeyguardService,com.android.systemui,10012,906,42358,[PERSISTENT],false,false,1,1,42367,
1428426442783,ch.unige.css.services.main.CssRegistryService,ch.unige.ping:background,10074,6441,116967174,[STARTED],false,true,0,0,52547328,
1428426442783,com.whatsapp.messaging.MessageService,com.whatsapp,10159,28262,68313,[STARTED],false,true,1,1,56570418,
1428426442783,ccc71.at.services.at_service,ccc71.bmw.pro:services,10110,6233,69150,[STARTED],false,true,0,0,52514608,
1428426442783,com.google.android.location.geocode.GeocodeService,com.google.process.location,10007,17755,122573132,[],false,true,1,1,56250645,
1428426442783,com.google.android.gms.gcm.GcmService,com.google.process.gapps,10007,17792,17965599,[STARTED],false,true,0,0,56250384,
1428426502849,com.android.bluetooth.hid.HidService,com.android.bluetooth,1002,0,41148,[],false,true,1,1,41157,
1428426502849,com.android.exchange.service.EasService,com.google.android.gm.exchange,10157,2752,54256,[STARTED],false,true,1,1,56797645,
1428426502849,com.google.android.music.dial.DialMediaRouteProviderService,com.google.android.music:main,10058,0,21711939,[],false,true,0,0,10495967,
1428426502849,ch.unige.css.services.PingService,ch.unige.ping,10074,1449,125639183,[STARTED],false,true,0,0,57521266,
1428426502849,com.android.systemui.keyguard.KeyguardService,com.android.systemui,10012,906,42358,[PERSISTENT],false,false,1,1,42367,
1428426502849,ch.unige.css.services.main.CssRegistryService,ch.unige.ping:background,10074,6441,116967174,[STARTED],false,true,0,0,52547328,
1428426502849,com.whatsapp.messaging.MessageService,com.whatsapp,10159,28262,68313,[STARTED],false,true,1,1,56570418,
1428426502849,ccc71.at.services.at_service,ccc71.bmw.pro:services,10110,6233,69150,[STARTED],false,true,0,0,52514608,
1428426502849,com.google.android.location.geocode.GeocodeService,com.google.process.location,10007,17755,122573132,[],false,true,1,1,56250645,
1428426502849,com.google.android.gms.gcm.GcmService,com.google.process.gapps,10007,17792,17965599,[STARTED],false,true,0,0,56250384,
1428426562917,com.android.bluetooth.hid.HidService,com.android.bluetooth,1002,0,41148,[],false,true,1,1,41157,
1428426562917,com.android.exchange.service.EasService,com.google.android.gm.exchange,10157,2752,54256,[STARTED],false,true,1,1,56797645,
1428426562917,com.google.android.music.dial.DialMediaRouteProviderService,com.google.android.music:main,10058,0,21711939,[],false,true,0,0,10495967,
1428426562917,ch.unige.css.services.PingService,ch.unige.ping,10074,1449,125699238,[STARTED],false,true,0,0,57542063,
1428426562917,com.android.systemui.keyguard.KeyguardService,com.android.systemui,10012,906,42358,[PERSISTENT],false,false,1,1,42367,
1428426562917,ch.unige.css.services.main.CssRegistryService,ch.unige.ping:background,10074,6441,116967174,[STARTED],false,true,0,0,52547328,
1428426562917,com.whatsapp.messaging.MessageService,com.whatsapp,10159,28262,68313,[STARTED],false,true,1,1,56570418,
1428426562917,ccc71.at.services.at_service,ccc71.bmw.pro:services,10110,6233,69150,[STARTED],false,true,0,0,52514608,
1428426562917,com.google.android.location.geocode.GeocodeService,com.google.process.location,10007,17755,122573132,[],false,true,1,1,56250645,
1428426562917,com.google.android.gms.gcm.GcmService,com.google.process.gapps,10007,17792,17965599,[STARTED],false,true,0,0,56250384,
1428426622943,com.android.bluetooth.hid.HidService,com.android.bluetooth,1002,0,41148,[],false,true,1,1,41157,
1428426622943,com.android.exchange.service.EasService,com.google.android.gm.exchange,10157,2752,54256,[STARTED],false,true,1,1,56797645,
1428426622943,com.google.android.music.dial.DialMediaRouteProviderService,com.google.android.music:main,10058,0,21711939,[],false,true,0,0,10495967,
1428426622943,ch.unige.css.services.PingService,ch.unige.ping,10074,1449,125759264,[STARTED],false,true,0,0,57567629,
1428426622943,com.android.systemui.keyguard.KeyguardService,com.android.systemui,10012,906,42358,[PERSISTENT],false,false,1,1,42367,
1428426622943,com.google.android.gms.droidguard.DroidGuardService,com.google.android.gms.unstable,10007,31944,125759206,[],false,true,1,1,57567630,
1428426622943,ch.unige.css.services.main.CssRegistryService,ch.unige.ping:background,10074,6441,116967174,[STARTED],false,true,0,0,52547328,
1428426622943,com.whatsapp.messaging.MessageService,com.whatsapp,10159,28262,68313,[STARTED],false,true,1,1,56570418,
1428426622943,ccc71.at.services.at_service,ccc71.bmw.pro:services,10110,6233,69150,[STARTED],false,true,0,0,52514608,
1428426622943,com.google.android.location.geocode.GeocodeService,com.google.process.location,10007,17755,122573132,[],false,true,1,1,56250645,
1428426683433,com.android.bluetooth.hid.HidService,com.android.bluetooth,1002,0,41148,[],false,true,1,1,41157,
1428426683433,com.android.exchange.service.EasService,com.google.android.gm.exchange,10157,2752,54256,[STARTED],false,true,1,1,57601637,
1428426683433,com.google.android.music.dial.DialMediaRouteProviderService,com.google.android.music:main,10058,0,21711939,[],false,true,0,0,10495967,
1428426683433,ch.unige.css.services.PingService,ch.unige.ping,10074,1449,125819772,[STARTED],false,true,0,0,57601646,
1428426683433,com.android.systemui.keyguard.KeyguardService,com.android.systemui,10012,906,42358,[PERSISTENT],false,false,1,1,42367,
1428426683433,ch.unige.css.services.main.CssRegistryService,ch.unige.ping:background,10074,6441,116967174,[STARTED],false,true,0,0,52547328,
1428426683433,com.whatsapp.messaging.MessageService,com.whatsapp,10159,28262,68313,[STARTED],false,true,1,1,56570418,
1428426683433,ccc71.at.services.at_service,ccc71.bmw.pro:services,10110,6233,69150,[STARTED],false,true,0,0,52514608,
1428426683433,com.google.android.location.geocode.GeocodeService,com.google.process.location,10007,17755,125769719,[],false,true,1,1,57578083,
1428426683433,com.google.android.gms.gcm.GcmService,com.google.process.gapps,10007,17792,17965599,[STARTED],false,true,0,0,57577853,
1428426786564,com.android.bluetooth.hid.HidService,com.android.bluetooth,1002,0,41148,[],false,true,1,1,41157,
1428426786564,com.android.exchange.service.EasService,com.google.android.gm.exchange,10157,2752,54256,[STARTED],false,true,1,1,57601942,
1428426786564,com.google.android.music.dial.DialMediaRouteProviderService,com.google.android.music:main,10058,0,21711939,[],false,true,0,0,10495967,
1428426786564,ch.unige.css.services.PingService,ch.unige.ping,10074,1449,125922894,[STARTED],false,true,0,0,57622465,
1428426786564,com.android.systemui.keyguard.KeyguardService,com.android.systemui,10012,906,42358,[PERSISTENT],false,false,1,1,42367,
1428426786564,ch.unige.css.services.main.CssRegistryService,ch.unige.ping:background,10074,6441,116967174,[STARTED],false,true,0,0,52547328,
1428426786564,com.whatsapp.messaging.MessageService,com.whatsapp,10159,28262,68313,[STARTED],false,true,1,1,56570418,
1428426786564,ccc71.at.services.at_service,ccc71.bmw.pro:services,10110,6233,69150,[STARTED],false,true,0,0,52514608,
1428426786564,com.google.android.location.geocode.GeocodeService,com.google.process.location,10007,17755,125769719,[],false,true,1,1,57578083,
1428426786564,com.google.android.gms.gcm.GcmService,com.google.process.gapps,10007,17792,17965599,[STARTED],false,true,0,0,57577853,
1428426846757,com.android.bluetooth.hid.HidService,com.android.bluetooth,1002,0,41148,[],false,true,1,1,41157,
1428426846757,com.android.exchange.service.EasService,com.google.android.gm.exchange,10157,2752,54256,[STARTED],false,true,1,1,57601942,
1428426846757,com.google.android.music.dial.DialMediaRouteProviderService,com.google.android.music:main,10058,0,21711939,[],false,true,0,0,10495967,
1428426846757,ch.unige.css.services.PingService,ch.unige.ping,10074,1449,125983086,[STARTED],false,true,0,0,57643139,
1428426846757,com.android.systemui.keyguard.KeyguardService,com.android.systemui,10012,906,42358,[PERSISTENT],false,false,1,1,42367,
1428426846757,ch.unige.css.services.main.CssRegistryService,ch.unige.ping:background,10074,6441,116967174,[STARTED],false,true,0,0,52547328,
1428426846757,com.whatsapp.messaging.MessageService,com.whatsapp,10159,28262,68313,[STARTED],false,true,1,1,56570418,
1428426846757,ccc71.at.services.at_service,ccc71.bmw.pro:services,10110,6233,69150,[STARTED],false,true,0,0,52514608,
1428426846757,com.google.android.location.geocode.GeocodeService,com.google.process.location,10007,17755,125769719,[],false,true,1,1,57578083,
1428426846757,com.google.android.gms.gcm.GcmService,com.google.process.gapps,10007,17792,17965599,[STARTED],false,true,0,0,57577853,
1428426907460,com.android.bluetooth.hid.HidService,com.android.bluetooth,1002,0,41148,[],false,true,1,1,41157,
1428426907460,com.android.exchange.service.EasService,com.google.android.gm.exchange,10157,2752,54256,[STARTED],false,true,1,1,57601942,
1428426907460,com.google.android.music.dial.DialMediaRouteProviderService,com.google.android.music:main,10058,0,21711939,[],false,true,0,0,10495967,
1428426907460,ch.unige.css.services.PingService,ch.unige.ping,10074,1449,126043772,[STARTED],false,true,0,0,57664289,
1428426907460,com.android.systemui.keyguard.KeyguardService,com.android.systemui,10012,906,42358,[PERSISTENT],false,false,1,1,42367,
1428426907460,ch.unige.css.services.main.CssRegistryService,ch.unige.ping:background,10074,6441,116967174,[STARTED],false,true,0,0,52547328,
1428426907460,com.whatsapp.messaging.MessageService,com.whatsapp,10159,28262,68313,[STARTED],false,true,1,1,56570418,
1428426907460,ccc71.at.services.at_service,ccc71.bmw.pro:services,10110,6233,69150,[STARTED],false,true,0,0,52514608,
1428426907460,com.google.android.location.geocode.GeocodeService,com.google.process.location,10007,17755,125769719,[],false,true,1,1,57578083,
1428426907460,com.google.android.gms.gcm.GcmService,com.google.process.gapps,10007,17792,17965599,[STARTED],false,true,0,0,57577853,
1428426967795,com.android.bluetooth.hid.HidService,com.android.bluetooth,1002,0,41148,[],false,true,1,1,41157,
1428426967795,com.android.exchange.service.EasService,com.google.android.gm.exchange,10157,2752,54256,[STARTED],false,true,1,1,57601942,
1428426967795,com.google.android.music.dial.DialMediaRouteProviderService,com.google.android.music:main,10058,0,21711939,[],false,true,0,0,10495967,
1428426967795,ch.unige.css.services.PingService,ch.unige.ping,10074,1449,126104114,[STARTED],false,true,0,0,57685591,
1428426967795,com.android.systemui.keyguard.KeyguardService,com.android.systemui,10012,906,42358,[PERSISTENT],false,false,1,1,42367,
1428426967795,ch.unige.css.services.main.CssRegistryService,ch.unige.ping:background,10074,6441,116967174,[STARTED],false,true,0,0,52547328,
1428426967795,com.whatsapp.messaging.MessageService,com.whatsapp,10159,28262,68313,[STARTED],false,true,1,1,56570418,
1428426967795,ccc71.at.services.at_service,ccc71.bmw.pro:services,10110,6233,69150,[STARTED],false,true,0,0,52514608,
1428426967795,com.google.android.location.geocode.GeocodeService,com.google.process.location,10007,17755,125769719,[],false,true,1,1,57578083,
1428426967795,com.google.android.gms.gcm.GcmService,com.google.process.gapps,10007,17792,17965599,[STARTED],false,true,0,0,57577853,
1428427027957,com.android.bluetooth.hid.HidService,com.android.bluetooth,1002,0,41148,[],false,true,1,1,41157,
1428427027957,com.android.exchange.service.EasService,com.google.android.gm.exchange,10157,2752,54256,[STARTED],false,true,1,1,57601942,
1428427027957,com.google.android.music.dial.DialMediaRouteProviderService,com.google.android.music:main,10058,0,21711939,[],false,true,0,0,10495967,
1428427027957,ch.unige.css.services.PingService,ch.unige.ping,10074,1449,126164283,[STARTED],false,true,0,0,57711677,
1428427027957,com.android.systemui.keyguard.KeyguardService,com.android.systemui,10012,906,42358,[PERSISTENT],false,false,1,1,42367,
1428427027957,ch.unige.css.services.main.CssRegistryService,ch.unige.ping:background,10074,6441,116967174,[STARTED],false,true,0,0,52547328,
1428427027957,com.google.android.sidekick.main.entry.EntriesRefreshIntentService,com.google.android.googlequicksearchbox:search,10019,1402,126163763,[STARTED],false,true,0,0,57711157,
1428427027957,com.whatsapp.messaging.MessageService,com.whatsapp,10159,28262,68313,[STARTED],false,true,1,1,57707507,
1428427027957,ccc71.at.services.at_service,ccc71.bmw.pro:services,10110,6233,69150,[STARTED],false,true,0,0,52514608,
1428427027957,com.google.android.location.geocode.GeocodeService,com.google.process.location,10007,17755,125769719,[],false,true,1,1,57578083,
1428427088138,com.android.bluetooth.hid.HidService,com.android.bluetooth,1002,0,41148,[],false,true,1,1,41157,
1428427088138,com.android.exchange.service.EasService,com.google.android.gm.exchange,10157,2752,54256,[STARTED],false,true,1,1,57601942,
1428427088138,com.google.android.music.dial.DialMediaRouteProviderService,com.google.android.music:main,10058,0,21711939,[],false,true,0,0,10495967,
1428427088138,ch.unige.css.services.PingService,ch.unige.ping,10074,1449,126224469,[STARTED],false,true,0,0,57733703,
1428427088138,com.android.systemui.keyguard.KeyguardService,com.android.systemui,10012,906,42358,[PERSISTENT],false,false,1,1,42367,
1428427088138,ch.unige.css.services.main.CssRegistryService,ch.unige.ping:background,10074,6441,116967174,[STARTED],false,true,0,0,52547328,
1428427088138,com.whatsapp.messaging.MessageService,com.whatsapp,10159,28262,68313,[STARTED],false,true,1,1,57707507,
1428427088138,ccc71.at.services.at_service,ccc71.bmw.pro:services,10110,6233,69150,[STARTED],false,true,0,0,52514608,
1428427088138,com.google.android.location.geocode.GeocodeService,com.google.process.location,10007,17755,125769719,[],false,true,1,1,57578083,
1428427088138,com.google.android.gms.gcm.GcmService,com.google.process.gapps,10007,17792,17965599,[STARTED],false,true,0,0,57577853,
1428427149459,com.android.bluetooth.hid.HidService,com.android.bluetooth,1002,0,41148,[],false,true,1,1,41157,
1428427149459,com.android.exchange.service.EasService,com.google.android.gm.exchange,10157,2752,54256,[STARTED],false,true,1,1,57601942,
1428427149459,com.google.android.music.dial.DialMediaRouteProviderService,com.google.android.music:main,10058,0,21711939,[],false,true,0,0,10495967,
1428427149459,ch.unige.css.services.PingService,ch.unige.ping,10074,1449,126285789,[STARTED],false,true,0,0,57754073,
1428427149459,com.android.systemui.keyguard.KeyguardService,com.android.systemui,10012,906,42358,[PERSISTENT],false,false,1,1,42367,
1428427149459,ch.unige.css.services.main.CssRegistryService,ch.unige.ping:background,10074,6441,116967174,[STARTED],false,true,0,0,52547328,
1428427149459,com.whatsapp.messaging.MessageService,com.whatsapp,10159,28262,68313,[STARTED],false,true,1,1,57707507,
1428427149459,ccc71.at.services.at_service,ccc71.bmw.pro:services,10110,6233,69150,[STARTED],false,true,0,0,52514608,
1428427149459,com.google.android.location.geocode.GeocodeService,com.google.process.location,10007,17755,125769719,[],false,true,1,1,57578083,
1428427149459,com.google.android.gms.gcm.GcmService,com.google.process.gapps,10007,17792,17965599,[STARTED],false,true,0,0,57577853,
1428427209639,com.android.bluetooth.hid.HidService,com.android.bluetooth,1002,0,41148,[],false,true,1,1,41157,
1428427209639,com.android.exchange.service.EasService,com.google.android.gm.exchange,10157,2752,54256,[STARTED],false,true,1,1,57601942,
1428427209639,com.google.android.music.dial.DialMediaRouteProviderService,com.google.android.music:main,10058,0,21711939,[],false,true,0,0,10495967,
1428427209639,ch.unige.css.services.PingService,ch.unige.ping,10074,1449,126345968,[STARTED],false,true,0,0,57774622,
1428427209639,com.android.systemui.keyguard.KeyguardService,com.android.systemui,10012,906,42358,[PERSISTENT],false,false,1,1,42367,
1428427209639,ch.unige.css.services.main.CssRegistryService,ch.unige.ping:background,10074,6441,116967174,[STARTED],false,true,0,0,52547328,
1428427209639,com.whatsapp.messaging.MessageService,com.whatsapp,10159,28262,68313,[STARTED],false,true,1,1,57707507,
1428427209639,ccc71.at.services.at_service,ccc71.bmw.pro:services,10110,6233,69150,[STARTED],false,true,0,0,52514608,
1428427209639,com.google.android.location.geocode.GeocodeService,com.google.process.location,10007,17755,125769719,[],false,true,1,1,57578083,
1428427209639,com.google.android.gms.gcm.GcmService,com.google.process.gapps,10007,17792,17965599,[STARTED],false,true,0,0,57577853,
1428427269863,com.android.bluetooth.hid.HidService,com.android.bluetooth,1002,0,41148,[],false,true,1,1,41157,
1428427269863,com.android.exchange.service.EasService,com.google.android.gm.exchange,10157,2752,54256,[STARTED],false,true,1,1,57601942,
1428427269863,com.google.android.music.dial.DialMediaRouteProviderService,com.google.android.music:main,10058,0,21711939,[],false,true,0,0,10495967,
1428427269863,ch.unige.css.services.PingService,ch.unige.ping,10074,1449,126406195,[STARTED],false,true,0,0,57796390,
1428427269863,com.android.systemui.keyguard.KeyguardService,com.android.systemui,10012,906,42358,[PERSISTENT],false,false,1,1,42367,
1428427269863,ch.unige.css.services.main.CssRegistryService,ch.unige.ping:background,10074,6441,116967174,[STARTED],false,true,0,0,52547328,
1428427269863,com.whatsapp.messaging.MessageService,com.whatsapp,10159,28262,68313,[STARTED],false,true,1,1,57707507,
1428427269863,ccc71.at.services.at_service,ccc71.bmw.pro:services,10110,6233,69150,[STARTED],false,true,0,0,52514608,
1428427269863,com.google.android.location.geocode.GeocodeService,com.google.process.location,10007,17755,125769719,[],false,true,1,1,57578083,
1428427269863,com.google.android.gms.gcm.GcmService,com.google.process.gapps,10007,17792,17965599,[STARTED],false,true,0,0,57577853,
1428427342441,com.android.bluetooth.hid.HidService,com.android.bluetooth,1002,0,41148,[],false,true,1,1,41157,
1428427342441,com.android.exchange.service.EasService,com.google.android.gm.exchange,10157,2752,54256,[STARTED],false,true,1,1,57601942,
1428427342441,com.google.android.music.dial.DialMediaRouteProviderService,com.google.android.music:main,10058,0,21711939,[],false,true,0,0,10495967,
1428427342441,ch.unige.css.services.PingService,ch.unige.ping,10074,1449,126478775,[STARTED],false,true,0,0,57817169,
1428427342441,com.android.systemui.keyguard.KeyguardService,com.android.systemui,10012,906,42358,[PERSISTENT],false,false,1,1,42367,
1428427342441,ch.unige.css.services.main.CssRegistryService,ch.unige.ping:background,10074,6441,116967174,[STARTED],false,true,0,0,52547328,
1428427342441,com.whatsapp.messaging.MessageService,com.whatsapp,10159,28262,68313,[STARTED],false,true,1,1,57707507,
1428427342441,ccc71.at.services.at_service,ccc71.bmw.pro:services,10110,6233,69150,[STARTED],false,true,0,0,52514608,
1428427342441,com.google.android.location.geocode.GeocodeService,com.google.process.location,10007,17755,125769719,[],false,true,1,1,57578083,
1428427342441,com.google.android.gms.gcm.GcmService,com.google.process.gapps,10007,17792,17965599,[STARTED],false,true,0,0,57577853,
1428427404463,com.android.bluetooth.hid.HidService,com.android.bluetooth,1002,0,41148,[],false,true,1,1,41157,
1428427404463,com.android.exchange.service.EasService,com.google.android.gm.exchange,10157,2752,54256,[STARTED],false,true,1,1,57601942,
1428427404463,com.google.android.music.dial.DialMediaRouteProviderService,com.google.android.music:main,10058,0,21711939,[],false,true,0,0,10495967,
1428427404463,ch.unige.css.services.PingService,ch.unige.ping,10074,1449,126540777,[STARTED],false,true,0,0,57843341,
1428427404463,com.android.systemui.keyguard.KeyguardService,com.android.systemui,10012,906,42358,[PERSISTENT],false,false,1,1,42367,
1428427404463,ch.unige.css.services.main.CssRegistryService,ch.unige.ping:background,10074,6441,116967174,[STARTED],false,true,0,0,52547328,
1428427404463,com.whatsapp.messaging.MessageService,com.whatsapp,10159,28262,68313,[STARTED],false,true,1,1,57837552,
1428427404463,ccc71.at.services.at_service,ccc71.bmw.pro:services,10110,6233,69150,[STARTED],false,true,0,0,52514608,
1428427404463,com.google.android.location.geocode.GeocodeService,com.google.process.location,10007,17755,125769719,[],false,true,1,1,57578083,
1428427404463,com.google.android.gms.gcm.GcmService,com.google.process.gapps,10007,17792,17965599,[STARTED],false,true,0,0,57577853,
1428427464490,com.android.bluetooth.hid.HidService,com.android.bluetooth,1002,0,41148,[],false,true,1,1,41157,
1428427464490,com.android.exchange.service.EasService,com.google.android.gm.exchange,10157,2752,54256,[STARTED],false,true,1,1,57601942,
1428427464490,com.google.android.music.dial.DialMediaRouteProviderService,com.google.android.music:main,10058,0,21711939,[],false,true,0,0,10495967,
1428427464490,ch.unige.css.services.PingService,ch.unige.ping,10074,1449,126600796,[STARTED],false,true,0,0,57875110,
1428427464490,com.android.systemui.keyguard.KeyguardService,com.android.systemui,10012,906,42358,[PERSISTENT],false,false,1,1,42367,
1428427464490,ch.unige.css.services.main.CssRegistryService,ch.unige.ping:background,10074,6441,116967174,[STARTED],false,true,0,0,52547328,
1428427464490,com.whatsapp.messaging.MessageService,com.whatsapp,10159,28262,68313,[STARTED],false,true,1,1,57837552,
1428427464490,ccc71.at.services.at_service,ccc71.bmw.pro:services,10110,6233,69150,[STARTED],false,true,0,0,52514608,
1428427464490,com.google.android.location.geocode.GeocodeService,com.google.process.location,10007,17755,125769719,[],false,true,1,1,57578083,
1428427464490,com.google.android.gms.gcm.GcmService,com.google.process.gapps,10007,17792,17965599,[STARTED],false,true,0,0,57577853,
1428427524496,com.android.bluetooth.hid.HidService,com.android.bluetooth,1002,0,41148,[],false,true,1,1,41157,
1428427524496,com.android.exchange.service.EasService,com.google.android.gm.exchange,10157,2752,54256,[STARTED],false,true,1,1,57601942,
1428427524496,com.google.android.music.dial.DialMediaRouteProviderService,com.google.android.music:main,10058,0,21711939,[],false,true,0,0,10495967,
1428427524496,ch.unige.css.services.PingService,ch.unige.ping,10074,1449,126660818,[STARTED],false,true,0,0,57909787,
1428427524496,com.android.systemui.keyguard.KeyguardService,com.android.systemui,10012,906,42358,[PERSISTENT],false,false,1,1,42367,
1428427524496,ch.unige.css.services.main.CssRegistryService,ch.unige.ping:background,10074,6441,116967174,[STARTED],false,true,0,0,52547328,
1428427524496,com.whatsapp.messaging.MessageService,com.whatsapp,10159,28262,68313,[STARTED],false,true,1,1,57837552,
1428427524496,ccc71.at.services.at_service,ccc71.bmw.pro:services,10110,6233,69150,[STARTED],false,true,0,0,52514608,
1428427524496,com.google.android.location.geocode.GeocodeService,com.google.process.location,10007,17755,125769719,[],false,true,1,1,57578083,
1428427524496,com.facebook.analytics.service.AnalyticsService,com.facebook.katana,10079,28016,126630909,[STARTED],false,true,0,0,57908183,
1428427584654,com.android.bluetooth.hid.HidService,com.android.bluetooth,1002,0,41148,[],false,true,1,1,41157,
1428427584654,com.android.exchange.service.EasService,com.google.android.gm.exchange,10157,2752,54256,[STARTED],false,true,1,1,57601942,
1428427584654,com.google.android.music.dial.DialMediaRouteProviderService,com.google.android.music:main,10058,0,21711939,[],false,true,0,0,10495967,
1428427584654,ch.unige.css.services.PingService,ch.unige.ping,10074,1449,126720859,[STARTED],false,true,0,0,57933854,
1428427584654,com.android.systemui.keyguard.KeyguardService,com.android.systemui,10012,906,42358,[PERSISTENT],false,false,1,1,42367,
1428427584654,ch.unige.css.services.main.CssRegistryService,ch.unige.ping:background,10074,6441,116967174,[STARTED],false,true,0,0,52547328,
1428427584654,com.whatsapp.messaging.MessageService,com.whatsapp,10159,28262,68313,[STARTED],false,true,1,1,57837552,
1428427584654,ccc71.at.services.at_service,ccc71.bmw.pro:services,10110,6233,69150,[STARTED],false,true,0,0,52514608,
1428427584654,com.google.android.location.geocode.GeocodeService,com.google.process.location,10007,17755,125769719,[],false,true,1,1,57578083,
1428427584654,com.facebook.analytics.service.AnalyticsService,com.facebook.katana,10079,28016,126630909,[STARTED],false,true,0,0,57908183,
1428427645452,com.android.bluetooth.hid.HidService,com.android.bluetooth,1002,0,41148,[],false,true,1,1,41157,
1428427645452,com.android.exchange.service.EasService,com.google.android.gm.exchange,10157,2752,54256,[STARTED],false,true,1,1,57601942,
1428427645452,com.google.android.music.dial.DialMediaRouteProviderService,com.google.android.music:main,10058,0,21711939,[],false,true,0,0,10495967,
1428427645452,ch.unige.css.services.PingService,ch.unige.ping,10074,1449,126781772,[STARTED],false,true,0,0,57954705,
1428427645452,com.android.systemui.keyguard.KeyguardService,com.android.systemui,10012,906,42358,[PERSISTENT],false,false,1,1,42367,
1428427645452,ch.unige.css.services.main.CssRegistryService,ch.unige.ping:background,10074,6441,116967174,[STARTED],false,true,0,0,52547328,
1428427645452,com.whatsapp.messaging.MessageService,com.whatsapp,10159,28262,68313,[STARTED],false,true,1,1,57837552,
1428427645452,ccc71.at.services.at_service,ccc71.bmw.pro:services,10110,6233,69150,[STARTED],false,true,0,0,52514608,
1428427645452,com.google.android.location.geocode.GeocodeService,com.google.process.location,10007,17755,125769719,[],false,true,1,1,57578083,
1428427645452,com.google.android.gms.gcm.GcmService,com.google.process.gapps,10007,17792,17965599,[STARTED],false,true,0,0,57577853,
1428427705599,com.android.bluetooth.hid.HidService,com.android.bluetooth,1002,0,41148,[],false,true,1,1,41157,
1428427705599,com.android.exchange.service.EasService,com.google.android.gm.exchange,10157,2752,54256,[STARTED],false,true,1,1,57601942,
1428427705599,com.google.android.music.dial.DialMediaRouteProviderService,com.google.android.music:main,10058,0,21711939,[],false,true,0,0,10495967,
1428427705599,ch.unige.css.services.PingService,ch.unige.ping,10074,1449,126841930,[STARTED],false,true,0,0,57975655,
1428427705599,com.android.systemui.keyguard.KeyguardService,com.android.systemui,10012,906,42358,[PERSISTENT],false,false,1,1,42367,
1428427705599,ch.unige.css.services.main.CssRegistryService,ch.unige.ping:background,10074,6441,116967174,[STARTED],false,true,0,0,52547328,
1428427705599,com.whatsapp.messaging.MessageService,com.whatsapp,10159,28262,68313,[STARTED],false,true,1,1,57837552,
1428427705599,ccc71.at.services.at_service,ccc71.bmw.pro:services,10110,6233,69150,[STARTED],false,true,0,0,52514608,
1428427705599,com.google.android.location.geocode.GeocodeService,com.google.process.location,10007,17755,125769719,[],false,true,1,1,57578083,
1428427705599,com.google.android.gms.gcm.GcmService,com.google.process.gapps,10007,17792,17965599,[STARTED],false,true,0,0,57577853,
1428427781513,com.android.bluetooth.hid.HidService,com.android.bluetooth,1002,0,41148,[],false,true,1,1,41157,
1428427781513,com.android.exchange.service.EasService,com.google.android.gm.exchange,10157,2752,54256,[STARTED],false,true,1,1,57601942,
1428427781513,com.google.android.music.dial.DialMediaRouteProviderService,com.google.android.music:main,10058,0,21711939,[],false,true,0,0,10495967,
1428427781513,ch.unige.css.services.PingService,ch.unige.ping,10074,1449,126917793,[STARTED],false,true,0,0,57998188,
1428427781513,com.android.systemui.keyguard.KeyguardService,com.android.systemui,10012,906,42358,[PERSISTENT],false,false,1,1,42367,
1428427781513,ch.unige.css.services.main.CssRegistryService,ch.unige.ping:background,10074,6441,116967174,[STARTED],false,true,0,0,52547328,
1428427781513,com.whatsapp.messaging.MessageService,com.whatsapp,10159,28262,68313,[STARTED],false,true,1,1,57837552,
1428427781513,ccc71.at.services.at_service,ccc71.bmw.pro:services,10110,6233,69150,[STARTED],false,true,0,0,52514608,
1428427781513,com.google.android.location.geocode.GeocodeService,com.google.process.location,10007,17755,125769719,[],false,true,1,1,57578083,
1428427781513,com.google.android.gms.gcm.GcmService,com.google.process.gapps,10007,17792,17965599,[STARTED],false,true,0,0,57577853,
1428427847534,com.android.bluetooth.hid.HidService,com.android.bluetooth,1002,0,41148,[],false,true,1,1,41157,
1428427847534,com.android.exchange.service.EasService,com.google.android.gm.exchange,10157,2752,54256,[STARTED],false,true,1,1,57601942,
1428427847534,com.google.android.music.dial.DialMediaRouteProviderService,com.google.android.music:main,10058,0,21711939,[],false,true,0,0,10495967,
1428427847534,ch.unige.css.services.PingService,ch.unige.ping,10074,1449,126983820,[STARTED],false,true,0,0,58022814,
1428427847534,com.android.systemui.keyguard.KeyguardService,com.android.systemui,10012,906,42358,[PERSISTENT],false,false,1,1,42367,
1428427847534,ch.unige.css.services.main.CssRegistryService,ch.unige.ping:background,10074,6441,116967174,[STARTED],false,true,0,0,52547328,
1428427847534,com.whatsapp.messaging.MessageService,com.whatsapp,10159,28262,68313,[STARTED],false,true,1,1,57837552,
1428427847534,ccc71.at.services.at_service,ccc71.bmw.pro:services,10110,6233,69150,[STARTED],false,true,0,0,52514608,
1428427847534,com.google.android.location.geocode.GeocodeService,com.google.process.location,10007,17755,125769719,[],false,true,1,1,57578083,
1428427847534,com.google.android.gms.gcm.GcmService,com.google.process.gapps,10007,17792,17965599,[STARTED],false,true,0,0,57577853,
1428427907794,com.android.bluetooth.hid.HidService,com.android.bluetooth,1002,0,41148,[],false,true,1,1,41157,
1428427907794,com.android.exchange.service.EasService,com.google.android.gm.exchange,10157,2752,54256,[STARTED],false,true,1,1,57601942,
1428427907794,com.google.android.music.dial.DialMediaRouteProviderService,com.google.android.music:main,10058,0,21711939,[],false,true,0,0,10495967,
1428427907794,ch.unige.css.services.PingService,ch.unige.ping,10074,1449,127044126,[STARTED],false,true,0,0,58043615,
1428427907794,com.android.systemui.keyguard.KeyguardService,com.android.systemui,10012,906,42358,[PERSISTENT],false,false,1,1,42367,
1428427907794,ch.unige.css.services.main.CssRegistryService,ch.unige.ping:background,10074,6441,116967174,[STARTED],false,true,0,0,52547328,
1428427907794,com.whatsapp.messaging.MessageService,com.whatsapp,10159,28262,68313,[STARTED],false,true,1,1,57837552,
1428427907794,ccc71.at.services.at_service,ccc71.bmw.pro:services,10110,6233,69150,[STARTED],false,true,0,0,52514608,
1428427907794,com.google.android.location.geocode.GeocodeService,com.google.process.location,10007,17755,125769719,[],false,true,1,1,57578083,
1428427907794,com.google.android.gms.gcm.GcmService,com.google.process.gapps,10007,17792,17965599,[STARTED],false,true,0,0,57577853,
1428427968001,com.android.bluetooth.hid.HidService,com.android.bluetooth,1002,0,41148,[],false,true,1,1,41157,
1428427968001,com.android.exchange.service.EasService,com.google.android.gm.exchange,10157,2752,54256,[STARTED],false,true,1,1,57601942,
1428427968001,com.google.android.music.dial.DialMediaRouteProviderService,com.google.android.music:main,10058,0,21711939,[],false,true,0,0,10495967,
1428427968001,ch.unige.css.services.PingService,ch.unige.ping,10074,1449,127104331,[STARTED],false,true,0,0,58065275,
1428427968001,com.android.systemui.keyguard.KeyguardService,com.android.systemui,10012,906,42358,[PERSISTENT],false,false,1,1,42367,
1428427968001,ch.unige.css.services.main.CssRegistryService,ch.unige.ping:background,10074,6441,116967174,[STARTED],false,true,0,0,52547328,
1428427968001,com.whatsapp.messaging.MessageService,com.whatsapp,10159,28262,68313,[STARTED],false,true,1,1,57837552,
1428427968001,ccc71.at.services.at_service,ccc71.bmw.pro:services,10110,6233,69150,[STARTED],false,true,0,0,52514608,
1428427968001,com.google.android.location.geocode.GeocodeService,com.google.process.location,10007,17755,125769719,[],false,true,1,1,57578083,
1428427968001,com.google.android.gms.gcm.GcmService,com.google.process.gapps,10007,17792,17965599,[STARTED],false,true,0,0,57577853,
1428428029044,com.android.bluetooth.hid.HidService,com.android.bluetooth,1002,0,41148,[],false,true,1,1,41157,
1428428029044,com.android.exchange.service.EasService,com.google.android.gm.exchange,10157,2752,54256,[STARTED],false,true,1,1,57601942,
1428428029044,com.google.android.music.dial.DialMediaRouteProviderService,com.google.android.music:main,10058,0,21711939,[],false,true,0,0,10495967,
1428428029044,ch.unige.css.services.PingService,ch.unige.ping,10074,1449,127164791,[STARTED],false,true,0,0,58090456,
1428428029044,com.android.systemui.keyguard.KeyguardService,com.android.systemui,10012,906,42358,[PERSISTENT],false,false,1,1,42367,
1428428029044,ch.unige.css.services.main.CssRegistryService,ch.unige.ping:background,10074,6441,116967174,[STARTED],false,true,0,0,52547328,
1428428029044,com.whatsapp.messaging.MessageService,com.whatsapp,10159,28262,68313,[STARTED],false,true,1,1,57837552,
1428428029044,ccc71.at.services.at_service,ccc71.bmw.pro:services,10110,6233,69150,[STARTED],false,true,0,0,52514608,
1428428029044,com.google.android.location.geocode.GeocodeService,com.google.process.location,10007,17755,125769719,[],false,true,1,1,57578083,
1428428029044,com.google.android.gms.gcm.GcmService,com.google.process.gapps,10007,17792,17965599,[STARTED],false,true,0,0,57577853,
1428428089294,com.android.bluetooth.hid.HidService,com.android.bluetooth,1002,0,41148,[],false,true,1,1,41157,
1428428089294,com.android.exchange.service.EasService,com.google.android.gm.exchange,10157,2752,54256,[STARTED],false,true,1,1,57601942,
1428428089294,com.google.android.music.dial.DialMediaRouteProviderService,com.google.android.music:main,10058,0,21711939,[],false,true,0,0,10495967,
1428428089294,ch.unige.css.services.PingService,ch.unige.ping,10074,1449,127225106,[STARTED],false,true,0,0,58111726,
1428428089294,com.android.systemui.keyguard.KeyguardService,com.android.systemui,10012,906,42358,[PERSISTENT],false,false,1,1,42367,
1428428089294,ch.unige.css.services.main.CssRegistryService,ch.unige.ping:background,10074,6441,116967174,[STARTED],false,true,0,0,52547328,
1428428089294,com.whatsapp.messaging.MessageService,com.whatsapp,10159,28262,68313,[STARTED],false,true,1,1,57837552,
1428428089294,ccc71.at.services.at_service,ccc71.bmw.pro:services,10110,6233,69150,[STARTED],false,true,0,0,52514608,
1428428089294,com.google.android.location.geocode.GeocodeService,com.google.process.location,10007,17755,125769719,[],false,true,1,1,57578083,
1428428089294,com.google.android.gms.gcm.GcmService,com.google.process.gapps,10007,17792,17965599,[STARTED],false,true,0,0,57577853,
1428428148884,com.android.bluetooth.hid.HidService,com.android.bluetooth,1002,0,41148,[],false,true,1,1,41157,
1428428148884,com.android.exchange.service.EasService,com.google.android.gm.exchange,10157,2752,54256,[STARTED],false,true,1,1,57601942,
1428428148884,com.google.android.music.dial.DialMediaRouteProviderService,com.google.android.music:main,10058,0,21711939,[],false,true,0,0,10495967,
1428428148884,ch.unige.css.services.PingService,ch.unige.ping,10074,1449,127285172,[STARTED],false,true,0,0,58142517,
1428428148884,com.android.systemui.keyguard.KeyguardService,com.android.systemui,10012,906,42358,[PERSISTENT],false,false,1,1,42367,
1428428148884,ch.unige.css.services.main.CssRegistryService,ch.unige.ping:background,10074,6441,116967174,[STARTED],false,true,0,0,52547328,
1428428148884,com.whatsapp.messaging.MessageService,com.whatsapp,10159,28262,68313,[STARTED],false,true,1,1,57837552,
1428428148884,ccc71.at.services.at_service,ccc71.bmw.pro:services,10110,6233,69150,[STARTED],false,true,0,0,52514608,
1428428148884,com.google.android.location.geocode.GeocodeService,com.google.process.location,10007,17755,125769719,[],false,true,1,1,57578083,
1428428148884,com.google.android.gms.gcm.GcmService,com.google.process.gapps,10007,17792,17965599,[STARTED],false,true,0,0,57577853,
1428428214460,com.android.bluetooth.hid.HidService,com.android.bluetooth,1002,0,41148,[],false,true,1,1,41157,
1428428214460,com.android.exchange.service.EasService,com.google.android.gm.exchange,10157,2752,54256,[STARTED],false,true,1,1,57601942,
1428428214460,com.google.android.music.dial.DialMediaRouteProviderService,com.google.android.music:main,10058,0,21711939,[],false,true,0,0,10495967,
1428428214460,ch.unige.css.services.PingService,ch.unige.ping,10074,1449,127350734,[STARTED],false,true,0,0,58162912,
1428428214460,com.android.systemui.keyguard.KeyguardService,com.android.systemui,10012,906,42358,[PERSISTENT],false,false,1,1,42367,
1428428214460,ch.unige.css.services.main.CssRegistryService,ch.unige.ping:background,10074,6441,116967174,[STARTED],false,true,0,0,52547328,
1428428214460,com.whatsapp.messaging.MessageService,com.whatsapp,10159,28262,68313,[STARTED],false,true,1,1,57837552,
1428428214460,ccc71.at.services.at_service,ccc71.bmw.pro:services,10110,6233,69150,[STARTED],false,true,0,0,52514608,
1428428214460,com.google.android.location.geocode.GeocodeService,com.google.process.location,10007,17755,125769719,[],false,true,1,1,57578083,
1428428214460,com.google.android.gms.gcm.GcmService,com.google.process.gapps,10007,17792,17965599,[STARTED],false,true,0,0,57577853,
1428428275480,com.android.bluetooth.hid.HidService,com.android.bluetooth,1002,0,41148,[],false,true,1,1,41157,
1428428275480,com.android.exchange.service.EasService,com.google.android.gm.exchange,10157,2752,54256,[STARTED],false,true,1,1,57601942,
1428428275480,com.google.android.music.dial.DialMediaRouteProviderService,com.google.android.music:main,10058,0,21711939,[],false,true,0,0,10495967,
1428428275480,ch.unige.css.services.PingService,ch.unige.ping,10074,1449,127411759,[STARTED],false,true,0,0,58183785,
1428428275480,com.android.systemui.keyguard.KeyguardService,com.android.systemui,10012,906,42358,[PERSISTENT],false,false,1,1,42367,
1428428275480,ch.unige.css.services.main.CssRegistryService,ch.unige.ping:background,10074,6441,116967174,[STARTED],false,true,0,0,52547328,
1428428275480,com.whatsapp.messaging.MessageService,com.whatsapp,10159,28262,68313,[STARTED],false,true,1,1,57837552,
1428428275480,ccc71.at.services.at_service,ccc71.bmw.pro:services,10110,6233,69150,[STARTED],false,true,0,0,52514608,
1428428275480,com.google.android.location.geocode.GeocodeService,com.google.process.location,10007,17755,125769719,[],false,true,1,1,57578083,
1428428275480,com.google.android.gms.gcm.GcmService,com.google.process.gapps,10007,17792,17965599,[STARTED],false,true,0,0,57577853,
1428428335703,com.android.bluetooth.hid.HidService,com.android.bluetooth,1002,0,41148,[],false,true,1,1,41157,
1428428335703,com.android.exchange.service.EasService,com.google.android.gm.exchange,10157,2752,54256,[STARTED],false,true,1,1,57601942,
1428428335703,com.google.android.music.dial.DialMediaRouteProviderService,com.google.android.music:main,10058,0,21711939,[],false,true,0,0,10495967,
1428428335703,ch.unige.css.services.PingService,ch.unige.ping,10074,1449,127471963,[STARTED],false,true,0,0,58217446,
1428428335703,com.android.systemui.keyguard.KeyguardService,com.android.systemui,10012,906,42358,[PERSISTENT],false,false,1,1,42367,
1428428335703,ch.unige.css.services.main.CssRegistryService,ch.unige.ping:background,10074,6441,116967174,[STARTED],false,true,0,0,52547328,
1428428335703,com.whatsapp.messaging.MessageService,com.whatsapp,10159,28262,68313,[STARTED],false,true,1,1,57837552,
1428428335703,ccc71.at.services.at_service,ccc71.bmw.pro:services,10110,6233,69150,[STARTED],false,true,0,0,52514608,
1428428335703,com.google.android.location.geocode.GeocodeService,com.google.process.location,10007,17755,125769719,[],false,true,1,1,57578083,
1428428335703,com.google.android.gms.gcm.GcmService,com.google.process.gapps,10007,17792,17965599,[STARTED],false,true,0,0,57577853,
1428428395792,com.android.bluetooth.hid.HidService,com.android.bluetooth,1002,0,41148,[],false,true,1,1,41157,
1428428395792,com.android.exchange.service.EasService,com.google.android.gm.exchange,10157,2752,54256,[STARTED],false,true,1,1,57601942,
1428428395792,com.google.android.music.dial.DialMediaRouteProviderService,com.google.android.music:main,10058,0,21711939,[],false,true,0,0,10495967,
1428428395792,ch.unige.css.services.PingService,ch.unige.ping,10074,1449,127532077,[STARTED],false,true,0,0,58238141,
1428428395792,com.android.systemui.keyguard.KeyguardService,com.android.systemui,10012,906,42358,[PERSISTENT],false,false,1,1,42367,
1428428395792,ch.unige.css.services.main.CssRegistryService,ch.unige.ping:background,10074,6441,116967174,[STARTED],false,true,0,0,52547328,
1428428395792,com.whatsapp.messaging.MessageService,com.whatsapp,10159,28262,68313,[STARTED],false,true,1,1,57837552,
1428428395792,ccc71.at.services.at_service,ccc71.bmw.pro:services,10110,6233,69150,[STARTED],false,true,0,0,52514608,
1428428395792,com.google.android.location.geocode.GeocodeService,com.google.process.location,10007,17755,125769719,[],false,true,1,1,57578083,
1428428395792,com.google.android.gms.gcm.GcmService,com.google.process.gapps,10007,17792,17965599,[STARTED],false,true,0,0,57577853,
1428428456448,com.android.bluetooth.hid.HidService,com.android.bluetooth,1002,0,41148,[],false,true,1,1,41157,
1428428456448,com.android.exchange.service.EasService,com.google.android.gm.exchange,10157,2752,54256,[STARTED],false,true,1,1,57601942,
1428428456448,com.google.android.music.dial.DialMediaRouteProviderService,com.google.android.music:main,10058,0,21711939,[],false,true,0,0,10495967,
1428428456448,ch.unige.css.services.PingService,ch.unige.ping,10074,1449,127592742,[STARTED],false,true,0,0,58258854,
1428428456448,com.android.systemui.keyguard.KeyguardService,com.android.systemui,10012,906,42358,[PERSISTENT],false,false,1,1,42367,
1428428456448,ch.unige.css.services.main.CssRegistryService,ch.unige.ping:background,10074,6441,116967174,[STARTED],false,true,0,0,52547328,
1428428456448,com.whatsapp.messaging.MessageService,com.whatsapp,10159,28262,68313,[STARTED],false,true,1,1,57837552,
1428428456448,ccc71.at.services.at_service,ccc71.bmw.pro:services,10110,6233,69150,[STARTED],false,true,0,0,52514608,
1428428456448,com.google.android.location.geocode.GeocodeService,com.google.process.location,10007,17755,125769719,[],false,true,1,1,57578083,
1428428456448,com.google.android.gms.gcm.GcmService,com.google.process.gapps,10007,17792,17965599,[STARTED],false,true,0,0,57577853,
1428428516548,com.android.bluetooth.hid.HidService,com.android.bluetooth,1002,0,41148,[],false,true,1,1,41157,
1428428516548,com.android.exchange.service.EasService,com.google.android.gm.exchange,10157,2752,54256,[STARTED],false,true,1,1,57601942,
1428428516548,com.google.android.music.dial.DialMediaRouteProviderService,com.google.android.music:main,10058,0,21711939,[],false,true,0,0,10495967,
1428428516548,ch.unige.css.services.PingService,ch.unige.ping,10074,1449,127652812,[STARTED],false,true,0,0,58282337,
1428428516548,com.android.systemui.keyguard.KeyguardService,com.android.systemui,10012,906,42358,[PERSISTENT],false,false,1,1,42367,
1428428516548,ch.unige.css.services.main.CssRegistryService,ch.unige.ping:background,10074,6441,116967174,[STARTED],false,true,0,0,52547328,
1428428516548,com.whatsapp.messaging.MessageService,com.whatsapp,10159,28262,68313,[STARTED],false,true,1,1,57837552,
1428428516548,ccc71.at.services.at_service,ccc71.bmw.pro:services,10110,6233,69150,[STARTED],false,true,0,0,52514608,
1428428516548,com.google.android.location.geocode.GeocodeService,com.google.process.location,10007,17755,125769719,[],false,true,1,1,57578083,
1428428516548,com.google.android.gms.gcm.GcmService,com.google.process.gapps,10007,17792,17965599,[STARTED],false,true,0,0,57577853,
1428428576727,com.android.bluetooth.hid.HidService,com.android.bluetooth,1002,0,41148,[],false,true,1,1,41157,
1428428576727,com.android.exchange.service.EasService,com.google.android.gm.exchange,10157,2752,54256,[STARTED],false,true,1,1,57601942,
1428428576727,com.google.android.music.dial.DialMediaRouteProviderService,com.google.android.music:main,10058,0,21711939,[],false,true,0,0,10495967,
1428428576727,ch.unige.css.services.PingService,ch.unige.ping,10074,1449,127713011,[STARTED],false,true,0,0,58303049,
1428428576727,com.android.systemui.keyguard.KeyguardService,com.android.systemui,10012,906,42358,[PERSISTENT],false,false,1,1,42367,
1428428576727,ch.unige.css.services.main.CssRegistryService,ch.unige.ping:background,10074,6441,116967174,[STARTED],false,true,0,0,52547328,
1428428576727,com.whatsapp.messaging.MessageService,com.whatsapp,10159,28262,68313,[STARTED],false,true,1,1,57837552,
1428428576727,ccc71.at.services.at_service,ccc71.bmw.pro:services,10110,6233,69150,[STARTED],false,true,0,0,52514608,
1428428576727,com.google.android.location.geocode.GeocodeService,com.google.process.location,10007,17755,125769719,[],false,true,1,1,57578083,
1428428576727,com.google.android.gms.gcm.GcmService,com.google.process.gapps,10007,17792,17965599,[STARTED],false,true,0,0,57577853,
1428428636854,com.android.bluetooth.hid.HidService,com.android.bluetooth,1002,0,41148,[],false,true,1,1,41157,
1428428636854,com.android.exchange.service.EasService,com.google.android.gm.exchange,10157,2752,54256,[STARTED],false,true,1,1,57601942,
1428428636854,com.google.android.music.dial.DialMediaRouteProviderService,com.google.android.music:main,10058,0,21711939,[],false,true,0,0,10495967,
1428428636854,ch.unige.css.services.PingService,ch.unige.ping,10074,1449,127773139,[STARTED],false,true,0,0,58323819,
1428428636854,com.android.systemui.keyguard.KeyguardService,com.android.systemui,10012,906,42358,[PERSISTENT],false,false,1,1,42367,
1428428636854,ch.unige.css.services.main.CssRegistryService,ch.unige.ping:background,10074,6441,116967174,[STARTED],false,true,0,0,52547328,
1428428636854,com.whatsapp.messaging.MessageService,com.whatsapp,10159,28262,68313,[STARTED],false,true,1,1,57837552,
1428428636854,ccc71.at.services.at_service,ccc71.bmw.pro:services,10110,6233,69150,[STARTED],false,true,0,0,52514608,
1428428636854,com.google.android.location.geocode.GeocodeService,com.google.process.location,10007,17755,125769719,[],false,true,1,1,57578083,
1428428636854,com.google.android.gms.gcm.GcmService,com.google.process.gapps,10007,17792,17965599,[STARTED],false,true,0,0,57577853,
1428428697033,com.android.bluetooth.hid.HidService,com.android.bluetooth,1002,0,41148,[],false,true,1,1,41157,
1428428697033,com.android.exchange.service.EasService,com.google.android.gm.exchange,10157,2752,54256,[STARTED],false,true,1,1,57601942,
1428428697033,com.google.android.music.dial.DialMediaRouteProviderService,com.google.android.music:main,10058,0,21711939,[],false,true,0,0,10495967,
1428428697033,ch.unige.css.services.PingService,ch.unige.ping,10074,1449,127833313,[STARTED],false,true,0,0,58344747,
1428428697033,com.android.systemui.keyguard.KeyguardService,com.android.systemui,10012,906,42358,[PERSISTENT],false,false,1,1,42367,
1428428697033,ch.unige.css.services.main.CssRegistryService,ch.unige.ping:background,10074,6441,116967174,[STARTED],false,true,0,0,52547328,
1428428697033,com.whatsapp.messaging.MessageService,com.whatsapp,10159,28262,68313,[STARTED],false,true,1,1,57837552,
1428428697033,ccc71.at.services.at_service,ccc71.bmw.pro:services,10110,6233,69150,[STARTED],false,true,0,0,52514608,
1428428697033,com.google.android.location.geocode.GeocodeService,com.google.process.location,10007,17755,125769719,[],false,true,1,1,57578083,
1428428697033,com.google.android.gms.gcm.GcmService,com.google.process.gapps,10007,17792,17965599,[STARTED],false,true,0,0,57577853,
1428428757212,com.android.bluetooth.hid.HidService,com.android.bluetooth,1002,0,41148,[],false,true,1,1,41157,
1428428757212,com.android.exchange.service.EasService,com.google.android.gm.exchange,10157,2752,54256,[STARTED],false,true,1,1,57601942,
1428428757212,com.google.android.music.dial.DialMediaRouteProviderService,com.google.android.music:main,10058,0,21711939,[],false,true,0,0,10495967,
1428428757212,ch.unige.css.services.PingService,ch.unige.ping,10074,1449,127893497,[STARTED],false,true,0,0,58366835,
1428428757212,com.android.systemui.keyguard.KeyguardService,com.android.systemui,10012,906,42358,[PERSISTENT],false,false,1,1,42367,
1428428757212,ch.unige.css.services.main.CssRegistryService,ch.unige.ping:background,10074,6441,116967174,[STARTED],false,true,0,0,52547328,
1428428757212,com.whatsapp.messaging.MessageService,com.whatsapp,10159,28262,68313,[STARTED],false,true,1,1,57837552,
1428428757212,ccc71.at.services.at_service,ccc71.bmw.pro:services,10110,6233,69150,[STARTED],false,true,0,0,52514608,
1428428757212,com.google.android.location.geocode.GeocodeService,com.google.process.location,10007,17755,125769719,[],false,true,1,1,57578083,
1428428757212,com.google.android.gms.gcm.GcmService,com.google.process.gapps,10007,17792,17965599,[STARTED],false,true,0,0,57577853,
1428428817443,com.android.bluetooth.hid.HidService,com.android.bluetooth,1002,0,41148,[],false,true,1,1,41157,
1428428817443,com.android.exchange.service.EasService,com.google.android.gm.exchange,10157,2752,54256,[STARTED],false,true,1,1,57601942,
1428428817443,com.google.android.music.dial.DialMediaRouteProviderService,com.google.android.music:main,10058,0,21711939,[],false,true,0,0,10495967,
1428428817443,ch.unige.css.services.PingService,ch.unige.ping,10074,1449,127953728,[STARTED],false,true,0,0,58387224,
1428428817443,com.android.systemui.keyguard.KeyguardService,com.android.systemui,10012,906,42358,[PERSISTENT],false,false,1,1,42367,
1428428817443,ch.unige.css.services.main.CssRegistryService,ch.unige.ping:background,10074,6441,116967174,[STARTED],false,true,0,0,52547328,
1428428817443,com.whatsapp.messaging.MessageService,com.whatsapp,10159,28262,68313,[STARTED],false,true,1,1,57837552,
1428428817443,ccc71.at.services.at_service,ccc71.bmw.pro:services,10110,6233,69150,[STARTED],false,true,0,0,52514608,
1428428817443,com.google.android.location.geocode.GeocodeService,com.google.process.location,10007,17755,125769719,[],false,true,1,1,57578083,
1428428817443,com.google.android.gms.gcm.GcmService,com.google.process.gapps,10007,17792,17965599,[STARTED],false,true,0,0,57577853,
1428428877679,com.android.bluetooth.hid.HidService,com.android.bluetooth,1002,0,41148,[],false,true,1,1,41157,
1428428877679,com.google.android.gms.fitness.service.history.FitHistoryBroker,com.google.process.location,10007,17755,127974046,[],false,true,1,1,58407542,
1428428877679,com.android.exchange.service.EasService,com.google.android.gm.exchange,10157,2752,54256,[STARTED],false,true,1,1,57601942,
1428428877679,com.google.android.music.dial.DialMediaRouteProviderService,com.google.android.music:main,10058,0,21711939,[],false,true,0,0,10495967,
1428428877679,ch.unige.css.services.PingService,ch.unige.ping,10074,1449,128013945,[STARTED],false,true,0,0,58410210,
1428428877679,ch.unige.css.services.UserActivityService,ch.unige.ping,10074,1449,128013986,[STARTED],false,true,0,0,58410250,
1428428877679,com.google.android.gms.fitness.service.config.FitConfigBroker,com.google.process.location,10007,17755,127974049,[],false,true,1,1,58407546,
1428428877679,com.android.systemui.keyguard.KeyguardService,com.android.systemui,10012,906,42358,[PERSISTENT],false,false,1,1,42367,
1428428877679,ch.unige.css.services.main.CssRegistryService,ch.unige.ping:background,10074,6441,116967174,[STARTED],false,true,0,0,52547328,
1428428877679,com.whatsapp.messaging.MessageService,com.whatsapp,10159,28262,68313,[STARTED],false,true,1,1,57837552,
1428428937503,com.android.bluetooth.hid.HidService,com.android.bluetooth,1002,0,41148,[],false,true,1,1,41157,
1428428937503,com.android.exchange.service.EasService,com.google.android.gm.exchange,10157,2752,54256,[STARTED],false,true,1,1,57601942,
1428428937503,com.google.android.music.dial.DialMediaRouteProviderService,com.google.android.music:main,10058,0,21711939,[],false,true,0,0,10495967,
1428428937503,ch.unige.css.services.PingService,ch.unige.ping,10074,1449,128074408,[STARTED],false,true,0,0,58432674,
1428428937503,com.android.systemui.keyguard.KeyguardService,com.android.systemui,10012,906,42358,[PERSISTENT],false,false,1,1,42367,
1428428937503,ch.unige.css.services.main.CssRegistryService,ch.unige.ping:background,10074,6441,116967174,[STARTED],false,true,0,0,52547328,
1428428937503,com.whatsapp.messaging.MessageService,com.whatsapp,10159,28262,68313,[STARTED],false,true,1,1,57837552,
1428428937503,ccc71.at.services.at_service,ccc71.bmw.pro:services,10110,6233,69150,[STARTED],false,true,0,0,52514608,
1428428937503,com.google.android.location.geocode.GeocodeService,com.google.process.location,10007,17755,125769719,[],false,true,1,1,57578083,
1428428937503,com.google.android.gms.gcm.GcmService,com.google.process.gapps,10007,17792,17965599,[STARTED],false,true,0,0,57577853,
1428428998442,com.android.bluetooth.hid.HidService,com.android.bluetooth,1002,0,41148,[],false,true,1,1,41157,
1428428998442,com.android.exchange.service.EasService,com.google.android.gm.exchange,10157,2752,54256,[STARTED],false,true,1,1,57601942,
1428428998442,com.google.android.music.dial.DialMediaRouteProviderService,com.google.android.music:main,10058,0,21711939,[],false,true,0,0,10495967,
1428428998442,ch.unige.css.services.PingService,ch.unige.ping,10074,1449,128135396,[STARTED],false,true,0,0,58453857,
1428428998442,com.android.systemui.keyguard.KeyguardService,com.android.systemui,10012,906,42358,[PERSISTENT],false,false,1,1,42367,
1428428998442,ch.unige.css.services.main.CssRegistryService,ch.unige.ping:background,10074,6441,116967174,[STARTED],false,true,0,0,52547328,
1428428998442,com.whatsapp.messaging.MessageService,com.whatsapp,10159,28262,68313,[STARTED],false,true,1,1,57837552,
1428428998442,ccc71.at.services.at_service,ccc71.bmw.pro:services,10110,6233,69150,[STARTED],false,true,0,0,52514608,
1428428998442,com.google.android.location.geocode.GeocodeService,com.google.process.location,10007,17755,125769719,[],false,true,1,1,57578083,
1428428998442,com.google.android.gms.gcm.GcmService,com.google.process.gapps,10007,17792,17965599,[STARTED],false,true,0,0,57577853,
1428429058671,com.android.bluetooth.hid.HidService,com.android.bluetooth,1002,0,41148,[],false,true,1,1,41157,
1428429058671,com.android.exchange.service.EasService,com.google.android.gm.exchange,10157,2752,54256,[STARTED],false,true,1,1,57601942,
1428429058671,com.google.android.music.dial.DialMediaRouteProviderService,com.google.android.music:main,10058,0,21711939,[],false,true,0,0,10495967,
1428429058671,ch.unige.css.services.PingService,ch.unige.ping,10074,1449,128195627,[STARTED],false,true,0,0,58474449,
1428429058671,com.android.systemui.keyguard.KeyguardService,com.android.systemui,10012,906,42358,[PERSISTENT],false,false,1,1,42367,
1428429058671,ch.unige.css.services.main.CssRegistryService,ch.unige.ping:background,10074,6441,116967174,[STARTED],false,true,0,0,52547328,
1428429058671,com.whatsapp.messaging.MessageService,com.whatsapp,10159,28262,68313,[STARTED],false,true,1,1,57837552,
1428429058671,ccc71.at.services.at_service,ccc71.bmw.pro:services,10110,6233,69150,[STARTED],false,true,0,0,52514608,
1428429058671,com.google.android.location.geocode.GeocodeService,com.google.process.location,10007,17755,125769719,[],false,true,1,1,57578083,
1428429058671,com.google.android.gms.gcm.GcmService,com.google.process.gapps,10007,17792,17965599,[STARTED],false,true,0,0,57577853,
1428429119465,com.android.bluetooth.hid.HidService,com.android.bluetooth,1002,0,41148,[],false,true,1,1,41157,
1428429119465,com.android.exchange.service.EasService,com.google.android.gm.exchange,10157,2752,54256,[STARTED],false,true,1,1,57601942,
1428429119465,com.google.android.music.dial.DialMediaRouteProviderService,com.google.android.music:main,10058,0,21711939,[],false,true,0,0,10495967,
1428429119465,ch.unige.css.services.PingService,ch.unige.ping,10074,1449,128256411,[STARTED],false,true,0,0,58498686,
1428429119465,com.android.systemui.keyguard.KeyguardService,com.android.systemui,10012,906,42358,[PERSISTENT],false,false,1,1,42367,
1428429119465,ch.unige.css.services.main.CssRegistryService,ch.unige.ping:background,10074,6441,116967174,[STARTED],false,true,0,0,52547328,
1428429119465,com.whatsapp.messaging.MessageService,com.whatsapp,10159,28262,68313,[STARTED],false,true,1,1,57837552,
1428429119465,ccc71.at.services.at_service,ccc71.bmw.pro:services,10110,6233,69150,[STARTED],false,true,0,0,52514608,
1428429119465,com.google.android.location.geocode.GeocodeService,com.google.process.location,10007,17755,125769719,[],false,true,1,1,57578083,
1428429119465,com.google.android.gms.gcm.GcmService,com.google.process.gapps,10007,17792,17965599,[STARTED],false,true,0,0,57577853,
1428429179711,com.android.bluetooth.hid.HidService,com.android.bluetooth,1002,0,41148,[],false,true,1,1,41157,
1428429179711,com.android.exchange.service.EasService,com.google.android.gm.exchange,10157,2752,54256,[STARTED],false,true,1,1,57601942,
1428429179711,com.google.android.music.dial.DialMediaRouteProviderService,com.google.android.music:main,10058,0,21711939,[],false,true,0,0,10495967,
1428429179711,ch.unige.css.services.PingService,ch.unige.ping,10074,1449,128316541,[STARTED],false,true,0,0,58519194,
1428429179711,com.android.systemui.keyguard.KeyguardService,com.android.systemui,10012,906,42358,[PERSISTENT],false,false,1,1,42367,
1428429179711,ch.unige.css.services.main.CssRegistryService,ch.unige.ping:background,10074,6441,116967174,[STARTED],false,true,0,0,52547328,
1428429179711,com.whatsapp.messaging.MessageService,com.whatsapp,10159,28262,68313,[STARTED],false,true,1,1,57837552,
1428429179711,ccc71.at.services.at_service,ccc71.bmw.pro:services,10110,6233,69150,[STARTED],false,true,0,0,52514608,
1428429179711,com.google.android.location.geocode.GeocodeService,com.google.process.location,10007,17755,125769719,[],false,true,1,1,57578083,
1428429179711,com.google.android.gms.gcm.GcmService,com.google.process.gapps,10007,17792,17965599,[STARTED],false,true,0,0,57577853,
1428429239908,com.android.bluetooth.hid.HidService,com.android.bluetooth,1002,0,41148,[],false,true,1,1,41157,
1428429239908,com.android.exchange.service.EasService,com.google.android.gm.exchange,10157,2752,54256,[STARTED],false,true,1,1,57601942,
1428429239908,com.google.android.music.dial.DialMediaRouteProviderService,com.google.android.music:main,10058,0,21711939,[],false,true,0,0,10495967,
1428429239908,ch.unige.css.services.PingService,ch.unige.ping,10074,1449,128376854,[STARTED],false,true,0,0,58540138,
1428429239908,com.android.systemui.keyguard.KeyguardService,com.android.systemui,10012,906,42358,[PERSISTENT],false,false,1,1,42367,
1428429239908,ch.unige.css.services.main.CssRegistryService,ch.unige.ping:background,10074,6441,116967174,[STARTED],false,true,0,0,52547328,
1428429239908,com.whatsapp.messaging.MessageService,com.whatsapp,10159,28262,68313,[STARTED],false,true,1,1,57837552,
1428429239908,ccc71.at.services.at_service,ccc71.bmw.pro:services,10110,6233,69150,[STARTED],false,true,0,0,52514608,
1428429239908,com.google.android.location.geocode.GeocodeService,com.google.process.location,10007,17755,125769719,[],false,true,1,1,57578083,
1428429239908,com.google.android.gms.gcm.GcmService,com.google.process.gapps,10007,17792,17965599,[STARTED],false,true,0,0,57577853,
1428429300314,com.android.bluetooth.hid.HidService,com.android.bluetooth,1002,0,41148,[],false,true,1,1,41157,
1428429300314,com.android.exchange.service.EasService,com.google.android.gm.exchange,10157,2752,54256,[STARTED],false,true,1,1,57601942,
1428429300314,com.google.android.music.dial.DialMediaRouteProviderService,com.google.android.music:main,10058,0,21711939,[],false,true,0,0,10495967,
1428429300314,ch.unige.css.services.PingService,ch.unige.ping,10074,1449,128437246,[STARTED],false,true,0,0,58561429,
1428429300314,com.android.systemui.keyguard.KeyguardService,com.android.systemui,10012,906,42358,[PERSISTENT],false,false,1,1,42367,
1428429300314,ch.unige.css.services.main.CssRegistryService,ch.unige.ping:background,10074,6441,116967174,[STARTED],false,true,0,0,52547328,
1428429300314,com.whatsapp.messaging.MessageService,com.whatsapp,10159,28262,68313,[STARTED],false,true,1,1,57837552,
1428429300314,ccc71.at.services.at_service,ccc71.bmw.pro:services,10110,6233,69150,[STARTED],false,true,0,0,52514608,
1428429300314,com.google.android.location.geocode.GeocodeService,com.google.process.location,10007,17755,125769719,[],false,true,1,1,57578083,
1428429300314,com.google.android.gms.gcm.GcmService,com.google.process.gapps,10007,17792,17965599,[STARTED],false,true,0,0,57577853,
1428429360079,com.android.bluetooth.hid.HidService,com.android.bluetooth,1002,0,41148,[],false,true,1,1,41157,
1428429360079,com.android.exchange.service.EasService,com.google.android.gm.exchange,10157,2752,54256,[STARTED],false,true,1,1,57601942,
1428429360079,com.google.android.music.dial.DialMediaRouteProviderService,com.google.android.music:main,10058,0,21711939,[],false,true,0,0,10495967,
1428429360079,ch.unige.css.services.PingService,ch.unige.ping,10074,1449,128497489,[STARTED],false,true,0,0,58589057,
1428429360079,com.android.systemui.keyguard.KeyguardService,com.android.systemui,10012,906,42358,[PERSISTENT],false,false,1,1,42367,
1428429360079,ch.unige.css.services.main.CssRegistryService,ch.unige.ping:background,10074,6441,116967174,[STARTED],false,true,0,0,52547328,
1428429360079,com.whatsapp.messaging.MessageService,com.whatsapp,10159,28262,68313,[STARTED],false,true,1,1,57837552,
1428429360079,ccc71.at.services.at_service,ccc71.bmw.pro:services,10110,6233,69150,[STARTED],false,true,0,0,52514608,
1428429360079,com.google.android.location.geocode.GeocodeService,com.google.process.location,10007,17755,125769719,[],false,true,1,1,57578083,
1428429360079,com.google.android.gms.gcm.GcmService,com.google.process.gapps,10007,17792,17965599,[STARTED],false,true,0,0,57577853,
1428429420449,com.android.bluetooth.hid.HidService,com.android.bluetooth,1002,0,41148,[],false,true,1,1,41157,
1428429420449,com.android.exchange.service.EasService,com.google.android.gm.exchange,10157,2752,54256,[STARTED],false,true,1,1,57601942,
1428429420449,com.google.android.music.dial.DialMediaRouteProviderService,com.google.android.music:main,10058,0,21711939,[],false,true,0,0,10495967,
1428429420449,ch.unige.css.services.PingService,ch.unige.ping,10074,1449,128557853,[STARTED],false,true,0,0,58609435,
1428429420449,com.android.systemui.keyguard.KeyguardService,com.android.systemui,10012,906,42358,[PERSISTENT],false,false,1,1,42367,
1428429420449,ch.unige.css.services.main.CssRegistryService,ch.unige.ping:background,10074,6441,116967174,[STARTED],false,true,0,0,52547328,
1428429420449,com.whatsapp.messaging.MessageService,com.whatsapp,10159,28262,68313,[STARTED],false,true,1,1,57837552,
1428429420449,ccc71.at.services.at_service,ccc71.bmw.pro:services,10110,6233,69150,[STARTED],false,true,0,0,52514608,
1428429420449,com.google.android.location.geocode.GeocodeService,com.google.process.location,10007,17755,125769719,[],false,true,1,1,57578083,
1428429420449,com.google.android.gms.gcm.GcmService,com.google.process.gapps,10007,17792,17965599,[STARTED],false,true,0,0,57577853,
1428429480634,com.android.bluetooth.hid.HidService,com.android.bluetooth,1002,0,41148,[],false,true,1,1,41157,
1428429480634,com.android.exchange.service.EasService,com.google.android.gm.exchange,10157,2752,54256,[STARTED],false,true,1,1,57601942,
1428429480634,com.google.android.music.dial.DialMediaRouteProviderService,com.google.android.music:main,10058,0,21711939,[],false,true,0,0,10495967,
1428429480634,ch.unige.css.services.PingService,ch.unige.ping,10074,1449,128618043,[STARTED],false,true,0,0,58629989,
1428429480634,com.android.systemui.keyguard.KeyguardService,com.android.systemui,10012,906,42358,[PERSISTENT],false,false,1,1,42367,
1428429480634,ch.unige.css.services.main.CssRegistryService,ch.unige.ping:background,10074,6441,116967174,[STARTED],false,true,0,0,52547328,
1428429480634,com.whatsapp.messaging.MessageService,com.whatsapp,10159,28262,68313,[STARTED],false,true,1,1,57837552,
1428429480634,ccc71.at.services.at_service,ccc71.bmw.pro:services,10110,6233,69150,[STARTED],false,true,0,0,52514608,
1428429480634,com.google.android.location.geocode.GeocodeService,com.google.process.location,10007,17755,125769719,[],false,true,1,1,57578083,
1428429480634,com.google.android.gms.gcm.GcmService,com.google.process.gapps,10007,17792,17965599,[STARTED],false,true,0,0,57577853,
1428429541453,com.android.bluetooth.hid.HidService,com.android.bluetooth,1002,0,41148,[],false,true,1,1,41157,
1428429541453,com.android.exchange.service.EasService,com.google.android.gm.exchange,10157,2752,54256,[STARTED],false,true,1,1,57601942,
1428429541453,com.google.android.music.dial.DialMediaRouteProviderService,com.google.android.music:main,10058,0,21711939,[],false,true,0,0,10495967,
1428429541453,ch.unige.css.services.PingService,ch.unige.ping,10074,1449,128678856,[STARTED],false,true,0,0,58650675,
1428429541453,com.android.systemui.keyguard.KeyguardService,com.android.systemui,10012,906,42358,[PERSISTENT],false,false,1,1,42367,
1428429541453,ch.unige.css.services.main.CssRegistryService,ch.unige.ping:background,10074,6441,116967174,[STARTED],false,true,0,0,52547328,
1428429541453,com.whatsapp.messaging.MessageService,com.whatsapp,10159,28262,68313,[STARTED],false,true,1,1,57837552,
1428429541453,ccc71.at.services.at_service,ccc71.bmw.pro:services,10110,6233,69150,[STARTED],false,true,0,0,52514608,
1428429541453,com.google.android.location.geocode.GeocodeService,com.google.process.location,10007,17755,125769719,[],false,true,1,1,57578083,
1428429541453,com.google.android.gms.gcm.GcmService,com.google.process.gapps,10007,17792,17965599,[STARTED],false,true,0,0,57577853,
1428429602050,com.android.bluetooth.hid.HidService,com.android.bluetooth,1002,0,41148,[],false,true,1,1,41157,
1428429602050,com.android.exchange.service.EasService,com.google.android.gm.exchange,10157,2752,54256,[STARTED],false,true,1,1,57601942,
1428429602050,com.google.android.music.dial.DialMediaRouteProviderService,com.google.android.music:main,10058,0,21711939,[],false,true,0,0,10495967,
1428429602050,ch.unige.css.services.PingService,ch.unige.ping,10074,1449,128738926,[STARTED],false,true,0,0,58672107,
1428429602050,com.android.systemui.keyguard.KeyguardService,com.android.systemui,10012,906,42358,[PERSISTENT],false,false,1,1,42367,
1428429602050,ch.unige.css.services.main.CssRegistryService,ch.unige.ping:background,10074,6441,116967174,[STARTED],false,true,0,0,52547328,
1428429602050,com.whatsapp.messaging.MessageService,com.whatsapp,10159,28262,68313,[STARTED],false,true,1,1,57837552,
1428429602050,ccc71.at.services.at_service,ccc71.bmw.pro:services,10110,6233,69150,[STARTED],false,true,0,0,52514608,
1428429602050,com.google.android.location.geocode.GeocodeService,com.google.process.location,10007,17755,125769719,[],false,true,1,1,57578083,
1428429602050,com.google.android.gms.gcm.GcmService,com.google.process.gapps,10007,17792,17965599,[STARTED],false,true,0,0,57577853,
1428429662495,com.android.bluetooth.hid.HidService,com.android.bluetooth,1002,0,41148,[],false,true,1,1,41157,
1428429662495,com.android.exchange.service.EasService,com.google.android.gm.exchange,10157,2752,54256,[STARTED],false,true,1,1,57601942,
1428429662495,com.google.android.music.dial.DialMediaRouteProviderService,com.google.android.music:main,10058,0,21711939,[],false,true,0,0,10495967,
1428429662495,ch.unige.css.services.PingService,ch.unige.ping,10074,1449,128799357,[STARTED],false,true,0,0,58705864,
1428429662495,com.android.systemui.keyguard.KeyguardService,com.android.systemui,10012,906,42358,[PERSISTENT],false,false,1,1,42367,
1428429662495,ch.unige.css.services.main.CssRegistryService,ch.unige.ping:background,10074,6441,116967174,[STARTED],false,true,0,0,52547328,
1428429662495,com.whatsapp.messaging.MessageService,com.whatsapp,10159,28262,68313,[STARTED],false,true,1,1,57837552,
1428429662495,ccc71.at.services.at_service,ccc71.bmw.pro:services,10110,6233,69150,[STARTED],false,true,0,0,52514608,
1428429662495,com.google.android.location.geocode.GeocodeService,com.google.process.location,10007,17755,125769719,[],false,true,1,1,57578083,
1428429662495,com.google.android.gms.gcm.GcmService,com.google.process.gapps,10007,17792,17965599,[STARTED],false,true,0,0,57577853,
1428429722794,com.android.bluetooth.hid.HidService,com.android.bluetooth,1002,0,41148,[],false,true,1,1,41157,
1428429722794,com.android.exchange.service.EasService,com.google.android.gm.exchange,10157,2752,54256,[STARTED],false,true,1,1,57601942,
1428429722794,com.google.android.music.dial.DialMediaRouteProviderService,com.google.android.music:main,10058,0,21711939,[],false,true,0,0,10495967,
1428429722794,ch.unige.css.services.PingService,ch.unige.ping,10074,1449,128859672,[STARTED],false,true,0,0,58726927,
1428429722794,com.android.systemui.keyguard.KeyguardService,com.android.systemui,10012,906,42358,[PERSISTENT],false,false,1,1,42367,
1428429722794,ch.unige.css.services.main.CssRegistryService,ch.unige.ping:background,10074,6441,116967174,[STARTED],false,true,0,0,52547328,
1428429722794,com.whatsapp.messaging.MessageService,com.whatsapp,10159,28262,68313,[STARTED],false,true,1,1,57837552,
1428429722794,ccc71.at.services.at_service,ccc71.bmw.pro:services,10110,6233,69150,[STARTED],false,true,0,0,52514608,
1428429722794,com.google.android.location.geocode.GeocodeService,com.google.process.location,10007,17755,125769719,[],false,true,1,1,57578083,
1428429722794,com.google.android.gms.gcm.GcmService,com.google.process.gapps,10007,17792,17965599,[STARTED],false,true,0,0,57577853,
1428429783055,com.android.bluetooth.hid.HidService,com.android.bluetooth,1002,0,41148,[],false,true,1,1,41157,
1428429783055,com.android.exchange.service.EasService,com.google.android.gm.exchange,10157,2752,54256,[STARTED],false,true,1,1,57601942,
1428429783055,com.google.android.music.dial.DialMediaRouteProviderService,com.google.android.music:main,10058,0,21711939,[],false,true,0,0,10495967,
1428429783055,ch.unige.css.services.PingService,ch.unige.ping,10074,1449,128919934,[STARTED],false,true,0,0,58747932,
1428429783055,com.android.systemui.keyguard.KeyguardService,com.android.systemui,10012,906,42358,[PERSISTENT],false,false,1,1,42367,
1428429783055,ch.unige.css.services.main.CssRegistryService,ch.unige.ping:background,10074,6441,116967174,[STARTED],false,true,0,0,52547328,
1428429783055,com.whatsapp.messaging.MessageService,com.whatsapp,10159,28262,68313,[STARTED],false,true,1,1,57837552,
1428429783055,ccc71.at.services.at_service,ccc71.bmw.pro:services,10110,6233,69150,[STARTED],false,true,0,0,52514608,
1428429783055,com.google.android.location.geocode.GeocodeService,com.google.process.location,10007,17755,125769719,[],false,true,1,1,57578083,
1428429783055,com.google.android.gms.gcm.GcmService,com.google.process.gapps,10007,17792,17965599,[STARTED],false,true,0,0,57577853,
1428429843281,com.android.bluetooth.hid.HidService,com.android.bluetooth,1002,0,41148,[],false,true,1,1,41157,
1428429843281,com.android.exchange.service.EasService,com.google.android.gm.exchange,10157,2752,54256,[STARTED],false,true,1,1,57601942,
1428429843281,com.google.android.music.dial.DialMediaRouteProviderService,com.google.android.music:main,10058,0,21711939,[],false,true,0,0,10495967,
1428429843281,ch.unige.css.services.PingService,ch.unige.ping,10074,1449,128980104,[STARTED],false,true,0,0,58769106,
1428429843281,com.android.systemui.keyguard.KeyguardService,com.android.systemui,10012,906,42358,[PERSISTENT],false,false,1,1,42367,
1428429843281,ch.unige.css.services.main.CssRegistryService,ch.unige.ping:background,10074,6441,116967174,[STARTED],false,true,0,0,52547328,
1428429843281,com.whatsapp.messaging.MessageService,com.whatsapp,10159,28262,68313,[STARTED],false,true,1,1,57837552,
1428429843281,ccc71.at.services.at_service,ccc71.bmw.pro:services,10110,6233,69150,[STARTED],false,true,0,0,52514608,
1428429843281,com.google.android.location.geocode.GeocodeService,com.google.process.location,10007,17755,125769719,[],false,true,1,1,57578083,
1428429843281,com.google.android.gms.gcm.GcmService,com.google.process.gapps,10007,17792,17965599,[STARTED],false,true,0,0,57577853,
1428429903450,com.android.bluetooth.hid.HidService,com.android.bluetooth,1002,0,41148,[],false,true,1,1,41157,
1428429903450,com.android.exchange.service.EasService,com.google.android.gm.exchange,10157,2752,54256,[STARTED],false,true,1,1,58787135,
1428429903450,com.google.android.music.dial.DialMediaRouteProviderService,com.google.android.music:main,10058,0,21711939,[],false,true,0,0,10495967,
1428429903450,ch.unige.css.services.PingService,ch.unige.ping,10074,1449,129040326,[STARTED],false,true,0,0,58791465,
1428429903450,com.android.systemui.keyguard.KeyguardService,com.android.systemui,10012,906,42358,[PERSISTENT],false,false,1,1,42367,
1428429903450,ch.unige.css.services.main.CssRegistryService,ch.unige.ping:background,10074,6441,116967174,[STARTED],false,true,0,0,52547328,
1428429903450,com.whatsapp.messaging.MessageService,com.whatsapp,10159,28262,68313,[STARTED],false,true,1,1,57837552,
1428429903450,ccc71.at.services.at_service,ccc71.bmw.pro:services,10110,6233,69150,[STARTED],false,true,0,0,52514608,
1428429903450,com.google.android.location.geocode.GeocodeService,com.google.process.location,10007,17755,125769719,[],false,true,1,1,57578083,
1428429903450,com.google.android.gms.gcm.GcmService,com.google.process.gapps,10007,17792,17965599,[STARTED],false,true,0,0,57577853,
1428429963746,com.android.bluetooth.hid.HidService,com.android.bluetooth,1002,0,41148,[],false,true,1,1,41157,
1428429963746,com.android.exchange.service.EasService,com.google.android.gm.exchange,10157,2752,54256,[STARTED],false,true,1,1,58787135,
1428429963746,com.google.android.music.dial.DialMediaRouteProviderService,com.google.android.music:main,10058,0,21711939,[],false,true,0,0,10495967,
1428429963746,ch.unige.css.services.PingService,ch.unige.ping,10074,1449,129100623,[STARTED],false,true,0,0,58812125,
1428429963746,com.android.systemui.keyguard.KeyguardService,com.android.systemui,10012,906,42358,[PERSISTENT],false,false,1,1,42367,
1428429963746,ch.unige.css.services.main.CssRegistryService,ch.unige.ping:background,10074,6441,116967174,[STARTED],false,true,0,0,52547328,
1428429963746,com.whatsapp.messaging.MessageService,com.whatsapp,10159,28262,68313,[STARTED],false,true,1,1,57837552,
1428429963746,ccc71.at.services.at_service,ccc71.bmw.pro:services,10110,6233,69150,[STARTED],false,true,0,0,52514608,
1428429963746,com.google.android.location.geocode.GeocodeService,com.google.process.location,10007,17755,125769719,[],false,true,1,1,57578083,
1428429963746,com.google.android.gms.gcm.GcmService,com.google.process.gapps,10007,17792,17965599,[STARTED],false,true,0,0,57577853,
1428430023941,com.android.bluetooth.hid.HidService,com.android.bluetooth,1002,0,41148,[],false,true,1,1,41157,
1428430023941,com.android.exchange.service.EasService,com.google.android.gm.exchange,10157,2752,54256,[STARTED],false,true,1,1,58787135,
1428430023941,com.google.android.music.dial.DialMediaRouteProviderService,com.google.android.music:main,10058,0,21711939,[],false,true,0,0,10495967,
1428430023941,ch.unige.css.services.PingService,ch.unige.ping,10074,1449,129160805,[STARTED],false,true,0,0,58832962,
1428430023941,com.android.systemui.keyguard.KeyguardService,com.android.systemui,10012,906,42358,[PERSISTENT],false,false,1,1,42367,
1428430023941,ch.unige.css.services.main.CssRegistryService,ch.unige.ping:background,10074,6441,116967174,[STARTED],false,true,0,0,52547328,
1428430023941,com.whatsapp.messaging.MessageService,com.whatsapp,10159,28262,68313,[STARTED],false,true,1,1,57837552,
1428430023941,ccc71.at.services.at_service,ccc71.bmw.pro:services,10110,6233,69150,[STARTED],false,true,0,0,52514608,
1428430023941,com.google.android.location.geocode.GeocodeService,com.google.process.location,10007,17755,125769719,[],false,true,1,1,57578083,
1428430023941,com.google.android.gms.gcm.GcmService,com.google.process.gapps,10007,17792,17965599,[STARTED],false,true,0,0,57577853,
1428430084080,com.android.bluetooth.hid.HidService,com.android.bluetooth,1002,0,41148,[],false,true,1,1,41157,
1428430084080,com.android.exchange.service.EasService,com.google.android.gm.exchange,10157,2752,54256,[STARTED],false,true,1,1,58787135,
1428430084080,com.google.android.music.dial.DialMediaRouteProviderService,com.google.android.music:main,10058,0,21711939,[],false,true,0,0,10495967,
1428430084080,ch.unige.css.services.PingService,ch.unige.ping,10074,1449,129220959,[STARTED],false,true,0,0,58854030,
1428430084080,com.android.systemui.keyguard.KeyguardService,com.android.systemui,10012,906,42358,[PERSISTENT],false,false,1,1,42367,
1428430084080,ch.unige.css.services.main.CssRegistryService,ch.unige.ping:background,10074,6441,116967174,[STARTED],false,true,0,0,52547328,
1428430084080,com.whatsapp.messaging.MessageService,com.whatsapp,10159,28262,68313,[STARTED],false,true,1,1,57837552,
1428430084080,ccc71.at.services.at_service,ccc71.bmw.pro:services,10110,6233,69150,[STARTED],false,true,0,0,52514608,
1428430084080,com.google.android.location.geocode.GeocodeService,com.google.process.location,10007,17755,125769719,[],false,true,1,1,57578083,
1428430084080,com.google.android.gms.gcm.GcmService,com.google.process.gapps,10007,17792,17965599,[STARTED],false,true,0,0,57577853,
1428430144463,com.android.bluetooth.hid.HidService,com.android.bluetooth,1002,0,41148,[],false,true,1,1,41157,
1428430144463,com.android.exchange.service.EasService,com.google.android.gm.exchange,10157,2752,54256,[STARTED],false,true,1,1,58787135,
1428430144463,com.google.android.music.dial.DialMediaRouteProviderService,com.google.android.music:main,10058,0,21711939,[],false,true,0,0,10495967,
1428430144463,ch.unige.css.services.PingService,ch.unige.ping,10074,1449,129281330,[STARTED],false,true,0,0,58874445,
1428430144463,com.android.systemui.keyguard.KeyguardService,com.android.systemui,10012,906,42358,[PERSISTENT],false,false,1,1,42367,
1428430144463,ch.unige.css.services.main.CssRegistryService,ch.unige.ping:background,10074,6441,116967174,[STARTED],false,true,0,0,52547328,
1428430144463,com.whatsapp.messaging.MessageService,com.whatsapp,10159,28262,68313,[STARTED],false,true,1,1,57837552,
1428430144463,ccc71.at.services.at_service,ccc71.bmw.pro:services,10110,6233,69150,[STARTED],false,true,0,0,52514608,
1428430144463,com.google.android.location.geocode.GeocodeService,com.google.process.location,10007,17755,125769719,[],false,true,1,1,57578083,
1428430144463,com.google.android.gms.gcm.GcmService,com.google.process.gapps,10007,17792,17965599,[STARTED],false,true,0,0,57577853,
1428430221493,com.android.bluetooth.hid.HidService,com.android.bluetooth,1002,0,41148,[],false,true,1,1,41157,
1428430221493,com.android.exchange.service.EasService,com.google.android.gm.exchange,10157,2752,54256,[STARTED],false,true,1,1,58787135,
1428430221493,com.google.android.music.dial.DialMediaRouteProviderService,com.google.android.music:main,10058,0,21711939,[],false,true,0,0,10495967,
1428430221493,ch.unige.css.services.PingService,ch.unige.ping,10074,1449,129358370,[STARTED],false,true,0,0,58895564,
1428430221493,com.android.systemui.keyguard.KeyguardService,com.android.systemui,10012,906,42358,[PERSISTENT],false,false,1,1,42367,
1428430221493,ch.unige.css.services.main.CssRegistryService,ch.unige.ping:background,10074,6441,116967174,[STARTED],false,true,0,0,52547328,
1428430221493,com.whatsapp.messaging.MessageService,com.whatsapp,10159,28262,68313,[STARTED],false,true,1,1,57837552,
1428430221493,ccc71.at.services.at_service,ccc71.bmw.pro:services,10110,6233,69150,[STARTED],false,true,0,0,52514608,
1428430221493,com.google.android.location.geocode.GeocodeService,com.google.process.location,10007,17755,125769719,[],false,true,1,1,57578083,
1428430221493,com.google.android.gms.gcm.GcmService,com.google.process.gapps,10007,17792,17965599,[STARTED],false,true,0,0,57577853,
1428430281511,com.android.bluetooth.hid.HidService,com.android.bluetooth,1002,0,41148,[],false,true,1,1,41157,
1428430281511,com.android.exchange.service.EasService,com.google.android.gm.exchange,10157,2752,54256,[STARTED],false,true,1,1,58787135,
1428430281511,com.google.android.music.dial.DialMediaRouteProviderService,com.google.android.music:main,10058,0,21711939,[],false,true,0,0,10495967,
1428430281511,ch.unige.css.services.PingService,ch.unige.ping,10074,1449,129418387,[STARTED],false,true,0,0,58916582,
1428430281511,com.android.systemui.keyguard.KeyguardService,com.android.systemui,10012,906,42358,[PERSISTENT],false,false,1,1,42367,
1428430281511,ch.unige.css.services.main.CssRegistryService,ch.unige.ping:background,10074,6441,116967174,[STARTED],false,true,0,0,52547328,
1428430281511,com.whatsapp.messaging.MessageService,com.whatsapp,10159,28262,68313,[STARTED],false,true,1,1,57837552,
1428430281511,ccc71.at.services.at_service,ccc71.bmw.pro:services,10110,6233,69150,[STARTED],false,true,0,0,52514608,
1428430281511,com.google.android.location.geocode.GeocodeService,com.google.process.location,10007,17755,125769719,[],false,true,1,1,57578083,
1428430281511,com.google.android.gms.gcm.GcmService,com.google.process.gapps,10007,17792,17965599,[STARTED],false,true,0,0,57577853,
1428430385828,com.android.bluetooth.hid.HidService,com.android.bluetooth,1002,0,41148,[],false,true,1,1,41157,
1428430385828,com.android.exchange.service.EasService,com.google.android.gm.exchange,10157,2752,54256,[STARTED],false,true,1,1,58787135,
1428430385828,com.google.android.music.dial.DialMediaRouteProviderService,com.google.android.music:main,10058,0,21711939,[],false,true,0,0,10495967,
1428430385828,ch.unige.css.services.PingService,ch.unige.ping,10074,1449,129522689,[STARTED],false,true,0,0,58937920,
1428430385828,com.android.systemui.keyguard.KeyguardService,com.android.systemui,10012,906,42358,[PERSISTENT],false,false,1,1,42367,
1428430385828,ch.unige.css.services.main.CssRegistryService,ch.unige.ping:background,10074,6441,116967174,[STARTED],false,true,0,0,52547328,
1428430385828,com.whatsapp.messaging.MessageService,com.whatsapp,10159,28262,68313,[STARTED],false,true,1,1,57837552,
1428430385828,ccc71.at.services.at_service,ccc71.bmw.pro:services,10110,6233,69150,[STARTED],false,true,0,0,52514608,
1428430385828,com.google.android.location.geocode.GeocodeService,com.google.process.location,10007,17755,125769719,[],false,true,1,1,57578083,
1428430385828,com.google.android.gms.gcm.GcmService,com.google.process.gapps,10007,17792,17965599,[STARTED],false,true,0,0,57577853,
1428430445970,com.android.bluetooth.hid.HidService,com.android.bluetooth,1002,0,41148,[],false,true,1,1,41157,
1428430445970,com.android.exchange.service.EasService,com.google.android.gm.exchange,10157,2752,54256,[STARTED],false,true,1,1,58787135,
1428430445970,com.google.android.music.dial.DialMediaRouteProviderService,com.google.android.music:main,10058,0,21711939,[],false,true,0,0,10495967,
1428430445970,ch.unige.css.services.PingService,ch.unige.ping,10074,1449,129582845,[STARTED],false,true,0,0,58958813,
1428430445970,com.android.systemui.keyguard.KeyguardService,com.android.systemui,10012,906,42358,[PERSISTENT],false,false,1,1,42367,
1428430445970,ch.unige.css.services.main.CssRegistryService,ch.unige.ping:background,10074,6441,116967174,[STARTED],false,true,0,0,52547328,
1428430445970,com.whatsapp.messaging.MessageService,com.whatsapp,10159,28262,68313,[STARTED],false,true,1,1,57837552,
1428430445970,ccc71.at.services.at_service,ccc71.bmw.pro:services,10110,6233,69150,[STARTED],false,true,0,0,52514608,
1428430445970,com.google.android.location.geocode.GeocodeService,com.google.process.location,10007,17755,125769719,[],false,true,1,1,57578083,
1428430445970,com.google.android.gms.gcm.GcmService,com.google.process.gapps,10007,17792,17965599,[STARTED],false,true,0,0,57577853,
1428430506231,com.android.bluetooth.hid.HidService,com.android.bluetooth,1002,0,41148,[],false,true,1,1,41157,
1428430506231,com.android.exchange.service.EasService,com.google.android.gm.exchange,10157,2752,54256,[STARTED],false,true,1,1,58787135,
1428430506231,com.google.android.music.dial.DialMediaRouteProviderService,com.google.android.music:main,10058,0,21711939,[],false,true,0,0,10495967,
1428430506231,ch.unige.css.services.PingService,ch.unige.ping,10074,1449,129643110,[STARTED],false,true,0,0,58980013,
1428430506231,com.android.systemui.keyguard.KeyguardService,com.android.systemui,10012,906,42358,[PERSISTENT],false,false,1,1,42367,
1428430506231,ch.unige.css.services.main.CssRegistryService,ch.unige.ping:background,10074,6441,116967174,[STARTED],false,true,0,0,52547328,
1428430506231,com.whatsapp.messaging.MessageService,com.whatsapp,10159,28262,68313,[STARTED],false,true,1,1,57837552,
1428430506231,ccc71.at.services.at_service,ccc71.bmw.pro:services,10110,6233,69150,[STARTED],false,true,0,0,52514608,
1428430506231,com.google.android.location.geocode.GeocodeService,com.google.process.location,10007,17755,125769719,[],false,true,1,1,57578083,
1428430506231,com.google.android.gms.gcm.GcmService,com.google.process.gapps,10007,17792,17965599,[STARTED],false,true,0,0,57577853,
1428430566591,com.android.bluetooth.hid.HidService,com.android.bluetooth,1002,0,41148,[],false,true,1,1,41157,
1428430566591,com.android.exchange.service.EasService,com.google.android.gm.exchange,10157,2752,54256,[STARTED],false,true,1,1,58787135,
1428430566591,com.google.android.music.dial.DialMediaRouteProviderService,com.google.android.music:main,10058,0,21711939,[],false,true,0,0,10495967,
1428430566591,ch.unige.css.services.PingService,ch.unige.ping,10074,1449,129703422,[STARTED],false,true,0,0,59001171,
1428430566591,com.android.systemui.keyguard.KeyguardService,com.android.systemui,10012,906,42358,[PERSISTENT],false,false,1,1,42367,
1428430566591,ch.unige.css.services.main.CssRegistryService,ch.unige.ping:background,10074,6441,116967174,[STARTED],false,true,0,0,52547328,
1428430566591,com.whatsapp.messaging.MessageService,com.whatsapp,10159,28262,68313,[STARTED],false,true,1,1,57837552,
1428430566591,ccc71.at.services.at_service,ccc71.bmw.pro:services,10110,6233,69150,[STARTED],false,true,0,0,52514608,
1428430566591,com.google.android.location.geocode.GeocodeService,com.google.process.location,10007,17755,125769719,[],false,true,1,1,57578083,
1428430566591,com.google.android.gms.gcm.GcmService,com.google.process.gapps,10007,17792,17965599,[STARTED],false,true,0,0,57577853,
1428430626651,com.android.bluetooth.hid.HidService,com.android.bluetooth,1002,0,41148,[],false,true,1,1,41157,
1428430626651,com.android.exchange.service.EasService,com.google.android.gm.exchange,10157,2752,54256,[STARTED],false,true,1,1,59033038,
1428430626651,com.google.android.music.dial.DialMediaRouteProviderService,com.google.android.music:main,10058,0,21711939,[],false,true,0,0,10495967,
1428430626651,ch.unige.css.services.PingService,ch.unige.ping,10074,1449,129763517,[STARTED],false,true,0,0,59052755,
1428430626651,com.android.systemui.keyguard.KeyguardService,com.android.systemui,10012,906,42358,[PERSISTENT],false,false,1,1,42367,
1428430626651,ch.unige.css.services.main.CssRegistryService,ch.unige.ping:background,10074,6441,116967174,[STARTED],false,true,0,0,52547328,
1428430626651,com.google.android.sidekick.main.entry.EntriesRefreshIntentService,com.google.android.googlequicksearchbox:search,10019,1402,129763532,[STARTED],false,true,0,0,59052769,
1428430626651,com.whatsapp.messaging.MessageService,com.whatsapp,10159,28262,68313,[STARTED],false,true,1,1,57837552,
1428430626651,ccc71.at.services.at_service,ccc71.bmw.pro:services,10110,6233,69150,[STARTED],false,true,0,0,52514608,
1428430626651,com.android.inputmethod.latin.spellcheck.AndroidSpellCheckerService,com.google.android.inputmethod.latin,10054,1125,129750132,[],false,true,1,1,59039369,
1428430689500,com.android.bluetooth.hid.HidService,com.android.bluetooth,1002,0,41148,[],false,true,1,1,41157,
1428430689500,com.android.exchange.service.EasService,com.google.android.gm.exchange,10157,2752,54256,[STARTED],false,true,1,1,59033038,
1428430689500,com.google.android.music.dial.DialMediaRouteProviderService,com.google.android.music:main,10058,0,21711939,[],false,true,0,0,10495967,
1428430689500,ch.unige.css.services.PingService,ch.unige.ping,10074,1449,129826365,[STARTED],false,true,0,0,59094112,
1428430689500,com.android.systemui.keyguard.KeyguardService,com.android.systemui,10012,906,42358,[PERSISTENT],false,false,1,1,42367,
1428430689500,ch.unige.css.services.main.CssRegistryService,ch.unige.ping:background,10074,6441,116967174,[STARTED],false,true,0,0,52547328,
1428430689500,com.whatsapp.messaging.MessageService,com.whatsapp,10159,28262,68313,[STARTED],false,true,1,1,57837552,
1428430689500,ccc71.at.services.at_service,ccc71.bmw.pro:services,10110,6233,69150,[STARTED],false,true,0,0,52514608,
1428430689500,com.android.inputmethod.latin.spellcheck.AndroidSpellCheckerService,com.google.android.inputmethod.latin,10054,1125,129750132,[],false,true,1,1,59039369,
1428430689500,com.google.android.location.geocode.GeocodeService,com.google.process.location,10007,17755,129751238,[],false,true,1,1,59040476,
1428430750462,com.android.bluetooth.hid.HidService,com.android.bluetooth,1002,0,41148,[],false,true,1,1,41157,
1428430750462,com.android.exchange.service.EasService,com.google.android.gm.exchange,10157,2752,54256,[STARTED],false,true,1,1,59033038,
1428430750462,com.google.android.music.dial.DialMediaRouteProviderService,com.google.android.music:main,10058,0,21711939,[],false,true,0,0,10495967,
1428430750462,ch.unige.css.services.PingService,ch.unige.ping,10074,1449,129887322,[STARTED],false,true,0,0,59115689,
1428430750462,com.android.systemui.keyguard.KeyguardService,com.android.systemui,10012,906,42358,[PERSISTENT],false,false,1,1,42367,
1428430750462,ch.unige.css.services.main.CssRegistryService,ch.unige.ping:background,10074,6441,116967174,[STARTED],false,true,0,0,52547328,
1428430750462,com.whatsapp.messaging.MessageService,com.whatsapp,10159,28262,68313,[STARTED],false,true,1,1,57837552,
1428430750462,ccc71.at.services.at_service,ccc71.bmw.pro:services,10110,6233,69150,[STARTED],false,true,0,0,52514608,
1428430750462,com.android.inputmethod.latin.spellcheck.AndroidSpellCheckerService,com.google.android.inputmethod.latin,10054,1125,129750132,[],false,true,1,1,59039369,
1428430750462,com.google.android.location.geocode.GeocodeService,com.google.process.location,10007,17755,129751238,[],false,true,1,1,59040476,
1428430810463,com.android.bluetooth.hid.HidService,com.android.bluetooth,1002,0,41148,[],false,true,1,1,41157,
1428430810463,com.android.exchange.service.EasService,com.google.android.gm.exchange,10157,2752,54256,[STARTED],false,true,1,1,59033038,
1428430810463,com.google.android.music.dial.DialMediaRouteProviderService,com.google.android.music:main,10058,0,21711939,[],false,true,0,0,10495967,
1428430810463,ch.unige.css.services.PingService,ch.unige.ping,10074,1449,129947339,[STARTED],false,true,0,0,59174077,
1428430810463,com.android.systemui.keyguard.KeyguardService,com.android.systemui,10012,906,42358,[PERSISTENT],false,false,1,1,42367,
1428430810463,ch.unige.css.services.main.CssRegistryService,ch.unige.ping:background,10074,6441,116967174,[STARTED],false,true,0,0,52547328,
1428430810463,com.whatsapp.messaging.MessageService,com.whatsapp,10159,28262,68313,[STARTED],false,true,1,1,57837552,
1428430810463,ccc71.at.services.at_service,ccc71.bmw.pro:services,10110,6233,69150,[STARTED],false,true,0,0,52514608,
1428430810463,com.android.inputmethod.latin.spellcheck.AndroidSpellCheckerService,com.google.android.inputmethod.latin,10054,1125,129750132,[],false,true,1,1,59039369,
1428430810463,com.google.android.location.geocode.GeocodeService,com.google.process.location,10007,17755,129928443,[],false,true,1,1,59155181,
1428430870470,com.android.bluetooth.hid.HidService,com.android.bluetooth,1002,0,41148,[],false,true,1,1,41157,
1428430870470,com.android.exchange.service.EasService,com.google.android.gm.exchange,10157,2752,54256,[STARTED],false,true,1,1,59033038,
1428430870470,com.google.android.music.dial.DialMediaRouteProviderService,com.google.android.music:main,10058,0,21711939,[],false,true,0,0,10495967,
1428430870470,ch.unige.css.services.PingService,ch.unige.ping,10074,1449,130007350,[STARTED],false,true,0,0,59232398,
1428430870470,com.android.systemui.keyguard.KeyguardService,com.android.systemui,10012,906,42358,[PERSISTENT],false,false,1,1,42367,
1428430870470,ch.unige.css.services.main.CssRegistryService,ch.unige.ping:background,10074,6441,116967174,[STARTED],false,true,0,0,52547328,
1428430870470,com.whatsapp.messaging.MessageService,com.whatsapp,10159,28262,68313,[STARTED],false,true,1,1,57837552,
1428430870470,ccc71.at.services.at_service,ccc71.bmw.pro:services,10110,6233,69150,[STARTED],false,true,0,0,52514608,
1428430870470,com.google.android.location.geocode.GeocodeService,com.google.process.location,10007,17755,129928443,[],false,true,1,1,59155181,
1428430870470,com.google.android.gms.gcm.GcmService,com.google.process.gapps,10007,17792,17965599,[STARTED],false,true,0,0,59146990,
1428430930536,com.android.bluetooth.hid.HidService,com.android.bluetooth,1002,0,41148,[],false,true,1,1,41157,
1428430930536,com.android.exchange.service.EasService,com.google.android.gm.exchange,10157,2752,54256,[STARTED],false,true,1,1,59033038,
1428430930536,com.google.android.music.dial.DialMediaRouteProviderService,com.google.android.music:main,10058,0,21711939,[],false,true,0,0,10495967,
1428430930536,ch.unige.css.services.PingService,ch.unige.ping,10074,1449,130067404,[STARTED],false,true,0,0,59284942,
1428430930536,com.android.systemui.keyguard.KeyguardService,com.android.systemui,10012,906,42358,[PERSISTENT],false,false,1,1,42367,
1428430930536,ch.unige.css.services.main.CssRegistryService,ch.unige.ping:background,10074,6441,116967174,[STARTED],false,true,0,0,52547328,
1428430930536,com.whatsapp.messaging.MessageService,com.whatsapp,10159,28262,68313,[STARTED],false,true,1,1,57837552,
1428430930536,ccc71.at.services.at_service,ccc71.bmw.pro:services,10110,6233,69150,[STARTED],false,true,0,0,52514608,
1428430930536,com.google.android.location.geocode.GeocodeService,com.google.process.location,10007,17755,129928443,[],false,true,1,1,59155181,
1428430930536,com.google.android.gms.gcm.GcmService,com.google.process.gapps,10007,17792,17965599,[STARTED],false,true,0,0,59146990,
1428430990636,com.android.bluetooth.hid.HidService,com.android.bluetooth,1002,0,41148,[],false,true,1,1,41157,
1428430990636,com.android.exchange.service.EasService,com.google.android.gm.exchange,10157,2752,54256,[STARTED],false,true,1,1,59033038,
1428430990636,com.google.android.music.dial.DialMediaRouteProviderService,com.google.android.music:main,10058,0,21711939,[],false,true,0,0,10495967,
1428430990636,ch.unige.css.services.PingService,ch.unige.ping,10074,1449,130127429,[STARTED],false,true,0,0,59327607,
1428430990636,com.android.systemui.keyguard.KeyguardService,com.android.systemui,10012,906,42358,[PERSISTENT],false,false,1,1,42367,
1428430990636,ch.unige.css.services.main.CssRegistryService,ch.unige.ping:background,10074,6441,116967174,[STARTED],false,true,0,0,52547328,
1428430990636,com.whatsapp.messaging.MessageService,com.whatsapp,10159,28262,68313,[STARTED],false,true,1,1,57837552,
1428430990636,ccc71.at.services.at_service,ccc71.bmw.pro:services,10110,6233,69150,[STARTED],false,true,0,0,52514608,
1428430990636,com.android.inputmethod.latin.spellcheck.AndroidSpellCheckerService,com.google.android.inputmethod.latin,10054,1125,130124546,[],false,true,1,1,59324724,
1428430990636,com.google.android.location.geocode.GeocodeService,com.google.process.location,10007,17755,129928443,[],false,true,1,1,59155181,
1428431054226,com.android.bluetooth.hid.HidService,com.android.bluetooth,1002,0,41148,[],false,true,1,1,41157,
1428431054226,com.android.exchange.service.EasService,com.google.android.gm.exchange,10157,2752,54256,[STARTED],false,true,1,1,59033038,
1428431054226,com.google.android.music.dial.DialMediaRouteProviderService,com.google.android.music:main,10058,0,21711939,[],false,true,0,0,10495967,
1428431054226,ch.unige.css.services.PingService,ch.unige.ping,10074,1449,130191104,[STARTED],false,true,0,0,59368581,
1428431054226,com.android.systemui.keyguard.KeyguardService,com.android.systemui,10012,906,42358,[PERSISTENT],false,false,1,1,42367,
1428431054226,ch.unige.css.services.main.CssRegistryService,ch.unige.ping:background,10074,6441,116967174,[STARTED],false,true,0,0,52547328,
1428431054226,com.whatsapp.messaging.MessageService,com.whatsapp,10159,28262,68313,[STARTED],false,true,1,1,57837552,
1428431054226,ccc71.at.services.at_service,ccc71.bmw.pro:services,10110,6233,69150,[STARTED],false,true,0,0,52514608,
1428431054226,com.google.android.location.geocode.GeocodeService,com.google.process.location,10007,17755,129928443,[],false,true,1,1,59155181,
1428431054226,com.google.android.gms.gcm.GcmService,com.google.process.gapps,10007,17792,17965599,[STARTED],false,true,0,0,59146990,
1428431114440,com.android.bluetooth.hid.HidService,com.android.bluetooth,1002,0,41148,[],false,true,1,1,41157,
1428431114440,com.android.exchange.service.EasService,com.google.android.gm.exchange,10157,2752,54256,[STARTED],false,true,1,1,59033038,
1428431114440,com.google.android.music.dial.DialMediaRouteProviderService,com.google.android.music:main,10058,0,21711939,[],false,true,0,0,10495967,
1428431114440,ch.unige.css.services.PingService,ch.unige.ping,10074,1449,130251322,[STARTED],false,true,0,0,59390419,
1428431114440,com.android.systemui.keyguard.KeyguardService,com.android.systemui,10012,906,42358,[PERSISTENT],false,false,1,1,42367,
1428431114440,ch.unige.css.services.main.CssRegistryService,ch.unige.ping:background,10074,6441,116967174,[STARTED],false,true,0,0,52547328,
1428431114440,com.whatsapp.messaging.MessageService,com.whatsapp,10159,28262,68313,[STARTED],false,true,1,1,57837552,
1428431114440,ccc71.at.services.at_service,ccc71.bmw.pro:services,10110,6233,69150,[STARTED],false,true,0,0,52514608,
1428431114440,com.google.android.location.geocode.GeocodeService,com.google.process.location,10007,17755,129928443,[],false,true,1,1,59155181,
1428431114440,com.google.android.gms.gcm.GcmService,com.google.process.gapps,10007,17792,17965599,[STARTED],false,true,0,0,59146990,
1428431174466,com.android.bluetooth.hid.HidService,com.android.bluetooth,1002,0,41148,[],false,true,1,1,41157,
1428431174466,com.android.exchange.service.EasService,com.google.android.gm.exchange,10157,2752,54256,[STARTED],false,true,1,1,59033038,
1428431174466,com.google.android.music.dial.DialMediaRouteProviderService,com.google.android.music:main,10058,0,21711939,[],false,true,0,0,10495967,
1428431174466,ch.unige.css.services.PingService,ch.unige.ping,10074,1449,130311339,[STARTED],false,true,0,0,59426408,
1428431174466,com.android.systemui.keyguard.KeyguardService,com.android.systemui,10012,906,42358,[PERSISTENT],false,false,1,1,42367,
1428431174466,ch.unige.css.services.main.CssRegistryService,ch.unige.ping:background,10074,6441,116967174,[STARTED],false,true,0,0,52547328,
1428431174466,com.whatsapp.messaging.MessageService,com.whatsapp,10159,28262,68313,[STARTED],false,true,1,1,57837552,
1428431174466,ccc71.at.services.at_service,ccc71.bmw.pro:services,10110,6233,69150,[STARTED],false,true,0,0,52514608,
1428431174466,com.google.android.location.geocode.GeocodeService,com.google.process.location,10007,17755,129928443,[],false,true,1,1,59155181,
1428431174466,com.google.android.gms.gcm.GcmService,com.google.process.gapps,10007,17792,17965599,[STARTED],false,true,0,0,59146990,
1428431234484,com.android.bluetooth.hid.HidService,com.android.bluetooth,1002,0,41148,[],false,true,1,1,41157,
1428431234484,com.android.exchange.service.EasService,com.google.android.gm.exchange,10157,2752,54256,[STARTED],false,true,1,1,59033038,
1428431234484,com.google.android.music.dial.DialMediaRouteProviderService,com.google.android.music:main,10058,0,21711939,[],false,true,0,0,10495967,
1428431234484,ch.unige.css.services.PingService,ch.unige.ping,10074,1449,130371358,[STARTED],false,true,0,0,59486426,
1428431234484,com.android.systemui.keyguard.KeyguardService,com.android.systemui,10012,906,42358,[PERSISTENT],false,false,1,1,42367,
1428431234484,ch.unige.css.services.main.CssRegistryService,ch.unige.ping:background,10074,6441,116967174,[STARTED],false,true,0,0,52547328,
1428431234484,com.whatsapp.messaging.MessageService,com.whatsapp,10159,28262,68313,[STARTED],false,true,1,1,57837552,
1428431234484,ccc71.at.services.at_service,ccc71.bmw.pro:services,10110,6233,69150,[STARTED],false,true,0,0,52514608,
1428431234484,com.google.android.location.geocode.GeocodeService,com.google.process.location,10007,17755,129928443,[],false,true,1,1,59155181,
1428431234484,com.google.android.gms.gcm.GcmService,com.google.process.gapps,10007,17792,17965599,[STARTED],false,true,0,0,59146990,
1428433807091,com.android.bluetooth.hid.HidService,com.android.bluetooth,1002,0,41148,[],false,true,1,1,41157,
1428433807091,com.android.exchange.service.EasService,com.google.android.gm.exchange,10157,2752,54256,[STARTED],false,true,1,1,59850228,
1428433807091,com.google.android.music.dial.DialMediaRouteProviderService,com.google.android.music:main,10058,0,21711939,[],false,true,0,0,10495967,
1428433807091,ch.unige.css.services.PingService,ch.unige.ping,10074,1449,132943434,[STARTED],false,true,0,0,60085085,
1428433807091,com.android.systemui.keyguard.KeyguardService,com.android.systemui,10012,906,42358,[PERSISTENT],false,false,1,1,42367,
1428433807091,ch.unige.css.services.main.CssRegistryService,ch.unige.ping:background,10074,6441,132943429,[STARTED],false,true,0,0,60085080,
1428433807091,com.whatsapp.messaging.MessageService,com.whatsapp,10159,19389,68313,[STARTED],false,true,1,1,59937497,
1428433807091,ccc71.at.services.at_service,ccc71.bmw.pro:services,10110,6233,69150,[STARTED],false,true,0,0,52514608,
1428433807091,com.google.android.location.geocode.GeocodeService,com.google.process.location,10007,17755,131580131,[],false,true,1,1,59822161,
1428433807091,com.google.android.gms.gcm.GcmService,com.google.process.gapps,10007,17792,17965599,[STARTED],false,true,0,0,59923048,
1428433867343,com.android.bluetooth.hid.HidService,com.android.bluetooth,1002,0,41148,[],false,true,1,1,41157,
1428433867343,com.android.exchange.service.EasService,com.google.android.gm.exchange,10157,2752,54256,[STARTED],false,true,1,1,59850228,
1428433867343,com.google.android.music.dial.DialMediaRouteProviderService,com.google.android.music:main,10058,0,21711939,[],false,true,0,0,10495967,
1428433867343,ch.unige.css.services.PingService,ch.unige.ping,10074,1449,133003701,[STARTED],false,true,0,0,60145352,
1428433867343,com.android.systemui.keyguard.KeyguardService,com.android.systemui,10012,906,42358,[PERSISTENT],false,false,1,1,42367,
1428433867343,ch.unige.css.services.main.CssRegistryService,ch.unige.ping:background,10074,6441,132943429,[STARTED],false,true,0,0,60085080,
1428433867343,com.whatsapp.messaging.MessageService,com.whatsapp,10159,19389,68313,[STARTED],false,true,1,1,59937497,
1428433867343,ccc71.at.services.at_service,ccc71.bmw.pro:services,10110,6233,69150,[STARTED],false,true,0,0,52514608,
1428433867343,com.google.android.location.geocode.GeocodeService,com.google.process.location,10007,17755,131580131,[],false,true,1,1,59822161,
1428433867343,com.google.android.gms.gcm.GcmService,com.google.process.gapps,10007,17792,17965599,[STARTED],false,true,0,0,59923048,
1428433927565,com.android.bluetooth.hid.HidService,com.android.bluetooth,1002,0,41148,[],false,true,1,1,41157,
1428433927565,com.android.exchange.service.EasService,com.google.android.gm.exchange,10157,2752,54256,[STARTED],false,true,1,1,59850228,
1428433927565,com.google.android.music.dial.DialMediaRouteProviderService,com.google.android.music:main,10058,0,21711939,[],false,true,0,0,10495967,
1428433927565,ch.unige.css.services.PingService,ch.unige.ping,10074,1449,133063905,[STARTED],false,true,0,0,60205556,
1428433927565,com.android.systemui.keyguard.KeyguardService,com.android.systemui,10012,906,42358,[PERSISTENT],false,false,1,1,42367,
1428433927565,ch.unige.css.services.main.CssRegistryService,ch.unige.ping:background,10074,6441,132943429,[STARTED],false,true,0,0,60085080,
1428433927565,com.whatsapp.messaging.MessageService,com.whatsapp,10159,19389,68313,[STARTED],false,true,1,1,59937497,
1428433927565,ccc71.at.services.at_service,ccc71.bmw.pro:services,10110,6233,69150,[STARTED],false,true,0,0,52514608,
1428433927565,com.google.android.location.geocode.GeocodeService,com.google.process.location,10007,17755,131580131,[],false,true,1,1,59822161,
1428433927565,com.google.android.gms.gcm.GcmService,com.google.process.gapps,10007,17792,17965599,[STARTED],false,true,0,0,59923048,
1428433987610,com.android.bluetooth.hid.HidService,com.android.bluetooth,1002,0,41148,[],false,true,1,1,41157,
1428433987610,com.android.exchange.service.EasService,com.google.android.gm.exchange,10157,2752,54256,[STARTED],false,true,1,1,59850228,
1428433987610,com.google.android.music.dial.DialMediaRouteProviderService,com.google.android.music:main,10058,0,21711939,[],false,true,0,0,10495967,
1428433987610,ch.unige.css.services.PingService,ch.unige.ping,10074,1449,133123976,[STARTED],false,true,0,0,60265627,
1428433987610,com.android.systemui.keyguard.KeyguardService,com.android.systemui,10012,906,42358,[PERSISTENT],false,false,1,1,42367,
1428433987610,ch.unige.css.services.main.CssRegistryService,ch.unige.ping:background,10074,6441,132943429,[STARTED],false,true,0,0,60085080,
1428433987610,com.whatsapp.messaging.MessageService,com.whatsapp,10159,19389,68313,[STARTED],false,true,1,1,59937497,
1428433987610,ccc71.at.services.at_service,ccc71.bmw.pro:services,10110,6233,69150,[STARTED],false,true,0,0,52514608,
1428433987610,com.google.android.location.geocode.GeocodeService,com.google.process.location,10007,17755,131580131,[],false,true,1,1,59822161,
1428433987610,com.google.android.gms.gcm.GcmService,com.google.process.gapps,10007,17792,17965599,[STARTED],false,true,0,0,59923048,
1428434047680,com.android.bluetooth.hid.HidService,com.android.bluetooth,1002,0,41148,[],false,true,1,1,41157,
1428434047680,com.android.exchange.service.EasService,com.google.android.gm.exchange,10157,2752,54256,[STARTED],false,true,1,1,59850228,
1428434047680,com.google.android.music.dial.DialMediaRouteProviderService,com.google.android.music:main,10058,0,21711939,[],false,true,0,0,10495967,
1428434047680,ch.unige.css.services.PingService,ch.unige.ping,10074,1449,133184046,[STARTED],false,true,0,0,60325697,
1428434047680,com.android.systemui.keyguard.KeyguardService,com.android.systemui,10012,906,42358,[PERSISTENT],false,false,1,1,42367,
1428434047680,ch.unige.css.services.main.CssRegistryService,ch.unige.ping:background,10074,6441,132943429,[STARTED],false,true,0,0,60085080,
1428434047680,com.whatsapp.messaging.MessageService,com.whatsapp,10159,19389,68313,[STARTED],false,true,1,1,59937497,
1428434047680,ccc71.at.services.at_service,ccc71.bmw.pro:services,10110,6233,69150,[STARTED],false,true,0,0,52514608,
1428434047680,com.google.android.location.geocode.GeocodeService,com.google.process.location,10007,17755,131580131,[],false,true,1,1,59822161,
1428434047680,com.google.android.gms.gcm.GcmService,com.google.process.gapps,10007,17792,17965599,[STARTED],false,true,0,0,59923048,
1428434107745,com.android.bluetooth.hid.HidService,com.android.bluetooth,1002,0,41148,[],false,true,1,1,41157,
1428434107745,com.android.exchange.service.EasService,com.google.android.gm.exchange,10157,2752,54256,[STARTED],false,true,1,1,59850228,
1428434107745,com.google.android.music.dial.DialMediaRouteProviderService,com.google.android.music:main,10058,0,21711939,[],false,true,0,0,10495967,
1428434107745,ch.unige.css.services.PingService,ch.unige.ping,10074,1449,133244106,[STARTED],false,true,0,0,60385757,
1428434107745,com.android.systemui.keyguard.KeyguardService,com.android.systemui,10012,906,42358,[PERSISTENT],false,false,1,1,42367,
1428434107745,ch.unige.css.services.main.CssRegistryService,ch.unige.ping:background,10074,6441,132943429,[STARTED],false,true,0,0,60085080,
1428434107745,com.whatsapp.messaging.MessageService,com.whatsapp,10159,19389,68313,[STARTED],false,true,1,1,59937497,
1428434107745,ccc71.at.services.at_service,ccc71.bmw.pro:services,10110,6233,69150,[STARTED],false,true,0,0,52514608,
1428434107745,com.google.android.location.geocode.GeocodeService,com.google.process.location,10007,17755,131580131,[],false,true,1,1,59822161,
1428434107745,com.google.android.gms.gcm.GcmService,com.google.process.gapps,10007,17792,17965599,[STARTED],false,true,0,0,59923048,
1428434168032,com.android.bluetooth.hid.HidService,com.android.bluetooth,1002,0,41148,[],false,true,1,1,41157,
1428434168032,com.android.exchange.service.EasService,com.google.android.gm.exchange,10157,2752,54256,[STARTED],false,true,1,1,59850228,
1428434168032,com.google.android.music.dial.DialMediaRouteProviderService,com.google.android.music:main,10058,0,21711939,[],false,true,0,0,10495967,
1428434168032,ch.unige.css.services.PingService,ch.unige.ping,10074,1449,133304396,[STARTED],false,true,0,0,60446046,
1428434168032,com.android.systemui.keyguard.KeyguardService,com.android.systemui,10012,906,42358,[PERSISTENT],false,false,1,1,42367,
1428434168032,ch.unige.css.services.main.CssRegistryService,ch.unige.ping:background,10074,6441,132943429,[STARTED],false,true,0,0,60085080,
1428434168032,com.whatsapp.messaging.MessageService,com.whatsapp,10159,19389,68313,[STARTED],false,true,1,1,59937497,
1428434168032,ccc71.at.services.at_service,ccc71.bmw.pro:services,10110,6233,69150,[STARTED],false,true,0,0,52514608,
1428434168032,com.google.android.location.geocode.GeocodeService,com.google.process.location,10007,17755,131580131,[],false,true,1,1,59822161,
1428434168032,com.google.android.gms.gcm.GcmService,com.google.process.gapps,10007,17792,17965599,[STARTED],false,true,0,0,59923048,
1428434228038,com.android.bluetooth.hid.HidService,com.android.bluetooth,1002,0,41148,[],false,true,1,1,41157,
1428434228038,com.android.exchange.service.EasService,com.google.android.gm.exchange,10157,2752,54256,[STARTED],false,true,1,1,59850228,
1428434228038,com.google.android.music.dial.DialMediaRouteProviderService,com.google.android.music:main,10058,0,21711939,[],false,true,0,0,10495967,
1428434228038,ch.unige.css.services.PingService,ch.unige.ping,10074,1449,133364409,[STARTED],false,true,0,0,60506060,
1428434228038,com.android.systemui.keyguard.KeyguardService,com.android.systemui,10012,906,42358,[PERSISTENT],false,false,1,1,42367,
1428434228038,ch.unige.css.services.main.CssRegistryService,ch.unige.ping:background,10074,6441,132943429,[STARTED],false,true,0,0,60085080,
1428434228038,com.whatsapp.messaging.MessageService,com.whatsapp,10159,19389,68313,[STARTED],false,true,1,1,59937497,
1428434228038,ccc71.at.services.at_service,ccc71.bmw.pro:services,10110,6233,69150,[STARTED],false,true,0,0,52514608,
1428434228038,com.google.android.location.geocode.GeocodeService,com.google.process.location,10007,17755,131580131,[],false,true,1,1,59822161,
1428434228038,com.google.android.gms.gcm.GcmService,com.google.process.gapps,10007,17792,17965599,[STARTED],false,true,0,0,59923048,
1428434288969,com.android.bluetooth.hid.HidService,com.android.bluetooth,1002,0,41148,[],false,true,1,1,41157,
1428434288969,com.android.exchange.service.EasService,com.google.android.gm.exchange,10157,2752,54256,[STARTED],false,true,1,1,60538404,
1428434288969,com.google.android.music.dial.DialMediaRouteProviderService,com.google.android.music:main,10058,0,21711939,[],false,true,0,0,10495967,
1428434288969,ch.unige.css.services.PingService,ch.unige.ping,10074,1449,133424901,[STARTED],false,true,0,0,60566551,
1428434288969,com.android.systemui.keyguard.KeyguardService,com.android.systemui,10012,906,42358,[PERSISTENT],false,false,1,1,42367,
1428434288969,ch.unige.css.services.main.CssRegistryService,ch.unige.ping:background,10074,6441,132943429,[STARTED],false,true,0,0,60085080,
1428434288969,com.whatsapp.messaging.MessageService,com.whatsapp,10159,19389,68313,[STARTED],false,true,1,1,60538458,
1428434288969,ccc71.at.services.at_service,ccc71.bmw.pro:services,10110,6233,69150,[STARTED],false,true,0,0,52514608,
1428434288969,com.google.android.location.geocode.GeocodeService,com.google.process.location,10007,17755,131580131,[],false,true,1,1,59822161,
1428434288969,com.google.android.gms.gcm.GcmService,com.google.process.gapps,10007,17792,17965599,[STARTED],false,true,0,0,59923048,
1428434349153,com.android.bluetooth.hid.HidService,com.android.bluetooth,1002,0,41148,[],false,true,1,1,41157,
1428434349153,com.android.exchange.service.EasService,com.google.android.gm.exchange,10157,2752,54256,[STARTED],false,true,1,1,60538404,
1428434349153,com.google.android.music.dial.DialMediaRouteProviderService,com.google.android.music:main,10058,0,21711939,[],false,true,0,0,10495967,
1428434349153,ch.unige.css.services.PingService,ch.unige.ping,10074,1449,133485090,[STARTED],false,true,0,0,60626741,
1428434349153,com.android.systemui.keyguard.KeyguardService,com.android.systemui,10012,906,42358,[PERSISTENT],false,false,1,1,42367,
1428434349153,ch.unige.css.services.main.CssRegistryService,ch.unige.ping:background,10074,6441,132943429,[STARTED],false,true,0,0,60085080,
1428434349153,com.whatsapp.messaging.MessageService,com.whatsapp,10159,19389,68313,[STARTED],false,true,1,1,60538458,
1428434349153,ccc71.at.services.at_service,ccc71.bmw.pro:services,10110,6233,69150,[STARTED],false,true,0,0,52514608,
1428434349153,com.google.android.location.geocode.GeocodeService,com.google.process.location,10007,17755,131580131,[],false,true,1,1,59822161,
1428434349153,com.google.android.gms.gcm.GcmService,com.google.process.gapps,10007,17792,17965599,[STARTED],false,true,0,0,59923048,
1428434409348,com.android.bluetooth.hid.HidService,com.android.bluetooth,1002,0,41148,[],false,true,1,1,41157,
1428434409348,com.android.exchange.service.EasService,com.google.android.gm.exchange,10157,2752,54256,[STARTED],false,true,1,1,60538404,
1428434409348,com.google.android.music.dial.DialMediaRouteProviderService,com.google.android.music:main,10058,0,21711939,[],false,true,0,0,10495967,
1428434409348,ch.unige.css.services.PingService,ch.unige.ping,10074,1449,133545282,[STARTED],false,true,0,0,60686932,
1428434409348,com.android.systemui.keyguard.KeyguardService,com.android.systemui,10012,906,42358,[PERSISTENT],false,false,1,1,42367,
1428434409348,ch.unige.css.services.main.CssRegistryService,ch.unige.ping:background,10074,6441,132943429,[STARTED],false,true,0,0,60085080,
1428434409348,com.whatsapp.messaging.MessageService,com.whatsapp,10159,19389,68313,[STARTED],false,true,1,1,60538458,
1428434409348,ccc71.at.services.at_service,ccc71.bmw.pro:services,10110,6233,69150,[STARTED],false,true,0,0,52514608,
1428434409348,com.google.android.location.geocode.GeocodeService,com.google.process.location,10007,17755,131580131,[],false,true,1,1,59822161,
1428434409348,com.google.android.gms.gcm.GcmService,com.google.process.gapps,10007,17792,17965599,[STARTED],false,true,0,0,59923048,
1428434473093,com.android.bluetooth.hid.HidService,com.android.bluetooth,1002,0,41148,[],false,true,1,1,41157,
1428434473093,com.android.exchange.service.EasService,com.google.android.gm.exchange,10157,2752,54256,[STARTED],false,true,1,1,60538404,
1428434473093,com.google.android.music.dial.DialMediaRouteProviderService,com.google.android.music:main,10058,0,21711939,[],false,true,0,0,10495967,
1428434473093,ch.unige.css.services.PingService,ch.unige.ping,10074,1449,133608999,[STARTED],false,true,0,0,60750650,
1428434473093,com.android.systemui.keyguard.KeyguardService,com.android.systemui,10012,906,42358,[PERSISTENT],false,false,1,1,42367,
1428434473093,ch.unige.css.services.main.CssRegistryService,ch.unige.ping:background,10074,6441,132943429,[STARTED],false,true,0,0,60085080,
1428434473093,com.whatsapp.messaging.MessageService,com.whatsapp,10159,19389,68313,[STARTED],false,true,1,1,60538458,
1428434473093,ccc71.at.services.at_service,ccc71.bmw.pro:services,10110,6233,69150,[STARTED],false,true,0,0,52514608,
1428434473093,com.google.android.location.geocode.GeocodeService,com.google.process.location,10007,17755,131580131,[],false,true,1,1,59822161,
1428434473093,com.google.android.gms.gcm.GcmService,com.google.process.gapps,10007,17792,17965599,[STARTED],false,true,0,0,59923048,
1428434533066,com.android.bluetooth.hid.HidService,com.android.bluetooth,1002,0,41148,[],false,true,1,1,41157,
1428434533066,com.android.exchange.service.EasService,com.google.android.gm.exchange,10157,2752,54256,[STARTED],false,true,1,1,60538404,
1428434533066,com.google.android.music.dial.DialMediaRouteProviderService,com.google.android.music:main,10058,0,21711939,[],false,true,0,0,10495967,
1428434533066,ch.unige.css.services.PingService,ch.unige.ping,10074,1449,133669192,[STARTED],false,true,0,0,60810842,
1428434533066,com.android.systemui.keyguard.KeyguardService,com.android.systemui,10012,906,42358,[PERSISTENT],false,false,1,1,42367,
1428434533066,ch.unige.css.services.main.CssRegistryService,ch.unige.ping:background,10074,6441,132943429,[STARTED],false,true,0,0,60085080,
1428434533066,com.whatsapp.messaging.MessageService,com.whatsapp,10159,19389,68313,[STARTED],false,true,1,1,60538458,
1428434533066,ccc71.at.services.at_service,ccc71.bmw.pro:services,10110,6233,69150,[STARTED],false,true,0,0,52514608,
1428434533066,com.google.android.location.geocode.GeocodeService,com.google.process.location,10007,17755,131580131,[],false,true,1,1,59822161,
1428434533066,com.google.android.gms.gcm.GcmService,com.google.process.gapps,10007,17792,17965599,[STARTED],false,true,0,0,59923048,
1428434593256,com.android.bluetooth.hid.HidService,com.android.bluetooth,1002,0,41148,[],false,true,1,1,41157,
1428434593256,com.android.exchange.service.EasService,com.google.android.gm.exchange,10157,2752,54256,[STARTED],false,true,1,1,60538404,
1428434593256,com.google.android.music.dial.DialMediaRouteProviderService,com.google.android.music:main,10058,0,21711939,[],false,true,0,0,10495967,
1428434593256,ch.unige.css.services.PingService,ch.unige.ping,10074,1449,133729378,[STARTED],false,true,0,0,60871029,
1428434593256,com.android.systemui.keyguard.KeyguardService,com.android.systemui,10012,906,42358,[PERSISTENT],false,false,1,1,42367,
1428434593256,ch.unige.css.services.main.CssRegistryService,ch.unige.ping:background,10074,6441,132943429,[STARTED],false,true,0,0,60085080,
1428434593256,com.whatsapp.messaging.MessageService,com.whatsapp,10159,19389,68313,[STARTED],false,true,1,1,60538458,
1428434593256,ccc71.at.services.at_service,ccc71.bmw.pro:services,10110,6233,69150,[STARTED],false,true,0,0,52514608,
1428434593256,com.google.android.location.geocode.GeocodeService,com.google.process.location,10007,17755,131580131,[],false,true,1,1,59822161,
1428434593256,com.google.android.gms.gcm.GcmService,com.google.process.gapps,10007,17792,17965599,[STARTED],false,true,0,0,59923048,
1428434653475,com.android.bluetooth.hid.HidService,com.android.bluetooth,1002,0,41148,[],false,true,1,1,41157,
1428434653475,com.android.exchange.service.EasService,com.google.android.gm.exchange,10157,2752,54256,[STARTED],false,true,1,1,60538404,
1428434653475,com.google.android.music.dial.DialMediaRouteProviderService,com.google.android.music:main,10058,0,21711939,[],false,true,0,0,10495967,
1428434653475,ch.unige.css.services.PingService,ch.unige.ping,10074,1449,133789611,[STARTED],false,true,0,0,60931262,
1428434653475,com.android.systemui.keyguard.KeyguardService,com.android.systemui,10012,906,42358,[PERSISTENT],false,false,1,1,42367,
1428434653475,ch.unige.css.services.main.CssRegistryService,ch.unige.ping:background,10074,6441,132943429,[STARTED],false,true,0,0,60085080,
1428434653475,com.whatsapp.messaging.MessageService,com.whatsapp,10159,19389,68313,[STARTED],false,true,1,1,60538458,
1428434653475,ccc71.at.services.at_service,ccc71.bmw.pro:services,10110,6233,69150,[STARTED],false,true,0,0,52514608,
1428434653475,com.google.android.location.geocode.GeocodeService,com.google.process.location,10007,17755,131580131,[],false,true,1,1,59822161,
1428434653475,com.google.android.gms.gcm.GcmService,com.google.process.gapps,10007,17792,17965599,[STARTED],false,true,0,0,59923048,
1428434714234,com.android.bluetooth.hid.HidService,com.android.bluetooth,1002,0,41148,[],false,true,1,1,41157,
1428434714234,com.android.exchange.service.EasService,com.google.android.gm.exchange,10157,2752,54256,[STARTED],false,true,1,1,60538404,
1428434714234,com.google.android.music.dial.DialMediaRouteProviderService,com.google.android.music:main,10058,0,21711939,[],false,true,0,0,10495967,
1428434714234,ch.unige.css.services.PingService,ch.unige.ping,10074,1449,133850368,[STARTED],false,true,0,0,60992019,
1428434714234,com.android.systemui.keyguard.KeyguardService,com.android.systemui,10012,906,42358,[PERSISTENT],false,false,1,1,42367,
1428434714234,ch.unige.css.services.main.CssRegistryService,ch.unige.ping:background,10074,6441,132943429,[STARTED],false,true,0,0,60085080,
1428434714234,com.whatsapp.messaging.MessageService,com.whatsapp,10159,19389,68313,[STARTED],false,true,1,1,60538458,
1428434714234,ccc71.at.services.at_service,ccc71.bmw.pro:services,10110,6233,69150,[STARTED],false,true,0,0,52514608,
1428434714234,com.google.android.location.geocode.GeocodeService,com.google.process.location,10007,17755,131580131,[],false,true,1,1,59822161,
1428434714234,com.google.android.gms.gcm.GcmService,com.google.process.gapps,10007,17792,17965599,[STARTED],false,true,0,0,59923048,
1428434774375,com.android.bluetooth.hid.HidService,com.android.bluetooth,1002,0,41148,[],false,true,1,1,41157,
1428434774375,com.android.exchange.service.EasService,com.google.android.gm.exchange,10157,2752,54256,[STARTED],false,true,1,1,60538404,
1428434774375,com.google.android.music.dial.DialMediaRouteProviderService,com.google.android.music:main,10058,0,21711939,[],false,true,0,0,10495967,
1428434774375,ch.unige.css.services.PingService,ch.unige.ping,10074,1449,133910464,[STARTED],false,true,0,0,61052115,
1428434774375,com.android.systemui.keyguard.KeyguardService,com.android.systemui,10012,906,42358,[PERSISTENT],false,false,1,1,42367,
1428434774375,ch.unige.css.services.main.CssRegistryService,ch.unige.ping:background,10074,6441,132943429,[STARTED],false,true,0,0,60085080,
1428434774375,com.whatsapp.messaging.MessageService,com.whatsapp,10159,19389,68313,[STARTED],false,true,1,1,60538458,
1428434774375,ccc71.at.services.at_service,ccc71.bmw.pro:services,10110,6233,69150,[STARTED],false,true,0,0,52514608,
1428434774375,com.google.android.location.geocode.GeocodeService,com.google.process.location,10007,17755,131580131,[],false,true,1,1,59822161,
1428434774375,com.google.android.gms.gcm.GcmService,com.google.process.gapps,10007,17792,17965599,[STARTED],false,true,0,0,59923048,
1428434834652,com.android.bluetooth.hid.HidService,com.android.bluetooth,1002,0,41148,[],false,true,1,1,41157,
1428434834652,com.android.exchange.service.EasService,com.google.android.gm.exchange,10157,2752,54256,[STARTED],false,true,1,1,60538404,
1428434834652,com.google.android.music.dial.DialMediaRouteProviderService,com.google.android.music:main,10058,0,21711939,[],false,true,0,0,10495967,
1428434834652,ch.unige.css.services.PingService,ch.unige.ping,10074,1449,133970786,[STARTED],false,true,0,0,61112437,
1428434834652,com.android.systemui.keyguard.KeyguardService,com.android.systemui,10012,906,42358,[PERSISTENT],false,false,1,1,42367,
1428434834652,ch.unige.css.services.main.CssRegistryService,ch.unige.ping:background,10074,6441,132943429,[STARTED],false,true,0,0,60085080,
1428434834652,com.whatsapp.messaging.MessageService,com.whatsapp,10159,19389,68313,[STARTED],false,true,1,1,60538458,
1428434834652,ccc71.at.services.at_service,ccc71.bmw.pro:services,10110,6233,69150,[STARTED],false,true,0,0,52514608,
1428434834652,com.google.android.location.geocode.GeocodeService,com.google.process.location,10007,17755,131580131,[],false,true,1,1,59822161,
1428434834652,com.google.android.gms.gcm.GcmService,com.google.process.gapps,10007,17792,17965599,[STARTED],false,true,0,0,59923048,
1428434894816,com.android.bluetooth.hid.HidService,com.android.bluetooth,1002,0,41148,[],false,true,1,1,41157,
1428434894816,com.android.exchange.service.EasService,com.google.android.gm.exchange,10157,2752,54256,[STARTED],false,true,1,1,60538404,
1428434894816,com.google.android.music.dial.DialMediaRouteProviderService,com.google.android.music:main,10058,0,21711939,[],false,true,0,0,10495967,
1428434894816,ch.unige.css.services.PingService,ch.unige.ping,10074,1449,134030950,[STARTED],false,true,0,0,61172601,
1428434894816,com.android.systemui.keyguard.KeyguardService,com.android.systemui,10012,906,42358,[PERSISTENT],false,false,1,1,42367,
1428434894816,ch.unige.css.services.main.CssRegistryService,ch.unige.ping:background,10074,6441,132943429,[STARTED],false,true,0,0,60085080,
1428434894816,com.whatsapp.messaging.MessageService,com.whatsapp,10159,19389,68313,[STARTED],false,true,1,1,60538458,
1428434894816,ccc71.at.services.at_service,ccc71.bmw.pro:services,10110,6233,69150,[STARTED],false,true,0,0,52514608,
1428434894816,com.google.android.location.geocode.GeocodeService,com.google.process.location,10007,17755,131580131,[],false,true,1,1,59822161,
1428434894816,com.facebook.analytics.service.AnalyticsService,com.facebook.katana,10079,28016,134024796,[STARTED],false,true,0,0,61166458,
1428434946341,com.android.bluetooth.hid.HidService,com.android.bluetooth,1002,0,41148,[],false,true,1,1,41157,
1428434946341,com.android.exchange.service.EasService,com.google.android.gm.exchange,10157,2752,54256,[STARTED],false,true,1,1,60538404,
1428434946341,com.google.android.music.dial.DialMediaRouteProviderService,com.google.android.music:main,10058,0,21711939,[],false,true,0,0,10495967,
1428434946341,ch.unige.css.services.PingService,ch.unige.ping,10074,1449,134082452,[STARTED],false,true,0,0,61224102,
1428434946341,com.android.systemui.keyguard.KeyguardService,com.android.systemui,10012,906,42358,[PERSISTENT],false,false,1,1,42367,
1428434946341,ch.unige.css.services.main.CssRegistryService,ch.unige.ping:background,10074,6441,132943429,[STARTED],false,true,0,0,60085080,
1428434946341,com.whatsapp.messaging.MessageService,com.whatsapp,10159,19389,68313,[STARTED],false,true,1,1,60538458,
1428434946341,ccc71.at.services.at_service,ccc71.bmw.pro:services,10110,6233,69150,[STARTED],false,true,0,0,52514608,
1428434946341,com.google.android.location.geocode.GeocodeService,com.google.process.location,10007,17755,131580131,[],false,true,1,1,59822161,
1428434946341,com.google.android.gms.gcm.GcmService,com.google.process.gapps,10007,17792,17965599,[STARTED],false,true,0,0,59923048,
1428435006380,com.android.bluetooth.hid.HidService,com.android.bluetooth,1002,0,41148,[],false,true,1,1,41157,
1428435006380,com.android.exchange.service.EasService,com.google.android.gm.exchange,10157,2752,54256,[STARTED],false,true,1,1,60538404,
1428435006380,com.google.android.music.dial.DialMediaRouteProviderService,com.google.android.music:main,10058,0,21711939,[],false,true,0,0,10495967,
1428435006380,ch.unige.css.services.PingService,ch.unige.ping,10074,1449,134142515,[STARTED],false,true,0,0,61281726,
1428435006380,com.android.systemui.keyguard.KeyguardService,com.android.systemui,10012,906,42358,[PERSISTENT],false,false,1,1,42367,
1428435006380,ch.unige.css.services.main.CssRegistryService,ch.unige.ping:background,10074,6441,132943429,[STARTED],false,true,0,0,60085080,
1428435006380,com.whatsapp.messaging.MessageService,com.whatsapp,10159,19389,68313,[STARTED],false,true,1,1,60538458,
1428435006380,ccc71.at.services.at_service,ccc71.bmw.pro:services,10110,6233,69150,[STARTED],false,true,0,0,52514608,
1428435006380,com.google.android.location.geocode.GeocodeService,com.google.process.location,10007,17755,131580131,[],false,true,1,1,59822161,
1428435006380,com.google.android.gms.gcm.GcmService,com.google.process.gapps,10007,17792,17965599,[STARTED],false,true,0,0,59923048,
1428435066390,com.android.bluetooth.hid.HidService,com.android.bluetooth,1002,0,41148,[],false,true,1,1,41157,
1428435066390,com.android.exchange.service.EasService,com.google.android.gm.exchange,10157,2752,54256,[STARTED],false,true,1,1,60538404,
1428435066390,com.google.android.music.dial.DialMediaRouteProviderService,com.google.android.music:main,10058,0,21711939,[],false,true,0,0,10495967,
1428435066390,ch.unige.css.services.PingService,ch.unige.ping,10074,1449,134202524,[STARTED],false,true,0,0,61340490,
1428435066390,com.android.systemui.keyguard.KeyguardService,com.android.systemui,10012,906,42358,[PERSISTENT],false,false,1,1,42367,
1428435066390,ch.unige.css.services.main.CssRegistryService,ch.unige.ping:background,10074,6441,132943429,[STARTED],false,true,0,0,60085080,
1428435066390,com.whatsapp.messaging.MessageService,com.whatsapp,10159,19389,68313,[STARTED],false,true,1,1,61304722,
1428435066390,ccc71.at.services.at_service,ccc71.bmw.pro:services,10110,6233,69150,[STARTED],false,true,0,0,52514608,
1428435066390,com.google.android.location.geocode.GeocodeService,com.google.process.location,10007,17755,131580131,[],false,true,1,1,59822161,
1428435066390,com.google.android.gms.gcm.GcmService,com.google.process.gapps,10007,17792,17965599,[STARTED],false,true,0,0,59923048,
1428435126433,com.android.bluetooth.hid.HidService,com.android.bluetooth,1002,0,41148,[],false,true,1,1,41157,
1428435126433,com.android.exchange.service.EasService,com.google.android.gm.exchange,10157,2752,54256,[STARTED],false,true,1,1,60538404,
1428435126433,com.google.android.music.dial.DialMediaRouteProviderService,com.google.android.music:main,10058,0,21711939,[],false,true,0,0,10495967,
1428435126433,ch.unige.css.services.PingService,ch.unige.ping,10074,1449,134262570,[STARTED],false,true,0,0,61370998,
1428435126433,com.android.systemui.keyguard.KeyguardService,com.android.systemui,10012,906,42358,[PERSISTENT],false,false,1,1,42367,
1428435126433,ch.unige.css.services.main.CssRegistryService,ch.unige.ping:background,10074,6441,132943429,[STARTED],false,true,0,0,60085080,
1428435126433,com.whatsapp.messaging.MessageService,com.whatsapp,10159,19389,68313,[STARTED],false,true,1,1,61304722,
1428435126433,ccc71.at.services.at_service,ccc71.bmw.pro:services,10110,6233,69150,[STARTED],false,true,0,0,52514608,
1428435126433,com.google.android.location.geocode.GeocodeService,com.google.process.location,10007,17755,131580131,[],false,true,1,1,59822161,
1428435126433,com.google.android.gms.gcm.GcmService,com.google.process.gapps,10007,17792,17965599,[STARTED],false,true,0,0,59923048,
1428435186442,com.android.bluetooth.hid.HidService,com.android.bluetooth,1002,0,41148,[],false,true,1,1,41157,
1428435186442,com.android.exchange.service.EasService,com.google.android.gm.exchange,10157,2752,54256,[STARTED],false,true,1,1,60538404,
1428435186442,com.google.android.music.dial.DialMediaRouteProviderService,com.google.android.music:main,10058,0,21711939,[],false,true,0,0,10495967,
1428435186442,ch.unige.css.services.PingService,ch.unige.ping,10074,1449,134322582,[STARTED],false,true,0,0,61391934,
1428435186442,com.android.systemui.keyguard.KeyguardService,com.android.systemui,10012,906,42358,[PERSISTENT],false,false,1,1,42367,
1428435186442,ch.unige.css.services.main.CssRegistryService,ch.unige.ping:background,10074,6441,132943429,[STARTED],false,true,0,0,60085080,
1428435186442,com.whatsapp.messaging.MessageService,com.whatsapp,10159,19389,68313,[STARTED],false,true,1,1,61304722,
1428435186442,ccc71.at.services.at_service,ccc71.bmw.pro:services,10110,6233,69150,[STARTED],false,true,0,0,52514608,
1428435186442,com.google.android.location.geocode.GeocodeService,com.google.process.location,10007,17755,131580131,[],false,true,1,1,59822161,
1428435186442,com.google.android.gms.gcm.GcmService,com.google.process.gapps,10007,17792,17965599,[STARTED],false,true,0,0,59923048,
1428435247538,com.android.bluetooth.hid.HidService,com.android.bluetooth,1002,0,41148,[],false,true,1,1,41157,
1428435247538,com.android.exchange.service.EasService,com.google.android.gm.exchange,10157,2752,54256,[STARTED],false,true,1,1,60538404,
1428435247538,com.google.android.music.dial.DialMediaRouteProviderService,com.google.android.music:main,10058,0,21711939,[],false,true,0,0,10495967,
1428435247538,ch.unige.css.services.PingService,ch.unige.ping,10074,1449,134383599,[STARTED],false,true,0,0,61414502,
1428435247538,com.android.systemui.keyguard.KeyguardService,com.android.systemui,10012,906,42358,[PERSISTENT],false,false,1,1,42367,
1428435247538,ch.unige.css.services.main.CssRegistryService,ch.unige.ping:background,10074,6441,132943429,[STARTED],false,true,0,0,60085080,
1428435247538,com.whatsapp.messaging.MessageService,com.whatsapp,10159,19389,68313,[STARTED],false,true,1,1,61304722,
1428435247538,ccc71.at.services.at_service,ccc71.bmw.pro:services,10110,6233,69150,[STARTED],false,true,0,0,52514608,
1428435247538,com.google.android.location.geocode.GeocodeService,com.google.process.location,10007,17755,131580131,[],false,true,1,1,59822161,
1428435247538,com.google.android.gms.gcm.GcmService,com.google.process.gapps,10007,17792,17965599,[STARTED],false,true,0,0,59923048,
1428435344440,com.android.bluetooth.hid.HidService,com.android.bluetooth,1002,0,41148,[],false,true,1,1,41157,
1428435344440,com.android.exchange.service.EasService,com.google.android.gm.exchange,10157,2752,54256,[STARTED],false,true,1,1,60538404,
1428435344440,com.google.android.music.dial.DialMediaRouteProviderService,com.google.android.music:main,10058,0,21711939,[],false,true,0,0,10495967,
1428435344440,ch.unige.css.services.PingService,ch.unige.ping,10074,1449,134480574,[STARTED],false,true,0,0,61437493,
1428435344440,com.android.systemui.keyguard.KeyguardService,com.android.systemui,10012,906,42358,[PERSISTENT],false,false,1,1,42367,
1428435344440,ch.unige.css.services.main.CssRegistryService,ch.unige.ping:background,10074,6441,132943429,[STARTED],false,true,0,0,60085080,
1428435344440,com.whatsapp.messaging.MessageService,com.whatsapp,10159,19389,68313,[STARTED],false,true,1,1,61304722,
1428435344440,ccc71.at.services.at_service,ccc71.bmw.pro:services,10110,6233,69150,[STARTED],false,true,0,0,52514608,
1428435344440,com.google.android.location.geocode.GeocodeService,com.google.process.location,10007,17755,131580131,[],false,true,1,1,59822161,
1428435344440,com.google.android.gms.gcm.GcmService,com.google.process.gapps,10007,17792,17965599,[STARTED],false,true,0,0,59923048,
1428435405472,com.android.bluetooth.hid.HidService,com.android.bluetooth,1002,0,41148,[],false,true,1,1,41157,
1428435405472,com.android.exchange.service.EasService,com.google.android.gm.exchange,10157,2752,54256,[STARTED],false,true,1,1,60538404,
1428435405472,com.google.android.music.dial.DialMediaRouteProviderService,com.google.android.music:main,10058,0,21711939,[],false,true,0,0,10495967,
1428435405472,ch.unige.css.services.PingService,ch.unige.ping,10074,1449,134541574,[STARTED],false,true,0,0,61458346,
1428435405472,com.android.systemui.keyguard.KeyguardService,com.android.systemui,10012,906,42358,[PERSISTENT],false,false,1,1,42367,
1428435405472,ch.unige.css.services.main.CssRegistryService,ch.unige.ping:background,10074,6441,132943429,[STARTED],false,true,0,0,60085080,
1428435405472,com.whatsapp.messaging.MessageService,com.whatsapp,10159,19389,68313,[STARTED],false,true,1,1,61304722,
1428435405472,ccc71.at.services.at_service,ccc71.bmw.pro:services,10110,6233,69150,[STARTED],false,true,0,0,52514608,
1428435405472,com.google.android.location.geocode.GeocodeService,com.google.process.location,10007,17755,131580131,[],false,true,1,1,59822161,
1428435405472,com.google.android.gms.gcm.GcmService,com.google.process.gapps,10007,17792,17965599,[STARTED],false,true,0,0,59923048,
1428435466113,com.android.bluetooth.hid.HidService,com.android.bluetooth,1002,0,41148,[],false,true,1,1,41157,
1428435466113,com.android.exchange.service.EasService,com.google.android.gm.exchange,10157,2752,54256,[STARTED],false,true,1,1,60538404,
1428435466113,com.google.android.music.dial.DialMediaRouteProviderService,com.google.android.music:main,10058,0,21711939,[],false,true,0,0,10495967,
1428435466113,ch.unige.css.services.PingService,ch.unige.ping,10074,1449,134601623,[STARTED],false,true,0,0,61481830,
1428435466113,com.android.systemui.keyguard.KeyguardService,com.android.systemui,10012,906,42358,[PERSISTENT],false,false,1,1,42367,
1428435466113,ch.unige.css.services.main.CssRegistryService,ch.unige.ping:background,10074,6441,132943429,[STARTED],false,true,0,0,60085080,
1428435466113,com.whatsapp.messaging.MessageService,com.whatsapp,10159,19389,68313,[STARTED],false,true,1,1,61304722,
1428435466113,ccc71.at.services.at_service,ccc71.bmw.pro:services,10110,6233,69150,[STARTED],false,true,0,0,52514608,
1428435466113,com.google.android.location.geocode.GeocodeService,com.google.process.location,10007,17755,131580131,[],false,true,1,1,59822161,
1428435466113,com.google.android.gms.gcm.GcmService,com.google.process.gapps,10007,17792,17965599,[STARTED],false,true,0,0,59923048,
1428435526455,com.android.bluetooth.hid.HidService,com.android.bluetooth,1002,0,41148,[],false,true,1,1,41157,
1428435526455,com.android.exchange.service.EasService,com.google.android.gm.exchange,10157,2752,54256,[STARTED],false,true,1,1,60538404,
1428435526455,com.google.android.music.dial.DialMediaRouteProviderService,com.google.android.music:main,10058,0,21711939,[],false,true,0,0,10495967,
1428435526455,ch.unige.css.services.PingService,ch.unige.ping,10074,1449,134662044,[STARTED],false,true,0,0,61502303,
1428435526455,com.android.systemui.keyguard.KeyguardService,com.android.systemui,10012,906,42358,[PERSISTENT],false,false,1,1,42367,
1428435526455,ch.unige.css.services.main.CssRegistryService,ch.unige.ping:background,10074,6441,132943429,[STARTED],false,true,0,0,60085080,
1428435526455,com.whatsapp.messaging.MessageService,com.whatsapp,10159,19389,68313,[STARTED],false,true,1,1,61304722,
1428435526455,ccc71.at.services.at_service,ccc71.bmw.pro:services,10110,6233,69150,[STARTED],false,true,0,0,52514608,
1428435526455,com.google.android.location.geocode.GeocodeService,com.google.process.location,10007,17755,131580131,[],false,true,1,1,59822161,
1428435526455,com.google.android.gms.gcm.GcmService,com.google.process.gapps,10007,17792,17965599,[STARTED],false,true,0,0,59923048,
1428435586514,com.android.bluetooth.hid.HidService,com.android.bluetooth,1002,0,41148,[],false,true,1,1,41157,
1428435586514,com.android.exchange.service.EasService,com.google.android.gm.exchange,10157,2752,54256,[STARTED],false,true,1,1,60538404,
1428435586514,com.google.android.music.dial.DialMediaRouteProviderService,com.google.android.music:main,10058,0,21711939,[],false,true,0,0,10495967,
1428435586514,ch.unige.css.services.PingService,ch.unige.ping,10074,1449,134722110,[STARTED],false,true,0,0,61525439,
1428435586514,com.android.systemui.keyguard.KeyguardService,com.android.systemui,10012,906,42358,[PERSISTENT],false,false,1,1,42367,
1428435586514,ch.unige.css.services.main.CssRegistryService,ch.unige.ping:background,10074,6441,132943429,[STARTED],false,true,0,0,60085080,
1428435586514,com.whatsapp.messaging.MessageService,com.whatsapp,10159,19389,68313,[STARTED],false,true,1,1,61304722,
1428435586514,ccc71.at.services.at_service,ccc71.bmw.pro:services,10110,6233,69150,[STARTED],false,true,0,0,52514608,
1428435586514,com.google.android.location.geocode.GeocodeService,com.google.process.location,10007,17755,131580131,[],false,true,1,1,59822161,
1428435586514,com.google.android.gms.gcm.GcmService,com.google.process.gapps,10007,17792,17965599,[STARTED],false,true,0,0,59923048,
1428435646739,com.android.bluetooth.hid.HidService,com.android.bluetooth,1002,0,41148,[],false,true,1,1,41157,
1428435646739,com.android.exchange.service.EasService,com.google.android.gm.exchange,10157,2752,54256,[STARTED],false,true,1,1,60538404,
1428435646739,com.google.android.music.dial.DialMediaRouteProviderService,com.google.android.music:main,10058,0,21711939,[],false,true,0,0,10495967,
1428435646739,ch.unige.css.services.PingService,ch.unige.ping,10074,1449,134782323,[STARTED],false,true,0,0,61548648,
1428435646739,com.android.systemui.keyguard.KeyguardService,com.android.systemui,10012,906,42358,[PERSISTENT],false,false,1,1,42367,
1428435646739,ch.unige.css.services.main.CssRegistryService,ch.unige.ping:background,10074,6441,132943429,[STARTED],false,true,0,0,60085080,
1428435646739,com.whatsapp.messaging.MessageService,com.whatsapp,10159,19389,68313,[STARTED],false,true,1,1,61304722,
1428435646739,ccc71.at.services.at_service,ccc71.bmw.pro:services,10110,6233,69150,[STARTED],false,true,0,0,52514608,
1428435646739,com.google.android.location.geocode.GeocodeService,com.google.process.location,10007,17755,131580131,[],false,true,1,1,59822161,
1428435646739,com.google.android.gms.gcm.GcmService,com.google.process.gapps,10007,17792,17965599,[STARTED],false,true,0,0,59923048,
1428435707497,com.android.bluetooth.hid.HidService,com.android.bluetooth,1002,0,41148,[],false,true,1,1,41157,
1428435707497,com.android.exchange.service.EasService,com.google.android.gm.exchange,10157,2752,54256,[STARTED],false,true,1,1,60538404,
1428435707497,com.google.android.music.dial.DialMediaRouteProviderService,com.google.android.music:main,10058,0,21711939,[],false,true,0,0,10495967,
1428435707497,ch.unige.css.services.PingService,ch.unige.ping,10074,1449,134843055,[STARTED],false,true,0,0,61572591,
1428435707497,com.android.systemui.keyguard.KeyguardService,com.android.systemui,10012,906,42358,[PERSISTENT],false,false,1,1,42367,
1428435707497,ch.unige.css.services.main.CssRegistryService,ch.unige.ping:background,10074,6441,132943429,[STARTED],false,true,0,0,60085080,
1428435707497,com.whatsapp.messaging.MessageService,com.whatsapp,10159,19389,68313,[STARTED],false,true,1,1,61304722,
1428435707497,ccc71.at.services.at_service,ccc71.bmw.pro:services,10110,6233,69150,[STARTED],false,true,0,0,52514608,
1428435707497,com.google.android.location.geocode.GeocodeService,com.google.process.location,10007,17755,131580131,[],false,true,1,1,59822161,
1428435707497,com.google.android.gms.gcm.GcmService,com.google.process.gapps,10007,17792,17965599,[STARTED],false,true,0,0,59923048,
1428435767676,com.android.bluetooth.hid.HidService,com.android.bluetooth,1002,0,41148,[],false,true,1,1,41157,
1428435767676,com.android.exchange.service.EasService,com.google.android.gm.exchange,10157,2752,54256,[STARTED],false,true,1,1,60538404,
1428435767676,com.google.android.music.dial.DialMediaRouteProviderService,com.google.android.music:main,10058,0,21711939,[],false,true,0,0,10495967,
1428435767676,ch.unige.css.services.PingService,ch.unige.ping,10074,1449,134903278,[STARTED],false,true,0,0,61593256,
1428435767676,com.android.systemui.keyguard.KeyguardService,com.android.systemui,10012,906,42358,[PERSISTENT],false,false,1,1,42367,
1428435767676,ch.unige.css.services.main.CssRegistryService,ch.unige.ping:background,10074,6441,132943429,[STARTED],false,true,0,0,60085080,
1428435767676,com.whatsapp.messaging.MessageService,com.whatsapp,10159,19389,68313,[STARTED],false,true,1,1,61304722,
1428435767676,ccc71.at.services.at_service,ccc71.bmw.pro:services,10110,6233,69150,[STARTED],false,true,0,0,52514608,
1428435767676,com.google.android.location.geocode.GeocodeService,com.google.process.location,10007,17755,131580131,[],false,true,1,1,59822161,
1428435767676,com.google.android.gms.gcm.GcmService,com.google.process.gapps,10007,17792,17965599,[STARTED],false,true,0,0,59923048,
1428435827866,com.android.bluetooth.hid.HidService,com.android.bluetooth,1002,0,41148,[],false,true,1,1,41157,
1428435827866,com.android.exchange.service.EasService,com.google.android.gm.exchange,10157,2752,54256,[STARTED],false,true,1,1,60538404,
1428435827866,com.google.android.music.dial.DialMediaRouteProviderService,com.google.android.music:main,10058,0,21711939,[],false,true,0,0,10495967,
1428435827866,ch.unige.css.services.PingService,ch.unige.ping,10074,1449,134963466,[STARTED],false,true,0,0,61647108,
1428435827866,com.android.systemui.keyguard.KeyguardService,com.android.systemui,10012,906,42358,[PERSISTENT],false,false,1,1,42367,
1428435827866,ch.unige.css.services.main.CssRegistryService,ch.unige.ping:background,10074,6441,132943429,[STARTED],false,true,0,0,60085080,
1428435827866,com.whatsapp.messaging.MessageService,com.whatsapp,10159,19389,68313,[STARTED],false,true,1,1,61304722,
1428435827866,ccc71.at.services.at_service,ccc71.bmw.pro:services,10110,6233,69150,[STARTED],false,true,0,0,52514608,
1428435827866,com.google.android.location.geocode.GeocodeService,com.google.process.location,10007,17755,131580131,[],false,true,1,1,59822161,
1428435827866,com.google.android.gms.gcm.GcmService,com.google.process.gapps,10007,17792,17965599,[STARTED],false,true,0,0,61626281,
1428435887877,com.android.bluetooth.hid.HidService,com.android.bluetooth,1002,0,41148,[],false,true,1,1,41157,
1428435887877,com.android.exchange.service.EasService,com.google.android.gm.exchange,10157,2752,54256,[STARTED],false,true,1,1,60538404,
1428435887877,com.google.android.music.dial.DialMediaRouteProviderService,com.google.android.music:main,10058,0,21711939,[],false,true,0,0,10495967,
1428435887877,ch.unige.css.services.PingService,ch.unige.ping,10074,1449,135023478,[STARTED],false,true,0,0,61707120,
1428435887877,com.android.systemui.keyguard.KeyguardService,com.android.systemui,10012,906,42358,[PERSISTENT],false,false,1,1,42367,
1428435887877,ch.unige.css.services.main.CssRegistryService,ch.unige.ping:background,10074,6441,132943429,[STARTED],false,true,0,0,60085080,
1428435887877,com.whatsapp.messaging.MessageService,com.whatsapp,10159,0,68313,[STARTED],false,true,0,0,61304722,
1428435887877,ccc71.at.services.at_service,ccc71.bmw.pro:services,10110,6233,69150,[STARTED],false,true,0,0,52514608,
1428435887877,com.google.android.location.geocode.GeocodeService,com.google.process.location,10007,17755,135016048,[],false,true,1,1,61699690,
1428435887877,com.google.android.gms.gcm.GcmService,com.google.process.gapps,10007,17792,17965599,[STARTED],false,true,0,0,61691609,
1428435947939,com.android.bluetooth.hid.HidService,com.android.bluetooth,1002,0,41148,[],false,true,1,1,41157,
1428435947939,com.android.exchange.service.EasService,com.google.android.gm.exchange,10157,2752,54256,[STARTED],false,true,1,1,60538404,
1428435947939,com.google.android.music.dial.DialMediaRouteProviderService,com.google.android.music:main,10058,0,21711939,[],false,true,0,0,10495967,
1428435947939,ch.unige.css.services.PingService,ch.unige.ping,10074,1449,135083525,[STARTED],false,true,0,0,61767167,
1428435947939,com.android.systemui.keyguard.KeyguardService,com.android.systemui,10012,906,42358,[PERSISTENT],false,false,1,1,42367,
1428435947939,ch.unige.css.services.main.CssRegistryService,ch.unige.ping:background,10074,6441,132943429,[STARTED],false,true,0,0,60085080,
1428435947939,com.google.android.finsky.billing.iab.InAppBillingService,com.android.vending,10014,25613,135028115,[],false,true,1,1,61711757,
1428435947939,com.whatsapp.messaging.MessageService,com.whatsapp,10159,26810,68313,[STARTED],false,true,1,1,61711687,
1428435947939,ccc71.at.services.at_service,ccc71.bmw.pro:services,10110,6233,69150,[STARTED],false,true,0,0,52514608,
1428435947939,com.google.android.location.geocode.GeocodeService,com.google.process.location,10007,17755,135016048,[],false,true,1,1,61699690,
1428436011255,com.android.bluetooth.hid.HidService,com.android.bluetooth,1002,0,41148,[],false,true,1,1,41157,
1428436011255,com.android.exchange.service.EasService,com.google.android.gm.exchange,10157,2752,54256,[STARTED],false,true,1,1,60538404,
1428436011255,com.google.android.music.dial.DialMediaRouteProviderService,com.google.android.music:main,10058,0,21711939,[],false,true,0,0,10495967,
1428436011255,ch.unige.css.services.PingService,ch.unige.ping,10074,1449,135146851,[STARTED],false,true,0,0,61830493,
1428436011255,com.android.systemui.keyguard.KeyguardService,com.android.systemui,10012,906,42358,[PERSISTENT],false,false,1,1,42367,
1428436011255,ch.unige.css.services.main.CssRegistryService,ch.unige.ping:background,10074,6441,132943429,[STARTED],false,true,0,0,60085080,
1428436011255,com.whatsapp.messaging.MessageService,com.whatsapp,10159,26810,68313,[STARTED],false,true,1,1,61711687,
1428436011255,ccc71.at.services.at_service,ccc71.bmw.pro:services,10110,6233,69150,[STARTED],false,true,0,0,52514608,
1428436011255,com.google.android.location.geocode.GeocodeService,com.google.process.location,10007,17755,135016048,[],false,true,1,1,61699690,
1428436011255,com.google.android.gms.gcm.GcmService,com.google.process.gapps,10007,17792,17965599,[STARTED],false,true,0,0,61715051,
1428436071541,com.android.bluetooth.hid.HidService,com.android.bluetooth,1002,0,41148,[],false,true,1,1,41157,
1428436071541,com.android.exchange.service.EasService,com.google.android.gm.exchange,10157,2752,54256,[STARTED],false,true,1,1,60538404,
1428436071541,com.google.android.music.dial.DialMediaRouteProviderService,com.google.android.music:main,10058,0,21711939,[],false,true,0,0,10495967,
1428436071541,ch.unige.css.services.PingService,ch.unige.ping,10074,1449,135207041,[STARTED],false,true,0,0,61853036,
1428436071541,com.android.systemui.keyguard.KeyguardService,com.android.systemui,10012,906,42358,[PERSISTENT],false,false,1,1,42367,
1428436071541,ch.unige.css.services.main.CssRegistryService,ch.unige.ping:background,10074,6441,132943429,[STARTED],false,true,0,0,60085080,
1428436071541,com.whatsapp.messaging.MessageService,com.whatsapp,10159,26810,68313,[STARTED],false,true,1,1,61711687,
1428436071541,ccc71.at.services.at_service,ccc71.bmw.pro:services,10110,6233,69150,[STARTED],false,true,0,0,52514608,
1428436071541,com.google.android.location.geocode.GeocodeService,com.google.process.location,10007,17755,135016048,[],false,true,1,1,61699690,
1428436071541,com.google.android.gms.gcm.GcmService,com.google.process.gapps,10007,17792,17965599,[STARTED],false,true,0,0,61715051,
1428436132477,com.android.bluetooth.hid.HidService,com.android.bluetooth,1002,0,41148,[],false,true,1,1,41157,
1428436132477,com.android.exchange.service.EasService,com.google.android.gm.exchange,10157,2752,54256,[STARTED],false,true,1,1,60538404,
1428436132477,com.google.android.music.dial.DialMediaRouteProviderService,com.google.android.music:main,10058,0,21711939,[],false,true,0,0,10495967,
1428436132477,ch.unige.css.services.PingService,ch.unige.ping,10074,1449,135268041,[STARTED],false,true,0,0,61875695,
1428436132477,com.android.systemui.keyguard.KeyguardService,com.android.systemui,10012,906,42358,[PERSISTENT],false,false,1,1,42367,
1428436132477,ch.unige.css.services.main.CssRegistryService,ch.unige.ping:background,10074,6441,132943429,[STARTED],false,true,0,0,60085080,
1428436132477,com.whatsapp.messaging.MessageService,com.whatsapp,10159,26810,68313,[STARTED],false,true,1,1,61711687,
1428436132477,ccc71.at.services.at_service,ccc71.bmw.pro:services,10110,6233,69150,[STARTED],false,true,0,0,52514608,
1428436132477,com.google.android.location.geocode.GeocodeService,com.google.process.location,10007,17755,135016048,[],false,true,1,1,61699690,
1428436132477,com.google.android.gms.gcm.GcmService,com.google.process.gapps,10007,17792,17965599,[STARTED],false,true,0,0,61715051,
1428436192449,com.android.bluetooth.hid.HidService,com.android.bluetooth,1002,0,41148,[],false,true,1,1,41157,
1428436192449,com.android.exchange.service.EasService,com.google.android.gm.exchange,10157,2752,54256,[STARTED],false,true,1,1,60538404,
1428436192449,com.google.android.music.dial.DialMediaRouteProviderService,com.google.android.music:main,10058,0,21711939,[],false,true,0,0,10495967,
1428436192449,ch.unige.css.services.PingService,ch.unige.ping,10074,1449,135328051,[STARTED],false,true,0,0,61898427,
1428436192449,com.android.systemui.keyguard.KeyguardService,com.android.systemui,10012,906,42358,[PERSISTENT],false,false,1,1,42367,
1428436192449,ch.unige.css.services.main.CssRegistryService,ch.unige.ping:background,10074,6441,132943429,[STARTED],false,true,0,0,60085080,
1428436192449,com.whatsapp.messaging.MessageService,com.whatsapp,10159,26810,68313,[STARTED],false,true,1,1,61711687,
1428436192449,ccc71.at.services.at_service,ccc71.bmw.pro:services,10110,6233,69150,[STARTED],false,true,0,0,52514608,
1428436192449,com.google.android.location.geocode.GeocodeService,com.google.process.location,10007,17755,135016048,[],false,true,1,1,61699690,
1428436192449,com.google.android.gms.gcm.GcmService,com.google.process.gapps,10007,17792,17965599,[STARTED],false,true,0,0,61715051,
1428436258478,com.android.bluetooth.hid.HidService,com.android.bluetooth,1002,0,41148,[],false,true,1,1,41157,
1428436258478,com.android.exchange.service.EasService,com.google.android.gm.exchange,10157,2752,54256,[STARTED],false,true,1,1,60538404,
1428436258478,com.google.android.music.dial.DialMediaRouteProviderService,com.google.android.music:main,10058,0,21711939,[],false,true,0,0,10495967,
1428436258478,ch.unige.css.services.PingService,ch.unige.ping,10074,1449,135394078,[STARTED],false,true,0,0,61924493,
1428436258478,com.android.systemui.keyguard.KeyguardService,com.android.systemui,10012,906,42358,[PERSISTENT],false,false,1,1,42367,
1428436258478,ch.unige.css.services.main.CssRegistryService,ch.unige.ping:background,10074,6441,132943429,[STARTED],false,true,0,0,60085080,
1428436258478,com.whatsapp.messaging.MessageService,com.whatsapp,10159,26810,68313,[STARTED],false,true,1,1,61711687,
1428436258478,ccc71.at.services.at_service,ccc71.bmw.pro:services,10110,6233,69150,[STARTED],false,true,0,0,52514608,
1428436258478,com.google.android.location.geocode.GeocodeService,com.google.process.location,10007,17755,135016048,[],false,true,1,1,61699690,
1428436258478,com.google.android.gms.gcm.GcmService,com.google.process.gapps,10007,17792,17965599,[STARTED],false,true,0,0,61715051,
1428436323861,com.android.bluetooth.hid.HidService,com.android.bluetooth,1002,0,41148,[],false,true,1,1,41157,
1428436323861,com.android.exchange.service.EasService,com.google.android.gm.exchange,10157,2752,54256,[STARTED],false,true,1,1,60538404,
1428436323861,com.google.android.music.dial.DialMediaRouteProviderService,com.google.android.music:main,10058,0,21711939,[],false,true,0,0,10495967,
1428436323861,ch.unige.css.services.PingService,ch.unige.ping,10074,1449,135459462,[STARTED],false,true,0,0,61989878,
1428436323861,com.android.systemui.keyguard.KeyguardService,com.android.systemui,10012,906,42358,[PERSISTENT],false,false,1,1,42367,
1428436323861,ch.unige.css.services.main.CssRegistryService,ch.unige.ping:background,10074,6441,132943429,[STARTED],false,true,0,0,60085080,
1428436323861,com.whatsapp.messaging.MessageService,com.whatsapp,10159,26810,68313,[STARTED],false,true,1,1,61956523,
1428436323861,ccc71.at.services.at_service,ccc71.bmw.pro:services,10110,6233,69150,[STARTED],false,true,0,0,52514608,
1428436323861,com.google.android.location.geocode.GeocodeService,com.google.process.location,10007,17755,135016048,[],false,true,1,1,61699690,
1428436323861,com.google.android.gms.gcm.GcmService,com.google.process.gapps,10007,17792,17965599,[STARTED],false,true,0,0,61715051,
1428436384459,com.android.bluetooth.hid.HidService,com.android.bluetooth,1002,0,41148,[],false,true,1,1,41157,
1428436384459,com.android.exchange.service.EasService,com.google.android.gm.exchange,10157,2752,54256,[STARTED],false,true,1,1,60538404,
1428436384459,com.google.android.music.dial.DialMediaRouteProviderService,com.google.android.music:main,10058,0,21711939,[],false,true,0,0,10495967,
1428436384459,ch.unige.css.services.PingService,ch.unige.ping,10074,1449,135520043,[STARTED],false,true,0,0,62014898,
1428436384459,com.android.systemui.keyguard.KeyguardService,com.android.systemui,10012,906,42358,[PERSISTENT],false,false,1,1,42367,
1428436384459,ch.unige.css.services.main.CssRegistryService,ch.unige.ping:background,10074,6441,132943429,[STARTED],false,true,0,0,60085080,
1428436384459,com.whatsapp.messaging.MessageService,com.whatsapp,10159,26810,68313,[STARTED],false,true,1,1,61956523,
1428436384459,ccc71.at.services.at_service,ccc71.bmw.pro:services,10110,6233,69150,[STARTED],false,true,0,0,52514608,
1428436384459,com.google.android.location.geocode.GeocodeService,com.google.process.location,10007,17755,135016048,[],false,true,1,1,61699690,
1428436384459,com.google.android.gms.gcm.GcmService,com.google.process.gapps,10007,17792,17965599,[STARTED],false,true,0,0,61715051,
