1429740028245,17432577,2222,1,228,-113,13,Swisscom,true,false
1429740028245,2147483647,2147483647,2147483647,2147483647,-113,13,Swisscom,false,false
1429740028245,2147483647,2147483647,2147483647,2147483647,-113,13,Swisscom,false,false
1429740028245,2147483647,2147483647,2147483647,2147483647,-113,13,Swisscom,false,false
1429740028245,2147483647,2147483647,2147483647,2147483647,-113,13,Swisscom,false,false
1429740028245,2147483647,2147483647,2147483647,2147483647,-113,13,Swisscom,false,false
1429740028245,2147483647,2147483647,2147483647,2147483647,-113,13,Swisscom,false,false
1429740028245,2147483647,2147483647,2147483647,2147483647,-113,13,Swisscom,false,false
1429740028245,2147483647,2147483647,2147483647,2147483647,-113,13,Swisscom,false,false
1429740028245,2147483647,2147483647,2147483647,2147483647,-113,13,Swisscom,false,false
1429740028245,2147483647,2147483647,2147483647,2147483647,-113,13,Swisscom,false,false
1429740028245,2147483647,2147483647,2147483647,2147483647,-113,13,Swisscom,false,false
1429740028245,2147483647,2147483647,2147483647,2147483647,-113,13,Swisscom,false,false
1429740028245,2147483647,2147483647,2147483647,2147483647,0,13,Swisscom,false,false
1429740088247,17432577,2222,1,228,-113,13,Swisscom,true,false
1429740088247,2147483647,2147483647,2147483647,2147483647,-113,13,Swisscom,false,false
1429740088247,2147483647,2147483647,2147483647,2147483647,-113,13,Swisscom,false,false
1429740088247,2147483647,2147483647,2147483647,2147483647,-113,13,Swisscom,false,false
1429740088247,2147483647,2147483647,2147483647,2147483647,-113,13,Swisscom,false,false
1429740088247,2147483647,2147483647,2147483647,2147483647,-113,13,Swisscom,false,false
1429740088247,2147483647,2147483647,2147483647,2147483647,-113,13,Swisscom,false,false
1429740088247,2147483647,2147483647,2147483647,2147483647,-113,13,Swisscom,false,false
1429740088247,2147483647,2147483647,2147483647,2147483647,-113,13,Swisscom,false,false
1429740088247,2147483647,2147483647,2147483647,2147483647,-113,13,Swisscom,false,false
1429740088247,2147483647,2147483647,2147483647,2147483647,-113,13,Swisscom,false,false
1429740088247,2147483647,2147483647,2147483647,2147483647,-113,13,Swisscom,false,false
1429740088247,2147483647,2147483647,2147483647,2147483647,-113,13,Swisscom,false,false
1429740088247,2147483647,2147483647,2147483647,2147483647,0,13,Swisscom,false,false
1429740148374,17432577,2222,1,228,-112,13,Swisscom,true,false
1429740148374,2147483647,2147483647,2147483647,2147483647,-113,13,Swisscom,false,false
1429740148374,2147483647,2147483647,2147483647,2147483647,-113,13,Swisscom,false,false
1429740148374,2147483647,2147483647,2147483647,2147483647,-113,13,Swisscom,false,false
1429740148374,2147483647,2147483647,2147483647,2147483647,-113,13,Swisscom,false,false
1429740148374,2147483647,2147483647,2147483647,2147483647,-113,13,Swisscom,false,false
1429740148374,2147483647,2147483647,2147483647,2147483647,-113,13,Swisscom,false,false
1429740148374,2147483647,2147483647,2147483647,2147483647,-113,13,Swisscom,false,false
1429740148374,2147483647,2147483647,2147483647,2147483647,-113,13,Swisscom,false,false
1429740148374,2147483647,2147483647,2147483647,2147483647,-113,13,Swisscom,false,false
1429740148374,2147483647,2147483647,2147483647,2147483647,-113,13,Swisscom,false,false
1429740148374,2147483647,2147483647,2147483647,2147483647,-113,13,Swisscom,false,false
1429740148374,2147483647,2147483647,2147483647,2147483647,-113,13,Swisscom,false,false
1429740148374,2147483647,2147483647,2147483647,2147483647,0,13,Swisscom,false,false
1429740208940,17432577,2222,1,228,-113,13,Swisscom,true,false
1429740208940,2147483647,2147483647,2147483647,2147483647,-113,13,Swisscom,false,false
1429740208940,2147483647,2147483647,2147483647,2147483647,-113,13,Swisscom,false,false
1429740208940,2147483647,2147483647,2147483647,2147483647,-113,13,Swisscom,false,false
1429740208940,2147483647,2147483647,2147483647,2147483647,-113,13,Swisscom,false,false
1429740208940,2147483647,2147483647,2147483647,2147483647,-113,13,Swisscom,false,false
1429740208940,2147483647,2147483647,2147483647,2147483647,-113,13,Swisscom,false,false
1429740208940,2147483647,2147483647,2147483647,2147483647,-113,13,Swisscom,false,false
1429740208940,2147483647,2147483647,2147483647,2147483647,-113,13,Swisscom,false,false
1429740208940,2147483647,2147483647,2147483647,2147483647,-113,13,Swisscom,false,false
1429740208940,2147483647,2147483647,2147483647,2147483647,-113,13,Swisscom,false,false
1429740208940,2147483647,2147483647,2147483647,2147483647,-113,13,Swisscom,false,false
1429740208940,2147483647,2147483647,2147483647,2147483647,-113,13,Swisscom,false,false
1429740208940,2147483647,2147483647,2147483647,2147483647,0,13,Swisscom,false,false
1429740295205,17432577,2222,1,228,-113,13,Swisscom,true,false
1429740295205,2147483647,2147483647,2147483647,2147483647,-113,13,Swisscom,false,false
1429740295205,2147483647,2147483647,2147483647,2147483647,-113,13,Swisscom,false,false
1429740295205,2147483647,2147483647,2147483647,2147483647,-113,13,Swisscom,false,false
1429740295205,2147483647,2147483647,2147483647,2147483647,-113,13,Swisscom,false,false
1429740295205,2147483647,2147483647,2147483647,2147483647,-113,13,Swisscom,false,false
1429740295205,2147483647,2147483647,2147483647,2147483647,-113,13,Swisscom,false,false
1429740295205,2147483647,2147483647,2147483647,2147483647,-113,13,Swisscom,false,false
1429740295205,2147483647,2147483647,2147483647,2147483647,-113,13,Swisscom,false,false
1429740295205,2147483647,2147483647,2147483647,2147483647,-113,13,Swisscom,false,false
1429740295205,2147483647,2147483647,2147483647,2147483647,-113,13,Swisscom,false,false
1429740295205,2147483647,2147483647,2147483647,2147483647,-113,13,Swisscom,false,false
1429740295205,2147483647,2147483647,2147483647,2147483647,-113,13,Swisscom,false,false
1429740295205,2147483647,2147483647,2147483647,2147483647,0,13,Swisscom,false,false
1429740355237,17432577,2222,1,228,-112,13,Swisscom,true,false
1429740355237,3,2147483647,2147483647,2147483647,-121,13,Swisscom,false,false
1429740355237,2147483647,2147483647,2147483647,2147483647,-113,13,Swisscom,false,false
1429740355237,2147483647,2147483647,2147483647,2147483647,-113,13,Swisscom,false,false
1429740355237,2147483647,2147483647,2147483647,2147483647,-113,13,Swisscom,false,false
1429740355237,2147483647,2147483647,2147483647,2147483647,-113,13,Swisscom,false,false
1429740355237,2147483647,2147483647,2147483647,2147483647,-113,13,Swisscom,false,false
1429740355237,2147483647,2147483647,2147483647,2147483647,-113,13,Swisscom,false,false
1429740355237,2147483647,2147483647,2147483647,2147483647,-113,13,Swisscom,false,false
1429740355237,2147483647,2147483647,2147483647,2147483647,-113,13,Swisscom,false,false
1429740355237,2147483647,2147483647,2147483647,2147483647,-113,13,Swisscom,false,false
1429740355237,2147483647,2147483647,2147483647,2147483647,-113,13,Swisscom,false,false
1429740355237,2147483647,2147483647,2147483647,2147483647,-113,13,Swisscom,false,false
1429740355237,2147483647,2147483647,2147483647,2147483647,-113,13,Swisscom,false,false
1429740355237,2147483647,2147483647,2147483647,2147483647,0,13,Swisscom,false,false
1429740415300,17432577,2222,1,228,-113,13,Swisscom,true,false
1429740415300,2147483647,2147483647,2147483647,2147483647,-113,13,Swisscom,false,false
1429740415300,2147483647,2147483647,2147483647,2147483647,-113,13,Swisscom,false,false
1429740415300,2147483647,2147483647,2147483647,2147483647,-113,13,Swisscom,false,false
1429740415300,2147483647,2147483647,2147483647,2147483647,-113,13,Swisscom,false,false
1429740415300,2147483647,2147483647,2147483647,2147483647,-113,13,Swisscom,false,false
1429740415300,2147483647,2147483647,2147483647,2147483647,-113,13,Swisscom,false,false
1429740415300,2147483647,2147483647,2147483647,2147483647,-113,13,Swisscom,false,false
1429740415300,2147483647,2147483647,2147483647,2147483647,-113,13,Swisscom,false,false
1429740415300,2147483647,2147483647,2147483647,2147483647,-113,13,Swisscom,false,false
1429740415300,2147483647,2147483647,2147483647,2147483647,-113,13,Swisscom,false,false
1429740415300,2147483647,2147483647,2147483647,2147483647,-113,13,Swisscom,false,false
1429740415300,2147483647,2147483647,2147483647,2147483647,-113,13,Swisscom,false,false
1429740415300,2147483647,2147483647,2147483647,2147483647,0,13,Swisscom,false,false
1429740475314,17432577,2222,1,228,-113,13,Swisscom,true,false
1429740475314,2147483647,2147483647,2147483647,2147483647,-113,13,Swisscom,false,false
1429740475314,2147483647,2147483647,2147483647,2147483647,-113,13,Swisscom,false,false
1429740475314,2147483647,2147483647,2147483647,2147483647,-113,13,Swisscom,false,false
1429740475314,2147483647,2147483647,2147483647,2147483647,-113,13,Swisscom,false,false
1429740475314,2147483647,2147483647,2147483647,2147483647,-113,13,Swisscom,false,false
1429740475314,2147483647,2147483647,2147483647,2147483647,-113,13,Swisscom,false,false
1429740475314,2147483647,2147483647,2147483647,2147483647,-113,13,Swisscom,false,false
1429740475314,2147483647,2147483647,2147483647,2147483647,-113,13,Swisscom,false,false
1429740475314,2147483647,2147483647,2147483647,2147483647,-113,13,Swisscom,false,false
1429740475314,2147483647,2147483647,2147483647,2147483647,-113,13,Swisscom,false,false
1429740475314,2147483647,2147483647,2147483647,2147483647,-113,13,Swisscom,false,false
1429740475314,2147483647,2147483647,2147483647,2147483647,-113,13,Swisscom,false,false
1429740475314,2147483647,2147483647,2147483647,2147483647,0,13,Swisscom,false,false
1429740535410,17432577,2222,1,228,-113,13,Swisscom,true,false
1429740535410,2147483647,2147483647,2147483647,2147483647,-113,13,Swisscom,false,false
1429740535410,2147483647,2147483647,2147483647,2147483647,-113,13,Swisscom,false,false
1429740535410,2147483647,2147483647,2147483647,2147483647,-113,13,Swisscom,false,false
1429740535410,2147483647,2147483647,2147483647,2147483647,-113,13,Swisscom,false,false
1429740535410,2147483647,2147483647,2147483647,2147483647,-113,13,Swisscom,false,false
1429740535410,2147483647,2147483647,2147483647,2147483647,-113,13,Swisscom,false,false
1429740535410,2147483647,2147483647,2147483647,2147483647,-113,13,Swisscom,false,false
1429740535410,2147483647,2147483647,2147483647,2147483647,-113,13,Swisscom,false,false
1429740535410,2147483647,2147483647,2147483647,2147483647,-113,13,Swisscom,false,false
1429740535410,2147483647,2147483647,2147483647,2147483647,-113,13,Swisscom,false,false
1429740535410,2147483647,2147483647,2147483647,2147483647,-113,13,Swisscom,false,false
1429740535410,2147483647,2147483647,2147483647,2147483647,-113,13,Swisscom,false,false
1429740535410,2147483647,2147483647,2147483647,2147483647,0,13,Swisscom,false,false
1429740595499,17432577,2222,1,228,-113,13,Swisscom,true,false
1429740595499,2147483647,2147483647,2147483647,2147483647,-113,13,Swisscom,false,false
1429740595499,2147483647,2147483647,2147483647,2147483647,-113,13,Swisscom,false,false
1429740595499,2147483647,2147483647,2147483647,2147483647,-113,13,Swisscom,false,false
1429740595499,2147483647,2147483647,2147483647,2147483647,-113,13,Swisscom,false,false
1429740595499,2147483647,2147483647,2147483647,2147483647,-113,13,Swisscom,false,false
1429740595499,2147483647,2147483647,2147483647,2147483647,-113,13,Swisscom,false,false
1429740595499,2147483647,2147483647,2147483647,2147483647,-113,13,Swisscom,false,false
1429740595499,2147483647,2147483647,2147483647,2147483647,-113,13,Swisscom,false,false
1429740595499,2147483647,2147483647,2147483647,2147483647,-113,13,Swisscom,false,false
1429740595499,2147483647,2147483647,2147483647,2147483647,-113,13,Swisscom,false,false
1429740595499,2147483647,2147483647,2147483647,2147483647,-113,13,Swisscom,false,false
1429740595499,2147483647,2147483647,2147483647,2147483647,-113,13,Swisscom,false,false
1429740595499,2147483647,2147483647,2147483647,2147483647,0,13,Swisscom,false,false
1429740656165,17432577,2222,1,228,-113,13,Swisscom,true,false
1429740656165,2147483647,2147483647,2147483647,2147483647,-113,13,Swisscom,false,false
1429740656165,2147483647,2147483647,2147483647,2147483647,-113,13,Swisscom,false,false
1429740656165,2147483647,2147483647,2147483647,2147483647,-113,13,Swisscom,false,false
1429740656165,2147483647,2147483647,2147483647,2147483647,-113,13,Swisscom,false,false
1429740656165,2147483647,2147483647,2147483647,2147483647,-113,13,Swisscom,false,false
1429740656165,2147483647,2147483647,2147483647,2147483647,-113,13,Swisscom,false,false
1429740656165,2147483647,2147483647,2147483647,2147483647,-113,13,Swisscom,false,false
1429740656165,2147483647,2147483647,2147483647,2147483647,-113,13,Swisscom,false,false
1429740656165,2147483647,2147483647,2147483647,2147483647,-113,13,Swisscom,false,false
1429740656165,2147483647,2147483647,2147483647,2147483647,-113,13,Swisscom,false,false
1429740656165,2147483647,2147483647,2147483647,2147483647,-113,13,Swisscom,false,false
1429740656165,2147483647,2147483647,2147483647,2147483647,-113,13,Swisscom,false,false
1429740656165,2147483647,2147483647,2147483647,2147483647,0,13,Swisscom,false,false
1429740748556,17432577,2222,1,228,-112,13,Swisscom,true,false
1429740748556,2147483647,2147483647,2147483647,2147483647,-113,13,Swisscom,false,false
1429740748556,2147483647,2147483647,2147483647,2147483647,-113,13,Swisscom,false,false
1429740748556,2147483647,2147483647,2147483647,2147483647,-113,13,Swisscom,false,false
1429740748556,2147483647,2147483647,2147483647,2147483647,-113,13,Swisscom,false,false
1429740748556,2147483647,2147483647,2147483647,2147483647,-113,13,Swisscom,false,false
1429740748556,2147483647,2147483647,2147483647,2147483647,-113,13,Swisscom,false,false
1429740748556,2147483647,2147483647,2147483647,2147483647,-113,13,Swisscom,false,false
1429740748556,2147483647,2147483647,2147483647,2147483647,-113,13,Swisscom,false,false
1429740748556,2147483647,2147483647,2147483647,2147483647,-113,13,Swisscom,false,false
1429740748556,2147483647,2147483647,2147483647,2147483647,-113,13,Swisscom,false,false
1429740748556,2147483647,2147483647,2147483647,2147483647,-113,13,Swisscom,false,false
1429740748556,2147483647,2147483647,2147483647,2147483647,-113,13,Swisscom,false,false
1429740748556,2147483647,2147483647,2147483647,2147483647,0,13,Swisscom,false,false
1429740808647,17432577,2222,1,228,-113,13,Swisscom,true,false
1429740808647,2147483647,2147483647,2147483647,2147483647,-113,13,Swisscom,false,false
1429740808647,2147483647,2147483647,2147483647,2147483647,-113,13,Swisscom,false,false
1429740808647,2147483647,2147483647,2147483647,2147483647,-113,13,Swisscom,false,false
1429740808647,2147483647,2147483647,2147483647,2147483647,-113,13,Swisscom,false,false
1429740808647,2147483647,2147483647,2147483647,2147483647,-113,13,Swisscom,false,false
1429740808647,2147483647,2147483647,2147483647,2147483647,-113,13,Swisscom,false,false
1429740808647,2147483647,2147483647,2147483647,2147483647,-113,13,Swisscom,false,false
1429740808647,2147483647,2147483647,2147483647,2147483647,-113,13,Swisscom,false,false
1429740808647,2147483647,2147483647,2147483647,2147483647,-113,13,Swisscom,false,false
1429740808647,2147483647,2147483647,2147483647,2147483647,-113,13,Swisscom,false,false
1429740808647,2147483647,2147483647,2147483647,2147483647,-113,13,Swisscom,false,false
1429740808647,2147483647,2147483647,2147483647,2147483647,-113,13,Swisscom,false,false
1429740808647,2147483647,2147483647,2147483647,2147483647,0,13,Swisscom,false,false
1429740868742,17432577,2222,1,228,-113,13,Swisscom,true,false
1429740868742,2147483647,2147483647,2147483647,2147483647,-113,13,Swisscom,false,false
1429740868742,2147483647,2147483647,2147483647,2147483647,-113,13,Swisscom,false,false
1429740868742,2147483647,2147483647,2147483647,2147483647,-113,13,Swisscom,false,false
1429740868742,2147483647,2147483647,2147483647,2147483647,-113,13,Swisscom,false,false
1429740868742,2147483647,2147483647,2147483647,2147483647,-113,13,Swisscom,false,false
1429740868742,2147483647,2147483647,2147483647,2147483647,-113,13,Swisscom,false,false
1429740868742,2147483647,2147483647,2147483647,2147483647,-113,13,Swisscom,false,false
1429740868742,2147483647,2147483647,2147483647,2147483647,-113,13,Swisscom,false,false
1429740868742,2147483647,2147483647,2147483647,2147483647,-113,13,Swisscom,false,false
1429740868742,2147483647,2147483647,2147483647,2147483647,-113,13,Swisscom,false,false
1429740868742,2147483647,2147483647,2147483647,2147483647,-113,13,Swisscom,false,false
1429740868742,2147483647,2147483647,2147483647,2147483647,-113,13,Swisscom,false,false
1429740868742,2147483647,2147483647,2147483647,2147483647,0,13,Swisscom,false,false
1429740928835,17432577,2222,1,228,-113,13,Swisscom,true,false
1429740928835,2147483647,2147483647,2147483647,2147483647,-113,13,Swisscom,false,false
1429740928835,2147483647,2147483647,2147483647,2147483647,-113,13,Swisscom,false,false
1429740928835,2147483647,2147483647,2147483647,2147483647,-113,13,Swisscom,false,false
1429740928835,2147483647,2147483647,2147483647,2147483647,-113,13,Swisscom,false,false
1429740928835,2147483647,2147483647,2147483647,2147483647,-113,13,Swisscom,false,false
1429740928835,2147483647,2147483647,2147483647,2147483647,-113,13,Swisscom,false,false
1429740928835,2147483647,2147483647,2147483647,2147483647,-113,13,Swisscom,false,false
1429740928835,2147483647,2147483647,2147483647,2147483647,-113,13,Swisscom,false,false
1429740928835,2147483647,2147483647,2147483647,2147483647,-113,13,Swisscom,false,false
1429740928835,2147483647,2147483647,2147483647,2147483647,-113,13,Swisscom,false,false
1429740928835,2147483647,2147483647,2147483647,2147483647,-113,13,Swisscom,false,false
1429740928835,2147483647,2147483647,2147483647,2147483647,-113,13,Swisscom,false,false
1429740928835,2147483647,2147483647,2147483647,2147483647,0,13,Swisscom,false,false
1429741015213,17432577,2222,1,228,-113,13,Swisscom,true,false
1429741015213,2147483647,2147483647,2147483647,2147483647,-113,13,Swisscom,false,false
1429741015213,2147483647,2147483647,2147483647,2147483647,-113,13,Swisscom,false,false
1429741015213,2147483647,2147483647,2147483647,2147483647,-113,13,Swisscom,false,false
1429741015213,2147483647,2147483647,2147483647,2147483647,-113,13,Swisscom,false,false
1429741015213,2147483647,2147483647,2147483647,2147483647,-113,13,Swisscom,false,false
1429741015213,2147483647,2147483647,2147483647,2147483647,-113,13,Swisscom,false,false
1429741015213,2147483647,2147483647,2147483647,2147483647,-113,13,Swisscom,false,false
1429741015213,2147483647,2147483647,2147483647,2147483647,-113,13,Swisscom,false,false
1429741015213,2147483647,2147483647,2147483647,2147483647,-113,13,Swisscom,false,false
1429741015213,2147483647,2147483647,2147483647,2147483647,-113,13,Swisscom,false,false
1429741015213,2147483647,2147483647,2147483647,2147483647,-113,13,Swisscom,false,false
1429741015213,2147483647,2147483647,2147483647,2147483647,-113,13,Swisscom,false,false
1429741015213,2147483647,2147483647,2147483647,2147483647,0,13,Swisscom,false,false
1429741075251,17432577,2222,1,228,-113,13,Swisscom,true,false
1429741075251,2147483647,2147483647,2147483647,2147483647,-113,13,Swisscom,false,false
1429741075251,2147483647,2147483647,2147483647,2147483647,-113,13,Swisscom,false,false
1429741075251,2147483647,2147483647,2147483647,2147483647,-113,13,Swisscom,false,false
1429741075251,2147483647,2147483647,2147483647,2147483647,-113,13,Swisscom,false,false
1429741075251,2147483647,2147483647,2147483647,2147483647,-113,13,Swisscom,false,false
1429741075251,2147483647,2147483647,2147483647,2147483647,-113,13,Swisscom,false,false
1429741075251,2147483647,2147483647,2147483647,2147483647,-113,13,Swisscom,false,false
1429741075251,2147483647,2147483647,2147483647,2147483647,-113,13,Swisscom,false,false
1429741075251,2147483647,2147483647,2147483647,2147483647,-113,13,Swisscom,false,false
1429741075251,2147483647,2147483647,2147483647,2147483647,-113,13,Swisscom,false,false
1429741075251,2147483647,2147483647,2147483647,2147483647,-113,13,Swisscom,false,false
1429741075251,2147483647,2147483647,2147483647,2147483647,-113,13,Swisscom,false,false
1429741075251,2147483647,2147483647,2147483647,2147483647,0,13,Swisscom,false,false
1429741135349,17432577,2222,1,228,-113,13,Swisscom,true,false
1429741135349,2147483647,2147483647,2147483647,2147483647,-113,13,Swisscom,false,false
1429741135349,2147483647,2147483647,2147483647,2147483647,-113,13,Swisscom,false,false
1429741135349,2147483647,2147483647,2147483647,2147483647,-113,13,Swisscom,false,false
1429741135349,2147483647,2147483647,2147483647,2147483647,-113,13,Swisscom,false,false
1429741135349,2147483647,2147483647,2147483647,2147483647,-113,13,Swisscom,false,false
1429741135349,2147483647,2147483647,2147483647,2147483647,-113,13,Swisscom,false,false
1429741135349,2147483647,2147483647,2147483647,2147483647,-113,13,Swisscom,false,false
1429741135349,2147483647,2147483647,2147483647,2147483647,-113,13,Swisscom,false,false
1429741135349,2147483647,2147483647,2147483647,2147483647,-113,13,Swisscom,false,false
1429741135349,2147483647,2147483647,2147483647,2147483647,-113,13,Swisscom,false,false
1429741135349,2147483647,2147483647,2147483647,2147483647,-113,13,Swisscom,false,false
1429741135349,2147483647,2147483647,2147483647,2147483647,-113,13,Swisscom,false,false
1429741135349,2147483647,2147483647,2147483647,2147483647,0,13,Swisscom,false,false
1429741195402,17432577,2222,1,228,-113,13,Swisscom,true,false
1429741195402,2147483647,2147483647,2147483647,2147483647,-113,13,Swisscom,false,false
1429741195402,2147483647,2147483647,2147483647,2147483647,-113,13,Swisscom,false,false
1429741195402,2147483647,2147483647,2147483647,2147483647,-113,13,Swisscom,false,false
1429741195402,2147483647,2147483647,2147483647,2147483647,-113,13,Swisscom,false,false
1429741195402,2147483647,2147483647,2147483647,2147483647,-113,13,Swisscom,false,false
1429741195402,2147483647,2147483647,2147483647,2147483647,-113,13,Swisscom,false,false
1429741195402,2147483647,2147483647,2147483647,2147483647,-113,13,Swisscom,false,false
1429741195402,2147483647,2147483647,2147483647,2147483647,-113,13,Swisscom,false,false
1429741195402,2147483647,2147483647,2147483647,2147483647,-113,13,Swisscom,false,false
1429741195402,2147483647,2147483647,2147483647,2147483647,-113,13,Swisscom,false,false
1429741195402,2147483647,2147483647,2147483647,2147483647,-113,13,Swisscom,false,false
1429741195402,2147483647,2147483647,2147483647,2147483647,-113,13,Swisscom,false,false
1429741195402,2147483647,2147483647,2147483647,2147483647,0,13,Swisscom,false,false
1429741294207,17432577,2222,1,228,-113,13,Swisscom,true,false
1429741294207,2147483647,2147483647,2147483647,2147483647,-113,13,Swisscom,false,false
1429741294207,2147483647,2147483647,2147483647,2147483647,-113,13,Swisscom,false,false
1429741294207,2147483647,2147483647,2147483647,2147483647,-113,13,Swisscom,false,false
1429741294207,2147483647,2147483647,2147483647,2147483647,-113,13,Swisscom,false,false
1429741294207,2147483647,2147483647,2147483647,2147483647,-113,13,Swisscom,false,false
1429741294207,2147483647,2147483647,2147483647,2147483647,-113,13,Swisscom,false,false
1429741294207,2147483647,2147483647,2147483647,2147483647,-113,13,Swisscom,false,false
1429741294207,2147483647,2147483647,2147483647,2147483647,-113,13,Swisscom,false,false
1429741294207,2147483647,2147483647,2147483647,2147483647,-113,13,Swisscom,false,false
1429741294207,2147483647,2147483647,2147483647,2147483647,-113,13,Swisscom,false,false
1429741294207,2147483647,2147483647,2147483647,2147483647,-113,13,Swisscom,false,false
1429741294207,2147483647,2147483647,2147483647,2147483647,-113,13,Swisscom,false,false
1429741294207,2147483647,2147483647,2147483647,2147483647,0,13,Swisscom,false,false
1429741354298,17432577,2222,1,228,-113,13,Swisscom,true,false
1429741354298,3,2147483647,2147483647,2147483647,-121,13,Swisscom,false,false
1429741354298,2147483647,2147483647,2147483647,2147483647,-113,13,Swisscom,false,false
1429741354298,2147483647,2147483647,2147483647,2147483647,-113,13,Swisscom,false,false
1429741354298,2147483647,2147483647,2147483647,2147483647,-113,13,Swisscom,false,false
1429741354298,2147483647,2147483647,2147483647,2147483647,-113,13,Swisscom,false,false
1429741354298,2147483647,2147483647,2147483647,2147483647,-113,13,Swisscom,false,false
1429741354298,2147483647,2147483647,2147483647,2147483647,-113,13,Swisscom,false,false
1429741354298,2147483647,2147483647,2147483647,2147483647,-113,13,Swisscom,false,false
1429741354298,2147483647,2147483647,2147483647,2147483647,-113,13,Swisscom,false,false
1429741354298,2147483647,2147483647,2147483647,2147483647,-113,13,Swisscom,false,false
1429741354298,2147483647,2147483647,2147483647,2147483647,-113,13,Swisscom,false,false
1429741354298,2147483647,2147483647,2147483647,2147483647,-113,13,Swisscom,false,false
1429741354298,2147483647,2147483647,2147483647,2147483647,-113,13,Swisscom,false,false
1429741354298,2147483647,2147483647,2147483647,2147483647,0,13,Swisscom,false,false
1429741415188,17432577,2222,1,228,-113,13,Swisscom,true,false
1429741415188,2147483647,2147483647,2147483647,2147483647,-113,13,Swisscom,false,false
1429741415188,2147483647,2147483647,2147483647,2147483647,-113,13,Swisscom,false,false
1429741415188,2147483647,2147483647,2147483647,2147483647,-113,13,Swisscom,false,false
1429741415188,2147483647,2147483647,2147483647,2147483647,-113,13,Swisscom,false,false
1429741415188,2147483647,2147483647,2147483647,2147483647,-113,13,Swisscom,false,false
1429741415188,2147483647,2147483647,2147483647,2147483647,-113,13,Swisscom,false,false
1429741415188,2147483647,2147483647,2147483647,2147483647,-113,13,Swisscom,false,false
1429741415188,2147483647,2147483647,2147483647,2147483647,-113,13,Swisscom,false,false
1429741415188,2147483647,2147483647,2147483647,2147483647,-113,13,Swisscom,false,false
1429741415188,2147483647,2147483647,2147483647,2147483647,-113,13,Swisscom,false,false
1429741415188,2147483647,2147483647,2147483647,2147483647,-113,13,Swisscom,false,false
1429741415188,2147483647,2147483647,2147483647,2147483647,-113,13,Swisscom,false,false
1429741415188,2147483647,2147483647,2147483647,2147483647,0,13,Swisscom,false,false
1429741494624,17432577,2222,1,228,-112,13,Swisscom,true,false
1429741494624,2147483647,2147483647,2147483647,2147483647,-113,13,Swisscom,false,false
1429741494624,2147483647,2147483647,2147483647,2147483647,-113,13,Swisscom,false,false
1429741494624,2147483647,2147483647,2147483647,2147483647,-113,13,Swisscom,false,false
1429741494624,2147483647,2147483647,2147483647,2147483647,-113,13,Swisscom,false,false
1429741494624,2147483647,2147483647,2147483647,2147483647,-113,13,Swisscom,false,false
1429741494624,2147483647,2147483647,2147483647,2147483647,-113,13,Swisscom,false,false
1429741494624,2147483647,2147483647,2147483647,2147483647,-113,13,Swisscom,false,false
1429741494624,2147483647,2147483647,2147483647,2147483647,-113,13,Swisscom,false,false
1429741494624,2147483647,2147483647,2147483647,2147483647,-113,13,Swisscom,false,false
1429741494624,2147483647,2147483647,2147483647,2147483647,-113,13,Swisscom,false,false
1429741494624,2147483647,2147483647,2147483647,2147483647,-113,13,Swisscom,false,false
1429741494624,2147483647,2147483647,2147483647,2147483647,-113,13,Swisscom,false,false
1429741494624,2147483647,2147483647,2147483647,2147483647,0,13,Swisscom,false,false
1429741554600,17432577,2222,1,228,-112,13,Swisscom,true,false
1429741554600,2147483647,2147483647,2147483647,2147483647,-113,13,Swisscom,false,false
1429741554600,2147483647,2147483647,2147483647,2147483647,-113,13,Swisscom,false,false
1429741554600,2147483647,2147483647,2147483647,2147483647,-113,13,Swisscom,false,false
1429741554600,2147483647,2147483647,2147483647,2147483647,-113,13,Swisscom,false,false
1429741554600,2147483647,2147483647,2147483647,2147483647,-113,13,Swisscom,false,false
1429741554600,2147483647,2147483647,2147483647,2147483647,-113,13,Swisscom,false,false
1429741554600,2147483647,2147483647,2147483647,2147483647,-113,13,Swisscom,false,false
1429741554600,2147483647,2147483647,2147483647,2147483647,-113,13,Swisscom,false,false
1429741554600,2147483647,2147483647,2147483647,2147483647,-113,13,Swisscom,false,false
1429741554600,2147483647,2147483647,2147483647,2147483647,-113,13,Swisscom,false,false
1429741554600,2147483647,2147483647,2147483647,2147483647,-113,13,Swisscom,false,false
1429741554600,2147483647,2147483647,2147483647,2147483647,-113,13,Swisscom,false,false
1429741554600,2147483647,2147483647,2147483647,2147483647,0,13,Swisscom,false,false
1429741614713,17432577,2222,1,228,-112,13,Swisscom,true,false
1429741614713,2147483647,2147483647,2147483647,2147483647,-113,13,Swisscom,false,false
1429741614713,2147483647,2147483647,2147483647,2147483647,-113,13,Swisscom,false,false
1429741614713,2147483647,2147483647,2147483647,2147483647,-113,13,Swisscom,false,false
1429741614713,2147483647,2147483647,2147483647,2147483647,-113,13,Swisscom,false,false
1429741614713,2147483647,2147483647,2147483647,2147483647,-113,13,Swisscom,false,false
1429741614713,2147483647,2147483647,2147483647,2147483647,-113,13,Swisscom,false,false
1429741614713,2147483647,2147483647,2147483647,2147483647,-113,13,Swisscom,false,false
1429741614713,2147483647,2147483647,2147483647,2147483647,-113,13,Swisscom,false,false
1429741614713,2147483647,2147483647,2147483647,2147483647,-113,13,Swisscom,false,false
1429741614713,2147483647,2147483647,2147483647,2147483647,-113,13,Swisscom,false,false
1429741614713,2147483647,2147483647,2147483647,2147483647,-113,13,Swisscom,false,false
1429741614713,2147483647,2147483647,2147483647,2147483647,-113,13,Swisscom,false,false
1429741614713,2147483647,2147483647,2147483647,2147483647,0,13,Swisscom,false,false
1429741680169,17432577,2222,1,228,-112,13,Swisscom,true,false
1429741680169,2147483647,2147483647,2147483647,2147483647,-113,13,Swisscom,false,false
1429741680169,2147483647,2147483647,2147483647,2147483647,-113,13,Swisscom,false,false
1429741680169,2147483647,2147483647,2147483647,2147483647,-113,13,Swisscom,false,false
1429741680169,2147483647,2147483647,2147483647,2147483647,-113,13,Swisscom,false,false
1429741680169,2147483647,2147483647,2147483647,2147483647,-113,13,Swisscom,false,false
1429741680169,2147483647,2147483647,2147483647,2147483647,-113,13,Swisscom,false,false
1429741680169,2147483647,2147483647,2147483647,2147483647,-113,13,Swisscom,false,false
1429741680169,2147483647,2147483647,2147483647,2147483647,-113,13,Swisscom,false,false
1429741680169,2147483647,2147483647,2147483647,2147483647,-113,13,Swisscom,false,false
1429741680169,2147483647,2147483647,2147483647,2147483647,-113,13,Swisscom,false,false
1429741680169,2147483647,2147483647,2147483647,2147483647,-113,13,Swisscom,false,false
1429741680169,2147483647,2147483647,2147483647,2147483647,-113,13,Swisscom,false,false
1429741680169,2147483647,2147483647,2147483647,2147483647,0,13,Swisscom,false,false
1429741740280,17432577,2222,1,228,-112,13,Swisscom,true,false
1429741740280,2147483647,2147483647,2147483647,2147483647,-113,13,Swisscom,false,false
1429741740280,2147483647,2147483647,2147483647,2147483647,-113,13,Swisscom,false,false
1429741740280,2147483647,2147483647,2147483647,2147483647,-113,13,Swisscom,false,false
1429741740280,2147483647,2147483647,2147483647,2147483647,-113,13,Swisscom,false,false
1429741740280,2147483647,2147483647,2147483647,2147483647,-113,13,Swisscom,false,false
1429741740280,2147483647,2147483647,2147483647,2147483647,-113,13,Swisscom,false,false
1429741740280,2147483647,2147483647,2147483647,2147483647,-113,13,Swisscom,false,false
1429741740280,2147483647,2147483647,2147483647,2147483647,-113,13,Swisscom,false,false
1429741740280,2147483647,2147483647,2147483647,2147483647,-113,13,Swisscom,false,false
1429741740280,2147483647,2147483647,2147483647,2147483647,-113,13,Swisscom,false,false
1429741740280,2147483647,2147483647,2147483647,2147483647,-113,13,Swisscom,false,false
1429741740280,2147483647,2147483647,2147483647,2147483647,-113,13,Swisscom,false,false
1429741740280,2147483647,2147483647,2147483647,2147483647,0,13,Swisscom,false,false
1429741810236,17432577,2222,1,228,-112,13,Swisscom,true,false
1429741810236,2147483647,2147483647,2147483647,2147483647,-113,13,Swisscom,false,false
1429741810236,2147483647,2147483647,2147483647,2147483647,-113,13,Swisscom,false,false
1429741810236,2147483647,2147483647,2147483647,2147483647,-113,13,Swisscom,false,false
1429741810236,2147483647,2147483647,2147483647,2147483647,-113,13,Swisscom,false,false
1429741810236,2147483647,2147483647,2147483647,2147483647,-113,13,Swisscom,false,false
1429741810236,2147483647,2147483647,2147483647,2147483647,-113,13,Swisscom,false,false
1429741810236,2147483647,2147483647,2147483647,2147483647,-113,13,Swisscom,false,false
1429741810236,2147483647,2147483647,2147483647,2147483647,-113,13,Swisscom,false,false
1429741810236,2147483647,2147483647,2147483647,2147483647,-113,13,Swisscom,false,false
1429741810236,2147483647,2147483647,2147483647,2147483647,-113,13,Swisscom,false,false
1429741810236,2147483647,2147483647,2147483647,2147483647,-113,13,Swisscom,false,false
1429741810236,2147483647,2147483647,2147483647,2147483647,-113,13,Swisscom,false,false
1429741810236,2147483647,2147483647,2147483647,2147483647,0,13,Swisscom,false,false
1429741870364,17432577,2222,1,228,-112,13,Swisscom,true,false
1429741870364,2147483647,2147483647,2147483647,2147483647,-113,13,Swisscom,false,false
1429741870364,2147483647,2147483647,2147483647,2147483647,-113,13,Swisscom,false,false
1429741870364,2147483647,2147483647,2147483647,2147483647,-113,13,Swisscom,false,false
1429741870364,2147483647,2147483647,2147483647,2147483647,-113,13,Swisscom,false,false
1429741870364,2147483647,2147483647,2147483647,2147483647,-113,13,Swisscom,false,false
1429741870364,2147483647,2147483647,2147483647,2147483647,-113,13,Swisscom,false,false
1429741870364,2147483647,2147483647,2147483647,2147483647,-113,13,Swisscom,false,false
1429741870364,2147483647,2147483647,2147483647,2147483647,-113,13,Swisscom,false,false
1429741870364,2147483647,2147483647,2147483647,2147483647,-113,13,Swisscom,false,false
1429741870364,2147483647,2147483647,2147483647,2147483647,-113,13,Swisscom,false,false
1429741870364,2147483647,2147483647,2147483647,2147483647,-113,13,Swisscom,false,false
1429741870364,2147483647,2147483647,2147483647,2147483647,-113,13,Swisscom,false,false
1429741870364,2147483647,2147483647,2147483647,2147483647,0,13,Swisscom,false,false
1429741930494,17432577,2222,1,228,-112,13,Swisscom,true,false
1429741930494,2147483647,2147483647,2147483647,2147483647,-113,13,Swisscom,false,false
1429741930494,2147483647,2147483647,2147483647,2147483647,-113,13,Swisscom,false,false
1429741930494,2147483647,2147483647,2147483647,2147483647,-113,13,Swisscom,false,false
1429741930494,2147483647,2147483647,2147483647,2147483647,-113,13,Swisscom,false,false
1429741930494,2147483647,2147483647,2147483647,2147483647,-113,13,Swisscom,false,false
1429741930494,2147483647,2147483647,2147483647,2147483647,-113,13,Swisscom,false,false
1429741930494,2147483647,2147483647,2147483647,2147483647,-113,13,Swisscom,false,false
1429741930494,2147483647,2147483647,2147483647,2147483647,-113,13,Swisscom,false,false
1429741930494,2147483647,2147483647,2147483647,2147483647,-113,13,Swisscom,false,false
1429741930494,2147483647,2147483647,2147483647,2147483647,-113,13,Swisscom,false,false
1429741930494,2147483647,2147483647,2147483647,2147483647,-113,13,Swisscom,false,false
1429741930494,2147483647,2147483647,2147483647,2147483647,-113,13,Swisscom,false,false
1429741930494,2147483647,2147483647,2147483647,2147483647,0,13,Swisscom,false,false
1429741990578,17432577,2222,1,228,-112,13,Swisscom,true,false
1429741990578,2147483647,2147483647,2147483647,2147483647,-113,13,Swisscom,false,false
1429741990578,2147483647,2147483647,2147483647,2147483647,-113,13,Swisscom,false,false
1429741990578,2147483647,2147483647,2147483647,2147483647,-113,13,Swisscom,false,false
1429741990578,2147483647,2147483647,2147483647,2147483647,-113,13,Swisscom,false,false
1429741990578,2147483647,2147483647,2147483647,2147483647,-113,13,Swisscom,false,false
1429741990578,2147483647,2147483647,2147483647,2147483647,-113,13,Swisscom,false,false
1429741990578,2147483647,2147483647,2147483647,2147483647,-113,13,Swisscom,false,false
1429741990578,2147483647,2147483647,2147483647,2147483647,-113,13,Swisscom,false,false
1429741990578,2147483647,2147483647,2147483647,2147483647,-113,13,Swisscom,false,false
1429741990578,2147483647,2147483647,2147483647,2147483647,-113,13,Swisscom,false,false
1429741990578,2147483647,2147483647,2147483647,2147483647,-113,13,Swisscom,false,false
1429741990578,2147483647,2147483647,2147483647,2147483647,-113,13,Swisscom,false,false
1429741990578,2147483647,2147483647,2147483647,2147483647,0,13,Swisscom,false,false
1429742050667,17432577,2222,1,228,-112,13,Swisscom,true,false
1429742050667,2147483647,2147483647,2147483647,2147483647,-113,13,Swisscom,false,false
1429742050667,2147483647,2147483647,2147483647,2147483647,-113,13,Swisscom,false,false
1429742050667,2147483647,2147483647,2147483647,2147483647,-113,13,Swisscom,false,false
1429742050667,2147483647,2147483647,2147483647,2147483647,-113,13,Swisscom,false,false
1429742050667,2147483647,2147483647,2147483647,2147483647,-113,13,Swisscom,false,false
1429742050667,2147483647,2147483647,2147483647,2147483647,-113,13,Swisscom,false,false
1429742050667,2147483647,2147483647,2147483647,2147483647,-113,13,Swisscom,false,false
1429742050667,2147483647,2147483647,2147483647,2147483647,-113,13,Swisscom,false,false
1429742050667,2147483647,2147483647,2147483647,2147483647,-113,13,Swisscom,false,false
1429742050667,2147483647,2147483647,2147483647,2147483647,-113,13,Swisscom,false,false
1429742050667,2147483647,2147483647,2147483647,2147483647,-113,13,Swisscom,false,false
1429742050667,2147483647,2147483647,2147483647,2147483647,-113,13,Swisscom,false,false
1429742050667,2147483647,2147483647,2147483647,2147483647,0,13,Swisscom,false,false
1429742125959,17432577,2222,1,228,-112,13,Swisscom,true,false
1429742125959,2147483647,2147483647,2147483647,2147483647,-113,13,Swisscom,false,false
1429742125959,2147483647,2147483647,2147483647,2147483647,-113,13,Swisscom,false,false
1429742125959,2147483647,2147483647,2147483647,2147483647,-113,13,Swisscom,false,false
1429742125959,2147483647,2147483647,2147483647,2147483647,-113,13,Swisscom,false,false
1429742125959,2147483647,2147483647,2147483647,2147483647,-113,13,Swisscom,false,false
1429742125959,2147483647,2147483647,2147483647,2147483647,-113,13,Swisscom,false,false
1429742125959,2147483647,2147483647,2147483647,2147483647,-113,13,Swisscom,false,false
1429742125959,2147483647,2147483647,2147483647,2147483647,-113,13,Swisscom,false,false
1429742125959,2147483647,2147483647,2147483647,2147483647,-113,13,Swisscom,false,false
1429742125959,2147483647,2147483647,2147483647,2147483647,-113,13,Swisscom,false,false
1429742125959,2147483647,2147483647,2147483647,2147483647,-113,13,Swisscom,false,false
1429742125959,2147483647,2147483647,2147483647,2147483647,-113,13,Swisscom,false,false
1429742125959,2147483647,2147483647,2147483647,2147483647,0,13,Swisscom,false,false
1429742186052,17432577,2222,1,228,-112,13,Swisscom,true,false
1429742186052,2147483647,2147483647,2147483647,2147483647,-113,13,Swisscom,false,false
1429742186052,2147483647,2147483647,2147483647,2147483647,-113,13,Swisscom,false,false
1429742186052,2147483647,2147483647,2147483647,2147483647,-113,13,Swisscom,false,false
1429742186052,2147483647,2147483647,2147483647,2147483647,-113,13,Swisscom,false,false
1429742186052,2147483647,2147483647,2147483647,2147483647,-113,13,Swisscom,false,false
1429742186052,2147483647,2147483647,2147483647,2147483647,-113,13,Swisscom,false,false
1429742186052,2147483647,2147483647,2147483647,2147483647,-113,13,Swisscom,false,false
1429742186052,2147483647,2147483647,2147483647,2147483647,-113,13,Swisscom,false,false
1429742186052,2147483647,2147483647,2147483647,2147483647,-113,13,Swisscom,false,false
1429742186052,2147483647,2147483647,2147483647,2147483647,-113,13,Swisscom,false,false
1429742186052,2147483647,2147483647,2147483647,2147483647,-113,13,Swisscom,false,false
1429742186052,2147483647,2147483647,2147483647,2147483647,-113,13,Swisscom,false,false
1429742186052,2147483647,2147483647,2147483647,2147483647,0,13,Swisscom,false,false
1429742246150,17432577,2222,1,228,-112,13,Swisscom,true,false
1429742246150,2147483647,2147483647,2147483647,2147483647,-113,13,Swisscom,false,false
1429742246150,2147483647,2147483647,2147483647,2147483647,-113,13,Swisscom,false,false
1429742246150,2147483647,2147483647,2147483647,2147483647,-113,13,Swisscom,false,false
1429742246150,2147483647,2147483647,2147483647,2147483647,-113,13,Swisscom,false,false
1429742246150,2147483647,2147483647,2147483647,2147483647,-113,13,Swisscom,false,false
1429742246150,2147483647,2147483647,2147483647,2147483647,-113,13,Swisscom,false,false
1429742246150,2147483647,2147483647,2147483647,2147483647,-113,13,Swisscom,false,false
1429742246150,2147483647,2147483647,2147483647,2147483647,-113,13,Swisscom,false,false
1429742246150,2147483647,2147483647,2147483647,2147483647,-113,13,Swisscom,false,false
1429742246150,2147483647,2147483647,2147483647,2147483647,-113,13,Swisscom,false,false
1429742246150,2147483647,2147483647,2147483647,2147483647,-113,13,Swisscom,false,false
1429742246150,2147483647,2147483647,2147483647,2147483647,-113,13,Swisscom,false,false
1429742246150,2147483647,2147483647,2147483647,2147483647,0,13,Swisscom,false,false
1429742306247,17432577,2222,1,228,-112,13,Swisscom,true,false
1429742306247,3,2147483647,2147483647,2147483647,-120,13,Swisscom,false,false
1429742306247,2147483647,2147483647,2147483647,2147483647,-113,13,Swisscom,false,false
1429742306247,2147483647,2147483647,2147483647,2147483647,-113,13,Swisscom,false,false
1429742306247,2147483647,2147483647,2147483647,2147483647,-113,13,Swisscom,false,false
1429742306247,2147483647,2147483647,2147483647,2147483647,-113,13,Swisscom,false,false
1429742306247,2147483647,2147483647,2147483647,2147483647,-113,13,Swisscom,false,false
1429742306247,2147483647,2147483647,2147483647,2147483647,-113,13,Swisscom,false,false
1429742306247,2147483647,2147483647,2147483647,2147483647,-113,13,Swisscom,false,false
1429742306247,2147483647,2147483647,2147483647,2147483647,-113,13,Swisscom,false,false
1429742306247,2147483647,2147483647,2147483647,2147483647,-113,13,Swisscom,false,false
1429742306247,2147483647,2147483647,2147483647,2147483647,-113,13,Swisscom,false,false
1429742306247,2147483647,2147483647,2147483647,2147483647,-113,13,Swisscom,false,false
1429742306247,2147483647,2147483647,2147483647,2147483647,-113,13,Swisscom,false,false
1429742306247,2147483647,2147483647,2147483647,2147483647,0,13,Swisscom,false,false
1429742366353,17432577,2222,1,228,-112,13,Swisscom,true,false
1429742366353,2147483647,2147483647,2147483647,2147483647,-113,13,Swisscom,false,false
1429742366353,2147483647,2147483647,2147483647,2147483647,-113,13,Swisscom,false,false
1429742366353,2147483647,2147483647,2147483647,2147483647,-113,13,Swisscom,false,false
1429742366353,2147483647,2147483647,2147483647,2147483647,-113,13,Swisscom,false,false
1429742366353,2147483647,2147483647,2147483647,2147483647,-113,13,Swisscom,false,false
1429742366353,2147483647,2147483647,2147483647,2147483647,-113,13,Swisscom,false,false
1429742366353,2147483647,2147483647,2147483647,2147483647,-113,13,Swisscom,false,false
1429742366353,2147483647,2147483647,2147483647,2147483647,-113,13,Swisscom,false,false
1429742366353,2147483647,2147483647,2147483647,2147483647,-113,13,Swisscom,false,false
1429742366353,2147483647,2147483647,2147483647,2147483647,-113,13,Swisscom,false,false
1429742366353,2147483647,2147483647,2147483647,2147483647,-113,13,Swisscom,false,false
1429742366353,2147483647,2147483647,2147483647,2147483647,-113,13,Swisscom,false,false
1429742366353,2147483647,2147483647,2147483647,2147483647,0,13,Swisscom,false,false
1429742426481,17432577,2222,1,228,-112,13,Swisscom,true,false
1429742426481,2147483647,2147483647,2147483647,2147483647,-113,13,Swisscom,false,false
1429742426481,2147483647,2147483647,2147483647,2147483647,-113,13,Swisscom,false,false
1429742426481,2147483647,2147483647,2147483647,2147483647,-113,13,Swisscom,false,false
1429742426481,2147483647,2147483647,2147483647,2147483647,-113,13,Swisscom,false,false
1429742426481,2147483647,2147483647,2147483647,2147483647,-113,13,Swisscom,false,false
1429742426481,2147483647,2147483647,2147483647,2147483647,-113,13,Swisscom,false,false
1429742426481,2147483647,2147483647,2147483647,2147483647,-113,13,Swisscom,false,false
1429742426481,2147483647,2147483647,2147483647,2147483647,-113,13,Swisscom,false,false
1429742426481,2147483647,2147483647,2147483647,2147483647,-113,13,Swisscom,false,false
1429742426481,2147483647,2147483647,2147483647,2147483647,-113,13,Swisscom,false,false
1429742426481,2147483647,2147483647,2147483647,2147483647,-113,13,Swisscom,false,false
1429742426481,2147483647,2147483647,2147483647,2147483647,-113,13,Swisscom,false,false
1429742426481,2147483647,2147483647,2147483647,2147483647,0,13,Swisscom,false,false
1429742486565,17432577,2222,1,228,-112,13,Swisscom,true,false
1429742486565,2147483647,2147483647,2147483647,2147483647,-113,13,Swisscom,false,false
1429742486565,2147483647,2147483647,2147483647,2147483647,-113,13,Swisscom,false,false
1429742486565,2147483647,2147483647,2147483647,2147483647,-113,13,Swisscom,false,false
1429742486565,2147483647,2147483647,2147483647,2147483647,-113,13,Swisscom,false,false
1429742486565,2147483647,2147483647,2147483647,2147483647,-113,13,Swisscom,false,false
1429742486565,2147483647,2147483647,2147483647,2147483647,-113,13,Swisscom,false,false
1429742486565,2147483647,2147483647,2147483647,2147483647,-113,13,Swisscom,false,false
1429742486565,2147483647,2147483647,2147483647,2147483647,-113,13,Swisscom,false,false
1429742486565,2147483647,2147483647,2147483647,2147483647,-113,13,Swisscom,false,false
1429742486565,2147483647,2147483647,2147483647,2147483647,-113,13,Swisscom,false,false
1429742486565,2147483647,2147483647,2147483647,2147483647,-113,13,Swisscom,false,false
1429742486565,2147483647,2147483647,2147483647,2147483647,-113,13,Swisscom,false,false
1429742486565,2147483647,2147483647,2147483647,2147483647,0,13,Swisscom,false,false
1429742554360,17432577,2222,1,228,-112,13,Swisscom,true,false
1429742554360,2147483647,2147483647,2147483647,2147483647,-113,13,Swisscom,false,false
1429742554360,2147483647,2147483647,2147483647,2147483647,-113,13,Swisscom,false,false
1429742554360,2147483647,2147483647,2147483647,2147483647,-113,13,Swisscom,false,false
1429742554360,2147483647,2147483647,2147483647,2147483647,-113,13,Swisscom,false,false
1429742554360,2147483647,2147483647,2147483647,2147483647,-113,13,Swisscom,false,false
1429742554360,2147483647,2147483647,2147483647,2147483647,-113,13,Swisscom,false,false
1429742554360,2147483647,2147483647,2147483647,2147483647,-113,13,Swisscom,false,false
1429742554360,2147483647,2147483647,2147483647,2147483647,-113,13,Swisscom,false,false
1429742554360,2147483647,2147483647,2147483647,2147483647,-113,13,Swisscom,false,false
1429742554360,2147483647,2147483647,2147483647,2147483647,-113,13,Swisscom,false,false
1429742554360,2147483647,2147483647,2147483647,2147483647,-113,13,Swisscom,false,false
1429742554360,2147483647,2147483647,2147483647,2147483647,-113,13,Swisscom,false,false
1429742554360,2147483647,2147483647,2147483647,2147483647,0,13,Swisscom,false,false
1429742614357,17432577,2222,1,228,-112,13,Swisscom,true,false
1429742614357,2147483647,2147483647,2147483647,2147483647,-113,13,Swisscom,false,false
1429742614357,2147483647,2147483647,2147483647,2147483647,-113,13,Swisscom,false,false
1429742614357,2147483647,2147483647,2147483647,2147483647,-113,13,Swisscom,false,false
1429742614357,2147483647,2147483647,2147483647,2147483647,-113,13,Swisscom,false,false
1429742614357,2147483647,2147483647,2147483647,2147483647,-113,13,Swisscom,false,false
1429742614357,2147483647,2147483647,2147483647,2147483647,-113,13,Swisscom,false,false
1429742614357,2147483647,2147483647,2147483647,2147483647,-113,13,Swisscom,false,false
1429742614357,2147483647,2147483647,2147483647,2147483647,-113,13,Swisscom,false,false
1429742614357,2147483647,2147483647,2147483647,2147483647,-113,13,Swisscom,false,false
1429742614357,2147483647,2147483647,2147483647,2147483647,-113,13,Swisscom,false,false
1429742614357,2147483647,2147483647,2147483647,2147483647,-113,13,Swisscom,false,false
1429742614357,2147483647,2147483647,2147483647,2147483647,-113,13,Swisscom,false,false
1429742614357,2147483647,2147483647,2147483647,2147483647,0,13,Swisscom,false,false
1429742674526,17432577,2222,1,228,-112,13,Swisscom,true,false
1429742674526,2147483647,2147483647,2147483647,2147483647,-113,13,Swisscom,false,false
1429742674526,2147483647,2147483647,2147483647,2147483647,-113,13,Swisscom,false,false
1429742674526,2147483647,2147483647,2147483647,2147483647,-113,13,Swisscom,false,false
1429742674526,2147483647,2147483647,2147483647,2147483647,-113,13,Swisscom,false,false
1429742674526,2147483647,2147483647,2147483647,2147483647,-113,13,Swisscom,false,false
1429742674526,2147483647,2147483647,2147483647,2147483647,-113,13,Swisscom,false,false
1429742674526,2147483647,2147483647,2147483647,2147483647,-113,13,Swisscom,false,false
1429742674526,2147483647,2147483647,2147483647,2147483647,-113,13,Swisscom,false,false
1429742674526,2147483647,2147483647,2147483647,2147483647,-113,13,Swisscom,false,false
1429742674526,2147483647,2147483647,2147483647,2147483647,-113,13,Swisscom,false,false
1429742674526,2147483647,2147483647,2147483647,2147483647,-113,13,Swisscom,false,false
1429742674526,2147483647,2147483647,2147483647,2147483647,-113,13,Swisscom,false,false
1429742674526,2147483647,2147483647,2147483647,2147483647,0,13,Swisscom,false,false
1429742734606,17432577,2222,1,228,-112,13,Swisscom,true,false
1429742734606,2147483647,2147483647,2147483647,2147483647,-113,13,Swisscom,false,false
1429742734606,2147483647,2147483647,2147483647,2147483647,-113,13,Swisscom,false,false
1429742734606,2147483647,2147483647,2147483647,2147483647,-113,13,Swisscom,false,false
1429742734606,2147483647,2147483647,2147483647,2147483647,-113,13,Swisscom,false,false
1429742734606,2147483647,2147483647,2147483647,2147483647,-113,13,Swisscom,false,false
1429742734606,2147483647,2147483647,2147483647,2147483647,-113,13,Swisscom,false,false
1429742734606,2147483647,2147483647,2147483647,2147483647,-113,13,Swisscom,false,false
1429742734606,2147483647,2147483647,2147483647,2147483647,-113,13,Swisscom,false,false
1429742734606,2147483647,2147483647,2147483647,2147483647,-113,13,Swisscom,false,false
1429742734606,2147483647,2147483647,2147483647,2147483647,-113,13,Swisscom,false,false
1429742734606,2147483647,2147483647,2147483647,2147483647,-113,13,Swisscom,false,false
1429742734606,2147483647,2147483647,2147483647,2147483647,-113,13,Swisscom,false,false
1429742734606,2147483647,2147483647,2147483647,2147483647,0,13,Swisscom,false,false
1429742814478,17432577,2222,1,228,-112,13,Swisscom,true,false
1429742814478,2147483647,2147483647,2147483647,2147483647,-113,13,Swisscom,false,false
1429742814478,2147483647,2147483647,2147483647,2147483647,-113,13,Swisscom,false,false
1429742814478,2147483647,2147483647,2147483647,2147483647,-113,13,Swisscom,false,false
1429742814478,2147483647,2147483647,2147483647,2147483647,-113,13,Swisscom,false,false
1429742814478,2147483647,2147483647,2147483647,2147483647,-113,13,Swisscom,false,false
1429742814478,2147483647,2147483647,2147483647,2147483647,-113,13,Swisscom,false,false
1429742814478,2147483647,2147483647,2147483647,2147483647,-113,13,Swisscom,false,false
1429742814478,2147483647,2147483647,2147483647,2147483647,-113,13,Swisscom,false,false
1429742814478,2147483647,2147483647,2147483647,2147483647,-113,13,Swisscom,false,false
1429742814478,2147483647,2147483647,2147483647,2147483647,-113,13,Swisscom,false,false
1429742814478,2147483647,2147483647,2147483647,2147483647,-113,13,Swisscom,false,false
1429742814478,2147483647,2147483647,2147483647,2147483647,-113,13,Swisscom,false,false
1429742814478,2147483647,2147483647,2147483647,2147483647,0,13,Swisscom,false,false
1429742874555,17432577,2222,1,228,-113,13,Swisscom,true,false
1429742874555,2147483647,2147483647,2147483647,2147483647,-113,13,Swisscom,false,false
1429742874555,2147483647,2147483647,2147483647,2147483647,-113,13,Swisscom,false,false
1429742874555,2147483647,2147483647,2147483647,2147483647,-113,13,Swisscom,false,false
1429742874555,2147483647,2147483647,2147483647,2147483647,-113,13,Swisscom,false,false
1429742874555,2147483647,2147483647,2147483647,2147483647,-113,13,Swisscom,false,false
1429742874555,2147483647,2147483647,2147483647,2147483647,-113,13,Swisscom,false,false
1429742874555,2147483647,2147483647,2147483647,2147483647,-113,13,Swisscom,false,false
1429742874555,2147483647,2147483647,2147483647,2147483647,-113,13,Swisscom,false,false
1429742874555,2147483647,2147483647,2147483647,2147483647,-113,13,Swisscom,false,false
1429742874555,2147483647,2147483647,2147483647,2147483647,-113,13,Swisscom,false,false
1429742874555,2147483647,2147483647,2147483647,2147483647,-113,13,Swisscom,false,false
1429742874555,2147483647,2147483647,2147483647,2147483647,-113,13,Swisscom,false,false
1429742874555,2147483647,2147483647,2147483647,2147483647,0,13,Swisscom,false,false
1429742934629,17432577,2222,1,228,-113,13,Swisscom,true,false
1429742934629,3,2147483647,2147483647,2147483647,-121,13,Swisscom,false,false
1429742934629,2147483647,2147483647,2147483647,2147483647,-113,13,Swisscom,false,false
1429742934629,2147483647,2147483647,2147483647,2147483647,-113,13,Swisscom,false,false
1429742934629,2147483647,2147483647,2147483647,2147483647,-113,13,Swisscom,false,false
1429742934629,2147483647,2147483647,2147483647,2147483647,-113,13,Swisscom,false,false
1429742934629,2147483647,2147483647,2147483647,2147483647,-113,13,Swisscom,false,false
1429742934629,2147483647,2147483647,2147483647,2147483647,-113,13,Swisscom,false,false
1429742934629,2147483647,2147483647,2147483647,2147483647,-113,13,Swisscom,false,false
1429742934629,2147483647,2147483647,2147483647,2147483647,-113,13,Swisscom,false,false
1429742934629,2147483647,2147483647,2147483647,2147483647,-113,13,Swisscom,false,false
1429742934629,2147483647,2147483647,2147483647,2147483647,-113,13,Swisscom,false,false
1429742934629,2147483647,2147483647,2147483647,2147483647,-113,13,Swisscom,false,false
1429742934629,2147483647,2147483647,2147483647,2147483647,-113,13,Swisscom,false,false
1429742934629,2147483647,2147483647,2147483647,2147483647,0,13,Swisscom,false,false
1429743008221,17432577,2222,1,228,-113,13,Swisscom,true,false
1429743008221,3,2147483647,2147483647,2147483647,-121,13,Swisscom,false,false
1429743008221,2147483647,2147483647,2147483647,2147483647,-113,13,Swisscom,false,false
1429743008221,2147483647,2147483647,2147483647,2147483647,-113,13,Swisscom,false,false
1429743008221,2147483647,2147483647,2147483647,2147483647,-113,13,Swisscom,false,false
1429743008221,2147483647,2147483647,2147483647,2147483647,-113,13,Swisscom,false,false
1429743008221,2147483647,2147483647,2147483647,2147483647,-113,13,Swisscom,false,false
1429743008221,2147483647,2147483647,2147483647,2147483647,-113,13,Swisscom,false,false
1429743008221,2147483647,2147483647,2147483647,2147483647,-113,13,Swisscom,false,false
1429743008221,2147483647,2147483647,2147483647,2147483647,-113,13,Swisscom,false,false
1429743008221,2147483647,2147483647,2147483647,2147483647,-113,13,Swisscom,false,false
1429743008221,2147483647,2147483647,2147483647,2147483647,-113,13,Swisscom,false,false
1429743008221,2147483647,2147483647,2147483647,2147483647,-113,13,Swisscom,false,false
1429743008221,2147483647,2147483647,2147483647,2147483647,-113,13,Swisscom,false,false
1429743008221,2147483647,2147483647,2147483647,2147483647,0,13,Swisscom,false,false
1429743052629,17432577,2222,1,228,-113,13,Swisscom,true,false
1429743052629,3,2147483647,2147483647,2147483647,-117,13,Swisscom,false,false
1429743052629,4,2147483647,2147483647,2147483647,-118,13,Swisscom,false,false
1429743052629,2147483647,2147483647,2147483647,2147483647,-113,13,Swisscom,false,false
1429743052629,2147483647,2147483647,2147483647,2147483647,-113,13,Swisscom,false,false
1429743052629,2147483647,2147483647,2147483647,2147483647,-113,13,Swisscom,false,false
1429743052629,2147483647,2147483647,2147483647,2147483647,-113,13,Swisscom,false,false
1429743052629,2147483647,2147483647,2147483647,2147483647,-113,13,Swisscom,false,false
1429743052629,2147483647,2147483647,2147483647,2147483647,-113,13,Swisscom,false,false
1429743052629,2147483647,2147483647,2147483647,2147483647,-113,13,Swisscom,false,false
1429743052629,2147483647,2147483647,2147483647,2147483647,-113,13,Swisscom,false,false
1429743052629,2147483647,2147483647,2147483647,2147483647,-113,13,Swisscom,false,false
1429743052629,2147483647,2147483647,2147483647,2147483647,-113,13,Swisscom,false,false
1429743052629,2147483647,2147483647,2147483647,2147483647,-113,13,Swisscom,false,false
1429743052629,2147483647,2147483647,2147483647,2147483647,-113,13,Swisscom,false,false
1429743052629,2147483647,2147483647,2147483647,2147483647,0,13,Swisscom,false,false
1429743052629,2147483647,2147483647,2147483647,2147483647,0,13,Swisscom,false,false
1429743052629,2147483647,2147483647,2147483647,2147483647,0,13,Swisscom,false,false
1429743146246,17432577,2222,1,228,-109,13,Swisscom,true,false
1429743146246,4,2147483647,2147483647,2147483647,-117,13,Swisscom,false,false
1429743146246,3,2147483647,2147483647,2147483647,-118,13,Swisscom,false,false
1429743146246,2147483647,2147483647,2147483647,2147483647,-113,13,Swisscom,false,false
1429743146246,2147483647,2147483647,2147483647,2147483647,-113,13,Swisscom,false,false
1429743146246,2147483647,2147483647,2147483647,2147483647,-113,13,Swisscom,false,false
1429743146246,2147483647,2147483647,2147483647,2147483647,-113,13,Swisscom,false,false
1429743146246,2147483647,2147483647,2147483647,2147483647,-113,13,Swisscom,false,false
1429743146246,2147483647,2147483647,2147483647,2147483647,-113,13,Swisscom,false,false
1429743146246,2147483647,2147483647,2147483647,2147483647,-113,13,Swisscom,false,false
1429743146246,2147483647,2147483647,2147483647,2147483647,-113,13,Swisscom,false,false
1429743146246,2147483647,2147483647,2147483647,2147483647,-113,13,Swisscom,false,false
1429743146246,2147483647,2147483647,2147483647,2147483647,-113,13,Swisscom,false,false
1429743146246,2147483647,2147483647,2147483647,2147483647,-113,13,Swisscom,false,false
1429743146246,2147483647,2147483647,2147483647,2147483647,-113,13,Swisscom,false,false
1429743146246,2147483647,2147483647,2147483647,2147483647,0,13,Swisscom,false,false
1429743146246,2147483647,2147483647,2147483647,2147483647,0,13,Swisscom,false,false
1429743146246,2147483647,2147483647,2147483647,2147483647,0,13,Swisscom,false,false
1429743215166,17432577,2222,1,228,-109,13,Swisscom,true,false
1429743215166,2147483647,2147483647,2147483647,2147483647,-113,13,Swisscom,false,false
1429743215166,2147483647,2147483647,2147483647,2147483647,-113,13,Swisscom,false,false
1429743215166,2147483647,2147483647,2147483647,2147483647,-113,13,Swisscom,false,false
1429743215166,2147483647,2147483647,2147483647,2147483647,-113,13,Swisscom,false,false
1429743215166,2147483647,2147483647,2147483647,2147483647,-113,13,Swisscom,false,false
1429743215166,2147483647,2147483647,2147483647,2147483647,-113,13,Swisscom,false,false
1429743215166,2147483647,2147483647,2147483647,2147483647,-113,13,Swisscom,false,false
1429743215166,2147483647,2147483647,2147483647,2147483647,-113,13,Swisscom,false,false
1429743215166,2147483647,2147483647,2147483647,2147483647,-113,13,Swisscom,false,false
1429743215166,2147483647,2147483647,2147483647,2147483647,-113,13,Swisscom,false,false
1429743215166,2147483647,2147483647,2147483647,2147483647,-113,13,Swisscom,false,false
1429743215166,2147483647,2147483647,2147483647,2147483647,-113,13,Swisscom,false,false
1429743215166,2147483647,2147483647,2147483647,2147483647,0,13,Swisscom,false,false
1429743215166,2147483647,2147483647,2147483647,2147483647,0,13,Swisscom,false,false
1429743215166,2147483647,2147483647,2147483647,2147483647,0,13,Swisscom,false,false
1429743276106,17432577,2222,1,228,-109,13,Swisscom,true,false
1429743276106,4,2147483647,2147483647,2147483647,-117,13,Swisscom,false,false
1429743276106,3,2147483647,2147483647,2147483647,-119,13,Swisscom,false,false
1429743276106,2147483647,2147483647,2147483647,2147483647,-113,13,Swisscom,false,false
1429743276106,2147483647,2147483647,2147483647,2147483647,-113,13,Swisscom,false,false
1429743276106,2147483647,2147483647,2147483647,2147483647,-113,13,Swisscom,false,false
1429743276106,2147483647,2147483647,2147483647,2147483647,-113,13,Swisscom,false,false
1429743276106,2147483647,2147483647,2147483647,2147483647,-113,13,Swisscom,false,false
1429743276106,2147483647,2147483647,2147483647,2147483647,-113,13,Swisscom,false,false
1429743276106,2147483647,2147483647,2147483647,2147483647,-113,13,Swisscom,false,false
1429743276106,2147483647,2147483647,2147483647,2147483647,-113,13,Swisscom,false,false
1429743276106,2147483647,2147483647,2147483647,2147483647,-113,13,Swisscom,false,false
1429743276106,2147483647,2147483647,2147483647,2147483647,-113,13,Swisscom,false,false
1429743276106,2147483647,2147483647,2147483647,2147483647,-113,13,Swisscom,false,false
1429743276106,2147483647,2147483647,2147483647,2147483647,-113,13,Swisscom,false,false
1429743276106,2147483647,2147483647,2147483647,2147483647,0,13,Swisscom,false,false
1429743276106,2147483647,2147483647,2147483647,2147483647,0,13,Swisscom,false,false
1429743276106,2147483647,2147483647,2147483647,2147483647,0,13,Swisscom,false,false
1429743355186,17432577,2222,1,228,-110,13,Swisscom,true,false
1429743355186,2147483647,2147483647,2147483647,2147483647,-113,13,Swisscom,false,false
1429743355186,2147483647,2147483647,2147483647,2147483647,-113,13,Swisscom,false,false
1429743355186,2147483647,2147483647,2147483647,2147483647,-113,13,Swisscom,false,false
1429743355186,2147483647,2147483647,2147483647,2147483647,-113,13,Swisscom,false,false
1429743355186,2147483647,2147483647,2147483647,2147483647,-113,13,Swisscom,false,false
1429743355186,2147483647,2147483647,2147483647,2147483647,-113,13,Swisscom,false,false
1429743355186,2147483647,2147483647,2147483647,2147483647,-113,13,Swisscom,false,false
1429743355186,2147483647,2147483647,2147483647,2147483647,-113,13,Swisscom,false,false
1429743355186,2147483647,2147483647,2147483647,2147483647,-113,13,Swisscom,false,false
1429743355186,2147483647,2147483647,2147483647,2147483647,-113,13,Swisscom,false,false
1429743355186,2147483647,2147483647,2147483647,2147483647,-113,13,Swisscom,false,false
1429743355186,2147483647,2147483647,2147483647,2147483647,-113,13,Swisscom,false,false
1429743355186,2147483647,2147483647,2147483647,2147483647,0,13,Swisscom,false,false
1429743355186,2147483647,2147483647,2147483647,2147483647,0,13,Swisscom,false,false
1429743417252,17432577,2222,1,228,-109,13,Swisscom,true,false
1429743417252,2147483647,2147483647,2147483647,2147483647,-113,13,Swisscom,false,false
1429743417252,2147483647,2147483647,2147483647,2147483647,-113,13,Swisscom,false,false
1429743417252,2147483647,2147483647,2147483647,2147483647,-113,13,Swisscom,false,false
1429743417252,2147483647,2147483647,2147483647,2147483647,-113,13,Swisscom,false,false
1429743417252,2147483647,2147483647,2147483647,2147483647,-113,13,Swisscom,false,false
1429743417252,2147483647,2147483647,2147483647,2147483647,-113,13,Swisscom,false,false
1429743417252,2147483647,2147483647,2147483647,2147483647,-113,13,Swisscom,false,false
1429743417252,2147483647,2147483647,2147483647,2147483647,-113,13,Swisscom,false,false
1429743417252,2147483647,2147483647,2147483647,2147483647,-113,13,Swisscom,false,false
1429743417252,2147483647,2147483647,2147483647,2147483647,-113,13,Swisscom,false,false
1429743417252,2147483647,2147483647,2147483647,2147483647,-113,13,Swisscom,false,false
1429743417252,2147483647,2147483647,2147483647,2147483647,-113,13,Swisscom,false,false
1429743417252,2147483647,2147483647,2147483647,2147483647,0,13,Swisscom,false,false
1429743417252,2147483647,2147483647,2147483647,2147483647,0,13,Swisscom,false,false
1429743477266,17432577,2222,1,228,-109,13,Swisscom,true,false
1429743477266,4,2147483647,2147483647,2147483647,-116,13,Swisscom,false,false
1429743477266,2147483647,2147483647,2147483647,2147483647,-113,13,Swisscom,false,false
1429743477266,2147483647,2147483647,2147483647,2147483647,-113,13,Swisscom,false,false
1429743477266,2147483647,2147483647,2147483647,2147483647,-113,13,Swisscom,false,false
1429743477266,2147483647,2147483647,2147483647,2147483647,-113,13,Swisscom,false,false
1429743477266,2147483647,2147483647,2147483647,2147483647,-113,13,Swisscom,false,false
1429743477266,2147483647,2147483647,2147483647,2147483647,-113,13,Swisscom,false,false
1429743477266,2147483647,2147483647,2147483647,2147483647,-113,13,Swisscom,false,false
1429743477266,2147483647,2147483647,2147483647,2147483647,-113,13,Swisscom,false,false
1429743477266,2147483647,2147483647,2147483647,2147483647,-113,13,Swisscom,false,false
1429743477266,2147483647,2147483647,2147483647,2147483647,-113,13,Swisscom,false,false
1429743477266,2147483647,2147483647,2147483647,2147483647,-113,13,Swisscom,false,false
1429743477266,2147483647,2147483647,2147483647,2147483647,-113,13,Swisscom,false,false
1429743477266,2147483647,2147483647,2147483647,2147483647,0,13,Swisscom,false,false
1429743477266,2147483647,2147483647,2147483647,2147483647,0,13,Swisscom,false,false
1429743537408,17432577,2222,1,228,-109,13,Swisscom,true,false
1429743537408,2147483647,2147483647,2147483647,2147483647,-113,13,Swisscom,false,false
1429743537408,2147483647,2147483647,2147483647,2147483647,-113,13,Swisscom,false,false
1429743537408,2147483647,2147483647,2147483647,2147483647,-113,13,Swisscom,false,false
1429743537408,2147483647,2147483647,2147483647,2147483647,-113,13,Swisscom,false,false
1429743537408,2147483647,2147483647,2147483647,2147483647,-113,13,Swisscom,false,false
1429743537408,2147483647,2147483647,2147483647,2147483647,-113,13,Swisscom,false,false
1429743537408,2147483647,2147483647,2147483647,2147483647,-113,13,Swisscom,false,false
1429743537408,2147483647,2147483647,2147483647,2147483647,-113,13,Swisscom,false,false
1429743537408,2147483647,2147483647,2147483647,2147483647,-113,13,Swisscom,false,false
1429743537408,2147483647,2147483647,2147483647,2147483647,-113,13,Swisscom,false,false
1429743537408,2147483647,2147483647,2147483647,2147483647,-113,13,Swisscom,false,false
1429743537408,2147483647,2147483647,2147483647,2147483647,-113,13,Swisscom,false,false
1429743537408,2147483647,2147483647,2147483647,2147483647,0,13,Swisscom,false,false
1429743537408,2147483647,2147483647,2147483647,2147483647,0,13,Swisscom,false,false
1429743537408,2147483647,2147483647,2147483647,2147483647,0,13,Swisscom,false,false
1429743605309,17432577,2222,1,228,-109,13,Swisscom,true,false
1429743605309,2147483647,2147483647,2147483647,2147483647,-113,13,Swisscom,false,false
1429743605309,2147483647,2147483647,2147483647,2147483647,-113,13,Swisscom,false,false
1429743605309,2147483647,2147483647,2147483647,2147483647,-113,13,Swisscom,false,false
1429743605309,2147483647,2147483647,2147483647,2147483647,-113,13,Swisscom,false,false
1429743605309,2147483647,2147483647,2147483647,2147483647,-113,13,Swisscom,false,false
1429743605309,2147483647,2147483647,2147483647,2147483647,-113,13,Swisscom,false,false
1429743605309,2147483647,2147483647,2147483647,2147483647,-113,13,Swisscom,false,false
1429743605309,2147483647,2147483647,2147483647,2147483647,-113,13,Swisscom,false,false
1429743605309,2147483647,2147483647,2147483647,2147483647,-113,13,Swisscom,false,false
1429743605309,2147483647,2147483647,2147483647,2147483647,-113,13,Swisscom,false,false
1429743605309,2147483647,2147483647,2147483647,2147483647,-113,13,Swisscom,false,false
1429743605309,2147483647,2147483647,2147483647,2147483647,-113,13,Swisscom,false,false
1429743605309,2147483647,2147483647,2147483647,2147483647,0,13,Swisscom,false,false
1429743605309,2147483647,2147483647,2147483647,2147483647,0,13,Swisscom,false,false
1429743605309,2147483647,2147483647,2147483647,2147483647,0,13,Swisscom,false,false
1429743676162,17432577,2222,1,228,-109,13,Swisscom,true,false
1429743676162,4,2147483647,2147483647,2147483647,-117,13,Swisscom,false,false
1429743676162,3,2147483647,2147483647,2147483647,-119,13,Swisscom,false,false
1429743676162,2147483647,2147483647,2147483647,2147483647,-113,13,Swisscom,false,false
1429743676162,2147483647,2147483647,2147483647,2147483647,-113,13,Swisscom,false,false
1429743676162,2147483647,2147483647,2147483647,2147483647,-113,13,Swisscom,false,false
1429743676162,2147483647,2147483647,2147483647,2147483647,-113,13,Swisscom,false,false
1429743676162,2147483647,2147483647,2147483647,2147483647,-113,13,Swisscom,false,false
1429743676162,2147483647,2147483647,2147483647,2147483647,-113,13,Swisscom,false,false
1429743676162,2147483647,2147483647,2147483647,2147483647,-113,13,Swisscom,false,false
1429743676162,2147483647,2147483647,2147483647,2147483647,-113,13,Swisscom,false,false
1429743676162,2147483647,2147483647,2147483647,2147483647,-113,13,Swisscom,false,false
1429743676162,2147483647,2147483647,2147483647,2147483647,-113,13,Swisscom,false,false
1429743676162,2147483647,2147483647,2147483647,2147483647,-113,13,Swisscom,false,false
1429743676162,2147483647,2147483647,2147483647,2147483647,-113,13,Swisscom,false,false
1429743676162,2147483647,2147483647,2147483647,2147483647,0,13,Swisscom,false,false
1429743676162,2147483647,2147483647,2147483647,2147483647,0,13,Swisscom,false,false
1429743676162,2147483647,2147483647,2147483647,2147483647,0,13,Swisscom,false,false
1429743754484,17432577,2222,1,228,-109,13,Swisscom,true,false
1429743754484,2147483647,2147483647,2147483647,2147483647,-113,13,Swisscom,false,false
1429743754484,2147483647,2147483647,2147483647,2147483647,-113,13,Swisscom,false,false
1429743754484,2147483647,2147483647,2147483647,2147483647,-113,13,Swisscom,false,false
1429743754484,2147483647,2147483647,2147483647,2147483647,-113,13,Swisscom,false,false
1429743754484,2147483647,2147483647,2147483647,2147483647,-113,13,Swisscom,false,false
1429743754484,2147483647,2147483647,2147483647,2147483647,-113,13,Swisscom,false,false
1429743754484,2147483647,2147483647,2147483647,2147483647,-113,13,Swisscom,false,false
1429743754484,2147483647,2147483647,2147483647,2147483647,-113,13,Swisscom,false,false
1429743754484,2147483647,2147483647,2147483647,2147483647,-113,13,Swisscom,false,false
1429743754484,2147483647,2147483647,2147483647,2147483647,-113,13,Swisscom,false,false
1429743754484,2147483647,2147483647,2147483647,2147483647,-113,13,Swisscom,false,false
1429743754484,2147483647,2147483647,2147483647,2147483647,-113,13,Swisscom,false,false
1429743754484,2147483647,2147483647,2147483647,2147483647,0,13,Swisscom,false,false
1429743754484,2147483647,2147483647,2147483647,2147483647,0,13,Swisscom,false,false
1429743754484,2147483647,2147483647,2147483647,2147483647,0,13,Swisscom,false,false
1429743814593,17432577,2222,1,228,-109,13,Swisscom,true,false
1429743814593,2147483647,2147483647,2147483647,2147483647,-113,13,Swisscom,false,false
1429743814593,2147483647,2147483647,2147483647,2147483647,-113,13,Swisscom,false,false
1429743814593,2147483647,2147483647,2147483647,2147483647,-113,13,Swisscom,false,false
1429743814593,2147483647,2147483647,2147483647,2147483647,-113,13,Swisscom,false,false
1429743814593,2147483647,2147483647,2147483647,2147483647,-113,13,Swisscom,false,false
1429743814593,2147483647,2147483647,2147483647,2147483647,-113,13,Swisscom,false,false
1429743814593,2147483647,2147483647,2147483647,2147483647,-113,13,Swisscom,false,false
1429743814593,2147483647,2147483647,2147483647,2147483647,-113,13,Swisscom,false,false
1429743814593,2147483647,2147483647,2147483647,2147483647,-113,13,Swisscom,false,false
1429743814593,2147483647,2147483647,2147483647,2147483647,-113,13,Swisscom,false,false
1429743814593,2147483647,2147483647,2147483647,2147483647,-113,13,Swisscom,false,false
1429743814593,2147483647,2147483647,2147483647,2147483647,-113,13,Swisscom,false,false
1429743814593,2147483647,2147483647,2147483647,2147483647,0,13,Swisscom,false,false
1429743814593,2147483647,2147483647,2147483647,2147483647,0,13,Swisscom,false,false
1429743814593,2147483647,2147483647,2147483647,2147483647,0,13,Swisscom,false,false
1429743875223,17432577,2222,1,228,-109,13,Swisscom,true,false
1429743875223,4,2147483647,2147483647,2147483647,-118,13,Swisscom,false,false
1429743875223,3,2147483647,2147483647,2147483647,-118,13,Swisscom,false,false
1429743875223,2147483647,2147483647,2147483647,2147483647,-113,13,Swisscom,false,false
1429743875223,2147483647,2147483647,2147483647,2147483647,-113,13,Swisscom,false,false
1429743875223,2147483647,2147483647,2147483647,2147483647,-113,13,Swisscom,false,false
1429743875223,2147483647,2147483647,2147483647,2147483647,-113,13,Swisscom,false,false
1429743875223,2147483647,2147483647,2147483647,2147483647,-113,13,Swisscom,false,false
1429743875223,2147483647,2147483647,2147483647,2147483647,-113,13,Swisscom,false,false
1429743875223,2147483647,2147483647,2147483647,2147483647,-113,13,Swisscom,false,false
1429743875223,2147483647,2147483647,2147483647,2147483647,-113,13,Swisscom,false,false
1429743875223,2147483647,2147483647,2147483647,2147483647,-113,13,Swisscom,false,false
1429743875223,2147483647,2147483647,2147483647,2147483647,-113,13,Swisscom,false,false
1429743875223,2147483647,2147483647,2147483647,2147483647,-113,13,Swisscom,false,false
1429743875223,2147483647,2147483647,2147483647,2147483647,-113,13,Swisscom,false,false
1429743875223,2147483647,2147483647,2147483647,2147483647,0,13,Swisscom,false,false
1429743875223,2147483647,2147483647,2147483647,2147483647,0,13,Swisscom,false,false
1429743875223,2147483647,2147483647,2147483647,2147483647,0,13,Swisscom,false,false
1429743954547,17432577,2222,1,228,-110,13,Swisscom,true,false
1429743954547,2147483647,2147483647,2147483647,2147483647,-113,13,Swisscom,false,false
1429743954547,2147483647,2147483647,2147483647,2147483647,-113,13,Swisscom,false,false
1429743954547,2147483647,2147483647,2147483647,2147483647,-113,13,Swisscom,false,false
1429743954547,2147483647,2147483647,2147483647,2147483647,-113,13,Swisscom,false,false
1429743954547,2147483647,2147483647,2147483647,2147483647,-113,13,Swisscom,false,false
1429743954547,2147483647,2147483647,2147483647,2147483647,-113,13,Swisscom,false,false
1429743954547,2147483647,2147483647,2147483647,2147483647,-113,13,Swisscom,false,false
1429743954547,2147483647,2147483647,2147483647,2147483647,-113,13,Swisscom,false,false
1429743954547,2147483647,2147483647,2147483647,2147483647,-113,13,Swisscom,false,false
1429743954547,2147483647,2147483647,2147483647,2147483647,-113,13,Swisscom,false,false
1429743954547,2147483647,2147483647,2147483647,2147483647,-113,13,Swisscom,false,false
1429743954547,2147483647,2147483647,2147483647,2147483647,-113,13,Swisscom,false,false
1429743954547,2147483647,2147483647,2147483647,2147483647,0,13,Swisscom,false,false
1429743954547,2147483647,2147483647,2147483647,2147483647,0,13,Swisscom,false,false
1429743954547,2147483647,2147483647,2147483647,2147483647,0,13,Swisscom,false,false
1429744058153,17432577,2222,1,228,-109,13,Swisscom,true,false
1429744058153,2147483647,2147483647,2147483647,2147483647,-113,13,Swisscom,false,false
1429744058153,2147483647,2147483647,2147483647,2147483647,-113,13,Swisscom,false,false
1429744058153,2147483647,2147483647,2147483647,2147483647,-113,13,Swisscom,false,false
1429744058153,2147483647,2147483647,2147483647,2147483647,-113,13,Swisscom,false,false
1429744058153,2147483647,2147483647,2147483647,2147483647,-113,13,Swisscom,false,false
1429744058153,2147483647,2147483647,2147483647,2147483647,-113,13,Swisscom,false,false
1429744058153,2147483647,2147483647,2147483647,2147483647,-113,13,Swisscom,false,false
1429744058153,2147483647,2147483647,2147483647,2147483647,-113,13,Swisscom,false,false
1429744058153,2147483647,2147483647,2147483647,2147483647,-113,13,Swisscom,false,false
1429744058153,2147483647,2147483647,2147483647,2147483647,-113,13,Swisscom,false,false
1429744058153,2147483647,2147483647,2147483647,2147483647,-113,13,Swisscom,false,false
1429744058153,2147483647,2147483647,2147483647,2147483647,-113,13,Swisscom,false,false
1429744058153,2147483647,2147483647,2147483647,2147483647,0,13,Swisscom,false,false
1429744058153,2147483647,2147483647,2147483647,2147483647,0,13,Swisscom,false,false
1429744058153,2147483647,2147483647,2147483647,2147483647,0,13,Swisscom,false,false
1429744134483,17432577,2222,1,228,-110,13,Swisscom,true,false
1429744134483,2147483647,2147483647,2147483647,2147483647,-113,13,Swisscom,false,false
1429744134483,2147483647,2147483647,2147483647,2147483647,-113,13,Swisscom,false,false
1429744134483,2147483647,2147483647,2147483647,2147483647,-113,13,Swisscom,false,false
1429744134483,2147483647,2147483647,2147483647,2147483647,-113,13,Swisscom,false,false
1429744134483,2147483647,2147483647,2147483647,2147483647,-113,13,Swisscom,false,false
1429744134483,2147483647,2147483647,2147483647,2147483647,-113,13,Swisscom,false,false
1429744134483,2147483647,2147483647,2147483647,2147483647,-113,13,Swisscom,false,false
1429744134483,2147483647,2147483647,2147483647,2147483647,-113,13,Swisscom,false,false
1429744134483,2147483647,2147483647,2147483647,2147483647,-113,13,Swisscom,false,false
1429744134483,2147483647,2147483647,2147483647,2147483647,-113,13,Swisscom,false,false
1429744134483,2147483647,2147483647,2147483647,2147483647,-113,13,Swisscom,false,false
1429744134483,2147483647,2147483647,2147483647,2147483647,-113,13,Swisscom,false,false
1429744134483,2147483647,2147483647,2147483647,2147483647,0,13,Swisscom,false,false
1429744134483,2147483647,2147483647,2147483647,2147483647,0,13,Swisscom,false,false
1429744134483,2147483647,2147483647,2147483647,2147483647,0,13,Swisscom,false,false
1429744195318,17432577,2222,1,228,-110,13,Swisscom,true,false
1429744195318,2147483647,2147483647,2147483647,2147483647,-113,13,Swisscom,false,false
1429744195318,2147483647,2147483647,2147483647,2147483647,-113,13,Swisscom,false,false
1429744195318,2147483647,2147483647,2147483647,2147483647,-113,13,Swisscom,false,false
1429744195318,2147483647,2147483647,2147483647,2147483647,-113,13,Swisscom,false,false
1429744195318,2147483647,2147483647,2147483647,2147483647,-113,13,Swisscom,false,false
1429744195318,2147483647,2147483647,2147483647,2147483647,-113,13,Swisscom,false,false
1429744195318,2147483647,2147483647,2147483647,2147483647,-113,13,Swisscom,false,false
1429744195318,2147483647,2147483647,2147483647,2147483647,-113,13,Swisscom,false,false
1429744195318,2147483647,2147483647,2147483647,2147483647,-113,13,Swisscom,false,false
1429744195318,2147483647,2147483647,2147483647,2147483647,-113,13,Swisscom,false,false
1429744195318,2147483647,2147483647,2147483647,2147483647,-113,13,Swisscom,false,false
1429744195318,2147483647,2147483647,2147483647,2147483647,-113,13,Swisscom,false,false
1429744195318,2147483647,2147483647,2147483647,2147483647,0,13,Swisscom,false,false
1429744195318,2147483647,2147483647,2147483647,2147483647,0,13,Swisscom,false,false
1429744195318,2147483647,2147483647,2147483647,2147483647,0,13,Swisscom,false,false
1429744298389,17432577,2222,1,228,-109,13,Swisscom,true,false
1429744298389,17432577,2222,1,228,-109,13,Swisscom,true,false
1429744298389,2147483647,2147483647,2147483647,2147483647,-113,13,Swisscom,false,false
1429744298389,2147483647,2147483647,2147483647,2147483647,-113,13,Swisscom,false,false
1429744298389,2147483647,2147483647,2147483647,2147483647,-113,13,Swisscom,false,false
1429744298389,2147483647,2147483647,2147483647,2147483647,-113,13,Swisscom,false,false
1429744298389,2147483647,2147483647,2147483647,2147483647,-113,13,Swisscom,false,false
1429744298389,2147483647,2147483647,2147483647,2147483647,-113,13,Swisscom,false,false
1429744298389,2147483647,2147483647,2147483647,2147483647,-113,13,Swisscom,false,false
1429744298389,2147483647,2147483647,2147483647,2147483647,-113,13,Swisscom,false,false
1429744298389,2147483647,2147483647,2147483647,2147483647,-113,13,Swisscom,false,false
1429744298389,2147483647,2147483647,2147483647,2147483647,-113,13,Swisscom,false,false
1429744298389,2147483647,2147483647,2147483647,2147483647,-113,13,Swisscom,false,false
1429744298389,2147483647,2147483647,2147483647,2147483647,-113,13,Swisscom,false,false
1429744298389,2147483647,2147483647,2147483647,2147483647,0,13,Swisscom,false,false
1429744298389,2147483647,2147483647,2147483647,2147483647,0,13,Swisscom,false,false
1429744298389,2147483647,2147483647,2147483647,2147483647,0,13,Swisscom,false,false
1429744374492,17432577,2222,1,228,-109,13,Swisscom,true,false
1429744374492,3,2147483647,2147483647,2147483647,-120,13,Swisscom,false,false
1429744374492,2147483647,2147483647,2147483647,2147483647,-113,13,Swisscom,false,false
1429744374492,2147483647,2147483647,2147483647,2147483647,-113,13,Swisscom,false,false
1429744374492,2147483647,2147483647,2147483647,2147483647,-113,13,Swisscom,false,false
1429744374492,2147483647,2147483647,2147483647,2147483647,-113,13,Swisscom,false,false
1429744374492,2147483647,2147483647,2147483647,2147483647,-113,13,Swisscom,false,false
1429744374492,2147483647,2147483647,2147483647,2147483647,-113,13,Swisscom,false,false
1429744374492,2147483647,2147483647,2147483647,2147483647,-113,13,Swisscom,false,false
1429744374492,2147483647,2147483647,2147483647,2147483647,-113,13,Swisscom,false,false
1429744374492,2147483647,2147483647,2147483647,2147483647,-113,13,Swisscom,false,false
1429744374492,2147483647,2147483647,2147483647,2147483647,-113,13,Swisscom,false,false
1429744374492,2147483647,2147483647,2147483647,2147483647,-113,13,Swisscom,false,false
1429744374492,2147483647,2147483647,2147483647,2147483647,-113,13,Swisscom,false,false
1429744374492,2147483647,2147483647,2147483647,2147483647,0,13,Swisscom,false,false
1429744374492,2147483647,2147483647,2147483647,2147483647,0,13,Swisscom,false,false
1429744374492,2147483647,2147483647,2147483647,2147483647,0,13,Swisscom,false,false
1429744435261,17432577,2222,1,228,-109,13,Swisscom,true,false
1429744435261,4,2147483647,2147483647,2147483647,-118,13,Swisscom,false,false
1429744435261,3,2147483647,2147483647,2147483647,-117,13,Swisscom,false,false
1429744435261,2147483647,2147483647,2147483647,2147483647,-113,13,Swisscom,false,false
1429744435261,2147483647,2147483647,2147483647,2147483647,-113,13,Swisscom,false,false
1429744435261,2147483647,2147483647,2147483647,2147483647,-113,13,Swisscom,false,false
1429744435261,2147483647,2147483647,2147483647,2147483647,-113,13,Swisscom,false,false
1429744435261,2147483647,2147483647,2147483647,2147483647,-113,13,Swisscom,false,false
1429744435261,2147483647,2147483647,2147483647,2147483647,-113,13,Swisscom,false,false
1429744435261,2147483647,2147483647,2147483647,2147483647,-113,13,Swisscom,false,false
1429744435261,2147483647,2147483647,2147483647,2147483647,-113,13,Swisscom,false,false
1429744435261,2147483647,2147483647,2147483647,2147483647,-113,13,Swisscom,false,false
1429744435261,2147483647,2147483647,2147483647,2147483647,-113,13,Swisscom,false,false
1429744435261,2147483647,2147483647,2147483647,2147483647,-113,13,Swisscom,false,false
1429744435261,2147483647,2147483647,2147483647,2147483647,-113,13,Swisscom,false,false
1429744435261,2147483647,2147483647,2147483647,2147483647,0,13,Swisscom,false,false
1429744435261,2147483647,2147483647,2147483647,2147483647,0,13,Swisscom,false,false
1429744435261,2147483647,2147483647,2147483647,2147483647,0,13,Swisscom,false,false
1429744471657,17432577,2222,1,228,-113,13,Swisscom,true,false
1429744471657,4,2147483647,2147483647,2147483647,-119,13,Swisscom,false,false
1429744471657,2147483647,2147483647,2147483647,2147483647,-113,13,Swisscom,false,false
1429744471657,2147483647,2147483647,2147483647,2147483647,-113,13,Swisscom,false,false
1429744471657,2147483647,2147483647,2147483647,2147483647,-113,13,Swisscom,false,false
1429744471657,2147483647,2147483647,2147483647,2147483647,-113,13,Swisscom,false,false
1429744471657,2147483647,2147483647,2147483647,2147483647,-113,13,Swisscom,false,false
1429744471657,2147483647,2147483647,2147483647,2147483647,-113,13,Swisscom,false,false
1429744471657,2147483647,2147483647,2147483647,2147483647,-113,13,Swisscom,false,false
1429744471657,2147483647,2147483647,2147483647,2147483647,-113,13,Swisscom,false,false
1429744471657,2147483647,2147483647,2147483647,2147483647,-113,13,Swisscom,false,false
1429744471657,2147483647,2147483647,2147483647,2147483647,-113,13,Swisscom,false,false
1429744471657,2147483647,2147483647,2147483647,2147483647,-113,13,Swisscom,false,false
1429744471657,2147483647,2147483647,2147483647,2147483647,-113,13,Swisscom,false,false
1429744471657,2147483647,2147483647,2147483647,2147483647,0,13,Swisscom,false,false
1429744471657,2147483647,2147483647,2147483647,2147483647,0,13,Swisscom,false,false
1429744471657,2147483647,2147483647,2147483647,2147483647,0,13,Swisscom,false,false
1429744532248,17432577,2222,1,228,-107,13,Swisscom,true,false
1429744532248,3,2147483647,2147483647,2147483647,-113,13,Swisscom,false,false
1429744532248,4,2147483647,2147483647,2147483647,-117,13,Swisscom,false,false
1429744598161,17432577,2222,1,228,-114,13,Swisscom,true,false
1429744598161,3,2147483647,2147483647,2147483647,-120,13,Swisscom,false,false
1429744598161,4,2147483647,2147483647,2147483647,-124,13,Swisscom,false,false
1429744598161,2147483647,2147483647,2147483647,2147483647,-113,13,Swisscom,false,false
1429744598161,2147483647,2147483647,2147483647,2147483647,-113,13,Swisscom,false,false
1429744598161,2147483647,2147483647,2147483647,2147483647,-113,13,Swisscom,false,false
1429744598161,2147483647,2147483647,2147483647,2147483647,-113,13,Swisscom,false,false
1429744598161,2147483647,2147483647,2147483647,2147483647,-113,13,Swisscom,false,false
1429744598161,2147483647,2147483647,2147483647,2147483647,-113,13,Swisscom,false,false
1429744598161,2147483647,2147483647,2147483647,2147483647,-113,13,Swisscom,false,false
1429744598161,2147483647,2147483647,2147483647,2147483647,-113,13,Swisscom,false,false
1429744598161,2147483647,2147483647,2147483647,2147483647,-113,13,Swisscom,false,false
1429744598161,2147483647,2147483647,2147483647,2147483647,-113,13,Swisscom,false,false
1429744598161,2147483647,2147483647,2147483647,2147483647,-113,13,Swisscom,false,false
1429744598161,2147483647,2147483647,2147483647,2147483647,-113,13,Swisscom,false,false
1429744598161,2147483647,2147483647,2147483647,2147483647,0,13,Swisscom,false,false
1429744598161,2147483647,2147483647,2147483647,2147483647,0,13,Swisscom,false,false
1429744598161,2147483647,2147483647,2147483647,2147483647,0,13,Swisscom,false,false
1429744606373,17432577,2222,1,228,-111,13,Swisscom,true,false
1429744606373,3,2147483647,2147483647,2147483647,-118,13,Swisscom,false,false
1429744606373,4,2147483647,2147483647,2147483647,-120,13,Swisscom,false,false
1429744694269,17432577,2222,1,228,-111,13,Swisscom,true,false
1429744694269,2147483647,2147483647,2147483647,2147483647,-113,13,Swisscom,false,false
1429744694269,2147483647,2147483647,2147483647,2147483647,-113,13,Swisscom,false,false
1429744694269,2147483647,2147483647,2147483647,2147483647,-113,13,Swisscom,false,false
1429744694269,2147483647,2147483647,2147483647,2147483647,-113,13,Swisscom,false,false
1429744694269,2147483647,2147483647,2147483647,2147483647,-113,13,Swisscom,false,false
1429744694269,2147483647,2147483647,2147483647,2147483647,-113,13,Swisscom,false,false
1429744694269,2147483647,2147483647,2147483647,2147483647,-113,13,Swisscom,false,false
1429744694269,2147483647,2147483647,2147483647,2147483647,-113,13,Swisscom,false,false
1429744694269,2147483647,2147483647,2147483647,2147483647,-113,13,Swisscom,false,false
1429744694269,2147483647,2147483647,2147483647,2147483647,-113,13,Swisscom,false,false
1429744694269,2147483647,2147483647,2147483647,2147483647,-113,13,Swisscom,false,false
1429744694269,2147483647,2147483647,2147483647,2147483647,-113,13,Swisscom,false,false
1429744694269,2147483647,2147483647,2147483647,2147483647,0,13,Swisscom,false,false
1429744694269,2147483647,2147483647,2147483647,2147483647,0,13,Swisscom,false,false
1429744694269,2147483647,2147483647,2147483647,2147483647,0,13,Swisscom,false,false
1429744754442,17432577,2222,1,228,-110,13,Swisscom,true,false
1429744754442,3,2147483647,2147483647,2147483647,-120,13,Swisscom,false,false
1429744815172,17432577,2222,1,228,-110,13,Swisscom,true,false
1429744815172,2147483647,2147483647,2147483647,2147483647,-113,13,Swisscom,false,false
1429744815172,2147483647,2147483647,2147483647,2147483647,-113,13,Swisscom,false,false
1429744815172,2147483647,2147483647,2147483647,2147483647,-113,13,Swisscom,false,false
1429744815172,2147483647,2147483647,2147483647,2147483647,-113,13,Swisscom,false,false
1429744815172,2147483647,2147483647,2147483647,2147483647,-113,13,Swisscom,false,false
1429744815172,2147483647,2147483647,2147483647,2147483647,-113,13,Swisscom,false,false
1429744815172,2147483647,2147483647,2147483647,2147483647,-113,13,Swisscom,false,false
1429744815172,2147483647,2147483647,2147483647,2147483647,-113,13,Swisscom,false,false
1429744815172,2147483647,2147483647,2147483647,2147483647,-113,13,Swisscom,false,false
1429744815172,2147483647,2147483647,2147483647,2147483647,-113,13,Swisscom,false,false
1429744815172,2147483647,2147483647,2147483647,2147483647,-113,13,Swisscom,false,false
1429744815172,2147483647,2147483647,2147483647,2147483647,-113,13,Swisscom,false,false
1429744815172,2147483647,2147483647,2147483647,2147483647,0,13,Swisscom,false,false
1429744815172,2147483647,2147483647,2147483647,2147483647,0,13,Swisscom,false,false
1429744815172,2147483647,2147483647,2147483647,2147483647,0,13,Swisscom,false,false
1429744876260,17432577,2222,1,228,-110,13,Swisscom,true,false
1429744876260,2147483647,2147483647,2147483647,2147483647,-113,13,Swisscom,false,false
1429744876260,2147483647,2147483647,2147483647,2147483647,-113,13,Swisscom,false,false
1429744876260,2147483647,2147483647,2147483647,2147483647,-113,13,Swisscom,false,false
1429744876260,2147483647,2147483647,2147483647,2147483647,-113,13,Swisscom,false,false
1429744876260,2147483647,2147483647,2147483647,2147483647,-113,13,Swisscom,false,false
1429744876260,2147483647,2147483647,2147483647,2147483647,-113,13,Swisscom,false,false
1429744876260,2147483647,2147483647,2147483647,2147483647,-113,13,Swisscom,false,false
1429744876260,2147483647,2147483647,2147483647,2147483647,-113,13,Swisscom,false,false
1429744876260,2147483647,2147483647,2147483647,2147483647,-113,13,Swisscom,false,false
1429744876260,2147483647,2147483647,2147483647,2147483647,-113,13,Swisscom,false,false
1429744876260,2147483647,2147483647,2147483647,2147483647,-113,13,Swisscom,false,false
1429744876260,2147483647,2147483647,2147483647,2147483647,-113,13,Swisscom,false,false
1429744876260,2147483647,2147483647,2147483647,2147483647,0,13,Swisscom,false,false
1429744876260,2147483647,2147483647,2147483647,2147483647,0,13,Swisscom,false,false
1429744876260,2147483647,2147483647,2147483647,2147483647,0,13,Swisscom,false,false
1429744936552,17432577,2222,1,228,-110,13,Swisscom,true,false
1429744936552,3,2147483647,2147483647,2147483647,-120,13,Swisscom,false,false
1429744936552,2147483647,2147483647,2147483647,2147483647,-113,13,Swisscom,false,false
1429744936552,2147483647,2147483647,2147483647,2147483647,-113,13,Swisscom,false,false
1429744936552,2147483647,2147483647,2147483647,2147483647,-113,13,Swisscom,false,false
1429744936552,2147483647,2147483647,2147483647,2147483647,-113,13,Swisscom,false,false
1429744936552,2147483647,2147483647,2147483647,2147483647,-113,13,Swisscom,false,false
1429744936552,2147483647,2147483647,2147483647,2147483647,-113,13,Swisscom,false,false
1429744936552,2147483647,2147483647,2147483647,2147483647,-113,13,Swisscom,false,false
1429744936552,2147483647,2147483647,2147483647,2147483647,-113,13,Swisscom,false,false
1429744936552,2147483647,2147483647,2147483647,2147483647,-113,13,Swisscom,false,false
1429744936552,2147483647,2147483647,2147483647,2147483647,-113,13,Swisscom,false,false
1429744936552,2147483647,2147483647,2147483647,2147483647,-113,13,Swisscom,false,false
1429744936552,2147483647,2147483647,2147483647,2147483647,-113,13,Swisscom,false,false
1429744936552,2147483647,2147483647,2147483647,2147483647,0,13,Swisscom,false,false
1429744936552,2147483647,2147483647,2147483647,2147483647,0,13,Swisscom,false,false
1429744936552,2147483647,2147483647,2147483647,2147483647,0,13,Swisscom,false,false
1429744997265,17432577,2222,1,228,-110,13,Swisscom,true,false
1429744997265,3,2147483647,2147483647,2147483647,-120,13,Swisscom,false,false
1429744997265,2147483647,2147483647,2147483647,2147483647,-113,13,Swisscom,false,false
1429744997265,2147483647,2147483647,2147483647,2147483647,-113,13,Swisscom,false,false
1429744997265,2147483647,2147483647,2147483647,2147483647,-113,13,Swisscom,false,false
1429744997265,2147483647,2147483647,2147483647,2147483647,-113,13,Swisscom,false,false
1429744997265,2147483647,2147483647,2147483647,2147483647,-113,13,Swisscom,false,false
1429744997265,2147483647,2147483647,2147483647,2147483647,-113,13,Swisscom,false,false
1429744997265,2147483647,2147483647,2147483647,2147483647,-113,13,Swisscom,false,false
1429744997265,2147483647,2147483647,2147483647,2147483647,-113,13,Swisscom,false,false
1429744997265,2147483647,2147483647,2147483647,2147483647,-113,13,Swisscom,false,false
1429744997265,2147483647,2147483647,2147483647,2147483647,-113,13,Swisscom,false,false
1429744997265,2147483647,2147483647,2147483647,2147483647,-113,13,Swisscom,false,false
1429744997265,2147483647,2147483647,2147483647,2147483647,-113,13,Swisscom,false,false
1429744997265,2147483647,2147483647,2147483647,2147483647,0,13,Swisscom,false,false
1429744997265,2147483647,2147483647,2147483647,2147483647,0,13,Swisscom,false,false
1429744997265,2147483647,2147483647,2147483647,2147483647,0,13,Swisscom,false,false
1429745057435,17432577,2222,1,228,-111,13,Swisscom,true,false
1429745057435,3,2147483647,2147483647,2147483647,-120,13,Swisscom,false,false
1429745057435,4,2147483647,2147483647,2147483647,-124,13,Swisscom,false,false
1429745118249,17432577,2222,1,228,-111,13,Swisscom,true,false
1429745118249,3,2147483647,2147483647,2147483647,-121,13,Swisscom,false,false
1429745118249,98,2147483647,2147483647,2147483647,-123,13,Swisscom,false,false
1429745118249,2147483647,2147483647,2147483647,2147483647,-113,13,Swisscom,false,false
1429745118249,2147483647,2147483647,2147483647,2147483647,-113,13,Swisscom,false,false
1429745118249,2147483647,2147483647,2147483647,2147483647,-113,13,Swisscom,false,false
1429745118249,2147483647,2147483647,2147483647,2147483647,-113,13,Swisscom,false,false
1429745118249,2147483647,2147483647,2147483647,2147483647,-113,13,Swisscom,false,false
1429745118249,2147483647,2147483647,2147483647,2147483647,-113,13,Swisscom,false,false
1429745118249,2147483647,2147483647,2147483647,2147483647,-113,13,Swisscom,false,false
1429745118249,2147483647,2147483647,2147483647,2147483647,-113,13,Swisscom,false,false
1429745118249,2147483647,2147483647,2147483647,2147483647,-113,13,Swisscom,false,false
1429745118249,2147483647,2147483647,2147483647,2147483647,-113,13,Swisscom,false,false
1429745118249,2147483647,2147483647,2147483647,2147483647,-113,13,Swisscom,false,false
1429745118249,2147483647,2147483647,2147483647,2147483647,-113,13,Swisscom,false,false
1429745118249,2147483647,2147483647,2147483647,2147483647,0,13,Swisscom,false,false
1429745118249,2147483647,2147483647,2147483647,2147483647,0,13,Swisscom,false,false
1429745118249,2147483647,2147483647,2147483647,2147483647,0,13,Swisscom,false,false
1429745178349,17432577,2222,1,228,-110,13,Swisscom,true,false
1429745178349,2147483647,2147483647,2147483647,2147483647,-113,13,Swisscom,false,false
1429745178349,2147483647,2147483647,2147483647,2147483647,-113,13,Swisscom,false,false
1429745178349,2147483647,2147483647,2147483647,2147483647,-113,13,Swisscom,false,false
1429745178349,2147483647,2147483647,2147483647,2147483647,-113,13,Swisscom,false,false
1429745178349,2147483647,2147483647,2147483647,2147483647,-113,13,Swisscom,false,false
1429745178349,2147483647,2147483647,2147483647,2147483647,-113,13,Swisscom,false,false
1429745178349,2147483647,2147483647,2147483647,2147483647,-113,13,Swisscom,false,false
1429745178349,2147483647,2147483647,2147483647,2147483647,-113,13,Swisscom,false,false
1429745178349,2147483647,2147483647,2147483647,2147483647,-113,13,Swisscom,false,false
1429745178349,2147483647,2147483647,2147483647,2147483647,-113,13,Swisscom,false,false
1429745178349,2147483647,2147483647,2147483647,2147483647,-113,13,Swisscom,false,false
1429745178349,2147483647,2147483647,2147483647,2147483647,-113,13,Swisscom,false,false
1429745178349,2147483647,2147483647,2147483647,2147483647,0,13,Swisscom,false,false
1429745178349,2147483647,2147483647,2147483647,2147483647,0,13,Swisscom,false,false
1429745238552,17432577,2222,1,228,-110,13,Swisscom,true,false
1429745238552,2147483647,2147483647,2147483647,2147483647,-113,13,Swisscom,false,false
1429745238552,2147483647,2147483647,2147483647,2147483647,-113,13,Swisscom,false,false
1429745238552,2147483647,2147483647,2147483647,2147483647,-113,13,Swisscom,false,false
1429745238552,2147483647,2147483647,2147483647,2147483647,-113,13,Swisscom,false,false
1429745238552,2147483647,2147483647,2147483647,2147483647,-113,13,Swisscom,false,false
1429745238552,2147483647,2147483647,2147483647,2147483647,-113,13,Swisscom,false,false
1429745238552,2147483647,2147483647,2147483647,2147483647,-113,13,Swisscom,false,false
1429745238552,2147483647,2147483647,2147483647,2147483647,-113,13,Swisscom,false,false
1429745238552,2147483647,2147483647,2147483647,2147483647,-113,13,Swisscom,false,false
1429745238552,2147483647,2147483647,2147483647,2147483647,-113,13,Swisscom,false,false
1429745238552,2147483647,2147483647,2147483647,2147483647,-113,13,Swisscom,false,false
1429745238552,2147483647,2147483647,2147483647,2147483647,-113,13,Swisscom,false,false
1429745238552,2147483647,2147483647,2147483647,2147483647,0,13,Swisscom,false,false
1429745238552,2147483647,2147483647,2147483647,2147483647,0,13,Swisscom,false,false
1429745238552,2147483647,2147483647,2147483647,2147483647,0,13,Swisscom,false,false
1429745245257,17432577,2222,1,228,-110,13,Swisscom,true,false
1429745245257,3,2147483647,2147483647,2147483647,-119,13,Swisscom,false,false
1429745272926,17432577,2222,1,228,-110,13,Swisscom,true,false
1429745272926,3,2147483647,2147483647,2147483647,-120,13,Swisscom,false,false
1429745272926,2147483647,2147483647,2147483647,2147483647,-113,13,Swisscom,false,false
1429745272926,2147483647,2147483647,2147483647,2147483647,-113,13,Swisscom,false,false
1429745272926,2147483647,2147483647,2147483647,2147483647,-113,13,Swisscom,false,false
1429745272926,2147483647,2147483647,2147483647,2147483647,-113,13,Swisscom,false,false
1429745272926,2147483647,2147483647,2147483647,2147483647,-113,13,Swisscom,false,false
1429745272926,2147483647,2147483647,2147483647,2147483647,-113,13,Swisscom,false,false
1429745272926,2147483647,2147483647,2147483647,2147483647,-113,13,Swisscom,false,false
1429745272926,2147483647,2147483647,2147483647,2147483647,-113,13,Swisscom,false,false
1429745272926,2147483647,2147483647,2147483647,2147483647,-113,13,Swisscom,false,false
1429745272926,2147483647,2147483647,2147483647,2147483647,-113,13,Swisscom,false,false
1429745272926,2147483647,2147483647,2147483647,2147483647,-113,13,Swisscom,false,false
1429745272926,2147483647,2147483647,2147483647,2147483647,-113,13,Swisscom,false,false
1429745272926,2147483647,2147483647,2147483647,2147483647,0,13,Swisscom,false,false
1429745272926,2147483647,2147483647,2147483647,2147483647,0,13,Swisscom,false,false
1429745333010,17432577,2222,1,228,-110,13,Swisscom,true,false
1429745333010,2147483647,2147483647,2147483647,2147483647,-113,13,Swisscom,false,false
1429745333010,2147483647,2147483647,2147483647,2147483647,-113,13,Swisscom,false,false
1429745333010,2147483647,2147483647,2147483647,2147483647,-113,13,Swisscom,false,false
1429745333010,2147483647,2147483647,2147483647,2147483647,-113,13,Swisscom,false,false
1429745333010,2147483647,2147483647,2147483647,2147483647,-113,13,Swisscom,false,false
1429745333010,2147483647,2147483647,2147483647,2147483647,-113,13,Swisscom,false,false
1429745333010,2147483647,2147483647,2147483647,2147483647,-113,13,Swisscom,false,false
1429745333010,2147483647,2147483647,2147483647,2147483647,-113,13,Swisscom,false,false
1429745333010,2147483647,2147483647,2147483647,2147483647,-113,13,Swisscom,false,false
1429745333010,2147483647,2147483647,2147483647,2147483647,-113,13,Swisscom,false,false
1429745333010,2147483647,2147483647,2147483647,2147483647,-113,13,Swisscom,false,false
1429745333010,2147483647,2147483647,2147483647,2147483647,-113,13,Swisscom,false,false
1429745333010,2147483647,2147483647,2147483647,2147483647,0,13,Swisscom,false,false
1429745333010,2147483647,2147483647,2147483647,2147483647,0,13,Swisscom,false,false
1429745333010,2147483647,2147483647,2147483647,2147483647,0,13,Swisscom,false,false
1429745411915,17432577,2222,1,228,-110,13,Swisscom,true,false
1429745411915,3,2147483647,2147483647,2147483647,-120,13,Swisscom,false,false
1429745411915,4,2147483647,2147483647,2147483647,-124,13,Swisscom,false,false
1429745411915,2147483647,2147483647,2147483647,2147483647,-113,13,Swisscom,false,false
1429745411915,2147483647,2147483647,2147483647,2147483647,-113,13,Swisscom,false,false
1429745411915,2147483647,2147483647,2147483647,2147483647,-113,13,Swisscom,false,false
1429745411915,2147483647,2147483647,2147483647,2147483647,-113,13,Swisscom,false,false
1429745411915,2147483647,2147483647,2147483647,2147483647,-113,13,Swisscom,false,false
1429745411915,2147483647,2147483647,2147483647,2147483647,-113,13,Swisscom,false,false
1429745411915,2147483647,2147483647,2147483647,2147483647,-113,13,Swisscom,false,false
1429745411915,2147483647,2147483647,2147483647,2147483647,-113,13,Swisscom,false,false
1429745411915,2147483647,2147483647,2147483647,2147483647,-113,13,Swisscom,false,false
1429745411915,2147483647,2147483647,2147483647,2147483647,-113,13,Swisscom,false,false
1429745411915,2147483647,2147483647,2147483647,2147483647,-113,13,Swisscom,false,false
1429745411915,2147483647,2147483647,2147483647,2147483647,-113,13,Swisscom,false,false
1429745436904,17432577,2222,1,228,-110,13,Swisscom,true,false
1429745436904,3,2147483647,2147483647,2147483647,-122,13,Swisscom,false,false
1429745436904,2147483647,2147483647,2147483647,2147483647,-113,13,Swisscom,false,false
1429745436904,2147483647,2147483647,2147483647,2147483647,-113,13,Swisscom,false,false
1429745436904,2147483647,2147483647,2147483647,2147483647,-113,13,Swisscom,false,false
1429745436904,2147483647,2147483647,2147483647,2147483647,-113,13,Swisscom,false,false
1429745436904,2147483647,2147483647,2147483647,2147483647,-113,13,Swisscom,false,false
1429745436904,2147483647,2147483647,2147483647,2147483647,-113,13,Swisscom,false,false
1429745436904,2147483647,2147483647,2147483647,2147483647,-113,13,Swisscom,false,false
1429745436904,2147483647,2147483647,2147483647,2147483647,-113,13,Swisscom,false,false
1429745436904,2147483647,2147483647,2147483647,2147483647,-113,13,Swisscom,false,false
1429745436904,2147483647,2147483647,2147483647,2147483647,-113,13,Swisscom,false,false
1429745436904,2147483647,2147483647,2147483647,2147483647,-113,13,Swisscom,false,false
1429745436904,2147483647,2147483647,2147483647,2147483647,-113,13,Swisscom,false,false
1429745436904,2147483647,2147483647,2147483647,2147483647,0,13,Swisscom,false,false
1429745436904,2147483647,2147483647,2147483647,2147483647,0,13,Swisscom,false,false
1429745464609,17432577,2222,1,228,-110,13,Swisscom,true,false
1429745464609,3,2147483647,2147483647,2147483647,-121,13,Swisscom,false,false
1429745538929,17432577,2222,1,228,-110,13,Swisscom,true,false
1429745538929,2147483647,2147483647,2147483647,2147483647,-113,13,Swisscom,false,false
1429745538929,2147483647,2147483647,2147483647,2147483647,-113,13,Swisscom,false,false
1429745538929,2147483647,2147483647,2147483647,2147483647,-113,13,Swisscom,false,false
1429745538929,2147483647,2147483647,2147483647,2147483647,-113,13,Swisscom,false,false
1429745538929,2147483647,2147483647,2147483647,2147483647,-113,13,Swisscom,false,false
1429745538929,2147483647,2147483647,2147483647,2147483647,-113,13,Swisscom,false,false
1429745538929,2147483647,2147483647,2147483647,2147483647,-113,13,Swisscom,false,false
1429745538929,2147483647,2147483647,2147483647,2147483647,-113,13,Swisscom,false,false
1429745538929,2147483647,2147483647,2147483647,2147483647,-113,13,Swisscom,false,false
1429745538929,2147483647,2147483647,2147483647,2147483647,-113,13,Swisscom,false,false
1429745538929,2147483647,2147483647,2147483647,2147483647,-113,13,Swisscom,false,false
1429745538929,2147483647,2147483647,2147483647,2147483647,-113,13,Swisscom,false,false
1429745538929,2147483647,2147483647,2147483647,2147483647,0,13,Swisscom,false,false
1429745538929,2147483647,2147483647,2147483647,2147483647,0,13,Swisscom,false,false
1429745538929,2147483647,2147483647,2147483647,2147483647,0,13,Swisscom,false,false
1429745598983,17432577,2222,1,228,-110,13,Swisscom,true,false
1429745598983,3,2147483647,2147483647,2147483647,-121,13,Swisscom,false,false
1429745598983,2147483647,2147483647,2147483647,2147483647,-113,13,Swisscom,false,false
1429745598983,2147483647,2147483647,2147483647,2147483647,-113,13,Swisscom,false,false
1429745598983,2147483647,2147483647,2147483647,2147483647,-113,13,Swisscom,false,false
1429745598983,2147483647,2147483647,2147483647,2147483647,-113,13,Swisscom,false,false
1429745598983,2147483647,2147483647,2147483647,2147483647,-113,13,Swisscom,false,false
1429745598983,2147483647,2147483647,2147483647,2147483647,-113,13,Swisscom,false,false
1429745598983,2147483647,2147483647,2147483647,2147483647,-113,13,Swisscom,false,false
1429745598983,2147483647,2147483647,2147483647,2147483647,-113,13,Swisscom,false,false
1429745598983,2147483647,2147483647,2147483647,2147483647,-113,13,Swisscom,false,false
1429745598983,2147483647,2147483647,2147483647,2147483647,-113,13,Swisscom,false,false
1429745598983,2147483647,2147483647,2147483647,2147483647,-113,13,Swisscom,false,false
1429745598983,2147483647,2147483647,2147483647,2147483647,-113,13,Swisscom,false,false
1429745598983,2147483647,2147483647,2147483647,2147483647,0,13,Swisscom,false,false
1429745598983,2147483647,2147483647,2147483647,2147483647,0,13,Swisscom,false,false
1429745642334,17432577,2222,1,228,-110,13,Swisscom,true,false
1429745642334,2147483647,2147483647,2147483647,2147483647,-113,13,Swisscom,false,false
1429745642334,2147483647,2147483647,2147483647,2147483647,-113,13,Swisscom,false,false
1429745642334,2147483647,2147483647,2147483647,2147483647,-113,13,Swisscom,false,false
1429745642334,2147483647,2147483647,2147483647,2147483647,-113,13,Swisscom,false,false
1429745642334,2147483647,2147483647,2147483647,2147483647,-113,13,Swisscom,false,false
1429745642334,2147483647,2147483647,2147483647,2147483647,-113,13,Swisscom,false,false
1429745642334,2147483647,2147483647,2147483647,2147483647,-113,13,Swisscom,false,false
1429745642334,2147483647,2147483647,2147483647,2147483647,-113,13,Swisscom,false,false
1429745642334,2147483647,2147483647,2147483647,2147483647,-113,13,Swisscom,false,false
1429745642334,2147483647,2147483647,2147483647,2147483647,-113,13,Swisscom,false,false
1429745642334,2147483647,2147483647,2147483647,2147483647,-113,13,Swisscom,false,false
1429745642334,2147483647,2147483647,2147483647,2147483647,-113,13,Swisscom,false,false
1429745642334,2147483647,2147483647,2147483647,2147483647,0,13,Swisscom,false,false
1429745642334,2147483647,2147483647,2147483647,2147483647,0,13,Swisscom,false,false
1429745642334,2147483647,2147483647,2147483647,2147483647,0,13,Swisscom,false,false
1429745669828,17432577,2222,1,228,-110,13,Swisscom,true,false
1429745669828,2147483647,2147483647,2147483647,2147483647,-113,13,Swisscom,false,false
1429745669828,2147483647,2147483647,2147483647,2147483647,-113,13,Swisscom,false,false
1429745669828,2147483647,2147483647,2147483647,2147483647,-113,13,Swisscom,false,false
1429745669828,2147483647,2147483647,2147483647,2147483647,-113,13,Swisscom,false,false
1429745669828,2147483647,2147483647,2147483647,2147483647,-113,13,Swisscom,false,false
1429745669828,2147483647,2147483647,2147483647,2147483647,-113,13,Swisscom,false,false
1429745669828,2147483647,2147483647,2147483647,2147483647,-113,13,Swisscom,false,false
1429745669828,2147483647,2147483647,2147483647,2147483647,-113,13,Swisscom,false,false
1429745669828,2147483647,2147483647,2147483647,2147483647,-113,13,Swisscom,false,false
1429745669828,2147483647,2147483647,2147483647,2147483647,-113,13,Swisscom,false,false
1429745669828,2147483647,2147483647,2147483647,2147483647,-113,13,Swisscom,false,false
1429745669828,2147483647,2147483647,2147483647,2147483647,-113,13,Swisscom,false,false
1429745669828,2147483647,2147483647,2147483647,2147483647,0,13,Swisscom,false,false
1429745669828,2147483647,2147483647,2147483647,2147483647,0,13,Swisscom,false,false
1429745669828,2147483647,2147483647,2147483647,2147483647,0,13,Swisscom,false,false
1429745729875,17432577,2222,1,228,-110,13,Swisscom,true,false
1429745729875,2147483647,2147483647,2147483647,2147483647,-113,13,Swisscom,false,false
1429745729875,2147483647,2147483647,2147483647,2147483647,-113,13,Swisscom,false,false
1429745729875,2147483647,2147483647,2147483647,2147483647,-113,13,Swisscom,false,false
1429745729875,2147483647,2147483647,2147483647,2147483647,-113,13,Swisscom,false,false
1429745729875,2147483647,2147483647,2147483647,2147483647,-113,13,Swisscom,false,false
1429745729875,2147483647,2147483647,2147483647,2147483647,-113,13,Swisscom,false,false
1429745729875,2147483647,2147483647,2147483647,2147483647,-113,13,Swisscom,false,false
1429745729875,2147483647,2147483647,2147483647,2147483647,-113,13,Swisscom,false,false
1429745729875,2147483647,2147483647,2147483647,2147483647,-113,13,Swisscom,false,false
1429745729875,2147483647,2147483647,2147483647,2147483647,-113,13,Swisscom,false,false
1429745729875,2147483647,2147483647,2147483647,2147483647,-113,13,Swisscom,false,false
1429745729875,2147483647,2147483647,2147483647,2147483647,-113,13,Swisscom,false,false
1429745729875,2147483647,2147483647,2147483647,2147483647,0,13,Swisscom,false,false
1429745729875,2147483647,2147483647,2147483647,2147483647,0,13,Swisscom,false,false
1429745729875,2147483647,2147483647,2147483647,2147483647,0,13,Swisscom,false,false
1429745790032,17432577,2222,1,228,-110,13,Swisscom,true,false
1429745790032,2147483647,2147483647,2147483647,2147483647,-113,13,Swisscom,false,false
1429745790032,2147483647,2147483647,2147483647,2147483647,-113,13,Swisscom,false,false
1429745790032,2147483647,2147483647,2147483647,2147483647,-113,13,Swisscom,false,false
1429745790032,2147483647,2147483647,2147483647,2147483647,-113,13,Swisscom,false,false
1429745790032,2147483647,2147483647,2147483647,2147483647,-113,13,Swisscom,false,false
1429745790032,2147483647,2147483647,2147483647,2147483647,-113,13,Swisscom,false,false
1429745790032,2147483647,2147483647,2147483647,2147483647,-113,13,Swisscom,false,false
1429745790032,2147483647,2147483647,2147483647,2147483647,-113,13,Swisscom,false,false
1429745790032,2147483647,2147483647,2147483647,2147483647,-113,13,Swisscom,false,false
1429745790032,2147483647,2147483647,2147483647,2147483647,-113,13,Swisscom,false,false
1429745790032,2147483647,2147483647,2147483647,2147483647,-113,13,Swisscom,false,false
1429745790032,2147483647,2147483647,2147483647,2147483647,-113,13,Swisscom,false,false
1429745790032,2147483647,2147483647,2147483647,2147483647,0,13,Swisscom,false,false
1429745790032,2147483647,2147483647,2147483647,2147483647,0,13,Swisscom,false,false
1429745790032,2147483647,2147483647,2147483647,2147483647,0,13,Swisscom,false,false
1429745827443,17432577,2222,1,228,-110,13,Swisscom,true,false
1429745827443,2147483647,2147483647,2147483647,2147483647,-113,13,Swisscom,false,false
1429745827443,2147483647,2147483647,2147483647,2147483647,-113,13,Swisscom,false,false
1429745827443,2147483647,2147483647,2147483647,2147483647,-113,13,Swisscom,false,false
1429745827443,2147483647,2147483647,2147483647,2147483647,-113,13,Swisscom,false,false
1429745827443,2147483647,2147483647,2147483647,2147483647,-113,13,Swisscom,false,false
1429745827443,2147483647,2147483647,2147483647,2147483647,-113,13,Swisscom,false,false
1429745827443,2147483647,2147483647,2147483647,2147483647,-113,13,Swisscom,false,false
1429745827443,2147483647,2147483647,2147483647,2147483647,-113,13,Swisscom,false,false
1429745827443,2147483647,2147483647,2147483647,2147483647,-113,13,Swisscom,false,false
1429745827443,2147483647,2147483647,2147483647,2147483647,-113,13,Swisscom,false,false
1429745827443,2147483647,2147483647,2147483647,2147483647,-113,13,Swisscom,false,false
1429745827443,2147483647,2147483647,2147483647,2147483647,-113,13,Swisscom,false,false
1429745827443,2147483647,2147483647,2147483647,2147483647,0,13,Swisscom,false,false
1429745827443,2147483647,2147483647,2147483647,2147483647,0,13,Swisscom,false,false
1429745827443,2147483647,2147483647,2147483647,2147483647,0,13,Swisscom,false,false
1429745855308,17432577,2222,1,228,-110,13,Swisscom,true,false
1429745855308,3,2147483647,2147483647,2147483647,-120,13,Swisscom,false,false
1429745855308,2147483647,2147483647,2147483647,2147483647,-113,13,Swisscom,false,false
1429745855308,2147483647,2147483647,2147483647,2147483647,-113,13,Swisscom,false,false
1429745855308,2147483647,2147483647,2147483647,2147483647,-113,13,Swisscom,false,false
1429745855308,2147483647,2147483647,2147483647,2147483647,-113,13,Swisscom,false,false
1429745855308,2147483647,2147483647,2147483647,2147483647,-113,13,Swisscom,false,false
1429745855308,2147483647,2147483647,2147483647,2147483647,-113,13,Swisscom,false,false
1429745855308,2147483647,2147483647,2147483647,2147483647,-113,13,Swisscom,false,false
1429745855308,2147483647,2147483647,2147483647,2147483647,-113,13,Swisscom,false,false
1429745855308,2147483647,2147483647,2147483647,2147483647,-113,13,Swisscom,false,false
1429745855308,2147483647,2147483647,2147483647,2147483647,-113,13,Swisscom,false,false
1429745855308,2147483647,2147483647,2147483647,2147483647,-113,13,Swisscom,false,false
1429745855308,2147483647,2147483647,2147483647,2147483647,-113,13,Swisscom,false,false
1429745855308,2147483647,2147483647,2147483647,2147483647,0,13,Swisscom,false,false
1429745855308,2147483647,2147483647,2147483647,2147483647,0,13,Swisscom,false,false
1429745855308,2147483647,2147483647,2147483647,2147483647,0,13,Swisscom,false,false
1429745934505,17432577,2222,1,228,-110,13,Swisscom,true,false
1429745934505,2147483647,2147483647,2147483647,2147483647,-113,13,Swisscom,false,false
1429745934505,2147483647,2147483647,2147483647,2147483647,-113,13,Swisscom,false,false
1429745934505,2147483647,2147483647,2147483647,2147483647,-113,13,Swisscom,false,false
1429745934505,2147483647,2147483647,2147483647,2147483647,-113,13,Swisscom,false,false
1429745934505,2147483647,2147483647,2147483647,2147483647,-113,13,Swisscom,false,false
1429745934505,2147483647,2147483647,2147483647,2147483647,-113,13,Swisscom,false,false
1429745934505,2147483647,2147483647,2147483647,2147483647,-113,13,Swisscom,false,false
1429745934505,2147483647,2147483647,2147483647,2147483647,-113,13,Swisscom,false,false
1429745934505,2147483647,2147483647,2147483647,2147483647,-113,13,Swisscom,false,false
1429745934505,2147483647,2147483647,2147483647,2147483647,-113,13,Swisscom,false,false
1429745934505,2147483647,2147483647,2147483647,2147483647,-113,13,Swisscom,false,false
1429745934505,2147483647,2147483647,2147483647,2147483647,-113,13,Swisscom,false,false
1429745934505,2147483647,2147483647,2147483647,2147483647,0,13,Swisscom,false,false
1429745934505,2147483647,2147483647,2147483647,2147483647,0,13,Swisscom,false,false
1429745934505,2147483647,2147483647,2147483647,2147483647,0,13,Swisscom,false,false
1429745994623,17432577,2222,1,228,-110,13,Swisscom,true,false
1429745994623,2147483647,2147483647,2147483647,2147483647,-113,13,Swisscom,false,false
1429745994623,2147483647,2147483647,2147483647,2147483647,-113,13,Swisscom,false,false
1429745994623,2147483647,2147483647,2147483647,2147483647,-113,13,Swisscom,false,false
1429745994623,2147483647,2147483647,2147483647,2147483647,-113,13,Swisscom,false,false
1429745994623,2147483647,2147483647,2147483647,2147483647,-113,13,Swisscom,false,false
1429745994623,2147483647,2147483647,2147483647,2147483647,-113,13,Swisscom,false,false
1429745994623,2147483647,2147483647,2147483647,2147483647,-113,13,Swisscom,false,false
1429745994623,2147483647,2147483647,2147483647,2147483647,-113,13,Swisscom,false,false
1429745994623,2147483647,2147483647,2147483647,2147483647,-113,13,Swisscom,false,false
1429745994623,2147483647,2147483647,2147483647,2147483647,-113,13,Swisscom,false,false
1429745994623,2147483647,2147483647,2147483647,2147483647,-113,13,Swisscom,false,false
1429745994623,2147483647,2147483647,2147483647,2147483647,-113,13,Swisscom,false,false
1429745994623,2147483647,2147483647,2147483647,2147483647,0,13,Swisscom,false,false
1429745994623,2147483647,2147483647,2147483647,2147483647,0,13,Swisscom,false,false
1429745994623,2147483647,2147483647,2147483647,2147483647,0,13,Swisscom,false,false
1429746024262,17432577,2222,1,228,-110,13,Swisscom,true,false
1429746024262,2147483647,2147483647,2147483647,2147483647,-113,13,Swisscom,false,false
1429746024262,2147483647,2147483647,2147483647,2147483647,-113,13,Swisscom,false,false
1429746024262,2147483647,2147483647,2147483647,2147483647,-113,13,Swisscom,false,false
1429746024262,2147483647,2147483647,2147483647,2147483647,-113,13,Swisscom,false,false
1429746024262,2147483647,2147483647,2147483647,2147483647,-113,13,Swisscom,false,false
1429746024262,2147483647,2147483647,2147483647,2147483647,-113,13,Swisscom,false,false
1429746024262,2147483647,2147483647,2147483647,2147483647,-113,13,Swisscom,false,false
1429746024262,2147483647,2147483647,2147483647,2147483647,-113,13,Swisscom,false,false
1429746024262,2147483647,2147483647,2147483647,2147483647,-113,13,Swisscom,false,false
1429746024262,2147483647,2147483647,2147483647,2147483647,-113,13,Swisscom,false,false
1429746024262,2147483647,2147483647,2147483647,2147483647,-113,13,Swisscom,false,false
1429746024262,2147483647,2147483647,2147483647,2147483647,-113,13,Swisscom,false,false
1429746024262,2147483647,2147483647,2147483647,2147483647,0,13,Swisscom,false,false
1429746024262,2147483647,2147483647,2147483647,2147483647,0,13,Swisscom,false,false
1429746024262,2147483647,2147483647,2147483647,2147483647,0,13,Swisscom,false,false
1429746052934,17432577,2222,1,228,-110,13,Swisscom,true,false
1429746052934,3,2147483647,2147483647,2147483647,-119,13,Swisscom,false,false
1429746113059,17432577,2222,1,228,-110,13,Swisscom,true,false
1429746113059,2147483647,2147483647,2147483647,2147483647,-113,13,Swisscom,false,false
1429746113059,2147483647,2147483647,2147483647,2147483647,-113,13,Swisscom,false,false
1429746113059,2147483647,2147483647,2147483647,2147483647,-113,13,Swisscom,false,false
1429746113059,2147483647,2147483647,2147483647,2147483647,-113,13,Swisscom,false,false
1429746113059,2147483647,2147483647,2147483647,2147483647,-113,13,Swisscom,false,false
1429746113059,2147483647,2147483647,2147483647,2147483647,-113,13,Swisscom,false,false
1429746113059,2147483647,2147483647,2147483647,2147483647,-113,13,Swisscom,false,false
1429746113059,2147483647,2147483647,2147483647,2147483647,-113,13,Swisscom,false,false
1429746113059,2147483647,2147483647,2147483647,2147483647,-113,13,Swisscom,false,false
1429746113059,2147483647,2147483647,2147483647,2147483647,-113,13,Swisscom,false,false
1429746113059,2147483647,2147483647,2147483647,2147483647,-113,13,Swisscom,false,false
1429746113059,2147483647,2147483647,2147483647,2147483647,-113,13,Swisscom,false,false
1429746113059,2147483647,2147483647,2147483647,2147483647,0,13,Swisscom,false,false
1429746113059,2147483647,2147483647,2147483647,2147483647,0,13,Swisscom,false,false
1429746113059,2147483647,2147483647,2147483647,2147483647,0,13,Swisscom,false,false
1429746182345,17432577,2222,1,228,-110,13,Swisscom,true,false
1429746182345,3,2147483647,2147483647,2147483647,-119,13,Swisscom,false,false
1429746182345,2147483647,2147483647,2147483647,2147483647,-113,13,Swisscom,false,false
1429746182345,2147483647,2147483647,2147483647,2147483647,-113,13,Swisscom,false,false
1429746182345,2147483647,2147483647,2147483647,2147483647,-113,13,Swisscom,false,false
1429746182345,2147483647,2147483647,2147483647,2147483647,-113,13,Swisscom,false,false
1429746182345,2147483647,2147483647,2147483647,2147483647,-113,13,Swisscom,false,false
1429746182345,2147483647,2147483647,2147483647,2147483647,-113,13,Swisscom,false,false
1429746182345,2147483647,2147483647,2147483647,2147483647,-113,13,Swisscom,false,false
1429746182345,2147483647,2147483647,2147483647,2147483647,-113,13,Swisscom,false,false
1429746182345,2147483647,2147483647,2147483647,2147483647,-113,13,Swisscom,false,false
1429746182345,2147483647,2147483647,2147483647,2147483647,-113,13,Swisscom,false,false
1429746182345,2147483647,2147483647,2147483647,2147483647,-113,13,Swisscom,false,false
1429746182345,2147483647,2147483647,2147483647,2147483647,-113,13,Swisscom,false,false
1429746182345,2147483647,2147483647,2147483647,2147483647,0,13,Swisscom,false,false
1429746182345,2147483647,2147483647,2147483647,2147483647,0,13,Swisscom,false,false
1429746182345,2147483647,2147483647,2147483647,2147483647,0,13,Swisscom,false,false
1429746226646,17432577,2222,1,228,-110,13,Swisscom,true,false
1429746226646,3,2147483647,2147483647,2147483647,-120,13,Swisscom,false,false
1429746226646,2147483647,2147483647,2147483647,2147483647,-113,13,Swisscom,false,false
1429746226646,2147483647,2147483647,2147483647,2147483647,-113,13,Swisscom,false,false
1429746226646,2147483647,2147483647,2147483647,2147483647,-113,13,Swisscom,false,false
1429746226646,2147483647,2147483647,2147483647,2147483647,-113,13,Swisscom,false,false
1429746226646,2147483647,2147483647,2147483647,2147483647,-113,13,Swisscom,false,false
1429746226646,2147483647,2147483647,2147483647,2147483647,-113,13,Swisscom,false,false
1429746226646,2147483647,2147483647,2147483647,2147483647,-113,13,Swisscom,false,false
1429746226646,2147483647,2147483647,2147483647,2147483647,-113,13,Swisscom,false,false
1429746226646,2147483647,2147483647,2147483647,2147483647,-113,13,Swisscom,false,false
1429746226646,2147483647,2147483647,2147483647,2147483647,-113,13,Swisscom,false,false
1429746226646,2147483647,2147483647,2147483647,2147483647,-113,13,Swisscom,false,false
1429746226646,2147483647,2147483647,2147483647,2147483647,-113,13,Swisscom,false,false
1429746226646,2147483647,2147483647,2147483647,2147483647,0,13,Swisscom,false,false
1429746226646,2147483647,2147483647,2147483647,2147483647,0,13,Swisscom,false,false
1429746226646,2147483647,2147483647,2147483647,2147483647,0,13,Swisscom,false,false
1429746254874,17432577,2222,1,228,-110,13,Swisscom,true,false
1429746254874,3,2147483647,2147483647,2147483647,-119,13,Swisscom,false,false
1429746254874,2147483647,2147483647,2147483647,2147483647,-113,13,Swisscom,false,false
1429746254874,2147483647,2147483647,2147483647,2147483647,-113,13,Swisscom,false,false
1429746254874,2147483647,2147483647,2147483647,2147483647,-113,13,Swisscom,false,false
1429746254874,2147483647,2147483647,2147483647,2147483647,-113,13,Swisscom,false,false
1429746254874,2147483647,2147483647,2147483647,2147483647,-113,13,Swisscom,false,false
1429746254874,2147483647,2147483647,2147483647,2147483647,-113,13,Swisscom,false,false
1429746254874,2147483647,2147483647,2147483647,2147483647,-113,13,Swisscom,false,false
1429746254874,2147483647,2147483647,2147483647,2147483647,-113,13,Swisscom,false,false
1429746254874,2147483647,2147483647,2147483647,2147483647,-113,13,Swisscom,false,false
1429746254874,2147483647,2147483647,2147483647,2147483647,-113,13,Swisscom,false,false
1429746254874,2147483647,2147483647,2147483647,2147483647,-113,13,Swisscom,false,false
1429746254874,2147483647,2147483647,2147483647,2147483647,-113,13,Swisscom,false,false
1429746254874,2147483647,2147483647,2147483647,2147483647,0,13,Swisscom,false,false
1429746254874,2147483647,2147483647,2147483647,2147483647,0,13,Swisscom,false,false
1429746254874,2147483647,2147483647,2147483647,2147483647,0,13,Swisscom,false,false
1429746314939,17432577,2222,1,228,-110,13,Swisscom,true,false
1429746314939,2147483647,2147483647,2147483647,2147483647,-113,13,Swisscom,false,false
1429746314939,2147483647,2147483647,2147483647,2147483647,-113,13,Swisscom,false,false
1429746314939,2147483647,2147483647,2147483647,2147483647,-113,13,Swisscom,false,false
1429746314939,2147483647,2147483647,2147483647,2147483647,-113,13,Swisscom,false,false
1429746314939,2147483647,2147483647,2147483647,2147483647,-113,13,Swisscom,false,false
1429746314939,2147483647,2147483647,2147483647,2147483647,-113,13,Swisscom,false,false
1429746314939,2147483647,2147483647,2147483647,2147483647,-113,13,Swisscom,false,false
1429746314939,2147483647,2147483647,2147483647,2147483647,-113,13,Swisscom,false,false
1429746314939,2147483647,2147483647,2147483647,2147483647,-113,13,Swisscom,false,false
1429746314939,2147483647,2147483647,2147483647,2147483647,-113,13,Swisscom,false,false
1429746314939,2147483647,2147483647,2147483647,2147483647,-113,13,Swisscom,false,false
1429746314939,2147483647,2147483647,2147483647,2147483647,-113,13,Swisscom,false,false
1429746314939,2147483647,2147483647,2147483647,2147483647,0,13,Swisscom,false,false
1429746314939,2147483647,2147483647,2147483647,2147483647,0,13,Swisscom,false,false
1429746314939,2147483647,2147483647,2147483647,2147483647,0,13,Swisscom,false,false
1429746374934,17432577,2222,1,228,-110,13,Swisscom,true,false
1429746374934,3,2147483647,2147483647,2147483647,-119,13,Swisscom,false,false
1429746374934,2147483647,2147483647,2147483647,2147483647,-113,13,Swisscom,false,false
1429746374934,2147483647,2147483647,2147483647,2147483647,-113,13,Swisscom,false,false
1429746374934,2147483647,2147483647,2147483647,2147483647,-113,13,Swisscom,false,false
1429746374934,2147483647,2147483647,2147483647,2147483647,-113,13,Swisscom,false,false
1429746374934,2147483647,2147483647,2147483647,2147483647,-113,13,Swisscom,false,false
1429746374934,2147483647,2147483647,2147483647,2147483647,-113,13,Swisscom,false,false
1429746374934,2147483647,2147483647,2147483647,2147483647,-113,13,Swisscom,false,false
1429746374934,2147483647,2147483647,2147483647,2147483647,-113,13,Swisscom,false,false
1429746374934,2147483647,2147483647,2147483647,2147483647,-113,13,Swisscom,false,false
1429746374934,2147483647,2147483647,2147483647,2147483647,-113,13,Swisscom,false,false
1429746374934,2147483647,2147483647,2147483647,2147483647,-113,13,Swisscom,false,false
1429746374934,2147483647,2147483647,2147483647,2147483647,-113,13,Swisscom,false,false
1429746374934,2147483647,2147483647,2147483647,2147483647,0,13,Swisscom,false,false
1429746374934,2147483647,2147483647,2147483647,2147483647,0,13,Swisscom,false,false
1429746374934,2147483647,2147483647,2147483647,2147483647,0,13,Swisscom,false,false
1429746414487,17432577,2222,1,228,-110,13,Swisscom,true,false
1429746414487,2147483647,2147483647,2147483647,2147483647,-113,13,Swisscom,false,false
1429746414487,2147483647,2147483647,2147483647,2147483647,-113,13,Swisscom,false,false
1429746414487,2147483647,2147483647,2147483647,2147483647,-113,13,Swisscom,false,false
1429746414487,2147483647,2147483647,2147483647,2147483647,-113,13,Swisscom,false,false
1429746414487,2147483647,2147483647,2147483647,2147483647,-113,13,Swisscom,false,false
1429746414487,2147483647,2147483647,2147483647,2147483647,-113,13,Swisscom,false,false
1429746414487,2147483647,2147483647,2147483647,2147483647,-113,13,Swisscom,false,false
1429746414487,2147483647,2147483647,2147483647,2147483647,-113,13,Swisscom,false,false
1429746414487,2147483647,2147483647,2147483647,2147483647,-113,13,Swisscom,false,false
1429746414487,2147483647,2147483647,2147483647,2147483647,-113,13,Swisscom,false,false
1429746414487,2147483647,2147483647,2147483647,2147483647,-113,13,Swisscom,false,false
1429746414487,2147483647,2147483647,2147483647,2147483647,-113,13,Swisscom,false,false
1429746414487,2147483647,2147483647,2147483647,2147483647,0,13,Swisscom,false,false
1429746414487,2147483647,2147483647,2147483647,2147483647,0,13,Swisscom,false,false
1429746414487,2147483647,2147483647,2147483647,2147483647,0,13,Swisscom,false,false
1429746442979,17432577,2222,1,228,-110,13,Swisscom,true,false
1429746502974,17432577,2222,1,228,-110,13,Swisscom,true,false
1429746502974,3,2147483647,2147483647,2147483647,-119,13,Swisscom,false,false
1429746502974,2147483647,2147483647,2147483647,2147483647,-113,13,Swisscom,false,false
1429746502974,2147483647,2147483647,2147483647,2147483647,-113,13,Swisscom,false,false
1429746502974,2147483647,2147483647,2147483647,2147483647,-113,13,Swisscom,false,false
1429746502974,2147483647,2147483647,2147483647,2147483647,-113,13,Swisscom,false,false
1429746502974,2147483647,2147483647,2147483647,2147483647,-113,13,Swisscom,false,false
1429746502974,2147483647,2147483647,2147483647,2147483647,-113,13,Swisscom,false,false
1429746502974,2147483647,2147483647,2147483647,2147483647,-113,13,Swisscom,false,false
1429746502974,2147483647,2147483647,2147483647,2147483647,-113,13,Swisscom,false,false
1429746502974,2147483647,2147483647,2147483647,2147483647,-113,13,Swisscom,false,false
1429746502974,2147483647,2147483647,2147483647,2147483647,-113,13,Swisscom,false,false
1429746502974,2147483647,2147483647,2147483647,2147483647,-113,13,Swisscom,false,false
1429746502974,2147483647,2147483647,2147483647,2147483647,-113,13,Swisscom,false,false
1429746502974,2147483647,2147483647,2147483647,2147483647,0,13,Swisscom,false,false
1429746502974,2147483647,2147483647,2147483647,2147483647,0,13,Swisscom,false,false
1429746502974,2147483647,2147483647,2147483647,2147483647,0,13,Swisscom,false,false
1429746563216,17432577,2222,1,228,-110,13,Swisscom,true,false
1429746563216,2147483647,2147483647,2147483647,2147483647,-113,13,Swisscom,false,false
1429746563216,2147483647,2147483647,2147483647,2147483647,-113,13,Swisscom,false,false
1429746563216,2147483647,2147483647,2147483647,2147483647,-113,13,Swisscom,false,false
1429746563216,2147483647,2147483647,2147483647,2147483647,-113,13,Swisscom,false,false
1429746563216,2147483647,2147483647,2147483647,2147483647,-113,13,Swisscom,false,false
1429746563216,2147483647,2147483647,2147483647,2147483647,-113,13,Swisscom,false,false
1429746563216,2147483647,2147483647,2147483647,2147483647,-113,13,Swisscom,false,false
1429746563216,2147483647,2147483647,2147483647,2147483647,-113,13,Swisscom,false,false
1429746563216,2147483647,2147483647,2147483647,2147483647,-113,13,Swisscom,false,false
1429746563216,2147483647,2147483647,2147483647,2147483647,-113,13,Swisscom,false,false
1429746563216,2147483647,2147483647,2147483647,2147483647,-113,13,Swisscom,false,false
1429746563216,2147483647,2147483647,2147483647,2147483647,-113,13,Swisscom,false,false
1429746563216,2147483647,2147483647,2147483647,2147483647,0,13,Swisscom,false,false
1429746563216,2147483647,2147483647,2147483647,2147483647,0,13,Swisscom,false,false
1429746563216,2147483647,2147483647,2147483647,2147483647,0,13,Swisscom,false,false
1429746623255,17432577,2222,1,228,-110,13,Swisscom,true,false
1429746623255,2147483647,2147483647,2147483647,2147483647,-113,13,Swisscom,false,false
1429746623255,2147483647,2147483647,2147483647,2147483647,-113,13,Swisscom,false,false
1429746623255,2147483647,2147483647,2147483647,2147483647,-113,13,Swisscom,false,false
1429746623255,2147483647,2147483647,2147483647,2147483647,-113,13,Swisscom,false,false
1429746623255,2147483647,2147483647,2147483647,2147483647,-113,13,Swisscom,false,false
1429746623255,2147483647,2147483647,2147483647,2147483647,-113,13,Swisscom,false,false
1429746623255,2147483647,2147483647,2147483647,2147483647,-113,13,Swisscom,false,false
1429746623255,2147483647,2147483647,2147483647,2147483647,-113,13,Swisscom,false,false
1429746623255,2147483647,2147483647,2147483647,2147483647,-113,13,Swisscom,false,false
1429746623255,2147483647,2147483647,2147483647,2147483647,-113,13,Swisscom,false,false
1429746623255,2147483647,2147483647,2147483647,2147483647,-113,13,Swisscom,false,false
1429746623255,2147483647,2147483647,2147483647,2147483647,-113,13,Swisscom,false,false
1429746623255,2147483647,2147483647,2147483647,2147483647,0,13,Swisscom,false,false
1429746623255,2147483647,2147483647,2147483647,2147483647,0,13,Swisscom,false,false
1429746623626,17432577,2222,1,228,-110,13,Swisscom,true,false
1429746623626,2147483647,2147483647,2147483647,2147483647,-113,13,Swisscom,false,false
1429746623626,2147483647,2147483647,2147483647,2147483647,-113,13,Swisscom,false,false
1429746623626,2147483647,2147483647,2147483647,2147483647,-113,13,Swisscom,false,false
1429746623626,2147483647,2147483647,2147483647,2147483647,-113,13,Swisscom,false,false
1429746623626,2147483647,2147483647,2147483647,2147483647,-113,13,Swisscom,false,false
1429746623626,2147483647,2147483647,2147483647,2147483647,-113,13,Swisscom,false,false
1429746623626,2147483647,2147483647,2147483647,2147483647,-113,13,Swisscom,false,false
1429746623626,2147483647,2147483647,2147483647,2147483647,-113,13,Swisscom,false,false
1429746623626,2147483647,2147483647,2147483647,2147483647,-113,13,Swisscom,false,false
1429746623626,2147483647,2147483647,2147483647,2147483647,-113,13,Swisscom,false,false
1429746623626,2147483647,2147483647,2147483647,2147483647,-113,13,Swisscom,false,false
1429746623626,2147483647,2147483647,2147483647,2147483647,-113,13,Swisscom,false,false
1429746623626,2147483647,2147483647,2147483647,2147483647,0,13,Swisscom,false,false
1429746623626,2147483647,2147483647,2147483647,2147483647,0,13,Swisscom,false,false
1429746651871,17432577,2222,1,228,-110,13,Swisscom,true,false
1429746651871,3,2147483647,2147483647,2147483647,-120,13,Swisscom,false,false
1429746651871,4,2147483647,2147483647,2147483647,-124,13,Swisscom,false,false
1429746651871,2147483647,2147483647,2147483647,2147483647,-113,13,Swisscom,false,false
1429746651871,2147483647,2147483647,2147483647,2147483647,-113,13,Swisscom,false,false
1429746651871,2147483647,2147483647,2147483647,2147483647,-113,13,Swisscom,false,false
1429746651871,2147483647,2147483647,2147483647,2147483647,-113,13,Swisscom,false,false
1429746651871,2147483647,2147483647,2147483647,2147483647,-113,13,Swisscom,false,false
1429746651871,2147483647,2147483647,2147483647,2147483647,-113,13,Swisscom,false,false
1429746651871,2147483647,2147483647,2147483647,2147483647,-113,13,Swisscom,false,false
1429746651871,2147483647,2147483647,2147483647,2147483647,-113,13,Swisscom,false,false
1429746651871,2147483647,2147483647,2147483647,2147483647,-113,13,Swisscom,false,false
1429746651871,2147483647,2147483647,2147483647,2147483647,-113,13,Swisscom,false,false
1429746651871,2147483647,2147483647,2147483647,2147483647,-113,13,Swisscom,false,false
1429746651871,2147483647,2147483647,2147483647,2147483647,-113,13,Swisscom,false,false
1429746651871,2147483647,2147483647,2147483647,2147483647,0,13,Swisscom,false,false
1429746651871,2147483647,2147483647,2147483647,2147483647,0,13,Swisscom,false,false
1429746714501,17432577,2222,1,228,-110,13,Swisscom,true,false
1429746714501,3,2147483647,2147483647,2147483647,-119,13,Swisscom,false,false
1429746714501,2147483647,2147483647,2147483647,2147483647,-113,13,Swisscom,false,false
1429746714501,2147483647,2147483647,2147483647,2147483647,-113,13,Swisscom,false,false
1429746714501,2147483647,2147483647,2147483647,2147483647,-113,13,Swisscom,false,false
1429746714501,2147483647,2147483647,2147483647,2147483647,-113,13,Swisscom,false,false
1429746714501,2147483647,2147483647,2147483647,2147483647,-113,13,Swisscom,false,false
1429746714501,2147483647,2147483647,2147483647,2147483647,-113,13,Swisscom,false,false
1429746714501,2147483647,2147483647,2147483647,2147483647,-113,13,Swisscom,false,false
1429746714501,2147483647,2147483647,2147483647,2147483647,-113,13,Swisscom,false,false
1429746714501,2147483647,2147483647,2147483647,2147483647,-113,13,Swisscom,false,false
1429746714501,2147483647,2147483647,2147483647,2147483647,-113,13,Swisscom,false,false
1429746714501,2147483647,2147483647,2147483647,2147483647,-113,13,Swisscom,false,false
1429746714501,2147483647,2147483647,2147483647,2147483647,-113,13,Swisscom,false,false
1429746714501,2147483647,2147483647,2147483647,2147483647,0,13,Swisscom,false,false
1429746774515,17432577,2222,1,228,-110,13,Swisscom,true,false
1429746774515,3,2147483647,2147483647,2147483647,-120,13,Swisscom,false,false
1429746774515,4,2147483647,2147483647,2147483647,-123,13,Swisscom,false,false
1429746774515,2147483647,2147483647,2147483647,2147483647,-113,13,Swisscom,false,false
1429746774515,2147483647,2147483647,2147483647,2147483647,-113,13,Swisscom,false,false
1429746774515,2147483647,2147483647,2147483647,2147483647,-113,13,Swisscom,false,false
1429746774515,2147483647,2147483647,2147483647,2147483647,-113,13,Swisscom,false,false
1429746774515,2147483647,2147483647,2147483647,2147483647,-113,13,Swisscom,false,false
1429746774515,2147483647,2147483647,2147483647,2147483647,-113,13,Swisscom,false,false
1429746774515,2147483647,2147483647,2147483647,2147483647,-113,13,Swisscom,false,false
1429746774515,2147483647,2147483647,2147483647,2147483647,-113,13,Swisscom,false,false
1429746774515,2147483647,2147483647,2147483647,2147483647,-113,13,Swisscom,false,false
1429746774515,2147483647,2147483647,2147483647,2147483647,-113,13,Swisscom,false,false
1429746774515,2147483647,2147483647,2147483647,2147483647,-113,13,Swisscom,false,false
1429746774515,2147483647,2147483647,2147483647,2147483647,-113,13,Swisscom,false,false
1429746774515,2147483647,2147483647,2147483647,2147483647,0,13,Swisscom,false,false
1429746798603,17432577,2222,1,228,-110,13,Swisscom,true,false
1429746798603,3,2147483647,2147483647,2147483647,-120,13,Swisscom,false,false
1429746798603,2147483647,2147483647,2147483647,2147483647,-113,13,Swisscom,false,false
1429746798603,2147483647,2147483647,2147483647,2147483647,-113,13,Swisscom,false,false
1429746798603,2147483647,2147483647,2147483647,2147483647,-113,13,Swisscom,false,false
1429746798603,2147483647,2147483647,2147483647,2147483647,-113,13,Swisscom,false,false
1429746798603,2147483647,2147483647,2147483647,2147483647,-113,13,Swisscom,false,false
1429746798603,2147483647,2147483647,2147483647,2147483647,-113,13,Swisscom,false,false
1429746798603,2147483647,2147483647,2147483647,2147483647,-113,13,Swisscom,false,false
1429746798603,2147483647,2147483647,2147483647,2147483647,-113,13,Swisscom,false,false
1429746798603,2147483647,2147483647,2147483647,2147483647,-113,13,Swisscom,false,false
1429746798603,2147483647,2147483647,2147483647,2147483647,-113,13,Swisscom,false,false
1429746798603,2147483647,2147483647,2147483647,2147483647,-113,13,Swisscom,false,false
1429746798603,2147483647,2147483647,2147483647,2147483647,-113,13,Swisscom,false,false
1429746798603,2147483647,2147483647,2147483647,2147483647,0,13,Swisscom,false,false
1429746826976,17432577,2222,1,228,-110,13,Swisscom,true,false
1429746826976,3,2147483647,2147483647,2147483647,-120,13,Swisscom,false,false
1429746886984,17432577,2222,1,228,-110,13,Swisscom,true,false
1429746886984,3,2147483647,2147483647,2147483647,-120,13,Swisscom,false,false
1429746954568,17432577,2222,1,228,-110,13,Swisscom,true,false
1429746954568,2147483647,2147483647,2147483647,2147483647,-113,13,Swisscom,false,false
1429746954568,2147483647,2147483647,2147483647,2147483647,-113,13,Swisscom,false,false
1429746954568,2147483647,2147483647,2147483647,2147483647,-113,13,Swisscom,false,false
1429746954568,2147483647,2147483647,2147483647,2147483647,-113,13,Swisscom,false,false
1429746954568,2147483647,2147483647,2147483647,2147483647,-113,13,Swisscom,false,false
1429746954568,2147483647,2147483647,2147483647,2147483647,-113,13,Swisscom,false,false
1429746954568,2147483647,2147483647,2147483647,2147483647,-113,13,Swisscom,false,false
1429746954568,2147483647,2147483647,2147483647,2147483647,-113,13,Swisscom,false,false
1429746954568,2147483647,2147483647,2147483647,2147483647,-113,13,Swisscom,false,false
1429746954568,2147483647,2147483647,2147483647,2147483647,-113,13,Swisscom,false,false
1429746954568,2147483647,2147483647,2147483647,2147483647,-113,13,Swisscom,false,false
1429746954568,2147483647,2147483647,2147483647,2147483647,-113,13,Swisscom,false,false
1429746954568,2147483647,2147483647,2147483647,2147483647,0,13,Swisscom,false,false
1429746992831,17432577,2222,1,228,-110,13,Swisscom,true,false
1429746992831,2147483647,2147483647,2147483647,2147483647,-113,13,Swisscom,false,false
1429746992831,2147483647,2147483647,2147483647,2147483647,-113,13,Swisscom,false,false
1429746992831,2147483647,2147483647,2147483647,2147483647,-113,13,Swisscom,false,false
1429746992831,2147483647,2147483647,2147483647,2147483647,-113,13,Swisscom,false,false
1429746992831,2147483647,2147483647,2147483647,2147483647,-113,13,Swisscom,false,false
1429746992831,2147483647,2147483647,2147483647,2147483647,-113,13,Swisscom,false,false
1429746992831,2147483647,2147483647,2147483647,2147483647,-113,13,Swisscom,false,false
1429746992831,2147483647,2147483647,2147483647,2147483647,-113,13,Swisscom,false,false
1429746992831,2147483647,2147483647,2147483647,2147483647,-113,13,Swisscom,false,false
1429746992831,2147483647,2147483647,2147483647,2147483647,-113,13,Swisscom,false,false
1429746992831,2147483647,2147483647,2147483647,2147483647,-113,13,Swisscom,false,false
1429746992831,2147483647,2147483647,2147483647,2147483647,-113,13,Swisscom,false,false
1429746992831,2147483647,2147483647,2147483647,2147483647,0,13,Swisscom,false,false
1429747021080,17432577,2222,1,228,-110,13,Swisscom,true,false
1429747021080,3,2147483647,2147483647,2147483647,-121,13,Swisscom,false,false
1429747021080,2147483647,2147483647,2147483647,2147483647,-113,13,Swisscom,false,false
1429747021080,2147483647,2147483647,2147483647,2147483647,-113,13,Swisscom,false,false
1429747021080,2147483647,2147483647,2147483647,2147483647,-113,13,Swisscom,false,false
1429747021080,2147483647,2147483647,2147483647,2147483647,-113,13,Swisscom,false,false
1429747021080,2147483647,2147483647,2147483647,2147483647,-113,13,Swisscom,false,false
1429747021080,2147483647,2147483647,2147483647,2147483647,-113,13,Swisscom,false,false
1429747021080,2147483647,2147483647,2147483647,2147483647,-113,13,Swisscom,false,false
1429747021080,2147483647,2147483647,2147483647,2147483647,-113,13,Swisscom,false,false
1429747021080,2147483647,2147483647,2147483647,2147483647,-113,13,Swisscom,false,false
1429747021080,2147483647,2147483647,2147483647,2147483647,-113,13,Swisscom,false,false
1429747021080,2147483647,2147483647,2147483647,2147483647,-113,13,Swisscom,false,false
1429747021080,2147483647,2147483647,2147483647,2147483647,-113,13,Swisscom,false,false
1429747021080,2147483647,2147483647,2147483647,2147483647,0,13,Swisscom,false,false
1429747110612,17432577,2222,1,228,-110,13,Swisscom,true,false
1429747110612,2147483647,2147483647,2147483647,2147483647,-113,13,Swisscom,false,false
1429747110612,2147483647,2147483647,2147483647,2147483647,-113,13,Swisscom,false,false
1429747110612,2147483647,2147483647,2147483647,2147483647,-113,13,Swisscom,false,false
1429747110612,2147483647,2147483647,2147483647,2147483647,-113,13,Swisscom,false,false
1429747110612,2147483647,2147483647,2147483647,2147483647,-113,13,Swisscom,false,false
1429747110612,2147483647,2147483647,2147483647,2147483647,-113,13,Swisscom,false,false
1429747110612,2147483647,2147483647,2147483647,2147483647,-113,13,Swisscom,false,false
1429747110612,2147483647,2147483647,2147483647,2147483647,-113,13,Swisscom,false,false
1429747110612,2147483647,2147483647,2147483647,2147483647,-113,13,Swisscom,false,false
1429747110612,2147483647,2147483647,2147483647,2147483647,-113,13,Swisscom,false,false
1429747110612,2147483647,2147483647,2147483647,2147483647,-113,13,Swisscom,false,false
1429747110612,2147483647,2147483647,2147483647,2147483647,-113,13,Swisscom,false,false
1429747110612,2147483647,2147483647,2147483647,2147483647,0,13,Swisscom,false,false
1429747170711,17432577,2222,1,228,-110,13,Swisscom,true,false
1429747170711,2147483647,2147483647,2147483647,2147483647,-113,13,Swisscom,false,false
1429747170711,2147483647,2147483647,2147483647,2147483647,-113,13,Swisscom,false,false
1429747170711,2147483647,2147483647,2147483647,2147483647,-113,13,Swisscom,false,false
1429747170711,2147483647,2147483647,2147483647,2147483647,-113,13,Swisscom,false,false
1429747170711,2147483647,2147483647,2147483647,2147483647,-113,13,Swisscom,false,false
1429747170711,2147483647,2147483647,2147483647,2147483647,-113,13,Swisscom,false,false
1429747170711,2147483647,2147483647,2147483647,2147483647,-113,13,Swisscom,false,false
1429747170711,2147483647,2147483647,2147483647,2147483647,-113,13,Swisscom,false,false
1429747170711,2147483647,2147483647,2147483647,2147483647,-113,13,Swisscom,false,false
1429747170711,2147483647,2147483647,2147483647,2147483647,-113,13,Swisscom,false,false
1429747170711,2147483647,2147483647,2147483647,2147483647,-113,13,Swisscom,false,false
1429747170711,2147483647,2147483647,2147483647,2147483647,-113,13,Swisscom,false,false
1429747170711,2147483647,2147483647,2147483647,2147483647,0,13,Swisscom,false,false
1429747179463,17432577,2222,1,228,-110,13,Swisscom,true,false
1429747179463,3,2147483647,2147483647,2147483647,-120,13,Swisscom,false,false
1429747179463,4,2147483647,2147483647,2147483647,-123,13,Swisscom,false,false
1429747206877,17432577,2222,1,228,-110,13,Swisscom,true,false
1429747206877,3,2147483647,2147483647,2147483647,-121,13,Swisscom,false,false
1429747267008,17432577,2222,1,228,-110,13,Swisscom,true,false
1429747267008,2147483647,2147483647,2147483647,2147483647,-113,13,Swisscom,false,false
1429747267008,2147483647,2147483647,2147483647,2147483647,-113,13,Swisscom,false,false
1429747267008,2147483647,2147483647,2147483647,2147483647,-113,13,Swisscom,false,false
1429747267008,2147483647,2147483647,2147483647,2147483647,-113,13,Swisscom,false,false
1429747267008,2147483647,2147483647,2147483647,2147483647,-113,13,Swisscom,false,false
1429747267008,2147483647,2147483647,2147483647,2147483647,-113,13,Swisscom,false,false
1429747267008,2147483647,2147483647,2147483647,2147483647,-113,13,Swisscom,false,false
1429747267008,2147483647,2147483647,2147483647,2147483647,-113,13,Swisscom,false,false
1429747267008,2147483647,2147483647,2147483647,2147483647,-113,13,Swisscom,false,false
1429747267008,2147483647,2147483647,2147483647,2147483647,-113,13,Swisscom,false,false
1429747267008,2147483647,2147483647,2147483647,2147483647,-113,13,Swisscom,false,false
1429747267008,2147483647,2147483647,2147483647,2147483647,-113,13,Swisscom,false,false
1429747267008,2147483647,2147483647,2147483647,2147483647,0,13,Swisscom,false,false
1429747350979,17432577,2222,1,228,-110,13,Swisscom,true,false
1429747350979,3,2147483647,2147483647,2147483647,-121,13,Swisscom,false,false
1429747350979,2147483647,2147483647,2147483647,2147483647,-113,13,Swisscom,false,false
1429747350979,2147483647,2147483647,2147483647,2147483647,-113,13,Swisscom,false,false
1429747350979,2147483647,2147483647,2147483647,2147483647,-113,13,Swisscom,false,false
1429747350979,2147483647,2147483647,2147483647,2147483647,-113,13,Swisscom,false,false
1429747350979,2147483647,2147483647,2147483647,2147483647,-113,13,Swisscom,false,false
1429747350979,2147483647,2147483647,2147483647,2147483647,-113,13,Swisscom,false,false
1429747350979,2147483647,2147483647,2147483647,2147483647,-113,13,Swisscom,false,false
1429747350979,2147483647,2147483647,2147483647,2147483647,-113,13,Swisscom,false,false
1429747350979,2147483647,2147483647,2147483647,2147483647,-113,13,Swisscom,false,false
1429747350979,2147483647,2147483647,2147483647,2147483647,-113,13,Swisscom,false,false
1429747350979,2147483647,2147483647,2147483647,2147483647,-113,13,Swisscom,false,false
1429747350979,2147483647,2147483647,2147483647,2147483647,-113,13,Swisscom,false,false
1429747350979,2147483647,2147483647,2147483647,2147483647,0,13,Swisscom,false,false
1429747368734,17432577,2222,1,228,-110,13,Swisscom,true,false
1429747368734,3,2147483647,2147483647,2147483647,-120,13,Swisscom,false,false
1429747368734,2147483647,2147483647,2147483647,2147483647,-113,13,Swisscom,false,false
1429747368734,2147483647,2147483647,2147483647,2147483647,-113,13,Swisscom,false,false
1429747368734,2147483647,2147483647,2147483647,2147483647,-113,13,Swisscom,false,false
1429747368734,2147483647,2147483647,2147483647,2147483647,-113,13,Swisscom,false,false
1429747368734,2147483647,2147483647,2147483647,2147483647,-113,13,Swisscom,false,false
1429747368734,2147483647,2147483647,2147483647,2147483647,-113,13,Swisscom,false,false
1429747368734,2147483647,2147483647,2147483647,2147483647,-113,13,Swisscom,false,false
1429747368734,2147483647,2147483647,2147483647,2147483647,-113,13,Swisscom,false,false
1429747368734,2147483647,2147483647,2147483647,2147483647,-113,13,Swisscom,false,false
1429747368734,2147483647,2147483647,2147483647,2147483647,-113,13,Swisscom,false,false
1429747368734,2147483647,2147483647,2147483647,2147483647,-113,13,Swisscom,false,false
1429747368734,2147483647,2147483647,2147483647,2147483647,-113,13,Swisscom,false,false
1429747368734,2147483647,2147483647,2147483647,2147483647,0,13,Swisscom,false,false
1429747396848,17432577,2222,1,228,-110,13,Swisscom,true,false
1429747396848,2147483647,2147483647,2147483647,2147483647,-113,13,Swisscom,false,false
1429747396848,2147483647,2147483647,2147483647,2147483647,-113,13,Swisscom,false,false
1429747396848,2147483647,2147483647,2147483647,2147483647,-113,13,Swisscom,false,false
1429747396848,2147483647,2147483647,2147483647,2147483647,-113,13,Swisscom,false,false
1429747396848,2147483647,2147483647,2147483647,2147483647,-113,13,Swisscom,false,false
1429747396848,2147483647,2147483647,2147483647,2147483647,-113,13,Swisscom,false,false
1429747396848,2147483647,2147483647,2147483647,2147483647,-113,13,Swisscom,false,false
1429747396848,2147483647,2147483647,2147483647,2147483647,-113,13,Swisscom,false,false
1429747396848,2147483647,2147483647,2147483647,2147483647,-113,13,Swisscom,false,false
1429747396848,2147483647,2147483647,2147483647,2147483647,-113,13,Swisscom,false,false
1429747396848,2147483647,2147483647,2147483647,2147483647,-113,13,Swisscom,false,false
1429747396848,2147483647,2147483647,2147483647,2147483647,-113,13,Swisscom,false,false
1429747396848,2147483647,2147483647,2147483647,2147483647,0,13,Swisscom,false,false
1429747471160,17432577,2222,1,228,-110,13,Swisscom,true,false
1429747471160,2147483647,2147483647,2147483647,2147483647,-113,13,Swisscom,false,false
1429747471160,2147483647,2147483647,2147483647,2147483647,-113,13,Swisscom,false,false
1429747471160,2147483647,2147483647,2147483647,2147483647,-113,13,Swisscom,false,false
1429747471160,2147483647,2147483647,2147483647,2147483647,-113,13,Swisscom,false,false
1429747471160,2147483647,2147483647,2147483647,2147483647,-113,13,Swisscom,false,false
1429747471160,2147483647,2147483647,2147483647,2147483647,-113,13,Swisscom,false,false
1429747471160,2147483647,2147483647,2147483647,2147483647,-113,13,Swisscom,false,false
1429747471160,2147483647,2147483647,2147483647,2147483647,-113,13,Swisscom,false,false
1429747471160,2147483647,2147483647,2147483647,2147483647,-113,13,Swisscom,false,false
1429747471160,2147483647,2147483647,2147483647,2147483647,-113,13,Swisscom,false,false
1429747471160,2147483647,2147483647,2147483647,2147483647,-113,13,Swisscom,false,false
1429747471160,2147483647,2147483647,2147483647,2147483647,-113,13,Swisscom,false,false
1429747471160,2147483647,2147483647,2147483647,2147483647,0,13,Swisscom,false,false
1429747531174,17432577,2222,1,228,-110,13,Swisscom,true,false
1429747531174,3,2147483647,2147483647,2147483647,-120,13,Swisscom,false,false
1429747531174,4,2147483647,2147483647,2147483647,-121,13,Swisscom,false,false
1429747531174,2147483647,2147483647,2147483647,2147483647,-113,13,Swisscom,false,false
1429747531174,2147483647,2147483647,2147483647,2147483647,-113,13,Swisscom,false,false
1429747531174,2147483647,2147483647,2147483647,2147483647,-113,13,Swisscom,false,false
1429747531174,2147483647,2147483647,2147483647,2147483647,-113,13,Swisscom,false,false
1429747531174,2147483647,2147483647,2147483647,2147483647,-113,13,Swisscom,false,false
1429747531174,2147483647,2147483647,2147483647,2147483647,-113,13,Swisscom,false,false
1429747531174,2147483647,2147483647,2147483647,2147483647,-113,13,Swisscom,false,false
1429747531174,2147483647,2147483647,2147483647,2147483647,-113,13,Swisscom,false,false
1429747531174,2147483647,2147483647,2147483647,2147483647,-113,13,Swisscom,false,false
1429747531174,2147483647,2147483647,2147483647,2147483647,-113,13,Swisscom,false,false
1429747531174,2147483647,2147483647,2147483647,2147483647,-113,13,Swisscom,false,false
1429747531174,2147483647,2147483647,2147483647,2147483647,-113,13,Swisscom,false,false
1429747531174,2147483647,2147483647,2147483647,2147483647,0,13,Swisscom,false,false
1429747554409,17432577,2222,1,228,-110,13,Swisscom,true,false
1429747554409,3,2147483647,2147483647,2147483647,-121,13,Swisscom,false,false
1429747554409,4,2147483647,2147483647,2147483647,-122,13,Swisscom,false,false
1429747554409,2147483647,2147483647,2147483647,2147483647,-113,13,Swisscom,false,false
1429747554409,2147483647,2147483647,2147483647,2147483647,-113,13,Swisscom,false,false
1429747554409,2147483647,2147483647,2147483647,2147483647,-113,13,Swisscom,false,false
1429747554409,2147483647,2147483647,2147483647,2147483647,-113,13,Swisscom,false,false
1429747554409,2147483647,2147483647,2147483647,2147483647,-113,13,Swisscom,false,false
1429747554409,2147483647,2147483647,2147483647,2147483647,-113,13,Swisscom,false,false
1429747554409,2147483647,2147483647,2147483647,2147483647,-113,13,Swisscom,false,false
1429747554409,2147483647,2147483647,2147483647,2147483647,-113,13,Swisscom,false,false
1429747554409,2147483647,2147483647,2147483647,2147483647,-113,13,Swisscom,false,false
1429747554409,2147483647,2147483647,2147483647,2147483647,-113,13,Swisscom,false,false
1429747554409,2147483647,2147483647,2147483647,2147483647,-113,13,Swisscom,false,false
1429747554409,2147483647,2147483647,2147483647,2147483647,-113,13,Swisscom,false,false
1429747554409,2147483647,2147483647,2147483647,2147483647,0,13,Swisscom,false,false
1429747582899,17432577,2222,1,228,-110,13,Swisscom,true,false
1429747651471,17432577,2222,1,228,-110,13,Swisscom,true,false
1429747651471,2147483647,2147483647,2147483647,2147483647,-113,13,Swisscom,false,false
1429747651471,2147483647,2147483647,2147483647,2147483647,-113,13,Swisscom,false,false
1429747651471,2147483647,2147483647,2147483647,2147483647,-113,13,Swisscom,false,false
1429747651471,2147483647,2147483647,2147483647,2147483647,-113,13,Swisscom,false,false
1429747651471,2147483647,2147483647,2147483647,2147483647,-113,13,Swisscom,false,false
1429747651471,2147483647,2147483647,2147483647,2147483647,-113,13,Swisscom,false,false
1429747651471,2147483647,2147483647,2147483647,2147483647,-113,13,Swisscom,false,false
1429747651471,2147483647,2147483647,2147483647,2147483647,-113,13,Swisscom,false,false
1429747651471,2147483647,2147483647,2147483647,2147483647,-113,13,Swisscom,false,false
1429747651471,2147483647,2147483647,2147483647,2147483647,-113,13,Swisscom,false,false
1429747651471,2147483647,2147483647,2147483647,2147483647,-113,13,Swisscom,false,false
1429747651471,2147483647,2147483647,2147483647,2147483647,-113,13,Swisscom,false,false
1429747651471,2147483647,2147483647,2147483647,2147483647,0,13,Swisscom,false,false
1429747711578,17432577,2222,1,228,-110,13,Swisscom,true,false
1429747711578,2147483647,2147483647,2147483647,2147483647,-113,13,Swisscom,false,false
1429747711578,2147483647,2147483647,2147483647,2147483647,-113,13,Swisscom,false,false
1429747711578,2147483647,2147483647,2147483647,2147483647,-113,13,Swisscom,false,false
1429747711578,2147483647,2147483647,2147483647,2147483647,-113,13,Swisscom,false,false
1429747711578,2147483647,2147483647,2147483647,2147483647,-113,13,Swisscom,false,false
1429747711578,2147483647,2147483647,2147483647,2147483647,-113,13,Swisscom,false,false
1429747711578,2147483647,2147483647,2147483647,2147483647,-113,13,Swisscom,false,false
1429747711578,2147483647,2147483647,2147483647,2147483647,-113,13,Swisscom,false,false
1429747711578,2147483647,2147483647,2147483647,2147483647,-113,13,Swisscom,false,false
1429747711578,2147483647,2147483647,2147483647,2147483647,-113,13,Swisscom,false,false
1429747711578,2147483647,2147483647,2147483647,2147483647,-113,13,Swisscom,false,false
1429747711578,2147483647,2147483647,2147483647,2147483647,-113,13,Swisscom,false,false
1429747711578,2147483647,2147483647,2147483647,2147483647,0,13,Swisscom,false,false
1429747711578,2147483647,2147483647,2147483647,2147483647,0,13,Swisscom,false,false
1429747737262,17432577,2222,1,228,-110,13,Swisscom,true,false
1429747737262,3,2147483647,2147483647,2147483647,-122,13,Swisscom,false,false
1429747737262,4,2147483647,2147483647,2147483647,-122,13,Swisscom,false,false
1429747737262,2147483647,2147483647,2147483647,2147483647,-113,13,Swisscom,false,false
1429747737262,2147483647,2147483647,2147483647,2147483647,-113,13,Swisscom,false,false
1429747737262,2147483647,2147483647,2147483647,2147483647,-113,13,Swisscom,false,false
1429747737262,2147483647,2147483647,2147483647,2147483647,-113,13,Swisscom,false,false
1429747737262,2147483647,2147483647,2147483647,2147483647,-113,13,Swisscom,false,false
1429747737262,2147483647,2147483647,2147483647,2147483647,-113,13,Swisscom,false,false
1429747737262,2147483647,2147483647,2147483647,2147483647,-113,13,Swisscom,false,false
1429747737262,2147483647,2147483647,2147483647,2147483647,-113,13,Swisscom,false,false
1429747737262,2147483647,2147483647,2147483647,2147483647,-113,13,Swisscom,false,false
1429747737262,2147483647,2147483647,2147483647,2147483647,-113,13,Swisscom,false,false
1429747737262,2147483647,2147483647,2147483647,2147483647,-113,13,Swisscom,false,false
1429747737262,2147483647,2147483647,2147483647,2147483647,-113,13,Swisscom,false,false
1429747737262,2147483647,2147483647,2147483647,2147483647,0,13,Swisscom,false,false
1429747765864,17432577,2222,1,228,-111,13,Swisscom,true,false
1429747765864,2147483647,2147483647,2147483647,2147483647,-113,13,Swisscom,false,false
1429747765864,2147483647,2147483647,2147483647,2147483647,-113,13,Swisscom,false,false
1429747765864,2147483647,2147483647,2147483647,2147483647,-113,13,Swisscom,false,false
1429747765864,2147483647,2147483647,2147483647,2147483647,-113,13,Swisscom,false,false
1429747765864,2147483647,2147483647,2147483647,2147483647,-113,13,Swisscom,false,false
1429747765864,2147483647,2147483647,2147483647,2147483647,-113,13,Swisscom,false,false
1429747765864,2147483647,2147483647,2147483647,2147483647,-113,13,Swisscom,false,false
1429747765864,2147483647,2147483647,2147483647,2147483647,-113,13,Swisscom,false,false
1429747765864,2147483647,2147483647,2147483647,2147483647,-113,13,Swisscom,false,false
1429747765864,2147483647,2147483647,2147483647,2147483647,-113,13,Swisscom,false,false
1429747765864,2147483647,2147483647,2147483647,2147483647,-113,13,Swisscom,false,false
1429747765864,2147483647,2147483647,2147483647,2147483647,-113,13,Swisscom,false,false
1429747765864,2147483647,2147483647,2147483647,2147483647,0,13,Swisscom,false,false
1429747831786,17432577,2222,1,228,-110,13,Swisscom,true,false
1429747831786,2147483647,2147483647,2147483647,2147483647,-113,13,Swisscom,false,false
1429747831786,2147483647,2147483647,2147483647,2147483647,-113,13,Swisscom,false,false
1429747831786,2147483647,2147483647,2147483647,2147483647,-113,13,Swisscom,false,false
1429747831786,2147483647,2147483647,2147483647,2147483647,-113,13,Swisscom,false,false
1429747831786,2147483647,2147483647,2147483647,2147483647,-113,13,Swisscom,false,false
1429747831786,2147483647,2147483647,2147483647,2147483647,-113,13,Swisscom,false,false
1429747831786,2147483647,2147483647,2147483647,2147483647,-113,13,Swisscom,false,false
1429747831786,2147483647,2147483647,2147483647,2147483647,-113,13,Swisscom,false,false
1429747831786,2147483647,2147483647,2147483647,2147483647,-113,13,Swisscom,false,false
1429747831786,2147483647,2147483647,2147483647,2147483647,-113,13,Swisscom,false,false
1429747831786,2147483647,2147483647,2147483647,2147483647,-113,13,Swisscom,false,false
1429747831786,2147483647,2147483647,2147483647,2147483647,-113,13,Swisscom,false,false
1429747831786,2147483647,2147483647,2147483647,2147483647,0,13,Swisscom,false,false
1429747831786,2147483647,2147483647,2147483647,2147483647,0,13,Swisscom,false,false
1429747891861,17432577,2222,1,228,-110,13,Swisscom,true,false
1429747891861,3,2147483647,2147483647,2147483647,-122,13,Swisscom,false,false
1429747934391,17432577,2222,1,228,-110,13,Swisscom,true,false
1429747934391,2147483647,2147483647,2147483647,2147483647,-113,13,Swisscom,false,false
1429747934391,2147483647,2147483647,2147483647,2147483647,-113,13,Swisscom,false,false
1429747934391,2147483647,2147483647,2147483647,2147483647,-113,13,Swisscom,false,false
1429747934391,2147483647,2147483647,2147483647,2147483647,-113,13,Swisscom,false,false
1429747934391,2147483647,2147483647,2147483647,2147483647,-113,13,Swisscom,false,false
1429747934391,2147483647,2147483647,2147483647,2147483647,-113,13,Swisscom,false,false
1429747934391,2147483647,2147483647,2147483647,2147483647,-113,13,Swisscom,false,false
1429747934391,2147483647,2147483647,2147483647,2147483647,-113,13,Swisscom,false,false
1429747934391,2147483647,2147483647,2147483647,2147483647,-113,13,Swisscom,false,false
1429747934391,2147483647,2147483647,2147483647,2147483647,-113,13,Swisscom,false,false
1429747934391,2147483647,2147483647,2147483647,2147483647,-113,13,Swisscom,false,false
1429747934391,2147483647,2147483647,2147483647,2147483647,-113,13,Swisscom,false,false
1429747934391,2147483647,2147483647,2147483647,2147483647,0,13,Swisscom,false,false
1429747962920,17432577,2222,1,228,-111,13,Swisscom,true,false
1429747962920,3,2147483647,2147483647,2147483647,-121,13,Swisscom,false,false
1429747962920,4,2147483647,2147483647,2147483647,-122,13,Swisscom,false,false
1429747962920,2147483647,2147483647,2147483647,2147483647,-113,13,Swisscom,false,false
1429747962920,2147483647,2147483647,2147483647,2147483647,-113,13,Swisscom,false,false
1429747962920,2147483647,2147483647,2147483647,2147483647,-113,13,Swisscom,false,false
1429747962920,2147483647,2147483647,2147483647,2147483647,-113,13,Swisscom,false,false
1429747962920,2147483647,2147483647,2147483647,2147483647,-113,13,Swisscom,false,false
1429747962920,2147483647,2147483647,2147483647,2147483647,-113,13,Swisscom,false,false
1429747962920,2147483647,2147483647,2147483647,2147483647,-113,13,Swisscom,false,false
1429747962920,2147483647,2147483647,2147483647,2147483647,-113,13,Swisscom,false,false
1429747962920,2147483647,2147483647,2147483647,2147483647,-113,13,Swisscom,false,false
1429747962920,2147483647,2147483647,2147483647,2147483647,-113,13,Swisscom,false,false
1429747962920,2147483647,2147483647,2147483647,2147483647,-113,13,Swisscom,false,false
1429747962920,2147483647,2147483647,2147483647,2147483647,-113,13,Swisscom,false,false
1429747962920,2147483647,2147483647,2147483647,2147483647,0,13,Swisscom,false,false
1429748023028,17432577,2222,1,228,-110,13,Swisscom,true,false
1429748023028,4,2147483647,2147483647,2147483647,-123,13,Swisscom,false,false
1429748023028,2147483647,2147483647,2147483647,2147483647,-113,13,Swisscom,false,false
1429748023028,2147483647,2147483647,2147483647,2147483647,-113,13,Swisscom,false,false
1429748023028,2147483647,2147483647,2147483647,2147483647,-113,13,Swisscom,false,false
1429748023028,2147483647,2147483647,2147483647,2147483647,-113,13,Swisscom,false,false
1429748023028,2147483647,2147483647,2147483647,2147483647,-113,13,Swisscom,false,false
1429748023028,2147483647,2147483647,2147483647,2147483647,-113,13,Swisscom,false,false
1429748023028,2147483647,2147483647,2147483647,2147483647,-113,13,Swisscom,false,false
1429748023028,2147483647,2147483647,2147483647,2147483647,-113,13,Swisscom,false,false
1429748023028,2147483647,2147483647,2147483647,2147483647,-113,13,Swisscom,false,false
1429748023028,2147483647,2147483647,2147483647,2147483647,-113,13,Swisscom,false,false
1429748023028,2147483647,2147483647,2147483647,2147483647,-113,13,Swisscom,false,false
1429748023028,2147483647,2147483647,2147483647,2147483647,-113,13,Swisscom,false,false
1429748023028,2147483647,2147483647,2147483647,2147483647,0,13,Swisscom,false,false
1429748094666,17432577,2222,1,228,-110,13,Swisscom,true,false
1429748094666,4,2147483647,2147483647,2147483647,-122,13,Swisscom,false,false
1429748094666,2147483647,2147483647,2147483647,2147483647,-113,13,Swisscom,false,false
1429748094666,2147483647,2147483647,2147483647,2147483647,-113,13,Swisscom,false,false
1429748094666,2147483647,2147483647,2147483647,2147483647,-113,13,Swisscom,false,false
1429748094666,2147483647,2147483647,2147483647,2147483647,-113,13,Swisscom,false,false
1429748094666,2147483647,2147483647,2147483647,2147483647,-113,13,Swisscom,false,false
1429748094666,2147483647,2147483647,2147483647,2147483647,-113,13,Swisscom,false,false
1429748094666,2147483647,2147483647,2147483647,2147483647,-113,13,Swisscom,false,false
1429748094666,2147483647,2147483647,2147483647,2147483647,-113,13,Swisscom,false,false
1429748094666,2147483647,2147483647,2147483647,2147483647,-113,13,Swisscom,false,false
1429748094666,2147483647,2147483647,2147483647,2147483647,-113,13,Swisscom,false,false
1429748094666,2147483647,2147483647,2147483647,2147483647,-113,13,Swisscom,false,false
1429748094666,2147483647,2147483647,2147483647,2147483647,-113,13,Swisscom,false,false
1429748094666,2147483647,2147483647,2147483647,2147483647,0,13,Swisscom,false,false
1429748119612,17432577,2222,1,228,-110,13,Swisscom,true,false
1429748119612,4,2147483647,2147483647,2147483647,-122,13,Swisscom,false,false
1429748146900,17432577,2222,1,228,-110,13,Swisscom,true,false
1429748146900,4,2147483647,2147483647,2147483647,-122,13,Swisscom,false,false
1429748146900,2147483647,2147483647,2147483647,2147483647,-113,13,Swisscom,false,false
1429748146900,2147483647,2147483647,2147483647,2147483647,-113,13,Swisscom,false,false
1429748146900,2147483647,2147483647,2147483647,2147483647,-113,13,Swisscom,false,false
1429748146900,2147483647,2147483647,2147483647,2147483647,-113,13,Swisscom,false,false
1429748146900,2147483647,2147483647,2147483647,2147483647,-113,13,Swisscom,false,false
1429748146900,2147483647,2147483647,2147483647,2147483647,-113,13,Swisscom,false,false
1429748146900,2147483647,2147483647,2147483647,2147483647,-113,13,Swisscom,false,false
1429748146900,2147483647,2147483647,2147483647,2147483647,-113,13,Swisscom,false,false
1429748146900,2147483647,2147483647,2147483647,2147483647,-113,13,Swisscom,false,false
1429748146900,2147483647,2147483647,2147483647,2147483647,-113,13,Swisscom,false,false
1429748146900,2147483647,2147483647,2147483647,2147483647,-113,13,Swisscom,false,false
1429748146900,2147483647,2147483647,2147483647,2147483647,-113,13,Swisscom,false,false
1429748146900,2147483647,2147483647,2147483647,2147483647,0,13,Swisscom,false,false
1429748214721,17432577,2222,1,228,-110,13,Swisscom,true,false
1429748214721,2147483647,2147483647,2147483647,2147483647,-113,13,Swisscom,false,false
1429748214721,2147483647,2147483647,2147483647,2147483647,-113,13,Swisscom,false,false
1429748214721,2147483647,2147483647,2147483647,2147483647,-113,13,Swisscom,false,false
1429748214721,2147483647,2147483647,2147483647,2147483647,-113,13,Swisscom,false,false
1429748214721,2147483647,2147483647,2147483647,2147483647,-113,13,Swisscom,false,false
1429748214721,2147483647,2147483647,2147483647,2147483647,-113,13,Swisscom,false,false
1429748214721,2147483647,2147483647,2147483647,2147483647,-113,13,Swisscom,false,false
1429748214721,2147483647,2147483647,2147483647,2147483647,-113,13,Swisscom,false,false
1429748214721,2147483647,2147483647,2147483647,2147483647,-113,13,Swisscom,false,false
1429748214721,2147483647,2147483647,2147483647,2147483647,-113,13,Swisscom,false,false
1429748214721,2147483647,2147483647,2147483647,2147483647,-113,13,Swisscom,false,false
1429748214721,2147483647,2147483647,2147483647,2147483647,-113,13,Swisscom,false,false
1429748214721,2147483647,2147483647,2147483647,2147483647,0,13,Swisscom,false,false
1429748274775,17432577,2222,1,228,-110,13,Swisscom,true,false
1429748274775,4,2147483647,2147483647,2147483647,-118,13,Swisscom,false,false
1429748274775,3,2147483647,2147483647,2147483647,-118,13,Swisscom,false,false
1429748274775,2147483647,2147483647,2147483647,2147483647,-113,13,Swisscom,false,false
1429748274775,2147483647,2147483647,2147483647,2147483647,-113,13,Swisscom,false,false
1429748274775,2147483647,2147483647,2147483647,2147483647,-113,13,Swisscom,false,false
1429748274775,2147483647,2147483647,2147483647,2147483647,-113,13,Swisscom,false,false
1429748274775,2147483647,2147483647,2147483647,2147483647,-113,13,Swisscom,false,false
1429748274775,2147483647,2147483647,2147483647,2147483647,-113,13,Swisscom,false,false
1429748274775,2147483647,2147483647,2147483647,2147483647,-113,13,Swisscom,false,false
1429748274775,2147483647,2147483647,2147483647,2147483647,-113,13,Swisscom,false,false
1429748274775,2147483647,2147483647,2147483647,2147483647,-113,13,Swisscom,false,false
1429748274775,2147483647,2147483647,2147483647,2147483647,-113,13,Swisscom,false,false
1429748274775,2147483647,2147483647,2147483647,2147483647,-113,13,Swisscom,false,false
1429748274775,2147483647,2147483647,2147483647,2147483647,-113,13,Swisscom,false,false
1429748274775,2147483647,2147483647,2147483647,2147483647,0,13,Swisscom,false,false
1429748298204,17432577,2222,1,228,-110,13,Swisscom,true,false
1429748298204,2147483647,2147483647,2147483647,2147483647,-113,13,Swisscom,false,false
1429748298204,2147483647,2147483647,2147483647,2147483647,-113,13,Swisscom,false,false
1429748298204,2147483647,2147483647,2147483647,2147483647,-113,13,Swisscom,false,false
1429748298204,2147483647,2147483647,2147483647,2147483647,-113,13,Swisscom,false,false
1429748298204,2147483647,2147483647,2147483647,2147483647,-113,13,Swisscom,false,false
1429748298204,2147483647,2147483647,2147483647,2147483647,-113,13,Swisscom,false,false
1429748298204,2147483647,2147483647,2147483647,2147483647,-113,13,Swisscom,false,false
1429748298204,2147483647,2147483647,2147483647,2147483647,-113,13,Swisscom,false,false
1429748298204,2147483647,2147483647,2147483647,2147483647,-113,13,Swisscom,false,false
1429748298204,2147483647,2147483647,2147483647,2147483647,-113,13,Swisscom,false,false
1429748298204,2147483647,2147483647,2147483647,2147483647,-113,13,Swisscom,false,false
1429748298204,2147483647,2147483647,2147483647,2147483647,-113,13,Swisscom,false,false
1429748298204,2147483647,2147483647,2147483647,2147483647,0,13,Swisscom,false,false
1429748326184,17432577,2222,1,228,-110,13,Swisscom,true,false
1429748326184,2147483647,2147483647,2147483647,2147483647,-113,13,Swisscom,false,false
1429748326184,2147483647,2147483647,2147483647,2147483647,-113,13,Swisscom,false,false
1429748326184,2147483647,2147483647,2147483647,2147483647,-113,13,Swisscom,false,false
1429748326184,2147483647,2147483647,2147483647,2147483647,-113,13,Swisscom,false,false
1429748326184,2147483647,2147483647,2147483647,2147483647,-113,13,Swisscom,false,false
1429748326184,2147483647,2147483647,2147483647,2147483647,-113,13,Swisscom,false,false
1429748326184,2147483647,2147483647,2147483647,2147483647,-113,13,Swisscom,false,false
1429748326184,2147483647,2147483647,2147483647,2147483647,-113,13,Swisscom,false,false
1429748326184,2147483647,2147483647,2147483647,2147483647,-113,13,Swisscom,false,false
1429748326184,2147483647,2147483647,2147483647,2147483647,-113,13,Swisscom,false,false
1429748326184,2147483647,2147483647,2147483647,2147483647,-113,13,Swisscom,false,false
1429748326184,2147483647,2147483647,2147483647,2147483647,-113,13,Swisscom,false,false
1429748326184,2147483647,2147483647,2147483647,2147483647,0,13,Swisscom,false,false
1429748386230,17432577,2222,1,228,-110,13,Swisscom,true,false
1429748386230,3,2147483647,2147483647,2147483647,-121,13,Swisscom,false,false
1429748386230,2147483647,2147483647,2147483647,2147483647,-113,13,Swisscom,false,false
1429748386230,2147483647,2147483647,2147483647,2147483647,-113,13,Swisscom,false,false
1429748386230,2147483647,2147483647,2147483647,2147483647,-113,13,Swisscom,false,false
1429748386230,2147483647,2147483647,2147483647,2147483647,-113,13,Swisscom,false,false
1429748386230,2147483647,2147483647,2147483647,2147483647,-113,13,Swisscom,false,false
1429748386230,2147483647,2147483647,2147483647,2147483647,-113,13,Swisscom,false,false
1429748386230,2147483647,2147483647,2147483647,2147483647,-113,13,Swisscom,false,false
1429748386230,2147483647,2147483647,2147483647,2147483647,-113,13,Swisscom,false,false
1429748386230,2147483647,2147483647,2147483647,2147483647,-113,13,Swisscom,false,false
1429748386230,2147483647,2147483647,2147483647,2147483647,-113,13,Swisscom,false,false
1429748386230,2147483647,2147483647,2147483647,2147483647,-113,13,Swisscom,false,false
1429748386230,2147483647,2147483647,2147483647,2147483647,-113,13,Swisscom,false,false
1429748386230,2147483647,2147483647,2147483647,2147483647,0,13,Swisscom,false,false
1429748446274,17432577,2222,1,228,-110,13,Swisscom,true,false
1429748446274,2147483647,2147483647,2147483647,2147483647,-113,13,Swisscom,false,false
1429748446274,2147483647,2147483647,2147483647,2147483647,-113,13,Swisscom,false,false
1429748446274,2147483647,2147483647,2147483647,2147483647,-113,13,Swisscom,false,false
1429748446274,2147483647,2147483647,2147483647,2147483647,-113,13,Swisscom,false,false
1429748446274,2147483647,2147483647,2147483647,2147483647,-113,13,Swisscom,false,false
1429748446274,2147483647,2147483647,2147483647,2147483647,-113,13,Swisscom,false,false
1429748446274,2147483647,2147483647,2147483647,2147483647,-113,13,Swisscom,false,false
1429748446274,2147483647,2147483647,2147483647,2147483647,-113,13,Swisscom,false,false
1429748446274,2147483647,2147483647,2147483647,2147483647,-113,13,Swisscom,false,false
1429748446274,2147483647,2147483647,2147483647,2147483647,-113,13,Swisscom,false,false
1429748446274,2147483647,2147483647,2147483647,2147483647,-113,13,Swisscom,false,false
1429748446274,2147483647,2147483647,2147483647,2147483647,-113,13,Swisscom,false,false
1429748446274,2147483647,2147483647,2147483647,2147483647,0,13,Swisscom,false,false
1429748478800,17432577,2222,1,228,-110,13,Swisscom,true,false
1429748506864,17432577,2222,1,228,-110,13,Swisscom,true,false
1429748506864,3,2147483647,2147483647,2147483647,-122,13,Swisscom,false,false
1429748506864,4,2147483647,2147483647,2147483647,-121,13,Swisscom,false,false
1429748506864,2147483647,2147483647,2147483647,2147483647,-113,13,Swisscom,false,false
1429748506864,2147483647,2147483647,2147483647,2147483647,-113,13,Swisscom,false,false
1429748506864,2147483647,2147483647,2147483647,2147483647,-113,13,Swisscom,false,false
1429748506864,2147483647,2147483647,2147483647,2147483647,-113,13,Swisscom,false,false
1429748506864,2147483647,2147483647,2147483647,2147483647,-113,13,Swisscom,false,false
1429748506864,2147483647,2147483647,2147483647,2147483647,-113,13,Swisscom,false,false
1429748506864,2147483647,2147483647,2147483647,2147483647,-113,13,Swisscom,false,false
1429748506864,2147483647,2147483647,2147483647,2147483647,-113,13,Swisscom,false,false
1429748506864,2147483647,2147483647,2147483647,2147483647,-113,13,Swisscom,false,false
1429748506864,2147483647,2147483647,2147483647,2147483647,-113,13,Swisscom,false,false
1429748506864,2147483647,2147483647,2147483647,2147483647,-113,13,Swisscom,false,false
1429748506864,2147483647,2147483647,2147483647,2147483647,-113,13,Swisscom,false,false
1429748506864,2147483647,2147483647,2147483647,2147483647,0,13,Swisscom,false,false
1429748570222,17432577,2222,1,228,-110,13,Swisscom,true,false
1429748570222,2147483647,2147483647,2147483647,2147483647,-113,13,Swisscom,false,false
1429748570222,2147483647,2147483647,2147483647,2147483647,-113,13,Swisscom,false,false
1429748570222,2147483647,2147483647,2147483647,2147483647,-113,13,Swisscom,false,false
1429748570222,2147483647,2147483647,2147483647,2147483647,-113,13,Swisscom,false,false
1429748570222,2147483647,2147483647,2147483647,2147483647,-113,13,Swisscom,false,false
1429748570222,2147483647,2147483647,2147483647,2147483647,-113,13,Swisscom,false,false
1429748570222,2147483647,2147483647,2147483647,2147483647,-113,13,Swisscom,false,false
1429748570222,2147483647,2147483647,2147483647,2147483647,-113,13,Swisscom,false,false
1429748570222,2147483647,2147483647,2147483647,2147483647,-113,13,Swisscom,false,false
1429748570222,2147483647,2147483647,2147483647,2147483647,-113,13,Swisscom,false,false
1429748570222,2147483647,2147483647,2147483647,2147483647,-113,13,Swisscom,false,false
1429748570222,2147483647,2147483647,2147483647,2147483647,-113,13,Swisscom,false,false
1429748570222,2147483647,2147483647,2147483647,2147483647,0,13,Swisscom,false,false
1429748630296,17432577,2222,1,228,-110,13,Swisscom,true,false
1429748630296,4,2147483647,2147483647,2147483647,-122,13,Swisscom,false,false
1429748630296,3,2147483647,2147483647,2147483647,-123,13,Swisscom,false,false
1429748630296,2147483647,2147483647,2147483647,2147483647,-113,13,Swisscom,false,false
1429748630296,2147483647,2147483647,2147483647,2147483647,-113,13,Swisscom,false,false
1429748630296,2147483647,2147483647,2147483647,2147483647,-113,13,Swisscom,false,false
1429748630296,2147483647,2147483647,2147483647,2147483647,-113,13,Swisscom,false,false
1429748630296,2147483647,2147483647,2147483647,2147483647,-113,13,Swisscom,false,false
1429748630296,2147483647,2147483647,2147483647,2147483647,-113,13,Swisscom,false,false
1429748630296,2147483647,2147483647,2147483647,2147483647,-113,13,Swisscom,false,false
1429748630296,2147483647,2147483647,2147483647,2147483647,-113,13,Swisscom,false,false
1429748630296,2147483647,2147483647,2147483647,2147483647,-113,13,Swisscom,false,false
1429748630296,2147483647,2147483647,2147483647,2147483647,-113,13,Swisscom,false,false
1429748630296,2147483647,2147483647,2147483647,2147483647,-113,13,Swisscom,false,false
1429748630296,2147483647,2147483647,2147483647,2147483647,-113,13,Swisscom,false,false
1429748630296,2147483647,2147483647,2147483647,2147483647,0,13,Swisscom,false,false
1429748665544,17432577,2222,1,228,-110,13,Swisscom,true,false
1429748665544,3,2147483647,2147483647,2147483647,-122,13,Swisscom,false,false
1429748665544,2147483647,2147483647,2147483647,2147483647,-113,13,Swisscom,false,false
1429748665544,2147483647,2147483647,2147483647,2147483647,-113,13,Swisscom,false,false
1429748665544,2147483647,2147483647,2147483647,2147483647,-113,13,Swisscom,false,false
1429748665544,2147483647,2147483647,2147483647,2147483647,-113,13,Swisscom,false,false
1429748665544,2147483647,2147483647,2147483647,2147483647,-113,13,Swisscom,false,false
1429748665544,2147483647,2147483647,2147483647,2147483647,-113,13,Swisscom,false,false
1429748665544,2147483647,2147483647,2147483647,2147483647,-113,13,Swisscom,false,false
1429748665544,2147483647,2147483647,2147483647,2147483647,-113,13,Swisscom,false,false
1429748665544,2147483647,2147483647,2147483647,2147483647,-113,13,Swisscom,false,false
1429748665544,2147483647,2147483647,2147483647,2147483647,-113,13,Swisscom,false,false
1429748665544,2147483647,2147483647,2147483647,2147483647,-113,13,Swisscom,false,false
1429748665544,2147483647,2147483647,2147483647,2147483647,-113,13,Swisscom,false,false
1429748665544,2147483647,2147483647,2147483647,2147483647,0,13,Swisscom,false,false
1429748665544,2147483647,2147483647,2147483647,2147483647,0,13,Swisscom,false,false
1429748665544,2147483647,2147483647,2147483647,2147483647,0,13,Swisscom,false,false
1429748693901,17432577,2222,1,228,-110,13,Swisscom,true,false
1429748754004,17432577,2222,1,228,-110,13,Swisscom,true,false
1429748754004,3,2147483647,2147483647,2147483647,-122,13,Swisscom,false,false
1429748754004,2147483647,2147483647,2147483647,2147483647,-113,13,Swisscom,false,false
1429748754004,2147483647,2147483647,2147483647,2147483647,-113,13,Swisscom,false,false
1429748754004,2147483647,2147483647,2147483647,2147483647,-113,13,Swisscom,false,false
1429748754004,2147483647,2147483647,2147483647,2147483647,-113,13,Swisscom,false,false
1429748754004,2147483647,2147483647,2147483647,2147483647,-113,13,Swisscom,false,false
1429748754004,2147483647,2147483647,2147483647,2147483647,-113,13,Swisscom,false,false
1429748754004,2147483647,2147483647,2147483647,2147483647,-113,13,Swisscom,false,false
1429748754004,2147483647,2147483647,2147483647,2147483647,-113,13,Swisscom,false,false
1429748754004,2147483647,2147483647,2147483647,2147483647,-113,13,Swisscom,false,false
1429748754004,2147483647,2147483647,2147483647,2147483647,-113,13,Swisscom,false,false
1429748754004,2147483647,2147483647,2147483647,2147483647,-113,13,Swisscom,false,false
1429748754004,2147483647,2147483647,2147483647,2147483647,-113,13,Swisscom,false,false
1429748754004,2147483647,2147483647,2147483647,2147483647,0,13,Swisscom,false,false
1429748830224,17432577,2222,1,228,-110,13,Swisscom,true,false
1429748830224,2147483647,2147483647,2147483647,2147483647,-113,13,Swisscom,false,false
1429748830224,2147483647,2147483647,2147483647,2147483647,-113,13,Swisscom,false,false
1429748830224,2147483647,2147483647,2147483647,2147483647,-113,13,Swisscom,false,false
1429748830224,2147483647,2147483647,2147483647,2147483647,-113,13,Swisscom,false,false
1429748830224,2147483647,2147483647,2147483647,2147483647,-113,13,Swisscom,false,false
1429748830224,2147483647,2147483647,2147483647,2147483647,-113,13,Swisscom,false,false
1429748830224,2147483647,2147483647,2147483647,2147483647,-113,13,Swisscom,false,false
1429748830224,2147483647,2147483647,2147483647,2147483647,-113,13,Swisscom,false,false
1429748830224,2147483647,2147483647,2147483647,2147483647,-113,13,Swisscom,false,false
1429748830224,2147483647,2147483647,2147483647,2147483647,-113,13,Swisscom,false,false
1429748830224,2147483647,2147483647,2147483647,2147483647,-113,13,Swisscom,false,false
1429748830224,2147483647,2147483647,2147483647,2147483647,-113,13,Swisscom,false,false
1429748830224,2147483647,2147483647,2147483647,2147483647,0,13,Swisscom,false,false
1429748846304,17432577,2222,1,228,-110,13,Swisscom,true,false
1429748846304,3,2147483647,2147483647,2147483647,-121,13,Swisscom,false,false
1429748874947,17432577,2222,1,228,-110,13,Swisscom,true,false
1429748874947,3,2147483647,2147483647,2147483647,-121,13,Swisscom,false,false
1429748934997,17432577,2222,1,228,-110,13,Swisscom,true,false
1429748934997,2147483647,2147483647,2147483647,2147483647,-113,13,Swisscom,false,false
1429748934997,2147483647,2147483647,2147483647,2147483647,-113,13,Swisscom,false,false
1429748934997,2147483647,2147483647,2147483647,2147483647,-113,13,Swisscom,false,false
1429748934997,2147483647,2147483647,2147483647,2147483647,-113,13,Swisscom,false,false
1429748934997,2147483647,2147483647,2147483647,2147483647,-113,13,Swisscom,false,false
1429748934997,2147483647,2147483647,2147483647,2147483647,-113,13,Swisscom,false,false
1429748934997,2147483647,2147483647,2147483647,2147483647,-113,13,Swisscom,false,false
1429748934997,2147483647,2147483647,2147483647,2147483647,-113,13,Swisscom,false,false
1429748934997,2147483647,2147483647,2147483647,2147483647,-113,13,Swisscom,false,false
1429748934997,2147483647,2147483647,2147483647,2147483647,-113,13,Swisscom,false,false
1429748934997,2147483647,2147483647,2147483647,2147483647,-113,13,Swisscom,false,false
1429748934997,2147483647,2147483647,2147483647,2147483647,-113,13,Swisscom,false,false
1429748934997,2147483647,2147483647,2147483647,2147483647,0,13,Swisscom,false,false
1429748934997,2147483647,2147483647,2147483647,2147483647,0,13,Swisscom,false,false
1429749008839,17432577,2222,1,228,-110,13,Swisscom,true,false
1429749008839,3,2147483647,2147483647,2147483647,-120,13,Swisscom,false,false
1429749035525,17432577,2222,1,228,-110,13,Swisscom,true,false
1429749035525,3,2147483647,2147483647,2147483647,-120,13,Swisscom,false,false
1429749035525,4,2147483647,2147483647,2147483647,-122,13,Swisscom,false,false
1429749035525,2147483647,2147483647,2147483647,2147483647,-113,13,Swisscom,false,false
1429749035525,2147483647,2147483647,2147483647,2147483647,-113,13,Swisscom,false,false
1429749035525,2147483647,2147483647,2147483647,2147483647,-113,13,Swisscom,false,false
1429749035525,2147483647,2147483647,2147483647,2147483647,-113,13,Swisscom,false,false
1429749035525,2147483647,2147483647,2147483647,2147483647,-113,13,Swisscom,false,false
1429749035525,2147483647,2147483647,2147483647,2147483647,-113,13,Swisscom,false,false
1429749035525,2147483647,2147483647,2147483647,2147483647,-113,13,Swisscom,false,false
1429749035525,2147483647,2147483647,2147483647,2147483647,-113,13,Swisscom,false,false
1429749035525,2147483647,2147483647,2147483647,2147483647,-113,13,Swisscom,false,false
1429749035525,2147483647,2147483647,2147483647,2147483647,-113,13,Swisscom,false,false
1429749035525,2147483647,2147483647,2147483647,2147483647,-113,13,Swisscom,false,false
1429749035525,2147483647,2147483647,2147483647,2147483647,-113,13,Swisscom,false,false
1429749035525,2147483647,2147483647,2147483647,2147483647,0,13,Swisscom,false,false
1429749062907,17432577,2222,1,228,-110,13,Swisscom,true,false
1429749130549,17432577,2222,1,228,-110,13,Swisscom,true,false
1429749130549,4,2147483647,2147483647,2147483647,-120,13,Swisscom,false,false
1429749130549,2147483647,2147483647,2147483647,2147483647,-113,13,Swisscom,false,false
1429749130549,2147483647,2147483647,2147483647,2147483647,-113,13,Swisscom,false,false
1429749130549,2147483647,2147483647,2147483647,2147483647,-113,13,Swisscom,false,false
1429749130549,2147483647,2147483647,2147483647,2147483647,-113,13,Swisscom,false,false
1429749130549,2147483647,2147483647,2147483647,2147483647,-113,13,Swisscom,false,false
1429749130549,2147483647,2147483647,2147483647,2147483647,-113,13,Swisscom,false,false
1429749130549,2147483647,2147483647,2147483647,2147483647,-113,13,Swisscom,false,false
1429749130549,2147483647,2147483647,2147483647,2147483647,-113,13,Swisscom,false,false
1429749130549,2147483647,2147483647,2147483647,2147483647,-113,13,Swisscom,false,false
1429749130549,2147483647,2147483647,2147483647,2147483647,-113,13,Swisscom,false,false
1429749130549,2147483647,2147483647,2147483647,2147483647,-113,13,Swisscom,false,false
1429749130549,2147483647,2147483647,2147483647,2147483647,-113,13,Swisscom,false,false
1429749130549,2147483647,2147483647,2147483647,2147483647,0,13,Swisscom,false,false
1429749130549,2147483647,2147483647,2147483647,2147483647,0,13,Swisscom,false,false
1429749130549,2147483647,2147483647,2147483647,2147483647,0,13,Swisscom,false,false
1429749190675,17432577,2222,1,228,-110,13,Swisscom,true,false
1429749190675,2147483647,2147483647,2147483647,2147483647,-113,13,Swisscom,false,false
1429749190675,2147483647,2147483647,2147483647,2147483647,-113,13,Swisscom,false,false
1429749190675,2147483647,2147483647,2147483647,2147483647,-113,13,Swisscom,false,false
1429749190675,2147483647,2147483647,2147483647,2147483647,-113,13,Swisscom,false,false
1429749190675,2147483647,2147483647,2147483647,2147483647,-113,13,Swisscom,false,false
1429749190675,2147483647,2147483647,2147483647,2147483647,-113,13,Swisscom,false,false
1429749190675,2147483647,2147483647,2147483647,2147483647,-113,13,Swisscom,false,false
1429749190675,2147483647,2147483647,2147483647,2147483647,-113,13,Swisscom,false,false
1429749190675,2147483647,2147483647,2147483647,2147483647,-113,13,Swisscom,false,false
1429749190675,2147483647,2147483647,2147483647,2147483647,-113,13,Swisscom,false,false
1429749190675,2147483647,2147483647,2147483647,2147483647,-113,13,Swisscom,false,false
1429749190675,2147483647,2147483647,2147483647,2147483647,-113,13,Swisscom,false,false
1429749190675,2147483647,2147483647,2147483647,2147483647,0,13,Swisscom,false,false
1429749190675,2147483647,2147483647,2147483647,2147483647,0,13,Swisscom,false,false
1429749234021,17432577,2222,1,228,-110,13,Swisscom,true,false
1429749234021,2147483647,2147483647,2147483647,2147483647,-113,13,Swisscom,false,false
1429749234021,2147483647,2147483647,2147483647,2147483647,-113,13,Swisscom,false,false
1429749234021,2147483647,2147483647,2147483647,2147483647,-113,13,Swisscom,false,false
1429749234021,2147483647,2147483647,2147483647,2147483647,-113,13,Swisscom,false,false
1429749234021,2147483647,2147483647,2147483647,2147483647,-113,13,Swisscom,false,false
1429749234021,2147483647,2147483647,2147483647,2147483647,-113,13,Swisscom,false,false
1429749234021,2147483647,2147483647,2147483647,2147483647,-113,13,Swisscom,false,false
1429749234021,2147483647,2147483647,2147483647,2147483647,-113,13,Swisscom,false,false
1429749234021,2147483647,2147483647,2147483647,2147483647,-113,13,Swisscom,false,false
1429749234021,2147483647,2147483647,2147483647,2147483647,-113,13,Swisscom,false,false
1429749234021,2147483647,2147483647,2147483647,2147483647,-113,13,Swisscom,false,false
1429749234021,2147483647,2147483647,2147483647,2147483647,-113,13,Swisscom,false,false
1429749234021,2147483647,2147483647,2147483647,2147483647,0,13,Swisscom,false,false
1429749234021,2147483647,2147483647,2147483647,2147483647,0,13,Swisscom,false,false
1429749262877,17432577,2222,1,228,-110,13,Swisscom,true,false
1429749262877,3,2147483647,2147483647,2147483647,-120,13,Swisscom,false,false
1429749262877,4,2147483647,2147483647,2147483647,-122,13,Swisscom,false,false
1429749262877,2147483647,2147483647,2147483647,2147483647,-113,13,Swisscom,false,false
1429749262877,2147483647,2147483647,2147483647,2147483647,-113,13,Swisscom,false,false
1429749262877,2147483647,2147483647,2147483647,2147483647,-113,13,Swisscom,false,false
1429749262877,2147483647,2147483647,2147483647,2147483647,-113,13,Swisscom,false,false
1429749262877,2147483647,2147483647,2147483647,2147483647,-113,13,Swisscom,false,false
1429749262877,2147483647,2147483647,2147483647,2147483647,-113,13,Swisscom,false,false
1429749262877,2147483647,2147483647,2147483647,2147483647,-113,13,Swisscom,false,false
1429749262877,2147483647,2147483647,2147483647,2147483647,-113,13,Swisscom,false,false
1429749262877,2147483647,2147483647,2147483647,2147483647,-113,13,Swisscom,false,false
1429749262877,2147483647,2147483647,2147483647,2147483647,-113,13,Swisscom,false,false
1429749262877,2147483647,2147483647,2147483647,2147483647,-113,13,Swisscom,false,false
1429749262877,2147483647,2147483647,2147483647,2147483647,-113,13,Swisscom,false,false
1429749262877,2147483647,2147483647,2147483647,2147483647,0,13,Swisscom,false,false
1429749323670,17432577,2222,1,228,-110,13,Swisscom,true,false
1429749323670,3,2147483647,2147483647,2147483647,-120,13,Swisscom,false,false
1429749323670,2147483647,2147483647,2147483647,2147483647,-113,13,Swisscom,false,false
1429749323670,2147483647,2147483647,2147483647,2147483647,-113,13,Swisscom,false,false
1429749323670,2147483647,2147483647,2147483647,2147483647,-113,13,Swisscom,false,false
1429749323670,2147483647,2147483647,2147483647,2147483647,-113,13,Swisscom,false,false
1429749323670,2147483647,2147483647,2147483647,2147483647,-113,13,Swisscom,false,false
1429749323670,2147483647,2147483647,2147483647,2147483647,-113,13,Swisscom,false,false
1429749323670,2147483647,2147483647,2147483647,2147483647,-113,13,Swisscom,false,false
1429749323670,2147483647,2147483647,2147483647,2147483647,-113,13,Swisscom,false,false
1429749323670,2147483647,2147483647,2147483647,2147483647,-113,13,Swisscom,false,false
1429749323670,2147483647,2147483647,2147483647,2147483647,-113,13,Swisscom,false,false
1429749323670,2147483647,2147483647,2147483647,2147483647,-113,13,Swisscom,false,false
1429749323670,2147483647,2147483647,2147483647,2147483647,-113,13,Swisscom,false,false
1429749323670,2147483647,2147483647,2147483647,2147483647,0,13,Swisscom,false,false
1429749323670,2147483647,2147483647,2147483647,2147483647,0,13,Swisscom,false,false
1429749383935,17432577,2222,1,228,-110,13,Swisscom,true,false
1429749383935,2147483647,2147483647,2147483647,2147483647,-113,13,Swisscom,false,false
1429749383935,2147483647,2147483647,2147483647,2147483647,-113,13,Swisscom,false,false
1429749383935,2147483647,2147483647,2147483647,2147483647,-113,13,Swisscom,false,false
1429749383935,2147483647,2147483647,2147483647,2147483647,-113,13,Swisscom,false,false
1429749383935,2147483647,2147483647,2147483647,2147483647,-113,13,Swisscom,false,false
1429749383935,2147483647,2147483647,2147483647,2147483647,-113,13,Swisscom,false,false
1429749383935,2147483647,2147483647,2147483647,2147483647,-113,13,Swisscom,false,false
1429749383935,2147483647,2147483647,2147483647,2147483647,-113,13,Swisscom,false,false
1429749383935,2147483647,2147483647,2147483647,2147483647,-113,13,Swisscom,false,false
1429749383935,2147483647,2147483647,2147483647,2147483647,-113,13,Swisscom,false,false
1429749383935,2147483647,2147483647,2147483647,2147483647,-113,13,Swisscom,false,false
1429749383935,2147483647,2147483647,2147483647,2147483647,-113,13,Swisscom,false,false
1429749383935,2147483647,2147483647,2147483647,2147483647,0,13,Swisscom,false,false
1429749383935,2147483647,2147483647,2147483647,2147483647,0,13,Swisscom,false,false
1429749416585,17432577,2222,1,228,-110,13,Swisscom,true,false
1429749416585,3,2147483647,2147483647,2147483647,-121,13,Swisscom,false,false
1429749416585,2147483647,2147483647,2147483647,2147483647,-113,13,Swisscom,false,false
1429749416585,2147483647,2147483647,2147483647,2147483647,-113,13,Swisscom,false,false
1429749416585,2147483647,2147483647,2147483647,2147483647,-113,13,Swisscom,false,false
1429749416585,2147483647,2147483647,2147483647,2147483647,-113,13,Swisscom,false,false
1429749416585,2147483647,2147483647,2147483647,2147483647,-113,13,Swisscom,false,false
1429749416585,2147483647,2147483647,2147483647,2147483647,-113,13,Swisscom,false,false
1429749416585,2147483647,2147483647,2147483647,2147483647,-113,13,Swisscom,false,false
1429749416585,2147483647,2147483647,2147483647,2147483647,-113,13,Swisscom,false,false
1429749416585,2147483647,2147483647,2147483647,2147483647,-113,13,Swisscom,false,false
1429749416585,2147483647,2147483647,2147483647,2147483647,-113,13,Swisscom,false,false
1429749416585,2147483647,2147483647,2147483647,2147483647,-113,13,Swisscom,false,false
1429749416585,2147483647,2147483647,2147483647,2147483647,-113,13,Swisscom,false,false
1429749416585,2147483647,2147483647,2147483647,2147483647,0,13,Swisscom,false,false
1429749444908,17432577,2222,1,228,-110,13,Swisscom,true,false
1429749444908,3,2147483647,2147483647,2147483647,-120,13,Swisscom,false,false
1429749444908,2147483647,2147483647,2147483647,2147483647,-113,13,Swisscom,false,false
1429749444908,2147483647,2147483647,2147483647,2147483647,-113,13,Swisscom,false,false
1429749444908,2147483647,2147483647,2147483647,2147483647,-113,13,Swisscom,false,false
1429749444908,2147483647,2147483647,2147483647,2147483647,-113,13,Swisscom,false,false
1429749444908,2147483647,2147483647,2147483647,2147483647,-113,13,Swisscom,false,false
1429749444908,2147483647,2147483647,2147483647,2147483647,-113,13,Swisscom,false,false
1429749444908,2147483647,2147483647,2147483647,2147483647,-113,13,Swisscom,false,false
1429749444908,2147483647,2147483647,2147483647,2147483647,-113,13,Swisscom,false,false
1429749444908,2147483647,2147483647,2147483647,2147483647,-113,13,Swisscom,false,false
1429749444908,2147483647,2147483647,2147483647,2147483647,-113,13,Swisscom,false,false
1429749444908,2147483647,2147483647,2147483647,2147483647,-113,13,Swisscom,false,false
1429749444908,2147483647,2147483647,2147483647,2147483647,-113,13,Swisscom,false,false
1429749444908,2147483647,2147483647,2147483647,2147483647,0,13,Swisscom,false,false
1429749504994,17432577,2222,1,228,-110,13,Swisscom,true,false
1429749504994,2147483647,2147483647,2147483647,2147483647,-113,13,Swisscom,false,false
1429749504994,2147483647,2147483647,2147483647,2147483647,-113,13,Swisscom,false,false
1429749504994,2147483647,2147483647,2147483647,2147483647,-113,13,Swisscom,false,false
1429749504994,2147483647,2147483647,2147483647,2147483647,-113,13,Swisscom,false,false
1429749504994,2147483647,2147483647,2147483647,2147483647,-113,13,Swisscom,false,false
1429749504994,2147483647,2147483647,2147483647,2147483647,-113,13,Swisscom,false,false
1429749504994,2147483647,2147483647,2147483647,2147483647,-113,13,Swisscom,false,false
1429749504994,2147483647,2147483647,2147483647,2147483647,-113,13,Swisscom,false,false
1429749504994,2147483647,2147483647,2147483647,2147483647,-113,13,Swisscom,false,false
1429749504994,2147483647,2147483647,2147483647,2147483647,-113,13,Swisscom,false,false
1429749504994,2147483647,2147483647,2147483647,2147483647,-113,13,Swisscom,false,false
1429749504994,2147483647,2147483647,2147483647,2147483647,-113,13,Swisscom,false,false
1429749504994,2147483647,2147483647,2147483647,2147483647,0,13,Swisscom,false,false
1429749504994,2147483647,2147483647,2147483647,2147483647,0,13,Swisscom,false,false
1429749565149,17432577,2222,1,228,-110,13,Swisscom,true,false
1429749565149,2147483647,2147483647,2147483647,2147483647,-113,13,Swisscom,false,false
1429749565149,2147483647,2147483647,2147483647,2147483647,-113,13,Swisscom,false,false
1429749565149,2147483647,2147483647,2147483647,2147483647,-113,13,Swisscom,false,false
1429749565149,2147483647,2147483647,2147483647,2147483647,-113,13,Swisscom,false,false
1429749565149,2147483647,2147483647,2147483647,2147483647,-113,13,Swisscom,false,false
1429749565149,2147483647,2147483647,2147483647,2147483647,-113,13,Swisscom,false,false
1429749565149,2147483647,2147483647,2147483647,2147483647,-113,13,Swisscom,false,false
1429749565149,2147483647,2147483647,2147483647,2147483647,-113,13,Swisscom,false,false
1429749565149,2147483647,2147483647,2147483647,2147483647,-113,13,Swisscom,false,false
1429749565149,2147483647,2147483647,2147483647,2147483647,-113,13,Swisscom,false,false
1429749565149,2147483647,2147483647,2147483647,2147483647,-113,13,Swisscom,false,false
1429749565149,2147483647,2147483647,2147483647,2147483647,-113,13,Swisscom,false,false
1429749565149,2147483647,2147483647,2147483647,2147483647,0,13,Swisscom,false,false
1429749600659,17432577,2222,1,228,-110,13,Swisscom,true,false
1429749600659,2147483647,2147483647,2147483647,2147483647,-113,13,Swisscom,false,false
1429749600659,2147483647,2147483647,2147483647,2147483647,-113,13,Swisscom,false,false
1429749600659,2147483647,2147483647,2147483647,2147483647,-113,13,Swisscom,false,false
1429749600659,2147483647,2147483647,2147483647,2147483647,-113,13,Swisscom,false,false
1429749600659,2147483647,2147483647,2147483647,2147483647,-113,13,Swisscom,false,false
1429749600659,2147483647,2147483647,2147483647,2147483647,-113,13,Swisscom,false,false
1429749600659,2147483647,2147483647,2147483647,2147483647,-113,13,Swisscom,false,false
1429749600659,2147483647,2147483647,2147483647,2147483647,-113,13,Swisscom,false,false
1429749600659,2147483647,2147483647,2147483647,2147483647,-113,13,Swisscom,false,false
1429749600659,2147483647,2147483647,2147483647,2147483647,-113,13,Swisscom,false,false
1429749600659,2147483647,2147483647,2147483647,2147483647,-113,13,Swisscom,false,false
1429749600659,2147483647,2147483647,2147483647,2147483647,-113,13,Swisscom,false,false
1429749600659,2147483647,2147483647,2147483647,2147483647,0,13,Swisscom,false,false
1429749600659,2147483647,2147483647,2147483647,2147483647,0,13,Swisscom,false,false
1429749628899,17432577,2222,1,228,-110,13,Swisscom,true,false
1429749628899,3,2147483647,2147483647,2147483647,-120,13,Swisscom,false,false
1429749628899,2147483647,2147483647,2147483647,2147483647,-113,13,Swisscom,false,false
1429749628899,2147483647,2147483647,2147483647,2147483647,-113,13,Swisscom,false,false
1429749628899,2147483647,2147483647,2147483647,2147483647,-113,13,Swisscom,false,false
1429749628899,2147483647,2147483647,2147483647,2147483647,-113,13,Swisscom,false,false
1429749628899,2147483647,2147483647,2147483647,2147483647,-113,13,Swisscom,false,false
1429749628899,2147483647,2147483647,2147483647,2147483647,-113,13,Swisscom,false,false
1429749628899,2147483647,2147483647,2147483647,2147483647,-113,13,Swisscom,false,false
1429749628899,2147483647,2147483647,2147483647,2147483647,-113,13,Swisscom,false,false
1429749628899,2147483647,2147483647,2147483647,2147483647,-113,13,Swisscom,false,false
1429749628899,2147483647,2147483647,2147483647,2147483647,-113,13,Swisscom,false,false
1429749628899,2147483647,2147483647,2147483647,2147483647,-113,13,Swisscom,false,false
1429749628899,2147483647,2147483647,2147483647,2147483647,-113,13,Swisscom,false,false
1429749628899,2147483647,2147483647,2147483647,2147483647,0,13,Swisscom,false,false
1429749628899,2147483647,2147483647,2147483647,2147483647,0,13,Swisscom,false,false
1429749628899,2147483647,2147483647,2147483647,2147483647,0,13,Swisscom,false,false
1429749714614,17432577,2222,1,228,-110,13,Swisscom,true,false
1429749714614,2147483647,2147483647,2147483647,2147483647,-113,13,Swisscom,false,false
1429749714614,2147483647,2147483647,2147483647,2147483647,-113,13,Swisscom,false,false
1429749714614,2147483647,2147483647,2147483647,2147483647,-113,13,Swisscom,false,false
1429749714614,2147483647,2147483647,2147483647,2147483647,-113,13,Swisscom,false,false
1429749714614,2147483647,2147483647,2147483647,2147483647,-113,13,Swisscom,false,false
1429749714614,2147483647,2147483647,2147483647,2147483647,-113,13,Swisscom,false,false
1429749714614,2147483647,2147483647,2147483647,2147483647,-113,13,Swisscom,false,false
1429749714614,2147483647,2147483647,2147483647,2147483647,-113,13,Swisscom,false,false
1429749714614,2147483647,2147483647,2147483647,2147483647,-113,13,Swisscom,false,false
1429749714614,2147483647,2147483647,2147483647,2147483647,-113,13,Swisscom,false,false
1429749714614,2147483647,2147483647,2147483647,2147483647,-113,13,Swisscom,false,false
1429749714614,2147483647,2147483647,2147483647,2147483647,-113,13,Swisscom,false,false
1429749714614,2147483647,2147483647,2147483647,2147483647,0,13,Swisscom,false,false
1429749714614,2147483647,2147483647,2147483647,2147483647,0,13,Swisscom,false,false
1429749714614,2147483647,2147483647,2147483647,2147483647,0,13,Swisscom,false,false
1429749783260,17432577,2222,1,228,-110,13,Swisscom,true,false
1429749783260,3,2147483647,2147483647,2147483647,-121,13,Swisscom,false,false
1429749783260,2147483647,2147483647,2147483647,2147483647,-113,13,Swisscom,false,false
1429749783260,2147483647,2147483647,2147483647,2147483647,-113,13,Swisscom,false,false
1429749783260,2147483647,2147483647,2147483647,2147483647,-113,13,Swisscom,false,false
1429749783260,2147483647,2147483647,2147483647,2147483647,-113,13,Swisscom,false,false
1429749783260,2147483647,2147483647,2147483647,2147483647,-113,13,Swisscom,false,false
1429749783260,2147483647,2147483647,2147483647,2147483647,-113,13,Swisscom,false,false
1429749783260,2147483647,2147483647,2147483647,2147483647,-113,13,Swisscom,false,false
1429749783260,2147483647,2147483647,2147483647,2147483647,-113,13,Swisscom,false,false
1429749783260,2147483647,2147483647,2147483647,2147483647,-113,13,Swisscom,false,false
1429749783260,2147483647,2147483647,2147483647,2147483647,-113,13,Swisscom,false,false
1429749783260,2147483647,2147483647,2147483647,2147483647,-113,13,Swisscom,false,false
1429749783260,2147483647,2147483647,2147483647,2147483647,-113,13,Swisscom,false,false
1429749783260,2147483647,2147483647,2147483647,2147483647,0,13,Swisscom,false,false
1429749783260,2147483647,2147483647,2147483647,2147483647,0,13,Swisscom,false,false
1429749783260,2147483647,2147483647,2147483647,2147483647,0,13,Swisscom,false,false
1429749811838,17432577,2222,1,228,-110,13,Swisscom,true,false
1429749811838,3,2147483647,2147483647,2147483647,-120,13,Swisscom,false,false
1429749811838,4,2147483647,2147483647,2147483647,-123,13,Swisscom,false,false
1429749871939,17432577,2222,1,228,-110,13,Swisscom,true,false
1429749871939,2147483647,2147483647,2147483647,2147483647,-113,13,Swisscom,false,false
1429749871939,2147483647,2147483647,2147483647,2147483647,-113,13,Swisscom,false,false
1429749871939,2147483647,2147483647,2147483647,2147483647,-113,13,Swisscom,false,false
1429749871939,2147483647,2147483647,2147483647,2147483647,-113,13,Swisscom,false,false
1429749871939,2147483647,2147483647,2147483647,2147483647,-113,13,Swisscom,false,false
1429749871939,2147483647,2147483647,2147483647,2147483647,-113,13,Swisscom,false,false
1429749871939,2147483647,2147483647,2147483647,2147483647,-113,13,Swisscom,false,false
1429749871939,2147483647,2147483647,2147483647,2147483647,-113,13,Swisscom,false,false
1429749871939,2147483647,2147483647,2147483647,2147483647,-113,13,Swisscom,false,false
1429749871939,2147483647,2147483647,2147483647,2147483647,-113,13,Swisscom,false,false
1429749871939,2147483647,2147483647,2147483647,2147483647,-113,13,Swisscom,false,false
1429749871939,2147483647,2147483647,2147483647,2147483647,-113,13,Swisscom,false,false
1429749871939,2147483647,2147483647,2147483647,2147483647,0,13,Swisscom,false,false
1429749871939,2147483647,2147483647,2147483647,2147483647,0,13,Swisscom,false,false
1429749871939,2147483647,2147483647,2147483647,2147483647,0,13,Swisscom,false,false
1429749932070,17432577,2222,1,228,-110,13,Swisscom,true,false
1429749932070,3,2147483647,2147483647,2147483647,-121,13,Swisscom,false,false
1429749932070,4,2147483647,2147483647,2147483647,-124,13,Swisscom,false,false
1429749932070,2147483647,2147483647,2147483647,2147483647,-113,13,Swisscom,false,false
1429749932070,2147483647,2147483647,2147483647,2147483647,-113,13,Swisscom,false,false
1429749932070,2147483647,2147483647,2147483647,2147483647,-113,13,Swisscom,false,false
1429749932070,2147483647,2147483647,2147483647,2147483647,-113,13,Swisscom,false,false
1429749932070,2147483647,2147483647,2147483647,2147483647,-113,13,Swisscom,false,false
1429749932070,2147483647,2147483647,2147483647,2147483647,-113,13,Swisscom,false,false
1429749932070,2147483647,2147483647,2147483647,2147483647,-113,13,Swisscom,false,false
1429749932070,2147483647,2147483647,2147483647,2147483647,-113,13,Swisscom,false,false
1429749932070,2147483647,2147483647,2147483647,2147483647,-113,13,Swisscom,false,false
1429749932070,2147483647,2147483647,2147483647,2147483647,-113,13,Swisscom,false,false
1429749932070,2147483647,2147483647,2147483647,2147483647,-113,13,Swisscom,false,false
1429749932070,2147483647,2147483647,2147483647,2147483647,-113,13,Swisscom,false,false
1429749932070,2147483647,2147483647,2147483647,2147483647,0,13,Swisscom,false,false
1429749932070,2147483647,2147483647,2147483647,2147483647,0,13,Swisscom,false,false
1429749932070,2147483647,2147483647,2147483647,2147483647,0,13,Swisscom,false,false
1429749968449,17432577,2222,1,228,-110,13,Swisscom,true,false
1429749968449,3,2147483647,2147483647,2147483647,-120,13,Swisscom,false,false
1429749968449,4,2147483647,2147483647,2147483647,-122,13,Swisscom,false,false
1429749968449,2147483647,2147483647,2147483647,2147483647,-113,13,Swisscom,false,false
1429749968449,2147483647,2147483647,2147483647,2147483647,-113,13,Swisscom,false,false
1429749968449,2147483647,2147483647,2147483647,2147483647,-113,13,Swisscom,false,false
1429749968449,2147483647,2147483647,2147483647,2147483647,-113,13,Swisscom,false,false
1429749968449,2147483647,2147483647,2147483647,2147483647,-113,13,Swisscom,false,false
1429749968449,2147483647,2147483647,2147483647,2147483647,-113,13,Swisscom,false,false
1429749968449,2147483647,2147483647,2147483647,2147483647,-113,13,Swisscom,false,false
1429749968449,2147483647,2147483647,2147483647,2147483647,-113,13,Swisscom,false,false
1429749968449,2147483647,2147483647,2147483647,2147483647,-113,13,Swisscom,false,false
1429749968449,2147483647,2147483647,2147483647,2147483647,-113,13,Swisscom,false,false
1429749968449,2147483647,2147483647,2147483647,2147483647,-113,13,Swisscom,false,false
1429749968449,2147483647,2147483647,2147483647,2147483647,-113,13,Swisscom,false,false
1429749968449,2147483647,2147483647,2147483647,2147483647,0,13,Swisscom,false,false
1429749995874,17432577,2222,1,228,-110,13,Swisscom,true,false
1429749995874,2147483647,2147483647,2147483647,2147483647,-113,13,Swisscom,false,false
1429749995874,2147483647,2147483647,2147483647,2147483647,-113,13,Swisscom,false,false
1429749995874,2147483647,2147483647,2147483647,2147483647,-113,13,Swisscom,false,false
1429749995874,2147483647,2147483647,2147483647,2147483647,-113,13,Swisscom,false,false
1429749995874,2147483647,2147483647,2147483647,2147483647,-113,13,Swisscom,false,false
1429749995874,2147483647,2147483647,2147483647,2147483647,-113,13,Swisscom,false,false
1429749995874,2147483647,2147483647,2147483647,2147483647,-113,13,Swisscom,false,false
1429749995874,2147483647,2147483647,2147483647,2147483647,-113,13,Swisscom,false,false
1429749995874,2147483647,2147483647,2147483647,2147483647,-113,13,Swisscom,false,false
1429749995874,2147483647,2147483647,2147483647,2147483647,-113,13,Swisscom,false,false
1429749995874,2147483647,2147483647,2147483647,2147483647,-113,13,Swisscom,false,false
1429749995874,2147483647,2147483647,2147483647,2147483647,-113,13,Swisscom,false,false
1429749995874,2147483647,2147483647,2147483647,2147483647,0,13,Swisscom,false,false
1429749995874,2147483647,2147483647,2147483647,2147483647,0,13,Swisscom,false,false
1429749995874,2147483647,2147483647,2147483647,2147483647,0,13,Swisscom,false,false
1429750083653,17432577,2222,1,228,-110,13,Swisscom,true,false
1429750083653,2147483647,2147483647,2147483647,2147483647,-113,13,Swisscom,false,false
1429750083653,2147483647,2147483647,2147483647,2147483647,-113,13,Swisscom,false,false
1429750083653,2147483647,2147483647,2147483647,2147483647,-113,13,Swisscom,false,false
1429750083653,2147483647,2147483647,2147483647,2147483647,-113,13,Swisscom,false,false
1429750083653,2147483647,2147483647,2147483647,2147483647,-113,13,Swisscom,false,false
1429750083653,2147483647,2147483647,2147483647,2147483647,-113,13,Swisscom,false,false
1429750083653,2147483647,2147483647,2147483647,2147483647,-113,13,Swisscom,false,false
1429750083653,2147483647,2147483647,2147483647,2147483647,-113,13,Swisscom,false,false
1429750083653,2147483647,2147483647,2147483647,2147483647,-113,13,Swisscom,false,false
1429750083653,2147483647,2147483647,2147483647,2147483647,-113,13,Swisscom,false,false
1429750083653,2147483647,2147483647,2147483647,2147483647,-113,13,Swisscom,false,false
1429750083653,2147483647,2147483647,2147483647,2147483647,-113,13,Swisscom,false,false
1429750083653,2147483647,2147483647,2147483647,2147483647,0,13,Swisscom,false,false
1429750083653,2147483647,2147483647,2147483647,2147483647,0,13,Swisscom,false,false
1429750083653,2147483647,2147483647,2147483647,2147483647,0,13,Swisscom,false,false
1429750143758,17432577,2222,1,228,-110,13,Swisscom,true,false
1429750143758,2147483647,2147483647,2147483647,2147483647,-113,13,Swisscom,false,false
1429750143758,2147483647,2147483647,2147483647,2147483647,-113,13,Swisscom,false,false
1429750143758,2147483647,2147483647,2147483647,2147483647,-113,13,Swisscom,false,false
1429750143758,2147483647,2147483647,2147483647,2147483647,-113,13,Swisscom,false,false
1429750143758,2147483647,2147483647,2147483647,2147483647,-113,13,Swisscom,false,false
1429750143758,2147483647,2147483647,2147483647,2147483647,-113,13,Swisscom,false,false
1429750143758,2147483647,2147483647,2147483647,2147483647,-113,13,Swisscom,false,false
1429750143758,2147483647,2147483647,2147483647,2147483647,-113,13,Swisscom,false,false
1429750143758,2147483647,2147483647,2147483647,2147483647,-113,13,Swisscom,false,false
1429750143758,2147483647,2147483647,2147483647,2147483647,-113,13,Swisscom,false,false
1429750143758,2147483647,2147483647,2147483647,2147483647,-113,13,Swisscom,false,false
1429750143758,2147483647,2147483647,2147483647,2147483647,-113,13,Swisscom,false,false
1429750143758,2147483647,2147483647,2147483647,2147483647,0,13,Swisscom,false,false
1429750143758,2147483647,2147483647,2147483647,2147483647,0,13,Swisscom,false,false
1429750143758,2147483647,2147483647,2147483647,2147483647,0,13,Swisscom,false,false
1429750152178,17432577,2222,1,228,-110,13,Swisscom,true,false
1429750152178,3,2147483647,2147483647,2147483647,-119,13,Swisscom,false,false
1429750180834,17432577,2222,1,228,-110,13,Swisscom,true,false
1429750180834,2147483647,2147483647,2147483647,2147483647,-113,13,Swisscom,false,false
1429750180834,2147483647,2147483647,2147483647,2147483647,-113,13,Swisscom,false,false
1429750180834,2147483647,2147483647,2147483647,2147483647,-113,13,Swisscom,false,false
1429750180834,2147483647,2147483647,2147483647,2147483647,-113,13,Swisscom,false,false
1429750180834,2147483647,2147483647,2147483647,2147483647,-113,13,Swisscom,false,false
1429750180834,2147483647,2147483647,2147483647,2147483647,-113,13,Swisscom,false,false
1429750180834,2147483647,2147483647,2147483647,2147483647,-113,13,Swisscom,false,false
1429750180834,2147483647,2147483647,2147483647,2147483647,-113,13,Swisscom,false,false
1429750180834,2147483647,2147483647,2147483647,2147483647,-113,13,Swisscom,false,false
1429750180834,2147483647,2147483647,2147483647,2147483647,-113,13,Swisscom,false,false
1429750180834,2147483647,2147483647,2147483647,2147483647,-113,13,Swisscom,false,false
1429750180834,2147483647,2147483647,2147483647,2147483647,-113,13,Swisscom,false,false
1429750180834,2147483647,2147483647,2147483647,2147483647,0,13,Swisscom,false,false
1429750180834,2147483647,2147483647,2147483647,2147483647,0,13,Swisscom,false,false
1429750180834,2147483647,2147483647,2147483647,2147483647,0,13,Swisscom,false,false
1429750260143,17432577,2222,1,228,-110,13,Swisscom,true,false
1429750260143,2147483647,2147483647,2147483647,2147483647,-113,13,Swisscom,false,false
1429750260143,2147483647,2147483647,2147483647,2147483647,-113,13,Swisscom,false,false
1429750260143,2147483647,2147483647,2147483647,2147483647,-113,13,Swisscom,false,false
1429750260143,2147483647,2147483647,2147483647,2147483647,-113,13,Swisscom,false,false
1429750260143,2147483647,2147483647,2147483647,2147483647,-113,13,Swisscom,false,false
1429750260143,2147483647,2147483647,2147483647,2147483647,-113,13,Swisscom,false,false
1429750260143,2147483647,2147483647,2147483647,2147483647,-113,13,Swisscom,false,false
1429750260143,2147483647,2147483647,2147483647,2147483647,-113,13,Swisscom,false,false
1429750260143,2147483647,2147483647,2147483647,2147483647,-113,13,Swisscom,false,false
1429750260143,2147483647,2147483647,2147483647,2147483647,-113,13,Swisscom,false,false
1429750260143,2147483647,2147483647,2147483647,2147483647,-113,13,Swisscom,false,false
1429750260143,2147483647,2147483647,2147483647,2147483647,-113,13,Swisscom,false,false
1429750260143,2147483647,2147483647,2147483647,2147483647,0,13,Swisscom,false,false
1429750260143,2147483647,2147483647,2147483647,2147483647,0,13,Swisscom,false,false
1429750260143,2147483647,2147483647,2147483647,2147483647,0,13,Swisscom,false,false
1429750327201,17432577,2222,1,228,-110,13,Swisscom,true,false
1429750327201,2147483647,2147483647,2147483647,2147483647,-113,13,Swisscom,false,false
1429750327201,2147483647,2147483647,2147483647,2147483647,-113,13,Swisscom,false,false
1429750327201,2147483647,2147483647,2147483647,2147483647,-113,13,Swisscom,false,false
1429750327201,2147483647,2147483647,2147483647,2147483647,-113,13,Swisscom,false,false
1429750327201,2147483647,2147483647,2147483647,2147483647,-113,13,Swisscom,false,false
1429750327201,2147483647,2147483647,2147483647,2147483647,-113,13,Swisscom,false,false
1429750327201,2147483647,2147483647,2147483647,2147483647,-113,13,Swisscom,false,false
1429750327201,2147483647,2147483647,2147483647,2147483647,-113,13,Swisscom,false,false
1429750327201,2147483647,2147483647,2147483647,2147483647,-113,13,Swisscom,false,false
1429750327201,2147483647,2147483647,2147483647,2147483647,-113,13,Swisscom,false,false
1429750327201,2147483647,2147483647,2147483647,2147483647,-113,13,Swisscom,false,false
1429750327201,2147483647,2147483647,2147483647,2147483647,-113,13,Swisscom,false,false
1429750327201,2147483647,2147483647,2147483647,2147483647,0,13,Swisscom,false,false
1429750327201,2147483647,2147483647,2147483647,2147483647,0,13,Swisscom,false,false
1429750327201,2147483647,2147483647,2147483647,2147483647,0,13,Swisscom,false,false
1429750327201,2147483647,2147483647,2147483647,2147483647,0,13,Swisscom,false,false
1429750332989,17432577,2222,1,228,-110,13,Swisscom,true,false
1429750332989,3,2147483647,2147483647,2147483647,-120,13,Swisscom,false,false
1429750360837,17432577,2222,1,228,-110,13,Swisscom,true,false
1429750360837,3,2147483647,2147483647,2147483647,-120,13,Swisscom,false,false
1429750360837,4,2147483647,2147483647,2147483647,-124,13,Swisscom,false,false
1429750420921,17432577,2222,1,228,-110,13,Swisscom,true,false
1429750420921,3,2147483647,2147483647,2147483647,-121,13,Swisscom,false,false
1429750420921,2147483647,2147483647,2147483647,2147483647,-113,13,Swisscom,false,false
1429750420921,2147483647,2147483647,2147483647,2147483647,-113,13,Swisscom,false,false
1429750420921,2147483647,2147483647,2147483647,2147483647,-113,13,Swisscom,false,false
1429750420921,2147483647,2147483647,2147483647,2147483647,-113,13,Swisscom,false,false
1429750420921,2147483647,2147483647,2147483647,2147483647,-113,13,Swisscom,false,false
1429750420921,2147483647,2147483647,2147483647,2147483647,-113,13,Swisscom,false,false
1429750420921,2147483647,2147483647,2147483647,2147483647,-113,13,Swisscom,false,false
1429750420921,2147483647,2147483647,2147483647,2147483647,-113,13,Swisscom,false,false
1429750420921,2147483647,2147483647,2147483647,2147483647,-113,13,Swisscom,false,false
1429750420921,2147483647,2147483647,2147483647,2147483647,-113,13,Swisscom,false,false
1429750420921,2147483647,2147483647,2147483647,2147483647,-113,13,Swisscom,false,false
1429750420921,2147483647,2147483647,2147483647,2147483647,-113,13,Swisscom,false,false
1429750420921,2147483647,2147483647,2147483647,2147483647,0,13,Swisscom,false,false
1429750420921,2147483647,2147483647,2147483647,2147483647,0,13,Swisscom,false,false
1429750420921,2147483647,2147483647,2147483647,2147483647,0,13,Swisscom,false,false
1429750494508,17432577,2222,1,228,-110,13,Swisscom,true,false
1429750494508,3,2147483647,2147483647,2147483647,-121,13,Swisscom,false,false
1429750494508,4,2147483647,2147483647,2147483647,-123,13,Swisscom,false,false
1429750517322,17432577,2222,1,228,-110,13,Swisscom,true,false
1429750517322,3,2147483647,2147483647,2147483647,-121,13,Swisscom,false,false
1429750517322,2147483647,2147483647,2147483647,2147483647,-113,13,Swisscom,false,false
1429750517322,2147483647,2147483647,2147483647,2147483647,-113,13,Swisscom,false,false
1429750517322,2147483647,2147483647,2147483647,2147483647,-113,13,Swisscom,false,false
1429750517322,2147483647,2147483647,2147483647,2147483647,-113,13,Swisscom,false,false
1429750517322,2147483647,2147483647,2147483647,2147483647,-113,13,Swisscom,false,false
1429750517322,2147483647,2147483647,2147483647,2147483647,-113,13,Swisscom,false,false
1429750517322,2147483647,2147483647,2147483647,2147483647,-113,13,Swisscom,false,false
1429750517322,2147483647,2147483647,2147483647,2147483647,-113,13,Swisscom,false,false
1429750517322,2147483647,2147483647,2147483647,2147483647,-113,13,Swisscom,false,false
1429750517322,2147483647,2147483647,2147483647,2147483647,-113,13,Swisscom,false,false
1429750517322,2147483647,2147483647,2147483647,2147483647,-113,13,Swisscom,false,false
1429750517322,2147483647,2147483647,2147483647,2147483647,-113,13,Swisscom,false,false
1429750517322,2147483647,2147483647,2147483647,2147483647,0,13,Swisscom,false,false
1429750545841,17432577,2222,1,228,-111,13,Swisscom,true,false
1429750545841,2147483647,2147483647,2147483647,2147483647,-113,13,Swisscom,false,false
1429750545841,2147483647,2147483647,2147483647,2147483647,-113,13,Swisscom,false,false
1429750545841,2147483647,2147483647,2147483647,2147483647,-113,13,Swisscom,false,false
1429750545841,2147483647,2147483647,2147483647,2147483647,-113,13,Swisscom,false,false
1429750545841,2147483647,2147483647,2147483647,2147483647,-113,13,Swisscom,false,false
1429750545841,2147483647,2147483647,2147483647,2147483647,-113,13,Swisscom,false,false
1429750545841,2147483647,2147483647,2147483647,2147483647,-113,13,Swisscom,false,false
1429750545841,2147483647,2147483647,2147483647,2147483647,-113,13,Swisscom,false,false
1429750545841,2147483647,2147483647,2147483647,2147483647,-113,13,Swisscom,false,false
1429750545841,2147483647,2147483647,2147483647,2147483647,-113,13,Swisscom,false,false
1429750545841,2147483647,2147483647,2147483647,2147483647,-113,13,Swisscom,false,false
1429750545841,2147483647,2147483647,2147483647,2147483647,-113,13,Swisscom,false,false
1429750545841,2147483647,2147483647,2147483647,2147483647,0,13,Swisscom,false,false
1429750545841,2147483647,2147483647,2147483647,2147483647,0,13,Swisscom,false,false
1429750614495,17432577,2222,1,228,-110,13,Swisscom,true,false
1429750674588,17432577,2222,1,228,-110,13,Swisscom,true,false
1429750674588,2147483647,2147483647,2147483647,2147483647,-113,13,Swisscom,false,false
1429750674588,2147483647,2147483647,2147483647,2147483647,-113,13,Swisscom,false,false
1429750674588,2147483647,2147483647,2147483647,2147483647,-113,13,Swisscom,false,false
1429750674588,2147483647,2147483647,2147483647,2147483647,-113,13,Swisscom,false,false
1429750674588,2147483647,2147483647,2147483647,2147483647,-113,13,Swisscom,false,false
1429750674588,2147483647,2147483647,2147483647,2147483647,-113,13,Swisscom,false,false
1429750674588,2147483647,2147483647,2147483647,2147483647,-113,13,Swisscom,false,false
1429750674588,2147483647,2147483647,2147483647,2147483647,-113,13,Swisscom,false,false
1429750674588,2147483647,2147483647,2147483647,2147483647,-113,13,Swisscom,false,false
1429750674588,2147483647,2147483647,2147483647,2147483647,-113,13,Swisscom,false,false
1429750674588,2147483647,2147483647,2147483647,2147483647,-113,13,Swisscom,false,false
1429750674588,2147483647,2147483647,2147483647,2147483647,-113,13,Swisscom,false,false
1429750674588,2147483647,2147483647,2147483647,2147483647,0,13,Swisscom,false,false
1429750674588,2147483647,2147483647,2147483647,2147483647,0,13,Swisscom,false,false
1429750712691,17432577,2222,1,228,-110,13,Swisscom,true,false
1429750712691,3,2147483647,2147483647,2147483647,-122,13,Swisscom,false,false
1429750712691,2147483647,2147483647,2147483647,2147483647,-113,13,Swisscom,false,false
1429750712691,2147483647,2147483647,2147483647,2147483647,-113,13,Swisscom,false,false
1429750712691,2147483647,2147483647,2147483647,2147483647,-113,13,Swisscom,false,false
1429750712691,2147483647,2147483647,2147483647,2147483647,-113,13,Swisscom,false,false
1429750712691,2147483647,2147483647,2147483647,2147483647,-113,13,Swisscom,false,false
1429750712691,2147483647,2147483647,2147483647,2147483647,-113,13,Swisscom,false,false
1429750712691,2147483647,2147483647,2147483647,2147483647,-113,13,Swisscom,false,false
1429750712691,2147483647,2147483647,2147483647,2147483647,-113,13,Swisscom,false,false
1429750712691,2147483647,2147483647,2147483647,2147483647,-113,13,Swisscom,false,false
1429750712691,2147483647,2147483647,2147483647,2147483647,-113,13,Swisscom,false,false
1429750712691,2147483647,2147483647,2147483647,2147483647,-113,13,Swisscom,false,false
1429750712691,2147483647,2147483647,2147483647,2147483647,-113,13,Swisscom,false,false
1429750712691,2147483647,2147483647,2147483647,2147483647,0,13,Swisscom,false,false
1429750740922,17432577,2222,1,228,-110,13,Swisscom,true,false
1429750740922,3,2147483647,2147483647,2147483647,-121,13,Swisscom,false,false
1429750740922,2147483647,2147483647,2147483647,2147483647,-113,13,Swisscom,false,false
1429750740922,2147483647,2147483647,2147483647,2147483647,-113,13,Swisscom,false,false
1429750740922,2147483647,2147483647,2147483647,2147483647,-113,13,Swisscom,false,false
1429750740922,2147483647,2147483647,2147483647,2147483647,-113,13,Swisscom,false,false
1429750740922,2147483647,2147483647,2147483647,2147483647,-113,13,Swisscom,false,false
1429750740922,2147483647,2147483647,2147483647,2147483647,-113,13,Swisscom,false,false
1429750740922,2147483647,2147483647,2147483647,2147483647,-113,13,Swisscom,false,false
1429750740922,2147483647,2147483647,2147483647,2147483647,-113,13,Swisscom,false,false
1429750740922,2147483647,2147483647,2147483647,2147483647,-113,13,Swisscom,false,false
1429750740922,2147483647,2147483647,2147483647,2147483647,-113,13,Swisscom,false,false
1429750740922,2147483647,2147483647,2147483647,2147483647,-113,13,Swisscom,false,false
1429750740922,2147483647,2147483647,2147483647,2147483647,-113,13,Swisscom,false,false
1429750740922,2147483647,2147483647,2147483647,2147483647,0,13,Swisscom,false,false
1429750800924,17432577,2222,1,228,-110,13,Swisscom,true,false
1429750800924,2147483647,2147483647,2147483647,2147483647,-113,13,Swisscom,false,false
1429750800924,2147483647,2147483647,2147483647,2147483647,-113,13,Swisscom,false,false
1429750800924,2147483647,2147483647,2147483647,2147483647,-113,13,Swisscom,false,false
1429750800924,2147483647,2147483647,2147483647,2147483647,-113,13,Swisscom,false,false
1429750800924,2147483647,2147483647,2147483647,2147483647,-113,13,Swisscom,false,false
1429750800924,2147483647,2147483647,2147483647,2147483647,-113,13,Swisscom,false,false
1429750800924,2147483647,2147483647,2147483647,2147483647,-113,13,Swisscom,false,false
1429750800924,2147483647,2147483647,2147483647,2147483647,-113,13,Swisscom,false,false
1429750800924,2147483647,2147483647,2147483647,2147483647,-113,13,Swisscom,false,false
1429750800924,2147483647,2147483647,2147483647,2147483647,-113,13,Swisscom,false,false
1429750800924,2147483647,2147483647,2147483647,2147483647,-113,13,Swisscom,false,false
1429750800924,2147483647,2147483647,2147483647,2147483647,-113,13,Swisscom,false,false
1429750800924,2147483647,2147483647,2147483647,2147483647,0,13,Swisscom,false,false
1429750866294,17432577,2222,1,228,-111,13,Swisscom,true,false
1429750866294,3,2147483647,2147483647,2147483647,-122,13,Swisscom,false,false
1429750897748,17432577,2222,1,228,-111,13,Swisscom,true,false
1429750897748,2147483647,2147483647,2147483647,2147483647,-113,13,Swisscom,false,false
1429750897748,2147483647,2147483647,2147483647,2147483647,-113,13,Swisscom,false,false
1429750897748,2147483647,2147483647,2147483647,2147483647,-113,13,Swisscom,false,false
1429750897748,2147483647,2147483647,2147483647,2147483647,-113,13,Swisscom,false,false
1429750897748,2147483647,2147483647,2147483647,2147483647,-113,13,Swisscom,false,false
1429750897748,2147483647,2147483647,2147483647,2147483647,-113,13,Swisscom,false,false
1429750897748,2147483647,2147483647,2147483647,2147483647,-113,13,Swisscom,false,false
1429750897748,2147483647,2147483647,2147483647,2147483647,-113,13,Swisscom,false,false
1429750897748,2147483647,2147483647,2147483647,2147483647,-113,13,Swisscom,false,false
1429750897748,2147483647,2147483647,2147483647,2147483647,-113,13,Swisscom,false,false
1429750897748,2147483647,2147483647,2147483647,2147483647,-113,13,Swisscom,false,false
1429750897748,2147483647,2147483647,2147483647,2147483647,-113,13,Swisscom,false,false
1429750897748,2147483647,2147483647,2147483647,2147483647,0,13,Swisscom,false,false
1429750897748,2147483647,2147483647,2147483647,2147483647,0,13,Swisscom,false,false
1429750897748,2147483647,2147483647,2147483647,2147483647,0,13,Swisscom,false,false
1429750926004,17432577,2222,1,228,-111,13,Swisscom,true,false
1429750926004,3,2147483647,2147483647,2147483647,-122,13,Swisscom,false,false
1429750926004,2147483647,2147483647,2147483647,2147483647,-113,13,Swisscom,false,false
1429750926004,2147483647,2147483647,2147483647,2147483647,-113,13,Swisscom,false,false
1429750926004,2147483647,2147483647,2147483647,2147483647,-113,13,Swisscom,false,false
1429750926004,2147483647,2147483647,2147483647,2147483647,-113,13,Swisscom,false,false
1429750926004,2147483647,2147483647,2147483647,2147483647,-113,13,Swisscom,false,false
1429750926004,2147483647,2147483647,2147483647,2147483647,-113,13,Swisscom,false,false
1429750926004,2147483647,2147483647,2147483647,2147483647,-113,13,Swisscom,false,false
1429750926004,2147483647,2147483647,2147483647,2147483647,-113,13,Swisscom,false,false
1429750926004,2147483647,2147483647,2147483647,2147483647,-113,13,Swisscom,false,false
1429750926004,2147483647,2147483647,2147483647,2147483647,-113,13,Swisscom,false,false
1429750926004,2147483647,2147483647,2147483647,2147483647,-113,13,Swisscom,false,false
1429750926004,2147483647,2147483647,2147483647,2147483647,-113,13,Swisscom,false,false
1429750926004,2147483647,2147483647,2147483647,2147483647,0,13,Swisscom,false,false
1429750926004,2147483647,2147483647,2147483647,2147483647,0,13,Swisscom,false,false
1429750926004,2147483647,2147483647,2147483647,2147483647,0,13,Swisscom,false,false
1429750986622,17432577,2222,1,228,-111,13,Swisscom,true,false
1429750986622,3,2147483647,2147483647,2147483647,-122,13,Swisscom,false,false
1429751046629,17432577,2222,1,228,-111,13,Swisscom,true,false
1429751046629,2147483647,2147483647,2147483647,2147483647,-113,13,Swisscom,false,false
1429751046629,2147483647,2147483647,2147483647,2147483647,-113,13,Swisscom,false,false
1429751046629,2147483647,2147483647,2147483647,2147483647,-113,13,Swisscom,false,false
1429751046629,2147483647,2147483647,2147483647,2147483647,-113,13,Swisscom,false,false
1429751046629,2147483647,2147483647,2147483647,2147483647,-113,13,Swisscom,false,false
1429751046629,2147483647,2147483647,2147483647,2147483647,-113,13,Swisscom,false,false
1429751046629,2147483647,2147483647,2147483647,2147483647,-113,13,Swisscom,false,false
1429751046629,2147483647,2147483647,2147483647,2147483647,-113,13,Swisscom,false,false
1429751046629,2147483647,2147483647,2147483647,2147483647,-113,13,Swisscom,false,false
1429751046629,2147483647,2147483647,2147483647,2147483647,-113,13,Swisscom,false,false
1429751046629,2147483647,2147483647,2147483647,2147483647,-113,13,Swisscom,false,false
1429751046629,2147483647,2147483647,2147483647,2147483647,-113,13,Swisscom,false,false
1429751046629,2147483647,2147483647,2147483647,2147483647,0,13,Swisscom,false,false
1429751046629,2147483647,2147483647,2147483647,2147483647,0,13,Swisscom,false,false
1429751082682,17432577,2222,1,228,-111,13,Swisscom,true,false
1429751082682,2147483647,2147483647,2147483647,2147483647,-113,13,Swisscom,false,false
1429751082682,2147483647,2147483647,2147483647,2147483647,-113,13,Swisscom,false,false
1429751082682,2147483647,2147483647,2147483647,2147483647,-113,13,Swisscom,false,false
1429751082682,2147483647,2147483647,2147483647,2147483647,-113,13,Swisscom,false,false
1429751082682,2147483647,2147483647,2147483647,2147483647,-113,13,Swisscom,false,false
1429751082682,2147483647,2147483647,2147483647,2147483647,-113,13,Swisscom,false,false
1429751082682,2147483647,2147483647,2147483647,2147483647,-113,13,Swisscom,false,false
1429751082682,2147483647,2147483647,2147483647,2147483647,-113,13,Swisscom,false,false
1429751082682,2147483647,2147483647,2147483647,2147483647,-113,13,Swisscom,false,false
1429751082682,2147483647,2147483647,2147483647,2147483647,-113,13,Swisscom,false,false
1429751082682,2147483647,2147483647,2147483647,2147483647,-113,13,Swisscom,false,false
1429751082682,2147483647,2147483647,2147483647,2147483647,-113,13,Swisscom,false,false
1429751082682,2147483647,2147483647,2147483647,2147483647,0,13,Swisscom,false,false
1429751082682,2147483647,2147483647,2147483647,2147483647,0,13,Swisscom,false,false
1429751110910,17432577,2222,1,228,-111,13,Swisscom,true,false
1429751110910,3,2147483647,2147483647,2147483647,-121,13,Swisscom,false,false
1429751110910,4,2147483647,2147483647,2147483647,-124,13,Swisscom,false,false
1429751110910,2147483647,2147483647,2147483647,2147483647,-113,13,Swisscom,false,false
1429751110910,2147483647,2147483647,2147483647,2147483647,-113,13,Swisscom,false,false
1429751110910,2147483647,2147483647,2147483647,2147483647,-113,13,Swisscom,false,false
1429751110910,2147483647,2147483647,2147483647,2147483647,-113,13,Swisscom,false,false
1429751110910,2147483647,2147483647,2147483647,2147483647,-113,13,Swisscom,false,false
1429751110910,2147483647,2147483647,2147483647,2147483647,-113,13,Swisscom,false,false
1429751110910,2147483647,2147483647,2147483647,2147483647,-113,13,Swisscom,false,false
1429751110910,2147483647,2147483647,2147483647,2147483647,-113,13,Swisscom,false,false
1429751110910,2147483647,2147483647,2147483647,2147483647,-113,13,Swisscom,false,false
1429751110910,2147483647,2147483647,2147483647,2147483647,-113,13,Swisscom,false,false
1429751110910,2147483647,2147483647,2147483647,2147483647,-113,13,Swisscom,false,false
1429751110910,2147483647,2147483647,2147483647,2147483647,-113,13,Swisscom,false,false
1429751110910,2147483647,2147483647,2147483647,2147483647,0,13,Swisscom,false,false
1429751110910,2147483647,2147483647,2147483647,2147483647,0,13,Swisscom,false,false
1429751110910,2147483647,2147483647,2147483647,2147483647,0,13,Swisscom,false,false
1429751170967,17432577,2222,1,228,-110,13,Swisscom,true,false
1429751170967,2147483647,2147483647,2147483647,2147483647,-113,13,Swisscom,false,false
1429751170967,2147483647,2147483647,2147483647,2147483647,-113,13,Swisscom,false,false
1429751170967,2147483647,2147483647,2147483647,2147483647,-113,13,Swisscom,false,false
1429751170967,2147483647,2147483647,2147483647,2147483647,-113,13,Swisscom,false,false
1429751170967,2147483647,2147483647,2147483647,2147483647,-113,13,Swisscom,false,false
1429751170967,2147483647,2147483647,2147483647,2147483647,-113,13,Swisscom,false,false
1429751170967,2147483647,2147483647,2147483647,2147483647,-113,13,Swisscom,false,false
1429751170967,2147483647,2147483647,2147483647,2147483647,-113,13,Swisscom,false,false
1429751170967,2147483647,2147483647,2147483647,2147483647,-113,13,Swisscom,false,false
1429751170967,2147483647,2147483647,2147483647,2147483647,-113,13,Swisscom,false,false
1429751170967,2147483647,2147483647,2147483647,2147483647,-113,13,Swisscom,false,false
1429751170967,2147483647,2147483647,2147483647,2147483647,-113,13,Swisscom,false,false
1429751170967,2147483647,2147483647,2147483647,2147483647,0,13,Swisscom,false,false
1429751170967,2147483647,2147483647,2147483647,2147483647,0,13,Swisscom,false,false
1429751170967,2147483647,2147483647,2147483647,2147483647,0,13,Swisscom,false,false
1429751233300,17432577,2222,1,228,-111,13,Swisscom,true,false
1429751233300,3,2147483647,2147483647,2147483647,-119,13,Swisscom,false,false
1429751233300,4,2147483647,2147483647,2147483647,-120,13,Swisscom,false,false
1429751266334,17432577,2222,1,228,-111,13,Swisscom,true,false
1429751266334,3,2147483647,2147483647,2147483647,-121,13,Swisscom,false,false
1429751266334,2147483647,2147483647,2147483647,2147483647,-113,13,Swisscom,false,false
1429751266334,2147483647,2147483647,2147483647,2147483647,-113,13,Swisscom,false,false
1429751266334,2147483647,2147483647,2147483647,2147483647,-113,13,Swisscom,false,false
1429751266334,2147483647,2147483647,2147483647,2147483647,-113,13,Swisscom,false,false
1429751266334,2147483647,2147483647,2147483647,2147483647,-113,13,Swisscom,false,false
1429751266334,2147483647,2147483647,2147483647,2147483647,-113,13,Swisscom,false,false
1429751266334,2147483647,2147483647,2147483647,2147483647,-113,13,Swisscom,false,false
1429751266334,2147483647,2147483647,2147483647,2147483647,-113,13,Swisscom,false,false
1429751266334,2147483647,2147483647,2147483647,2147483647,-113,13,Swisscom,false,false
1429751266334,2147483647,2147483647,2147483647,2147483647,-113,13,Swisscom,false,false
1429751266334,2147483647,2147483647,2147483647,2147483647,-113,13,Swisscom,false,false
1429751266334,2147483647,2147483647,2147483647,2147483647,-113,13,Swisscom,false,false
1429751266334,2147483647,2147483647,2147483647,2147483647,0,13,Swisscom,false,false
1429751294969,17432577,2222,1,228,-110,13,Swisscom,true,false
1429751294969,3,2147483647,2147483647,2147483647,-122,13,Swisscom,false,false
1429751294969,2147483647,2147483647,2147483647,2147483647,-113,13,Swisscom,false,false
1429751294969,2147483647,2147483647,2147483647,2147483647,-113,13,Swisscom,false,false
1429751294969,2147483647,2147483647,2147483647,2147483647,-113,13,Swisscom,false,false
1429751294969,2147483647,2147483647,2147483647,2147483647,-113,13,Swisscom,false,false
1429751294969,2147483647,2147483647,2147483647,2147483647,-113,13,Swisscom,false,false
1429751294969,2147483647,2147483647,2147483647,2147483647,-113,13,Swisscom,false,false
1429751294969,2147483647,2147483647,2147483647,2147483647,-113,13,Swisscom,false,false
1429751294969,2147483647,2147483647,2147483647,2147483647,-113,13,Swisscom,false,false
1429751294969,2147483647,2147483647,2147483647,2147483647,-113,13,Swisscom,false,false
1429751294969,2147483647,2147483647,2147483647,2147483647,-113,13,Swisscom,false,false
1429751294969,2147483647,2147483647,2147483647,2147483647,-113,13,Swisscom,false,false
1429751294969,2147483647,2147483647,2147483647,2147483647,-113,13,Swisscom,false,false
1429751294969,2147483647,2147483647,2147483647,2147483647,0,13,Swisscom,false,false
1429751294969,2147483647,2147483647,2147483647,2147483647,0,13,Swisscom,false,false
1429751355042,17432577,2222,1,228,-110,13,Swisscom,true,false
1429751355042,2147483647,2147483647,2147483647,2147483647,-113,13,Swisscom,false,false
1429751355042,2147483647,2147483647,2147483647,2147483647,-113,13,Swisscom,false,false
1429751355042,2147483647,2147483647,2147483647,2147483647,-113,13,Swisscom,false,false
1429751355042,2147483647,2147483647,2147483647,2147483647,-113,13,Swisscom,false,false
1429751355042,2147483647,2147483647,2147483647,2147483647,-113,13,Swisscom,false,false
1429751355042,2147483647,2147483647,2147483647,2147483647,-113,13,Swisscom,false,false
1429751355042,2147483647,2147483647,2147483647,2147483647,-113,13,Swisscom,false,false
1429751355042,2147483647,2147483647,2147483647,2147483647,-113,13,Swisscom,false,false
1429751355042,2147483647,2147483647,2147483647,2147483647,-113,13,Swisscom,false,false
1429751355042,2147483647,2147483647,2147483647,2147483647,-113,13,Swisscom,false,false
1429751355042,2147483647,2147483647,2147483647,2147483647,-113,13,Swisscom,false,false
1429751355042,2147483647,2147483647,2147483647,2147483647,-113,13,Swisscom,false,false
1429751355042,2147483647,2147483647,2147483647,2147483647,0,13,Swisscom,false,false
1429751355042,2147483647,2147483647,2147483647,2147483647,0,13,Swisscom,false,false
1429751415239,17432577,2222,1,228,-111,13,Swisscom,true,false
1429751415239,2147483647,2147483647,2147483647,2147483647,-113,13,Swisscom,false,false
1429751415239,2147483647,2147483647,2147483647,2147483647,-113,13,Swisscom,false,false
1429751415239,2147483647,2147483647,2147483647,2147483647,-113,13,Swisscom,false,false
1429751415239,2147483647,2147483647,2147483647,2147483647,-113,13,Swisscom,false,false
1429751415239,2147483647,2147483647,2147483647,2147483647,-113,13,Swisscom,false,false
1429751415239,2147483647,2147483647,2147483647,2147483647,-113,13,Swisscom,false,false
1429751415239,2147483647,2147483647,2147483647,2147483647,-113,13,Swisscom,false,false
1429751415239,2147483647,2147483647,2147483647,2147483647,-113,13,Swisscom,false,false
1429751415239,2147483647,2147483647,2147483647,2147483647,-113,13,Swisscom,false,false
1429751415239,2147483647,2147483647,2147483647,2147483647,-113,13,Swisscom,false,false
1429751415239,2147483647,2147483647,2147483647,2147483647,-113,13,Swisscom,false,false
1429751415239,2147483647,2147483647,2147483647,2147483647,-113,13,Swisscom,false,false
1429751415239,2147483647,2147483647,2147483647,2147483647,0,13,Swisscom,false,false
1429751415239,2147483647,2147483647,2147483647,2147483647,0,13,Swisscom,false,false
1429751452440,17432577,2222,1,228,-110,13,Swisscom,true,false
1429751452440,2147483647,2147483647,2147483647,2147483647,-113,13,Swisscom,false,false
1429751452440,2147483647,2147483647,2147483647,2147483647,-113,13,Swisscom,false,false
1429751452440,2147483647,2147483647,2147483647,2147483647,-113,13,Swisscom,false,false
1429751452440,2147483647,2147483647,2147483647,2147483647,-113,13,Swisscom,false,false
1429751452440,2147483647,2147483647,2147483647,2147483647,-113,13,Swisscom,false,false
1429751452440,2147483647,2147483647,2147483647,2147483647,-113,13,Swisscom,false,false
1429751452440,2147483647,2147483647,2147483647,2147483647,-113,13,Swisscom,false,false
1429751452440,2147483647,2147483647,2147483647,2147483647,-113,13,Swisscom,false,false
1429751452440,2147483647,2147483647,2147483647,2147483647,-113,13,Swisscom,false,false
1429751452440,2147483647,2147483647,2147483647,2147483647,-113,13,Swisscom,false,false
1429751452440,2147483647,2147483647,2147483647,2147483647,-113,13,Swisscom,false,false
1429751452440,2147483647,2147483647,2147483647,2147483647,-113,13,Swisscom,false,false
1429751452440,2147483647,2147483647,2147483647,2147483647,0,13,Swisscom,false,false
1429751452440,2147483647,2147483647,2147483647,2147483647,0,13,Swisscom,false,false
1429751479955,17432577,2222,1,228,-111,13,Swisscom,true,false
1429751479955,3,2147483647,2147483647,2147483647,-122,13,Swisscom,false,false
1429751540124,17432577,2222,1,228,-110,13,Swisscom,true,false
1429751540124,2147483647,2147483647,2147483647,2147483647,-113,13,Swisscom,false,false
1429751540124,2147483647,2147483647,2147483647,2147483647,-113,13,Swisscom,false,false
1429751540124,2147483647,2147483647,2147483647,2147483647,-113,13,Swisscom,false,false
1429751540124,2147483647,2147483647,2147483647,2147483647,-113,13,Swisscom,false,false
1429751540124,2147483647,2147483647,2147483647,2147483647,-113,13,Swisscom,false,false
1429751540124,2147483647,2147483647,2147483647,2147483647,-113,13,Swisscom,false,false
1429751540124,2147483647,2147483647,2147483647,2147483647,-113,13,Swisscom,false,false
1429751540124,2147483647,2147483647,2147483647,2147483647,-113,13,Swisscom,false,false
1429751540124,2147483647,2147483647,2147483647,2147483647,-113,13,Swisscom,false,false
1429751540124,2147483647,2147483647,2147483647,2147483647,-113,13,Swisscom,false,false
1429751540124,2147483647,2147483647,2147483647,2147483647,-113,13,Swisscom,false,false
1429751540124,2147483647,2147483647,2147483647,2147483647,-113,13,Swisscom,false,false
1429751540124,2147483647,2147483647,2147483647,2147483647,0,13,Swisscom,false,false
1429751540124,2147483647,2147483647,2147483647,2147483647,0,13,Swisscom,false,false
1429751540124,2147483647,2147483647,2147483647,2147483647,0,13,Swisscom,false,false
1429751600170,17432577,2222,1,228,-111,13,Swisscom,true,false
1429751600170,2147483647,2147483647,2147483647,2147483647,-113,13,Swisscom,false,false
1429751600170,2147483647,2147483647,2147483647,2147483647,-113,13,Swisscom,false,false
1429751600170,2147483647,2147483647,2147483647,2147483647,-113,13,Swisscom,false,false
1429751600170,2147483647,2147483647,2147483647,2147483647,-113,13,Swisscom,false,false
1429751600170,2147483647,2147483647,2147483647,2147483647,-113,13,Swisscom,false,false
1429751600170,2147483647,2147483647,2147483647,2147483647,-113,13,Swisscom,false,false
1429751600170,2147483647,2147483647,2147483647,2147483647,-113,13,Swisscom,false,false
1429751600170,2147483647,2147483647,2147483647,2147483647,-113,13,Swisscom,false,false
1429751600170,2147483647,2147483647,2147483647,2147483647,-113,13,Swisscom,false,false
1429751600170,2147483647,2147483647,2147483647,2147483647,-113,13,Swisscom,false,false
1429751600170,2147483647,2147483647,2147483647,2147483647,-113,13,Swisscom,false,false
1429751600170,2147483647,2147483647,2147483647,2147483647,-113,13,Swisscom,false,false
1429751600170,2147483647,2147483647,2147483647,2147483647,0,13,Swisscom,false,false
1429751600170,2147483647,2147483647,2147483647,2147483647,0,13,Swisscom,false,false
1429751600170,2147483647,2147483647,2147483647,2147483647,0,13,Swisscom,false,false
1429751629211,17432577,2222,1,228,-110,13,Swisscom,true,false
1429751629211,3,2147483647,2147483647,2147483647,-122,13,Swisscom,false,false
1429751629211,2147483647,2147483647,2147483647,2147483647,-113,13,Swisscom,false,false
1429751629211,2147483647,2147483647,2147483647,2147483647,-113,13,Swisscom,false,false
1429751629211,2147483647,2147483647,2147483647,2147483647,-113,13,Swisscom,false,false
1429751629211,2147483647,2147483647,2147483647,2147483647,-113,13,Swisscom,false,false
1429751629211,2147483647,2147483647,2147483647,2147483647,-113,13,Swisscom,false,false
1429751629211,2147483647,2147483647,2147483647,2147483647,-113,13,Swisscom,false,false
1429751629211,2147483647,2147483647,2147483647,2147483647,-113,13,Swisscom,false,false
1429751629211,2147483647,2147483647,2147483647,2147483647,-113,13,Swisscom,false,false
1429751629211,2147483647,2147483647,2147483647,2147483647,-113,13,Swisscom,false,false
1429751629211,2147483647,2147483647,2147483647,2147483647,-113,13,Swisscom,false,false
1429751629211,2147483647,2147483647,2147483647,2147483647,-113,13,Swisscom,false,false
1429751629211,2147483647,2147483647,2147483647,2147483647,-113,13,Swisscom,false,false
1429751629211,2147483647,2147483647,2147483647,2147483647,0,13,Swisscom,false,false
1429751629211,2147483647,2147483647,2147483647,2147483647,0,13,Swisscom,false,false
1429751629211,2147483647,2147483647,2147483647,2147483647,0,13,Swisscom,false,false
1429751657894,17432577,2222,1,228,-111,13,Swisscom,true,false
1429751657894,3,2147483647,2147483647,2147483647,-122,13,Swisscom,false,false
1429751657894,2147483647,2147483647,2147483647,2147483647,-113,13,Swisscom,false,false
1429751657894,2147483647,2147483647,2147483647,2147483647,-113,13,Swisscom,false,false
1429751657894,2147483647,2147483647,2147483647,2147483647,-113,13,Swisscom,false,false
1429751657894,2147483647,2147483647,2147483647,2147483647,-113,13,Swisscom,false,false
1429751657894,2147483647,2147483647,2147483647,2147483647,-113,13,Swisscom,false,false
1429751657894,2147483647,2147483647,2147483647,2147483647,-113,13,Swisscom,false,false
1429751657894,2147483647,2147483647,2147483647,2147483647,-113,13,Swisscom,false,false
1429751657894,2147483647,2147483647,2147483647,2147483647,-113,13,Swisscom,false,false
1429751657894,2147483647,2147483647,2147483647,2147483647,-113,13,Swisscom,false,false
1429751657894,2147483647,2147483647,2147483647,2147483647,-113,13,Swisscom,false,false
1429751657894,2147483647,2147483647,2147483647,2147483647,-113,13,Swisscom,false,false
1429751657894,2147483647,2147483647,2147483647,2147483647,-113,13,Swisscom,false,false
1429751657894,2147483647,2147483647,2147483647,2147483647,0,13,Swisscom,false,false
1429751725297,17432577,2222,1,228,-111,13,Swisscom,true,false
1429751725297,3,2147483647,2147483647,2147483647,-122,13,Swisscom,false,false
1429751725297,2147483647,2147483647,2147483647,2147483647,-113,13,Swisscom,false,false
1429751725297,2147483647,2147483647,2147483647,2147483647,-113,13,Swisscom,false,false
1429751725297,2147483647,2147483647,2147483647,2147483647,-113,13,Swisscom,false,false
1429751725297,2147483647,2147483647,2147483647,2147483647,-113,13,Swisscom,false,false
1429751725297,2147483647,2147483647,2147483647,2147483647,-113,13,Swisscom,false,false
1429751725297,2147483647,2147483647,2147483647,2147483647,-113,13,Swisscom,false,false
1429751725297,2147483647,2147483647,2147483647,2147483647,-113,13,Swisscom,false,false
1429751725297,2147483647,2147483647,2147483647,2147483647,-113,13,Swisscom,false,false
1429751725297,2147483647,2147483647,2147483647,2147483647,-113,13,Swisscom,false,false
1429751725297,2147483647,2147483647,2147483647,2147483647,-113,13,Swisscom,false,false
1429751725297,2147483647,2147483647,2147483647,2147483647,-113,13,Swisscom,false,false
1429751725297,2147483647,2147483647,2147483647,2147483647,-113,13,Swisscom,false,false
1429751725297,2147483647,2147483647,2147483647,2147483647,0,13,Swisscom,false,false
1429751725297,2147483647,2147483647,2147483647,2147483647,0,13,Swisscom,false,false
1429751725297,2147483647,2147483647,2147483647,2147483647,0,13,Swisscom,false,false
1429751785413,17432577,2222,1,228,-110,13,Swisscom,true,false
1429751785413,2147483647,2147483647,2147483647,2147483647,-113,13,Swisscom,false,false
1429751785413,2147483647,2147483647,2147483647,2147483647,-113,13,Swisscom,false,false
1429751785413,2147483647,2147483647,2147483647,2147483647,-113,13,Swisscom,false,false
1429751785413,2147483647,2147483647,2147483647,2147483647,-113,13,Swisscom,false,false
1429751785413,2147483647,2147483647,2147483647,2147483647,-113,13,Swisscom,false,false
1429751785413,2147483647,2147483647,2147483647,2147483647,-113,13,Swisscom,false,false
1429751785413,2147483647,2147483647,2147483647,2147483647,-113,13,Swisscom,false,false
1429751785413,2147483647,2147483647,2147483647,2147483647,-113,13,Swisscom,false,false
1429751785413,2147483647,2147483647,2147483647,2147483647,-113,13,Swisscom,false,false
1429751785413,2147483647,2147483647,2147483647,2147483647,-113,13,Swisscom,false,false
1429751785413,2147483647,2147483647,2147483647,2147483647,-113,13,Swisscom,false,false
1429751785413,2147483647,2147483647,2147483647,2147483647,-113,13,Swisscom,false,false
1429751785413,2147483647,2147483647,2147483647,2147483647,0,13,Swisscom,false,false
1429751785413,2147483647,2147483647,2147483647,2147483647,0,13,Swisscom,false,false
1429751785413,2147483647,2147483647,2147483647,2147483647,0,13,Swisscom,false,false
1429751810139,17432577,2222,1,228,-111,13,Swisscom,true,false
1429751810139,3,2147483647,2147483647,2147483647,-123,13,Swisscom,false,false
1429751810139,4,2147483647,2147483647,2147483647,-123,13,Swisscom,false,false
1429751810139,2147483647,2147483647,2147483647,2147483647,-113,13,Swisscom,false,false
1429751810139,2147483647,2147483647,2147483647,2147483647,-113,13,Swisscom,false,false
1429751810139,2147483647,2147483647,2147483647,2147483647,-113,13,Swisscom,false,false
1429751810139,2147483647,2147483647,2147483647,2147483647,-113,13,Swisscom,false,false
1429751810139,2147483647,2147483647,2147483647,2147483647,-113,13,Swisscom,false,false
1429751810139,2147483647,2147483647,2147483647,2147483647,-113,13,Swisscom,false,false
1429751810139,2147483647,2147483647,2147483647,2147483647,-113,13,Swisscom,false,false
1429751810139,2147483647,2147483647,2147483647,2147483647,-113,13,Swisscom,false,false
1429751810139,2147483647,2147483647,2147483647,2147483647,-113,13,Swisscom,false,false
1429751810139,2147483647,2147483647,2147483647,2147483647,-113,13,Swisscom,false,false
1429751810139,2147483647,2147483647,2147483647,2147483647,-113,13,Swisscom,false,false
1429751810139,2147483647,2147483647,2147483647,2147483647,-113,13,Swisscom,false,false
1429751810139,2147483647,2147483647,2147483647,2147483647,0,13,Swisscom,false,false
1429751838314,17432577,2222,1,228,-111,13,Swisscom,true,false
1429751838314,3,2147483647,2147483647,2147483647,-123,13,Swisscom,false,false
1429751905571,17432577,2222,1,228,-111,13,Swisscom,true,false
1429751905571,3,2147483647,2147483647,2147483647,-122,13,Swisscom,false,false
1429751905571,2147483647,2147483647,2147483647,2147483647,-113,13,Swisscom,false,false
1429751905571,2147483647,2147483647,2147483647,2147483647,-113,13,Swisscom,false,false
1429751905571,2147483647,2147483647,2147483647,2147483647,-113,13,Swisscom,false,false
1429751905571,2147483647,2147483647,2147483647,2147483647,-113,13,Swisscom,false,false
1429751905571,2147483647,2147483647,2147483647,2147483647,-113,13,Swisscom,false,false
1429751905571,2147483647,2147483647,2147483647,2147483647,-113,13,Swisscom,false,false
1429751905571,2147483647,2147483647,2147483647,2147483647,-113,13,Swisscom,false,false
1429751905571,2147483647,2147483647,2147483647,2147483647,-113,13,Swisscom,false,false
1429751905571,2147483647,2147483647,2147483647,2147483647,-113,13,Swisscom,false,false
1429751905571,2147483647,2147483647,2147483647,2147483647,-113,13,Swisscom,false,false
1429751905571,2147483647,2147483647,2147483647,2147483647,-113,13,Swisscom,false,false
1429751905571,2147483647,2147483647,2147483647,2147483647,-113,13,Swisscom,false,false
1429751905571,2147483647,2147483647,2147483647,2147483647,0,13,Swisscom,false,false
1429751905571,2147483647,2147483647,2147483647,2147483647,0,13,Swisscom,false,false
1429751905571,2147483647,2147483647,2147483647,2147483647,0,13,Swisscom,false,false
1429751965649,17432577,2222,1,228,-111,13,Swisscom,true,false
1429751965649,2147483647,2147483647,2147483647,2147483647,-113,13,Swisscom,false,false
1429751965649,2147483647,2147483647,2147483647,2147483647,-113,13,Swisscom,false,false
1429751965649,2147483647,2147483647,2147483647,2147483647,-113,13,Swisscom,false,false
1429751965649,2147483647,2147483647,2147483647,2147483647,-113,13,Swisscom,false,false
1429751965649,2147483647,2147483647,2147483647,2147483647,-113,13,Swisscom,false,false
1429751965649,2147483647,2147483647,2147483647,2147483647,-113,13,Swisscom,false,false
1429751965649,2147483647,2147483647,2147483647,2147483647,-113,13,Swisscom,false,false
1429751965649,2147483647,2147483647,2147483647,2147483647,-113,13,Swisscom,false,false
1429751965649,2147483647,2147483647,2147483647,2147483647,-113,13,Swisscom,false,false
1429751965649,2147483647,2147483647,2147483647,2147483647,-113,13,Swisscom,false,false
1429751965649,2147483647,2147483647,2147483647,2147483647,-113,13,Swisscom,false,false
1429751965649,2147483647,2147483647,2147483647,2147483647,-113,13,Swisscom,false,false
1429751965649,2147483647,2147483647,2147483647,2147483647,0,13,Swisscom,false,false
1429751965649,2147483647,2147483647,2147483647,2147483647,0,13,Swisscom,false,false
1429751983918,17432577,2222,1,228,-110,13,Swisscom,true,false
1429751983918,3,2147483647,2147483647,2147483647,-121,13,Swisscom,false,false
1429751983918,2147483647,2147483647,2147483647,2147483647,-113,13,Swisscom,false,false
1429751983918,2147483647,2147483647,2147483647,2147483647,-113,13,Swisscom,false,false
1429751983918,2147483647,2147483647,2147483647,2147483647,-113,13,Swisscom,false,false
1429751983918,2147483647,2147483647,2147483647,2147483647,-113,13,Swisscom,false,false
1429751983918,2147483647,2147483647,2147483647,2147483647,-113,13,Swisscom,false,false
1429751983918,2147483647,2147483647,2147483647,2147483647,-113,13,Swisscom,false,false
1429751983918,2147483647,2147483647,2147483647,2147483647,-113,13,Swisscom,false,false
1429751983918,2147483647,2147483647,2147483647,2147483647,-113,13,Swisscom,false,false
1429751983918,2147483647,2147483647,2147483647,2147483647,-113,13,Swisscom,false,false
1429751983918,2147483647,2147483647,2147483647,2147483647,-113,13,Swisscom,false,false
1429751983918,2147483647,2147483647,2147483647,2147483647,-113,13,Swisscom,false,false
1429751983918,2147483647,2147483647,2147483647,2147483647,-113,13,Swisscom,false,false
1429751983918,2147483647,2147483647,2147483647,2147483647,0,13,Swisscom,false,false
1429752011985,17432577,2222,1,228,-111,13,Swisscom,true,false
1429752011985,4,2147483647,2147483647,2147483647,-122,13,Swisscom,false,false
1429752011985,3,2147483647,2147483647,2147483647,-119,13,Swisscom,false,false
1429752072058,17432577,2222,1,228,-111,13,Swisscom,true,false
1429752072058,3,2147483647,2147483647,2147483647,-117,13,Swisscom,false,false
1429752072058,4,2147483647,2147483647,2147483647,-124,13,Swisscom,false,false
1429752072058,2147483647,2147483647,2147483647,2147483647,-113,13,Swisscom,false,false
1429752072058,2147483647,2147483647,2147483647,2147483647,-113,13,Swisscom,false,false
1429752072058,2147483647,2147483647,2147483647,2147483647,-113,13,Swisscom,false,false
1429752072058,2147483647,2147483647,2147483647,2147483647,-113,13,Swisscom,false,false
1429752072058,2147483647,2147483647,2147483647,2147483647,-113,13,Swisscom,false,false
1429752072058,2147483647,2147483647,2147483647,2147483647,-113,13,Swisscom,false,false
1429752072058,2147483647,2147483647,2147483647,2147483647,-113,13,Swisscom,false,false
1429752072058,2147483647,2147483647,2147483647,2147483647,-113,13,Swisscom,false,false
1429752072058,2147483647,2147483647,2147483647,2147483647,-113,13,Swisscom,false,false
1429752072058,2147483647,2147483647,2147483647,2147483647,-113,13,Swisscom,false,false
1429752072058,2147483647,2147483647,2147483647,2147483647,-113,13,Swisscom,false,false
1429752072058,2147483647,2147483647,2147483647,2147483647,-113,13,Swisscom,false,false
1429752072058,2147483647,2147483647,2147483647,2147483647,0,13,Swisscom,false,false
1429752072058,2147483647,2147483647,2147483647,2147483647,0,13,Swisscom,false,false
1429752072058,2147483647,2147483647,2147483647,2147483647,0,13,Swisscom,false,false
1429752145885,17432577,2222,1,228,-111,13,Swisscom,true,false
1429752145885,2147483647,2147483647,2147483647,2147483647,-113,13,Swisscom,false,false
1429752145885,2147483647,2147483647,2147483647,2147483647,-113,13,Swisscom,false,false
1429752145885,2147483647,2147483647,2147483647,2147483647,-113,13,Swisscom,false,false
1429752145885,2147483647,2147483647,2147483647,2147483647,-113,13,Swisscom,false,false
1429752145885,2147483647,2147483647,2147483647,2147483647,-113,13,Swisscom,false,false
1429752145885,2147483647,2147483647,2147483647,2147483647,-113,13,Swisscom,false,false
1429752145885,2147483647,2147483647,2147483647,2147483647,-113,13,Swisscom,false,false
1429752145885,2147483647,2147483647,2147483647,2147483647,-113,13,Swisscom,false,false
1429752145885,2147483647,2147483647,2147483647,2147483647,-113,13,Swisscom,false,false
1429752145885,2147483647,2147483647,2147483647,2147483647,-113,13,Swisscom,false,false
1429752145885,2147483647,2147483647,2147483647,2147483647,-113,13,Swisscom,false,false
1429752145885,2147483647,2147483647,2147483647,2147483647,-113,13,Swisscom,false,false
1429752145885,2147483647,2147483647,2147483647,2147483647,0,13,Swisscom,false,false
1429752145885,2147483647,2147483647,2147483647,2147483647,0,13,Swisscom,false,false
1429752145885,2147483647,2147483647,2147483647,2147483647,0,13,Swisscom,false,false
1429752153294,17432577,2222,1,228,-111,13,Swisscom,true,false
1429752180903,17432577,2222,1,228,-111,13,Swisscom,true,false
1429752180903,3,2147483647,2147483647,2147483647,-121,13,Swisscom,false,false
1429752180903,2147483647,2147483647,2147483647,2147483647,-113,13,Swisscom,false,false
1429752180903,2147483647,2147483647,2147483647,2147483647,-113,13,Swisscom,false,false
1429752180903,2147483647,2147483647,2147483647,2147483647,-113,13,Swisscom,false,false
1429752180903,2147483647,2147483647,2147483647,2147483647,-113,13,Swisscom,false,false
1429752180903,2147483647,2147483647,2147483647,2147483647,-113,13,Swisscom,false,false
1429752180903,2147483647,2147483647,2147483647,2147483647,-113,13,Swisscom,false,false
1429752180903,2147483647,2147483647,2147483647,2147483647,-113,13,Swisscom,false,false
1429752180903,2147483647,2147483647,2147483647,2147483647,-113,13,Swisscom,false,false
1429752180903,2147483647,2147483647,2147483647,2147483647,-113,13,Swisscom,false,false
1429752180903,2147483647,2147483647,2147483647,2147483647,-113,13,Swisscom,false,false
1429752180903,2147483647,2147483647,2147483647,2147483647,-113,13,Swisscom,false,false
1429752180903,2147483647,2147483647,2147483647,2147483647,-113,13,Swisscom,false,false
1429752180903,2147483647,2147483647,2147483647,2147483647,0,13,Swisscom,false,false
1429752180903,2147483647,2147483647,2147483647,2147483647,0,13,Swisscom,false,false
1429752241008,17432577,2222,1,228,-111,13,Swisscom,true,false
1429752324914,17432577,2222,1,228,-111,13,Swisscom,true,false
1429752324914,2147483647,2147483647,2147483647,2147483647,-113,13,Swisscom,false,false
1429752324914,2147483647,2147483647,2147483647,2147483647,-113,13,Swisscom,false,false
1429752324914,2147483647,2147483647,2147483647,2147483647,-113,13,Swisscom,false,false
1429752324914,2147483647,2147483647,2147483647,2147483647,-113,13,Swisscom,false,false
1429752324914,2147483647,2147483647,2147483647,2147483647,-113,13,Swisscom,false,false
1429752324914,2147483647,2147483647,2147483647,2147483647,-113,13,Swisscom,false,false
1429752324914,2147483647,2147483647,2147483647,2147483647,-113,13,Swisscom,false,false
1429752324914,2147483647,2147483647,2147483647,2147483647,-113,13,Swisscom,false,false
1429752324914,2147483647,2147483647,2147483647,2147483647,-113,13,Swisscom,false,false
1429752324914,2147483647,2147483647,2147483647,2147483647,-113,13,Swisscom,false,false
1429752324914,2147483647,2147483647,2147483647,2147483647,-113,13,Swisscom,false,false
1429752324914,2147483647,2147483647,2147483647,2147483647,-113,13,Swisscom,false,false
1429752324914,2147483647,2147483647,2147483647,2147483647,0,13,Swisscom,false,false
1429752324914,2147483647,2147483647,2147483647,2147483647,0,13,Swisscom,false,false
1429752324914,2147483647,2147483647,2147483647,2147483647,0,13,Swisscom,false,false
1429752352544,17432577,2222,1,228,-111,13,Swisscom,true,false
1429752352544,3,2147483647,2147483647,2147483647,-119,13,Swisscom,false,false
1429752352544,4,2147483647,2147483647,2147483647,-115,13,Swisscom,false,false
1429752352544,357,2147483647,2147483647,2147483647,-119,13,Swisscom,false,false
1429752352544,2147483647,2147483647,2147483647,2147483647,-113,13,Swisscom,false,false
1429752352544,2147483647,2147483647,2147483647,2147483647,-113,13,Swisscom,false,false
1429752352544,2147483647,2147483647,2147483647,2147483647,-113,13,Swisscom,false,false
1429752352544,2147483647,2147483647,2147483647,2147483647,-113,13,Swisscom,false,false
1429752352544,2147483647,2147483647,2147483647,2147483647,-113,13,Swisscom,false,false
1429752352544,2147483647,2147483647,2147483647,2147483647,-113,13,Swisscom,false,false
1429752352544,2147483647,2147483647,2147483647,2147483647,-113,13,Swisscom,false,false
1429752352544,2147483647,2147483647,2147483647,2147483647,-113,13,Swisscom,false,false
1429752352544,2147483647,2147483647,2147483647,2147483647,-113,13,Swisscom,false,false
1429752352544,2147483647,2147483647,2147483647,2147483647,-113,13,Swisscom,false,false
1429752352544,2147483647,2147483647,2147483647,2147483647,-113,13,Swisscom,false,false
1429752352544,2147483647,2147483647,2147483647,2147483647,-113,13,Swisscom,false,false
1429752352544,2147483647,2147483647,2147483647,2147483647,0,13,Swisscom,false,false
1429752352544,2147483647,2147483647,2147483647,2147483647,0,13,Swisscom,false,false
1429752352544,2147483647,2147483647,2147483647,2147483647,0,13,Swisscom,false,false
1429752412613,17432577,2222,1,228,-111,13,Swisscom,true,false
1429752412613,2147483647,2147483647,2147483647,2147483647,-113,13,Swisscom,false,false
1429752412613,2147483647,2147483647,2147483647,2147483647,-113,13,Swisscom,false,false
1429752412613,2147483647,2147483647,2147483647,2147483647,-113,13,Swisscom,false,false
1429752412613,2147483647,2147483647,2147483647,2147483647,-113,13,Swisscom,false,false
1429752412613,2147483647,2147483647,2147483647,2147483647,-113,13,Swisscom,false,false
1429752412613,2147483647,2147483647,2147483647,2147483647,-113,13,Swisscom,false,false
1429752412613,2147483647,2147483647,2147483647,2147483647,-113,13,Swisscom,false,false
1429752412613,2147483647,2147483647,2147483647,2147483647,-113,13,Swisscom,false,false
1429752412613,2147483647,2147483647,2147483647,2147483647,-113,13,Swisscom,false,false
1429752412613,2147483647,2147483647,2147483647,2147483647,-113,13,Swisscom,false,false
1429752412613,2147483647,2147483647,2147483647,2147483647,-113,13,Swisscom,false,false
1429752412613,2147483647,2147483647,2147483647,2147483647,-113,13,Swisscom,false,false
1429752412613,2147483647,2147483647,2147483647,2147483647,0,13,Swisscom,false,false
1429752412613,2147483647,2147483647,2147483647,2147483647,0,13,Swisscom,false,false
1429752472658,17432577,2222,1,228,-111,13,Swisscom,true,false
1429752472658,2147483647,2147483647,2147483647,2147483647,-113,13,Swisscom,false,false
1429752472658,2147483647,2147483647,2147483647,2147483647,-113,13,Swisscom,false,false
1429752472658,2147483647,2147483647,2147483647,2147483647,-113,13,Swisscom,false,false
1429752472658,2147483647,2147483647,2147483647,2147483647,-113,13,Swisscom,false,false
1429752472658,2147483647,2147483647,2147483647,2147483647,-113,13,Swisscom,false,false
1429752472658,2147483647,2147483647,2147483647,2147483647,-113,13,Swisscom,false,false
1429752472658,2147483647,2147483647,2147483647,2147483647,-113,13,Swisscom,false,false
1429752472658,2147483647,2147483647,2147483647,2147483647,-113,13,Swisscom,false,false
1429752472658,2147483647,2147483647,2147483647,2147483647,-113,13,Swisscom,false,false
1429752472658,2147483647,2147483647,2147483647,2147483647,-113,13,Swisscom,false,false
1429752472658,2147483647,2147483647,2147483647,2147483647,-113,13,Swisscom,false,false
1429752472658,2147483647,2147483647,2147483647,2147483647,-113,13,Swisscom,false,false
1429752472658,2147483647,2147483647,2147483647,2147483647,0,13,Swisscom,false,false
1429752472658,2147483647,2147483647,2147483647,2147483647,0,13,Swisscom,false,false
1429752472658,2147483647,2147483647,2147483647,2147483647,0,13,Swisscom,false,false
1429752495211,17432577,2222,1,228,-111,13,Swisscom,true,false
1429752495211,4,2147483647,2147483647,2147483647,-123,13,Swisscom,false,false
1429752495211,2147483647,2147483647,2147483647,2147483647,-113,13,Swisscom,false,false
1429752495211,2147483647,2147483647,2147483647,2147483647,-113,13,Swisscom,false,false
1429752495211,2147483647,2147483647,2147483647,2147483647,-113,13,Swisscom,false,false
1429752495211,2147483647,2147483647,2147483647,2147483647,-113,13,Swisscom,false,false
1429752495211,2147483647,2147483647,2147483647,2147483647,-113,13,Swisscom,false,false
1429752495211,2147483647,2147483647,2147483647,2147483647,-113,13,Swisscom,false,false
1429752495211,2147483647,2147483647,2147483647,2147483647,-113,13,Swisscom,false,false
1429752495211,2147483647,2147483647,2147483647,2147483647,-113,13,Swisscom,false,false
1429752495211,2147483647,2147483647,2147483647,2147483647,-113,13,Swisscom,false,false
1429752495211,2147483647,2147483647,2147483647,2147483647,-113,13,Swisscom,false,false
1429752495211,2147483647,2147483647,2147483647,2147483647,-113,13,Swisscom,false,false
1429752495211,2147483647,2147483647,2147483647,2147483647,-113,13,Swisscom,false,false
1429752495211,2147483647,2147483647,2147483647,2147483647,0,13,Swisscom,false,false
1429752495211,2147483647,2147483647,2147483647,2147483647,0,13,Swisscom,false,false
1429752522916,17432577,2222,1,228,-111,13,Swisscom,true,false
1429752522916,2147483647,2147483647,2147483647,2147483647,-113,13,Swisscom,false,false
1429752522916,2147483647,2147483647,2147483647,2147483647,-113,13,Swisscom,false,false
1429752522916,2147483647,2147483647,2147483647,2147483647,-113,13,Swisscom,false,false
1429752522916,2147483647,2147483647,2147483647,2147483647,-113,13,Swisscom,false,false
1429752522916,2147483647,2147483647,2147483647,2147483647,-113,13,Swisscom,false,false
1429752522916,2147483647,2147483647,2147483647,2147483647,-113,13,Swisscom,false,false
1429752522916,2147483647,2147483647,2147483647,2147483647,-113,13,Swisscom,false,false
1429752522916,2147483647,2147483647,2147483647,2147483647,-113,13,Swisscom,false,false
1429752522916,2147483647,2147483647,2147483647,2147483647,-113,13,Swisscom,false,false
1429752522916,2147483647,2147483647,2147483647,2147483647,-113,13,Swisscom,false,false
1429752522916,2147483647,2147483647,2147483647,2147483647,-113,13,Swisscom,false,false
1429752522916,2147483647,2147483647,2147483647,2147483647,-113,13,Swisscom,false,false
1429752522916,2147483647,2147483647,2147483647,2147483647,0,13,Swisscom,false,false
1429752522916,2147483647,2147483647,2147483647,2147483647,0,13,Swisscom,false,false
1429752522916,2147483647,2147483647,2147483647,2147483647,0,13,Swisscom,false,false
1429752583018,17432577,2222,1,228,-111,13,Swisscom,true,false
1429752583018,2147483647,2147483647,2147483647,2147483647,-113,13,Swisscom,false,false
1429752583018,2147483647,2147483647,2147483647,2147483647,-113,13,Swisscom,false,false
1429752583018,2147483647,2147483647,2147483647,2147483647,-113,13,Swisscom,false,false
1429752583018,2147483647,2147483647,2147483647,2147483647,-113,13,Swisscom,false,false
1429752583018,2147483647,2147483647,2147483647,2147483647,-113,13,Swisscom,false,false
1429752583018,2147483647,2147483647,2147483647,2147483647,-113,13,Swisscom,false,false
1429752583018,2147483647,2147483647,2147483647,2147483647,-113,13,Swisscom,false,false
1429752583018,2147483647,2147483647,2147483647,2147483647,-113,13,Swisscom,false,false
1429752583018,2147483647,2147483647,2147483647,2147483647,-113,13,Swisscom,false,false
1429752583018,2147483647,2147483647,2147483647,2147483647,-113,13,Swisscom,false,false
1429752583018,2147483647,2147483647,2147483647,2147483647,-113,13,Swisscom,false,false
1429752583018,2147483647,2147483647,2147483647,2147483647,-113,13,Swisscom,false,false
1429752583018,2147483647,2147483647,2147483647,2147483647,0,13,Swisscom,false,false
1429752583018,2147483647,2147483647,2147483647,2147483647,0,13,Swisscom,false,false
1429752583018,2147483647,2147483647,2147483647,2147483647,0,13,Swisscom,false,false
1429752654589,17432577,2222,1,228,-111,13,Swisscom,true,false
1429752654589,2147483647,2147483647,2147483647,2147483647,-113,13,Swisscom,false,false
1429752654589,2147483647,2147483647,2147483647,2147483647,-113,13,Swisscom,false,false
1429752654589,2147483647,2147483647,2147483647,2147483647,-113,13,Swisscom,false,false
1429752654589,2147483647,2147483647,2147483647,2147483647,-113,13,Swisscom,false,false
1429752654589,2147483647,2147483647,2147483647,2147483647,-113,13,Swisscom,false,false
1429752654589,2147483647,2147483647,2147483647,2147483647,-113,13,Swisscom,false,false
1429752654589,2147483647,2147483647,2147483647,2147483647,-113,13,Swisscom,false,false
1429752654589,2147483647,2147483647,2147483647,2147483647,-113,13,Swisscom,false,false
1429752654589,2147483647,2147483647,2147483647,2147483647,-113,13,Swisscom,false,false
1429752654589,2147483647,2147483647,2147483647,2147483647,-113,13,Swisscom,false,false
1429752654589,2147483647,2147483647,2147483647,2147483647,-113,13,Swisscom,false,false
1429752654589,2147483647,2147483647,2147483647,2147483647,-113,13,Swisscom,false,false
1429752654589,2147483647,2147483647,2147483647,2147483647,0,13,Swisscom,false,false
1429752654589,2147483647,2147483647,2147483647,2147483647,0,13,Swisscom,false,false
1429752654589,2147483647,2147483647,2147483647,2147483647,0,13,Swisscom,false,false
1429752714768,17432577,2222,1,228,-111,13,Swisscom,true,false
1429752714768,4,2147483647,2147483647,2147483647,-117,13,Swisscom,false,false
1429752714768,2147483647,2147483647,2147483647,2147483647,-113,13,Swisscom,false,false
1429752714768,2147483647,2147483647,2147483647,2147483647,-113,13,Swisscom,false,false
1429752714768,2147483647,2147483647,2147483647,2147483647,-113,13,Swisscom,false,false
1429752714768,2147483647,2147483647,2147483647,2147483647,-113,13,Swisscom,false,false
1429752714768,2147483647,2147483647,2147483647,2147483647,-113,13,Swisscom,false,false
1429752714768,2147483647,2147483647,2147483647,2147483647,-113,13,Swisscom,false,false
1429752714768,2147483647,2147483647,2147483647,2147483647,-113,13,Swisscom,false,false
1429752714768,2147483647,2147483647,2147483647,2147483647,-113,13,Swisscom,false,false
1429752714768,2147483647,2147483647,2147483647,2147483647,-113,13,Swisscom,false,false
1429752714768,2147483647,2147483647,2147483647,2147483647,-113,13,Swisscom,false,false
1429752714768,2147483647,2147483647,2147483647,2147483647,-113,13,Swisscom,false,false
1429752714768,2147483647,2147483647,2147483647,2147483647,-113,13,Swisscom,false,false
1429752714768,2147483647,2147483647,2147483647,2147483647,0,13,Swisscom,false,false
1429752714768,2147483647,2147483647,2147483647,2147483647,0,13,Swisscom,false,false
1429752714768,2147483647,2147483647,2147483647,2147483647,0,13,Swisscom,false,false
1429752774934,17432577,2222,1,228,-111,13,Swisscom,true,false
1429752774934,2147483647,2147483647,2147483647,2147483647,-113,13,Swisscom,false,false
1429752774934,2147483647,2147483647,2147483647,2147483647,-113,13,Swisscom,false,false
1429752774934,2147483647,2147483647,2147483647,2147483647,-113,13,Swisscom,false,false
1429752774934,2147483647,2147483647,2147483647,2147483647,-113,13,Swisscom,false,false
1429752774934,2147483647,2147483647,2147483647,2147483647,-113,13,Swisscom,false,false
1429752774934,2147483647,2147483647,2147483647,2147483647,-113,13,Swisscom,false,false
1429752774934,2147483647,2147483647,2147483647,2147483647,-113,13,Swisscom,false,false
1429752774934,2147483647,2147483647,2147483647,2147483647,-113,13,Swisscom,false,false
1429752774934,2147483647,2147483647,2147483647,2147483647,-113,13,Swisscom,false,false
1429752774934,2147483647,2147483647,2147483647,2147483647,-113,13,Swisscom,false,false
1429752774934,2147483647,2147483647,2147483647,2147483647,-113,13,Swisscom,false,false
1429752774934,2147483647,2147483647,2147483647,2147483647,-113,13,Swisscom,false,false
1429752774934,2147483647,2147483647,2147483647,2147483647,0,13,Swisscom,false,false
1429752774934,2147483647,2147483647,2147483647,2147483647,0,13,Swisscom,false,false
1429752774934,2147483647,2147483647,2147483647,2147483647,0,13,Swisscom,false,false
1429752835016,17432577,2222,1,228,-111,13,Swisscom,true,false
1429752835016,3,2147483647,2147483647,2147483647,-122,13,Swisscom,false,false
1429752835016,4,2147483647,2147483647,2147483647,-124,13,Swisscom,false,false
1429752835016,2147483647,2147483647,2147483647,2147483647,-113,13,Swisscom,false,false
1429752835016,2147483647,2147483647,2147483647,2147483647,-113,13,Swisscom,false,false
1429752835016,2147483647,2147483647,2147483647,2147483647,-113,13,Swisscom,false,false
1429752835016,2147483647,2147483647,2147483647,2147483647,-113,13,Swisscom,false,false
1429752835016,2147483647,2147483647,2147483647,2147483647,-113,13,Swisscom,false,false
1429752835016,2147483647,2147483647,2147483647,2147483647,-113,13,Swisscom,false,false
1429752835016,2147483647,2147483647,2147483647,2147483647,-113,13,Swisscom,false,false
1429752835016,2147483647,2147483647,2147483647,2147483647,-113,13,Swisscom,false,false
1429752835016,2147483647,2147483647,2147483647,2147483647,-113,13,Swisscom,false,false
1429752835016,2147483647,2147483647,2147483647,2147483647,-113,13,Swisscom,false,false
1429752835016,2147483647,2147483647,2147483647,2147483647,-113,13,Swisscom,false,false
1429752835016,2147483647,2147483647,2147483647,2147483647,-113,13,Swisscom,false,false
1429752835016,2147483647,2147483647,2147483647,2147483647,0,13,Swisscom,false,false
1429752835016,2147483647,2147483647,2147483647,2147483647,0,13,Swisscom,false,false
1429752835016,2147483647,2147483647,2147483647,2147483647,0,13,Swisscom,false,false
1429752895197,17432577,2222,1,228,-111,13,Swisscom,true,false
1429752895197,2147483647,2147483647,2147483647,2147483647,-113,13,Swisscom,false,false
1429752895197,2147483647,2147483647,2147483647,2147483647,-113,13,Swisscom,false,false
1429752895197,2147483647,2147483647,2147483647,2147483647,-113,13,Swisscom,false,false
1429752895197,2147483647,2147483647,2147483647,2147483647,-113,13,Swisscom,false,false
1429752895197,2147483647,2147483647,2147483647,2147483647,-113,13,Swisscom,false,false
1429752895197,2147483647,2147483647,2147483647,2147483647,-113,13,Swisscom,false,false
1429752895197,2147483647,2147483647,2147483647,2147483647,-113,13,Swisscom,false,false
1429752895197,2147483647,2147483647,2147483647,2147483647,-113,13,Swisscom,false,false
1429752895197,2147483647,2147483647,2147483647,2147483647,-113,13,Swisscom,false,false
1429752895197,2147483647,2147483647,2147483647,2147483647,-113,13,Swisscom,false,false
1429752895197,2147483647,2147483647,2147483647,2147483647,-113,13,Swisscom,false,false
1429752895197,2147483647,2147483647,2147483647,2147483647,-113,13,Swisscom,false,false
1429752895197,2147483647,2147483647,2147483647,2147483647,0,13,Swisscom,false,false
1429752895197,2147483647,2147483647,2147483647,2147483647,0,13,Swisscom,false,false
1429752895197,2147483647,2147483647,2147483647,2147483647,0,13,Swisscom,false,false
1429752955242,17432577,2222,1,228,-111,13,Swisscom,true,false
1429752955242,2147483647,2147483647,2147483647,2147483647,-113,13,Swisscom,false,false
1429752955242,2147483647,2147483647,2147483647,2147483647,-113,13,Swisscom,false,false
1429752955242,2147483647,2147483647,2147483647,2147483647,-113,13,Swisscom,false,false
1429752955242,2147483647,2147483647,2147483647,2147483647,-113,13,Swisscom,false,false
1429752955242,2147483647,2147483647,2147483647,2147483647,-113,13,Swisscom,false,false
1429752955242,2147483647,2147483647,2147483647,2147483647,-113,13,Swisscom,false,false
1429752955242,2147483647,2147483647,2147483647,2147483647,-113,13,Swisscom,false,false
1429752955242,2147483647,2147483647,2147483647,2147483647,-113,13,Swisscom,false,false
1429752955242,2147483647,2147483647,2147483647,2147483647,-113,13,Swisscom,false,false
1429752955242,2147483647,2147483647,2147483647,2147483647,-113,13,Swisscom,false,false
1429752955242,2147483647,2147483647,2147483647,2147483647,-113,13,Swisscom,false,false
1429752955242,2147483647,2147483647,2147483647,2147483647,-113,13,Swisscom,false,false
1429752955242,2147483647,2147483647,2147483647,2147483647,0,13,Swisscom,false,false
1429752955242,2147483647,2147483647,2147483647,2147483647,0,13,Swisscom,false,false
1429752955242,2147483647,2147483647,2147483647,2147483647,0,13,Swisscom,false,false
1429753015349,17432577,2222,1,228,-111,13,Swisscom,true,false
1429753015349,2147483647,2147483647,2147483647,2147483647,-113,13,Swisscom,false,false
1429753015349,2147483647,2147483647,2147483647,2147483647,-113,13,Swisscom,false,false
1429753015349,2147483647,2147483647,2147483647,2147483647,-113,13,Swisscom,false,false
1429753015349,2147483647,2147483647,2147483647,2147483647,-113,13,Swisscom,false,false
1429753015349,2147483647,2147483647,2147483647,2147483647,-113,13,Swisscom,false,false
1429753015349,2147483647,2147483647,2147483647,2147483647,-113,13,Swisscom,false,false
1429753015349,2147483647,2147483647,2147483647,2147483647,-113,13,Swisscom,false,false
1429753015349,2147483647,2147483647,2147483647,2147483647,-113,13,Swisscom,false,false
1429753015349,2147483647,2147483647,2147483647,2147483647,-113,13,Swisscom,false,false
1429753015349,2147483647,2147483647,2147483647,2147483647,-113,13,Swisscom,false,false
1429753015349,2147483647,2147483647,2147483647,2147483647,-113,13,Swisscom,false,false
1429753015349,2147483647,2147483647,2147483647,2147483647,-113,13,Swisscom,false,false
1429753015349,2147483647,2147483647,2147483647,2147483647,0,13,Swisscom,false,false
1429753015349,2147483647,2147483647,2147483647,2147483647,0,13,Swisscom,false,false
1429753015349,2147483647,2147483647,2147483647,2147483647,0,13,Swisscom,false,false
1429753075463,17432577,2222,1,228,-111,13,Swisscom,true,false
1429753075463,2147483647,2147483647,2147483647,2147483647,-113,13,Swisscom,false,false
1429753075463,2147483647,2147483647,2147483647,2147483647,-113,13,Swisscom,false,false
1429753075463,2147483647,2147483647,2147483647,2147483647,-113,13,Swisscom,false,false
1429753075463,2147483647,2147483647,2147483647,2147483647,-113,13,Swisscom,false,false
1429753075463,2147483647,2147483647,2147483647,2147483647,-113,13,Swisscom,false,false
1429753075463,2147483647,2147483647,2147483647,2147483647,-113,13,Swisscom,false,false
1429753075463,2147483647,2147483647,2147483647,2147483647,-113,13,Swisscom,false,false
1429753075463,2147483647,2147483647,2147483647,2147483647,-113,13,Swisscom,false,false
1429753075463,2147483647,2147483647,2147483647,2147483647,-113,13,Swisscom,false,false
1429753075463,2147483647,2147483647,2147483647,2147483647,-113,13,Swisscom,false,false
1429753075463,2147483647,2147483647,2147483647,2147483647,-113,13,Swisscom,false,false
1429753075463,2147483647,2147483647,2147483647,2147483647,-113,13,Swisscom,false,false
1429753075463,2147483647,2147483647,2147483647,2147483647,0,13,Swisscom,false,false
1429753075463,2147483647,2147483647,2147483647,2147483647,0,13,Swisscom,false,false
1429753075463,2147483647,2147483647,2147483647,2147483647,0,13,Swisscom,false,false
1429753135518,17432577,2222,1,228,-111,13,Swisscom,true,false
1429753135518,2147483647,2147483647,2147483647,2147483647,-113,13,Swisscom,false,false
1429753135518,2147483647,2147483647,2147483647,2147483647,-113,13,Swisscom,false,false
1429753135518,2147483647,2147483647,2147483647,2147483647,-113,13,Swisscom,false,false
1429753135518,2147483647,2147483647,2147483647,2147483647,-113,13,Swisscom,false,false
1429753135518,2147483647,2147483647,2147483647,2147483647,-113,13,Swisscom,false,false
1429753135518,2147483647,2147483647,2147483647,2147483647,-113,13,Swisscom,false,false
1429753135518,2147483647,2147483647,2147483647,2147483647,-113,13,Swisscom,false,false
1429753135518,2147483647,2147483647,2147483647,2147483647,-113,13,Swisscom,false,false
1429753135518,2147483647,2147483647,2147483647,2147483647,-113,13,Swisscom,false,false
1429753135518,2147483647,2147483647,2147483647,2147483647,-113,13,Swisscom,false,false
1429753135518,2147483647,2147483647,2147483647,2147483647,-113,13,Swisscom,false,false
1429753135518,2147483647,2147483647,2147483647,2147483647,-113,13,Swisscom,false,false
1429753135518,2147483647,2147483647,2147483647,2147483647,0,13,Swisscom,false,false
1429753135518,2147483647,2147483647,2147483647,2147483647,0,13,Swisscom,false,false
1429753135518,2147483647,2147483647,2147483647,2147483647,0,13,Swisscom,false,false
1429753195588,17432577,2222,1,228,-111,13,Swisscom,true,false
1429753195588,3,2147483647,2147483647,2147483647,-122,13,Swisscom,false,false
1429753195588,2147483647,2147483647,2147483647,2147483647,-113,13,Swisscom,false,false
1429753195588,2147483647,2147483647,2147483647,2147483647,-113,13,Swisscom,false,false
1429753195588,2147483647,2147483647,2147483647,2147483647,-113,13,Swisscom,false,false
1429753195588,2147483647,2147483647,2147483647,2147483647,-113,13,Swisscom,false,false
1429753195588,2147483647,2147483647,2147483647,2147483647,-113,13,Swisscom,false,false
1429753195588,2147483647,2147483647,2147483647,2147483647,-113,13,Swisscom,false,false
1429753195588,2147483647,2147483647,2147483647,2147483647,-113,13,Swisscom,false,false
1429753195588,2147483647,2147483647,2147483647,2147483647,-113,13,Swisscom,false,false
1429753195588,2147483647,2147483647,2147483647,2147483647,-113,13,Swisscom,false,false
1429753195588,2147483647,2147483647,2147483647,2147483647,-113,13,Swisscom,false,false
1429753195588,2147483647,2147483647,2147483647,2147483647,-113,13,Swisscom,false,false
1429753195588,2147483647,2147483647,2147483647,2147483647,-113,13,Swisscom,false,false
1429753195588,2147483647,2147483647,2147483647,2147483647,0,13,Swisscom,false,false
1429753195588,2147483647,2147483647,2147483647,2147483647,0,13,Swisscom,false,false
1429753195588,2147483647,2147483647,2147483647,2147483647,0,13,Swisscom,false,false
1429753255671,17432577,2222,1,228,-111,13,Swisscom,true,false
1429753255671,2147483647,2147483647,2147483647,2147483647,-113,13,Swisscom,false,false
1429753255671,2147483647,2147483647,2147483647,2147483647,-113,13,Swisscom,false,false
1429753255671,2147483647,2147483647,2147483647,2147483647,-113,13,Swisscom,false,false
1429753255671,2147483647,2147483647,2147483647,2147483647,-113,13,Swisscom,false,false
1429753255671,2147483647,2147483647,2147483647,2147483647,-113,13,Swisscom,false,false
1429753255671,2147483647,2147483647,2147483647,2147483647,-113,13,Swisscom,false,false
1429753255671,2147483647,2147483647,2147483647,2147483647,-113,13,Swisscom,false,false
1429753255671,2147483647,2147483647,2147483647,2147483647,-113,13,Swisscom,false,false
1429753255671,2147483647,2147483647,2147483647,2147483647,-113,13,Swisscom,false,false
1429753255671,2147483647,2147483647,2147483647,2147483647,-113,13,Swisscom,false,false
1429753255671,2147483647,2147483647,2147483647,2147483647,-113,13,Swisscom,false,false
1429753255671,2147483647,2147483647,2147483647,2147483647,-113,13,Swisscom,false,false
1429753255671,2147483647,2147483647,2147483647,2147483647,0,13,Swisscom,false,false
1429753255671,2147483647,2147483647,2147483647,2147483647,0,13,Swisscom,false,false
1429753255671,2147483647,2147483647,2147483647,2147483647,0,13,Swisscom,false,false
1429753315794,17432577,2222,1,228,-111,13,Swisscom,true,false
1429753315794,2147483647,2147483647,2147483647,2147483647,-113,13,Swisscom,false,false
1429753315794,2147483647,2147483647,2147483647,2147483647,-113,13,Swisscom,false,false
1429753315794,2147483647,2147483647,2147483647,2147483647,-113,13,Swisscom,false,false
1429753315794,2147483647,2147483647,2147483647,2147483647,-113,13,Swisscom,false,false
1429753315794,2147483647,2147483647,2147483647,2147483647,-113,13,Swisscom,false,false
1429753315794,2147483647,2147483647,2147483647,2147483647,-113,13,Swisscom,false,false
1429753315794,2147483647,2147483647,2147483647,2147483647,-113,13,Swisscom,false,false
1429753315794,2147483647,2147483647,2147483647,2147483647,-113,13,Swisscom,false,false
1429753315794,2147483647,2147483647,2147483647,2147483647,-113,13,Swisscom,false,false
1429753315794,2147483647,2147483647,2147483647,2147483647,-113,13,Swisscom,false,false
1429753315794,2147483647,2147483647,2147483647,2147483647,-113,13,Swisscom,false,false
1429753315794,2147483647,2147483647,2147483647,2147483647,-113,13,Swisscom,false,false
1429753315794,2147483647,2147483647,2147483647,2147483647,0,13,Swisscom,false,false
1429753315794,2147483647,2147483647,2147483647,2147483647,0,13,Swisscom,false,false
1429753315794,2147483647,2147483647,2147483647,2147483647,0,13,Swisscom,false,false
1429753380191,17432577,2222,1,228,-111,13,Swisscom,true,false
1429753380191,3,2147483647,2147483647,2147483647,-121,13,Swisscom,false,false
1429753380191,2147483647,2147483647,2147483647,2147483647,-113,13,Swisscom,false,false
1429753380191,2147483647,2147483647,2147483647,2147483647,-113,13,Swisscom,false,false
1429753380191,2147483647,2147483647,2147483647,2147483647,-113,13,Swisscom,false,false
1429753380191,2147483647,2147483647,2147483647,2147483647,-113,13,Swisscom,false,false
1429753380191,2147483647,2147483647,2147483647,2147483647,-113,13,Swisscom,false,false
1429753380191,2147483647,2147483647,2147483647,2147483647,-113,13,Swisscom,false,false
1429753380191,2147483647,2147483647,2147483647,2147483647,-113,13,Swisscom,false,false
1429753380191,2147483647,2147483647,2147483647,2147483647,-113,13,Swisscom,false,false
1429753380191,2147483647,2147483647,2147483647,2147483647,-113,13,Swisscom,false,false
1429753380191,2147483647,2147483647,2147483647,2147483647,-113,13,Swisscom,false,false
1429753380191,2147483647,2147483647,2147483647,2147483647,-113,13,Swisscom,false,false
1429753380191,2147483647,2147483647,2147483647,2147483647,-113,13,Swisscom,false,false
1429753380191,2147483647,2147483647,2147483647,2147483647,0,13,Swisscom,false,false
1429753380191,2147483647,2147483647,2147483647,2147483647,0,13,Swisscom,false,false
1429753380191,2147483647,2147483647,2147483647,2147483647,0,13,Swisscom,false,false
1429753440227,17432577,2222,1,228,-111,13,Swisscom,true,false
1429753440227,3,2147483647,2147483647,2147483647,-122,13,Swisscom,false,false
1429753440227,2147483647,2147483647,2147483647,2147483647,-113,13,Swisscom,false,false
1429753440227,2147483647,2147483647,2147483647,2147483647,-113,13,Swisscom,false,false
1429753440227,2147483647,2147483647,2147483647,2147483647,-113,13,Swisscom,false,false
1429753440227,2147483647,2147483647,2147483647,2147483647,-113,13,Swisscom,false,false
1429753440227,2147483647,2147483647,2147483647,2147483647,-113,13,Swisscom,false,false
1429753440227,2147483647,2147483647,2147483647,2147483647,-113,13,Swisscom,false,false
1429753440227,2147483647,2147483647,2147483647,2147483647,-113,13,Swisscom,false,false
1429753440227,2147483647,2147483647,2147483647,2147483647,-113,13,Swisscom,false,false
1429753440227,2147483647,2147483647,2147483647,2147483647,-113,13,Swisscom,false,false
1429753440227,2147483647,2147483647,2147483647,2147483647,-113,13,Swisscom,false,false
1429753440227,2147483647,2147483647,2147483647,2147483647,-113,13,Swisscom,false,false
1429753440227,2147483647,2147483647,2147483647,2147483647,-113,13,Swisscom,false,false
1429753440227,2147483647,2147483647,2147483647,2147483647,0,13,Swisscom,false,false
1429753440227,2147483647,2147483647,2147483647,2147483647,0,13,Swisscom,false,false
1429753440227,2147483647,2147483647,2147483647,2147483647,0,13,Swisscom,false,false
1429753501359,17432577,2222,1,228,-111,13,Swisscom,true,false
1429753501359,3,2147483647,2147483647,2147483647,-122,13,Swisscom,false,false
1429753501359,2147483647,2147483647,2147483647,2147483647,-113,13,Swisscom,false,false
1429753501359,2147483647,2147483647,2147483647,2147483647,-113,13,Swisscom,false,false
1429753501359,2147483647,2147483647,2147483647,2147483647,-113,13,Swisscom,false,false
1429753501359,2147483647,2147483647,2147483647,2147483647,-113,13,Swisscom,false,false
1429753501359,2147483647,2147483647,2147483647,2147483647,-113,13,Swisscom,false,false
1429753501359,2147483647,2147483647,2147483647,2147483647,-113,13,Swisscom,false,false
1429753501359,2147483647,2147483647,2147483647,2147483647,-113,13,Swisscom,false,false
1429753501359,2147483647,2147483647,2147483647,2147483647,-113,13,Swisscom,false,false
1429753501359,2147483647,2147483647,2147483647,2147483647,-113,13,Swisscom,false,false
1429753501359,2147483647,2147483647,2147483647,2147483647,-113,13,Swisscom,false,false
1429753501359,2147483647,2147483647,2147483647,2147483647,-113,13,Swisscom,false,false
1429753501359,2147483647,2147483647,2147483647,2147483647,-113,13,Swisscom,false,false
1429753501359,2147483647,2147483647,2147483647,2147483647,0,13,Swisscom,false,false
1429753501359,2147483647,2147483647,2147483647,2147483647,0,13,Swisscom,false,false
1429753501359,2147483647,2147483647,2147483647,2147483647,0,13,Swisscom,false,false
1429753561521,17432577,2222,1,228,-111,13,Swisscom,true,false
1429753561521,3,2147483647,2147483647,2147483647,-122,13,Swisscom,false,false
1429753561521,2147483647,2147483647,2147483647,2147483647,-113,13,Swisscom,false,false
1429753561521,2147483647,2147483647,2147483647,2147483647,-113,13,Swisscom,false,false
1429753561521,2147483647,2147483647,2147483647,2147483647,-113,13,Swisscom,false,false
1429753561521,2147483647,2147483647,2147483647,2147483647,-113,13,Swisscom,false,false
1429753561521,2147483647,2147483647,2147483647,2147483647,-113,13,Swisscom,false,false
1429753561521,2147483647,2147483647,2147483647,2147483647,-113,13,Swisscom,false,false
1429753561521,2147483647,2147483647,2147483647,2147483647,-113,13,Swisscom,false,false
1429753561521,2147483647,2147483647,2147483647,2147483647,-113,13,Swisscom,false,false
1429753561521,2147483647,2147483647,2147483647,2147483647,-113,13,Swisscom,false,false
1429753561521,2147483647,2147483647,2147483647,2147483647,-113,13,Swisscom,false,false
1429753561521,2147483647,2147483647,2147483647,2147483647,-113,13,Swisscom,false,false
1429753561521,2147483647,2147483647,2147483647,2147483647,-113,13,Swisscom,false,false
1429753561521,2147483647,2147483647,2147483647,2147483647,0,13,Swisscom,false,false
1429753561521,2147483647,2147483647,2147483647,2147483647,0,13,Swisscom,false,false
1429753561521,2147483647,2147483647,2147483647,2147483647,0,13,Swisscom,false,false
1429753640181,17432577,2222,1,228,-111,13,Swisscom,true,false
1429753640181,2147483647,2147483647,2147483647,2147483647,-113,13,Swisscom,false,false
1429753640181,2147483647,2147483647,2147483647,2147483647,-113,13,Swisscom,false,false
1429753640181,2147483647,2147483647,2147483647,2147483647,-113,13,Swisscom,false,false
1429753640181,2147483647,2147483647,2147483647,2147483647,-113,13,Swisscom,false,false
1429753640181,2147483647,2147483647,2147483647,2147483647,-113,13,Swisscom,false,false
1429753640181,2147483647,2147483647,2147483647,2147483647,-113,13,Swisscom,false,false
1429753640181,2147483647,2147483647,2147483647,2147483647,-113,13,Swisscom,false,false
1429753640181,2147483647,2147483647,2147483647,2147483647,-113,13,Swisscom,false,false
1429753640181,2147483647,2147483647,2147483647,2147483647,-113,13,Swisscom,false,false
1429753640181,2147483647,2147483647,2147483647,2147483647,-113,13,Swisscom,false,false
1429753640181,2147483647,2147483647,2147483647,2147483647,-113,13,Swisscom,false,false
1429753640181,2147483647,2147483647,2147483647,2147483647,-113,13,Swisscom,false,false
1429753640181,2147483647,2147483647,2147483647,2147483647,0,13,Swisscom,false,false
1429753640181,2147483647,2147483647,2147483647,2147483647,0,13,Swisscom,false,false
1429753640181,2147483647,2147483647,2147483647,2147483647,0,13,Swisscom,false,false
1429753700301,17432577,2222,1,228,-111,13,Swisscom,true,false
1429753700301,2147483647,2147483647,2147483647,2147483647,-113,13,Swisscom,false,false
1429753700301,2147483647,2147483647,2147483647,2147483647,-113,13,Swisscom,false,false
1429753700301,2147483647,2147483647,2147483647,2147483647,-113,13,Swisscom,false,false
1429753700301,2147483647,2147483647,2147483647,2147483647,-113,13,Swisscom,false,false
1429753700301,2147483647,2147483647,2147483647,2147483647,-113,13,Swisscom,false,false
1429753700301,2147483647,2147483647,2147483647,2147483647,-113,13,Swisscom,false,false
1429753700301,2147483647,2147483647,2147483647,2147483647,-113,13,Swisscom,false,false
1429753700301,2147483647,2147483647,2147483647,2147483647,-113,13,Swisscom,false,false
1429753700301,2147483647,2147483647,2147483647,2147483647,-113,13,Swisscom,false,false
1429753700301,2147483647,2147483647,2147483647,2147483647,-113,13,Swisscom,false,false
1429753700301,2147483647,2147483647,2147483647,2147483647,-113,13,Swisscom,false,false
1429753700301,2147483647,2147483647,2147483647,2147483647,-113,13,Swisscom,false,false
1429753700301,2147483647,2147483647,2147483647,2147483647,0,13,Swisscom,false,false
1429753700301,2147483647,2147483647,2147483647,2147483647,0,13,Swisscom,false,false
1429753760447,17432577,2222,1,228,-111,13,Swisscom,true,false
1429753760447,56,2147483647,2147483647,2147483647,-123,13,Swisscom,false,false
1429753760447,2147483647,2147483647,2147483647,2147483647,-113,13,Swisscom,false,false
1429753760447,2147483647,2147483647,2147483647,2147483647,-113,13,Swisscom,false,false
1429753760447,2147483647,2147483647,2147483647,2147483647,-113,13,Swisscom,false,false
1429753760447,2147483647,2147483647,2147483647,2147483647,-113,13,Swisscom,false,false
1429753760447,2147483647,2147483647,2147483647,2147483647,-113,13,Swisscom,false,false
1429753760447,2147483647,2147483647,2147483647,2147483647,-113,13,Swisscom,false,false
1429753760447,2147483647,2147483647,2147483647,2147483647,-113,13,Swisscom,false,false
1429753760447,2147483647,2147483647,2147483647,2147483647,-113,13,Swisscom,false,false
1429753760447,2147483647,2147483647,2147483647,2147483647,-113,13,Swisscom,false,false
1429753760447,2147483647,2147483647,2147483647,2147483647,-113,13,Swisscom,false,false
1429753760447,2147483647,2147483647,2147483647,2147483647,-113,13,Swisscom,false,false
1429753760447,2147483647,2147483647,2147483647,2147483647,-113,13,Swisscom,false,false
1429753760447,2147483647,2147483647,2147483647,2147483647,0,13,Swisscom,false,false
1429753760447,2147483647,2147483647,2147483647,2147483647,0,13,Swisscom,false,false
1429753760447,2147483647,2147483647,2147483647,2147483647,0,13,Swisscom,false,false
1429753835923,17432577,2222,1,228,-111,13,Swisscom,true,false
1429753835923,2147483647,2147483647,2147483647,2147483647,-113,13,Swisscom,false,false
1429753835923,2147483647,2147483647,2147483647,2147483647,-113,13,Swisscom,false,false
1429753835923,2147483647,2147483647,2147483647,2147483647,-113,13,Swisscom,false,false
1429753835923,2147483647,2147483647,2147483647,2147483647,-113,13,Swisscom,false,false
1429753835923,2147483647,2147483647,2147483647,2147483647,-113,13,Swisscom,false,false
1429753835923,2147483647,2147483647,2147483647,2147483647,-113,13,Swisscom,false,false
1429753835923,2147483647,2147483647,2147483647,2147483647,-113,13,Swisscom,false,false
1429753835923,2147483647,2147483647,2147483647,2147483647,-113,13,Swisscom,false,false
1429753835923,2147483647,2147483647,2147483647,2147483647,-113,13,Swisscom,false,false
1429753835923,2147483647,2147483647,2147483647,2147483647,-113,13,Swisscom,false,false
1429753835923,2147483647,2147483647,2147483647,2147483647,-113,13,Swisscom,false,false
1429753835923,2147483647,2147483647,2147483647,2147483647,-113,13,Swisscom,false,false
1429753835923,2147483647,2147483647,2147483647,2147483647,0,13,Swisscom,false,false
1429753835923,2147483647,2147483647,2147483647,2147483647,0,13,Swisscom,false,false
1429753835923,2147483647,2147483647,2147483647,2147483647,0,13,Swisscom,false,false
1429753896081,17432577,2222,1,228,-111,13,Swisscom,true,false
1429753896081,2147483647,2147483647,2147483647,2147483647,-113,13,Swisscom,false,false
1429753896081,2147483647,2147483647,2147483647,2147483647,-113,13,Swisscom,false,false
1429753896081,2147483647,2147483647,2147483647,2147483647,-113,13,Swisscom,false,false
1429753896081,2147483647,2147483647,2147483647,2147483647,-113,13,Swisscom,false,false
1429753896081,2147483647,2147483647,2147483647,2147483647,-113,13,Swisscom,false,false
1429753896081,2147483647,2147483647,2147483647,2147483647,-113,13,Swisscom,false,false
1429753896081,2147483647,2147483647,2147483647,2147483647,-113,13,Swisscom,false,false
1429753896081,2147483647,2147483647,2147483647,2147483647,-113,13,Swisscom,false,false
1429753896081,2147483647,2147483647,2147483647,2147483647,-113,13,Swisscom,false,false
1429753896081,2147483647,2147483647,2147483647,2147483647,-113,13,Swisscom,false,false
1429753896081,2147483647,2147483647,2147483647,2147483647,-113,13,Swisscom,false,false
1429753896081,2147483647,2147483647,2147483647,2147483647,-113,13,Swisscom,false,false
1429753896081,2147483647,2147483647,2147483647,2147483647,0,13,Swisscom,false,false
1429753896081,2147483647,2147483647,2147483647,2147483647,0,13,Swisscom,false,false
1429753896081,2147483647,2147483647,2147483647,2147483647,0,13,Swisscom,false,false
1429753981538,17432577,2222,1,228,-111,13,Swisscom,true,false
1429753981538,2147483647,2147483647,2147483647,2147483647,-113,13,Swisscom,false,false
1429753981538,2147483647,2147483647,2147483647,2147483647,-113,13,Swisscom,false,false
1429753981538,2147483647,2147483647,2147483647,2147483647,-113,13,Swisscom,false,false
1429753981538,2147483647,2147483647,2147483647,2147483647,-113,13,Swisscom,false,false
1429753981538,2147483647,2147483647,2147483647,2147483647,-113,13,Swisscom,false,false
1429753981538,2147483647,2147483647,2147483647,2147483647,-113,13,Swisscom,false,false
1429753981538,2147483647,2147483647,2147483647,2147483647,-113,13,Swisscom,false,false
1429753981538,2147483647,2147483647,2147483647,2147483647,-113,13,Swisscom,false,false
1429753981538,2147483647,2147483647,2147483647,2147483647,-113,13,Swisscom,false,false
1429753981538,2147483647,2147483647,2147483647,2147483647,-113,13,Swisscom,false,false
1429753981538,2147483647,2147483647,2147483647,2147483647,-113,13,Swisscom,false,false
1429753981538,2147483647,2147483647,2147483647,2147483647,-113,13,Swisscom,false,false
1429753981538,2147483647,2147483647,2147483647,2147483647,0,13,Swisscom,false,false
1429753981538,2147483647,2147483647,2147483647,2147483647,0,13,Swisscom,false,false
1429753981538,2147483647,2147483647,2147483647,2147483647,0,13,Swisscom,false,false
1429754041475,17432577,2222,1,228,-111,13,Swisscom,true,false
1429754041475,4,2147483647,2147483647,2147483647,-124,13,Swisscom,false,false
1429754101678,17432577,2222,1,228,-111,13,Swisscom,true,false
1429754101678,3,2147483647,2147483647,2147483647,-122,13,Swisscom,false,false
1429754101678,2147483647,2147483647,2147483647,2147483647,-113,13,Swisscom,false,false
1429754101678,2147483647,2147483647,2147483647,2147483647,-113,13,Swisscom,false,false
1429754101678,2147483647,2147483647,2147483647,2147483647,-113,13,Swisscom,false,false
1429754101678,2147483647,2147483647,2147483647,2147483647,-113,13,Swisscom,false,false
1429754101678,2147483647,2147483647,2147483647,2147483647,-113,13,Swisscom,false,false
1429754101678,2147483647,2147483647,2147483647,2147483647,-113,13,Swisscom,false,false
1429754101678,2147483647,2147483647,2147483647,2147483647,-113,13,Swisscom,false,false
1429754101678,2147483647,2147483647,2147483647,2147483647,-113,13,Swisscom,false,false
1429754101678,2147483647,2147483647,2147483647,2147483647,-113,13,Swisscom,false,false
1429754101678,2147483647,2147483647,2147483647,2147483647,-113,13,Swisscom,false,false
1429754101678,2147483647,2147483647,2147483647,2147483647,-113,13,Swisscom,false,false
1429754101678,2147483647,2147483647,2147483647,2147483647,-113,13,Swisscom,false,false
1429754101678,2147483647,2147483647,2147483647,2147483647,0,13,Swisscom,false,false
1429754101678,2147483647,2147483647,2147483647,2147483647,0,13,Swisscom,false,false
1429754161758,17432577,2222,1,228,-111,13,Swisscom,true,false
1429754161758,4,2147483647,2147483647,2147483647,-125,13,Swisscom,false,false
1429754161758,2147483647,2147483647,2147483647,2147483647,-113,13,Swisscom,false,false
1429754161758,2147483647,2147483647,2147483647,2147483647,-113,13,Swisscom,false,false
1429754161758,2147483647,2147483647,2147483647,2147483647,-113,13,Swisscom,false,false
1429754161758,2147483647,2147483647,2147483647,2147483647,-113,13,Swisscom,false,false
1429754161758,2147483647,2147483647,2147483647,2147483647,-113,13,Swisscom,false,false
1429754161758,2147483647,2147483647,2147483647,2147483647,-113,13,Swisscom,false,false
1429754161758,2147483647,2147483647,2147483647,2147483647,-113,13,Swisscom,false,false
1429754161758,2147483647,2147483647,2147483647,2147483647,-113,13,Swisscom,false,false
1429754161758,2147483647,2147483647,2147483647,2147483647,-113,13,Swisscom,false,false
1429754161758,2147483647,2147483647,2147483647,2147483647,-113,13,Swisscom,false,false
1429754161758,2147483647,2147483647,2147483647,2147483647,-113,13,Swisscom,false,false
1429754161758,2147483647,2147483647,2147483647,2147483647,-113,13,Swisscom,false,false
1429754161758,2147483647,2147483647,2147483647,2147483647,0,13,Swisscom,false,false
1429754161758,2147483647,2147483647,2147483647,2147483647,0,13,Swisscom,false,false
1429754257375,17432577,2222,1,228,-111,13,Swisscom,true,false
1429754257375,4,2147483647,2147483647,2147483647,-124,13,Swisscom,false,false
1429754317442,17432577,2222,1,228,-111,13,Swisscom,true,false
1429754317442,3,2147483647,2147483647,2147483647,-122,13,Swisscom,false,false
1429754317442,2147483647,2147483647,2147483647,2147483647,-113,13,Swisscom,false,false
1429754317442,2147483647,2147483647,2147483647,2147483647,-113,13,Swisscom,false,false
1429754317442,2147483647,2147483647,2147483647,2147483647,-113,13,Swisscom,false,false
1429754317442,2147483647,2147483647,2147483647,2147483647,-113,13,Swisscom,false,false
1429754317442,2147483647,2147483647,2147483647,2147483647,-113,13,Swisscom,false,false
1429754317442,2147483647,2147483647,2147483647,2147483647,-113,13,Swisscom,false,false
1429754317442,2147483647,2147483647,2147483647,2147483647,-113,13,Swisscom,false,false
1429754317442,2147483647,2147483647,2147483647,2147483647,-113,13,Swisscom,false,false
1429754317442,2147483647,2147483647,2147483647,2147483647,-113,13,Swisscom,false,false
1429754317442,2147483647,2147483647,2147483647,2147483647,-113,13,Swisscom,false,false
1429754317442,2147483647,2147483647,2147483647,2147483647,-113,13,Swisscom,false,false
1429754317442,2147483647,2147483647,2147483647,2147483647,-113,13,Swisscom,false,false
1429754317442,2147483647,2147483647,2147483647,2147483647,0,13,Swisscom,false,false
1429754317442,2147483647,2147483647,2147483647,2147483647,0,13,Swisscom,false,false
1429754317442,2147483647,2147483647,2147483647,2147483647,0,13,Swisscom,false,false
1429754390439,17432577,2222,1,228,-111,13,Swisscom,true,false
1429754390439,3,2147483647,2147483647,2147483647,-122,13,Swisscom,false,false
1429754451965,17432577,2222,1,228,-111,13,Swisscom,true,false
1429754451965,3,2147483647,2147483647,2147483647,-122,13,Swisscom,false,false
1429754512048,17432577,2222,1,228,-111,13,Swisscom,true,false
1429754512048,3,2147483647,2147483647,2147483647,-123,13,Swisscom,false,false
1429754512048,2147483647,2147483647,2147483647,2147483647,-113,13,Swisscom,false,false
1429754512048,2147483647,2147483647,2147483647,2147483647,-113,13,Swisscom,false,false
1429754512048,2147483647,2147483647,2147483647,2147483647,-113,13,Swisscom,false,false
1429754512048,2147483647,2147483647,2147483647,2147483647,-113,13,Swisscom,false,false
1429754512048,2147483647,2147483647,2147483647,2147483647,-113,13,Swisscom,false,false
1429754512048,2147483647,2147483647,2147483647,2147483647,-113,13,Swisscom,false,false
1429754512048,2147483647,2147483647,2147483647,2147483647,-113,13,Swisscom,false,false
1429754512048,2147483647,2147483647,2147483647,2147483647,-113,13,Swisscom,false,false
1429754512048,2147483647,2147483647,2147483647,2147483647,-113,13,Swisscom,false,false
1429754512048,2147483647,2147483647,2147483647,2147483647,-113,13,Swisscom,false,false
1429754512048,2147483647,2147483647,2147483647,2147483647,-113,13,Swisscom,false,false
1429754512048,2147483647,2147483647,2147483647,2147483647,-113,13,Swisscom,false,false
1429754512048,2147483647,2147483647,2147483647,2147483647,0,13,Swisscom,false,false
1429754512048,2147483647,2147483647,2147483647,2147483647,0,13,Swisscom,false,false
1429754574513,17432577,2222,1,228,-111,13,Swisscom,true,false
1429754574513,3,2147483647,2147483647,2147483647,-122,13,Swisscom,false,false
1429754574513,2147483647,2147483647,2147483647,2147483647,-113,13,Swisscom,false,false
1429754574513,2147483647,2147483647,2147483647,2147483647,-113,13,Swisscom,false,false
1429754574513,2147483647,2147483647,2147483647,2147483647,-113,13,Swisscom,false,false
1429754574513,2147483647,2147483647,2147483647,2147483647,-113,13,Swisscom,false,false
1429754574513,2147483647,2147483647,2147483647,2147483647,-113,13,Swisscom,false,false
1429754574513,2147483647,2147483647,2147483647,2147483647,-113,13,Swisscom,false,false
1429754574513,2147483647,2147483647,2147483647,2147483647,-113,13,Swisscom,false,false
1429754574513,2147483647,2147483647,2147483647,2147483647,-113,13,Swisscom,false,false
1429754574513,2147483647,2147483647,2147483647,2147483647,-113,13,Swisscom,false,false
1429754574513,2147483647,2147483647,2147483647,2147483647,-113,13,Swisscom,false,false
1429754574513,2147483647,2147483647,2147483647,2147483647,-113,13,Swisscom,false,false
1429754574513,2147483647,2147483647,2147483647,2147483647,-113,13,Swisscom,false,false
1429754574513,2147483647,2147483647,2147483647,2147483647,0,13,Swisscom,false,false
1429754574513,2147483647,2147483647,2147483647,2147483647,0,13,Swisscom,false,false
1429754574513,2147483647,2147483647,2147483647,2147483647,0,13,Swisscom,false,false
1429754634660,17432577,2222,1,228,-111,13,Swisscom,true,false
1429754634660,356,2147483647,2147483647,2147483647,-136,13,Swisscom,false,false
1429754634660,2147483647,2147483647,2147483647,2147483647,-113,13,Swisscom,false,false
1429754634660,2147483647,2147483647,2147483647,2147483647,-113,13,Swisscom,false,false
1429754634660,2147483647,2147483647,2147483647,2147483647,-113,13,Swisscom,false,false
1429754634660,2147483647,2147483647,2147483647,2147483647,-113,13,Swisscom,false,false
1429754634660,2147483647,2147483647,2147483647,2147483647,-113,13,Swisscom,false,false
1429754634660,2147483647,2147483647,2147483647,2147483647,-113,13,Swisscom,false,false
1429754634660,2147483647,2147483647,2147483647,2147483647,-113,13,Swisscom,false,false
1429754634660,2147483647,2147483647,2147483647,2147483647,-113,13,Swisscom,false,false
1429754634660,2147483647,2147483647,2147483647,2147483647,-113,13,Swisscom,false,false
1429754634660,2147483647,2147483647,2147483647,2147483647,-113,13,Swisscom,false,false
1429754634660,2147483647,2147483647,2147483647,2147483647,-113,13,Swisscom,false,false
1429754634660,2147483647,2147483647,2147483647,2147483647,-113,13,Swisscom,false,false
1429754634660,2147483647,2147483647,2147483647,2147483647,0,13,Swisscom,false,false
1429754634660,2147483647,2147483647,2147483647,2147483647,0,13,Swisscom,false,false
1429754694654,17432577,2222,1,228,-111,13,Swisscom,true,false
1429754694654,2147483647,2147483647,2147483647,2147483647,-113,13,Swisscom,false,false
1429754694654,2147483647,2147483647,2147483647,2147483647,-113,13,Swisscom,false,false
1429754694654,2147483647,2147483647,2147483647,2147483647,-113,13,Swisscom,false,false
1429754694654,2147483647,2147483647,2147483647,2147483647,-113,13,Swisscom,false,false
1429754694654,2147483647,2147483647,2147483647,2147483647,-113,13,Swisscom,false,false
1429754694654,2147483647,2147483647,2147483647,2147483647,-113,13,Swisscom,false,false
1429754694654,2147483647,2147483647,2147483647,2147483647,-113,13,Swisscom,false,false
1429754694654,2147483647,2147483647,2147483647,2147483647,-113,13,Swisscom,false,false
1429754694654,2147483647,2147483647,2147483647,2147483647,-113,13,Swisscom,false,false
1429754694654,2147483647,2147483647,2147483647,2147483647,-113,13,Swisscom,false,false
1429754694654,2147483647,2147483647,2147483647,2147483647,-113,13,Swisscom,false,false
1429754694654,2147483647,2147483647,2147483647,2147483647,-113,13,Swisscom,false,false
1429754694654,2147483647,2147483647,2147483647,2147483647,0,13,Swisscom,false,false
1429754694654,2147483647,2147483647,2147483647,2147483647,0,13,Swisscom,false,false
1429754754740,17432577,2222,1,228,-111,13,Swisscom,true,false
1429754754740,3,2147483647,2147483647,2147483647,-122,13,Swisscom,false,false
1429754754740,2147483647,2147483647,2147483647,2147483647,-113,13,Swisscom,false,false
1429754754740,2147483647,2147483647,2147483647,2147483647,-113,13,Swisscom,false,false
1429754754740,2147483647,2147483647,2147483647,2147483647,-113,13,Swisscom,false,false
1429754754740,2147483647,2147483647,2147483647,2147483647,-113,13,Swisscom,false,false
1429754754740,2147483647,2147483647,2147483647,2147483647,-113,13,Swisscom,false,false
1429754754740,2147483647,2147483647,2147483647,2147483647,-113,13,Swisscom,false,false
1429754754740,2147483647,2147483647,2147483647,2147483647,-113,13,Swisscom,false,false
1429754754740,2147483647,2147483647,2147483647,2147483647,-113,13,Swisscom,false,false
1429754754740,2147483647,2147483647,2147483647,2147483647,-113,13,Swisscom,false,false
1429754754740,2147483647,2147483647,2147483647,2147483647,-113,13,Swisscom,false,false
1429754754740,2147483647,2147483647,2147483647,2147483647,-113,13,Swisscom,false,false
1429754754740,2147483647,2147483647,2147483647,2147483647,-113,13,Swisscom,false,false
1429754754740,2147483647,2147483647,2147483647,2147483647,0,13,Swisscom,false,false
1429754754740,2147483647,2147483647,2147483647,2147483647,0,13,Swisscom,false,false
1429754814869,17432577,2222,1,228,-111,13,Swisscom,true,false
1429754814869,3,2147483647,2147483647,2147483647,-123,13,Swisscom,false,false
1429754814869,2147483647,2147483647,2147483647,2147483647,-113,13,Swisscom,false,false
1429754814869,2147483647,2147483647,2147483647,2147483647,-113,13,Swisscom,false,false
1429754814869,2147483647,2147483647,2147483647,2147483647,-113,13,Swisscom,false,false
1429754814869,2147483647,2147483647,2147483647,2147483647,-113,13,Swisscom,false,false
1429754814869,2147483647,2147483647,2147483647,2147483647,-113,13,Swisscom,false,false
1429754814869,2147483647,2147483647,2147483647,2147483647,-113,13,Swisscom,false,false
1429754814869,2147483647,2147483647,2147483647,2147483647,-113,13,Swisscom,false,false
1429754814869,2147483647,2147483647,2147483647,2147483647,-113,13,Swisscom,false,false
1429754814869,2147483647,2147483647,2147483647,2147483647,-113,13,Swisscom,false,false
1429754814869,2147483647,2147483647,2147483647,2147483647,-113,13,Swisscom,false,false
1429754814869,2147483647,2147483647,2147483647,2147483647,-113,13,Swisscom,false,false
1429754814869,2147483647,2147483647,2147483647,2147483647,-113,13,Swisscom,false,false
1429754814869,2147483647,2147483647,2147483647,2147483647,0,13,Swisscom,false,false
1429754814869,2147483647,2147483647,2147483647,2147483647,0,13,Swisscom,false,false
1429754874973,17432577,2222,1,228,-111,13,Swisscom,true,false
1429754874973,4,2147483647,2147483647,2147483647,-120,13,Swisscom,false,false
1429754874973,3,2147483647,2147483647,2147483647,-122,13,Swisscom,false,false
1429754874973,2147483647,2147483647,2147483647,2147483647,-113,13,Swisscom,false,false
1429754874973,2147483647,2147483647,2147483647,2147483647,-113,13,Swisscom,false,false
1429754874973,2147483647,2147483647,2147483647,2147483647,-113,13,Swisscom,false,false
1429754874973,2147483647,2147483647,2147483647,2147483647,-113,13,Swisscom,false,false
1429754874973,2147483647,2147483647,2147483647,2147483647,-113,13,Swisscom,false,false
1429754874973,2147483647,2147483647,2147483647,2147483647,-113,13,Swisscom,false,false
1429754874973,2147483647,2147483647,2147483647,2147483647,-113,13,Swisscom,false,false
1429754874973,2147483647,2147483647,2147483647,2147483647,-113,13,Swisscom,false,false
1429754874973,2147483647,2147483647,2147483647,2147483647,-113,13,Swisscom,false,false
1429754874973,2147483647,2147483647,2147483647,2147483647,-113,13,Swisscom,false,false
1429754874973,2147483647,2147483647,2147483647,2147483647,-113,13,Swisscom,false,false
1429754874973,2147483647,2147483647,2147483647,2147483647,-113,13,Swisscom,false,false
1429754874973,2147483647,2147483647,2147483647,2147483647,0,13,Swisscom,false,false
1429754874973,2147483647,2147483647,2147483647,2147483647,0,13,Swisscom,false,false
1429754935091,17432577,2222,1,228,-111,13,Swisscom,true,false
1429754935091,4,2147483647,2147483647,2147483647,-124,13,Swisscom,false,false
1429754935091,2147483647,2147483647,2147483647,2147483647,-113,13,Swisscom,false,false
1429754935091,2147483647,2147483647,2147483647,2147483647,-113,13,Swisscom,false,false
1429754935091,2147483647,2147483647,2147483647,2147483647,-113,13,Swisscom,false,false
1429754935091,2147483647,2147483647,2147483647,2147483647,-113,13,Swisscom,false,false
1429754935091,2147483647,2147483647,2147483647,2147483647,-113,13,Swisscom,false,false
1429754935091,2147483647,2147483647,2147483647,2147483647,-113,13,Swisscom,false,false
1429754935091,2147483647,2147483647,2147483647,2147483647,-113,13,Swisscom,false,false
1429754935091,2147483647,2147483647,2147483647,2147483647,-113,13,Swisscom,false,false
1429754935091,2147483647,2147483647,2147483647,2147483647,-113,13,Swisscom,false,false
1429754935091,2147483647,2147483647,2147483647,2147483647,-113,13,Swisscom,false,false
1429754935091,2147483647,2147483647,2147483647,2147483647,-113,13,Swisscom,false,false
1429754935091,2147483647,2147483647,2147483647,2147483647,-113,13,Swisscom,false,false
1429754935091,2147483647,2147483647,2147483647,2147483647,0,13,Swisscom,false,false
1429754935091,2147483647,2147483647,2147483647,2147483647,0,13,Swisscom,false,false
1429754935091,2147483647,2147483647,2147483647,2147483647,0,13,Swisscom,false,false
1429754995245,17432577,2222,1,228,-110,13,Swisscom,true,false
1429754995245,2147483647,2147483647,2147483647,2147483647,-113,13,Swisscom,false,false
1429754995245,2147483647,2147483647,2147483647,2147483647,-113,13,Swisscom,false,false
1429754995245,2147483647,2147483647,2147483647,2147483647,-113,13,Swisscom,false,false
1429754995245,2147483647,2147483647,2147483647,2147483647,-113,13,Swisscom,false,false
1429754995245,2147483647,2147483647,2147483647,2147483647,-113,13,Swisscom,false,false
1429754995245,2147483647,2147483647,2147483647,2147483647,-113,13,Swisscom,false,false
1429754995245,2147483647,2147483647,2147483647,2147483647,-113,13,Swisscom,false,false
1429754995245,2147483647,2147483647,2147483647,2147483647,-113,13,Swisscom,false,false
1429754995245,2147483647,2147483647,2147483647,2147483647,-113,13,Swisscom,false,false
1429754995245,2147483647,2147483647,2147483647,2147483647,-113,13,Swisscom,false,false
1429754995245,2147483647,2147483647,2147483647,2147483647,-113,13,Swisscom,false,false
1429754995245,2147483647,2147483647,2147483647,2147483647,-113,13,Swisscom,false,false
1429754995245,2147483647,2147483647,2147483647,2147483647,0,13,Swisscom,false,false
1429754995245,2147483647,2147483647,2147483647,2147483647,0,13,Swisscom,false,false
1429755055475,17432577,2222,1,228,-111,13,Swisscom,true,false
1429755055475,3,2147483647,2147483647,2147483647,-122,13,Swisscom,false,false
1429755055475,2147483647,2147483647,2147483647,2147483647,-113,13,Swisscom,false,false
1429755055475,2147483647,2147483647,2147483647,2147483647,-113,13,Swisscom,false,false
1429755055475,2147483647,2147483647,2147483647,2147483647,-113,13,Swisscom,false,false
1429755055475,2147483647,2147483647,2147483647,2147483647,-113,13,Swisscom,false,false
1429755055475,2147483647,2147483647,2147483647,2147483647,-113,13,Swisscom,false,false
1429755055475,2147483647,2147483647,2147483647,2147483647,-113,13,Swisscom,false,false
1429755055475,2147483647,2147483647,2147483647,2147483647,-113,13,Swisscom,false,false
1429755055475,2147483647,2147483647,2147483647,2147483647,-113,13,Swisscom,false,false
1429755055475,2147483647,2147483647,2147483647,2147483647,-113,13,Swisscom,false,false
1429755055475,2147483647,2147483647,2147483647,2147483647,-113,13,Swisscom,false,false
1429755055475,2147483647,2147483647,2147483647,2147483647,-113,13,Swisscom,false,false
1429755055475,2147483647,2147483647,2147483647,2147483647,-113,13,Swisscom,false,false
1429755055475,2147483647,2147483647,2147483647,2147483647,0,13,Swisscom,false,false
1429755055475,2147483647,2147483647,2147483647,2147483647,0,13,Swisscom,false,false
1429755055475,2147483647,2147483647,2147483647,2147483647,0,13,Swisscom,false,false
1429755115474,17432577,2222,1,228,-111,13,Swisscom,true,false
1429755115474,3,2147483647,2147483647,2147483647,-122,13,Swisscom,false,false
1429755115474,2147483647,2147483647,2147483647,2147483647,-113,13,Swisscom,false,false
1429755115474,2147483647,2147483647,2147483647,2147483647,-113,13,Swisscom,false,false
1429755115474,2147483647,2147483647,2147483647,2147483647,-113,13,Swisscom,false,false
1429755115474,2147483647,2147483647,2147483647,2147483647,-113,13,Swisscom,false,false
1429755115474,2147483647,2147483647,2147483647,2147483647,-113,13,Swisscom,false,false
1429755115474,2147483647,2147483647,2147483647,2147483647,-113,13,Swisscom,false,false
1429755115474,2147483647,2147483647,2147483647,2147483647,-113,13,Swisscom,false,false
1429755115474,2147483647,2147483647,2147483647,2147483647,-113,13,Swisscom,false,false
1429755115474,2147483647,2147483647,2147483647,2147483647,-113,13,Swisscom,false,false
1429755115474,2147483647,2147483647,2147483647,2147483647,-113,13,Swisscom,false,false
1429755115474,2147483647,2147483647,2147483647,2147483647,-113,13,Swisscom,false,false
1429755115474,2147483647,2147483647,2147483647,2147483647,-113,13,Swisscom,false,false
1429755115474,2147483647,2147483647,2147483647,2147483647,0,13,Swisscom,false,false
1429755115474,2147483647,2147483647,2147483647,2147483647,0,13,Swisscom,false,false
1429755115474,2147483647,2147483647,2147483647,2147483647,0,13,Swisscom,false,false
1429755200192,17432577,2222,1,228,-111,13,Swisscom,true,false
1429755200192,2147483647,2147483647,2147483647,2147483647,-113,13,Swisscom,false,false
1429755200192,2147483647,2147483647,2147483647,2147483647,-113,13,Swisscom,false,false
1429755200192,2147483647,2147483647,2147483647,2147483647,-113,13,Swisscom,false,false
1429755200192,2147483647,2147483647,2147483647,2147483647,-113,13,Swisscom,false,false
1429755200192,2147483647,2147483647,2147483647,2147483647,-113,13,Swisscom,false,false
1429755200192,2147483647,2147483647,2147483647,2147483647,-113,13,Swisscom,false,false
1429755200192,2147483647,2147483647,2147483647,2147483647,-113,13,Swisscom,false,false
1429755200192,2147483647,2147483647,2147483647,2147483647,-113,13,Swisscom,false,false
1429755200192,2147483647,2147483647,2147483647,2147483647,-113,13,Swisscom,false,false
1429755200192,2147483647,2147483647,2147483647,2147483647,-113,13,Swisscom,false,false
1429755200192,2147483647,2147483647,2147483647,2147483647,-113,13,Swisscom,false,false
1429755200192,2147483647,2147483647,2147483647,2147483647,-113,13,Swisscom,false,false
1429755200192,2147483647,2147483647,2147483647,2147483647,0,13,Swisscom,false,false
1429755200192,2147483647,2147483647,2147483647,2147483647,0,13,Swisscom,false,false
1429755200192,2147483647,2147483647,2147483647,2147483647,0,13,Swisscom,false,false
1429755260336,17432577,2222,1,228,-111,13,Swisscom,true,false
1429755260336,2147483647,2147483647,2147483647,2147483647,-113,13,Swisscom,false,false
1429755260336,2147483647,2147483647,2147483647,2147483647,-113,13,Swisscom,false,false
1429755260336,2147483647,2147483647,2147483647,2147483647,-113,13,Swisscom,false,false
1429755260336,2147483647,2147483647,2147483647,2147483647,-113,13,Swisscom,false,false
1429755260336,2147483647,2147483647,2147483647,2147483647,-113,13,Swisscom,false,false
1429755260336,2147483647,2147483647,2147483647,2147483647,-113,13,Swisscom,false,false
1429755260336,2147483647,2147483647,2147483647,2147483647,-113,13,Swisscom,false,false
1429755260336,2147483647,2147483647,2147483647,2147483647,-113,13,Swisscom,false,false
1429755260336,2147483647,2147483647,2147483647,2147483647,-113,13,Swisscom,false,false
1429755260336,2147483647,2147483647,2147483647,2147483647,-113,13,Swisscom,false,false
1429755260336,2147483647,2147483647,2147483647,2147483647,-113,13,Swisscom,false,false
1429755260336,2147483647,2147483647,2147483647,2147483647,-113,13,Swisscom,false,false
1429755260336,2147483647,2147483647,2147483647,2147483647,0,13,Swisscom,false,false
1429755260336,2147483647,2147483647,2147483647,2147483647,0,13,Swisscom,false,false
1429755260336,2147483647,2147483647,2147483647,2147483647,0,13,Swisscom,false,false
1429755325826,17432577,2222,1,228,-111,13,Swisscom,true,false
1429755325826,3,2147483647,2147483647,2147483647,-123,13,Swisscom,false,false
1429755325826,2147483647,2147483647,2147483647,2147483647,-113,13,Swisscom,false,false
1429755325826,2147483647,2147483647,2147483647,2147483647,-113,13,Swisscom,false,false
1429755325826,2147483647,2147483647,2147483647,2147483647,-113,13,Swisscom,false,false
1429755325826,2147483647,2147483647,2147483647,2147483647,-113,13,Swisscom,false,false
1429755325826,2147483647,2147483647,2147483647,2147483647,-113,13,Swisscom,false,false
1429755325826,2147483647,2147483647,2147483647,2147483647,-113,13,Swisscom,false,false
1429755325826,2147483647,2147483647,2147483647,2147483647,-113,13,Swisscom,false,false
1429755325826,2147483647,2147483647,2147483647,2147483647,-113,13,Swisscom,false,false
1429755325826,2147483647,2147483647,2147483647,2147483647,-113,13,Swisscom,false,false
1429755325826,2147483647,2147483647,2147483647,2147483647,-113,13,Swisscom,false,false
1429755325826,2147483647,2147483647,2147483647,2147483647,-113,13,Swisscom,false,false
1429755325826,2147483647,2147483647,2147483647,2147483647,-113,13,Swisscom,false,false
1429755325826,2147483647,2147483647,2147483647,2147483647,0,13,Swisscom,false,false
1429755325826,2147483647,2147483647,2147483647,2147483647,0,13,Swisscom,false,false
1429755325826,2147483647,2147483647,2147483647,2147483647,0,13,Swisscom,false,false
1429755385931,17432577,2222,1,228,-111,13,Swisscom,true,false
1429755385931,4,2147483647,2147483647,2147483647,-124,13,Swisscom,false,false
1429755385931,2147483647,2147483647,2147483647,2147483647,-113,13,Swisscom,false,false
1429755385931,2147483647,2147483647,2147483647,2147483647,-113,13,Swisscom,false,false
1429755385931,2147483647,2147483647,2147483647,2147483647,-113,13,Swisscom,false,false
1429755385931,2147483647,2147483647,2147483647,2147483647,-113,13,Swisscom,false,false
1429755385931,2147483647,2147483647,2147483647,2147483647,-113,13,Swisscom,false,false
1429755385931,2147483647,2147483647,2147483647,2147483647,-113,13,Swisscom,false,false
1429755385931,2147483647,2147483647,2147483647,2147483647,-113,13,Swisscom,false,false
1429755385931,2147483647,2147483647,2147483647,2147483647,-113,13,Swisscom,false,false
1429755385931,2147483647,2147483647,2147483647,2147483647,-113,13,Swisscom,false,false
1429755385931,2147483647,2147483647,2147483647,2147483647,-113,13,Swisscom,false,false
1429755385931,2147483647,2147483647,2147483647,2147483647,-113,13,Swisscom,false,false
1429755385931,2147483647,2147483647,2147483647,2147483647,-113,13,Swisscom,false,false
1429755385931,2147483647,2147483647,2147483647,2147483647,0,13,Swisscom,false,false
1429755385931,2147483647,2147483647,2147483647,2147483647,0,13,Swisscom,false,false
1429755385931,2147483647,2147483647,2147483647,2147483647,0,13,Swisscom,false,false
1429755446029,17432577,2222,1,228,-111,13,Swisscom,true,false
1429755446029,4,2147483647,2147483647,2147483647,-124,13,Swisscom,false,false
1429755506192,17432577,2222,1,228,-111,13,Swisscom,true,false
1429755506192,2147483647,2147483647,2147483647,2147483647,-113,13,Swisscom,false,false
1429755506192,2147483647,2147483647,2147483647,2147483647,-113,13,Swisscom,false,false
1429755506192,2147483647,2147483647,2147483647,2147483647,-113,13,Swisscom,false,false
1429755506192,2147483647,2147483647,2147483647,2147483647,-113,13,Swisscom,false,false
1429755506192,2147483647,2147483647,2147483647,2147483647,-113,13,Swisscom,false,false
1429755506192,2147483647,2147483647,2147483647,2147483647,-113,13,Swisscom,false,false
1429755506192,2147483647,2147483647,2147483647,2147483647,-113,13,Swisscom,false,false
1429755506192,2147483647,2147483647,2147483647,2147483647,-113,13,Swisscom,false,false
1429755506192,2147483647,2147483647,2147483647,2147483647,-113,13,Swisscom,false,false
1429755506192,2147483647,2147483647,2147483647,2147483647,-113,13,Swisscom,false,false
1429755506192,2147483647,2147483647,2147483647,2147483647,-113,13,Swisscom,false,false
1429755506192,2147483647,2147483647,2147483647,2147483647,-113,13,Swisscom,false,false
1429755506192,2147483647,2147483647,2147483647,2147483647,0,13,Swisscom,false,false
1429755506192,2147483647,2147483647,2147483647,2147483647,0,13,Swisscom,false,false
1429755506192,2147483647,2147483647,2147483647,2147483647,0,13,Swisscom,false,false
1429755578267,17432577,2222,1,228,-111,13,Swisscom,true,false
1429755578267,3,2147483647,2147483647,2147483647,-122,13,Swisscom,false,false
1429755578267,2147483647,2147483647,2147483647,2147483647,-113,13,Swisscom,false,false
1429755578267,2147483647,2147483647,2147483647,2147483647,-113,13,Swisscom,false,false
1429755578267,2147483647,2147483647,2147483647,2147483647,-113,13,Swisscom,false,false
1429755578267,2147483647,2147483647,2147483647,2147483647,-113,13,Swisscom,false,false
1429755578267,2147483647,2147483647,2147483647,2147483647,-113,13,Swisscom,false,false
1429755578267,2147483647,2147483647,2147483647,2147483647,-113,13,Swisscom,false,false
1429755578267,2147483647,2147483647,2147483647,2147483647,-113,13,Swisscom,false,false
1429755578267,2147483647,2147483647,2147483647,2147483647,-113,13,Swisscom,false,false
1429755578267,2147483647,2147483647,2147483647,2147483647,-113,13,Swisscom,false,false
1429755578267,2147483647,2147483647,2147483647,2147483647,-113,13,Swisscom,false,false
1429755578267,2147483647,2147483647,2147483647,2147483647,-113,13,Swisscom,false,false
1429755578267,2147483647,2147483647,2147483647,2147483647,-113,13,Swisscom,false,false
1429755578267,2147483647,2147483647,2147483647,2147483647,0,13,Swisscom,false,false
1429755578267,2147483647,2147483647,2147483647,2147483647,0,13,Swisscom,false,false
1429755578267,2147483647,2147483647,2147483647,2147483647,0,13,Swisscom,false,false
1429755654536,17432577,2222,1,228,-111,13,Swisscom,true,false
1429755654536,2147483647,2147483647,2147483647,2147483647,-113,13,Swisscom,false,false
1429755654536,2147483647,2147483647,2147483647,2147483647,-113,13,Swisscom,false,false
1429755654536,2147483647,2147483647,2147483647,2147483647,-113,13,Swisscom,false,false
1429755654536,2147483647,2147483647,2147483647,2147483647,-113,13,Swisscom,false,false
1429755654536,2147483647,2147483647,2147483647,2147483647,-113,13,Swisscom,false,false
1429755654536,2147483647,2147483647,2147483647,2147483647,-113,13,Swisscom,false,false
1429755654536,2147483647,2147483647,2147483647,2147483647,-113,13,Swisscom,false,false
1429755654536,2147483647,2147483647,2147483647,2147483647,-113,13,Swisscom,false,false
1429755654536,2147483647,2147483647,2147483647,2147483647,-113,13,Swisscom,false,false
1429755654536,2147483647,2147483647,2147483647,2147483647,-113,13,Swisscom,false,false
1429755654536,2147483647,2147483647,2147483647,2147483647,-113,13,Swisscom,false,false
1429755654536,2147483647,2147483647,2147483647,2147483647,-113,13,Swisscom,false,false
1429755654536,2147483647,2147483647,2147483647,2147483647,0,13,Swisscom,false,false
1429755654536,2147483647,2147483647,2147483647,2147483647,0,13,Swisscom,false,false
1429755654536,2147483647,2147483647,2147483647,2147483647,0,13,Swisscom,false,false
1429755716193,17432577,2222,1,228,-111,13,Swisscom,true,false
1429755716193,4,2147483647,2147483647,2147483647,-123,13,Swisscom,false,false
1429755716193,2147483647,2147483647,2147483647,2147483647,-113,13,Swisscom,false,false
1429755716193,2147483647,2147483647,2147483647,2147483647,-113,13,Swisscom,false,false
1429755716193,2147483647,2147483647,2147483647,2147483647,-113,13,Swisscom,false,false
1429755716193,2147483647,2147483647,2147483647,2147483647,-113,13,Swisscom,false,false
1429755716193,2147483647,2147483647,2147483647,2147483647,-113,13,Swisscom,false,false
1429755716193,2147483647,2147483647,2147483647,2147483647,-113,13,Swisscom,false,false
1429755716193,2147483647,2147483647,2147483647,2147483647,-113,13,Swisscom,false,false
1429755716193,2147483647,2147483647,2147483647,2147483647,-113,13,Swisscom,false,false
1429755716193,2147483647,2147483647,2147483647,2147483647,-113,13,Swisscom,false,false
1429755716193,2147483647,2147483647,2147483647,2147483647,-113,13,Swisscom,false,false
1429755716193,2147483647,2147483647,2147483647,2147483647,-113,13,Swisscom,false,false
1429755716193,2147483647,2147483647,2147483647,2147483647,-113,13,Swisscom,false,false
1429755716193,2147483647,2147483647,2147483647,2147483647,0,13,Swisscom,false,false
1429755716193,2147483647,2147483647,2147483647,2147483647,0,13,Swisscom,false,false
1429755716193,2147483647,2147483647,2147483647,2147483647,0,13,Swisscom,false,false
1429755800612,17432577,2222,1,228,-111,13,Swisscom,true,false
1429755800612,2147483647,2147483647,2147483647,2147483647,-113,13,Swisscom,false,false
1429755800612,2147483647,2147483647,2147483647,2147483647,-113,13,Swisscom,false,false
1429755800612,2147483647,2147483647,2147483647,2147483647,-113,13,Swisscom,false,false
1429755800612,2147483647,2147483647,2147483647,2147483647,-113,13,Swisscom,false,false
1429755800612,2147483647,2147483647,2147483647,2147483647,-113,13,Swisscom,false,false
1429755800612,2147483647,2147483647,2147483647,2147483647,-113,13,Swisscom,false,false
1429755800612,2147483647,2147483647,2147483647,2147483647,-113,13,Swisscom,false,false
1429755800612,2147483647,2147483647,2147483647,2147483647,-113,13,Swisscom,false,false
1429755800612,2147483647,2147483647,2147483647,2147483647,-113,13,Swisscom,false,false
1429755800612,2147483647,2147483647,2147483647,2147483647,-113,13,Swisscom,false,false
1429755800612,2147483647,2147483647,2147483647,2147483647,-113,13,Swisscom,false,false
1429755800612,2147483647,2147483647,2147483647,2147483647,-113,13,Swisscom,false,false
1429755800612,2147483647,2147483647,2147483647,2147483647,0,13,Swisscom,false,false
1429755800612,2147483647,2147483647,2147483647,2147483647,0,13,Swisscom,false,false
1429755800612,2147483647,2147483647,2147483647,2147483647,0,13,Swisscom,false,false
1429755860741,17432577,2222,1,228,-111,13,Swisscom,true,false
1429755860741,2147483647,2147483647,2147483647,2147483647,-113,13,Swisscom,false,false
1429755860741,2147483647,2147483647,2147483647,2147483647,-113,13,Swisscom,false,false
1429755860741,2147483647,2147483647,2147483647,2147483647,-113,13,Swisscom,false,false
1429755860741,2147483647,2147483647,2147483647,2147483647,-113,13,Swisscom,false,false
1429755860741,2147483647,2147483647,2147483647,2147483647,-113,13,Swisscom,false,false
1429755860741,2147483647,2147483647,2147483647,2147483647,-113,13,Swisscom,false,false
1429755860741,2147483647,2147483647,2147483647,2147483647,-113,13,Swisscom,false,false
1429755860741,2147483647,2147483647,2147483647,2147483647,-113,13,Swisscom,false,false
1429755860741,2147483647,2147483647,2147483647,2147483647,-113,13,Swisscom,false,false
1429755860741,2147483647,2147483647,2147483647,2147483647,-113,13,Swisscom,false,false
1429755860741,2147483647,2147483647,2147483647,2147483647,-113,13,Swisscom,false,false
1429755860741,2147483647,2147483647,2147483647,2147483647,-113,13,Swisscom,false,false
1429755860741,2147483647,2147483647,2147483647,2147483647,0,13,Swisscom,false,false
1429755860741,2147483647,2147483647,2147483647,2147483647,0,13,Swisscom,false,false
1429755860741,2147483647,2147483647,2147483647,2147483647,0,13,Swisscom,false,false
1429755920862,17432577,2222,1,228,-111,13,Swisscom,true,false
1429755920862,4,2147483647,2147483647,2147483647,-123,13,Swisscom,false,false
1429755920862,2147483647,2147483647,2147483647,2147483647,-113,13,Swisscom,false,false
1429755920862,2147483647,2147483647,2147483647,2147483647,-113,13,Swisscom,false,false
1429755920862,2147483647,2147483647,2147483647,2147483647,-113,13,Swisscom,false,false
1429755920862,2147483647,2147483647,2147483647,2147483647,-113,13,Swisscom,false,false
1429755920862,2147483647,2147483647,2147483647,2147483647,-113,13,Swisscom,false,false
1429755920862,2147483647,2147483647,2147483647,2147483647,-113,13,Swisscom,false,false
1429755920862,2147483647,2147483647,2147483647,2147483647,-113,13,Swisscom,false,false
1429755920862,2147483647,2147483647,2147483647,2147483647,-113,13,Swisscom,false,false
1429755920862,2147483647,2147483647,2147483647,2147483647,-113,13,Swisscom,false,false
1429755920862,2147483647,2147483647,2147483647,2147483647,-113,13,Swisscom,false,false
1429755920862,2147483647,2147483647,2147483647,2147483647,-113,13,Swisscom,false,false
1429755920862,2147483647,2147483647,2147483647,2147483647,-113,13,Swisscom,false,false
1429755920862,2147483647,2147483647,2147483647,2147483647,0,13,Swisscom,false,false
1429755920862,2147483647,2147483647,2147483647,2147483647,0,13,Swisscom,false,false
1429755920862,2147483647,2147483647,2147483647,2147483647,0,13,Swisscom,false,false
1429755980957,17432577,2222,1,228,-111,13,Swisscom,true,false
1429755980957,2147483647,2147483647,2147483647,2147483647,-113,13,Swisscom,false,false
1429755980957,2147483647,2147483647,2147483647,2147483647,-113,13,Swisscom,false,false
1429755980957,2147483647,2147483647,2147483647,2147483647,-113,13,Swisscom,false,false
1429755980957,2147483647,2147483647,2147483647,2147483647,-113,13,Swisscom,false,false
1429755980957,2147483647,2147483647,2147483647,2147483647,-113,13,Swisscom,false,false
1429755980957,2147483647,2147483647,2147483647,2147483647,-113,13,Swisscom,false,false
1429755980957,2147483647,2147483647,2147483647,2147483647,-113,13,Swisscom,false,false
1429755980957,2147483647,2147483647,2147483647,2147483647,-113,13,Swisscom,false,false
1429755980957,2147483647,2147483647,2147483647,2147483647,-113,13,Swisscom,false,false
1429755980957,2147483647,2147483647,2147483647,2147483647,-113,13,Swisscom,false,false
1429755980957,2147483647,2147483647,2147483647,2147483647,-113,13,Swisscom,false,false
1429755980957,2147483647,2147483647,2147483647,2147483647,-113,13,Swisscom,false,false
1429755980957,2147483647,2147483647,2147483647,2147483647,0,13,Swisscom,false,false
1429755980957,2147483647,2147483647,2147483647,2147483647,0,13,Swisscom,false,false
1429755980957,2147483647,2147483647,2147483647,2147483647,0,13,Swisscom,false,false
1429756058875,17432577,2222,1,228,-111,13,Swisscom,true,false
1429756058875,3,2147483647,2147483647,2147483647,-122,13,Swisscom,false,false
1429756058875,2147483647,2147483647,2147483647,2147483647,-113,13,Swisscom,false,false
1429756058875,2147483647,2147483647,2147483647,2147483647,-113,13,Swisscom,false,false
1429756058875,2147483647,2147483647,2147483647,2147483647,-113,13,Swisscom,false,false
1429756058875,2147483647,2147483647,2147483647,2147483647,-113,13,Swisscom,false,false
1429756058875,2147483647,2147483647,2147483647,2147483647,-113,13,Swisscom,false,false
1429756058875,2147483647,2147483647,2147483647,2147483647,-113,13,Swisscom,false,false
1429756058875,2147483647,2147483647,2147483647,2147483647,-113,13,Swisscom,false,false
1429756058875,2147483647,2147483647,2147483647,2147483647,-113,13,Swisscom,false,false
1429756058875,2147483647,2147483647,2147483647,2147483647,-113,13,Swisscom,false,false
1429756058875,2147483647,2147483647,2147483647,2147483647,-113,13,Swisscom,false,false
1429756058875,2147483647,2147483647,2147483647,2147483647,-113,13,Swisscom,false,false
1429756058875,2147483647,2147483647,2147483647,2147483647,-113,13,Swisscom,false,false
1429756058875,2147483647,2147483647,2147483647,2147483647,0,13,Swisscom,false,false
1429756058875,2147483647,2147483647,2147483647,2147483647,0,13,Swisscom,false,false
1429756058875,2147483647,2147483647,2147483647,2147483647,0,13,Swisscom,false,false
1429756118893,17432577,2222,1,228,-111,13,Swisscom,true,false
1429756118893,3,2147483647,2147483647,2147483647,-121,13,Swisscom,false,false
1429756118893,2147483647,2147483647,2147483647,2147483647,-113,13,Swisscom,false,false
1429756118893,2147483647,2147483647,2147483647,2147483647,-113,13,Swisscom,false,false
1429756118893,2147483647,2147483647,2147483647,2147483647,-113,13,Swisscom,false,false
1429756118893,2147483647,2147483647,2147483647,2147483647,-113,13,Swisscom,false,false
1429756118893,2147483647,2147483647,2147483647,2147483647,-113,13,Swisscom,false,false
1429756118893,2147483647,2147483647,2147483647,2147483647,-113,13,Swisscom,false,false
1429756118893,2147483647,2147483647,2147483647,2147483647,-113,13,Swisscom,false,false
1429756118893,2147483647,2147483647,2147483647,2147483647,-113,13,Swisscom,false,false
1429756118893,2147483647,2147483647,2147483647,2147483647,-113,13,Swisscom,false,false
1429756118893,2147483647,2147483647,2147483647,2147483647,-113,13,Swisscom,false,false
1429756118893,2147483647,2147483647,2147483647,2147483647,-113,13,Swisscom,false,false
1429756118893,2147483647,2147483647,2147483647,2147483647,-113,13,Swisscom,false,false
1429756118893,2147483647,2147483647,2147483647,2147483647,0,13,Swisscom,false,false
1429756118893,2147483647,2147483647,2147483647,2147483647,0,13,Swisscom,false,false
1429756118893,2147483647,2147483647,2147483647,2147483647,0,13,Swisscom,false,false
1429756197128,17432577,2222,1,228,-111,13,Swisscom,true,false
1429756197128,3,2147483647,2147483647,2147483647,-122,13,Swisscom,false,false
1429756197128,2147483647,2147483647,2147483647,2147483647,-113,13,Swisscom,false,false
1429756197128,2147483647,2147483647,2147483647,2147483647,-113,13,Swisscom,false,false
1429756197128,2147483647,2147483647,2147483647,2147483647,-113,13,Swisscom,false,false
1429756197128,2147483647,2147483647,2147483647,2147483647,-113,13,Swisscom,false,false
1429756197128,2147483647,2147483647,2147483647,2147483647,-113,13,Swisscom,false,false
1429756197128,2147483647,2147483647,2147483647,2147483647,-113,13,Swisscom,false,false
1429756197128,2147483647,2147483647,2147483647,2147483647,-113,13,Swisscom,false,false
1429756197128,2147483647,2147483647,2147483647,2147483647,-113,13,Swisscom,false,false
1429756197128,2147483647,2147483647,2147483647,2147483647,-113,13,Swisscom,false,false
1429756197128,2147483647,2147483647,2147483647,2147483647,-113,13,Swisscom,false,false
1429756197128,2147483647,2147483647,2147483647,2147483647,-113,13,Swisscom,false,false
1429756197128,2147483647,2147483647,2147483647,2147483647,-113,13,Swisscom,false,false
1429756197128,2147483647,2147483647,2147483647,2147483647,0,13,Swisscom,false,false
1429756197128,2147483647,2147483647,2147483647,2147483647,0,13,Swisscom,false,false
1429756197128,2147483647,2147483647,2147483647,2147483647,0,13,Swisscom,false,false
1429756257165,17432577,2222,1,228,-111,13,Swisscom,true,false
1429756257165,2147483647,2147483647,2147483647,2147483647,-113,13,Swisscom,false,false
1429756257165,2147483647,2147483647,2147483647,2147483647,-113,13,Swisscom,false,false
1429756257165,2147483647,2147483647,2147483647,2147483647,-113,13,Swisscom,false,false
1429756257165,2147483647,2147483647,2147483647,2147483647,-113,13,Swisscom,false,false
1429756257165,2147483647,2147483647,2147483647,2147483647,-113,13,Swisscom,false,false
1429756257165,2147483647,2147483647,2147483647,2147483647,-113,13,Swisscom,false,false
1429756257165,2147483647,2147483647,2147483647,2147483647,-113,13,Swisscom,false,false
1429756257165,2147483647,2147483647,2147483647,2147483647,-113,13,Swisscom,false,false
1429756257165,2147483647,2147483647,2147483647,2147483647,-113,13,Swisscom,false,false
1429756257165,2147483647,2147483647,2147483647,2147483647,-113,13,Swisscom,false,false
1429756257165,2147483647,2147483647,2147483647,2147483647,-113,13,Swisscom,false,false
1429756257165,2147483647,2147483647,2147483647,2147483647,-113,13,Swisscom,false,false
1429756257165,2147483647,2147483647,2147483647,2147483647,0,13,Swisscom,false,false
1429756257165,2147483647,2147483647,2147483647,2147483647,0,13,Swisscom,false,false
1429756257165,2147483647,2147483647,2147483647,2147483647,0,13,Swisscom,false,false
1429756345795,17432577,2222,1,228,-111,13,Swisscom,true,false
1429756345795,3,2147483647,2147483647,2147483647,-122,13,Swisscom,false,false
1429756345795,2147483647,2147483647,2147483647,2147483647,-113,13,Swisscom,false,false
1429756345795,2147483647,2147483647,2147483647,2147483647,-113,13,Swisscom,false,false
1429756345795,2147483647,2147483647,2147483647,2147483647,-113,13,Swisscom,false,false
1429756345795,2147483647,2147483647,2147483647,2147483647,-113,13,Swisscom,false,false
1429756345795,2147483647,2147483647,2147483647,2147483647,-113,13,Swisscom,false,false
1429756345795,2147483647,2147483647,2147483647,2147483647,-113,13,Swisscom,false,false
1429756345795,2147483647,2147483647,2147483647,2147483647,-113,13,Swisscom,false,false
1429756345795,2147483647,2147483647,2147483647,2147483647,-113,13,Swisscom,false,false
1429756345795,2147483647,2147483647,2147483647,2147483647,-113,13,Swisscom,false,false
1429756345795,2147483647,2147483647,2147483647,2147483647,-113,13,Swisscom,false,false
1429756345795,2147483647,2147483647,2147483647,2147483647,-113,13,Swisscom,false,false
1429756345795,2147483647,2147483647,2147483647,2147483647,-113,13,Swisscom,false,false
1429756345795,2147483647,2147483647,2147483647,2147483647,0,13,Swisscom,false,false
1429756345795,2147483647,2147483647,2147483647,2147483647,0,13,Swisscom,false,false
1429756345795,2147483647,2147483647,2147483647,2147483647,0,13,Swisscom,false,false
1429756405922,17432577,2222,1,228,-111,13,Swisscom,true,false
1429756405922,2147483647,2147483647,2147483647,2147483647,-113,13,Swisscom,false,false
1429756405922,2147483647,2147483647,2147483647,2147483647,-113,13,Swisscom,false,false
1429756405922,2147483647,2147483647,2147483647,2147483647,-113,13,Swisscom,false,false
1429756405922,2147483647,2147483647,2147483647,2147483647,-113,13,Swisscom,false,false
1429756405922,2147483647,2147483647,2147483647,2147483647,-113,13,Swisscom,false,false
1429756405922,2147483647,2147483647,2147483647,2147483647,-113,13,Swisscom,false,false
1429756405922,2147483647,2147483647,2147483647,2147483647,-113,13,Swisscom,false,false
1429756405922,2147483647,2147483647,2147483647,2147483647,-113,13,Swisscom,false,false
1429756405922,2147483647,2147483647,2147483647,2147483647,-113,13,Swisscom,false,false
1429756405922,2147483647,2147483647,2147483647,2147483647,-113,13,Swisscom,false,false
1429756405922,2147483647,2147483647,2147483647,2147483647,-113,13,Swisscom,false,false
1429756405922,2147483647,2147483647,2147483647,2147483647,-113,13,Swisscom,false,false
1429756405922,2147483647,2147483647,2147483647,2147483647,0,13,Swisscom,false,false
1429756405922,2147483647,2147483647,2147483647,2147483647,0,13,Swisscom,false,false
1429756405922,2147483647,2147483647,2147483647,2147483647,0,13,Swisscom,false,false
1429756466046,17432577,2222,1,228,-111,13,Swisscom,true,false
1429756466046,56,2147483647,2147483647,2147483647,-122,13,Swisscom,false,false
1429756466046,2147483647,2147483647,2147483647,2147483647,-113,13,Swisscom,false,false
1429756466046,2147483647,2147483647,2147483647,2147483647,-113,13,Swisscom,false,false
1429756466046,2147483647,2147483647,2147483647,2147483647,-113,13,Swisscom,false,false
1429756466046,2147483647,2147483647,2147483647,2147483647,-113,13,Swisscom,false,false
1429756466046,2147483647,2147483647,2147483647,2147483647,-113,13,Swisscom,false,false
1429756466046,2147483647,2147483647,2147483647,2147483647,-113,13,Swisscom,false,false
1429756466046,2147483647,2147483647,2147483647,2147483647,-113,13,Swisscom,false,false
1429756466046,2147483647,2147483647,2147483647,2147483647,-113,13,Swisscom,false,false
1429756466046,2147483647,2147483647,2147483647,2147483647,-113,13,Swisscom,false,false
1429756466046,2147483647,2147483647,2147483647,2147483647,-113,13,Swisscom,false,false
1429756466046,2147483647,2147483647,2147483647,2147483647,-113,13,Swisscom,false,false
1429756466046,2147483647,2147483647,2147483647,2147483647,-113,13,Swisscom,false,false
1429756466046,2147483647,2147483647,2147483647,2147483647,0,13,Swisscom,false,false
1429756466046,2147483647,2147483647,2147483647,2147483647,0,13,Swisscom,false,false
1429756466046,2147483647,2147483647,2147483647,2147483647,0,13,Swisscom,false,false
1429756526192,17432577,2222,1,228,-111,13,Swisscom,true,false
1429756526192,2147483647,2147483647,2147483647,2147483647,-113,13,Swisscom,false,false
1429756526192,2147483647,2147483647,2147483647,2147483647,-113,13,Swisscom,false,false
1429756526192,2147483647,2147483647,2147483647,2147483647,-113,13,Swisscom,false,false
1429756526192,2147483647,2147483647,2147483647,2147483647,-113,13,Swisscom,false,false
1429756526192,2147483647,2147483647,2147483647,2147483647,-113,13,Swisscom,false,false
1429756526192,2147483647,2147483647,2147483647,2147483647,-113,13,Swisscom,false,false
1429756526192,2147483647,2147483647,2147483647,2147483647,-113,13,Swisscom,false,false
1429756526192,2147483647,2147483647,2147483647,2147483647,-113,13,Swisscom,false,false
1429756526192,2147483647,2147483647,2147483647,2147483647,-113,13,Swisscom,false,false
1429756526192,2147483647,2147483647,2147483647,2147483647,-113,13,Swisscom,false,false
1429756526192,2147483647,2147483647,2147483647,2147483647,-113,13,Swisscom,false,false
1429756526192,2147483647,2147483647,2147483647,2147483647,-113,13,Swisscom,false,false
1429756526192,2147483647,2147483647,2147483647,2147483647,0,13,Swisscom,false,false
1429756526192,2147483647,2147483647,2147483647,2147483647,0,13,Swisscom,false,false
1429756526192,2147483647,2147483647,2147483647,2147483647,0,13,Swisscom,false,false
1429756586301,17432577,2222,1,228,-111,13,Swisscom,true,false
1429756586301,3,2147483647,2147483647,2147483647,-122,13,Swisscom,false,false
1429756586301,56,2147483647,2147483647,2147483647,-124,13,Swisscom,false,false
1429756586301,2147483647,2147483647,2147483647,2147483647,-113,13,Swisscom,false,false
1429756586301,2147483647,2147483647,2147483647,2147483647,-113,13,Swisscom,false,false
1429756586301,2147483647,2147483647,2147483647,2147483647,-113,13,Swisscom,false,false
1429756586301,2147483647,2147483647,2147483647,2147483647,-113,13,Swisscom,false,false
1429756586301,2147483647,2147483647,2147483647,2147483647,-113,13,Swisscom,false,false
1429756586301,2147483647,2147483647,2147483647,2147483647,-113,13,Swisscom,false,false
1429756586301,2147483647,2147483647,2147483647,2147483647,-113,13,Swisscom,false,false
1429756586301,2147483647,2147483647,2147483647,2147483647,-113,13,Swisscom,false,false
1429756586301,2147483647,2147483647,2147483647,2147483647,-113,13,Swisscom,false,false
1429756586301,2147483647,2147483647,2147483647,2147483647,-113,13,Swisscom,false,false
1429756586301,2147483647,2147483647,2147483647,2147483647,-113,13,Swisscom,false,false
1429756586301,2147483647,2147483647,2147483647,2147483647,-113,13,Swisscom,false,false
1429756586301,2147483647,2147483647,2147483647,2147483647,0,13,Swisscom,false,false
1429756586301,2147483647,2147483647,2147483647,2147483647,0,13,Swisscom,false,false
1429756586301,2147483647,2147483647,2147483647,2147483647,0,13,Swisscom,false,false
1429756646392,17432577,2222,1,228,-111,13,Swisscom,true,false
1429756646392,2147483647,2147483647,2147483647,2147483647,-113,13,Swisscom,false,false
1429756646392,2147483647,2147483647,2147483647,2147483647,-113,13,Swisscom,false,false
1429756646392,2147483647,2147483647,2147483647,2147483647,-113,13,Swisscom,false,false
1429756646392,2147483647,2147483647,2147483647,2147483647,-113,13,Swisscom,false,false
1429756646392,2147483647,2147483647,2147483647,2147483647,-113,13,Swisscom,false,false
1429756646392,2147483647,2147483647,2147483647,2147483647,-113,13,Swisscom,false,false
1429756646392,2147483647,2147483647,2147483647,2147483647,-113,13,Swisscom,false,false
1429756646392,2147483647,2147483647,2147483647,2147483647,-113,13,Swisscom,false,false
1429756646392,2147483647,2147483647,2147483647,2147483647,-113,13,Swisscom,false,false
1429756646392,2147483647,2147483647,2147483647,2147483647,-113,13,Swisscom,false,false
1429756646392,2147483647,2147483647,2147483647,2147483647,-113,13,Swisscom,false,false
1429756646392,2147483647,2147483647,2147483647,2147483647,-113,13,Swisscom,false,false
1429756646392,2147483647,2147483647,2147483647,2147483647,0,13,Swisscom,false,false
1429756646392,2147483647,2147483647,2147483647,2147483647,0,13,Swisscom,false,false
1429756646392,2147483647,2147483647,2147483647,2147483647,0,13,Swisscom,false,false
1429756706480,17432577,2222,1,228,-111,13,Swisscom,true,false
1429756706480,2147483647,2147483647,2147483647,2147483647,-113,13,Swisscom,false,false
1429756706480,2147483647,2147483647,2147483647,2147483647,-113,13,Swisscom,false,false
1429756706480,2147483647,2147483647,2147483647,2147483647,-113,13,Swisscom,false,false
1429756706480,2147483647,2147483647,2147483647,2147483647,-113,13,Swisscom,false,false
1429756706480,2147483647,2147483647,2147483647,2147483647,-113,13,Swisscom,false,false
1429756706480,2147483647,2147483647,2147483647,2147483647,-113,13,Swisscom,false,false
1429756706480,2147483647,2147483647,2147483647,2147483647,-113,13,Swisscom,false,false
1429756706480,2147483647,2147483647,2147483647,2147483647,-113,13,Swisscom,false,false
1429756706480,2147483647,2147483647,2147483647,2147483647,-113,13,Swisscom,false,false
1429756706480,2147483647,2147483647,2147483647,2147483647,-113,13,Swisscom,false,false
1429756706480,2147483647,2147483647,2147483647,2147483647,-113,13,Swisscom,false,false
1429756706480,2147483647,2147483647,2147483647,2147483647,-113,13,Swisscom,false,false
1429756706480,2147483647,2147483647,2147483647,2147483647,0,13,Swisscom,false,false
1429756706480,2147483647,2147483647,2147483647,2147483647,0,13,Swisscom,false,false
1429756766763,17432577,2222,1,228,-111,13,Swisscom,true,false
1429756766763,3,2147483647,2147483647,2147483647,-122,13,Swisscom,false,false
1429756766763,2147483647,2147483647,2147483647,2147483647,-113,13,Swisscom,false,false
1429756766763,2147483647,2147483647,2147483647,2147483647,-113,13,Swisscom,false,false
1429756766763,2147483647,2147483647,2147483647,2147483647,-113,13,Swisscom,false,false
1429756766763,2147483647,2147483647,2147483647,2147483647,-113,13,Swisscom,false,false
1429756766763,2147483647,2147483647,2147483647,2147483647,-113,13,Swisscom,false,false
1429756766763,2147483647,2147483647,2147483647,2147483647,-113,13,Swisscom,false,false
1429756766763,2147483647,2147483647,2147483647,2147483647,-113,13,Swisscom,false,false
1429756766763,2147483647,2147483647,2147483647,2147483647,-113,13,Swisscom,false,false
1429756766763,2147483647,2147483647,2147483647,2147483647,-113,13,Swisscom,false,false
1429756766763,2147483647,2147483647,2147483647,2147483647,-113,13,Swisscom,false,false
1429756766763,2147483647,2147483647,2147483647,2147483647,-113,13,Swisscom,false,false
1429756766763,2147483647,2147483647,2147483647,2147483647,-113,13,Swisscom,false,false
1429756766763,2147483647,2147483647,2147483647,2147483647,0,13,Swisscom,false,false
1429756766763,2147483647,2147483647,2147483647,2147483647,0,13,Swisscom,false,false
1429756766763,2147483647,2147483647,2147483647,2147483647,0,13,Swisscom,false,false
1429756826861,17432577,2222,1,228,-111,13,Swisscom,true,false
1429756826861,2147483647,2147483647,2147483647,2147483647,-113,13,Swisscom,false,false
1429756826861,2147483647,2147483647,2147483647,2147483647,-113,13,Swisscom,false,false
1429756826861,2147483647,2147483647,2147483647,2147483647,-113,13,Swisscom,false,false
1429756826861,2147483647,2147483647,2147483647,2147483647,-113,13,Swisscom,false,false
1429756826861,2147483647,2147483647,2147483647,2147483647,-113,13,Swisscom,false,false
1429756826861,2147483647,2147483647,2147483647,2147483647,-113,13,Swisscom,false,false
1429756826861,2147483647,2147483647,2147483647,2147483647,-113,13,Swisscom,false,false
1429756826861,2147483647,2147483647,2147483647,2147483647,-113,13,Swisscom,false,false
1429756826861,2147483647,2147483647,2147483647,2147483647,-113,13,Swisscom,false,false
1429756826861,2147483647,2147483647,2147483647,2147483647,-113,13,Swisscom,false,false
1429756826861,2147483647,2147483647,2147483647,2147483647,-113,13,Swisscom,false,false
1429756826861,2147483647,2147483647,2147483647,2147483647,-113,13,Swisscom,false,false
1429756826861,2147483647,2147483647,2147483647,2147483647,0,13,Swisscom,false,false
1429756826861,2147483647,2147483647,2147483647,2147483647,0,13,Swisscom,false,false
1429756826861,2147483647,2147483647,2147483647,2147483647,0,13,Swisscom,false,false
1429756887067,17432577,2222,1,228,-111,13,Swisscom,true,false
1429756887067,2147483647,2147483647,2147483647,2147483647,-113,13,Swisscom,false,false
1429756887067,2147483647,2147483647,2147483647,2147483647,-113,13,Swisscom,false,false
1429756887067,2147483647,2147483647,2147483647,2147483647,-113,13,Swisscom,false,false
1429756887067,2147483647,2147483647,2147483647,2147483647,-113,13,Swisscom,false,false
1429756887067,2147483647,2147483647,2147483647,2147483647,-113,13,Swisscom,false,false
1429756887067,2147483647,2147483647,2147483647,2147483647,-113,13,Swisscom,false,false
1429756887067,2147483647,2147483647,2147483647,2147483647,-113,13,Swisscom,false,false
1429756887067,2147483647,2147483647,2147483647,2147483647,-113,13,Swisscom,false,false
1429756887067,2147483647,2147483647,2147483647,2147483647,-113,13,Swisscom,false,false
1429756887067,2147483647,2147483647,2147483647,2147483647,-113,13,Swisscom,false,false
1429756887067,2147483647,2147483647,2147483647,2147483647,-113,13,Swisscom,false,false
1429756887067,2147483647,2147483647,2147483647,2147483647,-113,13,Swisscom,false,false
1429756887067,2147483647,2147483647,2147483647,2147483647,0,13,Swisscom,false,false
1429756887067,2147483647,2147483647,2147483647,2147483647,0,13,Swisscom,false,false
1429756947262,17432577,2222,1,228,-111,13,Swisscom,true,false
1429756947262,3,2147483647,2147483647,2147483647,-122,13,Swisscom,false,false
1429756947262,2147483647,2147483647,2147483647,2147483647,-113,13,Swisscom,false,false
1429756947262,2147483647,2147483647,2147483647,2147483647,-113,13,Swisscom,false,false
1429756947262,2147483647,2147483647,2147483647,2147483647,-113,13,Swisscom,false,false
1429756947262,2147483647,2147483647,2147483647,2147483647,-113,13,Swisscom,false,false
1429756947262,2147483647,2147483647,2147483647,2147483647,-113,13,Swisscom,false,false
1429756947262,2147483647,2147483647,2147483647,2147483647,-113,13,Swisscom,false,false
1429756947262,2147483647,2147483647,2147483647,2147483647,-113,13,Swisscom,false,false
1429756947262,2147483647,2147483647,2147483647,2147483647,-113,13,Swisscom,false,false
1429756947262,2147483647,2147483647,2147483647,2147483647,-113,13,Swisscom,false,false
1429756947262,2147483647,2147483647,2147483647,2147483647,-113,13,Swisscom,false,false
1429756947262,2147483647,2147483647,2147483647,2147483647,-113,13,Swisscom,false,false
1429756947262,2147483647,2147483647,2147483647,2147483647,-113,13,Swisscom,false,false
1429756947262,2147483647,2147483647,2147483647,2147483647,0,13,Swisscom,false,false
1429756947262,2147483647,2147483647,2147483647,2147483647,0,13,Swisscom,false,false
1429757019514,17432577,2222,1,228,-111,13,Swisscom,true,false
1429757019514,2147483647,2147483647,2147483647,2147483647,-113,13,Swisscom,false,false
1429757019514,2147483647,2147483647,2147483647,2147483647,-113,13,Swisscom,false,false
1429757019514,2147483647,2147483647,2147483647,2147483647,-113,13,Swisscom,false,false
1429757019514,2147483647,2147483647,2147483647,2147483647,-113,13,Swisscom,false,false
1429757019514,2147483647,2147483647,2147483647,2147483647,-113,13,Swisscom,false,false
1429757019514,2147483647,2147483647,2147483647,2147483647,-113,13,Swisscom,false,false
1429757019514,2147483647,2147483647,2147483647,2147483647,-113,13,Swisscom,false,false
1429757019514,2147483647,2147483647,2147483647,2147483647,-113,13,Swisscom,false,false
1429757019514,2147483647,2147483647,2147483647,2147483647,-113,13,Swisscom,false,false
1429757019514,2147483647,2147483647,2147483647,2147483647,-113,13,Swisscom,false,false
1429757019514,2147483647,2147483647,2147483647,2147483647,-113,13,Swisscom,false,false
1429757019514,2147483647,2147483647,2147483647,2147483647,-113,13,Swisscom,false,false
1429757019514,2147483647,2147483647,2147483647,2147483647,0,13,Swisscom,false,false
1429757019514,2147483647,2147483647,2147483647,2147483647,0,13,Swisscom,false,false
1429757094521,17432577,2222,1,228,-111,13,Swisscom,true,false
1429757094521,2147483647,2147483647,2147483647,2147483647,-113,13,Swisscom,false,false
1429757094521,2147483647,2147483647,2147483647,2147483647,-113,13,Swisscom,false,false
1429757094521,2147483647,2147483647,2147483647,2147483647,-113,13,Swisscom,false,false
1429757094521,2147483647,2147483647,2147483647,2147483647,-113,13,Swisscom,false,false
1429757094521,2147483647,2147483647,2147483647,2147483647,-113,13,Swisscom,false,false
1429757094521,2147483647,2147483647,2147483647,2147483647,-113,13,Swisscom,false,false
1429757094521,2147483647,2147483647,2147483647,2147483647,-113,13,Swisscom,false,false
1429757094521,2147483647,2147483647,2147483647,2147483647,-113,13,Swisscom,false,false
1429757094521,2147483647,2147483647,2147483647,2147483647,-113,13,Swisscom,false,false
1429757094521,2147483647,2147483647,2147483647,2147483647,-113,13,Swisscom,false,false
1429757094521,2147483647,2147483647,2147483647,2147483647,-113,13,Swisscom,false,false
1429757094521,2147483647,2147483647,2147483647,2147483647,-113,13,Swisscom,false,false
1429757094521,2147483647,2147483647,2147483647,2147483647,0,13,Swisscom,false,false
1429757094521,2147483647,2147483647,2147483647,2147483647,0,13,Swisscom,false,false
1429757154608,17432577,2222,1,228,-111,13,Swisscom,true,false
1429757154608,3,2147483647,2147483647,2147483647,-122,13,Swisscom,false,false
1429757154608,2147483647,2147483647,2147483647,2147483647,-113,13,Swisscom,false,false
1429757154608,2147483647,2147483647,2147483647,2147483647,-113,13,Swisscom,false,false
1429757154608,2147483647,2147483647,2147483647,2147483647,-113,13,Swisscom,false,false
1429757154608,2147483647,2147483647,2147483647,2147483647,-113,13,Swisscom,false,false
1429757154608,2147483647,2147483647,2147483647,2147483647,-113,13,Swisscom,false,false
1429757154608,2147483647,2147483647,2147483647,2147483647,-113,13,Swisscom,false,false
1429757154608,2147483647,2147483647,2147483647,2147483647,-113,13,Swisscom,false,false
1429757154608,2147483647,2147483647,2147483647,2147483647,-113,13,Swisscom,false,false
1429757154608,2147483647,2147483647,2147483647,2147483647,-113,13,Swisscom,false,false
1429757154608,2147483647,2147483647,2147483647,2147483647,-113,13,Swisscom,false,false
1429757154608,2147483647,2147483647,2147483647,2147483647,-113,13,Swisscom,false,false
1429757154608,2147483647,2147483647,2147483647,2147483647,-113,13,Swisscom,false,false
1429757154608,2147483647,2147483647,2147483647,2147483647,0,13,Swisscom,false,false
1429757154608,2147483647,2147483647,2147483647,2147483647,0,13,Swisscom,false,false
1429757154608,2147483647,2147483647,2147483647,2147483647,0,13,Swisscom,false,false
1429757245691,17432577,2222,1,228,-111,13,Swisscom,true,false
1429757245691,2147483647,2147483647,2147483647,2147483647,-113,13,Swisscom,false,false
1429757245691,2147483647,2147483647,2147483647,2147483647,-113,13,Swisscom,false,false
1429757245691,2147483647,2147483647,2147483647,2147483647,-113,13,Swisscom,false,false
1429757245691,2147483647,2147483647,2147483647,2147483647,-113,13,Swisscom,false,false
1429757245691,2147483647,2147483647,2147483647,2147483647,-113,13,Swisscom,false,false
1429757245691,2147483647,2147483647,2147483647,2147483647,-113,13,Swisscom,false,false
1429757245691,2147483647,2147483647,2147483647,2147483647,-113,13,Swisscom,false,false
1429757245691,2147483647,2147483647,2147483647,2147483647,-113,13,Swisscom,false,false
1429757245691,2147483647,2147483647,2147483647,2147483647,-113,13,Swisscom,false,false
1429757245691,2147483647,2147483647,2147483647,2147483647,-113,13,Swisscom,false,false
1429757245691,2147483647,2147483647,2147483647,2147483647,-113,13,Swisscom,false,false
1429757245691,2147483647,2147483647,2147483647,2147483647,-113,13,Swisscom,false,false
1429757245691,2147483647,2147483647,2147483647,2147483647,0,13,Swisscom,false,false
1429757245691,2147483647,2147483647,2147483647,2147483647,0,13,Swisscom,false,false
1429757305817,17432577,2222,1,228,-111,13,Swisscom,true,false
1429757305817,3,2147483647,2147483647,2147483647,-121,13,Swisscom,false,false
1429757305817,2147483647,2147483647,2147483647,2147483647,-113,13,Swisscom,false,false
1429757305817,2147483647,2147483647,2147483647,2147483647,-113,13,Swisscom,false,false
1429757305817,2147483647,2147483647,2147483647,2147483647,-113,13,Swisscom,false,false
1429757305817,2147483647,2147483647,2147483647,2147483647,-113,13,Swisscom,false,false
1429757305817,2147483647,2147483647,2147483647,2147483647,-113,13,Swisscom,false,false
1429757305817,2147483647,2147483647,2147483647,2147483647,-113,13,Swisscom,false,false
1429757305817,2147483647,2147483647,2147483647,2147483647,-113,13,Swisscom,false,false
1429757305817,2147483647,2147483647,2147483647,2147483647,-113,13,Swisscom,false,false
1429757305817,2147483647,2147483647,2147483647,2147483647,-113,13,Swisscom,false,false
1429757305817,2147483647,2147483647,2147483647,2147483647,-113,13,Swisscom,false,false
1429757305817,2147483647,2147483647,2147483647,2147483647,-113,13,Swisscom,false,false
1429757305817,2147483647,2147483647,2147483647,2147483647,-113,13,Swisscom,false,false
1429757305817,2147483647,2147483647,2147483647,2147483647,0,13,Swisscom,false,false
1429757305817,2147483647,2147483647,2147483647,2147483647,0,13,Swisscom,false,false
1429757305817,2147483647,2147483647,2147483647,2147483647,0,13,Swisscom,false,false
1429757365935,17432577,2222,1,228,-111,13,Swisscom,true,false
1429757365935,2147483647,2147483647,2147483647,2147483647,-113,13,Swisscom,false,false
1429757365935,2147483647,2147483647,2147483647,2147483647,-113,13,Swisscom,false,false
1429757365935,2147483647,2147483647,2147483647,2147483647,-113,13,Swisscom,false,false
1429757365935,2147483647,2147483647,2147483647,2147483647,-113,13,Swisscom,false,false
1429757365935,2147483647,2147483647,2147483647,2147483647,-113,13,Swisscom,false,false
1429757365935,2147483647,2147483647,2147483647,2147483647,-113,13,Swisscom,false,false
1429757365935,2147483647,2147483647,2147483647,2147483647,-113,13,Swisscom,false,false
1429757365935,2147483647,2147483647,2147483647,2147483647,-113,13,Swisscom,false,false
1429757365935,2147483647,2147483647,2147483647,2147483647,-113,13,Swisscom,false,false
1429757365935,2147483647,2147483647,2147483647,2147483647,-113,13,Swisscom,false,false
1429757365935,2147483647,2147483647,2147483647,2147483647,-113,13,Swisscom,false,false
1429757365935,2147483647,2147483647,2147483647,2147483647,-113,13,Swisscom,false,false
1429757365935,2147483647,2147483647,2147483647,2147483647,0,13,Swisscom,false,false
1429757365935,2147483647,2147483647,2147483647,2147483647,0,13,Swisscom,false,false
1429757365935,2147483647,2147483647,2147483647,2147483647,0,13,Swisscom,false,false
1429757425990,17432577,2222,1,228,-111,13,Swisscom,true,false
1429757425990,2147483647,2147483647,2147483647,2147483647,-113,13,Swisscom,false,false
1429757425990,2147483647,2147483647,2147483647,2147483647,-113,13,Swisscom,false,false
1429757425990,2147483647,2147483647,2147483647,2147483647,-113,13,Swisscom,false,false
1429757425990,2147483647,2147483647,2147483647,2147483647,-113,13,Swisscom,false,false
1429757425990,2147483647,2147483647,2147483647,2147483647,-113,13,Swisscom,false,false
1429757425990,2147483647,2147483647,2147483647,2147483647,-113,13,Swisscom,false,false
1429757425990,2147483647,2147483647,2147483647,2147483647,-113,13,Swisscom,false,false
1429757425990,2147483647,2147483647,2147483647,2147483647,-113,13,Swisscom,false,false
1429757425990,2147483647,2147483647,2147483647,2147483647,-113,13,Swisscom,false,false
1429757425990,2147483647,2147483647,2147483647,2147483647,-113,13,Swisscom,false,false
1429757425990,2147483647,2147483647,2147483647,2147483647,-113,13,Swisscom,false,false
1429757425990,2147483647,2147483647,2147483647,2147483647,-113,13,Swisscom,false,false
1429757425990,2147483647,2147483647,2147483647,2147483647,0,13,Swisscom,false,false
1429757425990,2147483647,2147483647,2147483647,2147483647,0,13,Swisscom,false,false
1429757425990,2147483647,2147483647,2147483647,2147483647,0,13,Swisscom,false,false
1429757486113,17432577,2222,1,228,-111,13,Swisscom,true,false
1429757486113,3,2147483647,2147483647,2147483647,-122,13,Swisscom,false,false
1429757486113,2147483647,2147483647,2147483647,2147483647,-113,13,Swisscom,false,false
1429757486113,2147483647,2147483647,2147483647,2147483647,-113,13,Swisscom,false,false
1429757486113,2147483647,2147483647,2147483647,2147483647,-113,13,Swisscom,false,false
1429757486113,2147483647,2147483647,2147483647,2147483647,-113,13,Swisscom,false,false
1429757486113,2147483647,2147483647,2147483647,2147483647,-113,13,Swisscom,false,false
1429757486113,2147483647,2147483647,2147483647,2147483647,-113,13,Swisscom,false,false
1429757486113,2147483647,2147483647,2147483647,2147483647,-113,13,Swisscom,false,false
1429757486113,2147483647,2147483647,2147483647,2147483647,-113,13,Swisscom,false,false
1429757486113,2147483647,2147483647,2147483647,2147483647,-113,13,Swisscom,false,false
1429757486113,2147483647,2147483647,2147483647,2147483647,-113,13,Swisscom,false,false
1429757486113,2147483647,2147483647,2147483647,2147483647,-113,13,Swisscom,false,false
1429757486113,2147483647,2147483647,2147483647,2147483647,-113,13,Swisscom,false,false
1429757486113,2147483647,2147483647,2147483647,2147483647,0,13,Swisscom,false,false
1429757486113,2147483647,2147483647,2147483647,2147483647,0,13,Swisscom,false,false
1429757486113,2147483647,2147483647,2147483647,2147483647,0,13,Swisscom,false,false
1429757546217,17432577,2222,1,228,-111,13,Swisscom,true,false
1429757546217,4,2147483647,2147483647,2147483647,-123,13,Swisscom,false,false
1429757606352,17432577,2222,1,228,-111,13,Swisscom,true,false
1429757606352,3,2147483647,2147483647,2147483647,-122,13,Swisscom,false,false
1429757606352,2147483647,2147483647,2147483647,2147483647,-113,13,Swisscom,false,false
1429757606352,2147483647,2147483647,2147483647,2147483647,-113,13,Swisscom,false,false
1429757606352,2147483647,2147483647,2147483647,2147483647,-113,13,Swisscom,false,false
1429757606352,2147483647,2147483647,2147483647,2147483647,-113,13,Swisscom,false,false
1429757606352,2147483647,2147483647,2147483647,2147483647,-113,13,Swisscom,false,false
1429757606352,2147483647,2147483647,2147483647,2147483647,-113,13,Swisscom,false,false
1429757606352,2147483647,2147483647,2147483647,2147483647,-113,13,Swisscom,false,false
1429757606352,2147483647,2147483647,2147483647,2147483647,-113,13,Swisscom,false,false
1429757606352,2147483647,2147483647,2147483647,2147483647,-113,13,Swisscom,false,false
1429757606352,2147483647,2147483647,2147483647,2147483647,-113,13,Swisscom,false,false
1429757606352,2147483647,2147483647,2147483647,2147483647,-113,13,Swisscom,false,false
1429757606352,2147483647,2147483647,2147483647,2147483647,-113,13,Swisscom,false,false
1429757606352,2147483647,2147483647,2147483647,2147483647,0,13,Swisscom,false,false
1429757606352,2147483647,2147483647,2147483647,2147483647,0,13,Swisscom,false,false
1429757606352,2147483647,2147483647,2147483647,2147483647,0,13,Swisscom,false,false
1429757666450,17432577,2222,1,228,-111,13,Swisscom,true,false
1429757726545,17432577,2222,1,228,-110,13,Swisscom,true,false
1429757726545,3,2147483647,2147483647,2147483647,-123,13,Swisscom,false,false
1429757726545,2147483647,2147483647,2147483647,2147483647,-113,13,Swisscom,false,false
1429757726545,2147483647,2147483647,2147483647,2147483647,-113,13,Swisscom,false,false
1429757726545,2147483647,2147483647,2147483647,2147483647,-113,13,Swisscom,false,false
1429757726545,2147483647,2147483647,2147483647,2147483647,-113,13,Swisscom,false,false
1429757726545,2147483647,2147483647,2147483647,2147483647,-113,13,Swisscom,false,false
1429757726545,2147483647,2147483647,2147483647,2147483647,-113,13,Swisscom,false,false
1429757726545,2147483647,2147483647,2147483647,2147483647,-113,13,Swisscom,false,false
1429757726545,2147483647,2147483647,2147483647,2147483647,-113,13,Swisscom,false,false
1429757726545,2147483647,2147483647,2147483647,2147483647,-113,13,Swisscom,false,false
1429757726545,2147483647,2147483647,2147483647,2147483647,-113,13,Swisscom,false,false
1429757726545,2147483647,2147483647,2147483647,2147483647,-113,13,Swisscom,false,false
1429757726545,2147483647,2147483647,2147483647,2147483647,-113,13,Swisscom,false,false
1429757726545,2147483647,2147483647,2147483647,2147483647,0,13,Swisscom,false,false
1429757726545,2147483647,2147483647,2147483647,2147483647,0,13,Swisscom,false,false
1429757726545,2147483647,2147483647,2147483647,2147483647,0,13,Swisscom,false,false
1429757786612,17432577,2222,1,228,-111,13,Swisscom,true,false
1429757786612,4,2147483647,2147483647,2147483647,-125,13,Swisscom,false,false
1429757786612,2147483647,2147483647,2147483647,2147483647,-113,13,Swisscom,false,false
1429757786612,2147483647,2147483647,2147483647,2147483647,-113,13,Swisscom,false,false
1429757786612,2147483647,2147483647,2147483647,2147483647,-113,13,Swisscom,false,false
1429757786612,2147483647,2147483647,2147483647,2147483647,-113,13,Swisscom,false,false
1429757786612,2147483647,2147483647,2147483647,2147483647,-113,13,Swisscom,false,false
1429757786612,2147483647,2147483647,2147483647,2147483647,-113,13,Swisscom,false,false
1429757786612,2147483647,2147483647,2147483647,2147483647,-113,13,Swisscom,false,false
1429757786612,2147483647,2147483647,2147483647,2147483647,-113,13,Swisscom,false,false
1429757786612,2147483647,2147483647,2147483647,2147483647,-113,13,Swisscom,false,false
1429757786612,2147483647,2147483647,2147483647,2147483647,-113,13,Swisscom,false,false
1429757786612,2147483647,2147483647,2147483647,2147483647,-113,13,Swisscom,false,false
1429757786612,2147483647,2147483647,2147483647,2147483647,-113,13,Swisscom,false,false
1429757846825,17432577,2222,1,228,-111,13,Swisscom,true,false
1429757846825,2147483647,2147483647,2147483647,2147483647,-113,13,Swisscom,false,false
1429757846825,2147483647,2147483647,2147483647,2147483647,-113,13,Swisscom,false,false
1429757846825,2147483647,2147483647,2147483647,2147483647,-113,13,Swisscom,false,false
1429757846825,2147483647,2147483647,2147483647,2147483647,-113,13,Swisscom,false,false
1429757846825,2147483647,2147483647,2147483647,2147483647,-113,13,Swisscom,false,false
1429757846825,2147483647,2147483647,2147483647,2147483647,-113,13,Swisscom,false,false
1429757846825,2147483647,2147483647,2147483647,2147483647,-113,13,Swisscom,false,false
1429757846825,2147483647,2147483647,2147483647,2147483647,-113,13,Swisscom,false,false
1429757846825,2147483647,2147483647,2147483647,2147483647,-113,13,Swisscom,false,false
1429757846825,2147483647,2147483647,2147483647,2147483647,-113,13,Swisscom,false,false
1429757846825,2147483647,2147483647,2147483647,2147483647,-113,13,Swisscom,false,false
1429757846825,2147483647,2147483647,2147483647,2147483647,-113,13,Swisscom,false,false
1429757846825,2147483647,2147483647,2147483647,2147483647,0,13,Swisscom,false,false
1429757846825,2147483647,2147483647,2147483647,2147483647,0,13,Swisscom,false,false
1429757846825,2147483647,2147483647,2147483647,2147483647,0,13,Swisscom,false,false
1429757906882,17432577,2222,1,228,-112,13,Swisscom,true,false
1429757906882,3,2147483647,2147483647,2147483647,-121,13,Swisscom,false,false
1429757966954,17432577,2222,1,228,-111,13,Swisscom,true,false
1429757966954,2147483647,2147483647,2147483647,2147483647,-113,13,Swisscom,false,false
1429757966954,2147483647,2147483647,2147483647,2147483647,-113,13,Swisscom,false,false
1429757966954,2147483647,2147483647,2147483647,2147483647,-113,13,Swisscom,false,false
1429757966954,2147483647,2147483647,2147483647,2147483647,-113,13,Swisscom,false,false
1429757966954,2147483647,2147483647,2147483647,2147483647,-113,13,Swisscom,false,false
1429757966954,2147483647,2147483647,2147483647,2147483647,-113,13,Swisscom,false,false
1429757966954,2147483647,2147483647,2147483647,2147483647,-113,13,Swisscom,false,false
1429757966954,2147483647,2147483647,2147483647,2147483647,-113,13,Swisscom,false,false
1429757966954,2147483647,2147483647,2147483647,2147483647,-113,13,Swisscom,false,false
1429757966954,2147483647,2147483647,2147483647,2147483647,-113,13,Swisscom,false,false
1429757966954,2147483647,2147483647,2147483647,2147483647,-113,13,Swisscom,false,false
1429757966954,2147483647,2147483647,2147483647,2147483647,-113,13,Swisscom,false,false
1429757966954,2147483647,2147483647,2147483647,2147483647,0,13,Swisscom,false,false
1429757966954,2147483647,2147483647,2147483647,2147483647,0,13,Swisscom,false,false
1429757966954,2147483647,2147483647,2147483647,2147483647,0,13,Swisscom,false,false
1429758026951,17432577,2222,1,228,-111,13,Swisscom,true,false
1429758087081,17432577,2222,1,228,-111,13,Swisscom,true,false
1429758087081,2147483647,2147483647,2147483647,2147483647,-113,13,Swisscom,false,false
1429758087081,2147483647,2147483647,2147483647,2147483647,-113,13,Swisscom,false,false
1429758087081,2147483647,2147483647,2147483647,2147483647,-113,13,Swisscom,false,false
1429758087081,2147483647,2147483647,2147483647,2147483647,-113,13,Swisscom,false,false
1429758087081,2147483647,2147483647,2147483647,2147483647,-113,13,Swisscom,false,false
1429758087081,2147483647,2147483647,2147483647,2147483647,-113,13,Swisscom,false,false
1429758087081,2147483647,2147483647,2147483647,2147483647,-113,13,Swisscom,false,false
1429758087081,2147483647,2147483647,2147483647,2147483647,-113,13,Swisscom,false,false
1429758087081,2147483647,2147483647,2147483647,2147483647,-113,13,Swisscom,false,false
1429758087081,2147483647,2147483647,2147483647,2147483647,-113,13,Swisscom,false,false
1429758087081,2147483647,2147483647,2147483647,2147483647,-113,13,Swisscom,false,false
1429758087081,2147483647,2147483647,2147483647,2147483647,-113,13,Swisscom,false,false
1429758087081,2147483647,2147483647,2147483647,2147483647,0,13,Swisscom,false,false
1429758087081,2147483647,2147483647,2147483647,2147483647,0,13,Swisscom,false,false
1429758087081,2147483647,2147483647,2147483647,2147483647,0,13,Swisscom,false,false
1429758147161,17432577,2222,1,228,-111,13,Swisscom,true,false
1429758147161,3,2147483647,2147483647,2147483647,-122,13,Swisscom,false,false
1429758207149,17432577,2222,1,228,-111,13,Swisscom,true,false
1429758207149,4,2147483647,2147483647,2147483647,-124,13,Swisscom,false,false
1429758267448,17432577,2222,1,228,-111,13,Swisscom,true,false
1429758267448,3,2147483647,2147483647,2147483647,-121,13,Swisscom,false,false
1429758327574,17432577,2222,1,228,-111,13,Swisscom,true,false
1429758327574,2147483647,2147483647,2147483647,2147483647,-113,13,Swisscom,false,false
1429758327574,2147483647,2147483647,2147483647,2147483647,-113,13,Swisscom,false,false
1429758327574,2147483647,2147483647,2147483647,2147483647,-113,13,Swisscom,false,false
1429758327574,2147483647,2147483647,2147483647,2147483647,-113,13,Swisscom,false,false
1429758327574,2147483647,2147483647,2147483647,2147483647,-113,13,Swisscom,false,false
1429758327574,2147483647,2147483647,2147483647,2147483647,-113,13,Swisscom,false,false
1429758327574,2147483647,2147483647,2147483647,2147483647,-113,13,Swisscom,false,false
1429758327574,2147483647,2147483647,2147483647,2147483647,-113,13,Swisscom,false,false
1429758327574,2147483647,2147483647,2147483647,2147483647,-113,13,Swisscom,false,false
1429758327574,2147483647,2147483647,2147483647,2147483647,-113,13,Swisscom,false,false
1429758327574,2147483647,2147483647,2147483647,2147483647,-113,13,Swisscom,false,false
1429758327574,2147483647,2147483647,2147483647,2147483647,-113,13,Swisscom,false,false
1429758327574,2147483647,2147483647,2147483647,2147483647,0,13,Swisscom,false,false
1429758327574,2147483647,2147483647,2147483647,2147483647,0,13,Swisscom,false,false
1429758387680,17432577,2222,1,228,-111,13,Swisscom,true,false
1429758447680,17432577,2222,1,228,-111,13,Swisscom,true,false
1429758447680,2147483647,2147483647,2147483647,2147483647,-113,13,Swisscom,false,false
1429758447680,2147483647,2147483647,2147483647,2147483647,-113,13,Swisscom,false,false
1429758447680,2147483647,2147483647,2147483647,2147483647,-113,13,Swisscom,false,false
1429758447680,2147483647,2147483647,2147483647,2147483647,-113,13,Swisscom,false,false
1429758447680,2147483647,2147483647,2147483647,2147483647,-113,13,Swisscom,false,false
1429758447680,2147483647,2147483647,2147483647,2147483647,-113,13,Swisscom,false,false
1429758447680,2147483647,2147483647,2147483647,2147483647,-113,13,Swisscom,false,false
1429758447680,2147483647,2147483647,2147483647,2147483647,-113,13,Swisscom,false,false
1429758447680,2147483647,2147483647,2147483647,2147483647,-113,13,Swisscom,false,false
1429758447680,2147483647,2147483647,2147483647,2147483647,-113,13,Swisscom,false,false
1429758447680,2147483647,2147483647,2147483647,2147483647,-113,13,Swisscom,false,false
1429758447680,2147483647,2147483647,2147483647,2147483647,-113,13,Swisscom,false,false
1429758447680,2147483647,2147483647,2147483647,2147483647,0,13,Swisscom,false,false
1429758447680,2147483647,2147483647,2147483647,2147483647,0,13,Swisscom,false,false
1429758447680,2147483647,2147483647,2147483647,2147483647,0,13,Swisscom,false,false
1429758507873,17432577,2222,1,228,-111,13,Swisscom,true,false
1429758507873,2147483647,2147483647,2147483647,2147483647,-113,13,Swisscom,false,false
1429758507873,2147483647,2147483647,2147483647,2147483647,-113,13,Swisscom,false,false
1429758507873,2147483647,2147483647,2147483647,2147483647,-113,13,Swisscom,false,false
1429758507873,2147483647,2147483647,2147483647,2147483647,-113,13,Swisscom,false,false
1429758507873,2147483647,2147483647,2147483647,2147483647,-113,13,Swisscom,false,false
1429758507873,2147483647,2147483647,2147483647,2147483647,-113,13,Swisscom,false,false
1429758507873,2147483647,2147483647,2147483647,2147483647,-113,13,Swisscom,false,false
1429758507873,2147483647,2147483647,2147483647,2147483647,-113,13,Swisscom,false,false
1429758507873,2147483647,2147483647,2147483647,2147483647,-113,13,Swisscom,false,false
1429758507873,2147483647,2147483647,2147483647,2147483647,-113,13,Swisscom,false,false
1429758507873,2147483647,2147483647,2147483647,2147483647,-113,13,Swisscom,false,false
1429758507873,2147483647,2147483647,2147483647,2147483647,-113,13,Swisscom,false,false
1429758507873,2147483647,2147483647,2147483647,2147483647,0,13,Swisscom,false,false
1429758507873,2147483647,2147483647,2147483647,2147483647,0,13,Swisscom,false,false
1429758507873,2147483647,2147483647,2147483647,2147483647,0,13,Swisscom,false,false
1429758567958,17432577,2222,1,228,-111,13,Swisscom,true,false
1429758567958,3,2147483647,2147483647,2147483647,-122,13,Swisscom,false,false
1429758567958,2147483647,2147483647,2147483647,2147483647,-113,13,Swisscom,false,false
1429758567958,2147483647,2147483647,2147483647,2147483647,-113,13,Swisscom,false,false
1429758567958,2147483647,2147483647,2147483647,2147483647,-113,13,Swisscom,false,false
1429758567958,2147483647,2147483647,2147483647,2147483647,-113,13,Swisscom,false,false
1429758567958,2147483647,2147483647,2147483647,2147483647,-113,13,Swisscom,false,false
1429758567958,2147483647,2147483647,2147483647,2147483647,-113,13,Swisscom,false,false
1429758567958,2147483647,2147483647,2147483647,2147483647,-113,13,Swisscom,false,false
1429758567958,2147483647,2147483647,2147483647,2147483647,-113,13,Swisscom,false,false
1429758567958,2147483647,2147483647,2147483647,2147483647,-113,13,Swisscom,false,false
1429758567958,2147483647,2147483647,2147483647,2147483647,-113,13,Swisscom,false,false
1429758567958,2147483647,2147483647,2147483647,2147483647,-113,13,Swisscom,false,false
1429758567958,2147483647,2147483647,2147483647,2147483647,-113,13,Swisscom,false,false
1429758567958,2147483647,2147483647,2147483647,2147483647,0,13,Swisscom,false,false
1429758567958,2147483647,2147483647,2147483647,2147483647,0,13,Swisscom,false,false
1429758567958,2147483647,2147483647,2147483647,2147483647,0,13,Swisscom,false,false
1429758628134,17432577,2222,1,228,-111,13,Swisscom,true,false
1429758628134,3,2147483647,2147483647,2147483647,-122,13,Swisscom,false,false
1429758628134,2147483647,2147483647,2147483647,2147483647,-113,13,Swisscom,false,false
1429758628134,2147483647,2147483647,2147483647,2147483647,-113,13,Swisscom,false,false
1429758628134,2147483647,2147483647,2147483647,2147483647,-113,13,Swisscom,false,false
1429758628134,2147483647,2147483647,2147483647,2147483647,-113,13,Swisscom,false,false
1429758628134,2147483647,2147483647,2147483647,2147483647,-113,13,Swisscom,false,false
1429758628134,2147483647,2147483647,2147483647,2147483647,-113,13,Swisscom,false,false
1429758628134,2147483647,2147483647,2147483647,2147483647,-113,13,Swisscom,false,false
1429758628134,2147483647,2147483647,2147483647,2147483647,-113,13,Swisscom,false,false
1429758628134,2147483647,2147483647,2147483647,2147483647,-113,13,Swisscom,false,false
1429758628134,2147483647,2147483647,2147483647,2147483647,-113,13,Swisscom,false,false
1429758628134,2147483647,2147483647,2147483647,2147483647,-113,13,Swisscom,false,false
1429758628134,2147483647,2147483647,2147483647,2147483647,-113,13,Swisscom,false,false
1429758628134,2147483647,2147483647,2147483647,2147483647,0,13,Swisscom,false,false
1429758628134,2147483647,2147483647,2147483647,2147483647,0,13,Swisscom,false,false
1429758628134,2147483647,2147483647,2147483647,2147483647,0,13,Swisscom,false,false
1429758688244,17432577,2222,1,228,-111,13,Swisscom,true,false
1429758688244,2147483647,2147483647,2147483647,2147483647,-113,13,Swisscom,false,false
1429758688244,2147483647,2147483647,2147483647,2147483647,-113,13,Swisscom,false,false
1429758688244,2147483647,2147483647,2147483647,2147483647,-113,13,Swisscom,false,false
1429758688244,2147483647,2147483647,2147483647,2147483647,-113,13,Swisscom,false,false
1429758688244,2147483647,2147483647,2147483647,2147483647,-113,13,Swisscom,false,false
1429758688244,2147483647,2147483647,2147483647,2147483647,-113,13,Swisscom,false,false
1429758688244,2147483647,2147483647,2147483647,2147483647,-113,13,Swisscom,false,false
1429758688244,2147483647,2147483647,2147483647,2147483647,-113,13,Swisscom,false,false
1429758688244,2147483647,2147483647,2147483647,2147483647,-113,13,Swisscom,false,false
1429758688244,2147483647,2147483647,2147483647,2147483647,-113,13,Swisscom,false,false
1429758688244,2147483647,2147483647,2147483647,2147483647,-113,13,Swisscom,false,false
1429758688244,2147483647,2147483647,2147483647,2147483647,-113,13,Swisscom,false,false
1429758688244,2147483647,2147483647,2147483647,2147483647,0,13,Swisscom,false,false
1429758688244,2147483647,2147483647,2147483647,2147483647,0,13,Swisscom,false,false
1429758688244,2147483647,2147483647,2147483647,2147483647,0,13,Swisscom,false,false
1429758748365,17432577,2222,1,228,-111,13,Swisscom,true,false
1429758748365,3,2147483647,2147483647,2147483647,-121,13,Swisscom,false,false
1429758748365,2147483647,2147483647,2147483647,2147483647,-113,13,Swisscom,false,false
1429758748365,2147483647,2147483647,2147483647,2147483647,-113,13,Swisscom,false,false
1429758748365,2147483647,2147483647,2147483647,2147483647,-113,13,Swisscom,false,false
1429758748365,2147483647,2147483647,2147483647,2147483647,-113,13,Swisscom,false,false
1429758748365,2147483647,2147483647,2147483647,2147483647,-113,13,Swisscom,false,false
1429758748365,2147483647,2147483647,2147483647,2147483647,-113,13,Swisscom,false,false
1429758748365,2147483647,2147483647,2147483647,2147483647,-113,13,Swisscom,false,false
1429758748365,2147483647,2147483647,2147483647,2147483647,-113,13,Swisscom,false,false
1429758748365,2147483647,2147483647,2147483647,2147483647,-113,13,Swisscom,false,false
1429758748365,2147483647,2147483647,2147483647,2147483647,-113,13,Swisscom,false,false
1429758748365,2147483647,2147483647,2147483647,2147483647,-113,13,Swisscom,false,false
1429758748365,2147483647,2147483647,2147483647,2147483647,-113,13,Swisscom,false,false
1429758748365,2147483647,2147483647,2147483647,2147483647,0,13,Swisscom,false,false
1429758748365,2147483647,2147483647,2147483647,2147483647,0,13,Swisscom,false,false
1429758748365,2147483647,2147483647,2147483647,2147483647,0,13,Swisscom,false,false
1429758808485,17432577,2222,1,228,-111,13,Swisscom,true,false
1429758808485,2147483647,2147483647,2147483647,2147483647,-113,13,Swisscom,false,false
1429758808485,2147483647,2147483647,2147483647,2147483647,-113,13,Swisscom,false,false
1429758808485,2147483647,2147483647,2147483647,2147483647,-113,13,Swisscom,false,false
1429758808485,2147483647,2147483647,2147483647,2147483647,-113,13,Swisscom,false,false
1429758808485,2147483647,2147483647,2147483647,2147483647,-113,13,Swisscom,false,false
1429758808485,2147483647,2147483647,2147483647,2147483647,-113,13,Swisscom,false,false
1429758808485,2147483647,2147483647,2147483647,2147483647,-113,13,Swisscom,false,false
1429758808485,2147483647,2147483647,2147483647,2147483647,-113,13,Swisscom,false,false
1429758808485,2147483647,2147483647,2147483647,2147483647,-113,13,Swisscom,false,false
1429758808485,2147483647,2147483647,2147483647,2147483647,-113,13,Swisscom,false,false
1429758808485,2147483647,2147483647,2147483647,2147483647,-113,13,Swisscom,false,false
1429758808485,2147483647,2147483647,2147483647,2147483647,-113,13,Swisscom,false,false
1429758808485,2147483647,2147483647,2147483647,2147483647,0,13,Swisscom,false,false
1429758808485,2147483647,2147483647,2147483647,2147483647,0,13,Swisscom,false,false
1429758808485,2147483647,2147483647,2147483647,2147483647,0,13,Swisscom,false,false
1429758868640,17432577,2222,1,228,-111,13,Swisscom,true,false
1429758868640,2147483647,2147483647,2147483647,2147483647,-113,13,Swisscom,false,false
1429758868640,2147483647,2147483647,2147483647,2147483647,-113,13,Swisscom,false,false
1429758868640,2147483647,2147483647,2147483647,2147483647,-113,13,Swisscom,false,false
1429758868640,2147483647,2147483647,2147483647,2147483647,-113,13,Swisscom,false,false
1429758868640,2147483647,2147483647,2147483647,2147483647,-113,13,Swisscom,false,false
1429758868640,2147483647,2147483647,2147483647,2147483647,-113,13,Swisscom,false,false
1429758868640,2147483647,2147483647,2147483647,2147483647,-113,13,Swisscom,false,false
1429758868640,2147483647,2147483647,2147483647,2147483647,-113,13,Swisscom,false,false
1429758868640,2147483647,2147483647,2147483647,2147483647,-113,13,Swisscom,false,false
1429758868640,2147483647,2147483647,2147483647,2147483647,-113,13,Swisscom,false,false
1429758868640,2147483647,2147483647,2147483647,2147483647,-113,13,Swisscom,false,false
1429758868640,2147483647,2147483647,2147483647,2147483647,-113,13,Swisscom,false,false
1429758868640,2147483647,2147483647,2147483647,2147483647,0,13,Swisscom,false,false
1429758868640,2147483647,2147483647,2147483647,2147483647,0,13,Swisscom,false,false
1429758868640,2147483647,2147483647,2147483647,2147483647,0,13,Swisscom,false,false
1429758928780,17432577,2222,1,228,-111,13,Swisscom,true,false
1429758928780,2147483647,2147483647,2147483647,2147483647,-113,13,Swisscom,false,false
1429758928780,2147483647,2147483647,2147483647,2147483647,-113,13,Swisscom,false,false
1429758928780,2147483647,2147483647,2147483647,2147483647,-113,13,Swisscom,false,false
1429758928780,2147483647,2147483647,2147483647,2147483647,-113,13,Swisscom,false,false
1429758928780,2147483647,2147483647,2147483647,2147483647,-113,13,Swisscom,false,false
1429758928780,2147483647,2147483647,2147483647,2147483647,-113,13,Swisscom,false,false
1429758928780,2147483647,2147483647,2147483647,2147483647,-113,13,Swisscom,false,false
1429758928780,2147483647,2147483647,2147483647,2147483647,-113,13,Swisscom,false,false
1429758928780,2147483647,2147483647,2147483647,2147483647,-113,13,Swisscom,false,false
1429758928780,2147483647,2147483647,2147483647,2147483647,-113,13,Swisscom,false,false
1429758928780,2147483647,2147483647,2147483647,2147483647,-113,13,Swisscom,false,false
1429758928780,2147483647,2147483647,2147483647,2147483647,-113,13,Swisscom,false,false
1429758928780,2147483647,2147483647,2147483647,2147483647,0,13,Swisscom,false,false
1429758928780,2147483647,2147483647,2147483647,2147483647,0,13,Swisscom,false,false
1429758928780,2147483647,2147483647,2147483647,2147483647,0,13,Swisscom,false,false
1429758988803,17432577,2222,1,228,-111,13,Swisscom,true,false
1429758988803,2147483647,2147483647,2147483647,2147483647,-113,13,Swisscom,false,false
1429758988803,2147483647,2147483647,2147483647,2147483647,-113,13,Swisscom,false,false
1429758988803,2147483647,2147483647,2147483647,2147483647,-113,13,Swisscom,false,false
1429758988803,2147483647,2147483647,2147483647,2147483647,-113,13,Swisscom,false,false
1429758988803,2147483647,2147483647,2147483647,2147483647,-113,13,Swisscom,false,false
1429758988803,2147483647,2147483647,2147483647,2147483647,-113,13,Swisscom,false,false
1429758988803,2147483647,2147483647,2147483647,2147483647,-113,13,Swisscom,false,false
1429758988803,2147483647,2147483647,2147483647,2147483647,-113,13,Swisscom,false,false
1429758988803,2147483647,2147483647,2147483647,2147483647,-113,13,Swisscom,false,false
1429758988803,2147483647,2147483647,2147483647,2147483647,-113,13,Swisscom,false,false
1429758988803,2147483647,2147483647,2147483647,2147483647,-113,13,Swisscom,false,false
1429758988803,2147483647,2147483647,2147483647,2147483647,-113,13,Swisscom,false,false
1429758988803,2147483647,2147483647,2147483647,2147483647,0,13,Swisscom,false,false
1429758988803,2147483647,2147483647,2147483647,2147483647,0,13,Swisscom,false,false
1429758988803,2147483647,2147483647,2147483647,2147483647,0,13,Swisscom,false,false
1429759074524,17432577,2222,1,228,-111,13,Swisscom,true,false
1429759074524,2147483647,2147483647,2147483647,2147483647,-113,13,Swisscom,false,false
1429759074524,2147483647,2147483647,2147483647,2147483647,-113,13,Swisscom,false,false
1429759074524,2147483647,2147483647,2147483647,2147483647,-113,13,Swisscom,false,false
1429759074524,2147483647,2147483647,2147483647,2147483647,-113,13,Swisscom,false,false
1429759074524,2147483647,2147483647,2147483647,2147483647,-113,13,Swisscom,false,false
1429759074524,2147483647,2147483647,2147483647,2147483647,-113,13,Swisscom,false,false
1429759074524,2147483647,2147483647,2147483647,2147483647,-113,13,Swisscom,false,false
1429759074524,2147483647,2147483647,2147483647,2147483647,-113,13,Swisscom,false,false
1429759074524,2147483647,2147483647,2147483647,2147483647,-113,13,Swisscom,false,false
1429759074524,2147483647,2147483647,2147483647,2147483647,-113,13,Swisscom,false,false
1429759074524,2147483647,2147483647,2147483647,2147483647,-113,13,Swisscom,false,false
1429759074524,2147483647,2147483647,2147483647,2147483647,-113,13,Swisscom,false,false
1429759074524,2147483647,2147483647,2147483647,2147483647,0,13,Swisscom,false,false
1429759074524,2147483647,2147483647,2147483647,2147483647,0,13,Swisscom,false,false
1429759074524,2147483647,2147483647,2147483647,2147483647,0,13,Swisscom,false,false
1429759134591,17432577,2222,1,228,-112,13,Swisscom,true,false
1429759134591,3,2147483647,2147483647,2147483647,-123,13,Swisscom,false,false
1429759194717,17432577,2222,1,228,-112,13,Swisscom,true,false
1429759194717,3,2147483647,2147483647,2147483647,-122,13,Swisscom,false,false
1429759194717,4,2147483647,2147483647,2147483647,-125,13,Swisscom,false,false
1429759194717,2147483647,2147483647,2147483647,2147483647,-113,13,Swisscom,false,false
1429759194717,2147483647,2147483647,2147483647,2147483647,-113,13,Swisscom,false,false
1429759194717,2147483647,2147483647,2147483647,2147483647,-113,13,Swisscom,false,false
1429759194717,2147483647,2147483647,2147483647,2147483647,-113,13,Swisscom,false,false
1429759194717,2147483647,2147483647,2147483647,2147483647,-113,13,Swisscom,false,false
1429759194717,2147483647,2147483647,2147483647,2147483647,-113,13,Swisscom,false,false
1429759194717,2147483647,2147483647,2147483647,2147483647,-113,13,Swisscom,false,false
1429759194717,2147483647,2147483647,2147483647,2147483647,-113,13,Swisscom,false,false
1429759194717,2147483647,2147483647,2147483647,2147483647,-113,13,Swisscom,false,false
1429759194717,2147483647,2147483647,2147483647,2147483647,-113,13,Swisscom,false,false
1429759194717,2147483647,2147483647,2147483647,2147483647,-113,13,Swisscom,false,false
1429759194717,2147483647,2147483647,2147483647,2147483647,-113,13,Swisscom,false,false
1429759194717,2147483647,2147483647,2147483647,2147483647,0,13,Swisscom,false,false
1429759194717,2147483647,2147483647,2147483647,2147483647,0,13,Swisscom,false,false
1429759194717,2147483647,2147483647,2147483647,2147483647,0,13,Swisscom,false,false
1429759254823,17432577,2222,1,228,-112,13,Swisscom,true,false
1429759254823,3,2147483647,2147483647,2147483647,-122,13,Swisscom,false,false
1429759314908,17432577,2222,1,228,-111,13,Swisscom,true,false
1429759314908,2147483647,2147483647,2147483647,2147483647,-113,13,Swisscom,false,false
1429759314908,2147483647,2147483647,2147483647,2147483647,-113,13,Swisscom,false,false
1429759314908,2147483647,2147483647,2147483647,2147483647,-113,13,Swisscom,false,false
1429759314908,2147483647,2147483647,2147483647,2147483647,-113,13,Swisscom,false,false
1429759314908,2147483647,2147483647,2147483647,2147483647,-113,13,Swisscom,false,false
1429759314908,2147483647,2147483647,2147483647,2147483647,-113,13,Swisscom,false,false
1429759314908,2147483647,2147483647,2147483647,2147483647,-113,13,Swisscom,false,false
1429759314908,2147483647,2147483647,2147483647,2147483647,-113,13,Swisscom,false,false
1429759314908,2147483647,2147483647,2147483647,2147483647,-113,13,Swisscom,false,false
1429759314908,2147483647,2147483647,2147483647,2147483647,-113,13,Swisscom,false,false
1429759314908,2147483647,2147483647,2147483647,2147483647,-113,13,Swisscom,false,false
1429759314908,2147483647,2147483647,2147483647,2147483647,-113,13,Swisscom,false,false
1429759314908,2147483647,2147483647,2147483647,2147483647,0,13,Swisscom,false,false
1429759314908,2147483647,2147483647,2147483647,2147483647,0,13,Swisscom,false,false
1429759314908,2147483647,2147483647,2147483647,2147483647,0,13,Swisscom,false,false
1429759374993,17432577,2222,1,228,-111,13,Swisscom,true,false
1429759374993,2147483647,2147483647,2147483647,2147483647,-113,13,Swisscom,false,false
1429759374993,2147483647,2147483647,2147483647,2147483647,-113,13,Swisscom,false,false
1429759374993,2147483647,2147483647,2147483647,2147483647,-113,13,Swisscom,false,false
1429759374993,2147483647,2147483647,2147483647,2147483647,-113,13,Swisscom,false,false
1429759374993,2147483647,2147483647,2147483647,2147483647,-113,13,Swisscom,false,false
1429759374993,2147483647,2147483647,2147483647,2147483647,-113,13,Swisscom,false,false
1429759374993,2147483647,2147483647,2147483647,2147483647,-113,13,Swisscom,false,false
1429759374993,2147483647,2147483647,2147483647,2147483647,-113,13,Swisscom,false,false
1429759374993,2147483647,2147483647,2147483647,2147483647,-113,13,Swisscom,false,false
1429759374993,2147483647,2147483647,2147483647,2147483647,-113,13,Swisscom,false,false
1429759374993,2147483647,2147483647,2147483647,2147483647,-113,13,Swisscom,false,false
1429759374993,2147483647,2147483647,2147483647,2147483647,-113,13,Swisscom,false,false
1429759374993,2147483647,2147483647,2147483647,2147483647,0,13,Swisscom,false,false
1429759374993,2147483647,2147483647,2147483647,2147483647,0,13,Swisscom,false,false
1429759374993,2147483647,2147483647,2147483647,2147483647,0,13,Swisscom,false,false
1429759435280,17432577,2222,1,228,-111,13,Swisscom,true,false
1429759435280,3,2147483647,2147483647,2147483647,-123,13,Swisscom,false,false
1429759435280,2147483647,2147483647,2147483647,2147483647,-113,13,Swisscom,false,false
1429759435280,2147483647,2147483647,2147483647,2147483647,-113,13,Swisscom,false,false
1429759435280,2147483647,2147483647,2147483647,2147483647,-113,13,Swisscom,false,false
1429759435280,2147483647,2147483647,2147483647,2147483647,-113,13,Swisscom,false,false
1429759435280,2147483647,2147483647,2147483647,2147483647,-113,13,Swisscom,false,false
1429759435280,2147483647,2147483647,2147483647,2147483647,-113,13,Swisscom,false,false
1429759435280,2147483647,2147483647,2147483647,2147483647,-113,13,Swisscom,false,false
1429759435280,2147483647,2147483647,2147483647,2147483647,-113,13,Swisscom,false,false
1429759435280,2147483647,2147483647,2147483647,2147483647,-113,13,Swisscom,false,false
1429759435280,2147483647,2147483647,2147483647,2147483647,-113,13,Swisscom,false,false
1429759435280,2147483647,2147483647,2147483647,2147483647,-113,13,Swisscom,false,false
1429759435280,2147483647,2147483647,2147483647,2147483647,-113,13,Swisscom,false,false
1429759435280,2147483647,2147483647,2147483647,2147483647,0,13,Swisscom,false,false
1429759435280,2147483647,2147483647,2147483647,2147483647,0,13,Swisscom,false,false
1429759435280,2147483647,2147483647,2147483647,2147483647,0,13,Swisscom,false,false
1429759495309,17432577,2222,1,228,-112,13,Swisscom,true,false
1429759495309,4,2147483647,2147483647,2147483647,-125,13,Swisscom,false,false
1429759495309,2147483647,2147483647,2147483647,2147483647,-113,13,Swisscom,false,false
1429759495309,2147483647,2147483647,2147483647,2147483647,-113,13,Swisscom,false,false
1429759495309,2147483647,2147483647,2147483647,2147483647,-113,13,Swisscom,false,false
1429759495309,2147483647,2147483647,2147483647,2147483647,-113,13,Swisscom,false,false
1429759495309,2147483647,2147483647,2147483647,2147483647,-113,13,Swisscom,false,false
1429759495309,2147483647,2147483647,2147483647,2147483647,-113,13,Swisscom,false,false
1429759495309,2147483647,2147483647,2147483647,2147483647,-113,13,Swisscom,false,false
1429759495309,2147483647,2147483647,2147483647,2147483647,-113,13,Swisscom,false,false
1429759495309,2147483647,2147483647,2147483647,2147483647,-113,13,Swisscom,false,false
1429759495309,2147483647,2147483647,2147483647,2147483647,-113,13,Swisscom,false,false
1429759495309,2147483647,2147483647,2147483647,2147483647,-113,13,Swisscom,false,false
1429759495309,2147483647,2147483647,2147483647,2147483647,-113,13,Swisscom,false,false
1429759495309,2147483647,2147483647,2147483647,2147483647,0,13,Swisscom,false,false
1429759495309,2147483647,2147483647,2147483647,2147483647,0,13,Swisscom,false,false
1429759495309,2147483647,2147483647,2147483647,2147483647,0,13,Swisscom,false,false
1429759590619,17432577,2222,1,228,-111,13,Swisscom,true,false
1429759590619,2147483647,2147483647,2147483647,2147483647,-113,13,Swisscom,false,false
1429759590619,2147483647,2147483647,2147483647,2147483647,-113,13,Swisscom,false,false
1429759590619,2147483647,2147483647,2147483647,2147483647,-113,13,Swisscom,false,false
1429759590619,2147483647,2147483647,2147483647,2147483647,-113,13,Swisscom,false,false
1429759590619,2147483647,2147483647,2147483647,2147483647,-113,13,Swisscom,false,false
1429759590619,2147483647,2147483647,2147483647,2147483647,-113,13,Swisscom,false,false
1429759590619,2147483647,2147483647,2147483647,2147483647,-113,13,Swisscom,false,false
1429759590619,2147483647,2147483647,2147483647,2147483647,-113,13,Swisscom,false,false
1429759590619,2147483647,2147483647,2147483647,2147483647,-113,13,Swisscom,false,false
1429759590619,2147483647,2147483647,2147483647,2147483647,-113,13,Swisscom,false,false
1429759590619,2147483647,2147483647,2147483647,2147483647,-113,13,Swisscom,false,false
1429759590619,2147483647,2147483647,2147483647,2147483647,-113,13,Swisscom,false,false
1429759590619,2147483647,2147483647,2147483647,2147483647,0,13,Swisscom,false,false
1429759590619,2147483647,2147483647,2147483647,2147483647,0,13,Swisscom,false,false
1429759590619,2147483647,2147483647,2147483647,2147483647,0,13,Swisscom,false,false
1429759650856,17432577,2222,1,228,-112,13,Swisscom,true,false
1429759650856,2147483647,2147483647,2147483647,2147483647,-113,13,Swisscom,false,false
1429759650856,2147483647,2147483647,2147483647,2147483647,-113,13,Swisscom,false,false
1429759650856,2147483647,2147483647,2147483647,2147483647,-113,13,Swisscom,false,false
1429759650856,2147483647,2147483647,2147483647,2147483647,-113,13,Swisscom,false,false
1429759650856,2147483647,2147483647,2147483647,2147483647,-113,13,Swisscom,false,false
1429759650856,2147483647,2147483647,2147483647,2147483647,-113,13,Swisscom,false,false
1429759650856,2147483647,2147483647,2147483647,2147483647,-113,13,Swisscom,false,false
1429759650856,2147483647,2147483647,2147483647,2147483647,-113,13,Swisscom,false,false
1429759650856,2147483647,2147483647,2147483647,2147483647,-113,13,Swisscom,false,false
1429759650856,2147483647,2147483647,2147483647,2147483647,-113,13,Swisscom,false,false
1429759650856,2147483647,2147483647,2147483647,2147483647,-113,13,Swisscom,false,false
1429759650856,2147483647,2147483647,2147483647,2147483647,-113,13,Swisscom,false,false
1429759650856,2147483647,2147483647,2147483647,2147483647,0,13,Swisscom,false,false
1429759650856,2147483647,2147483647,2147483647,2147483647,0,13,Swisscom,false,false
1429759650856,2147483647,2147483647,2147483647,2147483647,0,13,Swisscom,false,false
1429759710875,17432577,2222,1,228,-111,13,Swisscom,true,false
1429759710875,3,2147483647,2147483647,2147483647,-122,13,Swisscom,false,false
1429759710875,2147483647,2147483647,2147483647,2147483647,-113,13,Swisscom,false,false
1429759710875,2147483647,2147483647,2147483647,2147483647,-113,13,Swisscom,false,false
1429759710875,2147483647,2147483647,2147483647,2147483647,-113,13,Swisscom,false,false
1429759710875,2147483647,2147483647,2147483647,2147483647,-113,13,Swisscom,false,false
1429759710875,2147483647,2147483647,2147483647,2147483647,-113,13,Swisscom,false,false
1429759710875,2147483647,2147483647,2147483647,2147483647,-113,13,Swisscom,false,false
1429759710875,2147483647,2147483647,2147483647,2147483647,-113,13,Swisscom,false,false
1429759710875,2147483647,2147483647,2147483647,2147483647,-113,13,Swisscom,false,false
1429759710875,2147483647,2147483647,2147483647,2147483647,-113,13,Swisscom,false,false
1429759710875,2147483647,2147483647,2147483647,2147483647,-113,13,Swisscom,false,false
1429759710875,2147483647,2147483647,2147483647,2147483647,-113,13,Swisscom,false,false
1429759710875,2147483647,2147483647,2147483647,2147483647,-113,13,Swisscom,false,false
1429759710875,2147483647,2147483647,2147483647,2147483647,0,13,Swisscom,false,false
1429759710875,2147483647,2147483647,2147483647,2147483647,0,13,Swisscom,false,false
1429759710875,2147483647,2147483647,2147483647,2147483647,0,13,Swisscom,false,false
1429759770945,17432577,2222,1,228,-111,13,Swisscom,true,false
1429759770945,3,2147483647,2147483647,2147483647,-123,13,Swisscom,false,false
1429759770945,2147483647,2147483647,2147483647,2147483647,-113,13,Swisscom,false,false
1429759770945,2147483647,2147483647,2147483647,2147483647,-113,13,Swisscom,false,false
1429759770945,2147483647,2147483647,2147483647,2147483647,-113,13,Swisscom,false,false
1429759770945,2147483647,2147483647,2147483647,2147483647,-113,13,Swisscom,false,false
1429759770945,2147483647,2147483647,2147483647,2147483647,-113,13,Swisscom,false,false
1429759770945,2147483647,2147483647,2147483647,2147483647,-113,13,Swisscom,false,false
1429759770945,2147483647,2147483647,2147483647,2147483647,-113,13,Swisscom,false,false
1429759770945,2147483647,2147483647,2147483647,2147483647,-113,13,Swisscom,false,false
1429759770945,2147483647,2147483647,2147483647,2147483647,-113,13,Swisscom,false,false
1429759770945,2147483647,2147483647,2147483647,2147483647,-113,13,Swisscom,false,false
1429759770945,2147483647,2147483647,2147483647,2147483647,-113,13,Swisscom,false,false
1429759770945,2147483647,2147483647,2147483647,2147483647,-113,13,Swisscom,false,false
1429759770945,2147483647,2147483647,2147483647,2147483647,0,13,Swisscom,false,false
1429759770945,2147483647,2147483647,2147483647,2147483647,0,13,Swisscom,false,false
1429759770945,2147483647,2147483647,2147483647,2147483647,0,13,Swisscom,false,false
1429759831087,17432577,2222,1,228,-112,13,Swisscom,true,false
1429759831087,3,2147483647,2147483647,2147483647,-123,13,Swisscom,false,false
1429759831087,2147483647,2147483647,2147483647,2147483647,-113,13,Swisscom,false,false
1429759831087,2147483647,2147483647,2147483647,2147483647,-113,13,Swisscom,false,false
1429759831087,2147483647,2147483647,2147483647,2147483647,-113,13,Swisscom,false,false
1429759831087,2147483647,2147483647,2147483647,2147483647,-113,13,Swisscom,false,false
1429759831087,2147483647,2147483647,2147483647,2147483647,-113,13,Swisscom,false,false
1429759831087,2147483647,2147483647,2147483647,2147483647,-113,13,Swisscom,false,false
1429759831087,2147483647,2147483647,2147483647,2147483647,-113,13,Swisscom,false,false
1429759831087,2147483647,2147483647,2147483647,2147483647,-113,13,Swisscom,false,false
1429759831087,2147483647,2147483647,2147483647,2147483647,-113,13,Swisscom,false,false
1429759831087,2147483647,2147483647,2147483647,2147483647,-113,13,Swisscom,false,false
1429759831087,2147483647,2147483647,2147483647,2147483647,-113,13,Swisscom,false,false
1429759831087,2147483647,2147483647,2147483647,2147483647,-113,13,Swisscom,false,false
1429759831087,2147483647,2147483647,2147483647,2147483647,0,13,Swisscom,false,false
1429759831087,2147483647,2147483647,2147483647,2147483647,0,13,Swisscom,false,false
1429759831087,2147483647,2147483647,2147483647,2147483647,0,13,Swisscom,false,false
1429759891245,17432577,2222,1,228,-112,13,Swisscom,true,false
1429759891245,3,2147483647,2147483647,2147483647,-122,13,Swisscom,false,false
1429759891245,2147483647,2147483647,2147483647,2147483647,-113,13,Swisscom,false,false
1429759891245,2147483647,2147483647,2147483647,2147483647,-113,13,Swisscom,false,false
1429759891245,2147483647,2147483647,2147483647,2147483647,-113,13,Swisscom,false,false
1429759891245,2147483647,2147483647,2147483647,2147483647,-113,13,Swisscom,false,false
1429759891245,2147483647,2147483647,2147483647,2147483647,-113,13,Swisscom,false,false
1429759891245,2147483647,2147483647,2147483647,2147483647,-113,13,Swisscom,false,false
1429759891245,2147483647,2147483647,2147483647,2147483647,-113,13,Swisscom,false,false
1429759891245,2147483647,2147483647,2147483647,2147483647,-113,13,Swisscom,false,false
1429759891245,2147483647,2147483647,2147483647,2147483647,-113,13,Swisscom,false,false
1429759891245,2147483647,2147483647,2147483647,2147483647,-113,13,Swisscom,false,false
1429759891245,2147483647,2147483647,2147483647,2147483647,-113,13,Swisscom,false,false
1429759891245,2147483647,2147483647,2147483647,2147483647,-113,13,Swisscom,false,false
1429759891245,2147483647,2147483647,2147483647,2147483647,0,13,Swisscom,false,false
1429759891245,2147483647,2147483647,2147483647,2147483647,0,13,Swisscom,false,false
1429759891245,2147483647,2147483647,2147483647,2147483647,0,13,Swisscom,false,false
1429759951355,17432577,2222,1,228,-112,13,Swisscom,true,false
1429759951355,2147483647,2147483647,2147483647,2147483647,-113,13,Swisscom,false,false
1429759951355,2147483647,2147483647,2147483647,2147483647,-113,13,Swisscom,false,false
1429759951355,2147483647,2147483647,2147483647,2147483647,-113,13,Swisscom,false,false
1429759951355,2147483647,2147483647,2147483647,2147483647,-113,13,Swisscom,false,false
1429759951355,2147483647,2147483647,2147483647,2147483647,-113,13,Swisscom,false,false
1429759951355,2147483647,2147483647,2147483647,2147483647,-113,13,Swisscom,false,false
1429759951355,2147483647,2147483647,2147483647,2147483647,-113,13,Swisscom,false,false
1429759951355,2147483647,2147483647,2147483647,2147483647,-113,13,Swisscom,false,false
1429759951355,2147483647,2147483647,2147483647,2147483647,-113,13,Swisscom,false,false
1429759951355,2147483647,2147483647,2147483647,2147483647,-113,13,Swisscom,false,false
1429759951355,2147483647,2147483647,2147483647,2147483647,-113,13,Swisscom,false,false
1429759951355,2147483647,2147483647,2147483647,2147483647,-113,13,Swisscom,false,false
1429759951355,2147483647,2147483647,2147483647,2147483647,0,13,Swisscom,false,false
1429759951355,2147483647,2147483647,2147483647,2147483647,0,13,Swisscom,false,false
1429759951355,2147483647,2147483647,2147483647,2147483647,0,13,Swisscom,false,false
1429760011407,17432577,2222,1,228,-111,13,Swisscom,true,false
1429760011407,3,2147483647,2147483647,2147483647,-123,13,Swisscom,false,false
1429760011407,2147483647,2147483647,2147483647,2147483647,-113,13,Swisscom,false,false
1429760011407,2147483647,2147483647,2147483647,2147483647,-113,13,Swisscom,false,false
1429760011407,2147483647,2147483647,2147483647,2147483647,-113,13,Swisscom,false,false
1429760011407,2147483647,2147483647,2147483647,2147483647,-113,13,Swisscom,false,false
1429760011407,2147483647,2147483647,2147483647,2147483647,-113,13,Swisscom,false,false
1429760011407,2147483647,2147483647,2147483647,2147483647,-113,13,Swisscom,false,false
1429760011407,2147483647,2147483647,2147483647,2147483647,-113,13,Swisscom,false,false
1429760011407,2147483647,2147483647,2147483647,2147483647,-113,13,Swisscom,false,false
1429760011407,2147483647,2147483647,2147483647,2147483647,-113,13,Swisscom,false,false
1429760011407,2147483647,2147483647,2147483647,2147483647,-113,13,Swisscom,false,false
1429760011407,2147483647,2147483647,2147483647,2147483647,-113,13,Swisscom,false,false
1429760011407,2147483647,2147483647,2147483647,2147483647,-113,13,Swisscom,false,false
1429760011407,2147483647,2147483647,2147483647,2147483647,0,13,Swisscom,false,false
1429760011407,2147483647,2147483647,2147483647,2147483647,0,13,Swisscom,false,false
1429760011407,2147483647,2147483647,2147483647,2147483647,0,13,Swisscom,false,false
1429760071564,17432577,2222,1,228,-111,13,Swisscom,true,false
1429760071564,3,2147483647,2147483647,2147483647,-123,13,Swisscom,false,false
1429760071564,2147483647,2147483647,2147483647,2147483647,-113,13,Swisscom,false,false
1429760071564,2147483647,2147483647,2147483647,2147483647,-113,13,Swisscom,false,false
1429760071564,2147483647,2147483647,2147483647,2147483647,-113,13,Swisscom,false,false
1429760071564,2147483647,2147483647,2147483647,2147483647,-113,13,Swisscom,false,false
1429760071564,2147483647,2147483647,2147483647,2147483647,-113,13,Swisscom,false,false
1429760071564,2147483647,2147483647,2147483647,2147483647,-113,13,Swisscom,false,false
1429760071564,2147483647,2147483647,2147483647,2147483647,-113,13,Swisscom,false,false
1429760071564,2147483647,2147483647,2147483647,2147483647,-113,13,Swisscom,false,false
1429760071564,2147483647,2147483647,2147483647,2147483647,-113,13,Swisscom,false,false
1429760071564,2147483647,2147483647,2147483647,2147483647,-113,13,Swisscom,false,false
1429760071564,2147483647,2147483647,2147483647,2147483647,-113,13,Swisscom,false,false
1429760071564,2147483647,2147483647,2147483647,2147483647,-113,13,Swisscom,false,false
1429760071564,2147483647,2147483647,2147483647,2147483647,0,13,Swisscom,false,false
1429760071564,2147483647,2147483647,2147483647,2147483647,0,13,Swisscom,false,false
1429760071564,2147483647,2147483647,2147483647,2147483647,0,13,Swisscom,false,false
1429760131676,17432577,2222,1,228,-111,13,Swisscom,true,false
1429760131676,3,2147483647,2147483647,2147483647,-122,13,Swisscom,false,false
1429760131676,2147483647,2147483647,2147483647,2147483647,-113,13,Swisscom,false,false
1429760131676,2147483647,2147483647,2147483647,2147483647,-113,13,Swisscom,false,false
1429760131676,2147483647,2147483647,2147483647,2147483647,-113,13,Swisscom,false,false
1429760131676,2147483647,2147483647,2147483647,2147483647,-113,13,Swisscom,false,false
1429760131676,2147483647,2147483647,2147483647,2147483647,-113,13,Swisscom,false,false
1429760131676,2147483647,2147483647,2147483647,2147483647,-113,13,Swisscom,false,false
1429760131676,2147483647,2147483647,2147483647,2147483647,-113,13,Swisscom,false,false
1429760131676,2147483647,2147483647,2147483647,2147483647,-113,13,Swisscom,false,false
1429760131676,2147483647,2147483647,2147483647,2147483647,-113,13,Swisscom,false,false
1429760131676,2147483647,2147483647,2147483647,2147483647,-113,13,Swisscom,false,false
1429760131676,2147483647,2147483647,2147483647,2147483647,-113,13,Swisscom,false,false
1429760131676,2147483647,2147483647,2147483647,2147483647,-113,13,Swisscom,false,false
1429760131676,2147483647,2147483647,2147483647,2147483647,0,13,Swisscom,false,false
1429760131676,2147483647,2147483647,2147483647,2147483647,0,13,Swisscom,false,false
1429760131676,2147483647,2147483647,2147483647,2147483647,0,13,Swisscom,false,false
1429760191842,17432577,2222,1,228,-111,13,Swisscom,true,false
1429760191842,3,2147483647,2147483647,2147483647,-122,13,Swisscom,false,false
1429760191842,2147483647,2147483647,2147483647,2147483647,-113,13,Swisscom,false,false
1429760191842,2147483647,2147483647,2147483647,2147483647,-113,13,Swisscom,false,false
1429760191842,2147483647,2147483647,2147483647,2147483647,-113,13,Swisscom,false,false
1429760191842,2147483647,2147483647,2147483647,2147483647,-113,13,Swisscom,false,false
1429760191842,2147483647,2147483647,2147483647,2147483647,-113,13,Swisscom,false,false
1429760191842,2147483647,2147483647,2147483647,2147483647,-113,13,Swisscom,false,false
1429760191842,2147483647,2147483647,2147483647,2147483647,-113,13,Swisscom,false,false
1429760191842,2147483647,2147483647,2147483647,2147483647,-113,13,Swisscom,false,false
1429760191842,2147483647,2147483647,2147483647,2147483647,-113,13,Swisscom,false,false
1429760191842,2147483647,2147483647,2147483647,2147483647,-113,13,Swisscom,false,false
1429760191842,2147483647,2147483647,2147483647,2147483647,-113,13,Swisscom,false,false
1429760191842,2147483647,2147483647,2147483647,2147483647,-113,13,Swisscom,false,false
1429760191842,2147483647,2147483647,2147483647,2147483647,0,13,Swisscom,false,false
1429760191842,2147483647,2147483647,2147483647,2147483647,0,13,Swisscom,false,false
1429760191842,2147483647,2147483647,2147483647,2147483647,0,13,Swisscom,false,false
1429760251925,17432577,2222,1,228,-111,13,Swisscom,true,false
1429760251925,3,2147483647,2147483647,2147483647,-123,13,Swisscom,false,false
1429760251925,2147483647,2147483647,2147483647,2147483647,-113,13,Swisscom,false,false
1429760251925,2147483647,2147483647,2147483647,2147483647,-113,13,Swisscom,false,false
1429760251925,2147483647,2147483647,2147483647,2147483647,-113,13,Swisscom,false,false
1429760251925,2147483647,2147483647,2147483647,2147483647,-113,13,Swisscom,false,false
1429760251925,2147483647,2147483647,2147483647,2147483647,-113,13,Swisscom,false,false
1429760251925,2147483647,2147483647,2147483647,2147483647,-113,13,Swisscom,false,false
1429760251925,2147483647,2147483647,2147483647,2147483647,-113,13,Swisscom,false,false
1429760251925,2147483647,2147483647,2147483647,2147483647,-113,13,Swisscom,false,false
1429760251925,2147483647,2147483647,2147483647,2147483647,-113,13,Swisscom,false,false
1429760251925,2147483647,2147483647,2147483647,2147483647,-113,13,Swisscom,false,false
1429760251925,2147483647,2147483647,2147483647,2147483647,-113,13,Swisscom,false,false
1429760251925,2147483647,2147483647,2147483647,2147483647,-113,13,Swisscom,false,false
1429760251925,2147483647,2147483647,2147483647,2147483647,0,13,Swisscom,false,false
1429760251925,2147483647,2147483647,2147483647,2147483647,0,13,Swisscom,false,false
1429760251925,2147483647,2147483647,2147483647,2147483647,0,13,Swisscom,false,false
1429760312118,17432577,2222,1,228,-111,13,Swisscom,true,false
1429760312118,3,2147483647,2147483647,2147483647,-122,13,Swisscom,false,false
1429760312118,2147483647,2147483647,2147483647,2147483647,-113,13,Swisscom,false,false
1429760312118,2147483647,2147483647,2147483647,2147483647,-113,13,Swisscom,false,false
1429760312118,2147483647,2147483647,2147483647,2147483647,-113,13,Swisscom,false,false
1429760312118,2147483647,2147483647,2147483647,2147483647,-113,13,Swisscom,false,false
1429760312118,2147483647,2147483647,2147483647,2147483647,-113,13,Swisscom,false,false
1429760312118,2147483647,2147483647,2147483647,2147483647,-113,13,Swisscom,false,false
1429760312118,2147483647,2147483647,2147483647,2147483647,-113,13,Swisscom,false,false
1429760312118,2147483647,2147483647,2147483647,2147483647,-113,13,Swisscom,false,false
1429760312118,2147483647,2147483647,2147483647,2147483647,-113,13,Swisscom,false,false
1429760312118,2147483647,2147483647,2147483647,2147483647,-113,13,Swisscom,false,false
1429760312118,2147483647,2147483647,2147483647,2147483647,-113,13,Swisscom,false,false
1429760312118,2147483647,2147483647,2147483647,2147483647,-113,13,Swisscom,false,false
1429760312118,2147483647,2147483647,2147483647,2147483647,0,13,Swisscom,false,false
1429760312118,2147483647,2147483647,2147483647,2147483647,0,13,Swisscom,false,false
1429760312118,2147483647,2147483647,2147483647,2147483647,0,13,Swisscom,false,false
1429760372229,17432577,2222,1,228,-111,13,Swisscom,true,false
1429760372229,3,2147483647,2147483647,2147483647,-122,13,Swisscom,false,false
1429760372229,2147483647,2147483647,2147483647,2147483647,-113,13,Swisscom,false,false
1429760372229,2147483647,2147483647,2147483647,2147483647,-113,13,Swisscom,false,false
1429760372229,2147483647,2147483647,2147483647,2147483647,-113,13,Swisscom,false,false
1429760372229,2147483647,2147483647,2147483647,2147483647,-113,13,Swisscom,false,false
1429760372229,2147483647,2147483647,2147483647,2147483647,-113,13,Swisscom,false,false
1429760372229,2147483647,2147483647,2147483647,2147483647,-113,13,Swisscom,false,false
1429760372229,2147483647,2147483647,2147483647,2147483647,-113,13,Swisscom,false,false
1429760372229,2147483647,2147483647,2147483647,2147483647,-113,13,Swisscom,false,false
1429760372229,2147483647,2147483647,2147483647,2147483647,-113,13,Swisscom,false,false
1429760372229,2147483647,2147483647,2147483647,2147483647,-113,13,Swisscom,false,false
1429760372229,2147483647,2147483647,2147483647,2147483647,-113,13,Swisscom,false,false
1429760372229,2147483647,2147483647,2147483647,2147483647,-113,13,Swisscom,false,false
1429760372229,2147483647,2147483647,2147483647,2147483647,0,13,Swisscom,false,false
1429760372229,2147483647,2147483647,2147483647,2147483647,0,13,Swisscom,false,false
1429760372229,2147483647,2147483647,2147483647,2147483647,0,13,Swisscom,false,false
1429760432345,17432577,2222,1,228,-111,13,Swisscom,true,false
1429760432345,2147483647,2147483647,2147483647,2147483647,-113,13,Swisscom,false,false
1429760432345,2147483647,2147483647,2147483647,2147483647,-113,13,Swisscom,false,false
1429760432345,2147483647,2147483647,2147483647,2147483647,-113,13,Swisscom,false,false
1429760432345,2147483647,2147483647,2147483647,2147483647,-113,13,Swisscom,false,false
1429760432345,2147483647,2147483647,2147483647,2147483647,-113,13,Swisscom,false,false
1429760432345,2147483647,2147483647,2147483647,2147483647,-113,13,Swisscom,false,false
1429760432345,2147483647,2147483647,2147483647,2147483647,-113,13,Swisscom,false,false
1429760432345,2147483647,2147483647,2147483647,2147483647,-113,13,Swisscom,false,false
1429760432345,2147483647,2147483647,2147483647,2147483647,-113,13,Swisscom,false,false
1429760432345,2147483647,2147483647,2147483647,2147483647,-113,13,Swisscom,false,false
1429760432345,2147483647,2147483647,2147483647,2147483647,-113,13,Swisscom,false,false
1429760432345,2147483647,2147483647,2147483647,2147483647,-113,13,Swisscom,false,false
1429760432345,2147483647,2147483647,2147483647,2147483647,0,13,Swisscom,false,false
1429760432345,2147483647,2147483647,2147483647,2147483647,0,13,Swisscom,false,false
1429760432345,2147483647,2147483647,2147483647,2147483647,0,13,Swisscom,false,false
1429760514540,17432577,2222,1,228,-111,13,Swisscom,true,false
1429760514540,3,2147483647,2147483647,2147483647,-121,13,Swisscom,false,false
1429760514540,4,2147483647,2147483647,2147483647,-124,13,Swisscom,false,false
1429760514540,2147483647,2147483647,2147483647,2147483647,-113,13,Swisscom,false,false
1429760514540,2147483647,2147483647,2147483647,2147483647,-113,13,Swisscom,false,false
1429760514540,2147483647,2147483647,2147483647,2147483647,-113,13,Swisscom,false,false
1429760514540,2147483647,2147483647,2147483647,2147483647,-113,13,Swisscom,false,false
1429760514540,2147483647,2147483647,2147483647,2147483647,-113,13,Swisscom,false,false
1429760514540,2147483647,2147483647,2147483647,2147483647,-113,13,Swisscom,false,false
1429760514540,2147483647,2147483647,2147483647,2147483647,-113,13,Swisscom,false,false
1429760514540,2147483647,2147483647,2147483647,2147483647,-113,13,Swisscom,false,false
1429760514540,2147483647,2147483647,2147483647,2147483647,-113,13,Swisscom,false,false
1429760514540,2147483647,2147483647,2147483647,2147483647,-113,13,Swisscom,false,false
1429760514540,2147483647,2147483647,2147483647,2147483647,-113,13,Swisscom,false,false
1429760514540,2147483647,2147483647,2147483647,2147483647,-113,13,Swisscom,false,false
1429760514540,2147483647,2147483647,2147483647,2147483647,0,13,Swisscom,false,false
1429760514540,2147483647,2147483647,2147483647,2147483647,0,13,Swisscom,false,false
1429760514540,2147483647,2147483647,2147483647,2147483647,0,13,Swisscom,false,false
1429760574725,17432577,2222,1,228,-111,13,Swisscom,true,false
1429760574725,2147483647,2147483647,2147483647,2147483647,-113,13,Swisscom,false,false
1429760574725,2147483647,2147483647,2147483647,2147483647,-113,13,Swisscom,false,false
1429760574725,2147483647,2147483647,2147483647,2147483647,-113,13,Swisscom,false,false
1429760574725,2147483647,2147483647,2147483647,2147483647,-113,13,Swisscom,false,false
1429760574725,2147483647,2147483647,2147483647,2147483647,-113,13,Swisscom,false,false
1429760574725,2147483647,2147483647,2147483647,2147483647,-113,13,Swisscom,false,false
1429760574725,2147483647,2147483647,2147483647,2147483647,-113,13,Swisscom,false,false
1429760574725,2147483647,2147483647,2147483647,2147483647,-113,13,Swisscom,false,false
1429760574725,2147483647,2147483647,2147483647,2147483647,-113,13,Swisscom,false,false
1429760574725,2147483647,2147483647,2147483647,2147483647,-113,13,Swisscom,false,false
1429760574725,2147483647,2147483647,2147483647,2147483647,-113,13,Swisscom,false,false
1429760574725,2147483647,2147483647,2147483647,2147483647,-113,13,Swisscom,false,false
1429760574725,2147483647,2147483647,2147483647,2147483647,0,13,Swisscom,false,false
1429760574725,2147483647,2147483647,2147483647,2147483647,0,13,Swisscom,false,false
1429760574725,2147483647,2147483647,2147483647,2147483647,0,13,Swisscom,false,false
1429760635453,17432577,2222,1,228,-111,13,Swisscom,true,false
1429760635453,3,2147483647,2147483647,2147483647,-121,13,Swisscom,false,false
1429760635453,2147483647,2147483647,2147483647,2147483647,-113,13,Swisscom,false,false
1429760635453,2147483647,2147483647,2147483647,2147483647,-113,13,Swisscom,false,false
1429760635453,2147483647,2147483647,2147483647,2147483647,-113,13,Swisscom,false,false
1429760635453,2147483647,2147483647,2147483647,2147483647,-113,13,Swisscom,false,false
1429760635453,2147483647,2147483647,2147483647,2147483647,-113,13,Swisscom,false,false
1429760635453,2147483647,2147483647,2147483647,2147483647,-113,13,Swisscom,false,false
1429760635453,2147483647,2147483647,2147483647,2147483647,-113,13,Swisscom,false,false
1429760635453,2147483647,2147483647,2147483647,2147483647,-113,13,Swisscom,false,false
1429760635453,2147483647,2147483647,2147483647,2147483647,-113,13,Swisscom,false,false
1429760635453,2147483647,2147483647,2147483647,2147483647,-113,13,Swisscom,false,false
1429760635453,2147483647,2147483647,2147483647,2147483647,-113,13,Swisscom,false,false
1429760635453,2147483647,2147483647,2147483647,2147483647,-113,13,Swisscom,false,false
1429760635453,2147483647,2147483647,2147483647,2147483647,0,13,Swisscom,false,false
1429760635453,2147483647,2147483647,2147483647,2147483647,0,13,Swisscom,false,false
1429760635453,2147483647,2147483647,2147483647,2147483647,0,13,Swisscom,false,false
1429760695574,17432577,2222,1,228,-111,13,Swisscom,true,false
1429760695574,2147483647,2147483647,2147483647,2147483647,-113,13,Swisscom,false,false
1429760695574,2147483647,2147483647,2147483647,2147483647,-113,13,Swisscom,false,false
1429760695574,2147483647,2147483647,2147483647,2147483647,-113,13,Swisscom,false,false
1429760695574,2147483647,2147483647,2147483647,2147483647,-113,13,Swisscom,false,false
1429760695574,2147483647,2147483647,2147483647,2147483647,-113,13,Swisscom,false,false
1429760695574,2147483647,2147483647,2147483647,2147483647,-113,13,Swisscom,false,false
1429760695574,2147483647,2147483647,2147483647,2147483647,-113,13,Swisscom,false,false
1429760695574,2147483647,2147483647,2147483647,2147483647,-113,13,Swisscom,false,false
1429760695574,2147483647,2147483647,2147483647,2147483647,-113,13,Swisscom,false,false
1429760695574,2147483647,2147483647,2147483647,2147483647,-113,13,Swisscom,false,false
1429760695574,2147483647,2147483647,2147483647,2147483647,-113,13,Swisscom,false,false
1429760695574,2147483647,2147483647,2147483647,2147483647,-113,13,Swisscom,false,false
1429760695574,2147483647,2147483647,2147483647,2147483647,0,13,Swisscom,false,false
1429760695574,2147483647,2147483647,2147483647,2147483647,0,13,Swisscom,false,false
1429760695574,2147483647,2147483647,2147483647,2147483647,0,13,Swisscom,false,false
1429760755675,17432577,2222,1,228,-112,13,Swisscom,true,false
1429760755675,2147483647,2147483647,2147483647,2147483647,-113,13,Swisscom,false,false
1429760755675,2147483647,2147483647,2147483647,2147483647,-113,13,Swisscom,false,false
1429760755675,2147483647,2147483647,2147483647,2147483647,-113,13,Swisscom,false,false
1429760755675,2147483647,2147483647,2147483647,2147483647,-113,13,Swisscom,false,false
1429760755675,2147483647,2147483647,2147483647,2147483647,-113,13,Swisscom,false,false
1429760755675,2147483647,2147483647,2147483647,2147483647,-113,13,Swisscom,false,false
1429760755675,2147483647,2147483647,2147483647,2147483647,-113,13,Swisscom,false,false
1429760755675,2147483647,2147483647,2147483647,2147483647,-113,13,Swisscom,false,false
1429760755675,2147483647,2147483647,2147483647,2147483647,-113,13,Swisscom,false,false
1429760755675,2147483647,2147483647,2147483647,2147483647,-113,13,Swisscom,false,false
1429760755675,2147483647,2147483647,2147483647,2147483647,-113,13,Swisscom,false,false
1429760755675,2147483647,2147483647,2147483647,2147483647,-113,13,Swisscom,false,false
1429760755675,2147483647,2147483647,2147483647,2147483647,0,13,Swisscom,false,false
1429760755675,2147483647,2147483647,2147483647,2147483647,0,13,Swisscom,false,false
1429760755675,2147483647,2147483647,2147483647,2147483647,0,13,Swisscom,false,false
1429760815785,17432577,2222,1,228,-111,13,Swisscom,true,false
1429760815785,3,2147483647,2147483647,2147483647,-122,13,Swisscom,false,false
1429760815785,2147483647,2147483647,2147483647,2147483647,-113,13,Swisscom,false,false
1429760815785,2147483647,2147483647,2147483647,2147483647,-113,13,Swisscom,false,false
1429760815785,2147483647,2147483647,2147483647,2147483647,-113,13,Swisscom,false,false
1429760815785,2147483647,2147483647,2147483647,2147483647,-113,13,Swisscom,false,false
1429760815785,2147483647,2147483647,2147483647,2147483647,-113,13,Swisscom,false,false
1429760815785,2147483647,2147483647,2147483647,2147483647,-113,13,Swisscom,false,false
1429760815785,2147483647,2147483647,2147483647,2147483647,-113,13,Swisscom,false,false
1429760815785,2147483647,2147483647,2147483647,2147483647,-113,13,Swisscom,false,false
1429760815785,2147483647,2147483647,2147483647,2147483647,-113,13,Swisscom,false,false
1429760815785,2147483647,2147483647,2147483647,2147483647,-113,13,Swisscom,false,false
1429760815785,2147483647,2147483647,2147483647,2147483647,-113,13,Swisscom,false,false
1429760815785,2147483647,2147483647,2147483647,2147483647,-113,13,Swisscom,false,false
1429760815785,2147483647,2147483647,2147483647,2147483647,0,13,Swisscom,false,false
1429760815785,2147483647,2147483647,2147483647,2147483647,0,13,Swisscom,false,false
1429760815785,2147483647,2147483647,2147483647,2147483647,0,13,Swisscom,false,false
1429760876215,17432577,2222,1,228,-111,13,Swisscom,true,false
1429760876215,3,2147483647,2147483647,2147483647,-121,13,Swisscom,false,false
1429760876215,2147483647,2147483647,2147483647,2147483647,-113,13,Swisscom,false,false
1429760876215,2147483647,2147483647,2147483647,2147483647,-113,13,Swisscom,false,false
1429760876215,2147483647,2147483647,2147483647,2147483647,-113,13,Swisscom,false,false
1429760876215,2147483647,2147483647,2147483647,2147483647,-113,13,Swisscom,false,false
1429760876215,2147483647,2147483647,2147483647,2147483647,-113,13,Swisscom,false,false
1429760876215,2147483647,2147483647,2147483647,2147483647,-113,13,Swisscom,false,false
1429760876215,2147483647,2147483647,2147483647,2147483647,-113,13,Swisscom,false,false
1429760876215,2147483647,2147483647,2147483647,2147483647,-113,13,Swisscom,false,false
1429760876215,2147483647,2147483647,2147483647,2147483647,-113,13,Swisscom,false,false
1429760876215,2147483647,2147483647,2147483647,2147483647,-113,13,Swisscom,false,false
1429760876215,2147483647,2147483647,2147483647,2147483647,-113,13,Swisscom,false,false
1429760876215,2147483647,2147483647,2147483647,2147483647,-113,13,Swisscom,false,false
1429760876215,2147483647,2147483647,2147483647,2147483647,0,13,Swisscom,false,false
1429760876215,2147483647,2147483647,2147483647,2147483647,0,13,Swisscom,false,false
1429760936327,17432577,2222,1,228,-111,13,Swisscom,true,false
1429760936327,2147483647,2147483647,2147483647,2147483647,-113,13,Swisscom,false,false
1429760936327,2147483647,2147483647,2147483647,2147483647,-113,13,Swisscom,false,false
1429760936327,2147483647,2147483647,2147483647,2147483647,-113,13,Swisscom,false,false
1429760936327,2147483647,2147483647,2147483647,2147483647,-113,13,Swisscom,false,false
1429760936327,2147483647,2147483647,2147483647,2147483647,-113,13,Swisscom,false,false
1429760936327,2147483647,2147483647,2147483647,2147483647,-113,13,Swisscom,false,false
1429760936327,2147483647,2147483647,2147483647,2147483647,-113,13,Swisscom,false,false
1429760936327,2147483647,2147483647,2147483647,2147483647,-113,13,Swisscom,false,false
1429760936327,2147483647,2147483647,2147483647,2147483647,-113,13,Swisscom,false,false
1429760936327,2147483647,2147483647,2147483647,2147483647,-113,13,Swisscom,false,false
1429760936327,2147483647,2147483647,2147483647,2147483647,-113,13,Swisscom,false,false
1429760936327,2147483647,2147483647,2147483647,2147483647,-113,13,Swisscom,false,false
1429760936327,2147483647,2147483647,2147483647,2147483647,0,13,Swisscom,false,false
1429760936327,2147483647,2147483647,2147483647,2147483647,0,13,Swisscom,false,false
1429760936327,2147483647,2147483647,2147483647,2147483647,0,13,Swisscom,false,false
1429761033185,17432577,2222,1,228,-111,13,Swisscom,true,false
1429761033185,3,2147483647,2147483647,2147483647,-122,13,Swisscom,false,false
1429761033185,2147483647,2147483647,2147483647,2147483647,-113,13,Swisscom,false,false
1429761033185,2147483647,2147483647,2147483647,2147483647,-113,13,Swisscom,false,false
1429761033185,2147483647,2147483647,2147483647,2147483647,-113,13,Swisscom,false,false
1429761033185,2147483647,2147483647,2147483647,2147483647,-113,13,Swisscom,false,false
1429761033185,2147483647,2147483647,2147483647,2147483647,-113,13,Swisscom,false,false
1429761033185,2147483647,2147483647,2147483647,2147483647,-113,13,Swisscom,false,false
1429761033185,2147483647,2147483647,2147483647,2147483647,-113,13,Swisscom,false,false
1429761033185,2147483647,2147483647,2147483647,2147483647,-113,13,Swisscom,false,false
1429761033185,2147483647,2147483647,2147483647,2147483647,-113,13,Swisscom,false,false
1429761033185,2147483647,2147483647,2147483647,2147483647,-113,13,Swisscom,false,false
1429761033185,2147483647,2147483647,2147483647,2147483647,-113,13,Swisscom,false,false
1429761033185,2147483647,2147483647,2147483647,2147483647,-113,13,Swisscom,false,false
1429761033185,2147483647,2147483647,2147483647,2147483647,0,13,Swisscom,false,false
1429761033185,2147483647,2147483647,2147483647,2147483647,0,13,Swisscom,false,false
1429761033185,2147483647,2147483647,2147483647,2147483647,0,13,Swisscom,false,false
1429761093123,17432577,2222,1,228,-111,13,Swisscom,true,false
1429761093123,3,2147483647,2147483647,2147483647,-121,13,Swisscom,false,false
1429761093123,4,2147483647,2147483647,2147483647,-123,13,Swisscom,false,false
1429761153400,17432577,2222,1,228,-111,13,Swisscom,true,false
1429761153400,3,2147483647,2147483647,2147483647,-122,13,Swisscom,false,false
1429761153400,2147483647,2147483647,2147483647,2147483647,-113,13,Swisscom,false,false
1429761153400,2147483647,2147483647,2147483647,2147483647,-113,13,Swisscom,false,false
1429761153400,2147483647,2147483647,2147483647,2147483647,-113,13,Swisscom,false,false
1429761153400,2147483647,2147483647,2147483647,2147483647,-113,13,Swisscom,false,false
1429761153400,2147483647,2147483647,2147483647,2147483647,-113,13,Swisscom,false,false
1429761153400,2147483647,2147483647,2147483647,2147483647,-113,13,Swisscom,false,false
1429761153400,2147483647,2147483647,2147483647,2147483647,-113,13,Swisscom,false,false
1429761153400,2147483647,2147483647,2147483647,2147483647,-113,13,Swisscom,false,false
1429761153400,2147483647,2147483647,2147483647,2147483647,-113,13,Swisscom,false,false
1429761153400,2147483647,2147483647,2147483647,2147483647,-113,13,Swisscom,false,false
1429761153400,2147483647,2147483647,2147483647,2147483647,-113,13,Swisscom,false,false
1429761153400,2147483647,2147483647,2147483647,2147483647,-113,13,Swisscom,false,false
1429761153400,2147483647,2147483647,2147483647,2147483647,0,13,Swisscom,false,false
1429761153400,2147483647,2147483647,2147483647,2147483647,0,13,Swisscom,false,false
1429761213483,17432577,2222,1,228,-111,13,Swisscom,true,false
1429761213483,3,2147483647,2147483647,2147483647,-122,13,Swisscom,false,false
1429761213483,2147483647,2147483647,2147483647,2147483647,-113,13,Swisscom,false,false
1429761213483,2147483647,2147483647,2147483647,2147483647,-113,13,Swisscom,false,false
1429761213483,2147483647,2147483647,2147483647,2147483647,-113,13,Swisscom,false,false
1429761213483,2147483647,2147483647,2147483647,2147483647,-113,13,Swisscom,false,false
1429761213483,2147483647,2147483647,2147483647,2147483647,-113,13,Swisscom,false,false
1429761213483,2147483647,2147483647,2147483647,2147483647,-113,13,Swisscom,false,false
1429761213483,2147483647,2147483647,2147483647,2147483647,-113,13,Swisscom,false,false
1429761213483,2147483647,2147483647,2147483647,2147483647,-113,13,Swisscom,false,false
1429761213483,2147483647,2147483647,2147483647,2147483647,-113,13,Swisscom,false,false
1429761213483,2147483647,2147483647,2147483647,2147483647,-113,13,Swisscom,false,false
1429761213483,2147483647,2147483647,2147483647,2147483647,-113,13,Swisscom,false,false
1429761213483,2147483647,2147483647,2147483647,2147483647,-113,13,Swisscom,false,false
1429761213483,2147483647,2147483647,2147483647,2147483647,0,13,Swisscom,false,false
1429761213483,2147483647,2147483647,2147483647,2147483647,0,13,Swisscom,false,false
1429761274091,17432577,2222,1,228,-111,13,Swisscom,true,false
1429761274091,3,2147483647,2147483647,2147483647,-122,13,Swisscom,false,false
1429761274091,2147483647,2147483647,2147483647,2147483647,-113,13,Swisscom,false,false
1429761274091,2147483647,2147483647,2147483647,2147483647,-113,13,Swisscom,false,false
1429761274091,2147483647,2147483647,2147483647,2147483647,-113,13,Swisscom,false,false
1429761274091,2147483647,2147483647,2147483647,2147483647,-113,13,Swisscom,false,false
1429761274091,2147483647,2147483647,2147483647,2147483647,-113,13,Swisscom,false,false
1429761274091,2147483647,2147483647,2147483647,2147483647,-113,13,Swisscom,false,false
1429761274091,2147483647,2147483647,2147483647,2147483647,-113,13,Swisscom,false,false
1429761274091,2147483647,2147483647,2147483647,2147483647,-113,13,Swisscom,false,false
1429761274091,2147483647,2147483647,2147483647,2147483647,-113,13,Swisscom,false,false
1429761274091,2147483647,2147483647,2147483647,2147483647,-113,13,Swisscom,false,false
1429761274091,2147483647,2147483647,2147483647,2147483647,-113,13,Swisscom,false,false
1429761274091,2147483647,2147483647,2147483647,2147483647,-113,13,Swisscom,false,false
1429761274091,2147483647,2147483647,2147483647,2147483647,0,13,Swisscom,false,false
1429761274091,2147483647,2147483647,2147483647,2147483647,0,13,Swisscom,false,false
1429761274091,2147483647,2147483647,2147483647,2147483647,0,13,Swisscom,false,false
1429761334297,17432577,2222,1,228,-111,13,Swisscom,true,false
1429761334297,2147483647,2147483647,2147483647,2147483647,-113,13,Swisscom,false,false
1429761334297,2147483647,2147483647,2147483647,2147483647,-113,13,Swisscom,false,false
1429761334297,2147483647,2147483647,2147483647,2147483647,-113,13,Swisscom,false,false
1429761334297,2147483647,2147483647,2147483647,2147483647,-113,13,Swisscom,false,false
1429761334297,2147483647,2147483647,2147483647,2147483647,-113,13,Swisscom,false,false
1429761334297,2147483647,2147483647,2147483647,2147483647,-113,13,Swisscom,false,false
1429761334297,2147483647,2147483647,2147483647,2147483647,-113,13,Swisscom,false,false
1429761334297,2147483647,2147483647,2147483647,2147483647,-113,13,Swisscom,false,false
1429761334297,2147483647,2147483647,2147483647,2147483647,-113,13,Swisscom,false,false
1429761334297,2147483647,2147483647,2147483647,2147483647,-113,13,Swisscom,false,false
1429761334297,2147483647,2147483647,2147483647,2147483647,-113,13,Swisscom,false,false
1429761334297,2147483647,2147483647,2147483647,2147483647,-113,13,Swisscom,false,false
1429761334297,2147483647,2147483647,2147483647,2147483647,0,13,Swisscom,false,false
1429761334297,2147483647,2147483647,2147483647,2147483647,0,13,Swisscom,false,false
1429761334297,2147483647,2147483647,2147483647,2147483647,0,13,Swisscom,false,false
1429761394320,17432577,2222,1,228,-111,13,Swisscom,true,false
1429761394320,2147483647,2147483647,2147483647,2147483647,-113,13,Swisscom,false,false
1429761394320,2147483647,2147483647,2147483647,2147483647,-113,13,Swisscom,false,false
1429761394320,2147483647,2147483647,2147483647,2147483647,-113,13,Swisscom,false,false
1429761394320,2147483647,2147483647,2147483647,2147483647,-113,13,Swisscom,false,false
1429761394320,2147483647,2147483647,2147483647,2147483647,-113,13,Swisscom,false,false
1429761394320,2147483647,2147483647,2147483647,2147483647,-113,13,Swisscom,false,false
1429761394320,2147483647,2147483647,2147483647,2147483647,-113,13,Swisscom,false,false
1429761394320,2147483647,2147483647,2147483647,2147483647,-113,13,Swisscom,false,false
1429761394320,2147483647,2147483647,2147483647,2147483647,-113,13,Swisscom,false,false
1429761394320,2147483647,2147483647,2147483647,2147483647,-113,13,Swisscom,false,false
1429761394320,2147483647,2147483647,2147483647,2147483647,-113,13,Swisscom,false,false
1429761394320,2147483647,2147483647,2147483647,2147483647,-113,13,Swisscom,false,false
1429761394320,2147483647,2147483647,2147483647,2147483647,0,13,Swisscom,false,false
1429761394320,2147483647,2147483647,2147483647,2147483647,0,13,Swisscom,false,false
1429761394320,2147483647,2147483647,2147483647,2147483647,0,13,Swisscom,false,false
1429761454453,17432577,2222,1,228,-111,13,Swisscom,true,false
1429761454453,2147483647,2147483647,2147483647,2147483647,-113,13,Swisscom,false,false
1429761454453,2147483647,2147483647,2147483647,2147483647,-113,13,Swisscom,false,false
1429761454453,2147483647,2147483647,2147483647,2147483647,-113,13,Swisscom,false,false
1429761454453,2147483647,2147483647,2147483647,2147483647,-113,13,Swisscom,false,false
1429761454453,2147483647,2147483647,2147483647,2147483647,-113,13,Swisscom,false,false
1429761454453,2147483647,2147483647,2147483647,2147483647,-113,13,Swisscom,false,false
1429761454453,2147483647,2147483647,2147483647,2147483647,-113,13,Swisscom,false,false
1429761454453,2147483647,2147483647,2147483647,2147483647,-113,13,Swisscom,false,false
1429761454453,2147483647,2147483647,2147483647,2147483647,-113,13,Swisscom,false,false
1429761454453,2147483647,2147483647,2147483647,2147483647,-113,13,Swisscom,false,false
1429761454453,2147483647,2147483647,2147483647,2147483647,-113,13,Swisscom,false,false
1429761454453,2147483647,2147483647,2147483647,2147483647,-113,13,Swisscom,false,false
1429761454453,2147483647,2147483647,2147483647,2147483647,0,13,Swisscom,false,false
1429761454453,2147483647,2147483647,2147483647,2147483647,0,13,Swisscom,false,false
1429761454453,2147483647,2147483647,2147483647,2147483647,0,13,Swisscom,false,false
1429761514557,17432577,2222,1,228,-111,13,Swisscom,true,false
1429761514557,2147483647,2147483647,2147483647,2147483647,-113,13,Swisscom,false,false
1429761514557,2147483647,2147483647,2147483647,2147483647,-113,13,Swisscom,false,false
1429761514557,2147483647,2147483647,2147483647,2147483647,-113,13,Swisscom,false,false
1429761514557,2147483647,2147483647,2147483647,2147483647,-113,13,Swisscom,false,false
1429761514557,2147483647,2147483647,2147483647,2147483647,-113,13,Swisscom,false,false
1429761514557,2147483647,2147483647,2147483647,2147483647,-113,13,Swisscom,false,false
1429761514557,2147483647,2147483647,2147483647,2147483647,-113,13,Swisscom,false,false
1429761514557,2147483647,2147483647,2147483647,2147483647,-113,13,Swisscom,false,false
1429761514557,2147483647,2147483647,2147483647,2147483647,-113,13,Swisscom,false,false
1429761514557,2147483647,2147483647,2147483647,2147483647,-113,13,Swisscom,false,false
1429761514557,2147483647,2147483647,2147483647,2147483647,-113,13,Swisscom,false,false
1429761514557,2147483647,2147483647,2147483647,2147483647,-113,13,Swisscom,false,false
1429761514557,2147483647,2147483647,2147483647,2147483647,0,13,Swisscom,false,false
1429761514557,2147483647,2147483647,2147483647,2147483647,0,13,Swisscom,false,false
1429761514557,2147483647,2147483647,2147483647,2147483647,0,13,Swisscom,false,false
1429761574565,17432577,2222,1,228,-111,13,Swisscom,true,false
1429761574565,2147483647,2147483647,2147483647,2147483647,-113,13,Swisscom,false,false
1429761574565,2147483647,2147483647,2147483647,2147483647,-113,13,Swisscom,false,false
1429761574565,2147483647,2147483647,2147483647,2147483647,-113,13,Swisscom,false,false
1429761574565,2147483647,2147483647,2147483647,2147483647,-113,13,Swisscom,false,false
1429761574565,2147483647,2147483647,2147483647,2147483647,-113,13,Swisscom,false,false
1429761574565,2147483647,2147483647,2147483647,2147483647,-113,13,Swisscom,false,false
1429761574565,2147483647,2147483647,2147483647,2147483647,-113,13,Swisscom,false,false
1429761574565,2147483647,2147483647,2147483647,2147483647,-113,13,Swisscom,false,false
1429761574565,2147483647,2147483647,2147483647,2147483647,-113,13,Swisscom,false,false
1429761574565,2147483647,2147483647,2147483647,2147483647,-113,13,Swisscom,false,false
1429761574565,2147483647,2147483647,2147483647,2147483647,-113,13,Swisscom,false,false
1429761574565,2147483647,2147483647,2147483647,2147483647,-113,13,Swisscom,false,false
1429761574565,2147483647,2147483647,2147483647,2147483647,0,13,Swisscom,false,false
1429761574565,2147483647,2147483647,2147483647,2147483647,0,13,Swisscom,false,false
1429761574565,2147483647,2147483647,2147483647,2147483647,0,13,Swisscom,false,false
1429761654529,17432577,2222,1,228,-111,13,Swisscom,true,false
1429761654529,3,2147483647,2147483647,2147483647,-122,13,Swisscom,false,false
1429761654529,2147483647,2147483647,2147483647,2147483647,-113,13,Swisscom,false,false
1429761654529,2147483647,2147483647,2147483647,2147483647,-113,13,Swisscom,false,false
1429761654529,2147483647,2147483647,2147483647,2147483647,-113,13,Swisscom,false,false
1429761654529,2147483647,2147483647,2147483647,2147483647,-113,13,Swisscom,false,false
1429761654529,2147483647,2147483647,2147483647,2147483647,-113,13,Swisscom,false,false
1429761654529,2147483647,2147483647,2147483647,2147483647,-113,13,Swisscom,false,false
1429761654529,2147483647,2147483647,2147483647,2147483647,-113,13,Swisscom,false,false
1429761654529,2147483647,2147483647,2147483647,2147483647,-113,13,Swisscom,false,false
1429761654529,2147483647,2147483647,2147483647,2147483647,-113,13,Swisscom,false,false
1429761654529,2147483647,2147483647,2147483647,2147483647,-113,13,Swisscom,false,false
1429761654529,2147483647,2147483647,2147483647,2147483647,-113,13,Swisscom,false,false
1429761654529,2147483647,2147483647,2147483647,2147483647,-113,13,Swisscom,false,false
1429761654529,2147483647,2147483647,2147483647,2147483647,0,13,Swisscom,false,false
1429761654529,2147483647,2147483647,2147483647,2147483647,0,13,Swisscom,false,false
1429761654529,2147483647,2147483647,2147483647,2147483647,0,13,Swisscom,false,false
1429761714544,17432577,2222,1,228,-111,13,Swisscom,true,false
1429761714544,3,2147483647,2147483647,2147483647,-122,13,Swisscom,false,false
1429761714544,4,2147483647,2147483647,2147483647,-122,13,Swisscom,false,false
1429761714544,2147483647,2147483647,2147483647,2147483647,-113,13,Swisscom,false,false
1429761714544,2147483647,2147483647,2147483647,2147483647,-113,13,Swisscom,false,false
1429761714544,2147483647,2147483647,2147483647,2147483647,-113,13,Swisscom,false,false
1429761714544,2147483647,2147483647,2147483647,2147483647,-113,13,Swisscom,false,false
1429761714544,2147483647,2147483647,2147483647,2147483647,-113,13,Swisscom,false,false
1429761714544,2147483647,2147483647,2147483647,2147483647,-113,13,Swisscom,false,false
1429761714544,2147483647,2147483647,2147483647,2147483647,-113,13,Swisscom,false,false
1429761714544,2147483647,2147483647,2147483647,2147483647,-113,13,Swisscom,false,false
1429761714544,2147483647,2147483647,2147483647,2147483647,-113,13,Swisscom,false,false
1429761714544,2147483647,2147483647,2147483647,2147483647,-113,13,Swisscom,false,false
1429761714544,2147483647,2147483647,2147483647,2147483647,-113,13,Swisscom,false,false
1429761714544,2147483647,2147483647,2147483647,2147483647,-113,13,Swisscom,false,false
1429761714544,2147483647,2147483647,2147483647,2147483647,0,13,Swisscom,false,false
1429761714544,2147483647,2147483647,2147483647,2147483647,0,13,Swisscom,false,false
1429761714544,2147483647,2147483647,2147483647,2147483647,0,13,Swisscom,false,false
1429761774823,17432577,2222,1,228,-111,13,Swisscom,true,false
1429761774823,2147483647,2147483647,2147483647,2147483647,-113,13,Swisscom,false,false
1429761774823,2147483647,2147483647,2147483647,2147483647,-113,13,Swisscom,false,false
1429761774823,2147483647,2147483647,2147483647,2147483647,-113,13,Swisscom,false,false
1429761774823,2147483647,2147483647,2147483647,2147483647,-113,13,Swisscom,false,false
1429761774823,2147483647,2147483647,2147483647,2147483647,-113,13,Swisscom,false,false
1429761774823,2147483647,2147483647,2147483647,2147483647,-113,13,Swisscom,false,false
1429761774823,2147483647,2147483647,2147483647,2147483647,-113,13,Swisscom,false,false
1429761774823,2147483647,2147483647,2147483647,2147483647,-113,13,Swisscom,false,false
1429761774823,2147483647,2147483647,2147483647,2147483647,-113,13,Swisscom,false,false
1429761774823,2147483647,2147483647,2147483647,2147483647,-113,13,Swisscom,false,false
1429761774823,2147483647,2147483647,2147483647,2147483647,-113,13,Swisscom,false,false
1429761774823,2147483647,2147483647,2147483647,2147483647,-113,13,Swisscom,false,false
1429761774823,2147483647,2147483647,2147483647,2147483647,0,13,Swisscom,false,false
1429761774823,2147483647,2147483647,2147483647,2147483647,0,13,Swisscom,false,false
1429761774823,2147483647,2147483647,2147483647,2147483647,0,13,Swisscom,false,false
1429761834981,17432577,2222,1,228,-111,13,Swisscom,true,false
1429761834981,3,2147483647,2147483647,2147483647,-122,13,Swisscom,false,false
1429761834981,2147483647,2147483647,2147483647,2147483647,-113,13,Swisscom,false,false
1429761834981,2147483647,2147483647,2147483647,2147483647,-113,13,Swisscom,false,false
1429761834981,2147483647,2147483647,2147483647,2147483647,-113,13,Swisscom,false,false
1429761834981,2147483647,2147483647,2147483647,2147483647,-113,13,Swisscom,false,false
1429761834981,2147483647,2147483647,2147483647,2147483647,-113,13,Swisscom,false,false
1429761834981,2147483647,2147483647,2147483647,2147483647,-113,13,Swisscom,false,false
1429761834981,2147483647,2147483647,2147483647,2147483647,-113,13,Swisscom,false,false
1429761834981,2147483647,2147483647,2147483647,2147483647,-113,13,Swisscom,false,false
1429761834981,2147483647,2147483647,2147483647,2147483647,-113,13,Swisscom,false,false
1429761834981,2147483647,2147483647,2147483647,2147483647,-113,13,Swisscom,false,false
1429761834981,2147483647,2147483647,2147483647,2147483647,-113,13,Swisscom,false,false
1429761834981,2147483647,2147483647,2147483647,2147483647,-113,13,Swisscom,false,false
1429761834981,2147483647,2147483647,2147483647,2147483647,0,13,Swisscom,false,false
1429761834981,2147483647,2147483647,2147483647,2147483647,0,13,Swisscom,false,false
1429761834981,2147483647,2147483647,2147483647,2147483647,0,13,Swisscom,false,false
1429761902471,17432577,2222,1,228,-112,13,Swisscom,true,false
1429761902471,2147483647,2147483647,2147483647,2147483647,-113,13,Swisscom,false,false
1429761902471,2147483647,2147483647,2147483647,2147483647,-113,13,Swisscom,false,false
1429761902471,2147483647,2147483647,2147483647,2147483647,-113,13,Swisscom,false,false
1429761902471,2147483647,2147483647,2147483647,2147483647,-113,13,Swisscom,false,false
1429761902471,2147483647,2147483647,2147483647,2147483647,-113,13,Swisscom,false,false
1429761902471,2147483647,2147483647,2147483647,2147483647,-113,13,Swisscom,false,false
1429761902471,2147483647,2147483647,2147483647,2147483647,-113,13,Swisscom,false,false
1429761902471,2147483647,2147483647,2147483647,2147483647,-113,13,Swisscom,false,false
1429761902471,2147483647,2147483647,2147483647,2147483647,-113,13,Swisscom,false,false
1429761902471,2147483647,2147483647,2147483647,2147483647,-113,13,Swisscom,false,false
1429761902471,2147483647,2147483647,2147483647,2147483647,-113,13,Swisscom,false,false
1429761902471,2147483647,2147483647,2147483647,2147483647,-113,13,Swisscom,false,false
1429761902471,2147483647,2147483647,2147483647,2147483647,0,13,Swisscom,false,false
1429761902471,2147483647,2147483647,2147483647,2147483647,0,13,Swisscom,false,false
1429761902471,2147483647,2147483647,2147483647,2147483647,0,13,Swisscom,false,false
1429761962573,17432577,2222,1,228,-112,13,Swisscom,true,false
1429761962573,4,2147483647,2147483647,2147483647,-125,13,Swisscom,false,false
1429761962573,2147483647,2147483647,2147483647,2147483647,-113,13,Swisscom,false,false
1429761962573,2147483647,2147483647,2147483647,2147483647,-113,13,Swisscom,false,false
1429761962573,2147483647,2147483647,2147483647,2147483647,-113,13,Swisscom,false,false
1429761962573,2147483647,2147483647,2147483647,2147483647,-113,13,Swisscom,false,false
1429761962573,2147483647,2147483647,2147483647,2147483647,-113,13,Swisscom,false,false
1429761962573,2147483647,2147483647,2147483647,2147483647,-113,13,Swisscom,false,false
1429761962573,2147483647,2147483647,2147483647,2147483647,-113,13,Swisscom,false,false
1429761962573,2147483647,2147483647,2147483647,2147483647,-113,13,Swisscom,false,false
1429761962573,2147483647,2147483647,2147483647,2147483647,-113,13,Swisscom,false,false
1429761962573,2147483647,2147483647,2147483647,2147483647,-113,13,Swisscom,false,false
1429761962573,2147483647,2147483647,2147483647,2147483647,-113,13,Swisscom,false,false
1429761962573,2147483647,2147483647,2147483647,2147483647,-113,13,Swisscom,false,false
1429761962573,2147483647,2147483647,2147483647,2147483647,0,13,Swisscom,false,false
1429761962573,2147483647,2147483647,2147483647,2147483647,0,13,Swisscom,false,false
1429761962573,2147483647,2147483647,2147483647,2147483647,0,13,Swisscom,false,false
1429762022661,17432577,2222,1,228,-112,13,Swisscom,true,false
1429762022661,2147483647,2147483647,2147483647,2147483647,-113,13,Swisscom,false,false
1429762022661,2147483647,2147483647,2147483647,2147483647,-113,13,Swisscom,false,false
1429762022661,2147483647,2147483647,2147483647,2147483647,-113,13,Swisscom,false,false
1429762022661,2147483647,2147483647,2147483647,2147483647,-113,13,Swisscom,false,false
1429762022661,2147483647,2147483647,2147483647,2147483647,-113,13,Swisscom,false,false
1429762022661,2147483647,2147483647,2147483647,2147483647,-113,13,Swisscom,false,false
1429762022661,2147483647,2147483647,2147483647,2147483647,-113,13,Swisscom,false,false
1429762022661,2147483647,2147483647,2147483647,2147483647,-113,13,Swisscom,false,false
1429762022661,2147483647,2147483647,2147483647,2147483647,-113,13,Swisscom,false,false
1429762022661,2147483647,2147483647,2147483647,2147483647,-113,13,Swisscom,false,false
1429762022661,2147483647,2147483647,2147483647,2147483647,-113,13,Swisscom,false,false
1429762022661,2147483647,2147483647,2147483647,2147483647,-113,13,Swisscom,false,false
1429762022661,2147483647,2147483647,2147483647,2147483647,0,13,Swisscom,false,false
1429762022661,2147483647,2147483647,2147483647,2147483647,0,13,Swisscom,false,false
1429762022661,2147483647,2147483647,2147483647,2147483647,0,13,Swisscom,false,false
1429762082712,17432577,2222,1,228,-112,13,Swisscom,true,false
1429762082712,4,2147483647,2147483647,2147483647,-124,13,Swisscom,false,false
1429762082712,3,2147483647,2147483647,2147483647,-123,13,Swisscom,false,false
1429762142927,17432577,2222,1,228,-112,13,Swisscom,true,false
1429762142927,4,2147483647,2147483647,2147483647,-125,13,Swisscom,false,false
1429762142927,2147483647,2147483647,2147483647,2147483647,-113,13,Swisscom,false,false
1429762142927,2147483647,2147483647,2147483647,2147483647,-113,13,Swisscom,false,false
1429762142927,2147483647,2147483647,2147483647,2147483647,-113,13,Swisscom,false,false
1429762142927,2147483647,2147483647,2147483647,2147483647,-113,13,Swisscom,false,false
1429762142927,2147483647,2147483647,2147483647,2147483647,-113,13,Swisscom,false,false
1429762142927,2147483647,2147483647,2147483647,2147483647,-113,13,Swisscom,false,false
1429762142927,2147483647,2147483647,2147483647,2147483647,-113,13,Swisscom,false,false
1429762142927,2147483647,2147483647,2147483647,2147483647,-113,13,Swisscom,false,false
1429762142927,2147483647,2147483647,2147483647,2147483647,-113,13,Swisscom,false,false
1429762142927,2147483647,2147483647,2147483647,2147483647,-113,13,Swisscom,false,false
1429762142927,2147483647,2147483647,2147483647,2147483647,-113,13,Swisscom,false,false
1429762142927,2147483647,2147483647,2147483647,2147483647,-113,13,Swisscom,false,false
1429762142927,2147483647,2147483647,2147483647,2147483647,0,13,Swisscom,false,false
1429762142927,2147483647,2147483647,2147483647,2147483647,0,13,Swisscom,false,false
1429762142927,2147483647,2147483647,2147483647,2147483647,0,13,Swisscom,false,false
1429762203046,17432577,2222,1,228,-112,13,Swisscom,true,false
1429762203046,4,2147483647,2147483647,2147483647,-125,13,Swisscom,false,false
1429762203046,2147483647,2147483647,2147483647,2147483647,-113,13,Swisscom,false,false
1429762203046,2147483647,2147483647,2147483647,2147483647,-113,13,Swisscom,false,false
1429762203046,2147483647,2147483647,2147483647,2147483647,-113,13,Swisscom,false,false
1429762203046,2147483647,2147483647,2147483647,2147483647,-113,13,Swisscom,false,false
1429762203046,2147483647,2147483647,2147483647,2147483647,-113,13,Swisscom,false,false
1429762203046,2147483647,2147483647,2147483647,2147483647,-113,13,Swisscom,false,false
1429762203046,2147483647,2147483647,2147483647,2147483647,-113,13,Swisscom,false,false
1429762203046,2147483647,2147483647,2147483647,2147483647,-113,13,Swisscom,false,false
1429762203046,2147483647,2147483647,2147483647,2147483647,-113,13,Swisscom,false,false
1429762203046,2147483647,2147483647,2147483647,2147483647,-113,13,Swisscom,false,false
1429762203046,2147483647,2147483647,2147483647,2147483647,-113,13,Swisscom,false,false
1429762203046,2147483647,2147483647,2147483647,2147483647,-113,13,Swisscom,false,false
1429762203046,2147483647,2147483647,2147483647,2147483647,0,13,Swisscom,false,false
1429762203046,2147483647,2147483647,2147483647,2147483647,0,13,Swisscom,false,false
1429762203046,2147483647,2147483647,2147483647,2147483647,0,13,Swisscom,false,false
1429762263234,17432577,2222,1,228,-111,13,Swisscom,true,false
1429762263234,2147483647,2147483647,2147483647,2147483647,-113,13,Swisscom,false,false
1429762263234,2147483647,2147483647,2147483647,2147483647,-113,13,Swisscom,false,false
1429762263234,2147483647,2147483647,2147483647,2147483647,-113,13,Swisscom,false,false
1429762263234,2147483647,2147483647,2147483647,2147483647,-113,13,Swisscom,false,false
1429762263234,2147483647,2147483647,2147483647,2147483647,-113,13,Swisscom,false,false
1429762263234,2147483647,2147483647,2147483647,2147483647,-113,13,Swisscom,false,false
1429762263234,2147483647,2147483647,2147483647,2147483647,-113,13,Swisscom,false,false
1429762263234,2147483647,2147483647,2147483647,2147483647,-113,13,Swisscom,false,false
1429762263234,2147483647,2147483647,2147483647,2147483647,-113,13,Swisscom,false,false
1429762263234,2147483647,2147483647,2147483647,2147483647,-113,13,Swisscom,false,false
1429762263234,2147483647,2147483647,2147483647,2147483647,-113,13,Swisscom,false,false
1429762263234,2147483647,2147483647,2147483647,2147483647,-113,13,Swisscom,false,false
1429762263234,2147483647,2147483647,2147483647,2147483647,0,13,Swisscom,false,false
1429762263234,2147483647,2147483647,2147483647,2147483647,0,13,Swisscom,false,false
1429762263234,2147483647,2147483647,2147483647,2147483647,0,13,Swisscom,false,false
1429762323285,17432577,2222,1,228,-112,13,Swisscom,true,false
1429762323285,3,2147483647,2147483647,2147483647,-123,13,Swisscom,false,false
1429762323285,2147483647,2147483647,2147483647,2147483647,-113,13,Swisscom,false,false
1429762323285,2147483647,2147483647,2147483647,2147483647,-113,13,Swisscom,false,false
1429762323285,2147483647,2147483647,2147483647,2147483647,-113,13,Swisscom,false,false
1429762323285,2147483647,2147483647,2147483647,2147483647,-113,13,Swisscom,false,false
1429762323285,2147483647,2147483647,2147483647,2147483647,-113,13,Swisscom,false,false
1429762323285,2147483647,2147483647,2147483647,2147483647,-113,13,Swisscom,false,false
1429762323285,2147483647,2147483647,2147483647,2147483647,-113,13,Swisscom,false,false
1429762323285,2147483647,2147483647,2147483647,2147483647,-113,13,Swisscom,false,false
1429762323285,2147483647,2147483647,2147483647,2147483647,-113,13,Swisscom,false,false
1429762323285,2147483647,2147483647,2147483647,2147483647,-113,13,Swisscom,false,false
1429762323285,2147483647,2147483647,2147483647,2147483647,-113,13,Swisscom,false,false
1429762323285,2147483647,2147483647,2147483647,2147483647,-113,13,Swisscom,false,false
1429762323285,2147483647,2147483647,2147483647,2147483647,0,13,Swisscom,false,false
1429762323285,2147483647,2147483647,2147483647,2147483647,0,13,Swisscom,false,false
1429762323285,2147483647,2147483647,2147483647,2147483647,0,13,Swisscom,false,false
1429762383442,17432577,2222,1,228,-112,13,Swisscom,true,false
1429762383442,3,2147483647,2147483647,2147483647,-122,13,Swisscom,false,false
1429762383442,2147483647,2147483647,2147483647,2147483647,-113,13,Swisscom,false,false
1429762383442,2147483647,2147483647,2147483647,2147483647,-113,13,Swisscom,false,false
1429762383442,2147483647,2147483647,2147483647,2147483647,-113,13,Swisscom,false,false
1429762383442,2147483647,2147483647,2147483647,2147483647,-113,13,Swisscom,false,false
1429762383442,2147483647,2147483647,2147483647,2147483647,-113,13,Swisscom,false,false
1429762383442,2147483647,2147483647,2147483647,2147483647,-113,13,Swisscom,false,false
1429762383442,2147483647,2147483647,2147483647,2147483647,-113,13,Swisscom,false,false
1429762383442,2147483647,2147483647,2147483647,2147483647,-113,13,Swisscom,false,false
1429762383442,2147483647,2147483647,2147483647,2147483647,-113,13,Swisscom,false,false
1429762383442,2147483647,2147483647,2147483647,2147483647,-113,13,Swisscom,false,false
1429762383442,2147483647,2147483647,2147483647,2147483647,-113,13,Swisscom,false,false
1429762383442,2147483647,2147483647,2147483647,2147483647,-113,13,Swisscom,false,false
1429762383442,2147483647,2147483647,2147483647,2147483647,0,13,Swisscom,false,false
1429762383442,2147483647,2147483647,2147483647,2147483647,0,13,Swisscom,false,false
1429762383442,2147483647,2147483647,2147483647,2147483647,0,13,Swisscom,false,false
1429762443533,17432577,2222,1,228,-111,13,Swisscom,true,false
1429762443533,3,2147483647,2147483647,2147483647,-123,13,Swisscom,false,false
1429762443533,2147483647,2147483647,2147483647,2147483647,-113,13,Swisscom,false,false
1429762443533,2147483647,2147483647,2147483647,2147483647,-113,13,Swisscom,false,false
1429762443533,2147483647,2147483647,2147483647,2147483647,-113,13,Swisscom,false,false
1429762443533,2147483647,2147483647,2147483647,2147483647,-113,13,Swisscom,false,false
1429762443533,2147483647,2147483647,2147483647,2147483647,-113,13,Swisscom,false,false
1429762443533,2147483647,2147483647,2147483647,2147483647,-113,13,Swisscom,false,false
1429762443533,2147483647,2147483647,2147483647,2147483647,-113,13,Swisscom,false,false
1429762443533,2147483647,2147483647,2147483647,2147483647,-113,13,Swisscom,false,false
1429762443533,2147483647,2147483647,2147483647,2147483647,-113,13,Swisscom,false,false
1429762443533,2147483647,2147483647,2147483647,2147483647,-113,13,Swisscom,false,false
1429762443533,2147483647,2147483647,2147483647,2147483647,-113,13,Swisscom,false,false
1429762443533,2147483647,2147483647,2147483647,2147483647,-113,13,Swisscom,false,false
1429762443533,2147483647,2147483647,2147483647,2147483647,0,13,Swisscom,false,false
1429762443533,2147483647,2147483647,2147483647,2147483647,0,13,Swisscom,false,false
1429762443533,2147483647,2147483647,2147483647,2147483647,0,13,Swisscom,false,false
1429762503712,17432577,2222,1,228,-111,13,Swisscom,true,false
1429762503712,3,2147483647,2147483647,2147483647,-122,13,Swisscom,false,false
1429762503712,2147483647,2147483647,2147483647,2147483647,-113,13,Swisscom,false,false
1429762503712,2147483647,2147483647,2147483647,2147483647,-113,13,Swisscom,false,false
1429762503712,2147483647,2147483647,2147483647,2147483647,-113,13,Swisscom,false,false
1429762503712,2147483647,2147483647,2147483647,2147483647,-113,13,Swisscom,false,false
1429762503712,2147483647,2147483647,2147483647,2147483647,-113,13,Swisscom,false,false
1429762503712,2147483647,2147483647,2147483647,2147483647,-113,13,Swisscom,false,false
1429762503712,2147483647,2147483647,2147483647,2147483647,-113,13,Swisscom,false,false
1429762503712,2147483647,2147483647,2147483647,2147483647,-113,13,Swisscom,false,false
1429762503712,2147483647,2147483647,2147483647,2147483647,-113,13,Swisscom,false,false
1429762503712,2147483647,2147483647,2147483647,2147483647,-113,13,Swisscom,false,false
1429762503712,2147483647,2147483647,2147483647,2147483647,-113,13,Swisscom,false,false
1429762503712,2147483647,2147483647,2147483647,2147483647,-113,13,Swisscom,false,false
1429762503712,2147483647,2147483647,2147483647,2147483647,0,13,Swisscom,false,false
1429762503712,2147483647,2147483647,2147483647,2147483647,0,13,Swisscom,false,false
1429762503712,2147483647,2147483647,2147483647,2147483647,0,13,Swisscom,false,false
1429762563786,17432577,2222,1,228,-111,13,Swisscom,true,false
1429762563786,2147483647,2147483647,2147483647,2147483647,-113,13,Swisscom,false,false
1429762563786,2147483647,2147483647,2147483647,2147483647,-113,13,Swisscom,false,false
1429762563786,2147483647,2147483647,2147483647,2147483647,-113,13,Swisscom,false,false
1429762563786,2147483647,2147483647,2147483647,2147483647,-113,13,Swisscom,false,false
1429762563786,2147483647,2147483647,2147483647,2147483647,-113,13,Swisscom,false,false
1429762563786,2147483647,2147483647,2147483647,2147483647,-113,13,Swisscom,false,false
1429762563786,2147483647,2147483647,2147483647,2147483647,-113,13,Swisscom,false,false
1429762563786,2147483647,2147483647,2147483647,2147483647,-113,13,Swisscom,false,false
1429762563786,2147483647,2147483647,2147483647,2147483647,-113,13,Swisscom,false,false
1429762563786,2147483647,2147483647,2147483647,2147483647,-113,13,Swisscom,false,false
1429762563786,2147483647,2147483647,2147483647,2147483647,-113,13,Swisscom,false,false
1429762563786,2147483647,2147483647,2147483647,2147483647,-113,13,Swisscom,false,false
1429762563786,2147483647,2147483647,2147483647,2147483647,0,13,Swisscom,false,false
1429762563786,2147483647,2147483647,2147483647,2147483647,0,13,Swisscom,false,false
1429762563786,2147483647,2147483647,2147483647,2147483647,0,13,Swisscom,false,false
1429762623954,17432577,2222,1,228,-111,13,Swisscom,true,false
1429762623954,3,2147483647,2147483647,2147483647,-123,13,Swisscom,false,false
1429762623954,2147483647,2147483647,2147483647,2147483647,-113,13,Swisscom,false,false
1429762623954,2147483647,2147483647,2147483647,2147483647,-113,13,Swisscom,false,false
1429762623954,2147483647,2147483647,2147483647,2147483647,-113,13,Swisscom,false,false
1429762623954,2147483647,2147483647,2147483647,2147483647,-113,13,Swisscom,false,false
1429762623954,2147483647,2147483647,2147483647,2147483647,-113,13,Swisscom,false,false
1429762623954,2147483647,2147483647,2147483647,2147483647,-113,13,Swisscom,false,false
1429762623954,2147483647,2147483647,2147483647,2147483647,-113,13,Swisscom,false,false
1429762623954,2147483647,2147483647,2147483647,2147483647,-113,13,Swisscom,false,false
1429762623954,2147483647,2147483647,2147483647,2147483647,-113,13,Swisscom,false,false
1429762623954,2147483647,2147483647,2147483647,2147483647,-113,13,Swisscom,false,false
1429762623954,2147483647,2147483647,2147483647,2147483647,-113,13,Swisscom,false,false
1429762623954,2147483647,2147483647,2147483647,2147483647,-113,13,Swisscom,false,false
1429762623954,2147483647,2147483647,2147483647,2147483647,0,13,Swisscom,false,false
1429762623954,2147483647,2147483647,2147483647,2147483647,0,13,Swisscom,false,false
1429762623954,2147483647,2147483647,2147483647,2147483647,0,13,Swisscom,false,false
1429762684069,17432577,2222,1,228,-112,13,Swisscom,true,false
1429762684069,3,2147483647,2147483647,2147483647,-123,13,Swisscom,false,false
1429762684069,2147483647,2147483647,2147483647,2147483647,-113,13,Swisscom,false,false
1429762684069,2147483647,2147483647,2147483647,2147483647,-113,13,Swisscom,false,false
1429762684069,2147483647,2147483647,2147483647,2147483647,-113,13,Swisscom,false,false
1429762684069,2147483647,2147483647,2147483647,2147483647,-113,13,Swisscom,false,false
1429762684069,2147483647,2147483647,2147483647,2147483647,-113,13,Swisscom,false,false
1429762684069,2147483647,2147483647,2147483647,2147483647,-113,13,Swisscom,false,false
1429762684069,2147483647,2147483647,2147483647,2147483647,-113,13,Swisscom,false,false
1429762684069,2147483647,2147483647,2147483647,2147483647,-113,13,Swisscom,false,false
1429762684069,2147483647,2147483647,2147483647,2147483647,-113,13,Swisscom,false,false
1429762684069,2147483647,2147483647,2147483647,2147483647,-113,13,Swisscom,false,false
1429762684069,2147483647,2147483647,2147483647,2147483647,-113,13,Swisscom,false,false
1429762684069,2147483647,2147483647,2147483647,2147483647,-113,13,Swisscom,false,false
1429762684069,2147483647,2147483647,2147483647,2147483647,0,13,Swisscom,false,false
1429762684069,2147483647,2147483647,2147483647,2147483647,0,13,Swisscom,false,false
1429762684069,2147483647,2147483647,2147483647,2147483647,0,13,Swisscom,false,false
1429762744056,17432577,2222,1,228,-112,13,Swisscom,true,false
1429762744056,3,2147483647,2147483647,2147483647,-120,13,Swisscom,false,false
1429762835198,17432577,2222,1,228,-112,13,Swisscom,true,false
1429762835198,2147483647,2147483647,2147483647,2147483647,-113,13,Swisscom,false,false
1429762835198,2147483647,2147483647,2147483647,2147483647,-113,13,Swisscom,false,false
1429762835198,2147483647,2147483647,2147483647,2147483647,-113,13,Swisscom,false,false
1429762835198,2147483647,2147483647,2147483647,2147483647,-113,13,Swisscom,false,false
1429762835198,2147483647,2147483647,2147483647,2147483647,-113,13,Swisscom,false,false
1429762835198,2147483647,2147483647,2147483647,2147483647,-113,13,Swisscom,false,false
1429762835198,2147483647,2147483647,2147483647,2147483647,-113,13,Swisscom,false,false
1429762835198,2147483647,2147483647,2147483647,2147483647,-113,13,Swisscom,false,false
1429762835198,2147483647,2147483647,2147483647,2147483647,-113,13,Swisscom,false,false
1429762835198,2147483647,2147483647,2147483647,2147483647,-113,13,Swisscom,false,false
1429762835198,2147483647,2147483647,2147483647,2147483647,-113,13,Swisscom,false,false
1429762835198,2147483647,2147483647,2147483647,2147483647,-113,13,Swisscom,false,false
1429762835198,2147483647,2147483647,2147483647,2147483647,0,13,Swisscom,false,false
1429762835198,2147483647,2147483647,2147483647,2147483647,0,13,Swisscom,false,false
1429762835198,2147483647,2147483647,2147483647,2147483647,0,13,Swisscom,false,false
1429762895229,17432577,2222,1,228,-112,13,Swisscom,true,false
1429762895229,3,2147483647,2147483647,2147483647,-121,13,Swisscom,false,false
1429762895229,2147483647,2147483647,2147483647,2147483647,-113,13,Swisscom,false,false
1429762895229,2147483647,2147483647,2147483647,2147483647,-113,13,Swisscom,false,false
1429762895229,2147483647,2147483647,2147483647,2147483647,-113,13,Swisscom,false,false
1429762895229,2147483647,2147483647,2147483647,2147483647,-113,13,Swisscom,false,false
1429762895229,2147483647,2147483647,2147483647,2147483647,-113,13,Swisscom,false,false
1429762895229,2147483647,2147483647,2147483647,2147483647,-113,13,Swisscom,false,false
1429762895229,2147483647,2147483647,2147483647,2147483647,-113,13,Swisscom,false,false
1429762895229,2147483647,2147483647,2147483647,2147483647,-113,13,Swisscom,false,false
1429762895229,2147483647,2147483647,2147483647,2147483647,-113,13,Swisscom,false,false
1429762895229,2147483647,2147483647,2147483647,2147483647,-113,13,Swisscom,false,false
1429762895229,2147483647,2147483647,2147483647,2147483647,-113,13,Swisscom,false,false
1429762895229,2147483647,2147483647,2147483647,2147483647,-113,13,Swisscom,false,false
1429762895229,2147483647,2147483647,2147483647,2147483647,0,13,Swisscom,false,false
1429762895229,2147483647,2147483647,2147483647,2147483647,0,13,Swisscom,false,false
1429762895229,2147483647,2147483647,2147483647,2147483647,0,13,Swisscom,false,false
1429762984671,17432577,2222,1,228,-112,13,Swisscom,true,false
1429762984671,2147483647,2147483647,2147483647,2147483647,-113,13,Swisscom,false,false
1429762984671,2147483647,2147483647,2147483647,2147483647,-113,13,Swisscom,false,false
1429762984671,2147483647,2147483647,2147483647,2147483647,-113,13,Swisscom,false,false
1429762984671,2147483647,2147483647,2147483647,2147483647,-113,13,Swisscom,false,false
1429762984671,2147483647,2147483647,2147483647,2147483647,-113,13,Swisscom,false,false
1429762984671,2147483647,2147483647,2147483647,2147483647,-113,13,Swisscom,false,false
1429762984671,2147483647,2147483647,2147483647,2147483647,-113,13,Swisscom,false,false
1429762984671,2147483647,2147483647,2147483647,2147483647,-113,13,Swisscom,false,false
1429762984671,2147483647,2147483647,2147483647,2147483647,-113,13,Swisscom,false,false
1429762984671,2147483647,2147483647,2147483647,2147483647,-113,13,Swisscom,false,false
1429762984671,2147483647,2147483647,2147483647,2147483647,-113,13,Swisscom,false,false
1429762984671,2147483647,2147483647,2147483647,2147483647,-113,13,Swisscom,false,false
1429762984671,2147483647,2147483647,2147483647,2147483647,0,13,Swisscom,false,false
1429762984671,2147483647,2147483647,2147483647,2147483647,0,13,Swisscom,false,false
1429762984671,2147483647,2147483647,2147483647,2147483647,0,13,Swisscom,false,false
1429763044711,17432577,2222,1,228,-112,13,Swisscom,true,false
1429763104871,17432577,2222,1,228,-112,13,Swisscom,true,false
1429763104871,2147483647,2147483647,2147483647,2147483647,-113,13,Swisscom,false,false
1429763104871,2147483647,2147483647,2147483647,2147483647,-113,13,Swisscom,false,false
1429763104871,2147483647,2147483647,2147483647,2147483647,-113,13,Swisscom,false,false
1429763104871,2147483647,2147483647,2147483647,2147483647,-113,13,Swisscom,false,false
1429763104871,2147483647,2147483647,2147483647,2147483647,-113,13,Swisscom,false,false
1429763104871,2147483647,2147483647,2147483647,2147483647,-113,13,Swisscom,false,false
1429763104871,2147483647,2147483647,2147483647,2147483647,-113,13,Swisscom,false,false
1429763104871,2147483647,2147483647,2147483647,2147483647,-113,13,Swisscom,false,false
1429763104871,2147483647,2147483647,2147483647,2147483647,-113,13,Swisscom,false,false
1429763104871,2147483647,2147483647,2147483647,2147483647,-113,13,Swisscom,false,false
1429763104871,2147483647,2147483647,2147483647,2147483647,-113,13,Swisscom,false,false
1429763104871,2147483647,2147483647,2147483647,2147483647,-113,13,Swisscom,false,false
1429763104871,2147483647,2147483647,2147483647,2147483647,0,13,Swisscom,false,false
1429763104871,2147483647,2147483647,2147483647,2147483647,0,13,Swisscom,false,false
1429763104871,2147483647,2147483647,2147483647,2147483647,0,13,Swisscom,false,false
1429763164916,17432577,2222,1,228,-112,13,Swisscom,true,false
1429763164916,2147483647,2147483647,2147483647,2147483647,-113,13,Swisscom,false,false
1429763164916,2147483647,2147483647,2147483647,2147483647,-113,13,Swisscom,false,false
1429763164916,2147483647,2147483647,2147483647,2147483647,-113,13,Swisscom,false,false
1429763164916,2147483647,2147483647,2147483647,2147483647,-113,13,Swisscom,false,false
1429763164916,2147483647,2147483647,2147483647,2147483647,-113,13,Swisscom,false,false
1429763164916,2147483647,2147483647,2147483647,2147483647,-113,13,Swisscom,false,false
1429763164916,2147483647,2147483647,2147483647,2147483647,-113,13,Swisscom,false,false
1429763164916,2147483647,2147483647,2147483647,2147483647,-113,13,Swisscom,false,false
1429763164916,2147483647,2147483647,2147483647,2147483647,-113,13,Swisscom,false,false
1429763164916,2147483647,2147483647,2147483647,2147483647,-113,13,Swisscom,false,false
1429763164916,2147483647,2147483647,2147483647,2147483647,-113,13,Swisscom,false,false
1429763164916,2147483647,2147483647,2147483647,2147483647,-113,13,Swisscom,false,false
1429763164916,2147483647,2147483647,2147483647,2147483647,0,13,Swisscom,false,false
1429763164916,2147483647,2147483647,2147483647,2147483647,0,13,Swisscom,false,false
1429763164916,2147483647,2147483647,2147483647,2147483647,0,13,Swisscom,false,false
1429763225010,17432577,2222,1,228,-112,13,Swisscom,true,false
1429763225010,2147483647,2147483647,2147483647,2147483647,-113,13,Swisscom,false,false
1429763225010,2147483647,2147483647,2147483647,2147483647,-113,13,Swisscom,false,false
1429763225010,2147483647,2147483647,2147483647,2147483647,-113,13,Swisscom,false,false
1429763225010,2147483647,2147483647,2147483647,2147483647,-113,13,Swisscom,false,false
1429763225010,2147483647,2147483647,2147483647,2147483647,-113,13,Swisscom,false,false
1429763225010,2147483647,2147483647,2147483647,2147483647,-113,13,Swisscom,false,false
1429763225010,2147483647,2147483647,2147483647,2147483647,-113,13,Swisscom,false,false
1429763225010,2147483647,2147483647,2147483647,2147483647,-113,13,Swisscom,false,false
1429763225010,2147483647,2147483647,2147483647,2147483647,-113,13,Swisscom,false,false
1429763225010,2147483647,2147483647,2147483647,2147483647,-113,13,Swisscom,false,false
1429763225010,2147483647,2147483647,2147483647,2147483647,-113,13,Swisscom,false,false
1429763225010,2147483647,2147483647,2147483647,2147483647,-113,13,Swisscom,false,false
1429763225010,2147483647,2147483647,2147483647,2147483647,0,13,Swisscom,false,false
1429763225010,2147483647,2147483647,2147483647,2147483647,0,13,Swisscom,false,false
1429763225010,2147483647,2147483647,2147483647,2147483647,0,13,Swisscom,false,false
1429763285049,17432577,2222,1,228,-112,13,Swisscom,true,false
1429763285049,437,2147483647,2147483647,2147483647,-113,13,Swisscom,false,false
1429763285049,2147483647,2147483647,2147483647,2147483647,-113,13,Swisscom,false,false
1429763285049,2147483647,2147483647,2147483647,2147483647,-113,13,Swisscom,false,false
1429763285049,2147483647,2147483647,2147483647,2147483647,-113,13,Swisscom,false,false
1429763285049,2147483647,2147483647,2147483647,2147483647,-113,13,Swisscom,false,false
1429763285049,2147483647,2147483647,2147483647,2147483647,-113,13,Swisscom,false,false
1429763285049,2147483647,2147483647,2147483647,2147483647,-113,13,Swisscom,false,false
1429763285049,2147483647,2147483647,2147483647,2147483647,-113,13,Swisscom,false,false
1429763285049,2147483647,2147483647,2147483647,2147483647,-113,13,Swisscom,false,false
1429763285049,2147483647,2147483647,2147483647,2147483647,-113,13,Swisscom,false,false
1429763285049,2147483647,2147483647,2147483647,2147483647,-113,13,Swisscom,false,false
1429763285049,2147483647,2147483647,2147483647,2147483647,-113,13,Swisscom,false,false
1429763285049,2147483647,2147483647,2147483647,2147483647,-113,13,Swisscom,false,false
1429763285049,2147483647,2147483647,2147483647,2147483647,0,13,Swisscom,false,false
1429763285049,2147483647,2147483647,2147483647,2147483647,0,13,Swisscom,false,false
1429763285049,2147483647,2147483647,2147483647,2147483647,0,13,Swisscom,false,false
1429763345144,17432577,2222,1,228,-112,13,Swisscom,true,false
1429763345144,4,2147483647,2147483647,2147483647,-125,13,Swisscom,false,false
1429763405174,17432577,2222,1,228,-112,13,Swisscom,true,false
1429763405174,3,2147483647,2147483647,2147483647,-122,13,Swisscom,false,false
1429763405174,4,2147483647,2147483647,2147483647,-125,13,Swisscom,false,false
1429763465513,17432577,2222,1,228,-112,13,Swisscom,true,false
1429763465513,4,2147483647,2147483647,2147483647,-124,13,Swisscom,false,false
1429763465513,2147483647,2147483647,2147483647,2147483647,-113,13,Swisscom,false,false
1429763465513,2147483647,2147483647,2147483647,2147483647,-113,13,Swisscom,false,false
1429763465513,2147483647,2147483647,2147483647,2147483647,-113,13,Swisscom,false,false
1429763465513,2147483647,2147483647,2147483647,2147483647,-113,13,Swisscom,false,false
1429763465513,2147483647,2147483647,2147483647,2147483647,-113,13,Swisscom,false,false
1429763465513,2147483647,2147483647,2147483647,2147483647,-113,13,Swisscom,false,false
1429763465513,2147483647,2147483647,2147483647,2147483647,-113,13,Swisscom,false,false
1429763465513,2147483647,2147483647,2147483647,2147483647,-113,13,Swisscom,false,false
1429763465513,2147483647,2147483647,2147483647,2147483647,-113,13,Swisscom,false,false
1429763465513,2147483647,2147483647,2147483647,2147483647,-113,13,Swisscom,false,false
1429763465513,2147483647,2147483647,2147483647,2147483647,-113,13,Swisscom,false,false
1429763465513,2147483647,2147483647,2147483647,2147483647,-113,13,Swisscom,false,false
1429763465513,2147483647,2147483647,2147483647,2147483647,0,13,Swisscom,false,false
1429763465513,2147483647,2147483647,2147483647,2147483647,0,13,Swisscom,false,false
1429763525582,17432577,2222,1,228,-112,13,Swisscom,true,false
1429763525582,4,2147483647,2147483647,2147483647,-124,13,Swisscom,false,false
1429763525582,2147483647,2147483647,2147483647,2147483647,-113,13,Swisscom,false,false
1429763525582,2147483647,2147483647,2147483647,2147483647,-113,13,Swisscom,false,false
1429763525582,2147483647,2147483647,2147483647,2147483647,-113,13,Swisscom,false,false
1429763525582,2147483647,2147483647,2147483647,2147483647,-113,13,Swisscom,false,false
1429763525582,2147483647,2147483647,2147483647,2147483647,-113,13,Swisscom,false,false
1429763525582,2147483647,2147483647,2147483647,2147483647,-113,13,Swisscom,false,false
1429763525582,2147483647,2147483647,2147483647,2147483647,-113,13,Swisscom,false,false
1429763525582,2147483647,2147483647,2147483647,2147483647,-113,13,Swisscom,false,false
1429763525582,2147483647,2147483647,2147483647,2147483647,-113,13,Swisscom,false,false
1429763525582,2147483647,2147483647,2147483647,2147483647,-113,13,Swisscom,false,false
1429763525582,2147483647,2147483647,2147483647,2147483647,-113,13,Swisscom,false,false
1429763525582,2147483647,2147483647,2147483647,2147483647,-113,13,Swisscom,false,false
1429763525582,2147483647,2147483647,2147483647,2147483647,0,13,Swisscom,false,false
1429763525582,2147483647,2147483647,2147483647,2147483647,0,13,Swisscom,false,false
1429763525582,2147483647,2147483647,2147483647,2147483647,0,13,Swisscom,false,false
1429763585734,17432577,2222,1,228,-112,13,Swisscom,true,false
1429763585734,2147483647,2147483647,2147483647,2147483647,-113,13,Swisscom,false,false
1429763585734,2147483647,2147483647,2147483647,2147483647,-113,13,Swisscom,false,false
1429763585734,2147483647,2147483647,2147483647,2147483647,-113,13,Swisscom,false,false
1429763585734,2147483647,2147483647,2147483647,2147483647,-113,13,Swisscom,false,false
1429763585734,2147483647,2147483647,2147483647,2147483647,-113,13,Swisscom,false,false
1429763585734,2147483647,2147483647,2147483647,2147483647,-113,13,Swisscom,false,false
1429763585734,2147483647,2147483647,2147483647,2147483647,-113,13,Swisscom,false,false
1429763585734,2147483647,2147483647,2147483647,2147483647,-113,13,Swisscom,false,false
1429763585734,2147483647,2147483647,2147483647,2147483647,-113,13,Swisscom,false,false
1429763585734,2147483647,2147483647,2147483647,2147483647,-113,13,Swisscom,false,false
1429763585734,2147483647,2147483647,2147483647,2147483647,-113,13,Swisscom,false,false
1429763585734,2147483647,2147483647,2147483647,2147483647,-113,13,Swisscom,false,false
1429763585734,2147483647,2147483647,2147483647,2147483647,0,13,Swisscom,false,false
1429763585734,2147483647,2147483647,2147483647,2147483647,0,13,Swisscom,false,false
1429763585734,2147483647,2147483647,2147483647,2147483647,0,13,Swisscom,false,false
1429763645962,17432577,2222,1,228,-112,13,Swisscom,true,false
1429763645962,3,2147483647,2147483647,2147483647,-122,13,Swisscom,false,false
1429763645962,4,2147483647,2147483647,2147483647,-124,13,Swisscom,false,false
1429763645962,2147483647,2147483647,2147483647,2147483647,-113,13,Swisscom,false,false
1429763645962,2147483647,2147483647,2147483647,2147483647,-113,13,Swisscom,false,false
1429763645962,2147483647,2147483647,2147483647,2147483647,-113,13,Swisscom,false,false
1429763645962,2147483647,2147483647,2147483647,2147483647,-113,13,Swisscom,false,false
1429763645962,2147483647,2147483647,2147483647,2147483647,-113,13,Swisscom,false,false
1429763645962,2147483647,2147483647,2147483647,2147483647,-113,13,Swisscom,false,false
1429763645962,2147483647,2147483647,2147483647,2147483647,-113,13,Swisscom,false,false
1429763645962,2147483647,2147483647,2147483647,2147483647,-113,13,Swisscom,false,false
1429763645962,2147483647,2147483647,2147483647,2147483647,-113,13,Swisscom,false,false
1429763645962,2147483647,2147483647,2147483647,2147483647,-113,13,Swisscom,false,false
1429763645962,2147483647,2147483647,2147483647,2147483647,-113,13,Swisscom,false,false
1429763645962,2147483647,2147483647,2147483647,2147483647,-113,13,Swisscom,false,false
1429763645962,2147483647,2147483647,2147483647,2147483647,0,13,Swisscom,false,false
1429763645962,2147483647,2147483647,2147483647,2147483647,0,13,Swisscom,false,false
1429763645962,2147483647,2147483647,2147483647,2147483647,0,13,Swisscom,false,false
1429763705966,17432577,2222,1,228,-112,13,Swisscom,true,false
1429763705966,3,2147483647,2147483647,2147483647,-123,13,Swisscom,false,false
1429763705966,4,2147483647,2147483647,2147483647,-123,13,Swisscom,false,false
1429763705966,2147483647,2147483647,2147483647,2147483647,-113,13,Swisscom,false,false
1429763705966,2147483647,2147483647,2147483647,2147483647,-113,13,Swisscom,false,false
1429763705966,2147483647,2147483647,2147483647,2147483647,-113,13,Swisscom,false,false
1429763705966,2147483647,2147483647,2147483647,2147483647,-113,13,Swisscom,false,false
1429763705966,2147483647,2147483647,2147483647,2147483647,-113,13,Swisscom,false,false
1429763705966,2147483647,2147483647,2147483647,2147483647,-113,13,Swisscom,false,false
1429763705966,2147483647,2147483647,2147483647,2147483647,-113,13,Swisscom,false,false
1429763705966,2147483647,2147483647,2147483647,2147483647,-113,13,Swisscom,false,false
1429763705966,2147483647,2147483647,2147483647,2147483647,-113,13,Swisscom,false,false
1429763705966,2147483647,2147483647,2147483647,2147483647,-113,13,Swisscom,false,false
1429763705966,2147483647,2147483647,2147483647,2147483647,-113,13,Swisscom,false,false
1429763705966,2147483647,2147483647,2147483647,2147483647,-113,13,Swisscom,false,false
1429763705966,2147483647,2147483647,2147483647,2147483647,0,13,Swisscom,false,false
1429763705966,2147483647,2147483647,2147483647,2147483647,0,13,Swisscom,false,false
1429763705966,2147483647,2147483647,2147483647,2147483647,0,13,Swisscom,false,false
1429763766014,17432577,2222,1,228,-111,13,Swisscom,true,false
1429763766014,4,2147483647,2147483647,2147483647,-124,13,Swisscom,false,false
1429763766014,3,2147483647,2147483647,2147483647,-122,13,Swisscom,false,false
1429763766014,2147483647,2147483647,2147483647,2147483647,-113,13,Swisscom,false,false
1429763766014,2147483647,2147483647,2147483647,2147483647,-113,13,Swisscom,false,false
1429763766014,2147483647,2147483647,2147483647,2147483647,-113,13,Swisscom,false,false
1429763766014,2147483647,2147483647,2147483647,2147483647,-113,13,Swisscom,false,false
1429763766014,2147483647,2147483647,2147483647,2147483647,-113,13,Swisscom,false,false
1429763766014,2147483647,2147483647,2147483647,2147483647,-113,13,Swisscom,false,false
1429763766014,2147483647,2147483647,2147483647,2147483647,-113,13,Swisscom,false,false
1429763766014,2147483647,2147483647,2147483647,2147483647,-113,13,Swisscom,false,false
1429763766014,2147483647,2147483647,2147483647,2147483647,-113,13,Swisscom,false,false
1429763766014,2147483647,2147483647,2147483647,2147483647,-113,13,Swisscom,false,false
1429763766014,2147483647,2147483647,2147483647,2147483647,-113,13,Swisscom,false,false
1429763766014,2147483647,2147483647,2147483647,2147483647,-113,13,Swisscom,false,false
1429763766014,2147483647,2147483647,2147483647,2147483647,0,13,Swisscom,false,false
1429763766014,2147483647,2147483647,2147483647,2147483647,0,13,Swisscom,false,false
1429763766014,2147483647,2147483647,2147483647,2147483647,0,13,Swisscom,false,false
1429763826159,17432577,2222,1,228,-112,13,Swisscom,true,false
1429763826159,3,2147483647,2147483647,2147483647,-122,13,Swisscom,false,false
1429763826159,4,2147483647,2147483647,2147483647,-124,13,Swisscom,false,false
1429763826159,2147483647,2147483647,2147483647,2147483647,-113,13,Swisscom,false,false
1429763826159,2147483647,2147483647,2147483647,2147483647,-113,13,Swisscom,false,false
1429763826159,2147483647,2147483647,2147483647,2147483647,-113,13,Swisscom,false,false
1429763826159,2147483647,2147483647,2147483647,2147483647,-113,13,Swisscom,false,false
1429763826159,2147483647,2147483647,2147483647,2147483647,-113,13,Swisscom,false,false
1429763826159,2147483647,2147483647,2147483647,2147483647,-113,13,Swisscom,false,false
1429763826159,2147483647,2147483647,2147483647,2147483647,-113,13,Swisscom,false,false
1429763826159,2147483647,2147483647,2147483647,2147483647,-113,13,Swisscom,false,false
1429763826159,2147483647,2147483647,2147483647,2147483647,-113,13,Swisscom,false,false
1429763826159,2147483647,2147483647,2147483647,2147483647,-113,13,Swisscom,false,false
1429763826159,2147483647,2147483647,2147483647,2147483647,-113,13,Swisscom,false,false
1429763826159,2147483647,2147483647,2147483647,2147483647,-113,13,Swisscom,false,false
1429763826159,2147483647,2147483647,2147483647,2147483647,0,13,Swisscom,false,false
1429763826159,2147483647,2147483647,2147483647,2147483647,0,13,Swisscom,false,false
1429763826159,2147483647,2147483647,2147483647,2147483647,0,13,Swisscom,false,false
1429763886076,17432577,2222,1,228,-112,13,Swisscom,true,false
1429763886076,3,2147483647,2147483647,2147483647,-122,13,Swisscom,false,false
1429763886076,4,2147483647,2147483647,2147483647,-125,13,Swisscom,false,false
1429763886076,2147483647,2147483647,2147483647,2147483647,-113,13,Swisscom,false,false
1429763886076,2147483647,2147483647,2147483647,2147483647,-113,13,Swisscom,false,false
1429763886076,2147483647,2147483647,2147483647,2147483647,-113,13,Swisscom,false,false
1429763886076,2147483647,2147483647,2147483647,2147483647,-113,13,Swisscom,false,false
1429763886076,2147483647,2147483647,2147483647,2147483647,-113,13,Swisscom,false,false
1429763886076,2147483647,2147483647,2147483647,2147483647,-113,13,Swisscom,false,false
1429763886076,2147483647,2147483647,2147483647,2147483647,-113,13,Swisscom,false,false
1429763886076,2147483647,2147483647,2147483647,2147483647,-113,13,Swisscom,false,false
1429763886076,2147483647,2147483647,2147483647,2147483647,-113,13,Swisscom,false,false
1429763886076,2147483647,2147483647,2147483647,2147483647,-113,13,Swisscom,false,false
1429763886076,2147483647,2147483647,2147483647,2147483647,-113,13,Swisscom,false,false
1429763886076,2147483647,2147483647,2147483647,2147483647,-113,13,Swisscom,false,false
1429763886076,2147483647,2147483647,2147483647,2147483647,0,13,Swisscom,false,false
1429763886076,2147483647,2147483647,2147483647,2147483647,0,13,Swisscom,false,false
1429763886076,2147483647,2147483647,2147483647,2147483647,0,13,Swisscom,false,false
1429763946182,17432577,2222,1,228,-112,13,Swisscom,true,false
1429763946182,3,2147483647,2147483647,2147483647,-122,13,Swisscom,false,false
1429763946182,2147483647,2147483647,2147483647,2147483647,-113,13,Swisscom,false,false
1429763946182,2147483647,2147483647,2147483647,2147483647,-113,13,Swisscom,false,false
1429763946182,2147483647,2147483647,2147483647,2147483647,-113,13,Swisscom,false,false
1429763946182,2147483647,2147483647,2147483647,2147483647,-113,13,Swisscom,false,false
1429763946182,2147483647,2147483647,2147483647,2147483647,-113,13,Swisscom,false,false
1429763946182,2147483647,2147483647,2147483647,2147483647,-113,13,Swisscom,false,false
1429763946182,2147483647,2147483647,2147483647,2147483647,-113,13,Swisscom,false,false
1429763946182,2147483647,2147483647,2147483647,2147483647,-113,13,Swisscom,false,false
1429763946182,2147483647,2147483647,2147483647,2147483647,-113,13,Swisscom,false,false
1429763946182,2147483647,2147483647,2147483647,2147483647,-113,13,Swisscom,false,false
1429763946182,2147483647,2147483647,2147483647,2147483647,-113,13,Swisscom,false,false
1429763946182,2147483647,2147483647,2147483647,2147483647,-113,13,Swisscom,false,false
1429763946182,2147483647,2147483647,2147483647,2147483647,0,13,Swisscom,false,false
1429763946182,2147483647,2147483647,2147483647,2147483647,0,13,Swisscom,false,false
1429763946182,2147483647,2147483647,2147483647,2147483647,0,13,Swisscom,false,false
1429764006276,17432577,2222,1,228,-112,13,Swisscom,true,false
1429764006276,3,2147483647,2147483647,2147483647,-121,13,Swisscom,false,false
1429764006276,4,2147483647,2147483647,2147483647,-122,13,Swisscom,false,false
1429764066361,17432577,2222,1,228,-112,13,Swisscom,true,false
1429764066361,3,2147483647,2147483647,2147483647,-122,13,Swisscom,false,false
1429764066361,4,2147483647,2147483647,2147483647,-126,13,Swisscom,false,false
1429764066361,2147483647,2147483647,2147483647,2147483647,-113,13,Swisscom,false,false
1429764066361,2147483647,2147483647,2147483647,2147483647,-113,13,Swisscom,false,false
1429764066361,2147483647,2147483647,2147483647,2147483647,-113,13,Swisscom,false,false
1429764066361,2147483647,2147483647,2147483647,2147483647,-113,13,Swisscom,false,false
1429764066361,2147483647,2147483647,2147483647,2147483647,-113,13,Swisscom,false,false
1429764066361,2147483647,2147483647,2147483647,2147483647,-113,13,Swisscom,false,false
1429764066361,2147483647,2147483647,2147483647,2147483647,-113,13,Swisscom,false,false
1429764066361,2147483647,2147483647,2147483647,2147483647,-113,13,Swisscom,false,false
1429764066361,2147483647,2147483647,2147483647,2147483647,-113,13,Swisscom,false,false
1429764066361,2147483647,2147483647,2147483647,2147483647,-113,13,Swisscom,false,false
1429764066361,2147483647,2147483647,2147483647,2147483647,-113,13,Swisscom,false,false
1429764066361,2147483647,2147483647,2147483647,2147483647,-113,13,Swisscom,false,false
1429764066361,2147483647,2147483647,2147483647,2147483647,0,13,Swisscom,false,false
1429764066361,2147483647,2147483647,2147483647,2147483647,0,13,Swisscom,false,false
1429764126442,17432577,2222,1,228,-112,13,Swisscom,true,false
1429764126442,4,2147483647,2147483647,2147483647,-124,13,Swisscom,false,false
1429764126442,2147483647,2147483647,2147483647,2147483647,-113,13,Swisscom,false,false
1429764126442,2147483647,2147483647,2147483647,2147483647,-113,13,Swisscom,false,false
1429764126442,2147483647,2147483647,2147483647,2147483647,-113,13,Swisscom,false,false
1429764126442,2147483647,2147483647,2147483647,2147483647,-113,13,Swisscom,false,false
1429764126442,2147483647,2147483647,2147483647,2147483647,-113,13,Swisscom,false,false
1429764126442,2147483647,2147483647,2147483647,2147483647,-113,13,Swisscom,false,false
1429764126442,2147483647,2147483647,2147483647,2147483647,-113,13,Swisscom,false,false
1429764126442,2147483647,2147483647,2147483647,2147483647,-113,13,Swisscom,false,false
1429764126442,2147483647,2147483647,2147483647,2147483647,-113,13,Swisscom,false,false
1429764126442,2147483647,2147483647,2147483647,2147483647,-113,13,Swisscom,false,false
1429764126442,2147483647,2147483647,2147483647,2147483647,-113,13,Swisscom,false,false
1429764126442,2147483647,2147483647,2147483647,2147483647,-113,13,Swisscom,false,false
1429764126442,2147483647,2147483647,2147483647,2147483647,0,13,Swisscom,false,false
1429764126442,2147483647,2147483647,2147483647,2147483647,0,13,Swisscom,false,false
1429764126442,2147483647,2147483647,2147483647,2147483647,0,13,Swisscom,false,false
1429764186508,17432577,2222,1,228,-112,13,Swisscom,true,false
1429764186508,4,2147483647,2147483647,2147483647,-123,13,Swisscom,false,false
1429764186508,3,2147483647,2147483647,2147483647,-122,13,Swisscom,false,false
1429764186508,2147483647,2147483647,2147483647,2147483647,-113,13,Swisscom,false,false
1429764186508,2147483647,2147483647,2147483647,2147483647,-113,13,Swisscom,false,false
1429764186508,2147483647,2147483647,2147483647,2147483647,-113,13,Swisscom,false,false
1429764186508,2147483647,2147483647,2147483647,2147483647,-113,13,Swisscom,false,false
1429764186508,2147483647,2147483647,2147483647,2147483647,-113,13,Swisscom,false,false
1429764186508,2147483647,2147483647,2147483647,2147483647,-113,13,Swisscom,false,false
1429764186508,2147483647,2147483647,2147483647,2147483647,-113,13,Swisscom,false,false
1429764186508,2147483647,2147483647,2147483647,2147483647,-113,13,Swisscom,false,false
1429764186508,2147483647,2147483647,2147483647,2147483647,-113,13,Swisscom,false,false
1429764186508,2147483647,2147483647,2147483647,2147483647,-113,13,Swisscom,false,false
1429764186508,2147483647,2147483647,2147483647,2147483647,-113,13,Swisscom,false,false
1429764186508,2147483647,2147483647,2147483647,2147483647,-113,13,Swisscom,false,false
1429764186508,2147483647,2147483647,2147483647,2147483647,0,13,Swisscom,false,false
1429764186508,2147483647,2147483647,2147483647,2147483647,0,13,Swisscom,false,false
1429764246651,17432577,2222,1,228,-112,13,Swisscom,true,false
1429764246651,3,2147483647,2147483647,2147483647,-122,13,Swisscom,false,false
1429764246651,4,2147483647,2147483647,2147483647,-124,13,Swisscom,false,false
1429764246651,2147483647,2147483647,2147483647,2147483647,-113,13,Swisscom,false,false
1429764246651,2147483647,2147483647,2147483647,2147483647,-113,13,Swisscom,false,false
1429764246651,2147483647,2147483647,2147483647,2147483647,-113,13,Swisscom,false,false
1429764246651,2147483647,2147483647,2147483647,2147483647,-113,13,Swisscom,false,false
1429764246651,2147483647,2147483647,2147483647,2147483647,-113,13,Swisscom,false,false
1429764246651,2147483647,2147483647,2147483647,2147483647,-113,13,Swisscom,false,false
1429764246651,2147483647,2147483647,2147483647,2147483647,-113,13,Swisscom,false,false
1429764246651,2147483647,2147483647,2147483647,2147483647,-113,13,Swisscom,false,false
1429764246651,2147483647,2147483647,2147483647,2147483647,-113,13,Swisscom,false,false
1429764246651,2147483647,2147483647,2147483647,2147483647,-113,13,Swisscom,false,false
1429764246651,2147483647,2147483647,2147483647,2147483647,-113,13,Swisscom,false,false
1429764246651,2147483647,2147483647,2147483647,2147483647,-113,13,Swisscom,false,false
1429764246651,2147483647,2147483647,2147483647,2147483647,0,13,Swisscom,false,false
1429764246651,2147483647,2147483647,2147483647,2147483647,0,13,Swisscom,false,false
1429764246651,2147483647,2147483647,2147483647,2147483647,0,13,Swisscom,false,false
1429764306706,17432577,2222,1,228,-112,13,Swisscom,true,false
1429764306706,3,2147483647,2147483647,2147483647,-121,13,Swisscom,false,false
1429764306706,4,2147483647,2147483647,2147483647,-126,13,Swisscom,false,false
1429764306706,2147483647,2147483647,2147483647,2147483647,-113,13,Swisscom,false,false
1429764306706,2147483647,2147483647,2147483647,2147483647,-113,13,Swisscom,false,false
1429764306706,2147483647,2147483647,2147483647,2147483647,-113,13,Swisscom,false,false
1429764306706,2147483647,2147483647,2147483647,2147483647,-113,13,Swisscom,false,false
1429764306706,2147483647,2147483647,2147483647,2147483647,-113,13,Swisscom,false,false
1429764306706,2147483647,2147483647,2147483647,2147483647,-113,13,Swisscom,false,false
1429764306706,2147483647,2147483647,2147483647,2147483647,-113,13,Swisscom,false,false
1429764306706,2147483647,2147483647,2147483647,2147483647,-113,13,Swisscom,false,false
1429764306706,2147483647,2147483647,2147483647,2147483647,-113,13,Swisscom,false,false
1429764306706,2147483647,2147483647,2147483647,2147483647,-113,13,Swisscom,false,false
1429764306706,2147483647,2147483647,2147483647,2147483647,-113,13,Swisscom,false,false
1429764306706,2147483647,2147483647,2147483647,2147483647,-113,13,Swisscom,false,false
1429764306706,2147483647,2147483647,2147483647,2147483647,0,13,Swisscom,false,false
1429764306706,2147483647,2147483647,2147483647,2147483647,0,13,Swisscom,false,false
1429764366829,17432577,2222,1,228,-112,13,Swisscom,true,false
1429764366829,3,2147483647,2147483647,2147483647,-123,13,Swisscom,false,false
1429764366829,4,2147483647,2147483647,2147483647,-125,13,Swisscom,false,false
1429764366829,56,2147483647,2147483647,2147483647,-124,13,Swisscom,false,false
1429764366829,2147483647,2147483647,2147483647,2147483647,-113,13,Swisscom,false,false
1429764366829,2147483647,2147483647,2147483647,2147483647,-113,13,Swisscom,false,false
1429764366829,2147483647,2147483647,2147483647,2147483647,-113,13,Swisscom,false,false
1429764366829,2147483647,2147483647,2147483647,2147483647,-113,13,Swisscom,false,false
1429764366829,2147483647,2147483647,2147483647,2147483647,-113,13,Swisscom,false,false
1429764366829,2147483647,2147483647,2147483647,2147483647,-113,13,Swisscom,false,false
1429764366829,2147483647,2147483647,2147483647,2147483647,-113,13,Swisscom,false,false
1429764366829,2147483647,2147483647,2147483647,2147483647,-113,13,Swisscom,false,false
1429764366829,2147483647,2147483647,2147483647,2147483647,-113,13,Swisscom,false,false
1429764366829,2147483647,2147483647,2147483647,2147483647,-113,13,Swisscom,false,false
1429764366829,2147483647,2147483647,2147483647,2147483647,-113,13,Swisscom,false,false
1429764366829,2147483647,2147483647,2147483647,2147483647,-113,13,Swisscom,false,false
1429764366829,2147483647,2147483647,2147483647,2147483647,0,13,Swisscom,false,false
1429764366829,2147483647,2147483647,2147483647,2147483647,0,13,Swisscom,false,false
1429764426860,17432577,2222,1,228,-112,13,Swisscom,true,false
1429764426860,4,2147483647,2147483647,2147483647,-126,13,Swisscom,false,false
1429764426860,2147483647,2147483647,2147483647,2147483647,-113,13,Swisscom,false,false
1429764426860,2147483647,2147483647,2147483647,2147483647,-113,13,Swisscom,false,false
1429764426860,2147483647,2147483647,2147483647,2147483647,-113,13,Swisscom,false,false
1429764426860,2147483647,2147483647,2147483647,2147483647,-113,13,Swisscom,false,false
1429764426860,2147483647,2147483647,2147483647,2147483647,-113,13,Swisscom,false,false
1429764426860,2147483647,2147483647,2147483647,2147483647,-113,13,Swisscom,false,false
1429764426860,2147483647,2147483647,2147483647,2147483647,-113,13,Swisscom,false,false
1429764426860,2147483647,2147483647,2147483647,2147483647,-113,13,Swisscom,false,false
1429764426860,2147483647,2147483647,2147483647,2147483647,-113,13,Swisscom,false,false
1429764426860,2147483647,2147483647,2147483647,2147483647,-113,13,Swisscom,false,false
1429764426860,2147483647,2147483647,2147483647,2147483647,-113,13,Swisscom,false,false
1429764426860,2147483647,2147483647,2147483647,2147483647,-113,13,Swisscom,false,false
1429764426860,2147483647,2147483647,2147483647,2147483647,0,13,Swisscom,false,false
1429764426860,2147483647,2147483647,2147483647,2147483647,0,13,Swisscom,false,false
1429764486959,17432577,2222,1,228,-112,13,Swisscom,true,false
1429764486959,3,2147483647,2147483647,2147483647,-123,13,Swisscom,false,false
1429764486959,4,2147483647,2147483647,2147483647,-125,13,Swisscom,false,false
1429764486959,2147483647,2147483647,2147483647,2147483647,-113,13,Swisscom,false,false
1429764486959,2147483647,2147483647,2147483647,2147483647,-113,13,Swisscom,false,false
1429764486959,2147483647,2147483647,2147483647,2147483647,-113,13,Swisscom,false,false
1429764486959,2147483647,2147483647,2147483647,2147483647,-113,13,Swisscom,false,false
1429764486959,2147483647,2147483647,2147483647,2147483647,-113,13,Swisscom,false,false
1429764486959,2147483647,2147483647,2147483647,2147483647,-113,13,Swisscom,false,false
1429764486959,2147483647,2147483647,2147483647,2147483647,-113,13,Swisscom,false,false
1429764486959,2147483647,2147483647,2147483647,2147483647,-113,13,Swisscom,false,false
1429764486959,2147483647,2147483647,2147483647,2147483647,-113,13,Swisscom,false,false
1429764486959,2147483647,2147483647,2147483647,2147483647,-113,13,Swisscom,false,false
1429764486959,2147483647,2147483647,2147483647,2147483647,-113,13,Swisscom,false,false
1429764486959,2147483647,2147483647,2147483647,2147483647,-113,13,Swisscom,false,false
1429764486959,2147483647,2147483647,2147483647,2147483647,0,13,Swisscom,false,false
1429764486959,2147483647,2147483647,2147483647,2147483647,0,13,Swisscom,false,false
1429764486959,2147483647,2147483647,2147483647,2147483647,0,13,Swisscom,false,false
1429764547095,17432577,2222,1,228,-112,13,Swisscom,true,false
1429764547095,3,2147483647,2147483647,2147483647,-122,13,Swisscom,false,false
1429764547095,2147483647,2147483647,2147483647,2147483647,-113,13,Swisscom,false,false
1429764547095,2147483647,2147483647,2147483647,2147483647,-113,13,Swisscom,false,false
1429764547095,2147483647,2147483647,2147483647,2147483647,-113,13,Swisscom,false,false
1429764547095,2147483647,2147483647,2147483647,2147483647,-113,13,Swisscom,false,false
1429764547095,2147483647,2147483647,2147483647,2147483647,-113,13,Swisscom,false,false
1429764547095,2147483647,2147483647,2147483647,2147483647,-113,13,Swisscom,false,false
1429764547095,2147483647,2147483647,2147483647,2147483647,-113,13,Swisscom,false,false
1429764547095,2147483647,2147483647,2147483647,2147483647,-113,13,Swisscom,false,false
1429764547095,2147483647,2147483647,2147483647,2147483647,-113,13,Swisscom,false,false
1429764547095,2147483647,2147483647,2147483647,2147483647,-113,13,Swisscom,false,false
1429764547095,2147483647,2147483647,2147483647,2147483647,-113,13,Swisscom,false,false
1429764547095,2147483647,2147483647,2147483647,2147483647,-113,13,Swisscom,false,false
1429764547095,2147483647,2147483647,2147483647,2147483647,0,13,Swisscom,false,false
1429764547095,2147483647,2147483647,2147483647,2147483647,0,13,Swisscom,false,false
1429764547095,2147483647,2147483647,2147483647,2147483647,0,13,Swisscom,false,false
1429764607145,17432577,2222,1,228,-112,13,Swisscom,true,false
1429764607145,3,2147483647,2147483647,2147483647,-122,13,Swisscom,false,false
1429764607145,4,2147483647,2147483647,2147483647,-123,13,Swisscom,false,false
1429764607145,2147483647,2147483647,2147483647,2147483647,-113,13,Swisscom,false,false
1429764607145,2147483647,2147483647,2147483647,2147483647,-113,13,Swisscom,false,false
1429764607145,2147483647,2147483647,2147483647,2147483647,-113,13,Swisscom,false,false
1429764607145,2147483647,2147483647,2147483647,2147483647,-113,13,Swisscom,false,false
1429764607145,2147483647,2147483647,2147483647,2147483647,-113,13,Swisscom,false,false
1429764607145,2147483647,2147483647,2147483647,2147483647,-113,13,Swisscom,false,false
1429764607145,2147483647,2147483647,2147483647,2147483647,-113,13,Swisscom,false,false
1429764607145,2147483647,2147483647,2147483647,2147483647,-113,13,Swisscom,false,false
1429764607145,2147483647,2147483647,2147483647,2147483647,-113,13,Swisscom,false,false
1429764607145,2147483647,2147483647,2147483647,2147483647,-113,13,Swisscom,false,false
1429764607145,2147483647,2147483647,2147483647,2147483647,-113,13,Swisscom,false,false
1429764607145,2147483647,2147483647,2147483647,2147483647,-113,13,Swisscom,false,false
1429764607145,2147483647,2147483647,2147483647,2147483647,0,13,Swisscom,false,false
1429764607145,2147483647,2147483647,2147483647,2147483647,0,13,Swisscom,false,false
1429764607145,2147483647,2147483647,2147483647,2147483647,0,13,Swisscom,false,false
1429764667305,17432577,2222,1,228,-112,13,Swisscom,true,false
1429764667305,3,2147483647,2147483647,2147483647,-122,13,Swisscom,false,false
1429764727347,17432577,2222,1,228,-112,13,Swisscom,true,false
1429764727347,3,2147483647,2147483647,2147483647,-123,13,Swisscom,false,false
1429764727347,2147483647,2147483647,2147483647,2147483647,-113,13,Swisscom,false,false
1429764727347,2147483647,2147483647,2147483647,2147483647,-113,13,Swisscom,false,false
1429764727347,2147483647,2147483647,2147483647,2147483647,-113,13,Swisscom,false,false
1429764727347,2147483647,2147483647,2147483647,2147483647,-113,13,Swisscom,false,false
1429764727347,2147483647,2147483647,2147483647,2147483647,-113,13,Swisscom,false,false
1429764727347,2147483647,2147483647,2147483647,2147483647,-113,13,Swisscom,false,false
1429764727347,2147483647,2147483647,2147483647,2147483647,-113,13,Swisscom,false,false
1429764727347,2147483647,2147483647,2147483647,2147483647,-113,13,Swisscom,false,false
1429764727347,2147483647,2147483647,2147483647,2147483647,-113,13,Swisscom,false,false
1429764727347,2147483647,2147483647,2147483647,2147483647,-113,13,Swisscom,false,false
1429764727347,2147483647,2147483647,2147483647,2147483647,-113,13,Swisscom,false,false
1429764727347,2147483647,2147483647,2147483647,2147483647,-113,13,Swisscom,false,false
1429764727347,2147483647,2147483647,2147483647,2147483647,0,13,Swisscom,false,false
1429764727347,2147483647,2147483647,2147483647,2147483647,0,13,Swisscom,false,false
1429764727347,2147483647,2147483647,2147483647,2147483647,0,13,Swisscom,false,false
1429764787533,17432577,2222,1,228,-112,13,Swisscom,true,false
1429764787533,2147483647,2147483647,2147483647,2147483647,-113,13,Swisscom,false,false
1429764787533,2147483647,2147483647,2147483647,2147483647,-113,13,Swisscom,false,false
1429764787533,2147483647,2147483647,2147483647,2147483647,-113,13,Swisscom,false,false
1429764787533,2147483647,2147483647,2147483647,2147483647,-113,13,Swisscom,false,false
1429764787533,2147483647,2147483647,2147483647,2147483647,-113,13,Swisscom,false,false
1429764787533,2147483647,2147483647,2147483647,2147483647,-113,13,Swisscom,false,false
1429764787533,2147483647,2147483647,2147483647,2147483647,-113,13,Swisscom,false,false
1429764787533,2147483647,2147483647,2147483647,2147483647,-113,13,Swisscom,false,false
1429764787533,2147483647,2147483647,2147483647,2147483647,-113,13,Swisscom,false,false
1429764787533,2147483647,2147483647,2147483647,2147483647,-113,13,Swisscom,false,false
1429764787533,2147483647,2147483647,2147483647,2147483647,-113,13,Swisscom,false,false
1429764787533,2147483647,2147483647,2147483647,2147483647,-113,13,Swisscom,false,false
1429764787533,2147483647,2147483647,2147483647,2147483647,0,13,Swisscom,false,false
1429764787533,2147483647,2147483647,2147483647,2147483647,0,13,Swisscom,false,false
1429764787533,2147483647,2147483647,2147483647,2147483647,0,13,Swisscom,false,false
1429764847648,17432577,2222,1,228,-112,13,Swisscom,true,false
1429764847648,4,2147483647,2147483647,2147483647,-125,13,Swisscom,false,false
1429764907751,17432577,2222,1,228,-112,13,Swisscom,true,false
1429764907751,3,2147483647,2147483647,2147483647,-123,13,Swisscom,false,false
1429764907751,2147483647,2147483647,2147483647,2147483647,-113,13,Swisscom,false,false
1429764907751,2147483647,2147483647,2147483647,2147483647,-113,13,Swisscom,false,false
1429764907751,2147483647,2147483647,2147483647,2147483647,-113,13,Swisscom,false,false
1429764907751,2147483647,2147483647,2147483647,2147483647,-113,13,Swisscom,false,false
1429764907751,2147483647,2147483647,2147483647,2147483647,-113,13,Swisscom,false,false
1429764907751,2147483647,2147483647,2147483647,2147483647,-113,13,Swisscom,false,false
1429764907751,2147483647,2147483647,2147483647,2147483647,-113,13,Swisscom,false,false
1429764907751,2147483647,2147483647,2147483647,2147483647,-113,13,Swisscom,false,false
1429764907751,2147483647,2147483647,2147483647,2147483647,-113,13,Swisscom,false,false
1429764907751,2147483647,2147483647,2147483647,2147483647,-113,13,Swisscom,false,false
1429764907751,2147483647,2147483647,2147483647,2147483647,-113,13,Swisscom,false,false
1429764907751,2147483647,2147483647,2147483647,2147483647,-113,13,Swisscom,false,false
1429764907751,2147483647,2147483647,2147483647,2147483647,0,13,Swisscom,false,false
1429764907751,2147483647,2147483647,2147483647,2147483647,0,13,Swisscom,false,false
1429764907751,2147483647,2147483647,2147483647,2147483647,0,13,Swisscom,false,false
1429764967910,17432577,2222,1,228,-112,13,Swisscom,true,false
1429764967910,3,2147483647,2147483647,2147483647,-122,13,Swisscom,false,false
1429764967910,4,2147483647,2147483647,2147483647,-124,13,Swisscom,false,false
1429765027880,17432577,2222,1,228,-112,13,Swisscom,true,false
1429765027880,4,2147483647,2147483647,2147483647,-125,13,Swisscom,false,false
1429765027880,2147483647,2147483647,2147483647,2147483647,-113,13,Swisscom,false,false
1429765027880,2147483647,2147483647,2147483647,2147483647,-113,13,Swisscom,false,false
1429765027880,2147483647,2147483647,2147483647,2147483647,-113,13,Swisscom,false,false
1429765027880,2147483647,2147483647,2147483647,2147483647,-113,13,Swisscom,false,false
1429765027880,2147483647,2147483647,2147483647,2147483647,-113,13,Swisscom,false,false
1429765027880,2147483647,2147483647,2147483647,2147483647,-113,13,Swisscom,false,false
1429765027880,2147483647,2147483647,2147483647,2147483647,-113,13,Swisscom,false,false
1429765027880,2147483647,2147483647,2147483647,2147483647,-113,13,Swisscom,false,false
1429765027880,2147483647,2147483647,2147483647,2147483647,-113,13,Swisscom,false,false
1429765027880,2147483647,2147483647,2147483647,2147483647,-113,13,Swisscom,false,false
1429765027880,2147483647,2147483647,2147483647,2147483647,-113,13,Swisscom,false,false
1429765027880,2147483647,2147483647,2147483647,2147483647,-113,13,Swisscom,false,false
1429765027880,2147483647,2147483647,2147483647,2147483647,0,13,Swisscom,false,false
1429765027880,2147483647,2147483647,2147483647,2147483647,0,13,Swisscom,false,false
1429765027880,2147483647,2147483647,2147483647,2147483647,0,13,Swisscom,false,false
1429765087890,17432577,2222,1,228,-112,13,Swisscom,true,false
1429765087890,3,2147483647,2147483647,2147483647,-121,13,Swisscom,false,false
1429765087890,4,2147483647,2147483647,2147483647,-124,13,Swisscom,false,false
1429765147978,17432577,2222,1,228,-112,13,Swisscom,true,false
1429765147978,3,2147483647,2147483647,2147483647,-122,13,Swisscom,false,false
1429765147978,4,2147483647,2147483647,2147483647,-125,13,Swisscom,false,false
1429765147978,2147483647,2147483647,2147483647,2147483647,-113,13,Swisscom,false,false
1429765147978,2147483647,2147483647,2147483647,2147483647,-113,13,Swisscom,false,false
1429765147978,2147483647,2147483647,2147483647,2147483647,-113,13,Swisscom,false,false
1429765147978,2147483647,2147483647,2147483647,2147483647,-113,13,Swisscom,false,false
1429765147978,2147483647,2147483647,2147483647,2147483647,-113,13,Swisscom,false,false
1429765147978,2147483647,2147483647,2147483647,2147483647,-113,13,Swisscom,false,false
1429765147978,2147483647,2147483647,2147483647,2147483647,-113,13,Swisscom,false,false
1429765147978,2147483647,2147483647,2147483647,2147483647,-113,13,Swisscom,false,false
1429765147978,2147483647,2147483647,2147483647,2147483647,-113,13,Swisscom,false,false
1429765147978,2147483647,2147483647,2147483647,2147483647,-113,13,Swisscom,false,false
1429765147978,2147483647,2147483647,2147483647,2147483647,-113,13,Swisscom,false,false
1429765147978,2147483647,2147483647,2147483647,2147483647,-113,13,Swisscom,false,false
1429765147978,2147483647,2147483647,2147483647,2147483647,0,13,Swisscom,false,false
1429765147978,2147483647,2147483647,2147483647,2147483647,0,13,Swisscom,false,false
1429765147978,2147483647,2147483647,2147483647,2147483647,0,13,Swisscom,false,false
1429765208127,17432577,2222,1,228,-112,13,Swisscom,true,false
1429765208127,3,2147483647,2147483647,2147483647,-123,13,Swisscom,false,false
1429765268167,17432577,2222,1,228,-111,13,Swisscom,true,false
1429765268167,4,2147483647,2147483647,2147483647,-124,13,Swisscom,false,false
1429765268167,2147483647,2147483647,2147483647,2147483647,-113,13,Swisscom,false,false
1429765268167,2147483647,2147483647,2147483647,2147483647,-113,13,Swisscom,false,false
1429765268167,2147483647,2147483647,2147483647,2147483647,-113,13,Swisscom,false,false
1429765268167,2147483647,2147483647,2147483647,2147483647,-113,13,Swisscom,false,false
1429765268167,2147483647,2147483647,2147483647,2147483647,-113,13,Swisscom,false,false
1429765268167,2147483647,2147483647,2147483647,2147483647,-113,13,Swisscom,false,false
1429765268167,2147483647,2147483647,2147483647,2147483647,-113,13,Swisscom,false,false
1429765268167,2147483647,2147483647,2147483647,2147483647,-113,13,Swisscom,false,false
1429765268167,2147483647,2147483647,2147483647,2147483647,-113,13,Swisscom,false,false
1429765268167,2147483647,2147483647,2147483647,2147483647,-113,13,Swisscom,false,false
1429765268167,2147483647,2147483647,2147483647,2147483647,-113,13,Swisscom,false,false
1429765268167,2147483647,2147483647,2147483647,2147483647,-113,13,Swisscom,false,false
1429765268167,2147483647,2147483647,2147483647,2147483647,0,13,Swisscom,false,false
1429765268167,2147483647,2147483647,2147483647,2147483647,0,13,Swisscom,false,false
1429765268167,2147483647,2147483647,2147483647,2147483647,0,13,Swisscom,false,false
1429765332523,17432577,2222,1,228,-111,13,Swisscom,true,false
1429765332523,4,2147483647,2147483647,2147483647,-123,13,Swisscom,false,false
1429765332523,3,2147483647,2147483647,2147483647,-122,13,Swisscom,false,false
1429765392424,17432577,2222,1,228,-111,13,Swisscom,true,false
1429765392424,4,2147483647,2147483647,2147483647,-123,13,Swisscom,false,false
1429765452543,17432577,2222,1,228,-111,13,Swisscom,true,false
1429765512629,17432577,2222,1,228,-111,13,Swisscom,true,false
1429765512629,4,2147483647,2147483647,2147483647,-124,13,Swisscom,false,false
1429765576688,17432577,2222,1,228,-111,13,Swisscom,true,false
1429765576688,3,2147483647,2147483647,2147483647,-122,13,Swisscom,false,false
1429765636812,17432577,2222,1,228,-111,13,Swisscom,true,false
1429765636812,4,2147483647,2147483647,2147483647,-124,13,Swisscom,false,false
1429765636812,3,2147483647,2147483647,2147483647,-122,13,Swisscom,false,false
1429765698703,17432577,2222,1,228,-111,13,Swisscom,true,false
1429765698703,3,2147483647,2147483647,2147483647,-122,13,Swisscom,false,false
1429765698703,4,2147483647,2147483647,2147483647,-123,13,Swisscom,false,false
1429765758812,17432577,2222,1,228,-111,13,Swisscom,true,false
1429765758812,3,2147483647,2147483647,2147483647,-122,13,Swisscom,false,false
1429765818934,17432577,2222,1,228,-111,13,Swisscom,true,false
1429765818934,3,2147483647,2147483647,2147483647,-119,13,Swisscom,false,false
1429765818934,4,2147483647,2147483647,2147483647,-119,13,Swisscom,false,false
1429765818934,2147483647,2147483647,2147483647,2147483647,-113,13,Swisscom,false,false
1429765818934,2147483647,2147483647,2147483647,2147483647,-113,13,Swisscom,false,false
1429765818934,2147483647,2147483647,2147483647,2147483647,-113,13,Swisscom,false,false
1429765818934,2147483647,2147483647,2147483647,2147483647,-113,13,Swisscom,false,false
1429765818934,2147483647,2147483647,2147483647,2147483647,-113,13,Swisscom,false,false
1429765818934,2147483647,2147483647,2147483647,2147483647,-113,13,Swisscom,false,false
1429765818934,2147483647,2147483647,2147483647,2147483647,-113,13,Swisscom,false,false
1429765818934,2147483647,2147483647,2147483647,2147483647,-113,13,Swisscom,false,false
1429765818934,2147483647,2147483647,2147483647,2147483647,-113,13,Swisscom,false,false
1429765818934,2147483647,2147483647,2147483647,2147483647,-113,13,Swisscom,false,false
1429765818934,2147483647,2147483647,2147483647,2147483647,-113,13,Swisscom,false,false
1429765818934,2147483647,2147483647,2147483647,2147483647,-113,13,Swisscom,false,false
1429765818934,2147483647,2147483647,2147483647,2147483647,0,13,Swisscom,false,false
1429765818934,2147483647,2147483647,2147483647,2147483647,0,13,Swisscom,false,false
1429765818934,2147483647,2147483647,2147483647,2147483647,0,13,Swisscom,false,false
1429765879038,17432577,2222,1,228,-111,13,Swisscom,true,false
1429765879038,3,2147483647,2147483647,2147483647,-121,13,Swisscom,false,false
1429765879038,4,2147483647,2147483647,2147483647,-124,13,Swisscom,false,false
1429765939060,17432577,2222,1,228,-111,13,Swisscom,true,false
1429765939060,3,2147483647,2147483647,2147483647,-123,13,Swisscom,false,false
1429765939060,4,2147483647,2147483647,2147483647,-123,13,Swisscom,false,false
1429765999113,17432577,2222,1,228,-111,13,Swisscom,true,false
1429765999113,3,2147483647,2147483647,2147483647,-122,13,Swisscom,false,false
1429766059177,17432577,2222,1,228,-111,13,Swisscom,true,false
1429766059177,4,2147483647,2147483647,2147483647,-124,13,Swisscom,false,false
1429766059177,3,2147483647,2147483647,2147483647,-122,13,Swisscom,false,false
1429766119367,17432577,2222,1,228,-111,13,Swisscom,true,false
1429766119367,3,2147483647,2147483647,2147483647,-121,13,Swisscom,false,false
1429766197209,17432577,2222,1,228,-111,13,Swisscom,true,false
1429766197209,4,2147483647,2147483647,2147483647,-124,13,Swisscom,false,false
1429766197209,3,2147483647,2147483647,2147483647,-122,13,Swisscom,false,false
1429766257280,17432577,2222,1,228,-111,13,Swisscom,true,false
1429766257280,4,2147483647,2147483647,2147483647,-122,13,Swisscom,false,false
1429766257280,3,2147483647,2147483647,2147483647,-122,13,Swisscom,false,false
1429766318247,17432577,2222,1,228,-111,13,Swisscom,true,false
1429766318247,4,2147483647,2147483647,2147483647,-124,13,Swisscom,false,false
1429766378286,17432577,2222,1,228,-111,13,Swisscom,true,false
1429766378286,3,2147483647,2147483647,2147483647,-123,13,Swisscom,false,false
1429766440241,17432577,2222,1,228,-111,13,Swisscom,true,false
1429766440241,3,2147483647,2147483647,2147483647,-122,13,Swisscom,false,false
1429766500336,17432577,2222,1,228,-111,13,Swisscom,true,false
1429766560411,17432577,2222,1,228,-111,13,Swisscom,true,false
1429766560411,3,2147483647,2147483647,2147483647,-120,13,Swisscom,false,false
1429766560411,4,2147483647,2147483647,2147483647,-121,13,Swisscom,false,false
1429766560411,2147483647,2147483647,2147483647,2147483647,-113,13,Swisscom,false,false
1429766560411,2147483647,2147483647,2147483647,2147483647,-113,13,Swisscom,false,false
1429766560411,2147483647,2147483647,2147483647,2147483647,-113,13,Swisscom,false,false
1429766560411,2147483647,2147483647,2147483647,2147483647,-113,13,Swisscom,false,false
1429766560411,2147483647,2147483647,2147483647,2147483647,-113,13,Swisscom,false,false
1429766560411,2147483647,2147483647,2147483647,2147483647,-113,13,Swisscom,false,false
1429766560411,2147483647,2147483647,2147483647,2147483647,-113,13,Swisscom,false,false
1429766560411,2147483647,2147483647,2147483647,2147483647,-113,13,Swisscom,false,false
1429766560411,2147483647,2147483647,2147483647,2147483647,-113,13,Swisscom,false,false
1429766560411,2147483647,2147483647,2147483647,2147483647,-113,13,Swisscom,false,false
1429766560411,2147483647,2147483647,2147483647,2147483647,-113,13,Swisscom,false,false
1429766560411,2147483647,2147483647,2147483647,2147483647,-113,13,Swisscom,false,false
1429766560411,2147483647,2147483647,2147483647,2147483647,0,13,Swisscom,false,false
1429766560411,2147483647,2147483647,2147483647,2147483647,0,13,Swisscom,false,false
1429766625470,17432577,2222,1,228,-111,13,Swisscom,true,false
1429766625470,3,2147483647,2147483647,2147483647,-122,13,Swisscom,false,false
1429766625470,4,2147483647,2147483647,2147483647,-124,13,Swisscom,false,false
1429766685582,17432577,2222,1,228,-112,13,Swisscom,true,false
1429766747444,17432577,2222,1,228,-112,13,Swisscom,true,false
1429766808321,17432577,2222,1,228,-112,13,Swisscom,true,false
1429766808321,4,2147483647,2147483647,2147483647,-123,13,Swisscom,false,false
1429766808321,3,2147483647,2147483647,2147483647,-122,13,Swisscom,false,false
1429766868360,17432577,2222,1,228,-112,13,Swisscom,true,false
1429766868360,3,2147483647,2147483647,2147483647,-123,13,Swisscom,false,false
1429766868360,4,2147483647,2147483647,2147483647,-124,13,Swisscom,false,false
1429766928333,17432577,2222,1,228,-112,13,Swisscom,true,false
1429766928333,3,2147483647,2147483647,2147483647,-123,13,Swisscom,false,false
1429766989063,17432577,2222,1,228,-112,13,Swisscom,true,false
1429766989063,4,2147483647,2147483647,2147483647,-125,13,Swisscom,false,false
1429766989063,3,2147483647,2147483647,2147483647,-123,13,Swisscom,false,false
1429767049127,17432577,2222,1,228,-112,13,Swisscom,true,false
1429767049127,4,2147483647,2147483647,2147483647,-124,13,Swisscom,false,false
1429767049127,3,2147483647,2147483647,2147483647,-123,13,Swisscom,false,false
1429767049127,2147483647,2147483647,2147483647,2147483647,-113,13,Swisscom,false,false
1429767049127,2147483647,2147483647,2147483647,2147483647,-113,13,Swisscom,false,false
1429767049127,2147483647,2147483647,2147483647,2147483647,-113,13,Swisscom,false,false
1429767049127,2147483647,2147483647,2147483647,2147483647,-113,13,Swisscom,false,false
1429767049127,2147483647,2147483647,2147483647,2147483647,-113,13,Swisscom,false,false
1429767049127,2147483647,2147483647,2147483647,2147483647,-113,13,Swisscom,false,false
1429767049127,2147483647,2147483647,2147483647,2147483647,-113,13,Swisscom,false,false
1429767049127,2147483647,2147483647,2147483647,2147483647,-113,13,Swisscom,false,false
1429767049127,2147483647,2147483647,2147483647,2147483647,-113,13,Swisscom,false,false
1429767049127,2147483647,2147483647,2147483647,2147483647,-113,13,Swisscom,false,false
1429767049127,2147483647,2147483647,2147483647,2147483647,-113,13,Swisscom,false,false
1429767049127,2147483647,2147483647,2147483647,2147483647,-113,13,Swisscom,false,false
1429767049127,2147483647,2147483647,2147483647,2147483647,0,13,Swisscom,false,false
1429767049127,2147483647,2147483647,2147483647,2147483647,0,13,Swisscom,false,false
1429767049127,2147483647,2147483647,2147483647,2147483647,0,13,Swisscom,false,false
1429767109237,17432577,2222,1,228,-112,13,Swisscom,true,false
1429767109237,3,2147483647,2147483647,2147483647,-121,13,Swisscom,false,false
1429767109237,4,2147483647,2147483647,2147483647,-124,13,Swisscom,false,false
1429767109237,2147483647,2147483647,2147483647,2147483647,-113,13,Swisscom,false,false
1429767109237,2147483647,2147483647,2147483647,2147483647,-113,13,Swisscom,false,false
1429767109237,2147483647,2147483647,2147483647,2147483647,-113,13,Swisscom,false,false
1429767109237,2147483647,2147483647,2147483647,2147483647,-113,13,Swisscom,false,false
1429767109237,2147483647,2147483647,2147483647,2147483647,-113,13,Swisscom,false,false
1429767109237,2147483647,2147483647,2147483647,2147483647,-113,13,Swisscom,false,false
1429767109237,2147483647,2147483647,2147483647,2147483647,-113,13,Swisscom,false,false
1429767109237,2147483647,2147483647,2147483647,2147483647,-113,13,Swisscom,false,false
1429767109237,2147483647,2147483647,2147483647,2147483647,-113,13,Swisscom,false,false
1429767109237,2147483647,2147483647,2147483647,2147483647,-113,13,Swisscom,false,false
1429767109237,2147483647,2147483647,2147483647,2147483647,-113,13,Swisscom,false,false
1429767109237,2147483647,2147483647,2147483647,2147483647,-113,13,Swisscom,false,false
1429767109237,2147483647,2147483647,2147483647,2147483647,0,13,Swisscom,false,false
1429767109237,2147483647,2147483647,2147483647,2147483647,0,13,Swisscom,false,false
1429767109237,2147483647,2147483647,2147483647,2147483647,0,13,Swisscom,false,false
1429767169211,17432577,2222,1,228,-111,13,Swisscom,true,false
1429767240359,17432577,2222,1,228,-111,13,Swisscom,true,false
1429767240359,3,2147483647,2147483647,2147483647,-121,13,Swisscom,false,false
1429767240359,4,2147483647,2147483647,2147483647,-124,13,Swisscom,false,false
1429767300424,17432577,2222,1,228,-111,13,Swisscom,true,false
1429767300424,3,2147483647,2147483647,2147483647,-122,13,Swisscom,false,false
1429767300424,4,2147483647,2147483647,2147483647,-125,13,Swisscom,false,false
1429767300424,2147483647,2147483647,2147483647,2147483647,-113,13,Swisscom,false,false
1429767300424,2147483647,2147483647,2147483647,2147483647,-113,13,Swisscom,false,false
1429767300424,2147483647,2147483647,2147483647,2147483647,-113,13,Swisscom,false,false
1429767300424,2147483647,2147483647,2147483647,2147483647,-113,13,Swisscom,false,false
1429767300424,2147483647,2147483647,2147483647,2147483647,-113,13,Swisscom,false,false
1429767300424,2147483647,2147483647,2147483647,2147483647,-113,13,Swisscom,false,false
1429767300424,2147483647,2147483647,2147483647,2147483647,-113,13,Swisscom,false,false
1429767300424,2147483647,2147483647,2147483647,2147483647,-113,13,Swisscom,false,false
1429767300424,2147483647,2147483647,2147483647,2147483647,-113,13,Swisscom,false,false
1429767300424,2147483647,2147483647,2147483647,2147483647,-113,13,Swisscom,false,false
1429767300424,2147483647,2147483647,2147483647,2147483647,-113,13,Swisscom,false,false
1429767300424,2147483647,2147483647,2147483647,2147483647,-113,13,Swisscom,false,false
1429767300424,2147483647,2147483647,2147483647,2147483647,0,13,Swisscom,false,false
1429767300424,2147483647,2147483647,2147483647,2147483647,0,13,Swisscom,false,false
1429767300424,2147483647,2147483647,2147483647,2147483647,0,13,Swisscom,false,false
1429767365468,17432577,2222,1,228,-112,13,Swisscom,true,false
1429767365468,3,2147483647,2147483647,2147483647,-118,13,Swisscom,false,false
1429767365468,4,2147483647,2147483647,2147483647,-116,13,Swisscom,false,false
1429767365468,2147483647,2147483647,2147483647,2147483647,-113,13,Swisscom,false,false
1429767365468,2147483647,2147483647,2147483647,2147483647,-113,13,Swisscom,false,false
1429767365468,2147483647,2147483647,2147483647,2147483647,-113,13,Swisscom,false,false
1429767365468,2147483647,2147483647,2147483647,2147483647,-113,13,Swisscom,false,false
1429767365468,2147483647,2147483647,2147483647,2147483647,-113,13,Swisscom,false,false
1429767365468,2147483647,2147483647,2147483647,2147483647,-113,13,Swisscom,false,false
1429767365468,2147483647,2147483647,2147483647,2147483647,-113,13,Swisscom,false,false
1429767365468,2147483647,2147483647,2147483647,2147483647,-113,13,Swisscom,false,false
1429767365468,2147483647,2147483647,2147483647,2147483647,-113,13,Swisscom,false,false
1429767365468,2147483647,2147483647,2147483647,2147483647,-113,13,Swisscom,false,false
1429767365468,2147483647,2147483647,2147483647,2147483647,-113,13,Swisscom,false,false
1429767365468,2147483647,2147483647,2147483647,2147483647,-113,13,Swisscom,false,false
1429767425511,17432577,2222,1,228,-111,13,Swisscom,true,false
1429767425511,4,2147483647,2147483647,2147483647,-119,13,Swisscom,false,false
1429767425511,2147483647,2147483647,2147483647,2147483647,-113,13,Swisscom,false,false
1429767425511,2147483647,2147483647,2147483647,2147483647,-113,13,Swisscom,false,false
1429767425511,2147483647,2147483647,2147483647,2147483647,-113,13,Swisscom,false,false
1429767425511,2147483647,2147483647,2147483647,2147483647,-113,13,Swisscom,false,false
1429767425511,2147483647,2147483647,2147483647,2147483647,-113,13,Swisscom,false,false
1429767425511,2147483647,2147483647,2147483647,2147483647,-113,13,Swisscom,false,false
1429767425511,2147483647,2147483647,2147483647,2147483647,-113,13,Swisscom,false,false
1429767425511,2147483647,2147483647,2147483647,2147483647,-113,13,Swisscom,false,false
1429767425511,2147483647,2147483647,2147483647,2147483647,-113,13,Swisscom,false,false
1429767425511,2147483647,2147483647,2147483647,2147483647,-113,13,Swisscom,false,false
1429767425511,2147483647,2147483647,2147483647,2147483647,-113,13,Swisscom,false,false
1429767425511,2147483647,2147483647,2147483647,2147483647,-113,13,Swisscom,false,false
1429767425511,2147483647,2147483647,2147483647,2147483647,0,13,Swisscom,false,false
1429767425511,2147483647,2147483647,2147483647,2147483647,0,13,Swisscom,false,false
1429767425511,2147483647,2147483647,2147483647,2147483647,0,13,Swisscom,false,false
1429767485509,17432577,2222,1,228,-112,13,Swisscom,true,false
1429767485509,4,2147483647,2147483647,2147483647,-123,13,Swisscom,false,false
1429767485509,2147483647,2147483647,2147483647,2147483647,-113,13,Swisscom,false,false
1429767485509,2147483647,2147483647,2147483647,2147483647,-113,13,Swisscom,false,false
1429767485509,2147483647,2147483647,2147483647,2147483647,-113,13,Swisscom,false,false
1429767485509,2147483647,2147483647,2147483647,2147483647,-113,13,Swisscom,false,false
1429767485509,2147483647,2147483647,2147483647,2147483647,-113,13,Swisscom,false,false
1429767485509,2147483647,2147483647,2147483647,2147483647,-113,13,Swisscom,false,false
1429767485509,2147483647,2147483647,2147483647,2147483647,-113,13,Swisscom,false,false
1429767485509,2147483647,2147483647,2147483647,2147483647,-113,13,Swisscom,false,false
1429767485509,2147483647,2147483647,2147483647,2147483647,-113,13,Swisscom,false,false
1429767485509,2147483647,2147483647,2147483647,2147483647,-113,13,Swisscom,false,false
1429767485509,2147483647,2147483647,2147483647,2147483647,-113,13,Swisscom,false,false
1429767485509,2147483647,2147483647,2147483647,2147483647,-113,13,Swisscom,false,false
1429767485509,2147483647,2147483647,2147483647,2147483647,0,13,Swisscom,false,false
1429767485509,2147483647,2147483647,2147483647,2147483647,0,13,Swisscom,false,false
1429767485509,2147483647,2147483647,2147483647,2147483647,0,13,Swisscom,false,false
1429767545581,17432577,2222,1,228,-111,13,Swisscom,true,false
1429767545581,3,2147483647,2147483647,2147483647,-116,13,Swisscom,false,false
1429767545581,2147483647,2147483647,2147483647,2147483647,-113,13,Swisscom,false,false
1429767545581,2147483647,2147483647,2147483647,2147483647,-113,13,Swisscom,false,false
1429767545581,2147483647,2147483647,2147483647,2147483647,-113,13,Swisscom,false,false
1429767545581,2147483647,2147483647,2147483647,2147483647,-113,13,Swisscom,false,false
1429767545581,2147483647,2147483647,2147483647,2147483647,-113,13,Swisscom,false,false
1429767545581,2147483647,2147483647,2147483647,2147483647,-113,13,Swisscom,false,false
1429767545581,2147483647,2147483647,2147483647,2147483647,-113,13,Swisscom,false,false
1429767545581,2147483647,2147483647,2147483647,2147483647,-113,13,Swisscom,false,false
1429767545581,2147483647,2147483647,2147483647,2147483647,-113,13,Swisscom,false,false
1429767545581,2147483647,2147483647,2147483647,2147483647,-113,13,Swisscom,false,false
1429767545581,2147483647,2147483647,2147483647,2147483647,-113,13,Swisscom,false,false
1429767545581,2147483647,2147483647,2147483647,2147483647,-113,13,Swisscom,false,false
1429767545581,2147483647,2147483647,2147483647,2147483647,0,13,Swisscom,false,false
1429767545581,2147483647,2147483647,2147483647,2147483647,0,13,Swisscom,false,false
1429767545581,2147483647,2147483647,2147483647,2147483647,0,13,Swisscom,false,false
1429767605827,17432577,2222,1,228,-111,13,Swisscom,true,false
1429767605827,4,2147483647,2147483647,2147483647,-124,13,Swisscom,false,false
1429767605827,2147483647,2147483647,2147483647,2147483647,-113,13,Swisscom,false,false
1429767605827,2147483647,2147483647,2147483647,2147483647,-113,13,Swisscom,false,false
1429767605827,2147483647,2147483647,2147483647,2147483647,-113,13,Swisscom,false,false
1429767605827,2147483647,2147483647,2147483647,2147483647,-113,13,Swisscom,false,false
1429767605827,2147483647,2147483647,2147483647,2147483647,-113,13,Swisscom,false,false
1429767605827,2147483647,2147483647,2147483647,2147483647,-113,13,Swisscom,false,false
1429767605827,2147483647,2147483647,2147483647,2147483647,-113,13,Swisscom,false,false
1429767605827,2147483647,2147483647,2147483647,2147483647,-113,13,Swisscom,false,false
1429767605827,2147483647,2147483647,2147483647,2147483647,-113,13,Swisscom,false,false
1429767605827,2147483647,2147483647,2147483647,2147483647,-113,13,Swisscom,false,false
1429767605827,2147483647,2147483647,2147483647,2147483647,-113,13,Swisscom,false,false
1429767605827,2147483647,2147483647,2147483647,2147483647,-113,13,Swisscom,false,false
1429767605827,2147483647,2147483647,2147483647,2147483647,0,13,Swisscom,false,false
1429767605827,2147483647,2147483647,2147483647,2147483647,0,13,Swisscom,false,false
1429767605827,2147483647,2147483647,2147483647,2147483647,0,13,Swisscom,false,false
1429767665868,17432577,2222,1,228,-112,13,Swisscom,true,false
1429767725957,17432577,2222,1,228,-111,13,Swisscom,true,false
1429767725957,4,2147483647,2147483647,2147483647,-123,13,Swisscom,false,false
1429767725957,2147483647,2147483647,2147483647,2147483647,-113,13,Swisscom,false,false
1429767725957,2147483647,2147483647,2147483647,2147483647,-113,13,Swisscom,false,false
1429767725957,2147483647,2147483647,2147483647,2147483647,-113,13,Swisscom,false,false
1429767725957,2147483647,2147483647,2147483647,2147483647,-113,13,Swisscom,false,false
1429767725957,2147483647,2147483647,2147483647,2147483647,-113,13,Swisscom,false,false
1429767725957,2147483647,2147483647,2147483647,2147483647,-113,13,Swisscom,false,false
1429767725957,2147483647,2147483647,2147483647,2147483647,-113,13,Swisscom,false,false
1429767725957,2147483647,2147483647,2147483647,2147483647,-113,13,Swisscom,false,false
1429767725957,2147483647,2147483647,2147483647,2147483647,-113,13,Swisscom,false,false
1429767725957,2147483647,2147483647,2147483647,2147483647,-113,13,Swisscom,false,false
1429767725957,2147483647,2147483647,2147483647,2147483647,-113,13,Swisscom,false,false
1429767725957,2147483647,2147483647,2147483647,2147483647,-113,13,Swisscom,false,false
1429767725957,2147483647,2147483647,2147483647,2147483647,0,13,Swisscom,false,false
1429767725957,2147483647,2147483647,2147483647,2147483647,0,13,Swisscom,false,false
1429767725957,2147483647,2147483647,2147483647,2147483647,0,13,Swisscom,false,false
1429767786016,17432577,2222,1,228,-111,13,Swisscom,true,false
1429767786016,3,2147483647,2147483647,2147483647,-121,13,Swisscom,false,false
1429767786016,2147483647,2147483647,2147483647,2147483647,-113,13,Swisscom,false,false
1429767786016,2147483647,2147483647,2147483647,2147483647,-113,13,Swisscom,false,false
1429767786016,2147483647,2147483647,2147483647,2147483647,-113,13,Swisscom,false,false
1429767786016,2147483647,2147483647,2147483647,2147483647,-113,13,Swisscom,false,false
1429767786016,2147483647,2147483647,2147483647,2147483647,-113,13,Swisscom,false,false
1429767786016,2147483647,2147483647,2147483647,2147483647,-113,13,Swisscom,false,false
1429767786016,2147483647,2147483647,2147483647,2147483647,-113,13,Swisscom,false,false
1429767786016,2147483647,2147483647,2147483647,2147483647,-113,13,Swisscom,false,false
1429767786016,2147483647,2147483647,2147483647,2147483647,-113,13,Swisscom,false,false
1429767786016,2147483647,2147483647,2147483647,2147483647,-113,13,Swisscom,false,false
1429767786016,2147483647,2147483647,2147483647,2147483647,-113,13,Swisscom,false,false
1429767786016,2147483647,2147483647,2147483647,2147483647,-113,13,Swisscom,false,false
1429767786016,2147483647,2147483647,2147483647,2147483647,0,13,Swisscom,false,false
1429767786016,2147483647,2147483647,2147483647,2147483647,0,13,Swisscom,false,false
1429767786016,2147483647,2147483647,2147483647,2147483647,0,13,Swisscom,false,false
1429767852748,17432577,2222,1,228,-111,13,Swisscom,true,false
1429767852748,2147483647,2147483647,2147483647,2147483647,-113,13,Swisscom,false,false
1429767852748,2147483647,2147483647,2147483647,2147483647,-113,13,Swisscom,false,false
1429767852748,2147483647,2147483647,2147483647,2147483647,-113,13,Swisscom,false,false
1429767852748,2147483647,2147483647,2147483647,2147483647,-113,13,Swisscom,false,false
1429767852748,2147483647,2147483647,2147483647,2147483647,-113,13,Swisscom,false,false
1429767852748,2147483647,2147483647,2147483647,2147483647,-113,13,Swisscom,false,false
1429767852748,2147483647,2147483647,2147483647,2147483647,-113,13,Swisscom,false,false
1429767852748,2147483647,2147483647,2147483647,2147483647,-113,13,Swisscom,false,false
1429767852748,2147483647,2147483647,2147483647,2147483647,-113,13,Swisscom,false,false
1429767852748,2147483647,2147483647,2147483647,2147483647,-113,13,Swisscom,false,false
1429767852748,2147483647,2147483647,2147483647,2147483647,-113,13,Swisscom,false,false
1429767852748,2147483647,2147483647,2147483647,2147483647,-113,13,Swisscom,false,false
1429767852748,2147483647,2147483647,2147483647,2147483647,0,13,Swisscom,false,false
1429767852748,2147483647,2147483647,2147483647,2147483647,0,13,Swisscom,false,false
1429767852748,2147483647,2147483647,2147483647,2147483647,0,13,Swisscom,false,false
1429767912777,17432577,2222,1,228,-111,13,Swisscom,true,false
1429767912777,3,2147483647,2147483647,2147483647,-120,13,Swisscom,false,false
1429767912777,2147483647,2147483647,2147483647,2147483647,-113,13,Swisscom,false,false
1429767912777,2147483647,2147483647,2147483647,2147483647,-113,13,Swisscom,false,false
1429767912777,2147483647,2147483647,2147483647,2147483647,-113,13,Swisscom,false,false
1429767912777,2147483647,2147483647,2147483647,2147483647,-113,13,Swisscom,false,false
1429767912777,2147483647,2147483647,2147483647,2147483647,-113,13,Swisscom,false,false
1429767912777,2147483647,2147483647,2147483647,2147483647,-113,13,Swisscom,false,false
1429767912777,2147483647,2147483647,2147483647,2147483647,-113,13,Swisscom,false,false
1429767912777,2147483647,2147483647,2147483647,2147483647,-113,13,Swisscom,false,false
1429767912777,2147483647,2147483647,2147483647,2147483647,-113,13,Swisscom,false,false
1429767912777,2147483647,2147483647,2147483647,2147483647,-113,13,Swisscom,false,false
1429767912777,2147483647,2147483647,2147483647,2147483647,-113,13,Swisscom,false,false
1429767912777,2147483647,2147483647,2147483647,2147483647,-113,13,Swisscom,false,false
1429767912777,2147483647,2147483647,2147483647,2147483647,0,13,Swisscom,false,false
1429767912777,2147483647,2147483647,2147483647,2147483647,0,13,Swisscom,false,false
1429767912777,2147483647,2147483647,2147483647,2147483647,0,13,Swisscom,false,false
1429767972775,17432577,2222,1,228,-111,13,Swisscom,true,false
1429767972775,3,2147483647,2147483647,2147483647,-120,13,Swisscom,false,false
1429767972775,4,2147483647,2147483647,2147483647,-121,13,Swisscom,false,false
1429767972775,2147483647,2147483647,2147483647,2147483647,-113,13,Swisscom,false,false
1429767972775,2147483647,2147483647,2147483647,2147483647,-113,13,Swisscom,false,false
1429767972775,2147483647,2147483647,2147483647,2147483647,-113,13,Swisscom,false,false
1429767972775,2147483647,2147483647,2147483647,2147483647,-113,13,Swisscom,false,false
1429767972775,2147483647,2147483647,2147483647,2147483647,-113,13,Swisscom,false,false
1429767972775,2147483647,2147483647,2147483647,2147483647,-113,13,Swisscom,false,false
1429767972775,2147483647,2147483647,2147483647,2147483647,-113,13,Swisscom,false,false
1429767972775,2147483647,2147483647,2147483647,2147483647,-113,13,Swisscom,false,false
1429767972775,2147483647,2147483647,2147483647,2147483647,-113,13,Swisscom,false,false
1429767972775,2147483647,2147483647,2147483647,2147483647,-113,13,Swisscom,false,false
1429767972775,2147483647,2147483647,2147483647,2147483647,-113,13,Swisscom,false,false
1429767972775,2147483647,2147483647,2147483647,2147483647,-113,13,Swisscom,false,false
1429767972775,2147483647,2147483647,2147483647,2147483647,0,13,Swisscom,false,false
1429767972775,2147483647,2147483647,2147483647,2147483647,0,13,Swisscom,false,false
1429767972775,2147483647,2147483647,2147483647,2147483647,0,13,Swisscom,false,false
1429768032802,17432577,2222,1,228,-111,13,Swisscom,true,false
1429768032802,3,2147483647,2147483647,2147483647,-122,13,Swisscom,false,false
1429768032802,2147483647,2147483647,2147483647,2147483647,-113,13,Swisscom,false,false
1429768032802,2147483647,2147483647,2147483647,2147483647,-113,13,Swisscom,false,false
1429768032802,2147483647,2147483647,2147483647,2147483647,-113,13,Swisscom,false,false
1429768032802,2147483647,2147483647,2147483647,2147483647,-113,13,Swisscom,false,false
1429768032802,2147483647,2147483647,2147483647,2147483647,-113,13,Swisscom,false,false
1429768032802,2147483647,2147483647,2147483647,2147483647,-113,13,Swisscom,false,false
1429768032802,2147483647,2147483647,2147483647,2147483647,-113,13,Swisscom,false,false
1429768032802,2147483647,2147483647,2147483647,2147483647,-113,13,Swisscom,false,false
1429768032802,2147483647,2147483647,2147483647,2147483647,-113,13,Swisscom,false,false
1429768032802,2147483647,2147483647,2147483647,2147483647,-113,13,Swisscom,false,false
1429768032802,2147483647,2147483647,2147483647,2147483647,-113,13,Swisscom,false,false
1429768032802,2147483647,2147483647,2147483647,2147483647,-113,13,Swisscom,false,false
1429768032802,2147483647,2147483647,2147483647,2147483647,0,13,Swisscom,false,false
1429768032802,2147483647,2147483647,2147483647,2147483647,0,13,Swisscom,false,false
1429768032802,2147483647,2147483647,2147483647,2147483647,0,13,Swisscom,false,false
1429768092910,17432577,2222,1,228,-111,13,Swisscom,true,false
1429768092910,3,2147483647,2147483647,2147483647,-121,13,Swisscom,false,false
1429768092910,4,2147483647,2147483647,2147483647,-125,13,Swisscom,false,false
1429768092910,2147483647,2147483647,2147483647,2147483647,-113,13,Swisscom,false,false
1429768092910,2147483647,2147483647,2147483647,2147483647,-113,13,Swisscom,false,false
1429768092910,2147483647,2147483647,2147483647,2147483647,-113,13,Swisscom,false,false
1429768092910,2147483647,2147483647,2147483647,2147483647,-113,13,Swisscom,false,false
1429768092910,2147483647,2147483647,2147483647,2147483647,-113,13,Swisscom,false,false
1429768092910,2147483647,2147483647,2147483647,2147483647,-113,13,Swisscom,false,false
1429768092910,2147483647,2147483647,2147483647,2147483647,-113,13,Swisscom,false,false
1429768092910,2147483647,2147483647,2147483647,2147483647,-113,13,Swisscom,false,false
1429768092910,2147483647,2147483647,2147483647,2147483647,-113,13,Swisscom,false,false
1429768092910,2147483647,2147483647,2147483647,2147483647,-113,13,Swisscom,false,false
1429768092910,2147483647,2147483647,2147483647,2147483647,-113,13,Swisscom,false,false
1429768092910,2147483647,2147483647,2147483647,2147483647,-113,13,Swisscom,false,false
1429768092910,2147483647,2147483647,2147483647,2147483647,0,13,Swisscom,false,false
1429768092910,2147483647,2147483647,2147483647,2147483647,0,13,Swisscom,false,false
1429768092910,2147483647,2147483647,2147483647,2147483647,0,13,Swisscom,false,false
1429768152998,17432577,2222,1,228,-111,13,Swisscom,true,false
1429768152998,4,2147483647,2147483647,2147483647,-123,13,Swisscom,false,false
1429768152998,2147483647,2147483647,2147483647,2147483647,-113,13,Swisscom,false,false
1429768152998,2147483647,2147483647,2147483647,2147483647,-113,13,Swisscom,false,false
1429768152998,2147483647,2147483647,2147483647,2147483647,-113,13,Swisscom,false,false
1429768152998,2147483647,2147483647,2147483647,2147483647,-113,13,Swisscom,false,false
1429768152998,2147483647,2147483647,2147483647,2147483647,-113,13,Swisscom,false,false
1429768152998,2147483647,2147483647,2147483647,2147483647,-113,13,Swisscom,false,false
1429768152998,2147483647,2147483647,2147483647,2147483647,-113,13,Swisscom,false,false
1429768152998,2147483647,2147483647,2147483647,2147483647,-113,13,Swisscom,false,false
1429768152998,2147483647,2147483647,2147483647,2147483647,-113,13,Swisscom,false,false
1429768152998,2147483647,2147483647,2147483647,2147483647,-113,13,Swisscom,false,false
1429768152998,2147483647,2147483647,2147483647,2147483647,-113,13,Swisscom,false,false
1429768152998,2147483647,2147483647,2147483647,2147483647,-113,13,Swisscom,false,false
1429768152998,2147483647,2147483647,2147483647,2147483647,0,13,Swisscom,false,false
1429768152998,2147483647,2147483647,2147483647,2147483647,0,13,Swisscom,false,false
1429768152998,2147483647,2147483647,2147483647,2147483647,0,13,Swisscom,false,false
1429768213042,17432577,2222,1,228,-111,13,Swisscom,true,false
1429768213042,3,2147483647,2147483647,2147483647,-120,13,Swisscom,false,false
1429768273232,17432577,2222,1,228,-111,13,Swisscom,true,false
1429768273232,3,2147483647,2147483647,2147483647,-121,13,Swisscom,false,false
1429768273232,2147483647,2147483647,2147483647,2147483647,-113,13,Swisscom,false,false
1429768273232,2147483647,2147483647,2147483647,2147483647,-113,13,Swisscom,false,false
1429768273232,2147483647,2147483647,2147483647,2147483647,-113,13,Swisscom,false,false
1429768273232,2147483647,2147483647,2147483647,2147483647,-113,13,Swisscom,false,false
1429768273232,2147483647,2147483647,2147483647,2147483647,-113,13,Swisscom,false,false
1429768273232,2147483647,2147483647,2147483647,2147483647,-113,13,Swisscom,false,false
1429768273232,2147483647,2147483647,2147483647,2147483647,-113,13,Swisscom,false,false
1429768273232,2147483647,2147483647,2147483647,2147483647,-113,13,Swisscom,false,false
1429768273232,2147483647,2147483647,2147483647,2147483647,-113,13,Swisscom,false,false
1429768273232,2147483647,2147483647,2147483647,2147483647,-113,13,Swisscom,false,false
1429768273232,2147483647,2147483647,2147483647,2147483647,-113,13,Swisscom,false,false
1429768273232,2147483647,2147483647,2147483647,2147483647,-113,13,Swisscom,false,false
1429768273232,2147483647,2147483647,2147483647,2147483647,0,13,Swisscom,false,false
1429768273232,2147483647,2147483647,2147483647,2147483647,0,13,Swisscom,false,false
1429768273232,2147483647,2147483647,2147483647,2147483647,0,13,Swisscom,false,false
1429768333336,17432577,2222,1,228,-111,13,Swisscom,true,false
1429768333336,3,2147483647,2147483647,2147483647,-121,13,Swisscom,false,false
1429768333336,4,2147483647,2147483647,2147483647,-124,13,Swisscom,false,false
1429768333336,2147483647,2147483647,2147483647,2147483647,-113,13,Swisscom,false,false
1429768333336,2147483647,2147483647,2147483647,2147483647,-113,13,Swisscom,false,false
1429768333336,2147483647,2147483647,2147483647,2147483647,-113,13,Swisscom,false,false
1429768333336,2147483647,2147483647,2147483647,2147483647,-113,13,Swisscom,false,false
1429768333336,2147483647,2147483647,2147483647,2147483647,-113,13,Swisscom,false,false
1429768333336,2147483647,2147483647,2147483647,2147483647,-113,13,Swisscom,false,false
1429768333336,2147483647,2147483647,2147483647,2147483647,-113,13,Swisscom,false,false
1429768333336,2147483647,2147483647,2147483647,2147483647,-113,13,Swisscom,false,false
1429768333336,2147483647,2147483647,2147483647,2147483647,-113,13,Swisscom,false,false
1429768333336,2147483647,2147483647,2147483647,2147483647,-113,13,Swisscom,false,false
1429768333336,2147483647,2147483647,2147483647,2147483647,-113,13,Swisscom,false,false
1429768333336,2147483647,2147483647,2147483647,2147483647,-113,13,Swisscom,false,false
1429768333336,2147483647,2147483647,2147483647,2147483647,0,13,Swisscom,false,false
1429768333336,2147483647,2147483647,2147483647,2147483647,0,13,Swisscom,false,false
1429768333336,2147483647,2147483647,2147483647,2147483647,0,13,Swisscom,false,false
1429768393438,17432577,2222,1,228,-111,13,Swisscom,true,false
1429768393438,4,2147483647,2147483647,2147483647,-124,13,Swisscom,false,false
1429768393438,2147483647,2147483647,2147483647,2147483647,-113,13,Swisscom,false,false
1429768393438,2147483647,2147483647,2147483647,2147483647,-113,13,Swisscom,false,false
1429768393438,2147483647,2147483647,2147483647,2147483647,-113,13,Swisscom,false,false
1429768393438,2147483647,2147483647,2147483647,2147483647,-113,13,Swisscom,false,false
1429768393438,2147483647,2147483647,2147483647,2147483647,-113,13,Swisscom,false,false
1429768393438,2147483647,2147483647,2147483647,2147483647,-113,13,Swisscom,false,false
1429768393438,2147483647,2147483647,2147483647,2147483647,-113,13,Swisscom,false,false
1429768393438,2147483647,2147483647,2147483647,2147483647,-113,13,Swisscom,false,false
1429768393438,2147483647,2147483647,2147483647,2147483647,-113,13,Swisscom,false,false
1429768393438,2147483647,2147483647,2147483647,2147483647,-113,13,Swisscom,false,false
1429768393438,2147483647,2147483647,2147483647,2147483647,-113,13,Swisscom,false,false
1429768393438,2147483647,2147483647,2147483647,2147483647,-113,13,Swisscom,false,false
1429768393438,2147483647,2147483647,2147483647,2147483647,0,13,Swisscom,false,false
1429768393438,2147483647,2147483647,2147483647,2147483647,0,13,Swisscom,false,false
1429768393438,2147483647,2147483647,2147483647,2147483647,0,13,Swisscom,false,false
1429768453493,17432577,2222,1,228,-111,13,Swisscom,true,false
1429768513520,17432577,2222,1,228,-111,13,Swisscom,true,false
1429768513520,3,2147483647,2147483647,2147483647,-121,13,Swisscom,false,false
1429768513520,4,2147483647,2147483647,2147483647,-123,13,Swisscom,false,false
1429768576754,17432577,2222,1,228,-111,13,Swisscom,true,false
1429768636855,17432577,2222,1,228,-111,13,Swisscom,true,false
1429768636855,4,2147483647,2147483647,2147483647,-123,13,Swisscom,false,false
1429768698239,17432577,2222,1,228,-112,13,Swisscom,true,false
1429768758356,17432577,2222,1,228,-111,13,Swisscom,true,false
1429768818454,17432577,2222,1,228,-111,13,Swisscom,true,false
1429768878441,17432577,2222,1,228,-112,13,Swisscom,true,false
1429768878441,4,2147483647,2147483647,2147483647,-122,13,Swisscom,false,false
1429768942333,17432577,2222,1,228,-112,13,Swisscom,true,false
1429769002454,17432577,2222,1,228,-112,13,Swisscom,true,false
1429769002454,4,2147483647,2147483647,2147483647,-120,13,Swisscom,false,false
1429769062548,17432577,2222,1,228,-112,13,Swisscom,true,false
1429769062548,4,2147483647,2147483647,2147483647,-123,13,Swisscom,false,false
1429769122554,17432577,2222,1,228,-112,13,Swisscom,true,false
1429769186488,17432577,2222,1,228,-112,13,Swisscom,true,false
1429769186488,4,2147483647,2147483647,2147483647,-123,13,Swisscom,false,false
1429769246533,17432577,2222,1,228,-112,13,Swisscom,true,false
1429769246533,4,2147483647,2147483647,2147483647,-122,13,Swisscom,false,false
1429769246533,3,2147483647,2147483647,2147483647,-121,13,Swisscom,false,false
1429769306589,17432577,2222,1,228,-111,13,Swisscom,true,false
1429769306589,2147483647,2147483647,2147483647,2147483647,-113,13,Swisscom,false,false
1429769306589,2147483647,2147483647,2147483647,2147483647,-113,13,Swisscom,false,false
1429769306589,2147483647,2147483647,2147483647,2147483647,-113,13,Swisscom,false,false
1429769306589,2147483647,2147483647,2147483647,2147483647,-113,13,Swisscom,false,false
1429769306589,2147483647,2147483647,2147483647,2147483647,-113,13,Swisscom,false,false
1429769306589,2147483647,2147483647,2147483647,2147483647,-113,13,Swisscom,false,false
1429769306589,2147483647,2147483647,2147483647,2147483647,-113,13,Swisscom,false,false
1429769306589,2147483647,2147483647,2147483647,2147483647,-113,13,Swisscom,false,false
1429769306589,2147483647,2147483647,2147483647,2147483647,-113,13,Swisscom,false,false
1429769306589,2147483647,2147483647,2147483647,2147483647,-113,13,Swisscom,false,false
1429769306589,2147483647,2147483647,2147483647,2147483647,-113,13,Swisscom,false,false
1429769306589,2147483647,2147483647,2147483647,2147483647,-113,13,Swisscom,false,false
1429769306589,2147483647,2147483647,2147483647,2147483647,0,13,Swisscom,false,false
1429769306589,2147483647,2147483647,2147483647,2147483647,0,13,Swisscom,false,false
1429769306589,2147483647,2147483647,2147483647,2147483647,0,13,Swisscom,false,false
1429769368177,17432577,2222,1,228,-110,13,Swisscom,true,false
1429769368177,2147483647,2147483647,2147483647,2147483647,-113,13,Swisscom,false,false
1429769368177,2147483647,2147483647,2147483647,2147483647,-113,13,Swisscom,false,false
1429769368177,2147483647,2147483647,2147483647,2147483647,-113,13,Swisscom,false,false
1429769368177,2147483647,2147483647,2147483647,2147483647,-113,13,Swisscom,false,false
1429769368177,2147483647,2147483647,2147483647,2147483647,-113,13,Swisscom,false,false
1429769368177,2147483647,2147483647,2147483647,2147483647,-113,13,Swisscom,false,false
1429769368177,2147483647,2147483647,2147483647,2147483647,-113,13,Swisscom,false,false
1429769368177,2147483647,2147483647,2147483647,2147483647,-113,13,Swisscom,false,false
1429769368177,2147483647,2147483647,2147483647,2147483647,-113,13,Swisscom,false,false
1429769368177,2147483647,2147483647,2147483647,2147483647,-113,13,Swisscom,false,false
1429769368177,2147483647,2147483647,2147483647,2147483647,-113,13,Swisscom,false,false
1429769368177,2147483647,2147483647,2147483647,2147483647,-113,13,Swisscom,false,false
1429769368177,2147483647,2147483647,2147483647,2147483647,0,13,Swisscom,false,false
1429769368177,2147483647,2147483647,2147483647,2147483647,0,13,Swisscom,false,false
1429769368177,2147483647,2147483647,2147483647,2147483647,0,13,Swisscom,false,false
1429769428238,17432577,2222,1,228,-111,13,Swisscom,true,false
1429769428238,2147483647,2147483647,2147483647,2147483647,-113,13,Swisscom,false,false
1429769428238,2147483647,2147483647,2147483647,2147483647,-113,13,Swisscom,false,false
1429769428238,2147483647,2147483647,2147483647,2147483647,-113,13,Swisscom,false,false
1429769428238,2147483647,2147483647,2147483647,2147483647,-113,13,Swisscom,false,false
1429769428238,2147483647,2147483647,2147483647,2147483647,-113,13,Swisscom,false,false
1429769428238,2147483647,2147483647,2147483647,2147483647,-113,13,Swisscom,false,false
1429769428238,2147483647,2147483647,2147483647,2147483647,-113,13,Swisscom,false,false
1429769428238,2147483647,2147483647,2147483647,2147483647,-113,13,Swisscom,false,false
1429769428238,2147483647,2147483647,2147483647,2147483647,-113,13,Swisscom,false,false
1429769428238,2147483647,2147483647,2147483647,2147483647,-113,13,Swisscom,false,false
1429769428238,2147483647,2147483647,2147483647,2147483647,-113,13,Swisscom,false,false
1429769428238,2147483647,2147483647,2147483647,2147483647,-113,13,Swisscom,false,false
1429769428238,2147483647,2147483647,2147483647,2147483647,0,13,Swisscom,false,false
1429769428238,2147483647,2147483647,2147483647,2147483647,0,13,Swisscom,false,false
1429769428238,2147483647,2147483647,2147483647,2147483647,0,13,Swisscom,false,false
1429769488243,17432577,2222,1,228,-111,13,Swisscom,true,false
1429769488243,2147483647,2147483647,2147483647,2147483647,-113,13,Swisscom,false,false
1429769488243,2147483647,2147483647,2147483647,2147483647,-113,13,Swisscom,false,false
1429769488243,2147483647,2147483647,2147483647,2147483647,-113,13,Swisscom,false,false
1429769488243,2147483647,2147483647,2147483647,2147483647,-113,13,Swisscom,false,false
1429769488243,2147483647,2147483647,2147483647,2147483647,-113,13,Swisscom,false,false
1429769488243,2147483647,2147483647,2147483647,2147483647,-113,13,Swisscom,false,false
1429769488243,2147483647,2147483647,2147483647,2147483647,-113,13,Swisscom,false,false
1429769488243,2147483647,2147483647,2147483647,2147483647,-113,13,Swisscom,false,false
1429769488243,2147483647,2147483647,2147483647,2147483647,-113,13,Swisscom,false,false
1429769488243,2147483647,2147483647,2147483647,2147483647,-113,13,Swisscom,false,false
1429769488243,2147483647,2147483647,2147483647,2147483647,-113,13,Swisscom,false,false
1429769488243,2147483647,2147483647,2147483647,2147483647,-113,13,Swisscom,false,false
1429769488243,2147483647,2147483647,2147483647,2147483647,0,13,Swisscom,false,false
1429769488243,2147483647,2147483647,2147483647,2147483647,0,13,Swisscom,false,false
1429769488243,2147483647,2147483647,2147483647,2147483647,0,13,Swisscom,false,false
1429769549256,17432577,2222,1,228,-111,13,Swisscom,true,false
1429769549256,4,2147483647,2147483647,2147483647,-117,13,Swisscom,false,false
1429769549256,3,2147483647,2147483647,2147483647,-122,13,Swisscom,false,false
1429769549256,2147483647,2147483647,2147483647,2147483647,-113,13,Swisscom,false,false
1429769549256,2147483647,2147483647,2147483647,2147483647,-113,13,Swisscom,false,false
1429769549256,2147483647,2147483647,2147483647,2147483647,-113,13,Swisscom,false,false
1429769549256,2147483647,2147483647,2147483647,2147483647,-113,13,Swisscom,false,false
1429769549256,2147483647,2147483647,2147483647,2147483647,-113,13,Swisscom,false,false
1429769549256,2147483647,2147483647,2147483647,2147483647,-113,13,Swisscom,false,false
1429769549256,2147483647,2147483647,2147483647,2147483647,-113,13,Swisscom,false,false
1429769549256,2147483647,2147483647,2147483647,2147483647,-113,13,Swisscom,false,false
1429769549256,2147483647,2147483647,2147483647,2147483647,-113,13,Swisscom,false,false
1429769549256,2147483647,2147483647,2147483647,2147483647,-113,13,Swisscom,false,false
1429769549256,2147483647,2147483647,2147483647,2147483647,-113,13,Swisscom,false,false
1429769549256,2147483647,2147483647,2147483647,2147483647,-113,13,Swisscom,false,false
1429769549256,2147483647,2147483647,2147483647,2147483647,0,13,Swisscom,false,false
1429769549256,2147483647,2147483647,2147483647,2147483647,0,13,Swisscom,false,false
1429769549256,2147483647,2147483647,2147483647,2147483647,0,13,Swisscom,false,false
1429769609273,17432577,2222,1,228,-111,13,Swisscom,true,false
1429769609273,2147483647,2147483647,2147483647,2147483647,-113,13,Swisscom,false,false
1429769609273,2147483647,2147483647,2147483647,2147483647,-113,13,Swisscom,false,false
1429769609273,2147483647,2147483647,2147483647,2147483647,-113,13,Swisscom,false,false
1429769609273,2147483647,2147483647,2147483647,2147483647,-113,13,Swisscom,false,false
1429769609273,2147483647,2147483647,2147483647,2147483647,-113,13,Swisscom,false,false
1429769609273,2147483647,2147483647,2147483647,2147483647,-113,13,Swisscom,false,false
1429769609273,2147483647,2147483647,2147483647,2147483647,-113,13,Swisscom,false,false
1429769609273,2147483647,2147483647,2147483647,2147483647,-113,13,Swisscom,false,false
1429769609273,2147483647,2147483647,2147483647,2147483647,-113,13,Swisscom,false,false
1429769609273,2147483647,2147483647,2147483647,2147483647,-113,13,Swisscom,false,false
1429769609273,2147483647,2147483647,2147483647,2147483647,-113,13,Swisscom,false,false
1429769609273,2147483647,2147483647,2147483647,2147483647,-113,13,Swisscom,false,false
1429769609273,2147483647,2147483647,2147483647,2147483647,0,13,Swisscom,false,false
1429769609273,2147483647,2147483647,2147483647,2147483647,0,13,Swisscom,false,false
1429769609273,2147483647,2147483647,2147483647,2147483647,0,13,Swisscom,false,false
1429769670159,17432577,2222,1,228,-110,13,Swisscom,true,false
1429769670159,4,2147483647,2147483647,2147483647,-114,13,Swisscom,false,false
1429769670159,2147483647,2147483647,2147483647,2147483647,-113,13,Swisscom,false,false
1429769670159,2147483647,2147483647,2147483647,2147483647,-113,13,Swisscom,false,false
1429769670159,2147483647,2147483647,2147483647,2147483647,-113,13,Swisscom,false,false
1429769670159,2147483647,2147483647,2147483647,2147483647,-113,13,Swisscom,false,false
1429769670159,2147483647,2147483647,2147483647,2147483647,-113,13,Swisscom,false,false
1429769670159,2147483647,2147483647,2147483647,2147483647,-113,13,Swisscom,false,false
1429769670159,2147483647,2147483647,2147483647,2147483647,-113,13,Swisscom,false,false
1429769670159,2147483647,2147483647,2147483647,2147483647,-113,13,Swisscom,false,false
1429769670159,2147483647,2147483647,2147483647,2147483647,-113,13,Swisscom,false,false
1429769670159,2147483647,2147483647,2147483647,2147483647,-113,13,Swisscom,false,false
1429769670159,2147483647,2147483647,2147483647,2147483647,-113,13,Swisscom,false,false
1429769670159,2147483647,2147483647,2147483647,2147483647,-113,13,Swisscom,false,false
1429769670159,2147483647,2147483647,2147483647,2147483647,0,13,Swisscom,false,false
1429769670159,2147483647,2147483647,2147483647,2147483647,0,13,Swisscom,false,false
1429769670159,2147483647,2147483647,2147483647,2147483647,0,13,Swisscom,false,false
1429769730248,17432577,2222,1,228,-111,13,Swisscom,true,false
1429769730248,4,2147483647,2147483647,2147483647,-118,13,Swisscom,false,false
1429769730248,2147483647,2147483647,2147483647,2147483647,-113,13,Swisscom,false,false
1429769730248,2147483647,2147483647,2147483647,2147483647,-113,13,Swisscom,false,false
1429769730248,2147483647,2147483647,2147483647,2147483647,-113,13,Swisscom,false,false
1429769730248,2147483647,2147483647,2147483647,2147483647,-113,13,Swisscom,false,false
1429769730248,2147483647,2147483647,2147483647,2147483647,-113,13,Swisscom,false,false
1429769730248,2147483647,2147483647,2147483647,2147483647,-113,13,Swisscom,false,false
1429769730248,2147483647,2147483647,2147483647,2147483647,-113,13,Swisscom,false,false
1429769730248,2147483647,2147483647,2147483647,2147483647,-113,13,Swisscom,false,false
1429769730248,2147483647,2147483647,2147483647,2147483647,-113,13,Swisscom,false,false
1429769730248,2147483647,2147483647,2147483647,2147483647,-113,13,Swisscom,false,false
1429769730248,2147483647,2147483647,2147483647,2147483647,-113,13,Swisscom,false,false
1429769730248,2147483647,2147483647,2147483647,2147483647,-113,13,Swisscom,false,false
1429769730248,2147483647,2147483647,2147483647,2147483647,0,13,Swisscom,false,false
1429769730248,2147483647,2147483647,2147483647,2147483647,0,13,Swisscom,false,false
1429769730248,2147483647,2147483647,2147483647,2147483647,0,13,Swisscom,false,false
1429769790437,17432577,2222,1,228,-111,13,Swisscom,true,false
1429769790437,2147483647,2147483647,2147483647,2147483647,-113,13,Swisscom,false,false
1429769790437,2147483647,2147483647,2147483647,2147483647,-113,13,Swisscom,false,false
1429769790437,2147483647,2147483647,2147483647,2147483647,-113,13,Swisscom,false,false
1429769790437,2147483647,2147483647,2147483647,2147483647,-113,13,Swisscom,false,false
1429769790437,2147483647,2147483647,2147483647,2147483647,-113,13,Swisscom,false,false
1429769790437,2147483647,2147483647,2147483647,2147483647,-113,13,Swisscom,false,false
1429769790437,2147483647,2147483647,2147483647,2147483647,-113,13,Swisscom,false,false
1429769790437,2147483647,2147483647,2147483647,2147483647,-113,13,Swisscom,false,false
1429769790437,2147483647,2147483647,2147483647,2147483647,-113,13,Swisscom,false,false
1429769790437,2147483647,2147483647,2147483647,2147483647,-113,13,Swisscom,false,false
1429769790437,2147483647,2147483647,2147483647,2147483647,-113,13,Swisscom,false,false
1429769790437,2147483647,2147483647,2147483647,2147483647,-113,13,Swisscom,false,false
1429769790437,2147483647,2147483647,2147483647,2147483647,0,13,Swisscom,false,false
1429769790437,2147483647,2147483647,2147483647,2147483647,0,13,Swisscom,false,false
1429769790437,2147483647,2147483647,2147483647,2147483647,0,13,Swisscom,false,false
1429769851222,17432577,2222,1,228,-111,13,Swisscom,true,false
1429769851222,2147483647,2147483647,2147483647,2147483647,-113,13,Swisscom,false,false
1429769851222,2147483647,2147483647,2147483647,2147483647,-113,13,Swisscom,false,false
1429769851222,2147483647,2147483647,2147483647,2147483647,-113,13,Swisscom,false,false
1429769851222,2147483647,2147483647,2147483647,2147483647,-113,13,Swisscom,false,false
1429769851222,2147483647,2147483647,2147483647,2147483647,-113,13,Swisscom,false,false
1429769851222,2147483647,2147483647,2147483647,2147483647,-113,13,Swisscom,false,false
1429769851222,2147483647,2147483647,2147483647,2147483647,-113,13,Swisscom,false,false
1429769851222,2147483647,2147483647,2147483647,2147483647,-113,13,Swisscom,false,false
1429769851222,2147483647,2147483647,2147483647,2147483647,-113,13,Swisscom,false,false
1429769851222,2147483647,2147483647,2147483647,2147483647,-113,13,Swisscom,false,false
1429769851222,2147483647,2147483647,2147483647,2147483647,-113,13,Swisscom,false,false
1429769851222,2147483647,2147483647,2147483647,2147483647,-113,13,Swisscom,false,false
1429769851222,2147483647,2147483647,2147483647,2147483647,0,13,Swisscom,false,false
1429769851222,2147483647,2147483647,2147483647,2147483647,0,13,Swisscom,false,false
1429769851222,2147483647,2147483647,2147483647,2147483647,0,13,Swisscom,false,false
1429769911250,17432577,2222,1,228,-112,13,Swisscom,true,false
1429769911250,4,2147483647,2147483647,2147483647,-116,13,Swisscom,false,false
1429769911250,2147483647,2147483647,2147483647,2147483647,-113,13,Swisscom,false,false
1429769911250,2147483647,2147483647,2147483647,2147483647,-113,13,Swisscom,false,false
1429769911250,2147483647,2147483647,2147483647,2147483647,-113,13,Swisscom,false,false
1429769911250,2147483647,2147483647,2147483647,2147483647,-113,13,Swisscom,false,false
1429769911250,2147483647,2147483647,2147483647,2147483647,-113,13,Swisscom,false,false
1429769911250,2147483647,2147483647,2147483647,2147483647,-113,13,Swisscom,false,false
1429769911250,2147483647,2147483647,2147483647,2147483647,-113,13,Swisscom,false,false
1429769911250,2147483647,2147483647,2147483647,2147483647,-113,13,Swisscom,false,false
1429769911250,2147483647,2147483647,2147483647,2147483647,-113,13,Swisscom,false,false
1429769911250,2147483647,2147483647,2147483647,2147483647,-113,13,Swisscom,false,false
1429769911250,2147483647,2147483647,2147483647,2147483647,-113,13,Swisscom,false,false
1429769911250,2147483647,2147483647,2147483647,2147483647,-113,13,Swisscom,false,false
1429769911250,2147483647,2147483647,2147483647,2147483647,0,13,Swisscom,false,false
1429769911250,2147483647,2147483647,2147483647,2147483647,0,13,Swisscom,false,false
1429769911250,2147483647,2147483647,2147483647,2147483647,0,13,Swisscom,false,false
1429769971359,17432577,2222,1,228,-111,13,Swisscom,true,false
1429769971359,2147483647,2147483647,2147483647,2147483647,-113,13,Swisscom,false,false
1429769971359,2147483647,2147483647,2147483647,2147483647,-113,13,Swisscom,false,false
1429769971359,2147483647,2147483647,2147483647,2147483647,-113,13,Swisscom,false,false
1429769971359,2147483647,2147483647,2147483647,2147483647,-113,13,Swisscom,false,false
1429769971359,2147483647,2147483647,2147483647,2147483647,-113,13,Swisscom,false,false
1429769971359,2147483647,2147483647,2147483647,2147483647,-113,13,Swisscom,false,false
1429769971359,2147483647,2147483647,2147483647,2147483647,-113,13,Swisscom,false,false
1429769971359,2147483647,2147483647,2147483647,2147483647,-113,13,Swisscom,false,false
1429769971359,2147483647,2147483647,2147483647,2147483647,-113,13,Swisscom,false,false
1429769971359,2147483647,2147483647,2147483647,2147483647,-113,13,Swisscom,false,false
1429769971359,2147483647,2147483647,2147483647,2147483647,-113,13,Swisscom,false,false
1429769971359,2147483647,2147483647,2147483647,2147483647,-113,13,Swisscom,false,false
1429769971359,2147483647,2147483647,2147483647,2147483647,0,13,Swisscom,false,false
1429769971359,2147483647,2147483647,2147483647,2147483647,0,13,Swisscom,false,false
1429769971359,2147483647,2147483647,2147483647,2147483647,0,13,Swisscom,false,false
1429770035171,17432577,2222,1,228,-112,13,Swisscom,true,false
1429770035171,2147483647,2147483647,2147483647,2147483647,-113,13,Swisscom,false,false
1429770035171,2147483647,2147483647,2147483647,2147483647,-113,13,Swisscom,false,false
1429770035171,2147483647,2147483647,2147483647,2147483647,-113,13,Swisscom,false,false
1429770035171,2147483647,2147483647,2147483647,2147483647,-113,13,Swisscom,false,false
1429770035171,2147483647,2147483647,2147483647,2147483647,-113,13,Swisscom,false,false
1429770035171,2147483647,2147483647,2147483647,2147483647,-113,13,Swisscom,false,false
1429770035171,2147483647,2147483647,2147483647,2147483647,-113,13,Swisscom,false,false
1429770035171,2147483647,2147483647,2147483647,2147483647,-113,13,Swisscom,false,false
1429770035171,2147483647,2147483647,2147483647,2147483647,-113,13,Swisscom,false,false
1429770035171,2147483647,2147483647,2147483647,2147483647,-113,13,Swisscom,false,false
1429770035171,2147483647,2147483647,2147483647,2147483647,-113,13,Swisscom,false,false
1429770035171,2147483647,2147483647,2147483647,2147483647,-113,13,Swisscom,false,false
1429770035171,2147483647,2147483647,2147483647,2147483647,0,13,Swisscom,false,false
1429770035171,2147483647,2147483647,2147483647,2147483647,0,13,Swisscom,false,false
1429770035171,2147483647,2147483647,2147483647,2147483647,0,13,Swisscom,false,false
1429770115262,17432577,2222,1,228,-111,13,Swisscom,true,false
1429770115262,2147483647,2147483647,2147483647,2147483647,-113,13,Swisscom,false,false
1429770115262,2147483647,2147483647,2147483647,2147483647,-113,13,Swisscom,false,false
1429770115262,2147483647,2147483647,2147483647,2147483647,-113,13,Swisscom,false,false
1429770115262,2147483647,2147483647,2147483647,2147483647,-113,13,Swisscom,false,false
1429770115262,2147483647,2147483647,2147483647,2147483647,-113,13,Swisscom,false,false
1429770115262,2147483647,2147483647,2147483647,2147483647,-113,13,Swisscom,false,false
1429770115262,2147483647,2147483647,2147483647,2147483647,-113,13,Swisscom,false,false
1429770115262,2147483647,2147483647,2147483647,2147483647,-113,13,Swisscom,false,false
1429770115262,2147483647,2147483647,2147483647,2147483647,-113,13,Swisscom,false,false
1429770115262,2147483647,2147483647,2147483647,2147483647,-113,13,Swisscom,false,false
1429770115262,2147483647,2147483647,2147483647,2147483647,-113,13,Swisscom,false,false
1429770115262,2147483647,2147483647,2147483647,2147483647,-113,13,Swisscom,false,false
1429770115262,2147483647,2147483647,2147483647,2147483647,0,13,Swisscom,false,false
1429770115262,2147483647,2147483647,2147483647,2147483647,0,13,Swisscom,false,false
1429770115262,2147483647,2147483647,2147483647,2147483647,0,13,Swisscom,false,false
1429770175251,17432577,2222,1,228,-111,13,Swisscom,true,false
1429770175251,2147483647,2147483647,2147483647,2147483647,-113,13,Swisscom,false,false
1429770175251,2147483647,2147483647,2147483647,2147483647,-113,13,Swisscom,false,false
1429770175251,2147483647,2147483647,2147483647,2147483647,-113,13,Swisscom,false,false
1429770175251,2147483647,2147483647,2147483647,2147483647,-113,13,Swisscom,false,false
1429770175251,2147483647,2147483647,2147483647,2147483647,-113,13,Swisscom,false,false
1429770175251,2147483647,2147483647,2147483647,2147483647,-113,13,Swisscom,false,false
1429770175251,2147483647,2147483647,2147483647,2147483647,-113,13,Swisscom,false,false
1429770175251,2147483647,2147483647,2147483647,2147483647,-113,13,Swisscom,false,false
1429770175251,2147483647,2147483647,2147483647,2147483647,-113,13,Swisscom,false,false
1429770175251,2147483647,2147483647,2147483647,2147483647,-113,13,Swisscom,false,false
1429770175251,2147483647,2147483647,2147483647,2147483647,-113,13,Swisscom,false,false
1429770175251,2147483647,2147483647,2147483647,2147483647,-113,13,Swisscom,false,false
1429770175251,2147483647,2147483647,2147483647,2147483647,0,13,Swisscom,false,false
1429770175251,2147483647,2147483647,2147483647,2147483647,0,13,Swisscom,false,false
1429770175251,2147483647,2147483647,2147483647,2147483647,0,13,Swisscom,false,false
1429770256182,17432577,2222,1,228,-111,13,Swisscom,true,false
1429770256182,2147483647,2147483647,2147483647,2147483647,-113,13,Swisscom,false,false
1429770256182,2147483647,2147483647,2147483647,2147483647,-113,13,Swisscom,false,false
1429770256182,2147483647,2147483647,2147483647,2147483647,-113,13,Swisscom,false,false
1429770256182,2147483647,2147483647,2147483647,2147483647,-113,13,Swisscom,false,false
1429770256182,2147483647,2147483647,2147483647,2147483647,-113,13,Swisscom,false,false
1429770256182,2147483647,2147483647,2147483647,2147483647,-113,13,Swisscom,false,false
1429770256182,2147483647,2147483647,2147483647,2147483647,-113,13,Swisscom,false,false
1429770256182,2147483647,2147483647,2147483647,2147483647,-113,13,Swisscom,false,false
1429770256182,2147483647,2147483647,2147483647,2147483647,-113,13,Swisscom,false,false
1429770256182,2147483647,2147483647,2147483647,2147483647,-113,13,Swisscom,false,false
1429770256182,2147483647,2147483647,2147483647,2147483647,-113,13,Swisscom,false,false
1429770256182,2147483647,2147483647,2147483647,2147483647,-113,13,Swisscom,false,false
1429770256182,2147483647,2147483647,2147483647,2147483647,0,13,Swisscom,false,false
1429770256182,2147483647,2147483647,2147483647,2147483647,0,13,Swisscom,false,false
1429770256182,2147483647,2147483647,2147483647,2147483647,0,13,Swisscom,false,false
1429770316286,17432577,2222,1,228,-111,13,Swisscom,true,false
1429770316286,2147483647,2147483647,2147483647,2147483647,-113,13,Swisscom,false,false
1429770316286,2147483647,2147483647,2147483647,2147483647,-113,13,Swisscom,false,false
1429770316286,2147483647,2147483647,2147483647,2147483647,-113,13,Swisscom,false,false
1429770316286,2147483647,2147483647,2147483647,2147483647,-113,13,Swisscom,false,false
1429770316286,2147483647,2147483647,2147483647,2147483647,-113,13,Swisscom,false,false
1429770316286,2147483647,2147483647,2147483647,2147483647,-113,13,Swisscom,false,false
1429770316286,2147483647,2147483647,2147483647,2147483647,-113,13,Swisscom,false,false
1429770316286,2147483647,2147483647,2147483647,2147483647,-113,13,Swisscom,false,false
1429770316286,2147483647,2147483647,2147483647,2147483647,-113,13,Swisscom,false,false
1429770316286,2147483647,2147483647,2147483647,2147483647,-113,13,Swisscom,false,false
1429770316286,2147483647,2147483647,2147483647,2147483647,-113,13,Swisscom,false,false
1429770316286,2147483647,2147483647,2147483647,2147483647,-113,13,Swisscom,false,false
1429770316286,2147483647,2147483647,2147483647,2147483647,0,13,Swisscom,false,false
1429770316286,2147483647,2147483647,2147483647,2147483647,0,13,Swisscom,false,false
1429770316286,2147483647,2147483647,2147483647,2147483647,0,13,Swisscom,false,false
1429770376361,17432577,2222,1,228,-111,13,Swisscom,true,false
1429770376361,2147483647,2147483647,2147483647,2147483647,-113,13,Swisscom,false,false
1429770376361,2147483647,2147483647,2147483647,2147483647,-113,13,Swisscom,false,false
1429770376361,2147483647,2147483647,2147483647,2147483647,-113,13,Swisscom,false,false
1429770376361,2147483647,2147483647,2147483647,2147483647,-113,13,Swisscom,false,false
1429770376361,2147483647,2147483647,2147483647,2147483647,-113,13,Swisscom,false,false
1429770376361,2147483647,2147483647,2147483647,2147483647,-113,13,Swisscom,false,false
1429770376361,2147483647,2147483647,2147483647,2147483647,-113,13,Swisscom,false,false
1429770376361,2147483647,2147483647,2147483647,2147483647,-113,13,Swisscom,false,false
1429770376361,2147483647,2147483647,2147483647,2147483647,-113,13,Swisscom,false,false
1429770376361,2147483647,2147483647,2147483647,2147483647,-113,13,Swisscom,false,false
1429770376361,2147483647,2147483647,2147483647,2147483647,-113,13,Swisscom,false,false
1429770376361,2147483647,2147483647,2147483647,2147483647,-113,13,Swisscom,false,false
1429770376361,2147483647,2147483647,2147483647,2147483647,0,13,Swisscom,false,false
1429770376361,2147483647,2147483647,2147483647,2147483647,0,13,Swisscom,false,false
1429770376361,2147483647,2147483647,2147483647,2147483647,0,13,Swisscom,false,false
1429770437273,17432577,2222,1,228,-111,13,Swisscom,true,false
1429770437273,2147483647,2147483647,2147483647,2147483647,-113,13,Swisscom,false,false
1429770437273,2147483647,2147483647,2147483647,2147483647,-113,13,Swisscom,false,false
1429770437273,2147483647,2147483647,2147483647,2147483647,-113,13,Swisscom,false,false
1429770437273,2147483647,2147483647,2147483647,2147483647,-113,13,Swisscom,false,false
1429770437273,2147483647,2147483647,2147483647,2147483647,-113,13,Swisscom,false,false
1429770437273,2147483647,2147483647,2147483647,2147483647,-113,13,Swisscom,false,false
1429770437273,2147483647,2147483647,2147483647,2147483647,-113,13,Swisscom,false,false
1429770437273,2147483647,2147483647,2147483647,2147483647,-113,13,Swisscom,false,false
1429770437273,2147483647,2147483647,2147483647,2147483647,-113,13,Swisscom,false,false
1429770437273,2147483647,2147483647,2147483647,2147483647,-113,13,Swisscom,false,false
1429770437273,2147483647,2147483647,2147483647,2147483647,-113,13,Swisscom,false,false
1429770437273,2147483647,2147483647,2147483647,2147483647,-113,13,Swisscom,false,false
1429770437273,2147483647,2147483647,2147483647,2147483647,0,13,Swisscom,false,false
1429770437273,2147483647,2147483647,2147483647,2147483647,0,13,Swisscom,false,false
1429770437273,2147483647,2147483647,2147483647,2147483647,0,13,Swisscom,false,false
1429770497312,17432577,2222,1,228,-111,13,Swisscom,true,false
1429770497312,2147483647,2147483647,2147483647,2147483647,-113,13,Swisscom,false,false
1429770497312,2147483647,2147483647,2147483647,2147483647,-113,13,Swisscom,false,false
1429770497312,2147483647,2147483647,2147483647,2147483647,-113,13,Swisscom,false,false
1429770497312,2147483647,2147483647,2147483647,2147483647,-113,13,Swisscom,false,false
1429770497312,2147483647,2147483647,2147483647,2147483647,-113,13,Swisscom,false,false
1429770497312,2147483647,2147483647,2147483647,2147483647,-113,13,Swisscom,false,false
1429770497312,2147483647,2147483647,2147483647,2147483647,-113,13,Swisscom,false,false
1429770497312,2147483647,2147483647,2147483647,2147483647,-113,13,Swisscom,false,false
1429770497312,2147483647,2147483647,2147483647,2147483647,-113,13,Swisscom,false,false
1429770497312,2147483647,2147483647,2147483647,2147483647,-113,13,Swisscom,false,false
1429770497312,2147483647,2147483647,2147483647,2147483647,-113,13,Swisscom,false,false
1429770497312,2147483647,2147483647,2147483647,2147483647,-113,13,Swisscom,false,false
1429770497312,2147483647,2147483647,2147483647,2147483647,0,13,Swisscom,false,false
1429770497312,2147483647,2147483647,2147483647,2147483647,0,13,Swisscom,false,false
1429770497312,2147483647,2147483647,2147483647,2147483647,0,13,Swisscom,false,false
1429770557341,17432577,2222,1,228,-111,13,Swisscom,true,false
1429770557341,2147483647,2147483647,2147483647,2147483647,-113,13,Swisscom,false,false
1429770557341,2147483647,2147483647,2147483647,2147483647,-113,13,Swisscom,false,false
1429770557341,2147483647,2147483647,2147483647,2147483647,-113,13,Swisscom,false,false
1429770557341,2147483647,2147483647,2147483647,2147483647,-113,13,Swisscom,false,false
1429770557341,2147483647,2147483647,2147483647,2147483647,-113,13,Swisscom,false,false
1429770557341,2147483647,2147483647,2147483647,2147483647,-113,13,Swisscom,false,false
1429770557341,2147483647,2147483647,2147483647,2147483647,-113,13,Swisscom,false,false
1429770557341,2147483647,2147483647,2147483647,2147483647,-113,13,Swisscom,false,false
1429770557341,2147483647,2147483647,2147483647,2147483647,-113,13,Swisscom,false,false
1429770557341,2147483647,2147483647,2147483647,2147483647,-113,13,Swisscom,false,false
1429770557341,2147483647,2147483647,2147483647,2147483647,-113,13,Swisscom,false,false
1429770557341,2147483647,2147483647,2147483647,2147483647,-113,13,Swisscom,false,false
1429770557341,2147483647,2147483647,2147483647,2147483647,0,13,Swisscom,false,false
1429770557341,2147483647,2147483647,2147483647,2147483647,0,13,Swisscom,false,false
1429770557341,2147483647,2147483647,2147483647,2147483647,0,13,Swisscom,false,false
1429770618222,17432577,2222,1,228,-111,13,Swisscom,true,false
1429770618222,2147483647,2147483647,2147483647,2147483647,-113,13,Swisscom,false,false
1429770618222,2147483647,2147483647,2147483647,2147483647,-113,13,Swisscom,false,false
1429770618222,2147483647,2147483647,2147483647,2147483647,-113,13,Swisscom,false,false
1429770618222,2147483647,2147483647,2147483647,2147483647,-113,13,Swisscom,false,false
1429770618222,2147483647,2147483647,2147483647,2147483647,-113,13,Swisscom,false,false
1429770618222,2147483647,2147483647,2147483647,2147483647,-113,13,Swisscom,false,false
1429770618222,2147483647,2147483647,2147483647,2147483647,-113,13,Swisscom,false,false
1429770618222,2147483647,2147483647,2147483647,2147483647,-113,13,Swisscom,false,false
1429770618222,2147483647,2147483647,2147483647,2147483647,-113,13,Swisscom,false,false
1429770618222,2147483647,2147483647,2147483647,2147483647,-113,13,Swisscom,false,false
1429770618222,2147483647,2147483647,2147483647,2147483647,-113,13,Swisscom,false,false
1429770618222,2147483647,2147483647,2147483647,2147483647,-113,13,Swisscom,false,false
1429770618222,2147483647,2147483647,2147483647,2147483647,0,13,Swisscom,false,false
1429770618222,2147483647,2147483647,2147483647,2147483647,0,13,Swisscom,false,false
1429770618222,2147483647,2147483647,2147483647,2147483647,0,13,Swisscom,false,false
1429770678279,17432577,2222,1,228,-112,13,Swisscom,true,false
1429770678279,2147483647,2147483647,2147483647,2147483647,-113,13,Swisscom,false,false
1429770678279,2147483647,2147483647,2147483647,2147483647,-113,13,Swisscom,false,false
1429770678279,2147483647,2147483647,2147483647,2147483647,-113,13,Swisscom,false,false
1429770678279,2147483647,2147483647,2147483647,2147483647,-113,13,Swisscom,false,false
1429770678279,2147483647,2147483647,2147483647,2147483647,-113,13,Swisscom,false,false
1429770678279,2147483647,2147483647,2147483647,2147483647,-113,13,Swisscom,false,false
1429770678279,2147483647,2147483647,2147483647,2147483647,-113,13,Swisscom,false,false
1429770678279,2147483647,2147483647,2147483647,2147483647,-113,13,Swisscom,false,false
1429770678279,2147483647,2147483647,2147483647,2147483647,-113,13,Swisscom,false,false
1429770678279,2147483647,2147483647,2147483647,2147483647,-113,13,Swisscom,false,false
1429770678279,2147483647,2147483647,2147483647,2147483647,-113,13,Swisscom,false,false
1429770678279,2147483647,2147483647,2147483647,2147483647,-113,13,Swisscom,false,false
1429770678279,2147483647,2147483647,2147483647,2147483647,0,13,Swisscom,false,false
1429770678279,2147483647,2147483647,2147483647,2147483647,0,13,Swisscom,false,false
1429770678279,2147483647,2147483647,2147483647,2147483647,0,13,Swisscom,false,false
1429770738481,17432577,2222,1,228,-111,13,Swisscom,true,false
1429770738481,2147483647,2147483647,2147483647,2147483647,-113,13,Swisscom,false,false
1429770738481,2147483647,2147483647,2147483647,2147483647,-113,13,Swisscom,false,false
1429770738481,2147483647,2147483647,2147483647,2147483647,-113,13,Swisscom,false,false
1429770738481,2147483647,2147483647,2147483647,2147483647,-113,13,Swisscom,false,false
1429770738481,2147483647,2147483647,2147483647,2147483647,-113,13,Swisscom,false,false
1429770738481,2147483647,2147483647,2147483647,2147483647,-113,13,Swisscom,false,false
1429770738481,2147483647,2147483647,2147483647,2147483647,-113,13,Swisscom,false,false
1429770738481,2147483647,2147483647,2147483647,2147483647,-113,13,Swisscom,false,false
1429770738481,2147483647,2147483647,2147483647,2147483647,-113,13,Swisscom,false,false
1429770738481,2147483647,2147483647,2147483647,2147483647,-113,13,Swisscom,false,false
1429770738481,2147483647,2147483647,2147483647,2147483647,-113,13,Swisscom,false,false
1429770738481,2147483647,2147483647,2147483647,2147483647,-113,13,Swisscom,false,false
1429770738481,2147483647,2147483647,2147483647,2147483647,0,13,Swisscom,false,false
1429770738481,2147483647,2147483647,2147483647,2147483647,0,13,Swisscom,false,false
1429770738481,2147483647,2147483647,2147483647,2147483647,0,13,Swisscom,false,false
1429770798497,17432577,2222,1,228,-112,13,Swisscom,true,false
1429770798497,2147483647,2147483647,2147483647,2147483647,-113,13,Swisscom,false,false
1429770798497,2147483647,2147483647,2147483647,2147483647,-113,13,Swisscom,false,false
1429770798497,2147483647,2147483647,2147483647,2147483647,-113,13,Swisscom,false,false
1429770798497,2147483647,2147483647,2147483647,2147483647,-113,13,Swisscom,false,false
1429770798497,2147483647,2147483647,2147483647,2147483647,-113,13,Swisscom,false,false
1429770798497,2147483647,2147483647,2147483647,2147483647,-113,13,Swisscom,false,false
1429770798497,2147483647,2147483647,2147483647,2147483647,-113,13,Swisscom,false,false
1429770798497,2147483647,2147483647,2147483647,2147483647,-113,13,Swisscom,false,false
1429770798497,2147483647,2147483647,2147483647,2147483647,-113,13,Swisscom,false,false
1429770798497,2147483647,2147483647,2147483647,2147483647,-113,13,Swisscom,false,false
1429770798497,2147483647,2147483647,2147483647,2147483647,-113,13,Swisscom,false,false
1429770798497,2147483647,2147483647,2147483647,2147483647,-113,13,Swisscom,false,false
1429770798497,2147483647,2147483647,2147483647,2147483647,0,13,Swisscom,false,false
1429770798497,2147483647,2147483647,2147483647,2147483647,0,13,Swisscom,false,false
1429770798497,2147483647,2147483647,2147483647,2147483647,0,13,Swisscom,false,false
1429770859201,17432577,2222,1,228,-111,13,Swisscom,true,false
1429770859201,2147483647,2147483647,2147483647,2147483647,-113,13,Swisscom,false,false
1429770859201,2147483647,2147483647,2147483647,2147483647,-113,13,Swisscom,false,false
1429770859201,2147483647,2147483647,2147483647,2147483647,-113,13,Swisscom,false,false
1429770859201,2147483647,2147483647,2147483647,2147483647,-113,13,Swisscom,false,false
1429770859201,2147483647,2147483647,2147483647,2147483647,-113,13,Swisscom,false,false
1429770859201,2147483647,2147483647,2147483647,2147483647,-113,13,Swisscom,false,false
1429770859201,2147483647,2147483647,2147483647,2147483647,-113,13,Swisscom,false,false
1429770859201,2147483647,2147483647,2147483647,2147483647,-113,13,Swisscom,false,false
1429770859201,2147483647,2147483647,2147483647,2147483647,-113,13,Swisscom,false,false
1429770859201,2147483647,2147483647,2147483647,2147483647,-113,13,Swisscom,false,false
1429770859201,2147483647,2147483647,2147483647,2147483647,-113,13,Swisscom,false,false
1429770859201,2147483647,2147483647,2147483647,2147483647,-113,13,Swisscom,false,false
1429770859201,2147483647,2147483647,2147483647,2147483647,0,13,Swisscom,false,false
1429770859201,2147483647,2147483647,2147483647,2147483647,0,13,Swisscom,false,false
1429770859201,2147483647,2147483647,2147483647,2147483647,0,13,Swisscom,false,false
1429770919349,17432577,2222,1,228,-111,13,Swisscom,true,false
1429770919349,2147483647,2147483647,2147483647,2147483647,-113,13,Swisscom,false,false
1429770919349,2147483647,2147483647,2147483647,2147483647,-113,13,Swisscom,false,false
1429770919349,2147483647,2147483647,2147483647,2147483647,-113,13,Swisscom,false,false
1429770919349,2147483647,2147483647,2147483647,2147483647,-113,13,Swisscom,false,false
1429770919349,2147483647,2147483647,2147483647,2147483647,-113,13,Swisscom,false,false
1429770919349,2147483647,2147483647,2147483647,2147483647,-113,13,Swisscom,false,false
1429770919349,2147483647,2147483647,2147483647,2147483647,-113,13,Swisscom,false,false
1429770919349,2147483647,2147483647,2147483647,2147483647,-113,13,Swisscom,false,false
1429770919349,2147483647,2147483647,2147483647,2147483647,-113,13,Swisscom,false,false
1429770919349,2147483647,2147483647,2147483647,2147483647,-113,13,Swisscom,false,false
1429770919349,2147483647,2147483647,2147483647,2147483647,-113,13,Swisscom,false,false
1429770919349,2147483647,2147483647,2147483647,2147483647,-113,13,Swisscom,false,false
1429770919349,2147483647,2147483647,2147483647,2147483647,0,13,Swisscom,false,false
1429770919349,2147483647,2147483647,2147483647,2147483647,0,13,Swisscom,false,false
1429770919349,2147483647,2147483647,2147483647,2147483647,0,13,Swisscom,false,false
1429770979475,17432577,2222,1,228,-111,13,Swisscom,true,false
1429770979475,2147483647,2147483647,2147483647,2147483647,-113,13,Swisscom,false,false
1429770979475,2147483647,2147483647,2147483647,2147483647,-113,13,Swisscom,false,false
1429770979475,2147483647,2147483647,2147483647,2147483647,-113,13,Swisscom,false,false
1429770979475,2147483647,2147483647,2147483647,2147483647,-113,13,Swisscom,false,false
1429770979475,2147483647,2147483647,2147483647,2147483647,-113,13,Swisscom,false,false
1429770979475,2147483647,2147483647,2147483647,2147483647,-113,13,Swisscom,false,false
1429770979475,2147483647,2147483647,2147483647,2147483647,-113,13,Swisscom,false,false
1429770979475,2147483647,2147483647,2147483647,2147483647,-113,13,Swisscom,false,false
1429770979475,2147483647,2147483647,2147483647,2147483647,-113,13,Swisscom,false,false
1429770979475,2147483647,2147483647,2147483647,2147483647,-113,13,Swisscom,false,false
1429770979475,2147483647,2147483647,2147483647,2147483647,-113,13,Swisscom,false,false
1429770979475,2147483647,2147483647,2147483647,2147483647,-113,13,Swisscom,false,false
1429770979475,2147483647,2147483647,2147483647,2147483647,0,13,Swisscom,false,false
1429770979475,2147483647,2147483647,2147483647,2147483647,0,13,Swisscom,false,false
1429770979475,2147483647,2147483647,2147483647,2147483647,0,13,Swisscom,false,false
1429771039573,17432577,2222,1,228,-111,13,Swisscom,true,false
1429771039573,2147483647,2147483647,2147483647,2147483647,-113,13,Swisscom,false,false
1429771039573,2147483647,2147483647,2147483647,2147483647,-113,13,Swisscom,false,false
1429771039573,2147483647,2147483647,2147483647,2147483647,-113,13,Swisscom,false,false
1429771039573,2147483647,2147483647,2147483647,2147483647,-113,13,Swisscom,false,false
1429771039573,2147483647,2147483647,2147483647,2147483647,-113,13,Swisscom,false,false
1429771039573,2147483647,2147483647,2147483647,2147483647,-113,13,Swisscom,false,false
1429771039573,2147483647,2147483647,2147483647,2147483647,-113,13,Swisscom,false,false
1429771039573,2147483647,2147483647,2147483647,2147483647,-113,13,Swisscom,false,false
1429771039573,2147483647,2147483647,2147483647,2147483647,-113,13,Swisscom,false,false
1429771039573,2147483647,2147483647,2147483647,2147483647,-113,13,Swisscom,false,false
1429771039573,2147483647,2147483647,2147483647,2147483647,-113,13,Swisscom,false,false
1429771039573,2147483647,2147483647,2147483647,2147483647,-113,13,Swisscom,false,false
1429771039573,2147483647,2147483647,2147483647,2147483647,0,13,Swisscom,false,false
1429771039573,2147483647,2147483647,2147483647,2147483647,0,13,Swisscom,false,false
1429771039573,2147483647,2147483647,2147483647,2147483647,0,13,Swisscom,false,false
1429771100110,17432577,2222,1,228,-111,13,Swisscom,true,false
1429771100110,2147483647,2147483647,2147483647,2147483647,-113,13,Swisscom,false,false
1429771100110,2147483647,2147483647,2147483647,2147483647,-113,13,Swisscom,false,false
1429771100110,2147483647,2147483647,2147483647,2147483647,-113,13,Swisscom,false,false
1429771100110,2147483647,2147483647,2147483647,2147483647,-113,13,Swisscom,false,false
1429771100110,2147483647,2147483647,2147483647,2147483647,-113,13,Swisscom,false,false
1429771100110,2147483647,2147483647,2147483647,2147483647,-113,13,Swisscom,false,false
1429771100110,2147483647,2147483647,2147483647,2147483647,-113,13,Swisscom,false,false
1429771100110,2147483647,2147483647,2147483647,2147483647,-113,13,Swisscom,false,false
1429771100110,2147483647,2147483647,2147483647,2147483647,-113,13,Swisscom,false,false
1429771100110,2147483647,2147483647,2147483647,2147483647,-113,13,Swisscom,false,false
1429771100110,2147483647,2147483647,2147483647,2147483647,-113,13,Swisscom,false,false
1429771100110,2147483647,2147483647,2147483647,2147483647,-113,13,Swisscom,false,false
1429771100110,2147483647,2147483647,2147483647,2147483647,0,13,Swisscom,false,false
1429771100110,2147483647,2147483647,2147483647,2147483647,0,13,Swisscom,false,false
1429771100110,2147483647,2147483647,2147483647,2147483647,0,13,Swisscom,false,false
1429771160179,17432577,2222,1,228,-111,13,Swisscom,true,false
1429771160179,2147483647,2147483647,2147483647,2147483647,-113,13,Swisscom,false,false
1429771160179,2147483647,2147483647,2147483647,2147483647,-113,13,Swisscom,false,false
1429771160179,2147483647,2147483647,2147483647,2147483647,-113,13,Swisscom,false,false
1429771160179,2147483647,2147483647,2147483647,2147483647,-113,13,Swisscom,false,false
1429771160179,2147483647,2147483647,2147483647,2147483647,-113,13,Swisscom,false,false
1429771160179,2147483647,2147483647,2147483647,2147483647,-113,13,Swisscom,false,false
1429771160179,2147483647,2147483647,2147483647,2147483647,-113,13,Swisscom,false,false
1429771160179,2147483647,2147483647,2147483647,2147483647,-113,13,Swisscom,false,false
1429771160179,2147483647,2147483647,2147483647,2147483647,-113,13,Swisscom,false,false
1429771160179,2147483647,2147483647,2147483647,2147483647,-113,13,Swisscom,false,false
1429771160179,2147483647,2147483647,2147483647,2147483647,-113,13,Swisscom,false,false
1429771160179,2147483647,2147483647,2147483647,2147483647,-113,13,Swisscom,false,false
1429771160179,2147483647,2147483647,2147483647,2147483647,0,13,Swisscom,false,false
1429771160179,2147483647,2147483647,2147483647,2147483647,0,13,Swisscom,false,false
1429771160179,2147483647,2147483647,2147483647,2147483647,0,13,Swisscom,false,false
1429771220208,17432577,2222,1,228,-111,13,Swisscom,true,false
1429771220208,2147483647,2147483647,2147483647,2147483647,-113,13,Swisscom,false,false
1429771220208,2147483647,2147483647,2147483647,2147483647,-113,13,Swisscom,false,false
1429771220208,2147483647,2147483647,2147483647,2147483647,-113,13,Swisscom,false,false
1429771220208,2147483647,2147483647,2147483647,2147483647,-113,13,Swisscom,false,false
1429771220208,2147483647,2147483647,2147483647,2147483647,-113,13,Swisscom,false,false
1429771220208,2147483647,2147483647,2147483647,2147483647,-113,13,Swisscom,false,false
1429771220208,2147483647,2147483647,2147483647,2147483647,-113,13,Swisscom,false,false
1429771220208,2147483647,2147483647,2147483647,2147483647,-113,13,Swisscom,false,false
1429771220208,2147483647,2147483647,2147483647,2147483647,-113,13,Swisscom,false,false
1429771220208,2147483647,2147483647,2147483647,2147483647,-113,13,Swisscom,false,false
1429771220208,2147483647,2147483647,2147483647,2147483647,-113,13,Swisscom,false,false
1429771220208,2147483647,2147483647,2147483647,2147483647,-113,13,Swisscom,false,false
1429771220208,2147483647,2147483647,2147483647,2147483647,0,13,Swisscom,false,false
1429771220208,2147483647,2147483647,2147483647,2147483647,0,13,Swisscom,false,false
1429771220208,2147483647,2147483647,2147483647,2147483647,0,13,Swisscom,false,false
1429771280383,17432577,2222,1,228,-112,13,Swisscom,true,false
1429771280383,2147483647,2147483647,2147483647,2147483647,-113,13,Swisscom,false,false
1429771280383,2147483647,2147483647,2147483647,2147483647,-113,13,Swisscom,false,false
1429771280383,2147483647,2147483647,2147483647,2147483647,-113,13,Swisscom,false,false
1429771280383,2147483647,2147483647,2147483647,2147483647,-113,13,Swisscom,false,false
1429771280383,2147483647,2147483647,2147483647,2147483647,-113,13,Swisscom,false,false
1429771280383,2147483647,2147483647,2147483647,2147483647,-113,13,Swisscom,false,false
1429771280383,2147483647,2147483647,2147483647,2147483647,-113,13,Swisscom,false,false
1429771280383,2147483647,2147483647,2147483647,2147483647,-113,13,Swisscom,false,false
1429771280383,2147483647,2147483647,2147483647,2147483647,-113,13,Swisscom,false,false
1429771280383,2147483647,2147483647,2147483647,2147483647,-113,13,Swisscom,false,false
1429771280383,2147483647,2147483647,2147483647,2147483647,-113,13,Swisscom,false,false
1429771280383,2147483647,2147483647,2147483647,2147483647,-113,13,Swisscom,false,false
1429771280383,2147483647,2147483647,2147483647,2147483647,0,13,Swisscom,false,false
1429771280383,2147483647,2147483647,2147483647,2147483647,0,13,Swisscom,false,false
1429771280383,2147483647,2147483647,2147483647,2147483647,0,13,Swisscom,false,false
1429771341197,17432577,2222,1,228,-111,13,Swisscom,true,false
1429771341197,2147483647,2147483647,2147483647,2147483647,-113,13,Swisscom,false,false
1429771341197,2147483647,2147483647,2147483647,2147483647,-113,13,Swisscom,false,false
1429771341197,2147483647,2147483647,2147483647,2147483647,-113,13,Swisscom,false,false
1429771341197,2147483647,2147483647,2147483647,2147483647,-113,13,Swisscom,false,false
1429771341197,2147483647,2147483647,2147483647,2147483647,-113,13,Swisscom,false,false
1429771341197,2147483647,2147483647,2147483647,2147483647,-113,13,Swisscom,false,false
1429771341197,2147483647,2147483647,2147483647,2147483647,-113,13,Swisscom,false,false
1429771341197,2147483647,2147483647,2147483647,2147483647,-113,13,Swisscom,false,false
1429771341197,2147483647,2147483647,2147483647,2147483647,-113,13,Swisscom,false,false
1429771341197,2147483647,2147483647,2147483647,2147483647,-113,13,Swisscom,false,false
1429771341197,2147483647,2147483647,2147483647,2147483647,-113,13,Swisscom,false,false
1429771341197,2147483647,2147483647,2147483647,2147483647,-113,13,Swisscom,false,false
1429771341197,2147483647,2147483647,2147483647,2147483647,0,13,Swisscom,false,false
1429771341197,2147483647,2147483647,2147483647,2147483647,0,13,Swisscom,false,false
1429771341197,2147483647,2147483647,2147483647,2147483647,0,13,Swisscom,false,false
1429771401293,17432577,2222,1,228,-111,13,Swisscom,true,false
1429771401293,2147483647,2147483647,2147483647,2147483647,-113,13,Swisscom,false,false
1429771401293,2147483647,2147483647,2147483647,2147483647,-113,13,Swisscom,false,false
1429771401293,2147483647,2147483647,2147483647,2147483647,-113,13,Swisscom,false,false
1429771401293,2147483647,2147483647,2147483647,2147483647,-113,13,Swisscom,false,false
1429771401293,2147483647,2147483647,2147483647,2147483647,-113,13,Swisscom,false,false
1429771401293,2147483647,2147483647,2147483647,2147483647,-113,13,Swisscom,false,false
1429771401293,2147483647,2147483647,2147483647,2147483647,-113,13,Swisscom,false,false
1429771401293,2147483647,2147483647,2147483647,2147483647,-113,13,Swisscom,false,false
1429771401293,2147483647,2147483647,2147483647,2147483647,-113,13,Swisscom,false,false
1429771401293,2147483647,2147483647,2147483647,2147483647,-113,13,Swisscom,false,false
1429771401293,2147483647,2147483647,2147483647,2147483647,-113,13,Swisscom,false,false
1429771401293,2147483647,2147483647,2147483647,2147483647,-113,13,Swisscom,false,false
1429771401293,2147483647,2147483647,2147483647,2147483647,0,13,Swisscom,false,false
1429771401293,2147483647,2147483647,2147483647,2147483647,0,13,Swisscom,false,false
1429771401293,2147483647,2147483647,2147483647,2147483647,0,13,Swisscom,false,false
1429771461287,17432577,2222,1,228,-111,13,Swisscom,true,false
1429771461287,2147483647,2147483647,2147483647,2147483647,-113,13,Swisscom,false,false
1429771461287,2147483647,2147483647,2147483647,2147483647,-113,13,Swisscom,false,false
1429771461287,2147483647,2147483647,2147483647,2147483647,-113,13,Swisscom,false,false
1429771461287,2147483647,2147483647,2147483647,2147483647,-113,13,Swisscom,false,false
1429771461287,2147483647,2147483647,2147483647,2147483647,-113,13,Swisscom,false,false
1429771461287,2147483647,2147483647,2147483647,2147483647,-113,13,Swisscom,false,false
1429771461287,2147483647,2147483647,2147483647,2147483647,-113,13,Swisscom,false,false
1429771461287,2147483647,2147483647,2147483647,2147483647,-113,13,Swisscom,false,false
1429771461287,2147483647,2147483647,2147483647,2147483647,-113,13,Swisscom,false,false
1429771461287,2147483647,2147483647,2147483647,2147483647,-113,13,Swisscom,false,false
1429771461287,2147483647,2147483647,2147483647,2147483647,-113,13,Swisscom,false,false
1429771461287,2147483647,2147483647,2147483647,2147483647,-113,13,Swisscom,false,false
1429771461287,2147483647,2147483647,2147483647,2147483647,0,13,Swisscom,false,false
1429771461287,2147483647,2147483647,2147483647,2147483647,0,13,Swisscom,false,false
1429771461287,2147483647,2147483647,2147483647,2147483647,0,13,Swisscom,false,false
1429771522257,17432577,2222,1,228,-111,13,Swisscom,true,false
1429771522257,2147483647,2147483647,2147483647,2147483647,-113,13,Swisscom,false,false
1429771522257,2147483647,2147483647,2147483647,2147483647,-113,13,Swisscom,false,false
1429771522257,2147483647,2147483647,2147483647,2147483647,-113,13,Swisscom,false,false
1429771522257,2147483647,2147483647,2147483647,2147483647,-113,13,Swisscom,false,false
1429771522257,2147483647,2147483647,2147483647,2147483647,-113,13,Swisscom,false,false
1429771522257,2147483647,2147483647,2147483647,2147483647,-113,13,Swisscom,false,false
1429771522257,2147483647,2147483647,2147483647,2147483647,-113,13,Swisscom,false,false
1429771522257,2147483647,2147483647,2147483647,2147483647,-113,13,Swisscom,false,false
1429771522257,2147483647,2147483647,2147483647,2147483647,-113,13,Swisscom,false,false
1429771522257,2147483647,2147483647,2147483647,2147483647,-113,13,Swisscom,false,false
1429771522257,2147483647,2147483647,2147483647,2147483647,-113,13,Swisscom,false,false
1429771522257,2147483647,2147483647,2147483647,2147483647,-113,13,Swisscom,false,false
1429771522257,2147483647,2147483647,2147483647,2147483647,0,13,Swisscom,false,false
1429771522257,2147483647,2147483647,2147483647,2147483647,0,13,Swisscom,false,false
1429771522257,2147483647,2147483647,2147483647,2147483647,0,13,Swisscom,false,false
1429771582252,17432577,2222,1,228,-111,13,Swisscom,true,false
1429771582252,4,2147483647,2147483647,2147483647,-125,13,Swisscom,false,false
1429771642496,17432577,2222,1,228,-111,13,Swisscom,true,false
1429771642496,2147483647,2147483647,2147483647,2147483647,-113,13,Swisscom,false,false
1429771642496,2147483647,2147483647,2147483647,2147483647,-113,13,Swisscom,false,false
1429771642496,2147483647,2147483647,2147483647,2147483647,-113,13,Swisscom,false,false
1429771642496,2147483647,2147483647,2147483647,2147483647,-113,13,Swisscom,false,false
1429771642496,2147483647,2147483647,2147483647,2147483647,-113,13,Swisscom,false,false
1429771642496,2147483647,2147483647,2147483647,2147483647,-113,13,Swisscom,false,false
1429771642496,2147483647,2147483647,2147483647,2147483647,-113,13,Swisscom,false,false
1429771642496,2147483647,2147483647,2147483647,2147483647,-113,13,Swisscom,false,false
1429771642496,2147483647,2147483647,2147483647,2147483647,-113,13,Swisscom,false,false
1429771642496,2147483647,2147483647,2147483647,2147483647,-113,13,Swisscom,false,false
1429771642496,2147483647,2147483647,2147483647,2147483647,-113,13,Swisscom,false,false
1429771642496,2147483647,2147483647,2147483647,2147483647,-113,13,Swisscom,false,false
1429771642496,2147483647,2147483647,2147483647,2147483647,0,13,Swisscom,false,false
1429771642496,2147483647,2147483647,2147483647,2147483647,0,13,Swisscom,false,false
1429771642496,2147483647,2147483647,2147483647,2147483647,0,13,Swisscom,false,false
1429771702581,17432577,2222,1,228,-111,13,Swisscom,true,false
1429771702581,3,2147483647,2147483647,2147483647,-125,13,Swisscom,false,false
1429771702581,2147483647,2147483647,2147483647,2147483647,-113,13,Swisscom,false,false
1429771702581,2147483647,2147483647,2147483647,2147483647,-113,13,Swisscom,false,false
1429771702581,2147483647,2147483647,2147483647,2147483647,-113,13,Swisscom,false,false
1429771702581,2147483647,2147483647,2147483647,2147483647,-113,13,Swisscom,false,false
1429771702581,2147483647,2147483647,2147483647,2147483647,-113,13,Swisscom,false,false
1429771702581,2147483647,2147483647,2147483647,2147483647,-113,13,Swisscom,false,false
1429771702581,2147483647,2147483647,2147483647,2147483647,-113,13,Swisscom,false,false
1429771702581,2147483647,2147483647,2147483647,2147483647,-113,13,Swisscom,false,false
1429771702581,2147483647,2147483647,2147483647,2147483647,-113,13,Swisscom,false,false
1429771702581,2147483647,2147483647,2147483647,2147483647,-113,13,Swisscom,false,false
1429771702581,2147483647,2147483647,2147483647,2147483647,-113,13,Swisscom,false,false
1429771702581,2147483647,2147483647,2147483647,2147483647,-113,13,Swisscom,false,false
1429771702581,2147483647,2147483647,2147483647,2147483647,0,13,Swisscom,false,false
1429771702581,2147483647,2147483647,2147483647,2147483647,0,13,Swisscom,false,false
1429771702581,2147483647,2147483647,2147483647,2147483647,0,13,Swisscom,false,false
1429771762773,17432577,2222,1,228,-111,13,Swisscom,true,false
1429771762773,2147483647,2147483647,2147483647,2147483647,-113,13,Swisscom,false,false
1429771762773,2147483647,2147483647,2147483647,2147483647,-113,13,Swisscom,false,false
1429771762773,2147483647,2147483647,2147483647,2147483647,-113,13,Swisscom,false,false
1429771762773,2147483647,2147483647,2147483647,2147483647,-113,13,Swisscom,false,false
1429771762773,2147483647,2147483647,2147483647,2147483647,-113,13,Swisscom,false,false
1429771762773,2147483647,2147483647,2147483647,2147483647,-113,13,Swisscom,false,false
1429771762773,2147483647,2147483647,2147483647,2147483647,-113,13,Swisscom,false,false
1429771762773,2147483647,2147483647,2147483647,2147483647,-113,13,Swisscom,false,false
1429771762773,2147483647,2147483647,2147483647,2147483647,-113,13,Swisscom,false,false
1429771762773,2147483647,2147483647,2147483647,2147483647,-113,13,Swisscom,false,false
1429771762773,2147483647,2147483647,2147483647,2147483647,-113,13,Swisscom,false,false
1429771762773,2147483647,2147483647,2147483647,2147483647,-113,13,Swisscom,false,false
1429771762773,2147483647,2147483647,2147483647,2147483647,0,13,Swisscom,false,false
1429771762773,2147483647,2147483647,2147483647,2147483647,0,13,Swisscom,false,false
1429771762773,2147483647,2147483647,2147483647,2147483647,0,13,Swisscom,false,false
1429771837253,17432577,2222,1,228,-111,13,Swisscom,true,false
1429771837253,327,2147483647,2147483647,2147483647,-136,13,Swisscom,false,false
1429771837253,2147483647,2147483647,2147483647,2147483647,-113,13,Swisscom,false,false
1429771837253,2147483647,2147483647,2147483647,2147483647,-113,13,Swisscom,false,false
1429771837253,2147483647,2147483647,2147483647,2147483647,-113,13,Swisscom,false,false
1429771837253,2147483647,2147483647,2147483647,2147483647,-113,13,Swisscom,false,false
1429771837253,2147483647,2147483647,2147483647,2147483647,-113,13,Swisscom,false,false
1429771837253,2147483647,2147483647,2147483647,2147483647,-113,13,Swisscom,false,false
1429771837253,2147483647,2147483647,2147483647,2147483647,-113,13,Swisscom,false,false
1429771837253,2147483647,2147483647,2147483647,2147483647,-113,13,Swisscom,false,false
1429771837253,2147483647,2147483647,2147483647,2147483647,-113,13,Swisscom,false,false
1429771837253,2147483647,2147483647,2147483647,2147483647,-113,13,Swisscom,false,false
1429771837253,2147483647,2147483647,2147483647,2147483647,-113,13,Swisscom,false,false
1429771837253,2147483647,2147483647,2147483647,2147483647,-113,13,Swisscom,false,false
1429771837253,2147483647,2147483647,2147483647,2147483647,0,13,Swisscom,false,false
1429771837253,2147483647,2147483647,2147483647,2147483647,0,13,Swisscom,false,false
1429771837253,2147483647,2147483647,2147483647,2147483647,0,13,Swisscom,false,false
1429771897338,17432577,2222,1,228,-111,13,Swisscom,true,false
1429771897338,3,2147483647,2147483647,2147483647,-126,13,Swisscom,false,false
1429771897338,2147483647,2147483647,2147483647,2147483647,-113,13,Swisscom,false,false
1429771897338,2147483647,2147483647,2147483647,2147483647,-113,13,Swisscom,false,false
1429771897338,2147483647,2147483647,2147483647,2147483647,-113,13,Swisscom,false,false
1429771897338,2147483647,2147483647,2147483647,2147483647,-113,13,Swisscom,false,false
1429771897338,2147483647,2147483647,2147483647,2147483647,-113,13,Swisscom,false,false
1429771897338,2147483647,2147483647,2147483647,2147483647,-113,13,Swisscom,false,false
1429771897338,2147483647,2147483647,2147483647,2147483647,-113,13,Swisscom,false,false
1429771897338,2147483647,2147483647,2147483647,2147483647,-113,13,Swisscom,false,false
1429771897338,2147483647,2147483647,2147483647,2147483647,-113,13,Swisscom,false,false
1429771897338,2147483647,2147483647,2147483647,2147483647,-113,13,Swisscom,false,false
1429771897338,2147483647,2147483647,2147483647,2147483647,-113,13,Swisscom,false,false
1429771897338,2147483647,2147483647,2147483647,2147483647,-113,13,Swisscom,false,false
1429771897338,2147483647,2147483647,2147483647,2147483647,0,13,Swisscom,false,false
1429771897338,2147483647,2147483647,2147483647,2147483647,0,13,Swisscom,false,false
1429771897338,2147483647,2147483647,2147483647,2147483647,0,13,Swisscom,false,false
1429771975196,17432577,2222,1,228,-111,13,Swisscom,true,false
1429771975196,3,2147483647,2147483647,2147483647,-124,13,Swisscom,false,false
1429771975196,2147483647,2147483647,2147483647,2147483647,-113,13,Swisscom,false,false
1429771975196,2147483647,2147483647,2147483647,2147483647,-113,13,Swisscom,false,false
1429771975196,2147483647,2147483647,2147483647,2147483647,-113,13,Swisscom,false,false
1429771975196,2147483647,2147483647,2147483647,2147483647,-113,13,Swisscom,false,false
1429771975196,2147483647,2147483647,2147483647,2147483647,-113,13,Swisscom,false,false
1429771975196,2147483647,2147483647,2147483647,2147483647,-113,13,Swisscom,false,false
1429771975196,2147483647,2147483647,2147483647,2147483647,-113,13,Swisscom,false,false
1429771975196,2147483647,2147483647,2147483647,2147483647,-113,13,Swisscom,false,false
1429771975196,2147483647,2147483647,2147483647,2147483647,-113,13,Swisscom,false,false
1429771975196,2147483647,2147483647,2147483647,2147483647,-113,13,Swisscom,false,false
1429771975196,2147483647,2147483647,2147483647,2147483647,-113,13,Swisscom,false,false
1429771975196,2147483647,2147483647,2147483647,2147483647,-113,13,Swisscom,false,false
1429771975196,2147483647,2147483647,2147483647,2147483647,0,13,Swisscom,false,false
1429771975196,2147483647,2147483647,2147483647,2147483647,0,13,Swisscom,false,false
1429771975196,2147483647,2147483647,2147483647,2147483647,0,13,Swisscom,false,false
1429772035215,17432577,2222,1,228,-111,13,Swisscom,true,false
1429772035215,4,2147483647,2147483647,2147483647,-121,13,Swisscom,false,false
1429772035215,2147483647,2147483647,2147483647,2147483647,-113,13,Swisscom,false,false
1429772035215,2147483647,2147483647,2147483647,2147483647,-113,13,Swisscom,false,false
1429772035215,2147483647,2147483647,2147483647,2147483647,-113,13,Swisscom,false,false
1429772035215,2147483647,2147483647,2147483647,2147483647,-113,13,Swisscom,false,false
1429772035215,2147483647,2147483647,2147483647,2147483647,-113,13,Swisscom,false,false
1429772035215,2147483647,2147483647,2147483647,2147483647,-113,13,Swisscom,false,false
1429772035215,2147483647,2147483647,2147483647,2147483647,-113,13,Swisscom,false,false
1429772035215,2147483647,2147483647,2147483647,2147483647,-113,13,Swisscom,false,false
1429772035215,2147483647,2147483647,2147483647,2147483647,-113,13,Swisscom,false,false
1429772035215,2147483647,2147483647,2147483647,2147483647,-113,13,Swisscom,false,false
1429772035215,2147483647,2147483647,2147483647,2147483647,-113,13,Swisscom,false,false
1429772035215,2147483647,2147483647,2147483647,2147483647,-113,13,Swisscom,false,false
1429772035215,2147483647,2147483647,2147483647,2147483647,0,13,Swisscom,false,false
1429772035215,2147483647,2147483647,2147483647,2147483647,0,13,Swisscom,false,false
1429772035215,2147483647,2147483647,2147483647,2147483647,0,13,Swisscom,false,false
1429772096177,17432577,2222,1,228,-111,13,Swisscom,true,false
1429772096177,3,2147483647,2147483647,2147483647,-124,13,Swisscom,false,false
1429772096177,4,2147483647,2147483647,2147483647,-126,13,Swisscom,false,false
1429772096177,2147483647,2147483647,2147483647,2147483647,-113,13,Swisscom,false,false
1429772096177,2147483647,2147483647,2147483647,2147483647,-113,13,Swisscom,false,false
1429772096177,2147483647,2147483647,2147483647,2147483647,-113,13,Swisscom,false,false
1429772096177,2147483647,2147483647,2147483647,2147483647,-113,13,Swisscom,false,false
1429772096177,2147483647,2147483647,2147483647,2147483647,-113,13,Swisscom,false,false
1429772096177,2147483647,2147483647,2147483647,2147483647,-113,13,Swisscom,false,false
1429772096177,2147483647,2147483647,2147483647,2147483647,-113,13,Swisscom,false,false
1429772096177,2147483647,2147483647,2147483647,2147483647,-113,13,Swisscom,false,false
1429772096177,2147483647,2147483647,2147483647,2147483647,-113,13,Swisscom,false,false
1429772096177,2147483647,2147483647,2147483647,2147483647,-113,13,Swisscom,false,false
1429772096177,2147483647,2147483647,2147483647,2147483647,-113,13,Swisscom,false,false
1429772096177,2147483647,2147483647,2147483647,2147483647,-113,13,Swisscom,false,false
1429772096177,2147483647,2147483647,2147483647,2147483647,0,13,Swisscom,false,false
1429772096177,2147483647,2147483647,2147483647,2147483647,0,13,Swisscom,false,false
1429772096177,2147483647,2147483647,2147483647,2147483647,0,13,Swisscom,false,false
1429772156215,17432577,2222,1,228,-111,13,Swisscom,true,false
1429772156215,4,2147483647,2147483647,2147483647,-124,13,Swisscom,false,false
1429772156215,2147483647,2147483647,2147483647,2147483647,-113,13,Swisscom,false,false
1429772156215,2147483647,2147483647,2147483647,2147483647,-113,13,Swisscom,false,false
1429772156215,2147483647,2147483647,2147483647,2147483647,-113,13,Swisscom,false,false
1429772156215,2147483647,2147483647,2147483647,2147483647,-113,13,Swisscom,false,false
1429772156215,2147483647,2147483647,2147483647,2147483647,-113,13,Swisscom,false,false
1429772156215,2147483647,2147483647,2147483647,2147483647,-113,13,Swisscom,false,false
1429772156215,2147483647,2147483647,2147483647,2147483647,-113,13,Swisscom,false,false
1429772156215,2147483647,2147483647,2147483647,2147483647,-113,13,Swisscom,false,false
1429772156215,2147483647,2147483647,2147483647,2147483647,-113,13,Swisscom,false,false
1429772156215,2147483647,2147483647,2147483647,2147483647,-113,13,Swisscom,false,false
1429772156215,2147483647,2147483647,2147483647,2147483647,-113,13,Swisscom,false,false
1429772156215,2147483647,2147483647,2147483647,2147483647,-113,13,Swisscom,false,false
1429772156215,2147483647,2147483647,2147483647,2147483647,0,13,Swisscom,false,false
1429772156215,2147483647,2147483647,2147483647,2147483647,0,13,Swisscom,false,false
1429772156215,2147483647,2147483647,2147483647,2147483647,0,13,Swisscom,false,false
1429772244393,17432577,2222,1,228,-111,13,Swisscom,true,false
1429772244393,3,2147483647,2147483647,2147483647,-119,13,Swisscom,false,false
1429772244393,2147483647,2147483647,2147483647,2147483647,-113,13,Swisscom,false,false
1429772244393,2147483647,2147483647,2147483647,2147483647,-113,13,Swisscom,false,false
1429772244393,2147483647,2147483647,2147483647,2147483647,-113,13,Swisscom,false,false
1429772244393,2147483647,2147483647,2147483647,2147483647,-113,13,Swisscom,false,false
1429772244393,2147483647,2147483647,2147483647,2147483647,-113,13,Swisscom,false,false
1429772244393,2147483647,2147483647,2147483647,2147483647,-113,13,Swisscom,false,false
1429772244393,2147483647,2147483647,2147483647,2147483647,-113,13,Swisscom,false,false
1429772244393,2147483647,2147483647,2147483647,2147483647,-113,13,Swisscom,false,false
1429772244393,2147483647,2147483647,2147483647,2147483647,-113,13,Swisscom,false,false
1429772244393,2147483647,2147483647,2147483647,2147483647,-113,13,Swisscom,false,false
1429772244393,2147483647,2147483647,2147483647,2147483647,-113,13,Swisscom,false,false
1429772244393,2147483647,2147483647,2147483647,2147483647,-113,13,Swisscom,false,false
1429772244393,2147483647,2147483647,2147483647,2147483647,0,13,Swisscom,false,false
1429772244393,2147483647,2147483647,2147483647,2147483647,0,13,Swisscom,false,false
1429772244393,2147483647,2147483647,2147483647,2147483647,0,13,Swisscom,false,false
1429772305188,17432577,2222,1,228,-111,13,Swisscom,true,false
1429772305188,2147483647,2147483647,2147483647,2147483647,-113,13,Swisscom,false,false
1429772305188,2147483647,2147483647,2147483647,2147483647,-113,13,Swisscom,false,false
1429772305188,2147483647,2147483647,2147483647,2147483647,-113,13,Swisscom,false,false
1429772305188,2147483647,2147483647,2147483647,2147483647,-113,13,Swisscom,false,false
1429772305188,2147483647,2147483647,2147483647,2147483647,-113,13,Swisscom,false,false
1429772305188,2147483647,2147483647,2147483647,2147483647,-113,13,Swisscom,false,false
1429772305188,2147483647,2147483647,2147483647,2147483647,-113,13,Swisscom,false,false
1429772305188,2147483647,2147483647,2147483647,2147483647,-113,13,Swisscom,false,false
1429772305188,2147483647,2147483647,2147483647,2147483647,-113,13,Swisscom,false,false
1429772305188,2147483647,2147483647,2147483647,2147483647,-113,13,Swisscom,false,false
1429772305188,2147483647,2147483647,2147483647,2147483647,-113,13,Swisscom,false,false
1429772305188,2147483647,2147483647,2147483647,2147483647,-113,13,Swisscom,false,false
1429772305188,2147483647,2147483647,2147483647,2147483647,0,13,Swisscom,false,false
1429772305188,2147483647,2147483647,2147483647,2147483647,0,13,Swisscom,false,false
1429772305188,2147483647,2147483647,2147483647,2147483647,0,13,Swisscom,false,false
1429772365288,17432577,2222,1,228,-111,13,Swisscom,true,false
1429772365288,4,2147483647,2147483647,2147483647,-123,13,Swisscom,false,false
1429772365288,2147483647,2147483647,2147483647,2147483647,-113,13,Swisscom,false,false
1429772365288,2147483647,2147483647,2147483647,2147483647,-113,13,Swisscom,false,false
1429772365288,2147483647,2147483647,2147483647,2147483647,-113,13,Swisscom,false,false
1429772365288,2147483647,2147483647,2147483647,2147483647,-113,13,Swisscom,false,false
1429772365288,2147483647,2147483647,2147483647,2147483647,-113,13,Swisscom,false,false
1429772365288,2147483647,2147483647,2147483647,2147483647,-113,13,Swisscom,false,false
1429772365288,2147483647,2147483647,2147483647,2147483647,-113,13,Swisscom,false,false
1429772365288,2147483647,2147483647,2147483647,2147483647,-113,13,Swisscom,false,false
1429772365288,2147483647,2147483647,2147483647,2147483647,-113,13,Swisscom,false,false
1429772365288,2147483647,2147483647,2147483647,2147483647,-113,13,Swisscom,false,false
1429772365288,2147483647,2147483647,2147483647,2147483647,-113,13,Swisscom,false,false
1429772365288,2147483647,2147483647,2147483647,2147483647,-113,13,Swisscom,false,false
1429772365288,2147483647,2147483647,2147483647,2147483647,0,13,Swisscom,false,false
1429772365288,2147483647,2147483647,2147483647,2147483647,0,13,Swisscom,false,false
1429772365288,2147483647,2147483647,2147483647,2147483647,0,13,Swisscom,false,false
1429772426185,17432577,2222,1,228,-111,13,Swisscom,true,false
1429772426185,3,2147483647,2147483647,2147483647,-124,13,Swisscom,false,false
1429772426185,2147483647,2147483647,2147483647,2147483647,-113,13,Swisscom,false,false
1429772426185,2147483647,2147483647,2147483647,2147483647,-113,13,Swisscom,false,false
1429772426185,2147483647,2147483647,2147483647,2147483647,-113,13,Swisscom,false,false
1429772426185,2147483647,2147483647,2147483647,2147483647,-113,13,Swisscom,false,false
1429772426185,2147483647,2147483647,2147483647,2147483647,-113,13,Swisscom,false,false
1429772426185,2147483647,2147483647,2147483647,2147483647,-113,13,Swisscom,false,false
1429772426185,2147483647,2147483647,2147483647,2147483647,-113,13,Swisscom,false,false
1429772426185,2147483647,2147483647,2147483647,2147483647,-113,13,Swisscom,false,false
1429772426185,2147483647,2147483647,2147483647,2147483647,-113,13,Swisscom,false,false
1429772426185,2147483647,2147483647,2147483647,2147483647,-113,13,Swisscom,false,false
1429772426185,2147483647,2147483647,2147483647,2147483647,-113,13,Swisscom,false,false
1429772426185,2147483647,2147483647,2147483647,2147483647,-113,13,Swisscom,false,false
1429772426185,2147483647,2147483647,2147483647,2147483647,0,13,Swisscom,false,false
1429772426185,2147483647,2147483647,2147483647,2147483647,0,13,Swisscom,false,false
1429772426185,2147483647,2147483647,2147483647,2147483647,0,13,Swisscom,false,false
1429772486229,17432577,2222,1,228,-111,13,Swisscom,true,false
1429772486229,2147483647,2147483647,2147483647,2147483647,-113,13,Swisscom,false,false
1429772486229,2147483647,2147483647,2147483647,2147483647,-113,13,Swisscom,false,false
1429772486229,2147483647,2147483647,2147483647,2147483647,-113,13,Swisscom,false,false
1429772486229,2147483647,2147483647,2147483647,2147483647,-113,13,Swisscom,false,false
1429772486229,2147483647,2147483647,2147483647,2147483647,-113,13,Swisscom,false,false
1429772486229,2147483647,2147483647,2147483647,2147483647,-113,13,Swisscom,false,false
1429772486229,2147483647,2147483647,2147483647,2147483647,-113,13,Swisscom,false,false
1429772486229,2147483647,2147483647,2147483647,2147483647,-113,13,Swisscom,false,false
1429772486229,2147483647,2147483647,2147483647,2147483647,-113,13,Swisscom,false,false
1429772486229,2147483647,2147483647,2147483647,2147483647,-113,13,Swisscom,false,false
1429772486229,2147483647,2147483647,2147483647,2147483647,-113,13,Swisscom,false,false
1429772486229,2147483647,2147483647,2147483647,2147483647,-113,13,Swisscom,false,false
1429772486229,2147483647,2147483647,2147483647,2147483647,0,13,Swisscom,false,false
1429772486229,2147483647,2147483647,2147483647,2147483647,0,13,Swisscom,false,false
1429772486229,2147483647,2147483647,2147483647,2147483647,0,13,Swisscom,false,false
1429772546354,17432577,2222,1,228,-111,13,Swisscom,true,false
1429772546354,3,2147483647,2147483647,2147483647,-124,13,Swisscom,false,false
1429772608239,17432577,2222,1,228,-110,13,Swisscom,true,false
1429772608239,2147483647,2147483647,2147483647,2147483647,-113,13,Swisscom,false,false
1429772608239,2147483647,2147483647,2147483647,2147483647,-113,13,Swisscom,false,false
1429772608239,2147483647,2147483647,2147483647,2147483647,-113,13,Swisscom,false,false
1429772608239,2147483647,2147483647,2147483647,2147483647,-113,13,Swisscom,false,false
1429772608239,2147483647,2147483647,2147483647,2147483647,-113,13,Swisscom,false,false
1429772608239,2147483647,2147483647,2147483647,2147483647,-113,13,Swisscom,false,false
1429772608239,2147483647,2147483647,2147483647,2147483647,-113,13,Swisscom,false,false
1429772608239,2147483647,2147483647,2147483647,2147483647,-113,13,Swisscom,false,false
1429772608239,2147483647,2147483647,2147483647,2147483647,-113,13,Swisscom,false,false
1429772608239,2147483647,2147483647,2147483647,2147483647,-113,13,Swisscom,false,false
1429772608239,2147483647,2147483647,2147483647,2147483647,-113,13,Swisscom,false,false
1429772608239,2147483647,2147483647,2147483647,2147483647,-113,13,Swisscom,false,false
1429772608239,2147483647,2147483647,2147483647,2147483647,0,13,Swisscom,false,false
1429772608239,2147483647,2147483647,2147483647,2147483647,0,13,Swisscom,false,false
1429772608239,2147483647,2147483647,2147483647,2147483647,0,13,Swisscom,false,false
1429772668250,17432577,2222,1,228,-110,13,Swisscom,true,false
1429772668250,2147483647,2147483647,2147483647,2147483647,-113,13,Swisscom,false,false
1429772668250,2147483647,2147483647,2147483647,2147483647,-113,13,Swisscom,false,false
1429772668250,2147483647,2147483647,2147483647,2147483647,-113,13,Swisscom,false,false
1429772668250,2147483647,2147483647,2147483647,2147483647,-113,13,Swisscom,false,false
1429772668250,2147483647,2147483647,2147483647,2147483647,-113,13,Swisscom,false,false
1429772668250,2147483647,2147483647,2147483647,2147483647,-113,13,Swisscom,false,false
1429772668250,2147483647,2147483647,2147483647,2147483647,-113,13,Swisscom,false,false
1429772668250,2147483647,2147483647,2147483647,2147483647,-113,13,Swisscom,false,false
1429772668250,2147483647,2147483647,2147483647,2147483647,-113,13,Swisscom,false,false
1429772668250,2147483647,2147483647,2147483647,2147483647,-113,13,Swisscom,false,false
1429772668250,2147483647,2147483647,2147483647,2147483647,-113,13,Swisscom,false,false
1429772668250,2147483647,2147483647,2147483647,2147483647,-113,13,Swisscom,false,false
1429772668250,2147483647,2147483647,2147483647,2147483647,0,13,Swisscom,false,false
1429772668250,2147483647,2147483647,2147483647,2147483647,0,13,Swisscom,false,false
1429772668250,2147483647,2147483647,2147483647,2147483647,0,13,Swisscom,false,false
1429772732237,17432577,2222,1,228,-110,13,Swisscom,true,false
1429772732237,2147483647,2147483647,2147483647,2147483647,-113,13,Swisscom,false,false
1429772732237,2147483647,2147483647,2147483647,2147483647,-113,13,Swisscom,false,false
1429772732237,2147483647,2147483647,2147483647,2147483647,-113,13,Swisscom,false,false
1429772732237,2147483647,2147483647,2147483647,2147483647,-113,13,Swisscom,false,false
1429772732237,2147483647,2147483647,2147483647,2147483647,-113,13,Swisscom,false,false
1429772732237,2147483647,2147483647,2147483647,2147483647,-113,13,Swisscom,false,false
1429772732237,2147483647,2147483647,2147483647,2147483647,-113,13,Swisscom,false,false
1429772732237,2147483647,2147483647,2147483647,2147483647,-113,13,Swisscom,false,false
1429772732237,2147483647,2147483647,2147483647,2147483647,-113,13,Swisscom,false,false
1429772732237,2147483647,2147483647,2147483647,2147483647,-113,13,Swisscom,false,false
1429772732237,2147483647,2147483647,2147483647,2147483647,-113,13,Swisscom,false,false
1429772732237,2147483647,2147483647,2147483647,2147483647,-113,13,Swisscom,false,false
1429772732237,2147483647,2147483647,2147483647,2147483647,0,13,Swisscom,false,false
1429772732237,2147483647,2147483647,2147483647,2147483647,0,13,Swisscom,false,false
1429772732237,2147483647,2147483647,2147483647,2147483647,0,13,Swisscom,false,false
1429772792296,17432577,2222,1,228,-110,13,Swisscom,true,false
1429772792296,2147483647,2147483647,2147483647,2147483647,-113,13,Swisscom,false,false
1429772792296,2147483647,2147483647,2147483647,2147483647,-113,13,Swisscom,false,false
1429772792296,2147483647,2147483647,2147483647,2147483647,-113,13,Swisscom,false,false
1429772792296,2147483647,2147483647,2147483647,2147483647,-113,13,Swisscom,false,false
1429772792296,2147483647,2147483647,2147483647,2147483647,-113,13,Swisscom,false,false
1429772792296,2147483647,2147483647,2147483647,2147483647,-113,13,Swisscom,false,false
1429772792296,2147483647,2147483647,2147483647,2147483647,-113,13,Swisscom,false,false
1429772792296,2147483647,2147483647,2147483647,2147483647,-113,13,Swisscom,false,false
1429772792296,2147483647,2147483647,2147483647,2147483647,-113,13,Swisscom,false,false
1429772792296,2147483647,2147483647,2147483647,2147483647,-113,13,Swisscom,false,false
1429772792296,2147483647,2147483647,2147483647,2147483647,-113,13,Swisscom,false,false
1429772792296,2147483647,2147483647,2147483647,2147483647,-113,13,Swisscom,false,false
1429772792296,2147483647,2147483647,2147483647,2147483647,0,13,Swisscom,false,false
1429772792296,2147483647,2147483647,2147483647,2147483647,0,13,Swisscom,false,false
1429772792296,2147483647,2147483647,2147483647,2147483647,0,13,Swisscom,false,false
1429772853251,17432577,2222,1,228,-110,13,Swisscom,true,false
1429772853251,3,2147483647,2147483647,2147483647,-125,13,Swisscom,false,false
1429772853251,2147483647,2147483647,2147483647,2147483647,-113,13,Swisscom,false,false
1429772853251,2147483647,2147483647,2147483647,2147483647,-113,13,Swisscom,false,false
1429772853251,2147483647,2147483647,2147483647,2147483647,-113,13,Swisscom,false,false
1429772853251,2147483647,2147483647,2147483647,2147483647,-113,13,Swisscom,false,false
1429772853251,2147483647,2147483647,2147483647,2147483647,-113,13,Swisscom,false,false
1429772853251,2147483647,2147483647,2147483647,2147483647,-113,13,Swisscom,false,false
1429772853251,2147483647,2147483647,2147483647,2147483647,-113,13,Swisscom,false,false
1429772853251,2147483647,2147483647,2147483647,2147483647,-113,13,Swisscom,false,false
1429772853251,2147483647,2147483647,2147483647,2147483647,-113,13,Swisscom,false,false
1429772853251,2147483647,2147483647,2147483647,2147483647,-113,13,Swisscom,false,false
1429772853251,2147483647,2147483647,2147483647,2147483647,-113,13,Swisscom,false,false
1429772853251,2147483647,2147483647,2147483647,2147483647,-113,13,Swisscom,false,false
1429772853251,2147483647,2147483647,2147483647,2147483647,0,13,Swisscom,false,false
1429772853251,2147483647,2147483647,2147483647,2147483647,0,13,Swisscom,false,false
1429772853251,2147483647,2147483647,2147483647,2147483647,0,13,Swisscom,false,false
1429772913257,17432577,2222,1,228,-111,13,Swisscom,true,false
1429772913257,3,2147483647,2147483647,2147483647,-125,13,Swisscom,false,false
1429772913257,2147483647,2147483647,2147483647,2147483647,-113,13,Swisscom,false,false
1429772913257,2147483647,2147483647,2147483647,2147483647,-113,13,Swisscom,false,false
1429772913257,2147483647,2147483647,2147483647,2147483647,-113,13,Swisscom,false,false
1429772913257,2147483647,2147483647,2147483647,2147483647,-113,13,Swisscom,false,false
1429772913257,2147483647,2147483647,2147483647,2147483647,-113,13,Swisscom,false,false
1429772913257,2147483647,2147483647,2147483647,2147483647,-113,13,Swisscom,false,false
1429772913257,2147483647,2147483647,2147483647,2147483647,-113,13,Swisscom,false,false
1429772913257,2147483647,2147483647,2147483647,2147483647,-113,13,Swisscom,false,false
1429772913257,2147483647,2147483647,2147483647,2147483647,-113,13,Swisscom,false,false
1429772913257,2147483647,2147483647,2147483647,2147483647,-113,13,Swisscom,false,false
1429772913257,2147483647,2147483647,2147483647,2147483647,-113,13,Swisscom,false,false
1429772913257,2147483647,2147483647,2147483647,2147483647,-113,13,Swisscom,false,false
1429772913257,2147483647,2147483647,2147483647,2147483647,0,13,Swisscom,false,false
1429772913257,2147483647,2147483647,2147483647,2147483647,0,13,Swisscom,false,false
1429772913257,2147483647,2147483647,2147483647,2147483647,0,13,Swisscom,false,false
1429772973521,17432577,2222,1,228,-110,13,Swisscom,true,false
1429772973521,2147483647,2147483647,2147483647,2147483647,-113,13,Swisscom,false,false
1429772973521,2147483647,2147483647,2147483647,2147483647,-113,13,Swisscom,false,false
1429772973521,2147483647,2147483647,2147483647,2147483647,-113,13,Swisscom,false,false
1429772973521,2147483647,2147483647,2147483647,2147483647,-113,13,Swisscom,false,false
1429772973521,2147483647,2147483647,2147483647,2147483647,-113,13,Swisscom,false,false
1429772973521,2147483647,2147483647,2147483647,2147483647,-113,13,Swisscom,false,false
1429772973521,2147483647,2147483647,2147483647,2147483647,-113,13,Swisscom,false,false
1429772973521,2147483647,2147483647,2147483647,2147483647,-113,13,Swisscom,false,false
1429772973521,2147483647,2147483647,2147483647,2147483647,-113,13,Swisscom,false,false
1429772973521,2147483647,2147483647,2147483647,2147483647,-113,13,Swisscom,false,false
1429772973521,2147483647,2147483647,2147483647,2147483647,-113,13,Swisscom,false,false
1429772973521,2147483647,2147483647,2147483647,2147483647,-113,13,Swisscom,false,false
1429772973521,2147483647,2147483647,2147483647,2147483647,0,13,Swisscom,false,false
1429772973521,2147483647,2147483647,2147483647,2147483647,0,13,Swisscom,false,false
1429772973521,2147483647,2147483647,2147483647,2147483647,0,13,Swisscom,false,false
1429773033523,17432577,2222,1,228,-111,13,Swisscom,true,false
1429773033523,3,2147483647,2147483647,2147483647,-125,13,Swisscom,false,false
1429773033523,2147483647,2147483647,2147483647,2147483647,-113,13,Swisscom,false,false
1429773033523,2147483647,2147483647,2147483647,2147483647,-113,13,Swisscom,false,false
1429773033523,2147483647,2147483647,2147483647,2147483647,-113,13,Swisscom,false,false
1429773033523,2147483647,2147483647,2147483647,2147483647,-113,13,Swisscom,false,false
1429773033523,2147483647,2147483647,2147483647,2147483647,-113,13,Swisscom,false,false
1429773033523,2147483647,2147483647,2147483647,2147483647,-113,13,Swisscom,false,false
1429773033523,2147483647,2147483647,2147483647,2147483647,-113,13,Swisscom,false,false
1429773033523,2147483647,2147483647,2147483647,2147483647,-113,13,Swisscom,false,false
1429773033523,2147483647,2147483647,2147483647,2147483647,-113,13,Swisscom,false,false
1429773033523,2147483647,2147483647,2147483647,2147483647,-113,13,Swisscom,false,false
1429773033523,2147483647,2147483647,2147483647,2147483647,-113,13,Swisscom,false,false
1429773033523,2147483647,2147483647,2147483647,2147483647,-113,13,Swisscom,false,false
1429773033523,2147483647,2147483647,2147483647,2147483647,0,13,Swisscom,false,false
1429773033523,2147483647,2147483647,2147483647,2147483647,0,13,Swisscom,false,false
1429773033523,2147483647,2147483647,2147483647,2147483647,0,13,Swisscom,false,false
1429773094252,17432577,2222,1,228,-110,13,Swisscom,true,false
1429773094252,3,2147483647,2147483647,2147483647,-125,13,Swisscom,false,false
1429773094252,2147483647,2147483647,2147483647,2147483647,-113,13,Swisscom,false,false
1429773094252,2147483647,2147483647,2147483647,2147483647,-113,13,Swisscom,false,false
1429773094252,2147483647,2147483647,2147483647,2147483647,-113,13,Swisscom,false,false
1429773094252,2147483647,2147483647,2147483647,2147483647,-113,13,Swisscom,false,false
1429773094252,2147483647,2147483647,2147483647,2147483647,-113,13,Swisscom,false,false
1429773094252,2147483647,2147483647,2147483647,2147483647,-113,13,Swisscom,false,false
1429773094252,2147483647,2147483647,2147483647,2147483647,-113,13,Swisscom,false,false
1429773094252,2147483647,2147483647,2147483647,2147483647,-113,13,Swisscom,false,false
1429773094252,2147483647,2147483647,2147483647,2147483647,-113,13,Swisscom,false,false
1429773094252,2147483647,2147483647,2147483647,2147483647,-113,13,Swisscom,false,false
1429773094252,2147483647,2147483647,2147483647,2147483647,-113,13,Swisscom,false,false
1429773094252,2147483647,2147483647,2147483647,2147483647,-113,13,Swisscom,false,false
1429773094252,2147483647,2147483647,2147483647,2147483647,0,13,Swisscom,false,false
1429773094252,2147483647,2147483647,2147483647,2147483647,0,13,Swisscom,false,false
1429773094252,2147483647,2147483647,2147483647,2147483647,0,13,Swisscom,false,false
1429773154206,17432577,2222,1,228,-111,13,Swisscom,true,false
1429773154206,2147483647,2147483647,2147483647,2147483647,-113,13,Swisscom,false,false
1429773154206,2147483647,2147483647,2147483647,2147483647,-113,13,Swisscom,false,false
1429773154206,2147483647,2147483647,2147483647,2147483647,-113,13,Swisscom,false,false
1429773154206,2147483647,2147483647,2147483647,2147483647,-113,13,Swisscom,false,false
1429773154206,2147483647,2147483647,2147483647,2147483647,-113,13,Swisscom,false,false
1429773154206,2147483647,2147483647,2147483647,2147483647,-113,13,Swisscom,false,false
1429773154206,2147483647,2147483647,2147483647,2147483647,-113,13,Swisscom,false,false
1429773154206,2147483647,2147483647,2147483647,2147483647,-113,13,Swisscom,false,false
1429773154206,2147483647,2147483647,2147483647,2147483647,-113,13,Swisscom,false,false
1429773154206,2147483647,2147483647,2147483647,2147483647,-113,13,Swisscom,false,false
1429773154206,2147483647,2147483647,2147483647,2147483647,-113,13,Swisscom,false,false
1429773154206,2147483647,2147483647,2147483647,2147483647,-113,13,Swisscom,false,false
1429773154206,2147483647,2147483647,2147483647,2147483647,0,13,Swisscom,false,false
1429773154206,2147483647,2147483647,2147483647,2147483647,0,13,Swisscom,false,false
1429773154206,2147483647,2147483647,2147483647,2147483647,0,13,Swisscom,false,false
1429773214542,17432577,2222,1,228,-111,13,Swisscom,true,false
1429773214542,3,2147483647,2147483647,2147483647,-123,13,Swisscom,false,false
1429773214542,2147483647,2147483647,2147483647,2147483647,-113,13,Swisscom,false,false
1429773214542,2147483647,2147483647,2147483647,2147483647,-113,13,Swisscom,false,false
1429773214542,2147483647,2147483647,2147483647,2147483647,-113,13,Swisscom,false,false
1429773214542,2147483647,2147483647,2147483647,2147483647,-113,13,Swisscom,false,false
1429773214542,2147483647,2147483647,2147483647,2147483647,-113,13,Swisscom,false,false
1429773214542,2147483647,2147483647,2147483647,2147483647,-113,13,Swisscom,false,false
1429773214542,2147483647,2147483647,2147483647,2147483647,-113,13,Swisscom,false,false
1429773214542,2147483647,2147483647,2147483647,2147483647,-113,13,Swisscom,false,false
1429773214542,2147483647,2147483647,2147483647,2147483647,-113,13,Swisscom,false,false
1429773214542,2147483647,2147483647,2147483647,2147483647,-113,13,Swisscom,false,false
1429773214542,2147483647,2147483647,2147483647,2147483647,-113,13,Swisscom,false,false
1429773214542,2147483647,2147483647,2147483647,2147483647,-113,13,Swisscom,false,false
1429773214542,2147483647,2147483647,2147483647,2147483647,0,13,Swisscom,false,false
1429773214542,2147483647,2147483647,2147483647,2147483647,0,13,Swisscom,false,false
1429773214542,2147483647,2147483647,2147483647,2147483647,0,13,Swisscom,false,false
1429773294173,17432577,2222,1,228,-111,13,Swisscom,true,false
1429773294173,3,2147483647,2147483647,2147483647,-125,13,Swisscom,false,false
1429773294173,2147483647,2147483647,2147483647,2147483647,-113,13,Swisscom,false,false
1429773294173,2147483647,2147483647,2147483647,2147483647,-113,13,Swisscom,false,false
1429773294173,2147483647,2147483647,2147483647,2147483647,-113,13,Swisscom,false,false
1429773294173,2147483647,2147483647,2147483647,2147483647,-113,13,Swisscom,false,false
1429773294173,2147483647,2147483647,2147483647,2147483647,-113,13,Swisscom,false,false
1429773294173,2147483647,2147483647,2147483647,2147483647,-113,13,Swisscom,false,false
1429773294173,2147483647,2147483647,2147483647,2147483647,-113,13,Swisscom,false,false
1429773294173,2147483647,2147483647,2147483647,2147483647,-113,13,Swisscom,false,false
1429773294173,2147483647,2147483647,2147483647,2147483647,-113,13,Swisscom,false,false
1429773294173,2147483647,2147483647,2147483647,2147483647,-113,13,Swisscom,false,false
1429773294173,2147483647,2147483647,2147483647,2147483647,-113,13,Swisscom,false,false
1429773294173,2147483647,2147483647,2147483647,2147483647,-113,13,Swisscom,false,false
1429773294173,2147483647,2147483647,2147483647,2147483647,0,13,Swisscom,false,false
1429773294173,2147483647,2147483647,2147483647,2147483647,0,13,Swisscom,false,false
1429773294173,2147483647,2147483647,2147483647,2147483647,0,13,Swisscom,false,false
1429773355226,17432577,2222,1,228,-110,13,Swisscom,true,false
1429773355226,2147483647,2147483647,2147483647,2147483647,-113,13,Swisscom,false,false
1429773355226,2147483647,2147483647,2147483647,2147483647,-113,13,Swisscom,false,false
1429773355226,2147483647,2147483647,2147483647,2147483647,-113,13,Swisscom,false,false
1429773355226,2147483647,2147483647,2147483647,2147483647,-113,13,Swisscom,false,false
1429773355226,2147483647,2147483647,2147483647,2147483647,-113,13,Swisscom,false,false
1429773355226,2147483647,2147483647,2147483647,2147483647,-113,13,Swisscom,false,false
1429773355226,2147483647,2147483647,2147483647,2147483647,-113,13,Swisscom,false,false
1429773355226,2147483647,2147483647,2147483647,2147483647,-113,13,Swisscom,false,false
1429773355226,2147483647,2147483647,2147483647,2147483647,-113,13,Swisscom,false,false
1429773355226,2147483647,2147483647,2147483647,2147483647,-113,13,Swisscom,false,false
1429773355226,2147483647,2147483647,2147483647,2147483647,-113,13,Swisscom,false,false
1429773355226,2147483647,2147483647,2147483647,2147483647,-113,13,Swisscom,false,false
1429773355226,2147483647,2147483647,2147483647,2147483647,0,13,Swisscom,false,false
1429773355226,2147483647,2147483647,2147483647,2147483647,0,13,Swisscom,false,false
1429773355226,2147483647,2147483647,2147483647,2147483647,0,13,Swisscom,false,false
1429773446156,17432577,2222,1,228,-110,13,Swisscom,true,false
1429773446156,2147483647,2147483647,2147483647,2147483647,-113,13,Swisscom,false,false
1429773446156,2147483647,2147483647,2147483647,2147483647,-113,13,Swisscom,false,false
1429773446156,2147483647,2147483647,2147483647,2147483647,-113,13,Swisscom,false,false
1429773446156,2147483647,2147483647,2147483647,2147483647,-113,13,Swisscom,false,false
1429773446156,2147483647,2147483647,2147483647,2147483647,-113,13,Swisscom,false,false
1429773446156,2147483647,2147483647,2147483647,2147483647,-113,13,Swisscom,false,false
1429773446156,2147483647,2147483647,2147483647,2147483647,-113,13,Swisscom,false,false
1429773446156,2147483647,2147483647,2147483647,2147483647,-113,13,Swisscom,false,false
1429773446156,2147483647,2147483647,2147483647,2147483647,-113,13,Swisscom,false,false
1429773446156,2147483647,2147483647,2147483647,2147483647,-113,13,Swisscom,false,false
1429773446156,2147483647,2147483647,2147483647,2147483647,-113,13,Swisscom,false,false
1429773446156,2147483647,2147483647,2147483647,2147483647,-113,13,Swisscom,false,false
1429773446156,2147483647,2147483647,2147483647,2147483647,0,13,Swisscom,false,false
1429773446156,2147483647,2147483647,2147483647,2147483647,0,13,Swisscom,false,false
1429773446156,2147483647,2147483647,2147483647,2147483647,0,13,Swisscom,false,false
1429773506160,17432577,2222,1,228,-110,13,Swisscom,true,false
1429773506160,2147483647,2147483647,2147483647,2147483647,-113,13,Swisscom,false,false
1429773506160,2147483647,2147483647,2147483647,2147483647,-113,13,Swisscom,false,false
1429773506160,2147483647,2147483647,2147483647,2147483647,-113,13,Swisscom,false,false
1429773506160,2147483647,2147483647,2147483647,2147483647,-113,13,Swisscom,false,false
1429773506160,2147483647,2147483647,2147483647,2147483647,-113,13,Swisscom,false,false
1429773506160,2147483647,2147483647,2147483647,2147483647,-113,13,Swisscom,false,false
1429773506160,2147483647,2147483647,2147483647,2147483647,-113,13,Swisscom,false,false
1429773506160,2147483647,2147483647,2147483647,2147483647,-113,13,Swisscom,false,false
1429773506160,2147483647,2147483647,2147483647,2147483647,-113,13,Swisscom,false,false
1429773506160,2147483647,2147483647,2147483647,2147483647,-113,13,Swisscom,false,false
1429773506160,2147483647,2147483647,2147483647,2147483647,-113,13,Swisscom,false,false
1429773506160,2147483647,2147483647,2147483647,2147483647,-113,13,Swisscom,false,false
1429773506160,2147483647,2147483647,2147483647,2147483647,0,13,Swisscom,false,false
1429773506160,2147483647,2147483647,2147483647,2147483647,0,13,Swisscom,false,false
1429773506160,2147483647,2147483647,2147483647,2147483647,0,13,Swisscom,false,false
1429773567222,17432577,2222,1,228,-111,13,Swisscom,true,false
1429773567222,2147483647,2147483647,2147483647,2147483647,-113,13,Swisscom,false,false
1429773567222,2147483647,2147483647,2147483647,2147483647,-113,13,Swisscom,false,false
1429773567222,2147483647,2147483647,2147483647,2147483647,-113,13,Swisscom,false,false
1429773567222,2147483647,2147483647,2147483647,2147483647,-113,13,Swisscom,false,false
1429773567222,2147483647,2147483647,2147483647,2147483647,-113,13,Swisscom,false,false
1429773567222,2147483647,2147483647,2147483647,2147483647,-113,13,Swisscom,false,false
1429773567222,2147483647,2147483647,2147483647,2147483647,-113,13,Swisscom,false,false
1429773567222,2147483647,2147483647,2147483647,2147483647,-113,13,Swisscom,false,false
1429773567222,2147483647,2147483647,2147483647,2147483647,-113,13,Swisscom,false,false
1429773567222,2147483647,2147483647,2147483647,2147483647,-113,13,Swisscom,false,false
1429773567222,2147483647,2147483647,2147483647,2147483647,-113,13,Swisscom,false,false
1429773567222,2147483647,2147483647,2147483647,2147483647,-113,13,Swisscom,false,false
1429773567222,2147483647,2147483647,2147483647,2147483647,0,13,Swisscom,false,false
1429773567222,2147483647,2147483647,2147483647,2147483647,0,13,Swisscom,false,false
1429773567222,2147483647,2147483647,2147483647,2147483647,0,13,Swisscom,false,false
1429773636280,17432577,2222,1,228,-111,13,Swisscom,true,false
1429773636280,2147483647,2147483647,2147483647,2147483647,-113,13,Swisscom,false,false
1429773636280,2147483647,2147483647,2147483647,2147483647,-113,13,Swisscom,false,false
1429773636280,2147483647,2147483647,2147483647,2147483647,-113,13,Swisscom,false,false
1429773636280,2147483647,2147483647,2147483647,2147483647,-113,13,Swisscom,false,false
1429773636280,2147483647,2147483647,2147483647,2147483647,-113,13,Swisscom,false,false
1429773636280,2147483647,2147483647,2147483647,2147483647,-113,13,Swisscom,false,false
1429773636280,2147483647,2147483647,2147483647,2147483647,-113,13,Swisscom,false,false
1429773636280,2147483647,2147483647,2147483647,2147483647,-113,13,Swisscom,false,false
1429773636280,2147483647,2147483647,2147483647,2147483647,-113,13,Swisscom,false,false
1429773636280,2147483647,2147483647,2147483647,2147483647,-113,13,Swisscom,false,false
1429773636280,2147483647,2147483647,2147483647,2147483647,-113,13,Swisscom,false,false
1429773636280,2147483647,2147483647,2147483647,2147483647,-113,13,Swisscom,false,false
1429773636280,2147483647,2147483647,2147483647,2147483647,0,13,Swisscom,false,false
1429773636280,2147483647,2147483647,2147483647,2147483647,0,13,Swisscom,false,false
1429773636280,2147483647,2147483647,2147483647,2147483647,0,13,Swisscom,false,false
1429773714177,17432577,2222,1,228,-111,13,Swisscom,true,false
1429773714177,2147483647,2147483647,2147483647,2147483647,-113,13,Swisscom,false,false
1429773714177,2147483647,2147483647,2147483647,2147483647,-113,13,Swisscom,false,false
1429773714177,2147483647,2147483647,2147483647,2147483647,-113,13,Swisscom,false,false
1429773714177,2147483647,2147483647,2147483647,2147483647,-113,13,Swisscom,false,false
1429773714177,2147483647,2147483647,2147483647,2147483647,-113,13,Swisscom,false,false
1429773714177,2147483647,2147483647,2147483647,2147483647,-113,13,Swisscom,false,false
1429773714177,2147483647,2147483647,2147483647,2147483647,-113,13,Swisscom,false,false
1429773714177,2147483647,2147483647,2147483647,2147483647,-113,13,Swisscom,false,false
1429773714177,2147483647,2147483647,2147483647,2147483647,-113,13,Swisscom,false,false
1429773714177,2147483647,2147483647,2147483647,2147483647,-113,13,Swisscom,false,false
1429773714177,2147483647,2147483647,2147483647,2147483647,-113,13,Swisscom,false,false
1429773714177,2147483647,2147483647,2147483647,2147483647,-113,13,Swisscom,false,false
1429773714177,2147483647,2147483647,2147483647,2147483647,0,13,Swisscom,false,false
1429773714177,2147483647,2147483647,2147483647,2147483647,0,13,Swisscom,false,false
1429773714177,2147483647,2147483647,2147483647,2147483647,0,13,Swisscom,false,false
1429773774556,17432577,2222,1,228,-111,13,Swisscom,true,false
1429773774556,2147483647,2147483647,2147483647,2147483647,-113,13,Swisscom,false,false
1429773774556,2147483647,2147483647,2147483647,2147483647,-113,13,Swisscom,false,false
1429773774556,2147483647,2147483647,2147483647,2147483647,-113,13,Swisscom,false,false
1429773774556,2147483647,2147483647,2147483647,2147483647,-113,13,Swisscom,false,false
1429773774556,2147483647,2147483647,2147483647,2147483647,-113,13,Swisscom,false,false
1429773774556,2147483647,2147483647,2147483647,2147483647,-113,13,Swisscom,false,false
1429773774556,2147483647,2147483647,2147483647,2147483647,-113,13,Swisscom,false,false
1429773774556,2147483647,2147483647,2147483647,2147483647,-113,13,Swisscom,false,false
1429773774556,2147483647,2147483647,2147483647,2147483647,-113,13,Swisscom,false,false
1429773774556,2147483647,2147483647,2147483647,2147483647,-113,13,Swisscom,false,false
1429773774556,2147483647,2147483647,2147483647,2147483647,-113,13,Swisscom,false,false
1429773774556,2147483647,2147483647,2147483647,2147483647,-113,13,Swisscom,false,false
1429773774556,2147483647,2147483647,2147483647,2147483647,0,13,Swisscom,false,false
1429773774556,2147483647,2147483647,2147483647,2147483647,0,13,Swisscom,false,false
1429773774556,2147483647,2147483647,2147483647,2147483647,0,13,Swisscom,false,false
1429773834636,17432577,2222,1,228,-111,13,Swisscom,true,false
1429773834636,3,2147483647,2147483647,2147483647,-124,13,Swisscom,false,false
1429773834636,2147483647,2147483647,2147483647,2147483647,-113,13,Swisscom,false,false
1429773834636,2147483647,2147483647,2147483647,2147483647,-113,13,Swisscom,false,false
1429773834636,2147483647,2147483647,2147483647,2147483647,-113,13,Swisscom,false,false
1429773834636,2147483647,2147483647,2147483647,2147483647,-113,13,Swisscom,false,false
1429773834636,2147483647,2147483647,2147483647,2147483647,-113,13,Swisscom,false,false
1429773834636,2147483647,2147483647,2147483647,2147483647,-113,13,Swisscom,false,false
1429773834636,2147483647,2147483647,2147483647,2147483647,-113,13,Swisscom,false,false
1429773834636,2147483647,2147483647,2147483647,2147483647,-113,13,Swisscom,false,false
1429773834636,2147483647,2147483647,2147483647,2147483647,-113,13,Swisscom,false,false
1429773834636,2147483647,2147483647,2147483647,2147483647,-113,13,Swisscom,false,false
1429773834636,2147483647,2147483647,2147483647,2147483647,-113,13,Swisscom,false,false
1429773834636,2147483647,2147483647,2147483647,2147483647,-113,13,Swisscom,false,false
1429773834636,2147483647,2147483647,2147483647,2147483647,0,13,Swisscom,false,false
1429773834636,2147483647,2147483647,2147483647,2147483647,0,13,Swisscom,false,false
1429773834636,2147483647,2147483647,2147483647,2147483647,0,13,Swisscom,false,false
1429773897257,17432577,2222,1,228,-111,13,Swisscom,true,false
1429773897257,3,2147483647,2147483647,2147483647,-121,13,Swisscom,false,false
1429773897257,2147483647,2147483647,2147483647,2147483647,-113,13,Swisscom,false,false
1429773897257,2147483647,2147483647,2147483647,2147483647,-113,13,Swisscom,false,false
1429773897257,2147483647,2147483647,2147483647,2147483647,-113,13,Swisscom,false,false
1429773897257,2147483647,2147483647,2147483647,2147483647,-113,13,Swisscom,false,false
1429773897257,2147483647,2147483647,2147483647,2147483647,-113,13,Swisscom,false,false
1429773897257,2147483647,2147483647,2147483647,2147483647,-113,13,Swisscom,false,false
1429773897257,2147483647,2147483647,2147483647,2147483647,-113,13,Swisscom,false,false
1429773897257,2147483647,2147483647,2147483647,2147483647,-113,13,Swisscom,false,false
1429773897257,2147483647,2147483647,2147483647,2147483647,-113,13,Swisscom,false,false
1429773897257,2147483647,2147483647,2147483647,2147483647,-113,13,Swisscom,false,false
1429773897257,2147483647,2147483647,2147483647,2147483647,-113,13,Swisscom,false,false
1429773897257,2147483647,2147483647,2147483647,2147483647,-113,13,Swisscom,false,false
1429773897257,2147483647,2147483647,2147483647,2147483647,0,13,Swisscom,false,false
1429773897257,2147483647,2147483647,2147483647,2147483647,0,13,Swisscom,false,false
1429773897257,2147483647,2147483647,2147483647,2147483647,0,13,Swisscom,false,false
1429773958096,17432577,2222,1,228,-111,13,Swisscom,true,false
1429773958096,4,2147483647,2147483647,2147483647,-124,13,Swisscom,false,false
1429773958096,3,2147483647,2147483647,2147483647,-124,13,Swisscom,false,false
1429773958096,2147483647,2147483647,2147483647,2147483647,-113,13,Swisscom,false,false
1429773958096,2147483647,2147483647,2147483647,2147483647,-113,13,Swisscom,false,false
1429773958096,2147483647,2147483647,2147483647,2147483647,-113,13,Swisscom,false,false
1429773958096,2147483647,2147483647,2147483647,2147483647,-113,13,Swisscom,false,false
1429773958096,2147483647,2147483647,2147483647,2147483647,-113,13,Swisscom,false,false
1429773958096,2147483647,2147483647,2147483647,2147483647,-113,13,Swisscom,false,false
1429773958096,2147483647,2147483647,2147483647,2147483647,-113,13,Swisscom,false,false
1429773958096,2147483647,2147483647,2147483647,2147483647,-113,13,Swisscom,false,false
1429773958096,2147483647,2147483647,2147483647,2147483647,-113,13,Swisscom,false,false
1429773958096,2147483647,2147483647,2147483647,2147483647,-113,13,Swisscom,false,false
1429773958096,2147483647,2147483647,2147483647,2147483647,-113,13,Swisscom,false,false
1429773958096,2147483647,2147483647,2147483647,2147483647,-113,13,Swisscom,false,false
1429773958096,2147483647,2147483647,2147483647,2147483647,0,13,Swisscom,false,false
1429773958096,2147483647,2147483647,2147483647,2147483647,0,13,Swisscom,false,false
1429774018207,17432577,2222,1,228,-111,13,Swisscom,true,false
1429774018207,3,2147483647,2147483647,2147483647,-122,13,Swisscom,false,false
1429774018207,2147483647,2147483647,2147483647,2147483647,-113,13,Swisscom,false,false
1429774018207,2147483647,2147483647,2147483647,2147483647,-113,13,Swisscom,false,false
1429774018207,2147483647,2147483647,2147483647,2147483647,-113,13,Swisscom,false,false
1429774018207,2147483647,2147483647,2147483647,2147483647,-113,13,Swisscom,false,false
1429774018207,2147483647,2147483647,2147483647,2147483647,-113,13,Swisscom,false,false
1429774018207,2147483647,2147483647,2147483647,2147483647,-113,13,Swisscom,false,false
1429774018207,2147483647,2147483647,2147483647,2147483647,-113,13,Swisscom,false,false
1429774018207,2147483647,2147483647,2147483647,2147483647,-113,13,Swisscom,false,false
1429774018207,2147483647,2147483647,2147483647,2147483647,-113,13,Swisscom,false,false
1429774018207,2147483647,2147483647,2147483647,2147483647,-113,13,Swisscom,false,false
1429774018207,2147483647,2147483647,2147483647,2147483647,-113,13,Swisscom,false,false
1429774018207,2147483647,2147483647,2147483647,2147483647,-113,13,Swisscom,false,false
1429774018207,2147483647,2147483647,2147483647,2147483647,0,13,Swisscom,false,false
1429774018207,2147483647,2147483647,2147483647,2147483647,0,13,Swisscom,false,false
1429774018207,2147483647,2147483647,2147483647,2147483647,0,13,Swisscom,false,false
1429774079289,17432577,2222,1,228,-111,13,Swisscom,true,false
1429774079289,3,2147483647,2147483647,2147483647,-122,13,Swisscom,false,false
1429774079289,2147483647,2147483647,2147483647,2147483647,-113,13,Swisscom,false,false
1429774079289,2147483647,2147483647,2147483647,2147483647,-113,13,Swisscom,false,false
1429774079289,2147483647,2147483647,2147483647,2147483647,-113,13,Swisscom,false,false
1429774079289,2147483647,2147483647,2147483647,2147483647,-113,13,Swisscom,false,false
1429774079289,2147483647,2147483647,2147483647,2147483647,-113,13,Swisscom,false,false
1429774079289,2147483647,2147483647,2147483647,2147483647,-113,13,Swisscom,false,false
1429774079289,2147483647,2147483647,2147483647,2147483647,-113,13,Swisscom,false,false
1429774079289,2147483647,2147483647,2147483647,2147483647,-113,13,Swisscom,false,false
1429774079289,2147483647,2147483647,2147483647,2147483647,-113,13,Swisscom,false,false
1429774079289,2147483647,2147483647,2147483647,2147483647,-113,13,Swisscom,false,false
1429774079289,2147483647,2147483647,2147483647,2147483647,-113,13,Swisscom,false,false
1429774079289,2147483647,2147483647,2147483647,2147483647,-113,13,Swisscom,false,false
1429774079289,2147483647,2147483647,2147483647,2147483647,0,13,Swisscom,false,false
1429774079289,2147483647,2147483647,2147483647,2147483647,0,13,Swisscom,false,false
1429774079289,2147483647,2147483647,2147483647,2147483647,0,13,Swisscom,false,false
1429774140249,17432577,2222,1,228,-110,13,Swisscom,true,false
1429774140249,2147483647,2147483647,2147483647,2147483647,-113,13,Swisscom,false,false
1429774140249,2147483647,2147483647,2147483647,2147483647,-113,13,Swisscom,false,false
1429774140249,2147483647,2147483647,2147483647,2147483647,-113,13,Swisscom,false,false
1429774140249,2147483647,2147483647,2147483647,2147483647,-113,13,Swisscom,false,false
1429774140249,2147483647,2147483647,2147483647,2147483647,-113,13,Swisscom,false,false
1429774140249,2147483647,2147483647,2147483647,2147483647,-113,13,Swisscom,false,false
1429774140249,2147483647,2147483647,2147483647,2147483647,-113,13,Swisscom,false,false
1429774140249,2147483647,2147483647,2147483647,2147483647,-113,13,Swisscom,false,false
1429774140249,2147483647,2147483647,2147483647,2147483647,-113,13,Swisscom,false,false
1429774140249,2147483647,2147483647,2147483647,2147483647,-113,13,Swisscom,false,false
1429774140249,2147483647,2147483647,2147483647,2147483647,-113,13,Swisscom,false,false
1429774140249,2147483647,2147483647,2147483647,2147483647,-113,13,Swisscom,false,false
1429774140249,2147483647,2147483647,2147483647,2147483647,0,13,Swisscom,false,false
1429774140249,2147483647,2147483647,2147483647,2147483647,0,13,Swisscom,false,false
1429774140249,2147483647,2147483647,2147483647,2147483647,0,13,Swisscom,false,false
1429774200248,17432577,2222,1,228,-111,13,Swisscom,true,false
1429774200248,2147483647,2147483647,2147483647,2147483647,-113,13,Swisscom,false,false
1429774200248,2147483647,2147483647,2147483647,2147483647,-113,13,Swisscom,false,false
1429774200248,2147483647,2147483647,2147483647,2147483647,-113,13,Swisscom,false,false
1429774200248,2147483647,2147483647,2147483647,2147483647,-113,13,Swisscom,false,false
1429774200248,2147483647,2147483647,2147483647,2147483647,-113,13,Swisscom,false,false
1429774200248,2147483647,2147483647,2147483647,2147483647,-113,13,Swisscom,false,false
1429774200248,2147483647,2147483647,2147483647,2147483647,-113,13,Swisscom,false,false
1429774200248,2147483647,2147483647,2147483647,2147483647,-113,13,Swisscom,false,false
1429774200248,2147483647,2147483647,2147483647,2147483647,-113,13,Swisscom,false,false
1429774200248,2147483647,2147483647,2147483647,2147483647,-113,13,Swisscom,false,false
1429774200248,2147483647,2147483647,2147483647,2147483647,-113,13,Swisscom,false,false
1429774200248,2147483647,2147483647,2147483647,2147483647,-113,13,Swisscom,false,false
1429774200248,2147483647,2147483647,2147483647,2147483647,0,13,Swisscom,false,false
1429774200248,2147483647,2147483647,2147483647,2147483647,0,13,Swisscom,false,false
1429774200248,2147483647,2147483647,2147483647,2147483647,0,13,Swisscom,false,false
1429774261261,17432577,2222,1,228,-111,13,Swisscom,true,false
1429774261261,2147483647,2147483647,2147483647,2147483647,-113,13,Swisscom,false,false
1429774261261,2147483647,2147483647,2147483647,2147483647,-113,13,Swisscom,false,false
1429774261261,2147483647,2147483647,2147483647,2147483647,-113,13,Swisscom,false,false
1429774261261,2147483647,2147483647,2147483647,2147483647,-113,13,Swisscom,false,false
1429774261261,2147483647,2147483647,2147483647,2147483647,-113,13,Swisscom,false,false
1429774261261,2147483647,2147483647,2147483647,2147483647,-113,13,Swisscom,false,false
1429774261261,2147483647,2147483647,2147483647,2147483647,-113,13,Swisscom,false,false
1429774261261,2147483647,2147483647,2147483647,2147483647,-113,13,Swisscom,false,false
1429774261261,2147483647,2147483647,2147483647,2147483647,-113,13,Swisscom,false,false
1429774261261,2147483647,2147483647,2147483647,2147483647,-113,13,Swisscom,false,false
1429774261261,2147483647,2147483647,2147483647,2147483647,-113,13,Swisscom,false,false
1429774261261,2147483647,2147483647,2147483647,2147483647,-113,13,Swisscom,false,false
1429774261261,2147483647,2147483647,2147483647,2147483647,0,13,Swisscom,false,false
1429774261261,2147483647,2147483647,2147483647,2147483647,0,13,Swisscom,false,false
1429774261261,2147483647,2147483647,2147483647,2147483647,0,13,Swisscom,false,false
1429774346245,17432577,2222,1,228,-111,13,Swisscom,true,false
1429774346245,3,2147483647,2147483647,2147483647,-123,13,Swisscom,false,false
1429774346245,4,2147483647,2147483647,2147483647,-123,13,Swisscom,false,false
1429774346245,2147483647,2147483647,2147483647,2147483647,-113,13,Swisscom,false,false
1429774346245,2147483647,2147483647,2147483647,2147483647,-113,13,Swisscom,false,false
1429774346245,2147483647,2147483647,2147483647,2147483647,-113,13,Swisscom,false,false
1429774346245,2147483647,2147483647,2147483647,2147483647,-113,13,Swisscom,false,false
1429774346245,2147483647,2147483647,2147483647,2147483647,-113,13,Swisscom,false,false
1429774346245,2147483647,2147483647,2147483647,2147483647,-113,13,Swisscom,false,false
1429774346245,2147483647,2147483647,2147483647,2147483647,-113,13,Swisscom,false,false
1429774346245,2147483647,2147483647,2147483647,2147483647,-113,13,Swisscom,false,false
1429774346245,2147483647,2147483647,2147483647,2147483647,-113,13,Swisscom,false,false
1429774346245,2147483647,2147483647,2147483647,2147483647,-113,13,Swisscom,false,false
1429774346245,2147483647,2147483647,2147483647,2147483647,-113,13,Swisscom,false,false
1429774346245,2147483647,2147483647,2147483647,2147483647,-113,13,Swisscom,false,false
1429774346245,2147483647,2147483647,2147483647,2147483647,0,13,Swisscom,false,false
1429774346245,2147483647,2147483647,2147483647,2147483647,0,13,Swisscom,false,false
1429774346245,2147483647,2147483647,2147483647,2147483647,0,13,Swisscom,false,false
1429774415167,17432577,2222,1,228,-111,13,Swisscom,true,false
1429774415167,2147483647,2147483647,2147483647,2147483647,-113,13,Swisscom,false,false
1429774415167,2147483647,2147483647,2147483647,2147483647,-113,13,Swisscom,false,false
1429774415167,2147483647,2147483647,2147483647,2147483647,-113,13,Swisscom,false,false
1429774415167,2147483647,2147483647,2147483647,2147483647,-113,13,Swisscom,false,false
1429774415167,2147483647,2147483647,2147483647,2147483647,-113,13,Swisscom,false,false
1429774415167,2147483647,2147483647,2147483647,2147483647,-113,13,Swisscom,false,false
1429774415167,2147483647,2147483647,2147483647,2147483647,-113,13,Swisscom,false,false
1429774415167,2147483647,2147483647,2147483647,2147483647,-113,13,Swisscom,false,false
1429774415167,2147483647,2147483647,2147483647,2147483647,-113,13,Swisscom,false,false
1429774415167,2147483647,2147483647,2147483647,2147483647,-113,13,Swisscom,false,false
1429774415167,2147483647,2147483647,2147483647,2147483647,-113,13,Swisscom,false,false
1429774415167,2147483647,2147483647,2147483647,2147483647,-113,13,Swisscom,false,false
1429774415167,2147483647,2147483647,2147483647,2147483647,0,13,Swisscom,false,false
1429774415167,2147483647,2147483647,2147483647,2147483647,0,13,Swisscom,false,false
1429774415167,2147483647,2147483647,2147483647,2147483647,0,13,Swisscom,false,false
1429774502204,17432577,2222,1,228,-110,13,Swisscom,true,false
1429774502204,2147483647,2147483647,2147483647,2147483647,-113,13,Swisscom,false,false
1429774502204,2147483647,2147483647,2147483647,2147483647,-113,13,Swisscom,false,false
1429774502204,2147483647,2147483647,2147483647,2147483647,-113,13,Swisscom,false,false
1429774502204,2147483647,2147483647,2147483647,2147483647,-113,13,Swisscom,false,false
1429774502204,2147483647,2147483647,2147483647,2147483647,-113,13,Swisscom,false,false
1429774502204,2147483647,2147483647,2147483647,2147483647,-113,13,Swisscom,false,false
1429774502204,2147483647,2147483647,2147483647,2147483647,-113,13,Swisscom,false,false
1429774502204,2147483647,2147483647,2147483647,2147483647,-113,13,Swisscom,false,false
1429774502204,2147483647,2147483647,2147483647,2147483647,-113,13,Swisscom,false,false
1429774502204,2147483647,2147483647,2147483647,2147483647,-113,13,Swisscom,false,false
1429774502204,2147483647,2147483647,2147483647,2147483647,-113,13,Swisscom,false,false
1429774502204,2147483647,2147483647,2147483647,2147483647,-113,13,Swisscom,false,false
1429774502204,2147483647,2147483647,2147483647,2147483647,0,13,Swisscom,false,false
1429774502204,2147483647,2147483647,2147483647,2147483647,0,13,Swisscom,false,false
1429774502204,2147483647,2147483647,2147483647,2147483647,0,13,Swisscom,false,false
1429774562280,17432577,2222,1,228,-111,13,Swisscom,true,false
1429774562280,3,2147483647,2147483647,2147483647,-123,13,Swisscom,false,false
1429774562280,2147483647,2147483647,2147483647,2147483647,-113,13,Swisscom,false,false
1429774562280,2147483647,2147483647,2147483647,2147483647,-113,13,Swisscom,false,false
1429774562280,2147483647,2147483647,2147483647,2147483647,-113,13,Swisscom,false,false
1429774562280,2147483647,2147483647,2147483647,2147483647,-113,13,Swisscom,false,false
1429774562280,2147483647,2147483647,2147483647,2147483647,-113,13,Swisscom,false,false
1429774562280,2147483647,2147483647,2147483647,2147483647,-113,13,Swisscom,false,false
1429774562280,2147483647,2147483647,2147483647,2147483647,-113,13,Swisscom,false,false
1429774562280,2147483647,2147483647,2147483647,2147483647,-113,13,Swisscom,false,false
1429774562280,2147483647,2147483647,2147483647,2147483647,-113,13,Swisscom,false,false
1429774562280,2147483647,2147483647,2147483647,2147483647,-113,13,Swisscom,false,false
1429774562280,2147483647,2147483647,2147483647,2147483647,-113,13,Swisscom,false,false
1429774562280,2147483647,2147483647,2147483647,2147483647,-113,13,Swisscom,false,false
1429774562280,2147483647,2147483647,2147483647,2147483647,0,13,Swisscom,false,false
1429774562280,2147483647,2147483647,2147483647,2147483647,0,13,Swisscom,false,false
1429774562280,2147483647,2147483647,2147483647,2147483647,0,13,Swisscom,false,false
1429774623255,17432577,2222,1,228,-111,13,Swisscom,true,false
1429774623255,3,2147483647,2147483647,2147483647,-123,13,Swisscom,false,false
1429774623255,4,2147483647,2147483647,2147483647,-124,13,Swisscom,false,false
1429774623255,2147483647,2147483647,2147483647,2147483647,-113,13,Swisscom,false,false
1429774623255,2147483647,2147483647,2147483647,2147483647,-113,13,Swisscom,false,false
1429774623255,2147483647,2147483647,2147483647,2147483647,-113,13,Swisscom,false,false
1429774623255,2147483647,2147483647,2147483647,2147483647,-113,13,Swisscom,false,false
1429774623255,2147483647,2147483647,2147483647,2147483647,-113,13,Swisscom,false,false
1429774623255,2147483647,2147483647,2147483647,2147483647,-113,13,Swisscom,false,false
1429774623255,2147483647,2147483647,2147483647,2147483647,-113,13,Swisscom,false,false
1429774623255,2147483647,2147483647,2147483647,2147483647,-113,13,Swisscom,false,false
1429774623255,2147483647,2147483647,2147483647,2147483647,-113,13,Swisscom,false,false
1429774623255,2147483647,2147483647,2147483647,2147483647,-113,13,Swisscom,false,false
1429774623255,2147483647,2147483647,2147483647,2147483647,-113,13,Swisscom,false,false
1429774623255,2147483647,2147483647,2147483647,2147483647,-113,13,Swisscom,false,false
1429774623255,2147483647,2147483647,2147483647,2147483647,0,13,Swisscom,false,false
1429774623255,2147483647,2147483647,2147483647,2147483647,0,13,Swisscom,false,false
1429774623255,2147483647,2147483647,2147483647,2147483647,0,13,Swisscom,false,false
1429774683247,17432577,2222,1,228,-110,13,Swisscom,true,false
1429774683247,3,2147483647,2147483647,2147483647,-123,13,Swisscom,false,false
1429774683247,2147483647,2147483647,2147483647,2147483647,-113,13,Swisscom,false,false
1429774683247,2147483647,2147483647,2147483647,2147483647,-113,13,Swisscom,false,false
1429774683247,2147483647,2147483647,2147483647,2147483647,-113,13,Swisscom,false,false
1429774683247,2147483647,2147483647,2147483647,2147483647,-113,13,Swisscom,false,false
1429774683247,2147483647,2147483647,2147483647,2147483647,-113,13,Swisscom,false,false
1429774683247,2147483647,2147483647,2147483647,2147483647,-113,13,Swisscom,false,false
1429774683247,2147483647,2147483647,2147483647,2147483647,-113,13,Swisscom,false,false
1429774683247,2147483647,2147483647,2147483647,2147483647,-113,13,Swisscom,false,false
1429774683247,2147483647,2147483647,2147483647,2147483647,-113,13,Swisscom,false,false
1429774683247,2147483647,2147483647,2147483647,2147483647,-113,13,Swisscom,false,false
1429774683247,2147483647,2147483647,2147483647,2147483647,-113,13,Swisscom,false,false
1429774683247,2147483647,2147483647,2147483647,2147483647,-113,13,Swisscom,false,false
1429774683247,2147483647,2147483647,2147483647,2147483647,0,13,Swisscom,false,false
1429774683247,2147483647,2147483647,2147483647,2147483647,0,13,Swisscom,false,false
1429774683247,2147483647,2147483647,2147483647,2147483647,0,13,Swisscom,false,false
1429774743618,17432577,2222,1,228,-111,13,Swisscom,true,false
1429774743618,2147483647,2147483647,2147483647,2147483647,-113,13,Swisscom,false,false
1429774743618,2147483647,2147483647,2147483647,2147483647,-113,13,Swisscom,false,false
1429774743618,2147483647,2147483647,2147483647,2147483647,-113,13,Swisscom,false,false
1429774743618,2147483647,2147483647,2147483647,2147483647,-113,13,Swisscom,false,false
1429774743618,2147483647,2147483647,2147483647,2147483647,-113,13,Swisscom,false,false
1429774743618,2147483647,2147483647,2147483647,2147483647,-113,13,Swisscom,false,false
1429774743618,2147483647,2147483647,2147483647,2147483647,-113,13,Swisscom,false,false
1429774743618,2147483647,2147483647,2147483647,2147483647,-113,13,Swisscom,false,false
1429774743618,2147483647,2147483647,2147483647,2147483647,-113,13,Swisscom,false,false
1429774743618,2147483647,2147483647,2147483647,2147483647,-113,13,Swisscom,false,false
1429774743618,2147483647,2147483647,2147483647,2147483647,-113,13,Swisscom,false,false
1429774743618,2147483647,2147483647,2147483647,2147483647,-113,13,Swisscom,false,false
1429774743618,2147483647,2147483647,2147483647,2147483647,0,13,Swisscom,false,false
1429774743618,2147483647,2147483647,2147483647,2147483647,0,13,Swisscom,false,false
1429774743618,2147483647,2147483647,2147483647,2147483647,0,13,Swisscom,false,false
1429774803741,17432577,2222,1,228,-111,13,Swisscom,true,false
1429774803741,2147483647,2147483647,2147483647,2147483647,-113,13,Swisscom,false,false
1429774803741,2147483647,2147483647,2147483647,2147483647,-113,13,Swisscom,false,false
1429774803741,2147483647,2147483647,2147483647,2147483647,-113,13,Swisscom,false,false
1429774803741,2147483647,2147483647,2147483647,2147483647,-113,13,Swisscom,false,false
1429774803741,2147483647,2147483647,2147483647,2147483647,-113,13,Swisscom,false,false
1429774803741,2147483647,2147483647,2147483647,2147483647,-113,13,Swisscom,false,false
1429774803741,2147483647,2147483647,2147483647,2147483647,-113,13,Swisscom,false,false
1429774803741,2147483647,2147483647,2147483647,2147483647,-113,13,Swisscom,false,false
1429774803741,2147483647,2147483647,2147483647,2147483647,-113,13,Swisscom,false,false
1429774803741,2147483647,2147483647,2147483647,2147483647,-113,13,Swisscom,false,false
1429774803741,2147483647,2147483647,2147483647,2147483647,-113,13,Swisscom,false,false
1429774803741,2147483647,2147483647,2147483647,2147483647,-113,13,Swisscom,false,false
1429774803741,2147483647,2147483647,2147483647,2147483647,0,13,Swisscom,false,false
1429774803741,2147483647,2147483647,2147483647,2147483647,0,13,Swisscom,false,false
1429774803741,2147483647,2147483647,2147483647,2147483647,0,13,Swisscom,false,false
1429774893277,17432577,2222,1,228,-111,13,Swisscom,true,false
1429774893277,2147483647,2147483647,2147483647,2147483647,-113,13,Swisscom,false,false
1429774893277,2147483647,2147483647,2147483647,2147483647,-113,13,Swisscom,false,false
1429774893277,2147483647,2147483647,2147483647,2147483647,-113,13,Swisscom,false,false
1429774893277,2147483647,2147483647,2147483647,2147483647,-113,13,Swisscom,false,false
1429774893277,2147483647,2147483647,2147483647,2147483647,-113,13,Swisscom,false,false
1429774893277,2147483647,2147483647,2147483647,2147483647,-113,13,Swisscom,false,false
1429774893277,2147483647,2147483647,2147483647,2147483647,-113,13,Swisscom,false,false
1429774893277,2147483647,2147483647,2147483647,2147483647,-113,13,Swisscom,false,false
1429774893277,2147483647,2147483647,2147483647,2147483647,-113,13,Swisscom,false,false
1429774893277,2147483647,2147483647,2147483647,2147483647,-113,13,Swisscom,false,false
1429774893277,2147483647,2147483647,2147483647,2147483647,-113,13,Swisscom,false,false
1429774893277,2147483647,2147483647,2147483647,2147483647,-113,13,Swisscom,false,false
1429774893277,2147483647,2147483647,2147483647,2147483647,0,13,Swisscom,false,false
1429774893277,2147483647,2147483647,2147483647,2147483647,0,13,Swisscom,false,false
1429774893277,2147483647,2147483647,2147483647,2147483647,0,13,Swisscom,false,false
1429774953482,17432577,2222,1,228,-111,13,Swisscom,true,false
1429774953482,3,2147483647,2147483647,2147483647,-124,13,Swisscom,false,false
1429774953482,2147483647,2147483647,2147483647,2147483647,-113,13,Swisscom,false,false
1429774953482,2147483647,2147483647,2147483647,2147483647,-113,13,Swisscom,false,false
1429774953482,2147483647,2147483647,2147483647,2147483647,-113,13,Swisscom,false,false
1429774953482,2147483647,2147483647,2147483647,2147483647,-113,13,Swisscom,false,false
1429774953482,2147483647,2147483647,2147483647,2147483647,-113,13,Swisscom,false,false
1429774953482,2147483647,2147483647,2147483647,2147483647,-113,13,Swisscom,false,false
1429774953482,2147483647,2147483647,2147483647,2147483647,-113,13,Swisscom,false,false
1429774953482,2147483647,2147483647,2147483647,2147483647,-113,13,Swisscom,false,false
1429774953482,2147483647,2147483647,2147483647,2147483647,-113,13,Swisscom,false,false
1429774953482,2147483647,2147483647,2147483647,2147483647,-113,13,Swisscom,false,false
1429774953482,2147483647,2147483647,2147483647,2147483647,-113,13,Swisscom,false,false
1429774953482,2147483647,2147483647,2147483647,2147483647,-113,13,Swisscom,false,false
1429774953482,2147483647,2147483647,2147483647,2147483647,0,13,Swisscom,false,false
1429774953482,2147483647,2147483647,2147483647,2147483647,0,13,Swisscom,false,false
1429774953482,2147483647,2147483647,2147483647,2147483647,0,13,Swisscom,false,false
1429775013591,17432577,2222,1,228,-111,13,Swisscom,true,false
1429775013591,2147483647,2147483647,2147483647,2147483647,-113,13,Swisscom,false,false
1429775013591,2147483647,2147483647,2147483647,2147483647,-113,13,Swisscom,false,false
1429775013591,2147483647,2147483647,2147483647,2147483647,-113,13,Swisscom,false,false
1429775013591,2147483647,2147483647,2147483647,2147483647,-113,13,Swisscom,false,false
1429775013591,2147483647,2147483647,2147483647,2147483647,-113,13,Swisscom,false,false
1429775013591,2147483647,2147483647,2147483647,2147483647,-113,13,Swisscom,false,false
1429775013591,2147483647,2147483647,2147483647,2147483647,-113,13,Swisscom,false,false
1429775013591,2147483647,2147483647,2147483647,2147483647,-113,13,Swisscom,false,false
1429775013591,2147483647,2147483647,2147483647,2147483647,-113,13,Swisscom,false,false
1429775013591,2147483647,2147483647,2147483647,2147483647,-113,13,Swisscom,false,false
1429775013591,2147483647,2147483647,2147483647,2147483647,-113,13,Swisscom,false,false
1429775013591,2147483647,2147483647,2147483647,2147483647,-113,13,Swisscom,false,false
1429775013591,2147483647,2147483647,2147483647,2147483647,0,13,Swisscom,false,false
1429775013591,2147483647,2147483647,2147483647,2147483647,0,13,Swisscom,false,false
1429775013591,2147483647,2147483647,2147483647,2147483647,0,13,Swisscom,false,false
1429775073737,17432577,2222,1,228,-110,13,Swisscom,true,false
1429775073737,3,2147483647,2147483647,2147483647,-124,13,Swisscom,false,false
1429775073737,2147483647,2147483647,2147483647,2147483647,-113,13,Swisscom,false,false
1429775073737,2147483647,2147483647,2147483647,2147483647,-113,13,Swisscom,false,false
1429775073737,2147483647,2147483647,2147483647,2147483647,-113,13,Swisscom,false,false
1429775073737,2147483647,2147483647,2147483647,2147483647,-113,13,Swisscom,false,false
1429775073737,2147483647,2147483647,2147483647,2147483647,-113,13,Swisscom,false,false
1429775073737,2147483647,2147483647,2147483647,2147483647,-113,13,Swisscom,false,false
1429775073737,2147483647,2147483647,2147483647,2147483647,-113,13,Swisscom,false,false
1429775073737,2147483647,2147483647,2147483647,2147483647,-113,13,Swisscom,false,false
1429775073737,2147483647,2147483647,2147483647,2147483647,-113,13,Swisscom,false,false
1429775073737,2147483647,2147483647,2147483647,2147483647,-113,13,Swisscom,false,false
1429775073737,2147483647,2147483647,2147483647,2147483647,-113,13,Swisscom,false,false
1429775073737,2147483647,2147483647,2147483647,2147483647,-113,13,Swisscom,false,false
1429775073737,2147483647,2147483647,2147483647,2147483647,0,13,Swisscom,false,false
1429775073737,2147483647,2147483647,2147483647,2147483647,0,13,Swisscom,false,false
1429775073737,2147483647,2147483647,2147483647,2147483647,0,13,Swisscom,false,false
1429775135240,17432577,2222,1,228,-111,13,Swisscom,true,false
1429775135240,4,2147483647,2147483647,2147483647,-125,13,Swisscom,false,false
1429775135240,2147483647,2147483647,2147483647,2147483647,-113,13,Swisscom,false,false
1429775135240,2147483647,2147483647,2147483647,2147483647,-113,13,Swisscom,false,false
1429775135240,2147483647,2147483647,2147483647,2147483647,-113,13,Swisscom,false,false
1429775135240,2147483647,2147483647,2147483647,2147483647,-113,13,Swisscom,false,false
1429775135240,2147483647,2147483647,2147483647,2147483647,-113,13,Swisscom,false,false
1429775135240,2147483647,2147483647,2147483647,2147483647,-113,13,Swisscom,false,false
1429775135240,2147483647,2147483647,2147483647,2147483647,-113,13,Swisscom,false,false
1429775135240,2147483647,2147483647,2147483647,2147483647,-113,13,Swisscom,false,false
1429775135240,2147483647,2147483647,2147483647,2147483647,-113,13,Swisscom,false,false
1429775135240,2147483647,2147483647,2147483647,2147483647,-113,13,Swisscom,false,false
1429775135240,2147483647,2147483647,2147483647,2147483647,-113,13,Swisscom,false,false
1429775135240,2147483647,2147483647,2147483647,2147483647,-113,13,Swisscom,false,false
1429775135240,2147483647,2147483647,2147483647,2147483647,0,13,Swisscom,false,false
1429775135240,2147483647,2147483647,2147483647,2147483647,0,13,Swisscom,false,false
1429775135240,2147483647,2147483647,2147483647,2147483647,0,13,Swisscom,false,false
1429775215198,17432577,2222,1,228,-111,13,Swisscom,true,false
1429775215198,3,2147483647,2147483647,2147483647,-125,13,Swisscom,false,false
1429775215198,2147483647,2147483647,2147483647,2147483647,-113,13,Swisscom,false,false
1429775215198,2147483647,2147483647,2147483647,2147483647,-113,13,Swisscom,false,false
1429775215198,2147483647,2147483647,2147483647,2147483647,-113,13,Swisscom,false,false
1429775215198,2147483647,2147483647,2147483647,2147483647,-113,13,Swisscom,false,false
1429775215198,2147483647,2147483647,2147483647,2147483647,-113,13,Swisscom,false,false
1429775215198,2147483647,2147483647,2147483647,2147483647,-113,13,Swisscom,false,false
1429775215198,2147483647,2147483647,2147483647,2147483647,-113,13,Swisscom,false,false
1429775215198,2147483647,2147483647,2147483647,2147483647,-113,13,Swisscom,false,false
1429775215198,2147483647,2147483647,2147483647,2147483647,-113,13,Swisscom,false,false
1429775215198,2147483647,2147483647,2147483647,2147483647,-113,13,Swisscom,false,false
1429775215198,2147483647,2147483647,2147483647,2147483647,-113,13,Swisscom,false,false
1429775215198,2147483647,2147483647,2147483647,2147483647,-113,13,Swisscom,false,false
1429775215198,2147483647,2147483647,2147483647,2147483647,0,13,Swisscom,false,false
1429775215198,2147483647,2147483647,2147483647,2147483647,0,13,Swisscom,false,false
1429775215198,2147483647,2147483647,2147483647,2147483647,0,13,Swisscom,false,false
1429775275170,17432577,2222,1,228,-110,13,Swisscom,true,false
1429775275170,4,2147483647,2147483647,2147483647,-123,13,Swisscom,false,false
1429775275170,2147483647,2147483647,2147483647,2147483647,-113,13,Swisscom,false,false
1429775275170,2147483647,2147483647,2147483647,2147483647,-113,13,Swisscom,false,false
1429775275170,2147483647,2147483647,2147483647,2147483647,-113,13,Swisscom,false,false
1429775275170,2147483647,2147483647,2147483647,2147483647,-113,13,Swisscom,false,false
1429775275170,2147483647,2147483647,2147483647,2147483647,-113,13,Swisscom,false,false
1429775275170,2147483647,2147483647,2147483647,2147483647,-113,13,Swisscom,false,false
1429775275170,2147483647,2147483647,2147483647,2147483647,-113,13,Swisscom,false,false
1429775275170,2147483647,2147483647,2147483647,2147483647,-113,13,Swisscom,false,false
1429775275170,2147483647,2147483647,2147483647,2147483647,-113,13,Swisscom,false,false
1429775275170,2147483647,2147483647,2147483647,2147483647,-113,13,Swisscom,false,false
1429775275170,2147483647,2147483647,2147483647,2147483647,-113,13,Swisscom,false,false
1429775275170,2147483647,2147483647,2147483647,2147483647,-113,13,Swisscom,false,false
1429775275170,2147483647,2147483647,2147483647,2147483647,0,13,Swisscom,false,false
1429775275170,2147483647,2147483647,2147483647,2147483647,0,13,Swisscom,false,false
1429775275170,2147483647,2147483647,2147483647,2147483647,0,13,Swisscom,false,false
1429775335184,17432577,2222,1,228,-110,13,Swisscom,true,false
1429775335184,4,2147483647,2147483647,2147483647,-125,13,Swisscom,false,false
1429775335184,3,2147483647,2147483647,2147483647,-124,13,Swisscom,false,false
1429775335184,2147483647,2147483647,2147483647,2147483647,-113,13,Swisscom,false,false
1429775335184,2147483647,2147483647,2147483647,2147483647,-113,13,Swisscom,false,false
1429775335184,2147483647,2147483647,2147483647,2147483647,-113,13,Swisscom,false,false
1429775335184,2147483647,2147483647,2147483647,2147483647,-113,13,Swisscom,false,false
1429775335184,2147483647,2147483647,2147483647,2147483647,-113,13,Swisscom,false,false
1429775335184,2147483647,2147483647,2147483647,2147483647,-113,13,Swisscom,false,false
1429775335184,2147483647,2147483647,2147483647,2147483647,-113,13,Swisscom,false,false
1429775335184,2147483647,2147483647,2147483647,2147483647,-113,13,Swisscom,false,false
1429775335184,2147483647,2147483647,2147483647,2147483647,-113,13,Swisscom,false,false
1429775335184,2147483647,2147483647,2147483647,2147483647,-113,13,Swisscom,false,false
1429775335184,2147483647,2147483647,2147483647,2147483647,-113,13,Swisscom,false,false
1429775335184,2147483647,2147483647,2147483647,2147483647,-113,13,Swisscom,false,false
1429775335184,2147483647,2147483647,2147483647,2147483647,0,13,Swisscom,false,false
1429775335184,2147483647,2147483647,2147483647,2147483647,0,13,Swisscom,false,false
1429775335184,2147483647,2147483647,2147483647,2147483647,0,13,Swisscom,false,false
1429775395198,17432577,2222,1,228,-110,13,Swisscom,true,false
1429775395198,4,2147483647,2147483647,2147483647,-125,13,Swisscom,false,false
1429775395198,2147483647,2147483647,2147483647,2147483647,-113,13,Swisscom,false,false
1429775395198,2147483647,2147483647,2147483647,2147483647,-113,13,Swisscom,false,false
1429775395198,2147483647,2147483647,2147483647,2147483647,-113,13,Swisscom,false,false
1429775395198,2147483647,2147483647,2147483647,2147483647,-113,13,Swisscom,false,false
1429775395198,2147483647,2147483647,2147483647,2147483647,-113,13,Swisscom,false,false
1429775395198,2147483647,2147483647,2147483647,2147483647,-113,13,Swisscom,false,false
1429775395198,2147483647,2147483647,2147483647,2147483647,-113,13,Swisscom,false,false
1429775395198,2147483647,2147483647,2147483647,2147483647,-113,13,Swisscom,false,false
1429775395198,2147483647,2147483647,2147483647,2147483647,-113,13,Swisscom,false,false
1429775395198,2147483647,2147483647,2147483647,2147483647,-113,13,Swisscom,false,false
1429775395198,2147483647,2147483647,2147483647,2147483647,-113,13,Swisscom,false,false
1429775395198,2147483647,2147483647,2147483647,2147483647,-113,13,Swisscom,false,false
1429775395198,2147483647,2147483647,2147483647,2147483647,0,13,Swisscom,false,false
1429775395198,2147483647,2147483647,2147483647,2147483647,0,13,Swisscom,false,false
1429775395198,2147483647,2147483647,2147483647,2147483647,0,13,Swisscom,false,false
1429775455472,17432577,2222,1,228,-110,13,Swisscom,true,false
1429775455472,4,2147483647,2147483647,2147483647,-124,13,Swisscom,false,false
1429775455472,2147483647,2147483647,2147483647,2147483647,-113,13,Swisscom,false,false
1429775455472,2147483647,2147483647,2147483647,2147483647,-113,13,Swisscom,false,false
1429775455472,2147483647,2147483647,2147483647,2147483647,-113,13,Swisscom,false,false
1429775455472,2147483647,2147483647,2147483647,2147483647,-113,13,Swisscom,false,false
1429775455472,2147483647,2147483647,2147483647,2147483647,-113,13,Swisscom,false,false
1429775455472,2147483647,2147483647,2147483647,2147483647,-113,13,Swisscom,false,false
1429775455472,2147483647,2147483647,2147483647,2147483647,-113,13,Swisscom,false,false
1429775455472,2147483647,2147483647,2147483647,2147483647,-113,13,Swisscom,false,false
1429775455472,2147483647,2147483647,2147483647,2147483647,-113,13,Swisscom,false,false
1429775455472,2147483647,2147483647,2147483647,2147483647,-113,13,Swisscom,false,false
1429775455472,2147483647,2147483647,2147483647,2147483647,-113,13,Swisscom,false,false
1429775455472,2147483647,2147483647,2147483647,2147483647,-113,13,Swisscom,false,false
1429775455472,2147483647,2147483647,2147483647,2147483647,0,13,Swisscom,false,false
1429775455472,2147483647,2147483647,2147483647,2147483647,0,13,Swisscom,false,false
1429775455472,2147483647,2147483647,2147483647,2147483647,0,13,Swisscom,false,false
1429775516168,17432577,2222,1,228,-110,13,Swisscom,true,false
1429775516168,3,2147483647,2147483647,2147483647,-124,13,Swisscom,false,false
1429775516168,4,2147483647,2147483647,2147483647,-126,13,Swisscom,false,false
1429775516168,2147483647,2147483647,2147483647,2147483647,-113,13,Swisscom,false,false
1429775516168,2147483647,2147483647,2147483647,2147483647,-113,13,Swisscom,false,false
1429775516168,2147483647,2147483647,2147483647,2147483647,-113,13,Swisscom,false,false
1429775516168,2147483647,2147483647,2147483647,2147483647,-113,13,Swisscom,false,false
1429775516168,2147483647,2147483647,2147483647,2147483647,-113,13,Swisscom,false,false
1429775516168,2147483647,2147483647,2147483647,2147483647,-113,13,Swisscom,false,false
1429775516168,2147483647,2147483647,2147483647,2147483647,-113,13,Swisscom,false,false
1429775516168,2147483647,2147483647,2147483647,2147483647,-113,13,Swisscom,false,false
1429775516168,2147483647,2147483647,2147483647,2147483647,-113,13,Swisscom,false,false
1429775516168,2147483647,2147483647,2147483647,2147483647,-113,13,Swisscom,false,false
1429775516168,2147483647,2147483647,2147483647,2147483647,-113,13,Swisscom,false,false
1429775516168,2147483647,2147483647,2147483647,2147483647,-113,13,Swisscom,false,false
1429775516168,2147483647,2147483647,2147483647,2147483647,0,13,Swisscom,false,false
1429775516168,2147483647,2147483647,2147483647,2147483647,0,13,Swisscom,false,false
1429775516168,2147483647,2147483647,2147483647,2147483647,0,13,Swisscom,false,false
1429775576230,17432577,2222,1,228,-112,13,Swisscom,true,false
1429775576230,2147483647,2147483647,2147483647,2147483647,-113,13,Swisscom,false,false
1429775576230,2147483647,2147483647,2147483647,2147483647,-113,13,Swisscom,false,false
1429775576230,2147483647,2147483647,2147483647,2147483647,-113,13,Swisscom,false,false
1429775576230,2147483647,2147483647,2147483647,2147483647,-113,13,Swisscom,false,false
1429775576230,2147483647,2147483647,2147483647,2147483647,-113,13,Swisscom,false,false
1429775576230,2147483647,2147483647,2147483647,2147483647,-113,13,Swisscom,false,false
1429775576230,2147483647,2147483647,2147483647,2147483647,-113,13,Swisscom,false,false
1429775576230,2147483647,2147483647,2147483647,2147483647,-113,13,Swisscom,false,false
1429775576230,2147483647,2147483647,2147483647,2147483647,-113,13,Swisscom,false,false
1429775576230,2147483647,2147483647,2147483647,2147483647,-113,13,Swisscom,false,false
1429775576230,2147483647,2147483647,2147483647,2147483647,-113,13,Swisscom,false,false
1429775576230,2147483647,2147483647,2147483647,2147483647,-113,13,Swisscom,false,false
1429775576230,2147483647,2147483647,2147483647,2147483647,0,13,Swisscom,false,false
1429775576230,2147483647,2147483647,2147483647,2147483647,0,13,Swisscom,false,false
1429775576230,2147483647,2147483647,2147483647,2147483647,0,13,Swisscom,false,false
1429775636280,17432577,2222,1,228,-111,13,Swisscom,true,false
1429775636280,2147483647,2147483647,2147483647,2147483647,-113,13,Swisscom,false,false
1429775636280,2147483647,2147483647,2147483647,2147483647,-113,13,Swisscom,false,false
1429775636280,2147483647,2147483647,2147483647,2147483647,-113,13,Swisscom,false,false
1429775636280,2147483647,2147483647,2147483647,2147483647,-113,13,Swisscom,false,false
1429775636280,2147483647,2147483647,2147483647,2147483647,-113,13,Swisscom,false,false
1429775636280,2147483647,2147483647,2147483647,2147483647,-113,13,Swisscom,false,false
1429775636280,2147483647,2147483647,2147483647,2147483647,-113,13,Swisscom,false,false
1429775636280,2147483647,2147483647,2147483647,2147483647,-113,13,Swisscom,false,false
1429775636280,2147483647,2147483647,2147483647,2147483647,-113,13,Swisscom,false,false
1429775636280,2147483647,2147483647,2147483647,2147483647,-113,13,Swisscom,false,false
1429775636280,2147483647,2147483647,2147483647,2147483647,-113,13,Swisscom,false,false
1429775636280,2147483647,2147483647,2147483647,2147483647,-113,13,Swisscom,false,false
1429775636280,2147483647,2147483647,2147483647,2147483647,0,13,Swisscom,false,false
1429775636280,2147483647,2147483647,2147483647,2147483647,0,13,Swisscom,false,false
1429775636280,2147483647,2147483647,2147483647,2147483647,0,13,Swisscom,false,false
1429775702321,17432577,2222,1,228,-111,13,Swisscom,true,false
1429775702321,2147483647,2147483647,2147483647,2147483647,-113,13,Swisscom,false,false
1429775702321,2147483647,2147483647,2147483647,2147483647,-113,13,Swisscom,false,false
1429775702321,2147483647,2147483647,2147483647,2147483647,-113,13,Swisscom,false,false
1429775702321,2147483647,2147483647,2147483647,2147483647,-113,13,Swisscom,false,false
1429775702321,2147483647,2147483647,2147483647,2147483647,-113,13,Swisscom,false,false
1429775702321,2147483647,2147483647,2147483647,2147483647,-113,13,Swisscom,false,false
1429775702321,2147483647,2147483647,2147483647,2147483647,-113,13,Swisscom,false,false
1429775702321,2147483647,2147483647,2147483647,2147483647,-113,13,Swisscom,false,false
1429775702321,2147483647,2147483647,2147483647,2147483647,-113,13,Swisscom,false,false
1429775702321,2147483647,2147483647,2147483647,2147483647,-113,13,Swisscom,false,false
1429775702321,2147483647,2147483647,2147483647,2147483647,-113,13,Swisscom,false,false
1429775702321,2147483647,2147483647,2147483647,2147483647,-113,13,Swisscom,false,false
1429775702321,2147483647,2147483647,2147483647,2147483647,0,13,Swisscom,false,false
1429775702321,2147483647,2147483647,2147483647,2147483647,0,13,Swisscom,false,false
1429775702321,2147483647,2147483647,2147483647,2147483647,0,13,Swisscom,false,false
1429775762397,17432577,2222,1,228,-112,13,Swisscom,true,false
1429775762397,3,2147483647,2147483647,2147483647,-119,13,Swisscom,false,false
1429775858162,17432577,2222,1,228,-113,13,Swisscom,true,false
1429775858162,3,2147483647,2147483647,2147483647,-121,13,Swisscom,false,false
1429775858162,2147483647,2147483647,2147483647,2147483647,-113,13,Swisscom,false,false
1429775858162,2147483647,2147483647,2147483647,2147483647,-113,13,Swisscom,false,false
1429775858162,2147483647,2147483647,2147483647,2147483647,-113,13,Swisscom,false,false
1429775858162,2147483647,2147483647,2147483647,2147483647,-113,13,Swisscom,false,false
1429775858162,2147483647,2147483647,2147483647,2147483647,-113,13,Swisscom,false,false
1429775858162,2147483647,2147483647,2147483647,2147483647,-113,13,Swisscom,false,false
1429775858162,2147483647,2147483647,2147483647,2147483647,-113,13,Swisscom,false,false
1429775858162,2147483647,2147483647,2147483647,2147483647,-113,13,Swisscom,false,false
1429775858162,2147483647,2147483647,2147483647,2147483647,-113,13,Swisscom,false,false
1429775858162,2147483647,2147483647,2147483647,2147483647,-113,13,Swisscom,false,false
1429775858162,2147483647,2147483647,2147483647,2147483647,-113,13,Swisscom,false,false
1429775858162,2147483647,2147483647,2147483647,2147483647,-113,13,Swisscom,false,false
1429775858162,2147483647,2147483647,2147483647,2147483647,0,13,Swisscom,false,false
1429775858162,2147483647,2147483647,2147483647,2147483647,0,13,Swisscom,false,false
1429775934510,17432577,2222,1,228,-113,13,Swisscom,true,false
1429775934510,2147483647,2147483647,2147483647,2147483647,-113,13,Swisscom,false,false
1429775934510,2147483647,2147483647,2147483647,2147483647,-113,13,Swisscom,false,false
1429775934510,2147483647,2147483647,2147483647,2147483647,-113,13,Swisscom,false,false
1429775934510,2147483647,2147483647,2147483647,2147483647,-113,13,Swisscom,false,false
1429775934510,2147483647,2147483647,2147483647,2147483647,-113,13,Swisscom,false,false
1429775934510,2147483647,2147483647,2147483647,2147483647,-113,13,Swisscom,false,false
1429775934510,2147483647,2147483647,2147483647,2147483647,-113,13,Swisscom,false,false
1429775934510,2147483647,2147483647,2147483647,2147483647,-113,13,Swisscom,false,false
1429775934510,2147483647,2147483647,2147483647,2147483647,-113,13,Swisscom,false,false
1429775934510,2147483647,2147483647,2147483647,2147483647,-113,13,Swisscom,false,false
1429775934510,2147483647,2147483647,2147483647,2147483647,-113,13,Swisscom,false,false
1429775934510,2147483647,2147483647,2147483647,2147483647,-113,13,Swisscom,false,false
1429775934510,2147483647,2147483647,2147483647,2147483647,0,13,Swisscom,false,false
1429775934510,2147483647,2147483647,2147483647,2147483647,0,13,Swisscom,false,false
1429775994659,17432577,2222,1,228,-113,13,Swisscom,true,false
1429775994659,3,2147483647,2147483647,2147483647,-120,13,Swisscom,false,false
1429775994659,2147483647,2147483647,2147483647,2147483647,-113,13,Swisscom,false,false
1429775994659,2147483647,2147483647,2147483647,2147483647,-113,13,Swisscom,false,false
1429775994659,2147483647,2147483647,2147483647,2147483647,-113,13,Swisscom,false,false
1429775994659,2147483647,2147483647,2147483647,2147483647,-113,13,Swisscom,false,false
1429775994659,2147483647,2147483647,2147483647,2147483647,-113,13,Swisscom,false,false
1429775994659,2147483647,2147483647,2147483647,2147483647,-113,13,Swisscom,false,false
1429775994659,2147483647,2147483647,2147483647,2147483647,-113,13,Swisscom,false,false
1429775994659,2147483647,2147483647,2147483647,2147483647,-113,13,Swisscom,false,false
1429775994659,2147483647,2147483647,2147483647,2147483647,-113,13,Swisscom,false,false
1429775994659,2147483647,2147483647,2147483647,2147483647,-113,13,Swisscom,false,false
1429775994659,2147483647,2147483647,2147483647,2147483647,-113,13,Swisscom,false,false
1429775994659,2147483647,2147483647,2147483647,2147483647,-113,13,Swisscom,false,false
1429775994659,2147483647,2147483647,2147483647,2147483647,0,13,Swisscom,false,false
1429775994659,2147483647,2147483647,2147483647,2147483647,0,13,Swisscom,false,false
1429775994659,2147483647,2147483647,2147483647,2147483647,0,13,Swisscom,false,false
1429776054728,17432577,2222,1,228,-112,13,Swisscom,true,false
1429776054728,3,2147483647,2147483647,2147483647,-120,13,Swisscom,false,false
1429776054728,2147483647,2147483647,2147483647,2147483647,-113,13,Swisscom,false,false
1429776054728,2147483647,2147483647,2147483647,2147483647,-113,13,Swisscom,false,false
1429776054728,2147483647,2147483647,2147483647,2147483647,-113,13,Swisscom,false,false
1429776054728,2147483647,2147483647,2147483647,2147483647,-113,13,Swisscom,false,false
1429776054728,2147483647,2147483647,2147483647,2147483647,-113,13,Swisscom,false,false
1429776054728,2147483647,2147483647,2147483647,2147483647,-113,13,Swisscom,false,false
1429776054728,2147483647,2147483647,2147483647,2147483647,-113,13,Swisscom,false,false
1429776054728,2147483647,2147483647,2147483647,2147483647,-113,13,Swisscom,false,false
1429776054728,2147483647,2147483647,2147483647,2147483647,-113,13,Swisscom,false,false
1429776054728,2147483647,2147483647,2147483647,2147483647,-113,13,Swisscom,false,false
1429776054728,2147483647,2147483647,2147483647,2147483647,-113,13,Swisscom,false,false
1429776054728,2147483647,2147483647,2147483647,2147483647,-113,13,Swisscom,false,false
1429776054728,2147483647,2147483647,2147483647,2147483647,0,13,Swisscom,false,false
1429776054728,2147483647,2147483647,2147483647,2147483647,0,13,Swisscom,false,false
1429776116148,17432577,2222,1,228,-112,13,Swisscom,true,false
1429776116148,3,2147483647,2147483647,2147483647,-120,13,Swisscom,false,false
1429776116148,2147483647,2147483647,2147483647,2147483647,-113,13,Swisscom,false,false
1429776116148,2147483647,2147483647,2147483647,2147483647,-113,13,Swisscom,false,false
1429776116148,2147483647,2147483647,2147483647,2147483647,-113,13,Swisscom,false,false
1429776116148,2147483647,2147483647,2147483647,2147483647,-113,13,Swisscom,false,false
1429776116148,2147483647,2147483647,2147483647,2147483647,-113,13,Swisscom,false,false
1429776116148,2147483647,2147483647,2147483647,2147483647,-113,13,Swisscom,false,false
1429776116148,2147483647,2147483647,2147483647,2147483647,-113,13,Swisscom,false,false
1429776116148,2147483647,2147483647,2147483647,2147483647,-113,13,Swisscom,false,false
1429776116148,2147483647,2147483647,2147483647,2147483647,-113,13,Swisscom,false,false
1429776116148,2147483647,2147483647,2147483647,2147483647,-113,13,Swisscom,false,false
1429776116148,2147483647,2147483647,2147483647,2147483647,-113,13,Swisscom,false,false
1429776116148,2147483647,2147483647,2147483647,2147483647,-113,13,Swisscom,false,false
1429776116148,2147483647,2147483647,2147483647,2147483647,0,13,Swisscom,false,false
1429776116148,2147483647,2147483647,2147483647,2147483647,0,13,Swisscom,false,false
1429776176257,17432577,2222,1,228,-112,13,Swisscom,true,false
1429776176257,2147483647,2147483647,2147483647,2147483647,-113,13,Swisscom,false,false
1429776176257,2147483647,2147483647,2147483647,2147483647,-113,13,Swisscom,false,false
1429776176257,2147483647,2147483647,2147483647,2147483647,-113,13,Swisscom,false,false
1429776176257,2147483647,2147483647,2147483647,2147483647,-113,13,Swisscom,false,false
1429776176257,2147483647,2147483647,2147483647,2147483647,-113,13,Swisscom,false,false
1429776176257,2147483647,2147483647,2147483647,2147483647,-113,13,Swisscom,false,false
1429776176257,2147483647,2147483647,2147483647,2147483647,-113,13,Swisscom,false,false
1429776176257,2147483647,2147483647,2147483647,2147483647,-113,13,Swisscom,false,false
1429776176257,2147483647,2147483647,2147483647,2147483647,-113,13,Swisscom,false,false
1429776176257,2147483647,2147483647,2147483647,2147483647,-113,13,Swisscom,false,false
1429776176257,2147483647,2147483647,2147483647,2147483647,-113,13,Swisscom,false,false
1429776176257,2147483647,2147483647,2147483647,2147483647,-113,13,Swisscom,false,false
1429776176257,2147483647,2147483647,2147483647,2147483647,0,13,Swisscom,false,false
1429776176257,2147483647,2147483647,2147483647,2147483647,0,13,Swisscom,false,false
1429776176257,2147483647,2147483647,2147483647,2147483647,0,13,Swisscom,false,false
1429776237230,17432577,2222,1,228,-113,13,Swisscom,true,false
1429776237230,3,2147483647,2147483647,2147483647,-121,13,Swisscom,false,false
1429776237230,2147483647,2147483647,2147483647,2147483647,-113,13,Swisscom,false,false
1429776237230,2147483647,2147483647,2147483647,2147483647,-113,13,Swisscom,false,false
1429776237230,2147483647,2147483647,2147483647,2147483647,-113,13,Swisscom,false,false
1429776237230,2147483647,2147483647,2147483647,2147483647,-113,13,Swisscom,false,false
1429776237230,2147483647,2147483647,2147483647,2147483647,-113,13,Swisscom,false,false
1429776237230,2147483647,2147483647,2147483647,2147483647,-113,13,Swisscom,false,false
1429776237230,2147483647,2147483647,2147483647,2147483647,-113,13,Swisscom,false,false
1429776237230,2147483647,2147483647,2147483647,2147483647,-113,13,Swisscom,false,false
1429776237230,2147483647,2147483647,2147483647,2147483647,-113,13,Swisscom,false,false
1429776237230,2147483647,2147483647,2147483647,2147483647,-113,13,Swisscom,false,false
1429776237230,2147483647,2147483647,2147483647,2147483647,-113,13,Swisscom,false,false
1429776237230,2147483647,2147483647,2147483647,2147483647,-113,13,Swisscom,false,false
1429776237230,2147483647,2147483647,2147483647,2147483647,0,13,Swisscom,false,false
1429776237230,2147483647,2147483647,2147483647,2147483647,0,13,Swisscom,false,false
1429776303202,17432577,2222,1,228,-113,13,Swisscom,true,false
1429776303202,2147483647,2147483647,2147483647,2147483647,-113,13,Swisscom,false,false
1429776303202,2147483647,2147483647,2147483647,2147483647,-113,13,Swisscom,false,false
1429776303202,2147483647,2147483647,2147483647,2147483647,-113,13,Swisscom,false,false
1429776303202,2147483647,2147483647,2147483647,2147483647,-113,13,Swisscom,false,false
1429776303202,2147483647,2147483647,2147483647,2147483647,-113,13,Swisscom,false,false
1429776303202,2147483647,2147483647,2147483647,2147483647,-113,13,Swisscom,false,false
1429776303202,2147483647,2147483647,2147483647,2147483647,-113,13,Swisscom,false,false
1429776303202,2147483647,2147483647,2147483647,2147483647,-113,13,Swisscom,false,false
1429776303202,2147483647,2147483647,2147483647,2147483647,-113,13,Swisscom,false,false
1429776303202,2147483647,2147483647,2147483647,2147483647,-113,13,Swisscom,false,false
1429776303202,2147483647,2147483647,2147483647,2147483647,-113,13,Swisscom,false,false
1429776303202,2147483647,2147483647,2147483647,2147483647,-113,13,Swisscom,false,false
1429776303202,2147483647,2147483647,2147483647,2147483647,0,13,Swisscom,false,false
1429776303202,2147483647,2147483647,2147483647,2147483647,0,13,Swisscom,false,false
1429776303202,2147483647,2147483647,2147483647,2147483647,0,13,Swisscom,false,false
1429776363168,17432577,2222,1,228,-113,13,Swisscom,true,false
1429776363168,3,2147483647,2147483647,2147483647,-121,13,Swisscom,false,false
1429776363168,4,2147483647,2147483647,2147483647,-123,13,Swisscom,false,false
1429776363168,2147483647,2147483647,2147483647,2147483647,-113,13,Swisscom,false,false
1429776363168,2147483647,2147483647,2147483647,2147483647,-113,13,Swisscom,false,false
1429776363168,2147483647,2147483647,2147483647,2147483647,-113,13,Swisscom,false,false
1429776363168,2147483647,2147483647,2147483647,2147483647,-113,13,Swisscom,false,false
1429776363168,2147483647,2147483647,2147483647,2147483647,-113,13,Swisscom,false,false
1429776363168,2147483647,2147483647,2147483647,2147483647,-113,13,Swisscom,false,false
1429776363168,2147483647,2147483647,2147483647,2147483647,-113,13,Swisscom,false,false
1429776363168,2147483647,2147483647,2147483647,2147483647,-113,13,Swisscom,false,false
1429776363168,2147483647,2147483647,2147483647,2147483647,-113,13,Swisscom,false,false
1429776363168,2147483647,2147483647,2147483647,2147483647,-113,13,Swisscom,false,false
1429776363168,2147483647,2147483647,2147483647,2147483647,-113,13,Swisscom,false,false
1429776363168,2147483647,2147483647,2147483647,2147483647,-113,13,Swisscom,false,false
1429776363168,2147483647,2147483647,2147483647,2147483647,0,13,Swisscom,false,false
1429776363168,2147483647,2147483647,2147483647,2147483647,0,13,Swisscom,false,false
1429776424131,17432577,2222,1,228,-110,13,Swisscom,true,false
1429776424131,2147483647,2147483647,2147483647,2147483647,-113,13,Swisscom,false,false
1429776424131,2147483647,2147483647,2147483647,2147483647,-113,13,Swisscom,false,false
1429776424131,2147483647,2147483647,2147483647,2147483647,-113,13,Swisscom,false,false
1429776424131,2147483647,2147483647,2147483647,2147483647,-113,13,Swisscom,false,false
1429776424131,2147483647,2147483647,2147483647,2147483647,-113,13,Swisscom,false,false
1429776424131,2147483647,2147483647,2147483647,2147483647,-113,13,Swisscom,false,false
1429776424131,2147483647,2147483647,2147483647,2147483647,-113,13,Swisscom,false,false
1429776424131,2147483647,2147483647,2147483647,2147483647,-113,13,Swisscom,false,false
1429776424131,2147483647,2147483647,2147483647,2147483647,-113,13,Swisscom,false,false
1429776424131,2147483647,2147483647,2147483647,2147483647,-113,13,Swisscom,false,false
1429776424131,2147483647,2147483647,2147483647,2147483647,-113,13,Swisscom,false,false
1429776424131,2147483647,2147483647,2147483647,2147483647,-113,13,Swisscom,false,false
1429776424131,2147483647,2147483647,2147483647,2147483647,0,13,Swisscom,false,false
1429776424131,2147483647,2147483647,2147483647,2147483647,0,13,Swisscom,false,false
1429776484159,17432577,2222,1,228,-110,13,Swisscom,true,false
1429776484159,2147483647,2147483647,2147483647,2147483647,-113,13,Swisscom,false,false
1429776484159,2147483647,2147483647,2147483647,2147483647,-113,13,Swisscom,false,false
1429776484159,2147483647,2147483647,2147483647,2147483647,-113,13,Swisscom,false,false
1429776484159,2147483647,2147483647,2147483647,2147483647,-113,13,Swisscom,false,false
1429776484159,2147483647,2147483647,2147483647,2147483647,-113,13,Swisscom,false,false
1429776484159,2147483647,2147483647,2147483647,2147483647,-113,13,Swisscom,false,false
1429776484159,2147483647,2147483647,2147483647,2147483647,-113,13,Swisscom,false,false
1429776484159,2147483647,2147483647,2147483647,2147483647,-113,13,Swisscom,false,false
1429776484159,2147483647,2147483647,2147483647,2147483647,-113,13,Swisscom,false,false
1429776484159,2147483647,2147483647,2147483647,2147483647,-113,13,Swisscom,false,false
1429776484159,2147483647,2147483647,2147483647,2147483647,-113,13,Swisscom,false,false
1429776484159,2147483647,2147483647,2147483647,2147483647,-113,13,Swisscom,false,false
1429776484159,2147483647,2147483647,2147483647,2147483647,0,13,Swisscom,false,false
1429776484159,2147483647,2147483647,2147483647,2147483647,0,13,Swisscom,false,false
1429776544206,17432577,2222,1,228,-110,13,Swisscom,true,false
1429776544206,2147483647,2147483647,2147483647,2147483647,-113,13,Swisscom,false,false
1429776544206,2147483647,2147483647,2147483647,2147483647,-113,13,Swisscom,false,false
1429776544206,2147483647,2147483647,2147483647,2147483647,-113,13,Swisscom,false,false
1429776544206,2147483647,2147483647,2147483647,2147483647,-113,13,Swisscom,false,false
1429776544206,2147483647,2147483647,2147483647,2147483647,-113,13,Swisscom,false,false
1429776544206,2147483647,2147483647,2147483647,2147483647,-113,13,Swisscom,false,false
1429776544206,2147483647,2147483647,2147483647,2147483647,-113,13,Swisscom,false,false
1429776544206,2147483647,2147483647,2147483647,2147483647,-113,13,Swisscom,false,false
1429776544206,2147483647,2147483647,2147483647,2147483647,-113,13,Swisscom,false,false
1429776544206,2147483647,2147483647,2147483647,2147483647,-113,13,Swisscom,false,false
1429776544206,2147483647,2147483647,2147483647,2147483647,-113,13,Swisscom,false,false
1429776544206,2147483647,2147483647,2147483647,2147483647,-113,13,Swisscom,false,false
1429776544206,2147483647,2147483647,2147483647,2147483647,0,13,Swisscom,false,false
1429776544206,2147483647,2147483647,2147483647,2147483647,0,13,Swisscom,false,false
1429776605296,17432577,2222,1,228,-110,13,Swisscom,true,false
1429776605296,2147483647,2147483647,2147483647,2147483647,-113,13,Swisscom,false,false
1429776605296,2147483647,2147483647,2147483647,2147483647,-113,13,Swisscom,false,false
1429776605296,2147483647,2147483647,2147483647,2147483647,-113,13,Swisscom,false,false
1429776605296,2147483647,2147483647,2147483647,2147483647,-113,13,Swisscom,false,false
1429776605296,2147483647,2147483647,2147483647,2147483647,-113,13,Swisscom,false,false
1429776605296,2147483647,2147483647,2147483647,2147483647,-113,13,Swisscom,false,false
1429776605296,2147483647,2147483647,2147483647,2147483647,-113,13,Swisscom,false,false
1429776605296,2147483647,2147483647,2147483647,2147483647,-113,13,Swisscom,false,false
1429776605296,2147483647,2147483647,2147483647,2147483647,-113,13,Swisscom,false,false
1429776605296,2147483647,2147483647,2147483647,2147483647,-113,13,Swisscom,false,false
1429776605296,2147483647,2147483647,2147483647,2147483647,-113,13,Swisscom,false,false
1429776605296,2147483647,2147483647,2147483647,2147483647,-113,13,Swisscom,false,false
1429776605296,2147483647,2147483647,2147483647,2147483647,0,13,Swisscom,false,false
1429776605296,2147483647,2147483647,2147483647,2147483647,0,13,Swisscom,false,false
1429776665231,17432577,2222,1,228,-110,13,Swisscom,true,false
1429776665231,2147483647,2147483647,2147483647,2147483647,-113,13,Swisscom,false,false
1429776665231,2147483647,2147483647,2147483647,2147483647,-113,13,Swisscom,false,false
1429776665231,2147483647,2147483647,2147483647,2147483647,-113,13,Swisscom,false,false
1429776665231,2147483647,2147483647,2147483647,2147483647,-113,13,Swisscom,false,false
1429776665231,2147483647,2147483647,2147483647,2147483647,-113,13,Swisscom,false,false
1429776665231,2147483647,2147483647,2147483647,2147483647,-113,13,Swisscom,false,false
1429776665231,2147483647,2147483647,2147483647,2147483647,-113,13,Swisscom,false,false
1429776665231,2147483647,2147483647,2147483647,2147483647,-113,13,Swisscom,false,false
1429776665231,2147483647,2147483647,2147483647,2147483647,-113,13,Swisscom,false,false
1429776665231,2147483647,2147483647,2147483647,2147483647,-113,13,Swisscom,false,false
1429776665231,2147483647,2147483647,2147483647,2147483647,-113,13,Swisscom,false,false
1429776665231,2147483647,2147483647,2147483647,2147483647,-113,13,Swisscom,false,false
1429776665231,2147483647,2147483647,2147483647,2147483647,0,13,Swisscom,false,false
1429776665231,2147483647,2147483647,2147483647,2147483647,0,13,Swisscom,false,false
1429776726265,17432577,2222,1,228,-109,13,Swisscom,true,false
1429776726265,2147483647,2147483647,2147483647,2147483647,-113,13,Swisscom,false,false
1429776726265,2147483647,2147483647,2147483647,2147483647,-113,13,Swisscom,false,false
1429776726265,2147483647,2147483647,2147483647,2147483647,-113,13,Swisscom,false,false
1429776726265,2147483647,2147483647,2147483647,2147483647,-113,13,Swisscom,false,false
1429776726265,2147483647,2147483647,2147483647,2147483647,-113,13,Swisscom,false,false
1429776726265,2147483647,2147483647,2147483647,2147483647,-113,13,Swisscom,false,false
1429776726265,2147483647,2147483647,2147483647,2147483647,-113,13,Swisscom,false,false
1429776726265,2147483647,2147483647,2147483647,2147483647,-113,13,Swisscom,false,false
1429776726265,2147483647,2147483647,2147483647,2147483647,-113,13,Swisscom,false,false
1429776726265,2147483647,2147483647,2147483647,2147483647,-113,13,Swisscom,false,false
1429776726265,2147483647,2147483647,2147483647,2147483647,-113,13,Swisscom,false,false
1429776726265,2147483647,2147483647,2147483647,2147483647,-113,13,Swisscom,false,false
1429776726265,2147483647,2147483647,2147483647,2147483647,0,13,Swisscom,false,false
1429776726265,2147483647,2147483647,2147483647,2147483647,0,13,Swisscom,false,false
1429776786260,17432577,2222,1,228,-110,13,Swisscom,true,false
1429776786260,2147483647,2147483647,2147483647,2147483647,-113,13,Swisscom,false,false
1429776786260,2147483647,2147483647,2147483647,2147483647,-113,13,Swisscom,false,false
1429776786260,2147483647,2147483647,2147483647,2147483647,-113,13,Swisscom,false,false
1429776786260,2147483647,2147483647,2147483647,2147483647,-113,13,Swisscom,false,false
1429776786260,2147483647,2147483647,2147483647,2147483647,-113,13,Swisscom,false,false
1429776786260,2147483647,2147483647,2147483647,2147483647,-113,13,Swisscom,false,false
1429776786260,2147483647,2147483647,2147483647,2147483647,-113,13,Swisscom,false,false
1429776786260,2147483647,2147483647,2147483647,2147483647,-113,13,Swisscom,false,false
1429776786260,2147483647,2147483647,2147483647,2147483647,-113,13,Swisscom,false,false
1429776786260,2147483647,2147483647,2147483647,2147483647,-113,13,Swisscom,false,false
1429776786260,2147483647,2147483647,2147483647,2147483647,-113,13,Swisscom,false,false
1429776786260,2147483647,2147483647,2147483647,2147483647,-113,13,Swisscom,false,false
1429776786260,2147483647,2147483647,2147483647,2147483647,0,13,Swisscom,false,false
1429776786260,2147483647,2147483647,2147483647,2147483647,0,13,Swisscom,false,false
1429776786260,2147483647,2147483647,2147483647,2147483647,0,13,Swisscom,false,false
1429776846507,17432577,2222,1,228,-110,13,Swisscom,true,false
1429776846507,3,2147483647,2147483647,2147483647,-120,13,Swisscom,false,false
1429776846507,4,2147483647,2147483647,2147483647,-120,13,Swisscom,false,false
1429776846507,2147483647,2147483647,2147483647,2147483647,-113,13,Swisscom,false,false
1429776846507,2147483647,2147483647,2147483647,2147483647,-113,13,Swisscom,false,false
1429776846507,2147483647,2147483647,2147483647,2147483647,-113,13,Swisscom,false,false
1429776846507,2147483647,2147483647,2147483647,2147483647,-113,13,Swisscom,false,false
1429776846507,2147483647,2147483647,2147483647,2147483647,-113,13,Swisscom,false,false
1429776846507,2147483647,2147483647,2147483647,2147483647,-113,13,Swisscom,false,false
1429776846507,2147483647,2147483647,2147483647,2147483647,-113,13,Swisscom,false,false
1429776846507,2147483647,2147483647,2147483647,2147483647,-113,13,Swisscom,false,false
1429776846507,2147483647,2147483647,2147483647,2147483647,-113,13,Swisscom,false,false
1429776846507,2147483647,2147483647,2147483647,2147483647,-113,13,Swisscom,false,false
1429776846507,2147483647,2147483647,2147483647,2147483647,-113,13,Swisscom,false,false
1429776846507,2147483647,2147483647,2147483647,2147483647,-113,13,Swisscom,false,false
1429776846507,2147483647,2147483647,2147483647,2147483647,0,13,Swisscom,false,false
1429776846507,2147483647,2147483647,2147483647,2147483647,0,13,Swisscom,false,false
1429776906587,17432577,2222,1,228,-110,13,Swisscom,true,false
1429776906587,3,2147483647,2147483647,2147483647,-119,13,Swisscom,false,false
1429776906587,2147483647,2147483647,2147483647,2147483647,-113,13,Swisscom,false,false
1429776906587,2147483647,2147483647,2147483647,2147483647,-113,13,Swisscom,false,false
1429776906587,2147483647,2147483647,2147483647,2147483647,-113,13,Swisscom,false,false
1429776906587,2147483647,2147483647,2147483647,2147483647,-113,13,Swisscom,false,false
1429776906587,2147483647,2147483647,2147483647,2147483647,-113,13,Swisscom,false,false
1429776906587,2147483647,2147483647,2147483647,2147483647,-113,13,Swisscom,false,false
1429776906587,2147483647,2147483647,2147483647,2147483647,-113,13,Swisscom,false,false
1429776906587,2147483647,2147483647,2147483647,2147483647,-113,13,Swisscom,false,false
1429776906587,2147483647,2147483647,2147483647,2147483647,-113,13,Swisscom,false,false
1429776906587,2147483647,2147483647,2147483647,2147483647,-113,13,Swisscom,false,false
1429776906587,2147483647,2147483647,2147483647,2147483647,-113,13,Swisscom,false,false
1429776906587,2147483647,2147483647,2147483647,2147483647,-113,13,Swisscom,false,false
1429776906587,2147483647,2147483647,2147483647,2147483647,0,13,Swisscom,false,false
1429776906587,2147483647,2147483647,2147483647,2147483647,0,13,Swisscom,false,false
1429776906587,2147483647,2147483647,2147483647,2147483647,0,13,Swisscom,false,false
1429776967234,17432577,2222,1,228,-110,13,Swisscom,true,false
1429776967234,2147483647,2147483647,2147483647,2147483647,-113,13,Swisscom,false,false
1429776967234,2147483647,2147483647,2147483647,2147483647,-113,13,Swisscom,false,false
1429776967234,2147483647,2147483647,2147483647,2147483647,-113,13,Swisscom,false,false
1429776967234,2147483647,2147483647,2147483647,2147483647,-113,13,Swisscom,false,false
1429776967234,2147483647,2147483647,2147483647,2147483647,-113,13,Swisscom,false,false
1429776967234,2147483647,2147483647,2147483647,2147483647,-113,13,Swisscom,false,false
1429776967234,2147483647,2147483647,2147483647,2147483647,-113,13,Swisscom,false,false
1429776967234,2147483647,2147483647,2147483647,2147483647,-113,13,Swisscom,false,false
1429776967234,2147483647,2147483647,2147483647,2147483647,-113,13,Swisscom,false,false
1429776967234,2147483647,2147483647,2147483647,2147483647,-113,13,Swisscom,false,false
1429776967234,2147483647,2147483647,2147483647,2147483647,-113,13,Swisscom,false,false
1429776967234,2147483647,2147483647,2147483647,2147483647,-113,13,Swisscom,false,false
1429776967234,2147483647,2147483647,2147483647,2147483647,0,13,Swisscom,false,false
1429776967234,2147483647,2147483647,2147483647,2147483647,0,13,Swisscom,false,false
1429777059145,17432577,2222,1,228,-111,13,Swisscom,true,false
1429777059145,2147483647,2147483647,2147483647,2147483647,-113,13,Swisscom,false,false
1429777059145,2147483647,2147483647,2147483647,2147483647,-113,13,Swisscom,false,false
1429777059145,2147483647,2147483647,2147483647,2147483647,-113,13,Swisscom,false,false
1429777059145,2147483647,2147483647,2147483647,2147483647,-113,13,Swisscom,false,false
1429777059145,2147483647,2147483647,2147483647,2147483647,-113,13,Swisscom,false,false
1429777059145,2147483647,2147483647,2147483647,2147483647,-113,13,Swisscom,false,false
1429777059145,2147483647,2147483647,2147483647,2147483647,-113,13,Swisscom,false,false
1429777059145,2147483647,2147483647,2147483647,2147483647,-113,13,Swisscom,false,false
1429777059145,2147483647,2147483647,2147483647,2147483647,-113,13,Swisscom,false,false
1429777059145,2147483647,2147483647,2147483647,2147483647,-113,13,Swisscom,false,false
1429777059145,2147483647,2147483647,2147483647,2147483647,-113,13,Swisscom,false,false
1429777059145,2147483647,2147483647,2147483647,2147483647,-113,13,Swisscom,false,false
1429777059145,2147483647,2147483647,2147483647,2147483647,0,13,Swisscom,false,false
1429777059145,2147483647,2147483647,2147483647,2147483647,0,13,Swisscom,false,false
1429777059145,2147483647,2147483647,2147483647,2147483647,0,13,Swisscom,false,false
1429777135207,17432577,2222,1,228,-111,13,Swisscom,true,false
1429777135207,2147483647,2147483647,2147483647,2147483647,-113,13,Swisscom,false,false
1429777135207,2147483647,2147483647,2147483647,2147483647,-113,13,Swisscom,false,false
1429777135207,2147483647,2147483647,2147483647,2147483647,-113,13,Swisscom,false,false
1429777135207,2147483647,2147483647,2147483647,2147483647,-113,13,Swisscom,false,false
1429777135207,2147483647,2147483647,2147483647,2147483647,-113,13,Swisscom,false,false
1429777135207,2147483647,2147483647,2147483647,2147483647,-113,13,Swisscom,false,false
1429777135207,2147483647,2147483647,2147483647,2147483647,-113,13,Swisscom,false,false
1429777135207,2147483647,2147483647,2147483647,2147483647,-113,13,Swisscom,false,false
1429777135207,2147483647,2147483647,2147483647,2147483647,-113,13,Swisscom,false,false
1429777135207,2147483647,2147483647,2147483647,2147483647,-113,13,Swisscom,false,false
1429777135207,2147483647,2147483647,2147483647,2147483647,-113,13,Swisscom,false,false
1429777135207,2147483647,2147483647,2147483647,2147483647,-113,13,Swisscom,false,false
1429777135207,2147483647,2147483647,2147483647,2147483647,0,13,Swisscom,false,false
1429777135207,2147483647,2147483647,2147483647,2147483647,0,13,Swisscom,false,false
1429777207616,17432577,2222,1,228,-110,13,Swisscom,true,false
1429777207616,3,2147483647,2147483647,2147483647,-119,13,Swisscom,false,false
1429777207616,2147483647,2147483647,2147483647,2147483647,-113,13,Swisscom,false,false
1429777207616,2147483647,2147483647,2147483647,2147483647,-113,13,Swisscom,false,false
1429777207616,2147483647,2147483647,2147483647,2147483647,-113,13,Swisscom,false,false
1429777207616,2147483647,2147483647,2147483647,2147483647,-113,13,Swisscom,false,false
1429777207616,2147483647,2147483647,2147483647,2147483647,-113,13,Swisscom,false,false
1429777207616,2147483647,2147483647,2147483647,2147483647,-113,13,Swisscom,false,false
1429777207616,2147483647,2147483647,2147483647,2147483647,-113,13,Swisscom,false,false
1429777207616,2147483647,2147483647,2147483647,2147483647,-113,13,Swisscom,false,false
1429777207616,2147483647,2147483647,2147483647,2147483647,-113,13,Swisscom,false,false
1429777207616,2147483647,2147483647,2147483647,2147483647,-113,13,Swisscom,false,false
1429777207616,2147483647,2147483647,2147483647,2147483647,-113,13,Swisscom,false,false
1429777207616,2147483647,2147483647,2147483647,2147483647,-113,13,Swisscom,false,false
1429777207616,2147483647,2147483647,2147483647,2147483647,0,13,Swisscom,false,false
1429777207616,2147483647,2147483647,2147483647,2147483647,0,13,Swisscom,false,false
1429777268149,17432577,2222,1,228,-110,13,Swisscom,true,false
1429777268149,2147483647,2147483647,2147483647,2147483647,-113,13,Swisscom,false,false
1429777268149,2147483647,2147483647,2147483647,2147483647,-113,13,Swisscom,false,false
1429777268149,2147483647,2147483647,2147483647,2147483647,-113,13,Swisscom,false,false
1429777268149,2147483647,2147483647,2147483647,2147483647,-113,13,Swisscom,false,false
1429777268149,2147483647,2147483647,2147483647,2147483647,-113,13,Swisscom,false,false
1429777268149,2147483647,2147483647,2147483647,2147483647,-113,13,Swisscom,false,false
1429777268149,2147483647,2147483647,2147483647,2147483647,-113,13,Swisscom,false,false
1429777268149,2147483647,2147483647,2147483647,2147483647,-113,13,Swisscom,false,false
1429777268149,2147483647,2147483647,2147483647,2147483647,-113,13,Swisscom,false,false
1429777268149,2147483647,2147483647,2147483647,2147483647,-113,13,Swisscom,false,false
1429777268149,2147483647,2147483647,2147483647,2147483647,-113,13,Swisscom,false,false
1429777268149,2147483647,2147483647,2147483647,2147483647,-113,13,Swisscom,false,false
1429777268149,2147483647,2147483647,2147483647,2147483647,0,13,Swisscom,false,false
1429777268149,2147483647,2147483647,2147483647,2147483647,0,13,Swisscom,false,false
1429777268149,2147483647,2147483647,2147483647,2147483647,0,13,Swisscom,false,false
1429777328258,17432577,2222,1,228,-110,13,Swisscom,true,false
1429777328258,3,2147483647,2147483647,2147483647,-117,13,Swisscom,false,false
1429777328258,2147483647,2147483647,2147483647,2147483647,-113,13,Swisscom,false,false
1429777328258,2147483647,2147483647,2147483647,2147483647,-113,13,Swisscom,false,false
1429777328258,2147483647,2147483647,2147483647,2147483647,-113,13,Swisscom,false,false
1429777328258,2147483647,2147483647,2147483647,2147483647,-113,13,Swisscom,false,false
1429777328258,2147483647,2147483647,2147483647,2147483647,-113,13,Swisscom,false,false
1429777328258,2147483647,2147483647,2147483647,2147483647,-113,13,Swisscom,false,false
1429777328258,2147483647,2147483647,2147483647,2147483647,-113,13,Swisscom,false,false
1429777328258,2147483647,2147483647,2147483647,2147483647,-113,13,Swisscom,false,false
1429777328258,2147483647,2147483647,2147483647,2147483647,-113,13,Swisscom,false,false
1429777328258,2147483647,2147483647,2147483647,2147483647,-113,13,Swisscom,false,false
1429777328258,2147483647,2147483647,2147483647,2147483647,-113,13,Swisscom,false,false
1429777328258,2147483647,2147483647,2147483647,2147483647,-113,13,Swisscom,false,false
1429777328258,2147483647,2147483647,2147483647,2147483647,0,13,Swisscom,false,false
1429777328258,2147483647,2147483647,2147483647,2147483647,0,13,Swisscom,false,false
1429777388313,17432577,2222,1,228,-110,13,Swisscom,true,false
1429777388313,3,2147483647,2147483647,2147483647,-120,13,Swisscom,false,false
1429777388313,2147483647,2147483647,2147483647,2147483647,-113,13,Swisscom,false,false
1429777388313,2147483647,2147483647,2147483647,2147483647,-113,13,Swisscom,false,false
1429777388313,2147483647,2147483647,2147483647,2147483647,-113,13,Swisscom,false,false
1429777388313,2147483647,2147483647,2147483647,2147483647,-113,13,Swisscom,false,false
1429777388313,2147483647,2147483647,2147483647,2147483647,-113,13,Swisscom,false,false
1429777388313,2147483647,2147483647,2147483647,2147483647,-113,13,Swisscom,false,false
1429777388313,2147483647,2147483647,2147483647,2147483647,-113,13,Swisscom,false,false
1429777388313,2147483647,2147483647,2147483647,2147483647,-113,13,Swisscom,false,false
1429777388313,2147483647,2147483647,2147483647,2147483647,-113,13,Swisscom,false,false
1429777388313,2147483647,2147483647,2147483647,2147483647,-113,13,Swisscom,false,false
1429777388313,2147483647,2147483647,2147483647,2147483647,-113,13,Swisscom,false,false
1429777388313,2147483647,2147483647,2147483647,2147483647,-113,13,Swisscom,false,false
1429777388313,2147483647,2147483647,2147483647,2147483647,0,13,Swisscom,false,false
1429777388313,2147483647,2147483647,2147483647,2147483647,0,13,Swisscom,false,false
1429777449151,17432577,2222,1,228,-110,13,Swisscom,true,false
1429777449151,2147483647,2147483647,2147483647,2147483647,-113,13,Swisscom,false,false
1429777449151,2147483647,2147483647,2147483647,2147483647,-113,13,Swisscom,false,false
1429777449151,2147483647,2147483647,2147483647,2147483647,-113,13,Swisscom,false,false
1429777449151,2147483647,2147483647,2147483647,2147483647,-113,13,Swisscom,false,false
1429777449151,2147483647,2147483647,2147483647,2147483647,-113,13,Swisscom,false,false
1429777449151,2147483647,2147483647,2147483647,2147483647,-113,13,Swisscom,false,false
1429777449151,2147483647,2147483647,2147483647,2147483647,-113,13,Swisscom,false,false
1429777449151,2147483647,2147483647,2147483647,2147483647,-113,13,Swisscom,false,false
1429777449151,2147483647,2147483647,2147483647,2147483647,-113,13,Swisscom,false,false
1429777449151,2147483647,2147483647,2147483647,2147483647,-113,13,Swisscom,false,false
1429777449151,2147483647,2147483647,2147483647,2147483647,-113,13,Swisscom,false,false
1429777449151,2147483647,2147483647,2147483647,2147483647,-113,13,Swisscom,false,false
1429777449151,2147483647,2147483647,2147483647,2147483647,0,13,Swisscom,false,false
1429777449151,2147483647,2147483647,2147483647,2147483647,0,13,Swisscom,false,false
1429777449151,2147483647,2147483647,2147483647,2147483647,0,13,Swisscom,false,false
1429777509254,17432577,2222,1,228,-111,13,Swisscom,true,false
1429777509254,3,2147483647,2147483647,2147483647,-117,13,Swisscom,false,false
1429777509254,2147483647,2147483647,2147483647,2147483647,-113,13,Swisscom,false,false
1429777509254,2147483647,2147483647,2147483647,2147483647,-113,13,Swisscom,false,false
1429777509254,2147483647,2147483647,2147483647,2147483647,-113,13,Swisscom,false,false
1429777509254,2147483647,2147483647,2147483647,2147483647,-113,13,Swisscom,false,false
1429777509254,2147483647,2147483647,2147483647,2147483647,-113,13,Swisscom,false,false
1429777509254,2147483647,2147483647,2147483647,2147483647,-113,13,Swisscom,false,false
1429777509254,2147483647,2147483647,2147483647,2147483647,-113,13,Swisscom,false,false
1429777509254,2147483647,2147483647,2147483647,2147483647,-113,13,Swisscom,false,false
1429777509254,2147483647,2147483647,2147483647,2147483647,-113,13,Swisscom,false,false
1429777509254,2147483647,2147483647,2147483647,2147483647,-113,13,Swisscom,false,false
1429777509254,2147483647,2147483647,2147483647,2147483647,-113,13,Swisscom,false,false
1429777509254,2147483647,2147483647,2147483647,2147483647,-113,13,Swisscom,false,false
1429777509254,2147483647,2147483647,2147483647,2147483647,0,13,Swisscom,false,false
1429777509254,2147483647,2147483647,2147483647,2147483647,0,13,Swisscom,false,false
1429777569329,17432577,2222,1,228,-112,13,Swisscom,true,false
1429777569329,4,2147483647,2147483647,2147483647,-123,13,Swisscom,false,false
1429777569329,3,2147483647,2147483647,2147483647,-123,13,Swisscom,false,false
1429777569329,2147483647,2147483647,2147483647,2147483647,-113,13,Swisscom,false,false
1429777569329,2147483647,2147483647,2147483647,2147483647,-113,13,Swisscom,false,false
1429777569329,2147483647,2147483647,2147483647,2147483647,-113,13,Swisscom,false,false
1429777569329,2147483647,2147483647,2147483647,2147483647,-113,13,Swisscom,false,false
1429777569329,2147483647,2147483647,2147483647,2147483647,-113,13,Swisscom,false,false
1429777569329,2147483647,2147483647,2147483647,2147483647,-113,13,Swisscom,false,false
1429777569329,2147483647,2147483647,2147483647,2147483647,-113,13,Swisscom,false,false
1429777569329,2147483647,2147483647,2147483647,2147483647,-113,13,Swisscom,false,false
1429777569329,2147483647,2147483647,2147483647,2147483647,-113,13,Swisscom,false,false
1429777569329,2147483647,2147483647,2147483647,2147483647,-113,13,Swisscom,false,false
1429777569329,2147483647,2147483647,2147483647,2147483647,-113,13,Swisscom,false,false
1429777569329,2147483647,2147483647,2147483647,2147483647,-113,13,Swisscom,false,false
1429777569329,2147483647,2147483647,2147483647,2147483647,0,13,Swisscom,false,false
1429777569329,2147483647,2147483647,2147483647,2147483647,0,13,Swisscom,false,false
1429777629485,17432577,2222,1,228,-112,13,Swisscom,true,false
1429777629485,3,2147483647,2147483647,2147483647,-120,13,Swisscom,false,false
1429777629485,2147483647,2147483647,2147483647,2147483647,-113,13,Swisscom,false,false
1429777629485,2147483647,2147483647,2147483647,2147483647,-113,13,Swisscom,false,false
1429777629485,2147483647,2147483647,2147483647,2147483647,-113,13,Swisscom,false,false
1429777629485,2147483647,2147483647,2147483647,2147483647,-113,13,Swisscom,false,false
1429777629485,2147483647,2147483647,2147483647,2147483647,-113,13,Swisscom,false,false
1429777629485,2147483647,2147483647,2147483647,2147483647,-113,13,Swisscom,false,false
1429777629485,2147483647,2147483647,2147483647,2147483647,-113,13,Swisscom,false,false
1429777629485,2147483647,2147483647,2147483647,2147483647,-113,13,Swisscom,false,false
1429777629485,2147483647,2147483647,2147483647,2147483647,-113,13,Swisscom,false,false
1429777629485,2147483647,2147483647,2147483647,2147483647,-113,13,Swisscom,false,false
1429777629485,2147483647,2147483647,2147483647,2147483647,-113,13,Swisscom,false,false
1429777629485,2147483647,2147483647,2147483647,2147483647,-113,13,Swisscom,false,false
1429777629485,2147483647,2147483647,2147483647,2147483647,0,13,Swisscom,false,false
1429777629485,2147483647,2147483647,2147483647,2147483647,0,13,Swisscom,false,false
1429777629485,2147483647,2147483647,2147483647,2147483647,0,13,Swisscom,false,false
1429777689522,17432577,2222,1,228,-112,13,Swisscom,true,false
1429777689522,3,2147483647,2147483647,2147483647,-122,13,Swisscom,false,false
1429777689522,2147483647,2147483647,2147483647,2147483647,-113,13,Swisscom,false,false
1429777689522,2147483647,2147483647,2147483647,2147483647,-113,13,Swisscom,false,false
1429777689522,2147483647,2147483647,2147483647,2147483647,-113,13,Swisscom,false,false
1429777689522,2147483647,2147483647,2147483647,2147483647,-113,13,Swisscom,false,false
1429777689522,2147483647,2147483647,2147483647,2147483647,-113,13,Swisscom,false,false
1429777689522,2147483647,2147483647,2147483647,2147483647,-113,13,Swisscom,false,false
1429777689522,2147483647,2147483647,2147483647,2147483647,-113,13,Swisscom,false,false
1429777689522,2147483647,2147483647,2147483647,2147483647,-113,13,Swisscom,false,false
1429777689522,2147483647,2147483647,2147483647,2147483647,-113,13,Swisscom,false,false
1429777689522,2147483647,2147483647,2147483647,2147483647,-113,13,Swisscom,false,false
1429777689522,2147483647,2147483647,2147483647,2147483647,-113,13,Swisscom,false,false
1429777689522,2147483647,2147483647,2147483647,2147483647,-113,13,Swisscom,false,false
1429777689522,2147483647,2147483647,2147483647,2147483647,0,13,Swisscom,false,false
1429777689522,2147483647,2147483647,2147483647,2147483647,0,13,Swisscom,false,false
1429777689522,2147483647,2147483647,2147483647,2147483647,0,13,Swisscom,false,false
1429777779240,17432577,2222,1,228,-111,13,Swisscom,true,false
1429777779240,2147483647,2147483647,2147483647,2147483647,-113,13,Swisscom,false,false
1429777779240,2147483647,2147483647,2147483647,2147483647,-113,13,Swisscom,false,false
1429777779240,2147483647,2147483647,2147483647,2147483647,-113,13,Swisscom,false,false
1429777779240,2147483647,2147483647,2147483647,2147483647,-113,13,Swisscom,false,false
1429777779240,2147483647,2147483647,2147483647,2147483647,-113,13,Swisscom,false,false
1429777779240,2147483647,2147483647,2147483647,2147483647,-113,13,Swisscom,false,false
1429777779240,2147483647,2147483647,2147483647,2147483647,-113,13,Swisscom,false,false
1429777779240,2147483647,2147483647,2147483647,2147483647,-113,13,Swisscom,false,false
1429777779240,2147483647,2147483647,2147483647,2147483647,-113,13,Swisscom,false,false
1429777779240,2147483647,2147483647,2147483647,2147483647,-113,13,Swisscom,false,false
1429777779240,2147483647,2147483647,2147483647,2147483647,-113,13,Swisscom,false,false
1429777779240,2147483647,2147483647,2147483647,2147483647,-113,13,Swisscom,false,false
1429777779240,2147483647,2147483647,2147483647,2147483647,0,13,Swisscom,false,false
1429777779240,2147483647,2147483647,2147483647,2147483647,0,13,Swisscom,false,false
1429777779240,2147483647,2147483647,2147483647,2147483647,0,13,Swisscom,false,false
1429777854700,17432577,2222,1,228,-115,13,Swisscom,true,false
1429777854700,2147483647,2147483647,2147483647,2147483647,-113,13,Swisscom,false,false
1429777854700,2147483647,2147483647,2147483647,2147483647,-113,13,Swisscom,false,false
1429777854700,2147483647,2147483647,2147483647,2147483647,-113,13,Swisscom,false,false
1429777854700,2147483647,2147483647,2147483647,2147483647,-113,13,Swisscom,false,false
1429777854700,2147483647,2147483647,2147483647,2147483647,-113,13,Swisscom,false,false
1429777854700,2147483647,2147483647,2147483647,2147483647,-113,13,Swisscom,false,false
1429777854700,2147483647,2147483647,2147483647,2147483647,-113,13,Swisscom,false,false
1429777854700,2147483647,2147483647,2147483647,2147483647,-113,13,Swisscom,false,false
1429777854700,2147483647,2147483647,2147483647,2147483647,-113,13,Swisscom,false,false
1429777854700,2147483647,2147483647,2147483647,2147483647,-113,13,Swisscom,false,false
1429777854700,2147483647,2147483647,2147483647,2147483647,-113,13,Swisscom,false,false
1429777854700,2147483647,2147483647,2147483647,2147483647,-113,13,Swisscom,false,false
1429777854700,2147483647,2147483647,2147483647,2147483647,0,13,Swisscom,false,false
1429777854700,2147483647,2147483647,2147483647,2147483647,0,13,Swisscom,false,false
1429777854983,17432577,2222,1,228,-115,13,Swisscom,true,false
1429777854983,2147483647,2147483647,2147483647,2147483647,-113,13,Swisscom,false,false
1429777854983,2147483647,2147483647,2147483647,2147483647,-113,13,Swisscom,false,false
1429777854983,2147483647,2147483647,2147483647,2147483647,-113,13,Swisscom,false,false
1429777854983,2147483647,2147483647,2147483647,2147483647,-113,13,Swisscom,false,false
1429777854983,2147483647,2147483647,2147483647,2147483647,-113,13,Swisscom,false,false
1429777854983,2147483647,2147483647,2147483647,2147483647,-113,13,Swisscom,false,false
1429777854983,2147483647,2147483647,2147483647,2147483647,-113,13,Swisscom,false,false
1429777854983,2147483647,2147483647,2147483647,2147483647,-113,13,Swisscom,false,false
1429777854983,2147483647,2147483647,2147483647,2147483647,-113,13,Swisscom,false,false
1429777854983,2147483647,2147483647,2147483647,2147483647,-113,13,Swisscom,false,false
1429777854983,2147483647,2147483647,2147483647,2147483647,-113,13,Swisscom,false,false
1429777854983,2147483647,2147483647,2147483647,2147483647,-113,13,Swisscom,false,false
1429777854983,2147483647,2147483647,2147483647,2147483647,0,13,Swisscom,false,false
1429777854983,2147483647,2147483647,2147483647,2147483647,0,13,Swisscom,false,false
1429777916166,17432577,2222,1,228,-108,13,Swisscom,true,false
1429777916166,3,2147483647,2147483647,2147483647,-115,13,Swisscom,false,false
1429777916166,2147483647,2147483647,2147483647,2147483647,-113,13,Swisscom,false,false
1429777916166,2147483647,2147483647,2147483647,2147483647,-113,13,Swisscom,false,false
1429777916166,2147483647,2147483647,2147483647,2147483647,-113,13,Swisscom,false,false
1429777916166,2147483647,2147483647,2147483647,2147483647,-113,13,Swisscom,false,false
1429777916166,2147483647,2147483647,2147483647,2147483647,-113,13,Swisscom,false,false
1429777916166,2147483647,2147483647,2147483647,2147483647,-113,13,Swisscom,false,false
1429777916166,2147483647,2147483647,2147483647,2147483647,-113,13,Swisscom,false,false
1429777916166,2147483647,2147483647,2147483647,2147483647,-113,13,Swisscom,false,false
1429777916166,2147483647,2147483647,2147483647,2147483647,-113,13,Swisscom,false,false
1429777916166,2147483647,2147483647,2147483647,2147483647,-113,13,Swisscom,false,false
1429777916166,2147483647,2147483647,2147483647,2147483647,-113,13,Swisscom,false,false
1429777916166,2147483647,2147483647,2147483647,2147483647,-113,13,Swisscom,false,false
1429777916166,2147483647,2147483647,2147483647,2147483647,0,13,Swisscom,false,false
1429777916166,2147483647,2147483647,2147483647,2147483647,0,13,Swisscom,false,false
1429777916166,2147483647,2147483647,2147483647,2147483647,0,13,Swisscom,false,false
1429777976173,17432577,2222,1,228,-107,13,Swisscom,true,false
1429777976173,3,2147483647,2147483647,2147483647,-116,13,Swisscom,false,false
1429777976173,56,2147483647,2147483647,2147483647,-122,13,Swisscom,false,false
1429777976173,2147483647,2147483647,2147483647,2147483647,-113,13,Swisscom,false,false
1429777976173,2147483647,2147483647,2147483647,2147483647,-113,13,Swisscom,false,false
1429777976173,2147483647,2147483647,2147483647,2147483647,-113,13,Swisscom,false,false
1429777976173,2147483647,2147483647,2147483647,2147483647,-113,13,Swisscom,false,false
1429777976173,2147483647,2147483647,2147483647,2147483647,-113,13,Swisscom,false,false
1429777976173,2147483647,2147483647,2147483647,2147483647,-113,13,Swisscom,false,false
1429777976173,2147483647,2147483647,2147483647,2147483647,-113,13,Swisscom,false,false
1429777976173,2147483647,2147483647,2147483647,2147483647,-113,13,Swisscom,false,false
1429777976173,2147483647,2147483647,2147483647,2147483647,-113,13,Swisscom,false,false
1429777976173,2147483647,2147483647,2147483647,2147483647,-113,13,Swisscom,false,false
1429777976173,2147483647,2147483647,2147483647,2147483647,-113,13,Swisscom,false,false
1429777976173,2147483647,2147483647,2147483647,2147483647,-113,13,Swisscom,false,false
1429777976173,2147483647,2147483647,2147483647,2147483647,0,13,Swisscom,false,false
1429778036230,17432577,2222,1,228,-107,13,Swisscom,true,false
1429778036230,4,2147483647,2147483647,2147483647,-114,13,Swisscom,false,false
1429778036230,3,2147483647,2147483647,2147483647,-115,13,Swisscom,false,false
1429778036230,2147483647,2147483647,2147483647,2147483647,-113,13,Swisscom,false,false
1429778036230,2147483647,2147483647,2147483647,2147483647,-113,13,Swisscom,false,false
1429778036230,2147483647,2147483647,2147483647,2147483647,-113,13,Swisscom,false,false
1429778036230,2147483647,2147483647,2147483647,2147483647,-113,13,Swisscom,false,false
1429778036230,2147483647,2147483647,2147483647,2147483647,-113,13,Swisscom,false,false
1429778036230,2147483647,2147483647,2147483647,2147483647,-113,13,Swisscom,false,false
1429778036230,2147483647,2147483647,2147483647,2147483647,-113,13,Swisscom,false,false
1429778036230,2147483647,2147483647,2147483647,2147483647,-113,13,Swisscom,false,false
1429778036230,2147483647,2147483647,2147483647,2147483647,-113,13,Swisscom,false,false
1429778036230,2147483647,2147483647,2147483647,2147483647,-113,13,Swisscom,false,false
1429778036230,2147483647,2147483647,2147483647,2147483647,-113,13,Swisscom,false,false
1429778036230,2147483647,2147483647,2147483647,2147483647,-113,13,Swisscom,false,false
1429778036230,2147483647,2147483647,2147483647,2147483647,0,13,Swisscom,false,false
1429778097848,17432577,2222,1,228,-107,13,Swisscom,true,false
1429778097848,3,2147483647,2147483647,2147483647,-116,13,Swisscom,false,false
1429778158165,17432577,2222,1,228,-107,13,Swisscom,true,false
1429778158165,3,2147483647,2147483647,2147483647,-116,13,Swisscom,false,false
1429778158165,2147483647,2147483647,2147483647,2147483647,-113,13,Swisscom,false,false
1429778158165,2147483647,2147483647,2147483647,2147483647,-113,13,Swisscom,false,false
1429778158165,2147483647,2147483647,2147483647,2147483647,-113,13,Swisscom,false,false
1429778158165,2147483647,2147483647,2147483647,2147483647,-113,13,Swisscom,false,false
1429778158165,2147483647,2147483647,2147483647,2147483647,-113,13,Swisscom,false,false
1429778158165,2147483647,2147483647,2147483647,2147483647,-113,13,Swisscom,false,false
1429778158165,2147483647,2147483647,2147483647,2147483647,-113,13,Swisscom,false,false
1429778158165,2147483647,2147483647,2147483647,2147483647,-113,13,Swisscom,false,false
1429778158165,2147483647,2147483647,2147483647,2147483647,-113,13,Swisscom,false,false
1429778158165,2147483647,2147483647,2147483647,2147483647,-113,13,Swisscom,false,false
1429778158165,2147483647,2147483647,2147483647,2147483647,-113,13,Swisscom,false,false
1429778158165,2147483647,2147483647,2147483647,2147483647,-113,13,Swisscom,false,false
1429778158165,2147483647,2147483647,2147483647,2147483647,0,13,Swisscom,false,false
1429778158165,2147483647,2147483647,2147483647,2147483647,0,13,Swisscom,false,false
1429778219195,17432577,2222,1,228,-108,13,Swisscom,true,false
1429778219195,3,2147483647,2147483647,2147483647,-115,13,Swisscom,false,false
1429778219195,2147483647,2147483647,2147483647,2147483647,-113,13,Swisscom,false,false
1429778219195,2147483647,2147483647,2147483647,2147483647,-113,13,Swisscom,false,false
1429778219195,2147483647,2147483647,2147483647,2147483647,-113,13,Swisscom,false,false
1429778219195,2147483647,2147483647,2147483647,2147483647,-113,13,Swisscom,false,false
1429778219195,2147483647,2147483647,2147483647,2147483647,-113,13,Swisscom,false,false
1429778219195,2147483647,2147483647,2147483647,2147483647,-113,13,Swisscom,false,false
1429778219195,2147483647,2147483647,2147483647,2147483647,-113,13,Swisscom,false,false
1429778219195,2147483647,2147483647,2147483647,2147483647,-113,13,Swisscom,false,false
1429778219195,2147483647,2147483647,2147483647,2147483647,-113,13,Swisscom,false,false
1429778219195,2147483647,2147483647,2147483647,2147483647,-113,13,Swisscom,false,false
1429778219195,2147483647,2147483647,2147483647,2147483647,-113,13,Swisscom,false,false
1429778219195,2147483647,2147483647,2147483647,2147483647,-113,13,Swisscom,false,false
1429778219195,2147483647,2147483647,2147483647,2147483647,0,13,Swisscom,false,false
1429778279309,17432577,2222,1,228,-106,13,Swisscom,true,false
1429778279309,4,2147483647,2147483647,2147483647,-114,13,Swisscom,false,false
1429778279309,3,2147483647,2147483647,2147483647,-114,13,Swisscom,false,false
1429778279309,470,2147483647,2147483647,2147483647,-120,13,Swisscom,false,false
1429778279309,2147483647,2147483647,2147483647,2147483647,-113,13,Swisscom,false,false
1429778279309,2147483647,2147483647,2147483647,2147483647,-113,13,Swisscom,false,false
1429778279309,2147483647,2147483647,2147483647,2147483647,-113,13,Swisscom,false,false
1429778279309,2147483647,2147483647,2147483647,2147483647,-113,13,Swisscom,false,false
1429778279309,2147483647,2147483647,2147483647,2147483647,-113,13,Swisscom,false,false
1429778279309,2147483647,2147483647,2147483647,2147483647,-113,13,Swisscom,false,false
1429778279309,2147483647,2147483647,2147483647,2147483647,-113,13,Swisscom,false,false
1429778279309,2147483647,2147483647,2147483647,2147483647,-113,13,Swisscom,false,false
1429778279309,2147483647,2147483647,2147483647,2147483647,-113,13,Swisscom,false,false
1429778279309,2147483647,2147483647,2147483647,2147483647,-113,13,Swisscom,false,false
1429778279309,2147483647,2147483647,2147483647,2147483647,-113,13,Swisscom,false,false
1429778279309,2147483647,2147483647,2147483647,2147483647,-113,13,Swisscom,false,false
1429778279309,2147483647,2147483647,2147483647,2147483647,0,13,Swisscom,false,false
1429778279309,2147483647,2147483647,2147483647,2147483647,0,13,Swisscom,false,false
1429778279309,2147483647,2147483647,2147483647,2147483647,0,13,Swisscom,false,false
1429778339381,17432577,2222,1,228,-108,13,Swisscom,true,false
1429778339381,3,2147483647,2147483647,2147483647,-113,13,Swisscom,false,false
1429778339381,4,2147483647,2147483647,2147483647,-115,13,Swisscom,false,false
1429778339381,287,2147483647,2147483647,2147483647,-131,13,Swisscom,false,false
1429778339381,2147483647,2147483647,2147483647,2147483647,-113,13,Swisscom,false,false
1429778339381,2147483647,2147483647,2147483647,2147483647,-113,13,Swisscom,false,false
1429778339381,2147483647,2147483647,2147483647,2147483647,-113,13,Swisscom,false,false
1429778339381,2147483647,2147483647,2147483647,2147483647,-113,13,Swisscom,false,false
1429778339381,2147483647,2147483647,2147483647,2147483647,-113,13,Swisscom,false,false
1429778339381,2147483647,2147483647,2147483647,2147483647,-113,13,Swisscom,false,false
1429778339381,2147483647,2147483647,2147483647,2147483647,-113,13,Swisscom,false,false
1429778339381,2147483647,2147483647,2147483647,2147483647,-113,13,Swisscom,false,false
1429778339381,2147483647,2147483647,2147483647,2147483647,-113,13,Swisscom,false,false
1429778339381,2147483647,2147483647,2147483647,2147483647,-113,13,Swisscom,false,false
1429778339381,2147483647,2147483647,2147483647,2147483647,-113,13,Swisscom,false,false
1429778339381,2147483647,2147483647,2147483647,2147483647,-113,13,Swisscom,false,false
1429778339381,2147483647,2147483647,2147483647,2147483647,0,13,Swisscom,false,false
1429778339381,2147483647,2147483647,2147483647,2147483647,0,13,Swisscom,false,false
1429778399460,17432577,2222,1,228,-108,13,Swisscom,true,false
1429778399460,4,2147483647,2147483647,2147483647,-114,13,Swisscom,false,false
1429778399460,3,2147483647,2147483647,2147483647,-115,13,Swisscom,false,false
1429778399460,2147483647,2147483647,2147483647,2147483647,-113,13,Swisscom,false,false
1429778399460,2147483647,2147483647,2147483647,2147483647,-113,13,Swisscom,false,false
1429778399460,2147483647,2147483647,2147483647,2147483647,-113,13,Swisscom,false,false
1429778399460,2147483647,2147483647,2147483647,2147483647,-113,13,Swisscom,false,false
1429778399460,2147483647,2147483647,2147483647,2147483647,-113,13,Swisscom,false,false
1429778399460,2147483647,2147483647,2147483647,2147483647,-113,13,Swisscom,false,false
1429778399460,2147483647,2147483647,2147483647,2147483647,-113,13,Swisscom,false,false
1429778399460,2147483647,2147483647,2147483647,2147483647,-113,13,Swisscom,false,false
1429778399460,2147483647,2147483647,2147483647,2147483647,-113,13,Swisscom,false,false
1429778399460,2147483647,2147483647,2147483647,2147483647,-113,13,Swisscom,false,false
1429778399460,2147483647,2147483647,2147483647,2147483647,-113,13,Swisscom,false,false
1429778399460,2147483647,2147483647,2147483647,2147483647,-113,13,Swisscom,false,false
1429778399460,2147483647,2147483647,2147483647,2147483647,0,13,Swisscom,false,false
1429778399460,2147483647,2147483647,2147483647,2147483647,0,13,Swisscom,false,false
1429778494228,17432577,2222,1,228,-107,13,Swisscom,true,false
1429778494228,4,2147483647,2147483647,2147483647,-114,13,Swisscom,false,false
1429778494228,2147483647,2147483647,2147483647,2147483647,-113,13,Swisscom,false,false
1429778494228,2147483647,2147483647,2147483647,2147483647,-113,13,Swisscom,false,false
1429778494228,2147483647,2147483647,2147483647,2147483647,-113,13,Swisscom,false,false
1429778494228,2147483647,2147483647,2147483647,2147483647,-113,13,Swisscom,false,false
1429778494228,2147483647,2147483647,2147483647,2147483647,-113,13,Swisscom,false,false
1429778494228,2147483647,2147483647,2147483647,2147483647,-113,13,Swisscom,false,false
1429778494228,2147483647,2147483647,2147483647,2147483647,-113,13,Swisscom,false,false
1429778494228,2147483647,2147483647,2147483647,2147483647,-113,13,Swisscom,false,false
1429778494228,2147483647,2147483647,2147483647,2147483647,-113,13,Swisscom,false,false
1429778494228,2147483647,2147483647,2147483647,2147483647,-113,13,Swisscom,false,false
1429778494228,2147483647,2147483647,2147483647,2147483647,-113,13,Swisscom,false,false
1429778494228,2147483647,2147483647,2147483647,2147483647,-113,13,Swisscom,false,false
1429778494228,2147483647,2147483647,2147483647,2147483647,0,13,Swisscom,false,false
1429778494228,2147483647,2147483647,2147483647,2147483647,0,13,Swisscom,false,false
1429778554294,17432577,2222,1,228,-106,13,Swisscom,true,false
1429778554294,4,2147483647,2147483647,2147483647,-114,13,Swisscom,false,false
1429778554294,3,2147483647,2147483647,2147483647,-115,13,Swisscom,false,false
1429778633225,17432577,2222,1,228,-107,13,Swisscom,true,false
1429778633225,4,2147483647,2147483647,2147483647,-115,13,Swisscom,false,false
1429778633225,3,2147483647,2147483647,2147483647,-115,13,Swisscom,false,false
1429778633225,2147483647,2147483647,2147483647,2147483647,-113,13,Swisscom,false,false
1429778633225,2147483647,2147483647,2147483647,2147483647,-113,13,Swisscom,false,false
1429778633225,2147483647,2147483647,2147483647,2147483647,-113,13,Swisscom,false,false
1429778633225,2147483647,2147483647,2147483647,2147483647,-113,13,Swisscom,false,false
1429778633225,2147483647,2147483647,2147483647,2147483647,-113,13,Swisscom,false,false
1429778633225,2147483647,2147483647,2147483647,2147483647,-113,13,Swisscom,false,false
1429778633225,2147483647,2147483647,2147483647,2147483647,-113,13,Swisscom,false,false
1429778633225,2147483647,2147483647,2147483647,2147483647,-113,13,Swisscom,false,false
1429778633225,2147483647,2147483647,2147483647,2147483647,-113,13,Swisscom,false,false
1429778633225,2147483647,2147483647,2147483647,2147483647,-113,13,Swisscom,false,false
1429778633225,2147483647,2147483647,2147483647,2147483647,-113,13,Swisscom,false,false
1429778633225,2147483647,2147483647,2147483647,2147483647,-113,13,Swisscom,false,false
1429778710183,17432577,2222,1,228,-107,13,Swisscom,true,false
1429778710183,3,2147483647,2147483647,2147483647,-115,13,Swisscom,false,false
1429778710183,2147483647,2147483647,2147483647,2147483647,-113,13,Swisscom,false,false
1429778710183,2147483647,2147483647,2147483647,2147483647,-113,13,Swisscom,false,false
1429778710183,2147483647,2147483647,2147483647,2147483647,-113,13,Swisscom,false,false
1429778710183,2147483647,2147483647,2147483647,2147483647,-113,13,Swisscom,false,false
1429778710183,2147483647,2147483647,2147483647,2147483647,-113,13,Swisscom,false,false
1429778710183,2147483647,2147483647,2147483647,2147483647,-113,13,Swisscom,false,false
1429778710183,2147483647,2147483647,2147483647,2147483647,-113,13,Swisscom,false,false
1429778710183,2147483647,2147483647,2147483647,2147483647,-113,13,Swisscom,false,false
1429778710183,2147483647,2147483647,2147483647,2147483647,-113,13,Swisscom,false,false
1429778710183,2147483647,2147483647,2147483647,2147483647,-113,13,Swisscom,false,false
1429778710183,2147483647,2147483647,2147483647,2147483647,-113,13,Swisscom,false,false
1429778710183,2147483647,2147483647,2147483647,2147483647,-113,13,Swisscom,false,false
1429778771175,17432577,2222,1,228,-106,13,Swisscom,true,false
1429778771175,3,2147483647,2147483647,2147483647,-115,13,Swisscom,false,false
1429778771175,4,2147483647,2147483647,2147483647,-114,13,Swisscom,false,false
1429778771175,2147483647,2147483647,2147483647,2147483647,-113,13,Swisscom,false,false
1429778771175,2147483647,2147483647,2147483647,2147483647,-113,13,Swisscom,false,false
1429778771175,2147483647,2147483647,2147483647,2147483647,-113,13,Swisscom,false,false
1429778771175,2147483647,2147483647,2147483647,2147483647,-113,13,Swisscom,false,false
1429778771175,2147483647,2147483647,2147483647,2147483647,-113,13,Swisscom,false,false
1429778771175,2147483647,2147483647,2147483647,2147483647,-113,13,Swisscom,false,false
1429778771175,2147483647,2147483647,2147483647,2147483647,-113,13,Swisscom,false,false
1429778771175,2147483647,2147483647,2147483647,2147483647,-113,13,Swisscom,false,false
1429778771175,2147483647,2147483647,2147483647,2147483647,-113,13,Swisscom,false,false
1429778771175,2147483647,2147483647,2147483647,2147483647,-113,13,Swisscom,false,false
1429778771175,2147483647,2147483647,2147483647,2147483647,-113,13,Swisscom,false,false
1429778771175,2147483647,2147483647,2147483647,2147483647,-113,13,Swisscom,false,false
1429778831262,17432577,2222,1,228,-107,13,Swisscom,true,false
1429778831262,4,2147483647,2147483647,2147483647,-114,13,Swisscom,false,false
1429778831262,3,2147483647,2147483647,2147483647,-115,13,Swisscom,false,false
1429778831262,2147483647,2147483647,2147483647,2147483647,-113,13,Swisscom,false,false
1429778831262,2147483647,2147483647,2147483647,2147483647,-113,13,Swisscom,false,false
1429778831262,2147483647,2147483647,2147483647,2147483647,-113,13,Swisscom,false,false
1429778831262,2147483647,2147483647,2147483647,2147483647,-113,13,Swisscom,false,false
1429778831262,2147483647,2147483647,2147483647,2147483647,-113,13,Swisscom,false,false
1429778831262,2147483647,2147483647,2147483647,2147483647,-113,13,Swisscom,false,false
1429778831262,2147483647,2147483647,2147483647,2147483647,-113,13,Swisscom,false,false
1429778831262,2147483647,2147483647,2147483647,2147483647,-113,13,Swisscom,false,false
1429778831262,2147483647,2147483647,2147483647,2147483647,-113,13,Swisscom,false,false
1429778831262,2147483647,2147483647,2147483647,2147483647,-113,13,Swisscom,false,false
1429778831262,2147483647,2147483647,2147483647,2147483647,-113,13,Swisscom,false,false
1429778831262,2147483647,2147483647,2147483647,2147483647,-113,13,Swisscom,false,false
1429778891317,17432577,2222,1,228,-106,13,Swisscom,true,false
1429778891317,4,2147483647,2147483647,2147483647,-114,13,Swisscom,false,false
1429778891317,3,2147483647,2147483647,2147483647,-115,13,Swisscom,false,false
1429778891317,2147483647,2147483647,2147483647,2147483647,-113,13,Swisscom,false,false
1429778891317,2147483647,2147483647,2147483647,2147483647,-113,13,Swisscom,false,false
1429778891317,2147483647,2147483647,2147483647,2147483647,-113,13,Swisscom,false,false
1429778891317,2147483647,2147483647,2147483647,2147483647,-113,13,Swisscom,false,false
1429778891317,2147483647,2147483647,2147483647,2147483647,-113,13,Swisscom,false,false
1429778891317,2147483647,2147483647,2147483647,2147483647,-113,13,Swisscom,false,false
1429778891317,2147483647,2147483647,2147483647,2147483647,-113,13,Swisscom,false,false
1429778891317,2147483647,2147483647,2147483647,2147483647,-113,13,Swisscom,false,false
1429778891317,2147483647,2147483647,2147483647,2147483647,-113,13,Swisscom,false,false
1429778891317,2147483647,2147483647,2147483647,2147483647,-113,13,Swisscom,false,false
1429778891317,2147483647,2147483647,2147483647,2147483647,-113,13,Swisscom,false,false
1429778891317,2147483647,2147483647,2147483647,2147483647,-113,13,Swisscom,false,false
1429778951400,17432577,2222,1,228,-107,13,Swisscom,true,false
1429778951400,4,2147483647,2147483647,2147483647,-114,13,Swisscom,false,false
1429778951400,3,2147483647,2147483647,2147483647,-114,13,Swisscom,false,false
1429778951400,2147483647,2147483647,2147483647,2147483647,-113,13,Swisscom,false,false
1429778951400,2147483647,2147483647,2147483647,2147483647,-113,13,Swisscom,false,false
1429778951400,2147483647,2147483647,2147483647,2147483647,-113,13,Swisscom,false,false
1429778951400,2147483647,2147483647,2147483647,2147483647,-113,13,Swisscom,false,false
1429778951400,2147483647,2147483647,2147483647,2147483647,-113,13,Swisscom,false,false
1429778951400,2147483647,2147483647,2147483647,2147483647,-113,13,Swisscom,false,false
1429778951400,2147483647,2147483647,2147483647,2147483647,-113,13,Swisscom,false,false
1429778951400,2147483647,2147483647,2147483647,2147483647,-113,13,Swisscom,false,false
1429778951400,2147483647,2147483647,2147483647,2147483647,-113,13,Swisscom,false,false
1429778951400,2147483647,2147483647,2147483647,2147483647,-113,13,Swisscom,false,false
1429778951400,2147483647,2147483647,2147483647,2147483647,-113,13,Swisscom,false,false
1429778951400,2147483647,2147483647,2147483647,2147483647,-113,13,Swisscom,false,false
1429779011506,17432577,2222,1,228,-106,13,Swisscom,true,false
1429779011506,4,2147483647,2147483647,2147483647,-113,13,Swisscom,false,false
1429779011506,2147483647,2147483647,2147483647,2147483647,-113,13,Swisscom,false,false
1429779011506,2147483647,2147483647,2147483647,2147483647,-113,13,Swisscom,false,false
1429779011506,2147483647,2147483647,2147483647,2147483647,-113,13,Swisscom,false,false
1429779011506,2147483647,2147483647,2147483647,2147483647,-113,13,Swisscom,false,false
1429779011506,2147483647,2147483647,2147483647,2147483647,-113,13,Swisscom,false,false
1429779011506,2147483647,2147483647,2147483647,2147483647,-113,13,Swisscom,false,false
1429779011506,2147483647,2147483647,2147483647,2147483647,-113,13,Swisscom,false,false
1429779011506,2147483647,2147483647,2147483647,2147483647,-113,13,Swisscom,false,false
1429779011506,2147483647,2147483647,2147483647,2147483647,-113,13,Swisscom,false,false
1429779011506,2147483647,2147483647,2147483647,2147483647,-113,13,Swisscom,false,false
1429779011506,2147483647,2147483647,2147483647,2147483647,-113,13,Swisscom,false,false
1429779011506,2147483647,2147483647,2147483647,2147483647,-113,13,Swisscom,false,false
1429779072217,17432577,2222,1,228,-107,13,Swisscom,true,false
1429779072217,3,2147483647,2147483647,2147483647,-112,13,Swisscom,false,false
1429779072217,4,2147483647,2147483647,2147483647,-112,13,Swisscom,false,false
1429779072217,2147483647,2147483647,2147483647,2147483647,-113,13,Swisscom,false,false
1429779072217,2147483647,2147483647,2147483647,2147483647,-113,13,Swisscom,false,false
1429779072217,2147483647,2147483647,2147483647,2147483647,-113,13,Swisscom,false,false
1429779072217,2147483647,2147483647,2147483647,2147483647,-113,13,Swisscom,false,false
1429779072217,2147483647,2147483647,2147483647,2147483647,-113,13,Swisscom,false,false
1429779072217,2147483647,2147483647,2147483647,2147483647,-113,13,Swisscom,false,false
1429779072217,2147483647,2147483647,2147483647,2147483647,-113,13,Swisscom,false,false
1429779072217,2147483647,2147483647,2147483647,2147483647,-113,13,Swisscom,false,false
1429779072217,2147483647,2147483647,2147483647,2147483647,-113,13,Swisscom,false,false
1429779072217,2147483647,2147483647,2147483647,2147483647,-113,13,Swisscom,false,false
1429779072217,2147483647,2147483647,2147483647,2147483647,-113,13,Swisscom,false,false
1429779072217,2147483647,2147483647,2147483647,2147483647,-113,13,Swisscom,false,false
1429779132274,17432577,2222,1,228,-107,13,Swisscom,true,false
1429779132274,2147483647,2147483647,2147483647,2147483647,-113,13,Swisscom,false,false
1429779132274,2147483647,2147483647,2147483647,2147483647,-113,13,Swisscom,false,false
1429779132274,2147483647,2147483647,2147483647,2147483647,-113,13,Swisscom,false,false
1429779132274,2147483647,2147483647,2147483647,2147483647,-113,13,Swisscom,false,false
1429779132274,2147483647,2147483647,2147483647,2147483647,-113,13,Swisscom,false,false
1429779132274,2147483647,2147483647,2147483647,2147483647,-113,13,Swisscom,false,false
1429779132274,2147483647,2147483647,2147483647,2147483647,-113,13,Swisscom,false,false
1429779132274,2147483647,2147483647,2147483647,2147483647,-113,13,Swisscom,false,false
1429779132274,2147483647,2147483647,2147483647,2147483647,-113,13,Swisscom,false,false
1429779132274,2147483647,2147483647,2147483647,2147483647,-113,13,Swisscom,false,false
1429779132274,2147483647,2147483647,2147483647,2147483647,-113,13,Swisscom,false,false
1429779132274,2147483647,2147483647,2147483647,2147483647,-113,13,Swisscom,false,false
1429779219313,17432577,2222,1,228,-107,13,Swisscom,true,false
1429779219313,4,2147483647,2147483647,2147483647,-115,13,Swisscom,false,false
1429779219313,3,2147483647,2147483647,2147483647,-115,13,Swisscom,false,false
1429779219313,2147483647,2147483647,2147483647,2147483647,-113,13,Swisscom,false,false
1429779219313,2147483647,2147483647,2147483647,2147483647,-113,13,Swisscom,false,false
1429779219313,2147483647,2147483647,2147483647,2147483647,-113,13,Swisscom,false,false
1429779219313,2147483647,2147483647,2147483647,2147483647,-113,13,Swisscom,false,false
1429779219313,2147483647,2147483647,2147483647,2147483647,-113,13,Swisscom,false,false
1429779219313,2147483647,2147483647,2147483647,2147483647,-113,13,Swisscom,false,false
1429779219313,2147483647,2147483647,2147483647,2147483647,-113,13,Swisscom,false,false
1429779219313,2147483647,2147483647,2147483647,2147483647,-113,13,Swisscom,false,false
1429779219313,2147483647,2147483647,2147483647,2147483647,-113,13,Swisscom,false,false
1429779219313,2147483647,2147483647,2147483647,2147483647,-113,13,Swisscom,false,false
1429779219313,2147483647,2147483647,2147483647,2147483647,-113,13,Swisscom,false,false
1429779219313,2147483647,2147483647,2147483647,2147483647,-113,13,Swisscom,false,false
1429779310208,17432577,2222,1,228,-106,13,Swisscom,true,false
1429779310208,4,2147483647,2147483647,2147483647,-113,13,Swisscom,false,false
1429779310208,2147483647,2147483647,2147483647,2147483647,-113,13,Swisscom,false,false
1429779310208,2147483647,2147483647,2147483647,2147483647,-113,13,Swisscom,false,false
1429779310208,2147483647,2147483647,2147483647,2147483647,-113,13,Swisscom,false,false
1429779310208,2147483647,2147483647,2147483647,2147483647,-113,13,Swisscom,false,false
1429779310208,2147483647,2147483647,2147483647,2147483647,-113,13,Swisscom,false,false
1429779310208,2147483647,2147483647,2147483647,2147483647,-113,13,Swisscom,false,false
1429779310208,2147483647,2147483647,2147483647,2147483647,-113,13,Swisscom,false,false
1429779310208,2147483647,2147483647,2147483647,2147483647,-113,13,Swisscom,false,false
1429779310208,2147483647,2147483647,2147483647,2147483647,-113,13,Swisscom,false,false
1429779310208,2147483647,2147483647,2147483647,2147483647,-113,13,Swisscom,false,false
1429779310208,2147483647,2147483647,2147483647,2147483647,-113,13,Swisscom,false,false
1429779310208,2147483647,2147483647,2147483647,2147483647,-113,13,Swisscom,false,false
1429779370276,17432577,2222,1,228,-107,13,Swisscom,true,false
1429779370276,4,2147483647,2147483647,2147483647,-114,13,Swisscom,false,false
1429779370276,3,2147483647,2147483647,2147483647,-114,13,Swisscom,false,false
1429779370276,2147483647,2147483647,2147483647,2147483647,-113,13,Swisscom,false,false
1429779370276,2147483647,2147483647,2147483647,2147483647,-113,13,Swisscom,false,false
1429779370276,2147483647,2147483647,2147483647,2147483647,-113,13,Swisscom,false,false
1429779370276,2147483647,2147483647,2147483647,2147483647,-113,13,Swisscom,false,false
1429779370276,2147483647,2147483647,2147483647,2147483647,-113,13,Swisscom,false,false
1429779370276,2147483647,2147483647,2147483647,2147483647,-113,13,Swisscom,false,false
1429779370276,2147483647,2147483647,2147483647,2147483647,-113,13,Swisscom,false,false
1429779370276,2147483647,2147483647,2147483647,2147483647,-113,13,Swisscom,false,false
1429779370276,2147483647,2147483647,2147483647,2147483647,-113,13,Swisscom,false,false
1429779370276,2147483647,2147483647,2147483647,2147483647,-113,13,Swisscom,false,false
1429779370276,2147483647,2147483647,2147483647,2147483647,-113,13,Swisscom,false,false
1429779370276,2147483647,2147483647,2147483647,2147483647,-113,13,Swisscom,false,false
1429779430318,17432577,2222,1,228,-106,13,Swisscom,true,false
1429779430318,3,2147483647,2147483647,2147483647,-115,13,Swisscom,false,false
1429779430318,4,2147483647,2147483647,2147483647,-114,13,Swisscom,false,false
1429779430318,2147483647,2147483647,2147483647,2147483647,-113,13,Swisscom,false,false
1429779430318,2147483647,2147483647,2147483647,2147483647,-113,13,Swisscom,false,false
1429779430318,2147483647,2147483647,2147483647,2147483647,-113,13,Swisscom,false,false
1429779430318,2147483647,2147483647,2147483647,2147483647,-113,13,Swisscom,false,false
1429779430318,2147483647,2147483647,2147483647,2147483647,-113,13,Swisscom,false,false
1429779430318,2147483647,2147483647,2147483647,2147483647,-113,13,Swisscom,false,false
1429779430318,2147483647,2147483647,2147483647,2147483647,-113,13,Swisscom,false,false
1429779430318,2147483647,2147483647,2147483647,2147483647,-113,13,Swisscom,false,false
1429779430318,2147483647,2147483647,2147483647,2147483647,-113,13,Swisscom,false,false
1429779430318,2147483647,2147483647,2147483647,2147483647,-113,13,Swisscom,false,false
1429779430318,2147483647,2147483647,2147483647,2147483647,-113,13,Swisscom,false,false
1429779430318,2147483647,2147483647,2147483647,2147483647,-113,13,Swisscom,false,false
1429779491153,17432577,2222,1,228,-106,13,Swisscom,true,false
1429779491153,3,2147483647,2147483647,2147483647,-114,13,Swisscom,false,false
1429779491153,2147483647,2147483647,2147483647,2147483647,-113,13,Swisscom,false,false
1429779491153,2147483647,2147483647,2147483647,2147483647,-113,13,Swisscom,false,false
1429779491153,2147483647,2147483647,2147483647,2147483647,-113,13,Swisscom,false,false
1429779491153,2147483647,2147483647,2147483647,2147483647,-113,13,Swisscom,false,false
1429779491153,2147483647,2147483647,2147483647,2147483647,-113,13,Swisscom,false,false
1429779491153,2147483647,2147483647,2147483647,2147483647,-113,13,Swisscom,false,false
1429779491153,2147483647,2147483647,2147483647,2147483647,-113,13,Swisscom,false,false
1429779491153,2147483647,2147483647,2147483647,2147483647,-113,13,Swisscom,false,false
1429779491153,2147483647,2147483647,2147483647,2147483647,-113,13,Swisscom,false,false
1429779491153,2147483647,2147483647,2147483647,2147483647,-113,13,Swisscom,false,false
1429779491153,2147483647,2147483647,2147483647,2147483647,-113,13,Swisscom,false,false
1429779491153,2147483647,2147483647,2147483647,2147483647,-113,13,Swisscom,false,false
1429779551398,17432577,2222,1,228,-123,13,Swisscom,true,false
1429779551398,4,2147483647,2147483647,2147483647,-126,13,Swisscom,false,false
1429779551398,3,2147483647,2147483647,2147483647,-127,13,Swisscom,false,false
1429779551398,2147483647,2147483647,2147483647,2147483647,-113,13,Swisscom,false,false
1429779551398,2147483647,2147483647,2147483647,2147483647,-113,13,Swisscom,false,false
1429779551398,2147483647,2147483647,2147483647,2147483647,-113,13,Swisscom,false,false
1429779551398,2147483647,2147483647,2147483647,2147483647,-113,13,Swisscom,false,false
1429779551398,2147483647,2147483647,2147483647,2147483647,-113,13,Swisscom,false,false
1429779551398,2147483647,2147483647,2147483647,2147483647,-113,13,Swisscom,false,false
1429779551398,2147483647,2147483647,2147483647,2147483647,-113,13,Swisscom,false,false
1429779551398,2147483647,2147483647,2147483647,2147483647,-113,13,Swisscom,false,false
1429779551398,2147483647,2147483647,2147483647,2147483647,-113,13,Swisscom,false,false
1429779551398,2147483647,2147483647,2147483647,2147483647,-113,13,Swisscom,false,false
1429779551398,2147483647,2147483647,2147483647,2147483647,-113,13,Swisscom,false,false
1429779551398,2147483647,2147483647,2147483647,2147483647,-113,13,Swisscom,false,false
1429779551398,2147483647,2147483647,2147483647,2147483647,0,13,Swisscom,false,false
1429779610485,8088769,2222,1,228,0,3,Swisscom,true,false
1429779610485,2147483647,2147483647,2147483647,2147483647,0,3,Swisscom,false,false
1429779610485,2147483647,2147483647,2147483647,2147483647,0,3,Swisscom,false,false
1429779610485,2147483647,2147483647,2147483647,2147483647,0,3,Swisscom,false,false
1429779671192,8088769,2222,1,228,0,3,Swisscom,true,false
1429779671192,2147483647,2147483647,2147483647,2147483647,0,3,Swisscom,false,false
1429779671192,2147483647,2147483647,2147483647,2147483647,0,3,Swisscom,false,false
1429779671192,2147483647,2147483647,2147483647,2147483647,0,3,Swisscom,false,false
1429779671192,2147483647,2147483647,2147483647,2147483647,0,3,Swisscom,false,false
1429779732204,17432577,2222,1,228,-106,13,Swisscom,true,false
1429779732204,3,2147483647,2147483647,2147483647,-113,13,Swisscom,false,false
1429779732204,2147483647,2147483647,2147483647,2147483647,-113,13,Swisscom,false,false
1429779732204,2147483647,2147483647,2147483647,2147483647,-113,13,Swisscom,false,false
1429779732204,2147483647,2147483647,2147483647,2147483647,-113,13,Swisscom,false,false
1429779732204,2147483647,2147483647,2147483647,2147483647,-113,13,Swisscom,false,false
1429779732204,2147483647,2147483647,2147483647,2147483647,-113,13,Swisscom,false,false
1429779732204,2147483647,2147483647,2147483647,2147483647,-113,13,Swisscom,false,false
1429779732204,2147483647,2147483647,2147483647,2147483647,-113,13,Swisscom,false,false
1429779732204,2147483647,2147483647,2147483647,2147483647,-113,13,Swisscom,false,false
1429779732204,2147483647,2147483647,2147483647,2147483647,-113,13,Swisscom,false,false
1429779732204,2147483647,2147483647,2147483647,2147483647,-113,13,Swisscom,false,false
1429779732204,2147483647,2147483647,2147483647,2147483647,-113,13,Swisscom,false,false
1429779732204,2147483647,2147483647,2147483647,2147483647,-113,13,Swisscom,false,false
1429779732204,2147483647,2147483647,2147483647,2147483647,0,13,Swisscom,false,false
1429779792268,17432577,2222,1,228,-109,13,Swisscom,true,false
1429779792268,3,2147483647,2147483647,2147483647,-119,13,Swisscom,false,false
1429779792268,293,2147483647,2147483647,2147483647,-119,13,Swisscom,false,false
1429779792268,417,2147483647,2147483647,2147483647,-117,13,Swisscom,false,false
1429779792268,2147483647,2147483647,2147483647,2147483647,-113,13,Swisscom,false,false
1429779792268,2147483647,2147483647,2147483647,2147483647,-113,13,Swisscom,false,false
1429779792268,2147483647,2147483647,2147483647,2147483647,-113,13,Swisscom,false,false
1429779792268,2147483647,2147483647,2147483647,2147483647,-113,13,Swisscom,false,false
1429779792268,2147483647,2147483647,2147483647,2147483647,-113,13,Swisscom,false,false
1429779792268,2147483647,2147483647,2147483647,2147483647,-113,13,Swisscom,false,false
1429779792268,2147483647,2147483647,2147483647,2147483647,-113,13,Swisscom,false,false
1429779792268,2147483647,2147483647,2147483647,2147483647,-113,13,Swisscom,false,false
1429779792268,2147483647,2147483647,2147483647,2147483647,-113,13,Swisscom,false,false
1429779792268,2147483647,2147483647,2147483647,2147483647,-113,13,Swisscom,false,false
1429779792268,2147483647,2147483647,2147483647,2147483647,-113,13,Swisscom,false,false
1429779792268,2147483647,2147483647,2147483647,2147483647,-113,13,Swisscom,false,false
1429779792268,2147483647,2147483647,2147483647,2147483647,0,13,Swisscom,false,false
1429779792268,2147483647,2147483647,2147483647,2147483647,0,13,Swisscom,false,false
1429779873199,17432577,2222,1,228,-102,13,Swisscom,true,false
1429779873199,3,2147483647,2147483647,2147483647,-112,13,Swisscom,false,false
1429779873199,4,2147483647,2147483647,2147483647,-116,13,Swisscom,false,false
1429779873199,2147483647,2147483647,2147483647,2147483647,-113,13,Swisscom,false,false
1429779873199,2147483647,2147483647,2147483647,2147483647,-113,13,Swisscom,false,false
1429779873199,2147483647,2147483647,2147483647,2147483647,-113,13,Swisscom,false,false
1429779873199,2147483647,2147483647,2147483647,2147483647,-113,13,Swisscom,false,false
1429779873199,2147483647,2147483647,2147483647,2147483647,-113,13,Swisscom,false,false
1429779873199,2147483647,2147483647,2147483647,2147483647,-113,13,Swisscom,false,false
1429779873199,2147483647,2147483647,2147483647,2147483647,-113,13,Swisscom,false,false
1429779873199,2147483647,2147483647,2147483647,2147483647,-113,13,Swisscom,false,false
1429779873199,2147483647,2147483647,2147483647,2147483647,-113,13,Swisscom,false,false
1429779873199,2147483647,2147483647,2147483647,2147483647,-113,13,Swisscom,false,false
1429779873199,2147483647,2147483647,2147483647,2147483647,-113,13,Swisscom,false,false
1429779873199,2147483647,2147483647,2147483647,2147483647,-113,13,Swisscom,false,false
1429779933341,17432577,2222,1,228,-104,13,Swisscom,true,false
1429779933341,3,2147483647,2147483647,2147483647,-110,13,Swisscom,false,false
1429779933341,4,2147483647,2147483647,2147483647,-113,13,Swisscom,false,false
1429779933341,2147483647,2147483647,2147483647,2147483647,-113,13,Swisscom,false,false
1429779933341,2147483647,2147483647,2147483647,2147483647,-113,13,Swisscom,false,false
1429779933341,2147483647,2147483647,2147483647,2147483647,-113,13,Swisscom,false,false
1429779933341,2147483647,2147483647,2147483647,2147483647,-113,13,Swisscom,false,false
1429779933341,2147483647,2147483647,2147483647,2147483647,-113,13,Swisscom,false,false
1429779933341,2147483647,2147483647,2147483647,2147483647,-113,13,Swisscom,false,false
1429779933341,2147483647,2147483647,2147483647,2147483647,-113,13,Swisscom,false,false
1429779933341,2147483647,2147483647,2147483647,2147483647,-113,13,Swisscom,false,false
1429779933341,2147483647,2147483647,2147483647,2147483647,-113,13,Swisscom,false,false
1429779933341,2147483647,2147483647,2147483647,2147483647,-113,13,Swisscom,false,false
1429779933341,2147483647,2147483647,2147483647,2147483647,-113,13,Swisscom,false,false
1429779933341,2147483647,2147483647,2147483647,2147483647,-113,13,Swisscom,false,false
1429779995254,17432577,2222,1,228,-94,13,Swisscom,true,false
1429779995254,56,2147483647,2147483647,2147483647,-105,13,Swisscom,false,false
1429779995254,3,2147483647,2147483647,2147483647,-111,13,Swisscom,false,false
1429779995254,2147483647,2147483647,2147483647,2147483647,-113,13,Swisscom,false,false
1429779995254,2147483647,2147483647,2147483647,2147483647,-113,13,Swisscom,false,false
1429779995254,2147483647,2147483647,2147483647,2147483647,-113,13,Swisscom,false,false
1429779995254,2147483647,2147483647,2147483647,2147483647,-113,13,Swisscom,false,false
1429779995254,2147483647,2147483647,2147483647,2147483647,-113,13,Swisscom,false,false
1429779995254,2147483647,2147483647,2147483647,2147483647,-113,13,Swisscom,false,false
1429779995254,2147483647,2147483647,2147483647,2147483647,-113,13,Swisscom,false,false
1429779995254,2147483647,2147483647,2147483647,2147483647,-113,13,Swisscom,false,false
1429779995254,2147483647,2147483647,2147483647,2147483647,-113,13,Swisscom,false,false
1429779995254,2147483647,2147483647,2147483647,2147483647,-113,13,Swisscom,false,false
1429779995254,2147483647,2147483647,2147483647,2147483647,-113,13,Swisscom,false,false
1429779995254,2147483647,2147483647,2147483647,2147483647,-113,13,Swisscom,false,false
1429780055380,17432577,2222,1,228,-96,13,Swisscom,true,false
1429780055380,46,2147483647,2147483647,2147483647,-105,13,Swisscom,false,false
1429780055380,56,2147483647,2147483647,2147483647,-103,13,Swisscom,false,false
1429780055380,54,2147483647,2147483647,2147483647,-105,13,Swisscom,false,false
1429780055380,3,2147483647,2147483647,2147483647,-111,13,Swisscom,false,false
1429780055380,4,2147483647,2147483647,2147483647,-113,13,Swisscom,false,false
1429780055380,2147483647,2147483647,2147483647,2147483647,-113,13,Swisscom,false,false
1429780055380,2147483647,2147483647,2147483647,2147483647,-113,13,Swisscom,false,false
1429780055380,2147483647,2147483647,2147483647,2147483647,-113,13,Swisscom,false,false
1429780055380,2147483647,2147483647,2147483647,2147483647,-113,13,Swisscom,false,false
1429780055380,2147483647,2147483647,2147483647,2147483647,-113,13,Swisscom,false,false
1429780055380,2147483647,2147483647,2147483647,2147483647,-113,13,Swisscom,false,false
1429780055380,2147483647,2147483647,2147483647,2147483647,-113,13,Swisscom,false,false
1429780055380,2147483647,2147483647,2147483647,2147483647,-113,13,Swisscom,false,false
1429780055380,2147483647,2147483647,2147483647,2147483647,-113,13,Swisscom,false,false
1429780055380,2147483647,2147483647,2147483647,2147483647,-113,13,Swisscom,false,false
1429780055380,2147483647,2147483647,2147483647,2147483647,-113,13,Swisscom,false,false
1429780055380,2147483647,2147483647,2147483647,2147483647,-113,13,Swisscom,false,false
1429780116179,17432578,2222,1,228,-93,13,Swisscom,true,false
1429780116179,56,2147483647,2147483647,2147483647,-99,13,Swisscom,false,false
1429780116179,47,2147483647,2147483647,2147483647,-100,13,Swisscom,false,false
1429780116179,3,2147483647,2147483647,2147483647,-98,13,Swisscom,false,false
1429780116179,4,2147483647,2147483647,2147483647,-100,13,Swisscom,false,false
1429780116179,2147483647,2147483647,2147483647,2147483647,-113,13,Swisscom,false,false
1429780116179,2147483647,2147483647,2147483647,2147483647,-113,13,Swisscom,false,false
1429780116179,2147483647,2147483647,2147483647,2147483647,-113,13,Swisscom,false,false
1429780116179,2147483647,2147483647,2147483647,2147483647,-113,13,Swisscom,false,false
1429780116179,2147483647,2147483647,2147483647,2147483647,-113,13,Swisscom,false,false
1429780116179,2147483647,2147483647,2147483647,2147483647,-113,13,Swisscom,false,false
1429780116179,2147483647,2147483647,2147483647,2147483647,-113,13,Swisscom,false,false
1429780116179,2147483647,2147483647,2147483647,2147483647,-113,13,Swisscom,false,false
1429780116179,2147483647,2147483647,2147483647,2147483647,-113,13,Swisscom,false,false
1429780116179,2147483647,2147483647,2147483647,2147483647,-113,13,Swisscom,false,false
1429780116179,2147483647,2147483647,2147483647,2147483647,-113,13,Swisscom,false,false
1429780116179,2147483647,2147483647,2147483647,2147483647,-113,13,Swisscom,false,false
1429780176237,17432578,2222,1,228,-87,13,Swisscom,true,false
1429780176237,3,2147483647,2147483647,2147483647,-91,13,Swisscom,false,false
1429780176237,4,2147483647,2147483647,2147483647,-92,13,Swisscom,false,false
1429780176237,56,2147483647,2147483647,2147483647,-101,13,Swisscom,false,false
1429780176237,2147483647,2147483647,2147483647,2147483647,-113,13,Swisscom,false,false
1429780176237,2147483647,2147483647,2147483647,2147483647,-113,13,Swisscom,false,false
1429780176237,2147483647,2147483647,2147483647,2147483647,-113,13,Swisscom,false,false
1429780176237,2147483647,2147483647,2147483647,2147483647,-113,13,Swisscom,false,false
1429780176237,2147483647,2147483647,2147483647,2147483647,-113,13,Swisscom,false,false
1429780176237,2147483647,2147483647,2147483647,2147483647,-113,13,Swisscom,false,false
1429780176237,2147483647,2147483647,2147483647,2147483647,-113,13,Swisscom,false,false
1429780176237,2147483647,2147483647,2147483647,2147483647,-113,13,Swisscom,false,false
1429780176237,2147483647,2147483647,2147483647,2147483647,-113,13,Swisscom,false,false
1429780176237,2147483647,2147483647,2147483647,2147483647,-113,13,Swisscom,false,false
1429780176237,2147483647,2147483647,2147483647,2147483647,-113,13,Swisscom,false,false
1429780176237,2147483647,2147483647,2147483647,2147483647,-113,13,Swisscom,false,false
1429780237269,17434881,2222,1,228,-103,13,Swisscom,true,false
1429780237269,4,2147483647,2147483647,2147483647,-105,13,Swisscom,false,false
1429780237269,56,2147483647,2147483647,2147483647,-113,13,Swisscom,false,false
1429780237269,46,2147483647,2147483647,2147483647,-107,13,Swisscom,false,false
1429780237269,2147483647,2147483647,2147483647,2147483647,-113,13,Swisscom,false,false
1429780237269,2147483647,2147483647,2147483647,2147483647,-113,13,Swisscom,false,false
1429780237269,2147483647,2147483647,2147483647,2147483647,-113,13,Swisscom,false,false
1429780237269,2147483647,2147483647,2147483647,2147483647,-113,13,Swisscom,false,false
1429780237269,2147483647,2147483647,2147483647,2147483647,-113,13,Swisscom,false,false
1429780237269,2147483647,2147483647,2147483647,2147483647,-113,13,Swisscom,false,false
1429780237269,2147483647,2147483647,2147483647,2147483647,-113,13,Swisscom,false,false
1429780237269,2147483647,2147483647,2147483647,2147483647,-113,13,Swisscom,false,false
1429780237269,2147483647,2147483647,2147483647,2147483647,-113,13,Swisscom,false,false
1429780237269,2147483647,2147483647,2147483647,2147483647,-113,13,Swisscom,false,false
1429780237269,2147483647,2147483647,2147483647,2147483647,-113,13,Swisscom,false,false
1429780237269,2147483647,2147483647,2147483647,2147483647,-113,13,Swisscom,false,false
1429780297202,17434881,2222,1,228,-113,13,Swisscom,true,false
1429780297202,4,2147483647,2147483647,2147483647,-115,13,Swisscom,false,false
1429780297202,46,2147483647,2147483647,2147483647,-118,13,Swisscom,false,false
1429780297202,2147483647,2147483647,2147483647,2147483647,-113,13,Swisscom,false,false
1429780297202,2147483647,2147483647,2147483647,2147483647,-113,13,Swisscom,false,false
1429780297202,2147483647,2147483647,2147483647,2147483647,-113,13,Swisscom,false,false
1429780297202,2147483647,2147483647,2147483647,2147483647,-113,13,Swisscom,false,false
1429780297202,2147483647,2147483647,2147483647,2147483647,-113,13,Swisscom,false,false
1429780297202,2147483647,2147483647,2147483647,2147483647,-113,13,Swisscom,false,false
1429780297202,2147483647,2147483647,2147483647,2147483647,-113,13,Swisscom,false,false
1429780297202,2147483647,2147483647,2147483647,2147483647,-113,13,Swisscom,false,false
1429780297202,2147483647,2147483647,2147483647,2147483647,-113,13,Swisscom,false,false
1429780297202,2147483647,2147483647,2147483647,2147483647,-113,13,Swisscom,false,false
1429780297202,2147483647,2147483647,2147483647,2147483647,-113,13,Swisscom,false,false
1429780297202,2147483647,2147483647,2147483647,2147483647,-113,13,Swisscom,false,false
1429780297202,2147483647,2147483647,2147483647,2147483647,0,13,Swisscom,false,false
1429780297202,2147483647,2147483647,2147483647,2147483647,0,13,Swisscom,false,false
1429780297202,2147483647,2147483647,2147483647,2147483647,0,13,Swisscom,false,false
1429780297202,2147483647,2147483647,2147483647,2147483647,0,13,Swisscom,false,false
1429780297202,2147483647,2147483647,2147483647,2147483647,0,13,Swisscom,false,false
1429780297202,2147483647,2147483647,2147483647,2147483647,0,13,Swisscom,false,false
1429780357563,17434881,2222,1,228,-113,13,Swisscom,true,false
1429780357563,4,2147483647,2147483647,2147483647,-114,13,Swisscom,false,false
1429780357563,46,2147483647,2147483647,2147483647,-115,13,Swisscom,false,false
1429780357563,45,2147483647,2147483647,2147483647,-119,13,Swisscom,false,false
1429780357563,2147483647,2147483647,2147483647,2147483647,-113,13,Swisscom,false,false
1429780357563,2147483647,2147483647,2147483647,2147483647,-113,13,Swisscom,false,false
1429780357563,2147483647,2147483647,2147483647,2147483647,-113,13,Swisscom,false,false
1429780357563,2147483647,2147483647,2147483647,2147483647,-113,13,Swisscom,false,false
1429780357563,2147483647,2147483647,2147483647,2147483647,-113,13,Swisscom,false,false
1429780357563,2147483647,2147483647,2147483647,2147483647,-113,13,Swisscom,false,false
1429780357563,2147483647,2147483647,2147483647,2147483647,-113,13,Swisscom,false,false
1429780357563,2147483647,2147483647,2147483647,2147483647,-113,13,Swisscom,false,false
1429780357563,2147483647,2147483647,2147483647,2147483647,-113,13,Swisscom,false,false
1429780357563,2147483647,2147483647,2147483647,2147483647,-113,13,Swisscom,false,false
1429780357563,2147483647,2147483647,2147483647,2147483647,-113,13,Swisscom,false,false
1429780357563,2147483647,2147483647,2147483647,2147483647,-113,13,Swisscom,false,false
1429780357563,2147483647,2147483647,2147483647,2147483647,0,13,Swisscom,false,false
1429780357563,2147483647,2147483647,2147483647,2147483647,0,13,Swisscom,false,false
1429780357563,2147483647,2147483647,2147483647,2147483647,0,13,Swisscom,false,false
1429780357563,2147483647,2147483647,2147483647,2147483647,0,13,Swisscom,false,false
1429780357563,2147483647,2147483647,2147483647,2147483647,0,13,Swisscom,false,false
1429780357563,2147483647,2147483647,2147483647,2147483647,0,13,Swisscom,false,false
1429780417718,17434882,2222,1,228,-98,13,Swisscom,true,false
1429780417718,3,2147483647,2147483647,2147483647,-105,13,Swisscom,false,false
1429780417718,2147483647,2147483647,2147483647,2147483647,-113,13,Swisscom,false,false
1429780417718,2147483647,2147483647,2147483647,2147483647,-113,13,Swisscom,false,false
1429780417718,2147483647,2147483647,2147483647,2147483647,-113,13,Swisscom,false,false
1429780417718,2147483647,2147483647,2147483647,2147483647,-113,13,Swisscom,false,false
1429780417718,2147483647,2147483647,2147483647,2147483647,-113,13,Swisscom,false,false
1429780417718,2147483647,2147483647,2147483647,2147483647,-113,13,Swisscom,false,false
1429780417718,2147483647,2147483647,2147483647,2147483647,-113,13,Swisscom,false,false
1429780417718,2147483647,2147483647,2147483647,2147483647,-113,13,Swisscom,false,false
1429780417718,2147483647,2147483647,2147483647,2147483647,-113,13,Swisscom,false,false
1429780417718,2147483647,2147483647,2147483647,2147483647,-113,13,Swisscom,false,false
1429780417718,2147483647,2147483647,2147483647,2147483647,-113,13,Swisscom,false,false
1429780417718,2147483647,2147483647,2147483647,2147483647,-113,13,Swisscom,false,false
1429780417718,2147483647,2147483647,2147483647,2147483647,0,13,Swisscom,false,false
1429780417718,2147483647,2147483647,2147483647,2147483647,0,13,Swisscom,false,false
1429780417718,2147483647,2147483647,2147483647,2147483647,0,13,Swisscom,false,false
1429780417718,2147483647,2147483647,2147483647,2147483647,0,13,Swisscom,false,false
1429780417718,2147483647,2147483647,2147483647,2147483647,0,13,Swisscom,false,false
1429780417718,2147483647,2147483647,2147483647,2147483647,0,13,Swisscom,false,false
1429780477624,13602,2222,1,228,-99,2,Swisscom,true,false
1429780477624,8064,2222,1,228,-101,2,Swisscom,false,false
1429780477624,-1,0,0,0,-107,2,Swisscom,false,false
1429780538194,8064,2222,1,228,-91,2,Swisscom,true,false
1429780538194,13601,2222,1,228,-89,2,Swisscom,false,false
1429780598239,8088769,2222,1,228,0,3,Swisscom,true,false
1429780598239,2147483647,2147483647,2147483647,2147483647,0,3,Swisscom,false,false
1429780598239,2147483647,2147483647,2147483647,2147483647,0,3,Swisscom,false,false
1429780598239,2147483647,2147483647,2147483647,2147483647,-113,3,Swisscom,false,false
1429780598239,2147483647,2147483647,2147483647,2147483647,-113,3,Swisscom,false,false
1429780598239,2147483647,2147483647,2147483647,2147483647,-113,3,Swisscom,false,false
1429780657684,13479,4141,1,228,-99,2,Swisscom,true,false
1429780657684,26577,4141,1,228,-101,2,Swisscom,false,false
1429780657684,6519,4141,1,228,-105,2,Swisscom,false,false
1429780721117,17692161,4141,1,228,-113,13,Swisscom,true,false
1429780721117,18,2147483647,2147483647,2147483647,-117,13,Swisscom,false,false
1429780721117,393,2147483647,2147483647,2147483647,-116,13,Swisscom,false,false
1429780721117,2147483647,2147483647,2147483647,2147483647,-113,13,Swisscom,false,false
1429780721117,2147483647,2147483647,2147483647,2147483647,-113,13,Swisscom,false,false
1429780721117,2147483647,2147483647,2147483647,2147483647,-113,13,Swisscom,false,false
1429780721117,2147483647,2147483647,2147483647,2147483647,-113,13,Swisscom,false,false
1429780721117,2147483647,2147483647,2147483647,2147483647,-113,13,Swisscom,false,false
1429780721117,2147483647,2147483647,2147483647,2147483647,-113,13,Swisscom,false,false
1429780721117,2147483647,2147483647,2147483647,2147483647,-113,13,Swisscom,false,false
1429780721117,2147483647,2147483647,2147483647,2147483647,-113,13,Swisscom,false,false
1429780721117,2147483647,2147483647,2147483647,2147483647,-113,13,Swisscom,false,false
1429780721117,2147483647,2147483647,2147483647,2147483647,-113,13,Swisscom,false,false
1429780721117,2147483647,2147483647,2147483647,2147483647,-113,13,Swisscom,false,false
1429780721117,2147483647,2147483647,2147483647,2147483647,-113,13,Swisscom,false,false
1429780721117,2147483647,2147483647,2147483647,2147483647,0,13,Swisscom,false,false
1429780721117,2147483647,2147483647,2147483647,2147483647,0,13,Swisscom,false,false
1429780721117,2147483647,2147483647,2147483647,2147483647,0,13,Swisscom,false,false
1429780721117,2147483647,2147483647,2147483647,2147483647,0,13,Swisscom,false,false
1429780781411,17692161,4141,1,228,-113,13,Swisscom,true,false
1429780781411,18,2147483647,2147483647,2147483647,-115,13,Swisscom,false,false
1429780781411,2147483647,2147483647,2147483647,2147483647,-113,13,Swisscom,false,false
1429780781411,2147483647,2147483647,2147483647,2147483647,-113,13,Swisscom,false,false
1429780781411,2147483647,2147483647,2147483647,2147483647,-113,13,Swisscom,false,false
1429780781411,2147483647,2147483647,2147483647,2147483647,-113,13,Swisscom,false,false
1429780781411,2147483647,2147483647,2147483647,2147483647,-113,13,Swisscom,false,false
1429780781411,2147483647,2147483647,2147483647,2147483647,-113,13,Swisscom,false,false
1429780781411,2147483647,2147483647,2147483647,2147483647,-113,13,Swisscom,false,false
1429780781411,2147483647,2147483647,2147483647,2147483647,-113,13,Swisscom,false,false
1429780781411,2147483647,2147483647,2147483647,2147483647,-113,13,Swisscom,false,false
1429780781411,2147483647,2147483647,2147483647,2147483647,-113,13,Swisscom,false,false
1429780781411,2147483647,2147483647,2147483647,2147483647,-113,13,Swisscom,false,false
1429780781411,2147483647,2147483647,2147483647,2147483647,-113,13,Swisscom,false,false
1429780781411,2147483647,2147483647,2147483647,2147483647,0,13,Swisscom,false,false
1429780781411,2147483647,2147483647,2147483647,2147483647,0,13,Swisscom,false,false
1429780781411,2147483647,2147483647,2147483647,2147483647,0,13,Swisscom,false,false
1429780781411,2147483647,2147483647,2147483647,2147483647,0,13,Swisscom,false,false
1429780781411,2147483647,2147483647,2147483647,2147483647,0,13,Swisscom,false,false
1429780841477,17453825,101,1,228,-122,13,Swisscom,true,false
1429780841477,32,2147483647,2147483647,2147483647,-122,13,Swisscom,false,false
1429780841477,36,2147483647,2147483647,2147483647,-118,13,Swisscom,false,false
1429780841477,388,2147483647,2147483647,2147483647,-119,13,Swisscom,false,false
1429780841477,213,2147483647,2147483647,2147483647,-126,13,Swisscom,false,false
1429780841477,88,2147483647,2147483647,2147483647,-130,13,Swisscom,false,false
1429780841477,2147483647,2147483647,2147483647,2147483647,-113,13,Swisscom,false,false
1429780841477,2147483647,2147483647,2147483647,2147483647,-113,13,Swisscom,false,false
1429780841477,2147483647,2147483647,2147483647,2147483647,-113,13,Swisscom,false,false
1429780841477,2147483647,2147483647,2147483647,2147483647,-113,13,Swisscom,false,false
1429780841477,2147483647,2147483647,2147483647,2147483647,-113,13,Swisscom,false,false
1429780841477,2147483647,2147483647,2147483647,2147483647,-113,13,Swisscom,false,false
1429780841477,2147483647,2147483647,2147483647,2147483647,-113,13,Swisscom,false,false
1429780841477,2147483647,2147483647,2147483647,2147483647,-113,13,Swisscom,false,false
1429780841477,2147483647,2147483647,2147483647,2147483647,-113,13,Swisscom,false,false
1429780841477,2147483647,2147483647,2147483647,2147483647,-113,13,Swisscom,false,false
1429780841477,2147483647,2147483647,2147483647,2147483647,-113,13,Swisscom,false,false
1429780841477,2147483647,2147483647,2147483647,2147483647,-113,13,Swisscom,false,false
1429780841477,2147483647,2147483647,2147483647,2147483647,0,13,Swisscom,false,false
1429780841477,2147483647,2147483647,2147483647,2147483647,0,13,Swisscom,false,false
1429780841477,2147483647,2147483647,2147483647,2147483647,0,13,Swisscom,false,false
1429780841477,2147483647,2147483647,2147483647,2147483647,0,13,Swisscom,false,false
1429780841477,2147483647,2147483647,2147483647,2147483647,0,13,Swisscom,false,false
1429780841477,2147483647,2147483647,2147483647,2147483647,0,13,Swisscom,false,false
1429780841477,2147483647,2147483647,2147483647,2147483647,0,13,Swisscom,false,false
1429780841477,2147483647,2147483647,2147483647,2147483647,0,13,Swisscom,false,false
1429780901748,324,4141,1,228,-95,2,Swisscom,true,false
1429780901748,10596,101,1,228,-93,2,Swisscom,false,false
1429780901748,-1,0,0,0,-97,2,Swisscom,false,false
1429780901748,-1,0,0,0,-97,2,Swisscom,false,false
1429780901748,-1,0,0,0,-99,2,Swisscom,false,false
1429780901748,-1,0,0,0,-101,2,Swisscom,false,false
1429780901748,-1,0,0,0,-99,2,Swisscom,false,false
1429780962194,325,4141,1,228,-111,2,Swisscom,true,false
1429780962194,27794,4141,1,228,-93,2,Swisscom,false,false
1429780962194,325,4141,1,228,-95,2,Swisscom,false,false
1429780962194,-1,0,0,0,-107,2,Swisscom,false,false
1429781022246,17692161,4141,1,228,-112,13,Swisscom,true,false
1429781022246,51,2147483647,2147483647,2147483647,-118,13,Swisscom,false,false
1429781022246,36,2147483647,2147483647,2147483647,-116,13,Swisscom,false,false
1429781022246,2147483647,2147483647,2147483647,2147483647,-113,13,Swisscom,false,false
1429781022246,2147483647,2147483647,2147483647,2147483647,-113,13,Swisscom,false,false
1429781022246,2147483647,2147483647,2147483647,2147483647,-113,13,Swisscom,false,false
1429781022246,2147483647,2147483647,2147483647,2147483647,-113,13,Swisscom,false,false
1429781022246,2147483647,2147483647,2147483647,2147483647,-113,13,Swisscom,false,false
1429781022246,2147483647,2147483647,2147483647,2147483647,-113,13,Swisscom,false,false
1429781022246,2147483647,2147483647,2147483647,2147483647,-113,13,Swisscom,false,false
1429781022246,2147483647,2147483647,2147483647,2147483647,-113,13,Swisscom,false,false
1429781022246,2147483647,2147483647,2147483647,2147483647,-113,13,Swisscom,false,false
1429781022246,2147483647,2147483647,2147483647,2147483647,-113,13,Swisscom,false,false
1429781022246,2147483647,2147483647,2147483647,2147483647,-113,13,Swisscom,false,false
1429781022246,2147483647,2147483647,2147483647,2147483647,-113,13,Swisscom,false,false
1429781022246,2147483647,2147483647,2147483647,2147483647,0,13,Swisscom,false,false
1429781022246,2147483647,2147483647,2147483647,2147483647,0,13,Swisscom,false,false
1429781022246,2147483647,2147483647,2147483647,2147483647,0,13,Swisscom,false,false
1429781022246,2147483647,2147483647,2147483647,2147483647,0,13,Swisscom,false,false
1429781084220,17498627,4141,1,228,-117,13,Swisscom,true,false
1429781084220,393,2147483647,2147483647,2147483647,-116,13,Swisscom,false,false
1429781084220,62,2147483647,2147483647,2147483647,-117,13,Swisscom,false,false
1429781084220,6,2147483647,2147483647,2147483647,-118,13,Swisscom,false,false
1429781084220,88,2147483647,2147483647,2147483647,-129,13,Swisscom,false,false
1429781084220,21,2147483647,2147483647,2147483647,-129,13,Swisscom,false,false
1429781084220,213,2147483647,2147483647,2147483647,-129,13,Swisscom,false,false
1429781084220,2147483647,2147483647,2147483647,2147483647,-113,13,Swisscom,false,false
1429781084220,2147483647,2147483647,2147483647,2147483647,-113,13,Swisscom,false,false
1429781084220,2147483647,2147483647,2147483647,2147483647,-113,13,Swisscom,false,false
1429781084220,2147483647,2147483647,2147483647,2147483647,-113,13,Swisscom,false,false
1429781084220,2147483647,2147483647,2147483647,2147483647,-113,13,Swisscom,false,false
1429781084220,2147483647,2147483647,2147483647,2147483647,-113,13,Swisscom,false,false
1429781084220,2147483647,2147483647,2147483647,2147483647,-113,13,Swisscom,false,false
1429781084220,2147483647,2147483647,2147483647,2147483647,-113,13,Swisscom,false,false
1429781084220,2147483647,2147483647,2147483647,2147483647,-113,13,Swisscom,false,false
1429781084220,2147483647,2147483647,2147483647,2147483647,-113,13,Swisscom,false,false
1429781084220,2147483647,2147483647,2147483647,2147483647,-113,13,Swisscom,false,false
1429781084220,2147483647,2147483647,2147483647,2147483647,-113,13,Swisscom,false,false
1429781084220,2147483647,2147483647,2147483647,2147483647,-113,13,Swisscom,false,false
1429781084220,2147483647,2147483647,2147483647,2147483647,-113,13,Swisscom,false,false
1429781084220,2147483647,2147483647,2147483647,2147483647,-113,13,Swisscom,false,false
1429781084220,2147483647,2147483647,2147483647,2147483647,0,13,Swisscom,false,false
1429781084220,2147483647,2147483647,2147483647,2147483647,0,13,Swisscom,false,false
1429781084220,2147483647,2147483647,2147483647,2147483647,0,13,Swisscom,false,false
1429781145252,17692161,4141,1,228,-121,13,Swisscom,true,false
1429781145252,36,2147483647,2147483647,2147483647,-118,13,Swisscom,false,false
1429781145252,18,2147483647,2147483647,2147483647,-119,13,Swisscom,false,false
1429781145252,2147483647,2147483647,2147483647,2147483647,-113,13,Swisscom,false,false
1429781145252,2147483647,2147483647,2147483647,2147483647,-113,13,Swisscom,false,false
1429781145252,2147483647,2147483647,2147483647,2147483647,-113,13,Swisscom,false,false
1429781145252,2147483647,2147483647,2147483647,2147483647,-113,13,Swisscom,false,false
1429781145252,2147483647,2147483647,2147483647,2147483647,-113,13,Swisscom,false,false
1429781145252,2147483647,2147483647,2147483647,2147483647,-113,13,Swisscom,false,false
1429781145252,2147483647,2147483647,2147483647,2147483647,-113,13,Swisscom,false,false
1429781145252,2147483647,2147483647,2147483647,2147483647,-113,13,Swisscom,false,false
1429781145252,2147483647,2147483647,2147483647,2147483647,-113,13,Swisscom,false,false
1429781145252,2147483647,2147483647,2147483647,2147483647,-113,13,Swisscom,false,false
1429781145252,2147483647,2147483647,2147483647,2147483647,-113,13,Swisscom,false,false
1429781145252,2147483647,2147483647,2147483647,2147483647,-113,13,Swisscom,false,false
1429781145252,2147483647,2147483647,2147483647,2147483647,0,13,Swisscom,false,false
1429781206170,8336,4141,1,228,-91,2,Swisscom,true,false
1429781206170,324,4141,1,228,-107,2,Swisscom,false,false
1429781266451,8336,4141,1,228,-99,2,Swisscom,true,false
1429781266451,324,4141,1,228,-97,2,Swisscom,false,false
1429781266451,8075,101,1,228,-105,2,Swisscom,false,false
1429781266451,8071,101,1,228,-103,2,Swisscom,false,false
1429781266451,27794,4141,1,228,-107,2,Swisscom,false,false
1429781266451,8236,4141,1,228,-107,2,Swisscom,false,false
1429781326692,8336,4141,1,228,-91,2,Swisscom,true,false
1429781326692,-1,0,0,0,-97,2,Swisscom,false,false
1429781326692,325,4141,1,228,-103,2,Swisscom,false,false
1429781326692,27794,4141,1,228,-103,2,Swisscom,false,false
1429781326692,-1,0,0,0,-103,2,Swisscom,false,false
1429781326692,8236,4141,1,228,-103,2,Swisscom,false,false
1429781386879,8336,4141,1,228,-93,2,Swisscom,true,false
1429781386879,-1,0,0,0,-105,2,Swisscom,false,false
1429781386879,8236,4141,1,228,-99,2,Swisscom,false,false
1429781386879,48222,10602,10,208,-103,2,Swisscom,false,false
1429781386879,-1,0,0,0,-103,2,Swisscom,false,false
1429781454465,8336,4141,1,228,-77,2,Swisscom,true,false
1429781454465,8236,4141,1,228,-97,2,Swisscom,false,false
1429781454465,-1,0,0,0,-97,2,Swisscom,false,false
1429781454465,-1,0,0,0,-105,2,Swisscom,false,false
1429781454465,10409,101,1,228,-105,2,Swisscom,false,false
1429781514642,8336,4141,1,228,-71,2,Swisscom,true,false
1429781514642,8236,4141,1,228,-101,2,Swisscom,false,false
1429781514642,16522,4141,1,228,-101,2,Swisscom,false,false
1429781514642,-1,0,0,0,-107,2,Swisscom,false,false
1429781574770,8336,4141,1,228,-85,2,Swisscom,true,false
1429781574770,8236,4141,1,228,-103,2,Swisscom,false,false
1429781574770,16522,4141,1,228,-97,2,Swisscom,false,false
1429781574770,-1,0,0,0,-105,2,Swisscom,false,false
1429781634943,325,4141,1,228,-91,2,Swisscom,true,false
1429781634943,8088,4141,1,228,-99,2,Swisscom,false,false
1429781634943,-1,0,0,0,-99,2,Swisscom,false,false
1429781634943,-1,0,0,0,-97,2,Swisscom,false,false
1429781695169,17692161,4141,1,228,-117,13,Swisscom,true,false
1429781695169,36,2147483647,2147483647,2147483647,-123,13,Swisscom,false,false
1429781695169,18,2147483647,2147483647,2147483647,-122,13,Swisscom,false,false
1429781695169,2147483647,2147483647,2147483647,2147483647,-113,13,Swisscom,false,false
1429781695169,2147483647,2147483647,2147483647,2147483647,-113,13,Swisscom,false,false
1429781695169,2147483647,2147483647,2147483647,2147483647,-113,13,Swisscom,false,false
1429781695169,2147483647,2147483647,2147483647,2147483647,-113,13,Swisscom,false,false
1429781695169,2147483647,2147483647,2147483647,2147483647,-113,13,Swisscom,false,false
1429781695169,2147483647,2147483647,2147483647,2147483647,-113,13,Swisscom,false,false
1429781695169,2147483647,2147483647,2147483647,2147483647,-113,13,Swisscom,false,false
1429781695169,2147483647,2147483647,2147483647,2147483647,-113,13,Swisscom,false,false
1429781695169,2147483647,2147483647,2147483647,2147483647,-113,13,Swisscom,false,false
1429781695169,2147483647,2147483647,2147483647,2147483647,-113,13,Swisscom,false,false
1429781695169,2147483647,2147483647,2147483647,2147483647,-113,13,Swisscom,false,false
1429781695169,2147483647,2147483647,2147483647,2147483647,-113,13,Swisscom,false,false
1429781695169,2147483647,2147483647,2147483647,2147483647,0,13,Swisscom,false,false
1429781695169,2147483647,2147483647,2147483647,2147483647,0,13,Swisscom,false,false
1429781695169,2147483647,2147483647,2147483647,2147483647,0,13,Swisscom,false,false
1429781695169,2147483647,2147483647,2147483647,2147483647,0,13,Swisscom,false,false
1429781755239,17692161,4141,1,228,-117,13,Swisscom,true,false
1429781755239,2147483647,2147483647,2147483647,2147483647,0,13,Swisscom,false,false
1429781755239,2147483647,2147483647,2147483647,2147483647,0,13,Swisscom,false,false
1429781755239,2147483647,2147483647,2147483647,2147483647,0,13,Swisscom,false,false
1429781817527,17692161,4141,1,228,-119,13,Swisscom,true,false
1429781817527,18,2147483647,2147483647,2147483647,-117,13,Swisscom,false,false
1429781817527,2147483647,2147483647,2147483647,2147483647,-113,13,Swisscom,false,false
1429781817527,2147483647,2147483647,2147483647,2147483647,-113,13,Swisscom,false,false
1429781817527,2147483647,2147483647,2147483647,2147483647,-113,13,Swisscom,false,false
1429781817527,2147483647,2147483647,2147483647,2147483647,-113,13,Swisscom,false,false
1429781817527,2147483647,2147483647,2147483647,2147483647,-113,13,Swisscom,false,false
1429781817527,2147483647,2147483647,2147483647,2147483647,-113,13,Swisscom,false,false
1429781817527,2147483647,2147483647,2147483647,2147483647,-113,13,Swisscom,false,false
1429781817527,2147483647,2147483647,2147483647,2147483647,-113,13,Swisscom,false,false
1429781817527,2147483647,2147483647,2147483647,2147483647,-113,13,Swisscom,false,false
1429781817527,2147483647,2147483647,2147483647,2147483647,-113,13,Swisscom,false,false
1429781817527,2147483647,2147483647,2147483647,2147483647,-113,13,Swisscom,false,false
1429781817527,2147483647,2147483647,2147483647,2147483647,-113,13,Swisscom,false,false
1429781940172,325,4141,1,228,-95,2,Swisscom,true,false
1429781940172,-1,0,0,0,-109,2,Swisscom,false,false
1429782008184,17692161,4141,1,228,-107,13,Swisscom,true,false
1429782008184,2147483647,2147483647,2147483647,2147483647,-113,13,Swisscom,false,false
1429782008184,2147483647,2147483647,2147483647,2147483647,-113,13,Swisscom,false,false
1429782008184,2147483647,2147483647,2147483647,2147483647,-113,13,Swisscom,false,false
1429782008184,2147483647,2147483647,2147483647,2147483647,-113,13,Swisscom,false,false
1429782008184,2147483647,2147483647,2147483647,2147483647,-113,13,Swisscom,false,false
1429782008184,2147483647,2147483647,2147483647,2147483647,-113,13,Swisscom,false,false
1429782008184,2147483647,2147483647,2147483647,2147483647,-113,13,Swisscom,false,false
1429782008184,2147483647,2147483647,2147483647,2147483647,-113,13,Swisscom,false,false
1429782008184,2147483647,2147483647,2147483647,2147483647,-113,13,Swisscom,false,false
1429782008184,2147483647,2147483647,2147483647,2147483647,-113,13,Swisscom,false,false
1429782008184,2147483647,2147483647,2147483647,2147483647,-113,13,Swisscom,false,false
1429782008184,2147483647,2147483647,2147483647,2147483647,-113,13,Swisscom,false,false
1429782008184,2147483647,2147483647,2147483647,2147483647,0,13,Swisscom,false,false
1429782008184,2147483647,2147483647,2147483647,2147483647,0,13,Swisscom,false,false
1429782008184,2147483647,2147483647,2147483647,2147483647,0,13,Swisscom,false,false
1429782008184,2147483647,2147483647,2147483647,2147483647,0,13,Swisscom,false,false
1429782008184,2147483647,2147483647,2147483647,2147483647,0,13,Swisscom,false,false
1429782069187,17692161,4141,1,228,-119,13,Swisscom,true,false
1429782069187,2147483647,2147483647,2147483647,2147483647,-113,13,Swisscom,false,false
1429782069187,2147483647,2147483647,2147483647,2147483647,-113,13,Swisscom,false,false
1429782069187,2147483647,2147483647,2147483647,2147483647,-113,13,Swisscom,false,false
1429782069187,2147483647,2147483647,2147483647,2147483647,-113,13,Swisscom,false,false
1429782069187,2147483647,2147483647,2147483647,2147483647,-113,13,Swisscom,false,false
1429782069187,2147483647,2147483647,2147483647,2147483647,-113,13,Swisscom,false,false
1429782069187,2147483647,2147483647,2147483647,2147483647,-113,13,Swisscom,false,false
1429782069187,2147483647,2147483647,2147483647,2147483647,-113,13,Swisscom,false,false
1429782069187,2147483647,2147483647,2147483647,2147483647,-113,13,Swisscom,false,false
1429782069187,2147483647,2147483647,2147483647,2147483647,-113,13,Swisscom,false,false
1429782069187,2147483647,2147483647,2147483647,2147483647,-113,13,Swisscom,false,false
1429782069187,2147483647,2147483647,2147483647,2147483647,-113,13,Swisscom,false,false
1429782195191,8107291,4141,1,228,0,3,Swisscom,true,false
1429782195191,2147483647,2147483647,2147483647,2147483647,0,3,Swisscom,false,false
1429782255258,8107417,4141,1,228,0,3,Swisscom,true,false
1429782255258,2147483647,2147483647,2147483647,2147483647,0,3,Swisscom,false,false
1429782255258,2147483647,2147483647,2147483647,2147483647,0,3,Swisscom,false,false
1429782255258,2147483647,2147483647,2147483647,2147483647,0,3,Swisscom,false,false
1429782317541,17203969,4141,1,228,-89,13,Swisscom,true,false
1429782317541,75,2147483647,2147483647,2147483647,-107,13,Swisscom,false,false
1429782317541,2147483647,2147483647,2147483647,2147483647,-113,13,Swisscom,false,false
1429782317541,2147483647,2147483647,2147483647,2147483647,-113,13,Swisscom,false,false
1429782317541,2147483647,2147483647,2147483647,2147483647,-113,13,Swisscom,false,false
1429782317541,2147483647,2147483647,2147483647,2147483647,-113,13,Swisscom,false,false
1429782317541,2147483647,2147483647,2147483647,2147483647,-113,13,Swisscom,false,false
1429782317541,2147483647,2147483647,2147483647,2147483647,-113,13,Swisscom,false,false
1429782317541,2147483647,2147483647,2147483647,2147483647,-113,13,Swisscom,false,false
1429782317541,2147483647,2147483647,2147483647,2147483647,-113,13,Swisscom,false,false
1429782377573,16894977,4141,1,228,-122,13,Swisscom,true,false
1429782377573,76,2147483647,2147483647,2147483647,-114,13,Swisscom,false,false
1429782377573,460,2147483647,2147483647,2147483647,-120,13,Swisscom,false,false
1429782377573,382,2147483647,2147483647,2147483647,-121,13,Swisscom,false,false
1429782377573,2147483647,2147483647,2147483647,2147483647,-113,13,Swisscom,false,false
1429782377573,2147483647,2147483647,2147483647,2147483647,-113,13,Swisscom,false,false
1429782377573,2147483647,2147483647,2147483647,2147483647,-113,13,Swisscom,false,false
1429782377573,2147483647,2147483647,2147483647,2147483647,-113,13,Swisscom,false,false
1429782377573,2147483647,2147483647,2147483647,2147483647,-113,13,Swisscom,false,false
1429782377573,2147483647,2147483647,2147483647,2147483647,-113,13,Swisscom,false,false
1429782377573,2147483647,2147483647,2147483647,2147483647,-113,13,Swisscom,false,false
1429782377573,2147483647,2147483647,2147483647,2147483647,-113,13,Swisscom,false,false
1429782377573,2147483647,2147483647,2147483647,2147483647,0,13,Swisscom,false,false
1429782377573,2147483647,2147483647,2147483647,2147483647,0,13,Swisscom,false,false
1429782377573,2147483647,2147483647,2147483647,2147483647,0,13,Swisscom,false,false
1429782439824,16894978,4141,1,228,-118,13,Swisscom,true,false
1429782439824,460,2147483647,2147483647,2147483647,-122,13,Swisscom,false,false
1429782439824,458,2147483647,2147483647,2147483647,-108,13,Swisscom,false,false
1429782439824,2147483647,2147483647,2147483647,2147483647,-113,13,Swisscom,false,false
1429782439824,2147483647,2147483647,2147483647,2147483647,-113,13,Swisscom,false,false
1429782439824,2147483647,2147483647,2147483647,2147483647,-113,13,Swisscom,false,false
1429782439824,2147483647,2147483647,2147483647,2147483647,-113,13,Swisscom,false,false
1429782439824,2147483647,2147483647,2147483647,2147483647,-113,13,Swisscom,false,false
1429782439824,2147483647,2147483647,2147483647,2147483647,-113,13,Swisscom,false,false
1429782439824,2147483647,2147483647,2147483647,2147483647,-113,13,Swisscom,false,false
1429782439824,2147483647,2147483647,2147483647,2147483647,-113,13,Swisscom,false,false
1429782439824,2147483647,2147483647,2147483647,2147483647,0,13,Swisscom,false,false
1429782500214,16887299,4141,1,228,-96,13,Swisscom,true,false
1429782500214,493,2147483647,2147483647,2147483647,-102,13,Swisscom,false,false
1429782500214,2147483647,2147483647,2147483647,2147483647,-113,13,Swisscom,false,false
1429782500214,2147483647,2147483647,2147483647,2147483647,-113,13,Swisscom,false,false
1429782500214,2147483647,2147483647,2147483647,2147483647,-113,13,Swisscom,false,false
1429782500214,2147483647,2147483647,2147483647,2147483647,-113,13,Swisscom,false,false
1429782500214,2147483647,2147483647,2147483647,2147483647,-113,13,Swisscom,false,false
1429782500214,2147483647,2147483647,2147483647,2147483647,-113,13,Swisscom,false,false
1429782500214,2147483647,2147483647,2147483647,2147483647,-113,13,Swisscom,false,false
1429782500214,2147483647,2147483647,2147483647,2147483647,-113,13,Swisscom,false,false
1429782500214,2147483647,2147483647,2147483647,2147483647,0,13,Swisscom,false,false
1429782500214,2147483647,2147483647,2147483647,2147483647,0,13,Swisscom,false,false
1429782500214,2147483647,2147483647,2147483647,2147483647,0,13,Swisscom,false,false
1429782560575,16887299,4141,1,228,-83,13,Swisscom,true,false
1429782560575,493,2147483647,2147483647,2147483647,-84,13,Swisscom,false,false
1429782560575,458,2147483647,2147483647,2147483647,-88,13,Swisscom,false,false
1429782560575,2147483647,2147483647,2147483647,2147483647,-113,13,Swisscom,false,false
1429782560575,2147483647,2147483647,2147483647,2147483647,-113,13,Swisscom,false,false
1429782560575,2147483647,2147483647,2147483647,2147483647,-113,13,Swisscom,false,false
1429782560575,2147483647,2147483647,2147483647,2147483647,-113,13,Swisscom,false,false
1429782560575,2147483647,2147483647,2147483647,2147483647,-113,13,Swisscom,false,false
1429782560575,2147483647,2147483647,2147483647,2147483647,-113,13,Swisscom,false,false
1429782560575,2147483647,2147483647,2147483647,2147483647,-113,13,Swisscom,false,false
1429782560575,2147483647,2147483647,2147483647,2147483647,-113,13,Swisscom,false,false
1429782620833,16887299,4141,1,228,-84,13,Swisscom,true,false
1429782620833,493,2147483647,2147483647,2147483647,-87,13,Swisscom,false,false
1429782620833,457,2147483647,2147483647,2147483647,-92,13,Swisscom,false,false
1429782620833,2147483647,2147483647,2147483647,2147483647,-113,13,Swisscom,false,false
1429782620833,2147483647,2147483647,2147483647,2147483647,-113,13,Swisscom,false,false
1429782620833,2147483647,2147483647,2147483647,2147483647,-113,13,Swisscom,false,false
1429782620833,2147483647,2147483647,2147483647,2147483647,-113,13,Swisscom,false,false
1429782620833,2147483647,2147483647,2147483647,2147483647,-113,13,Swisscom,false,false
1429782620833,2147483647,2147483647,2147483647,2147483647,-113,13,Swisscom,false,false
1429782620833,2147483647,2147483647,2147483647,2147483647,-113,13,Swisscom,false,false
1429782620833,2147483647,2147483647,2147483647,2147483647,-113,13,Swisscom,false,false
1429782681251,16887299,4141,1,228,-81,13,Swisscom,true,false
1429782681251,493,2147483647,2147483647,2147483647,-76,13,Swisscom,false,false
1429782681251,2147483647,2147483647,2147483647,2147483647,-113,13,Swisscom,false,false
1429782681251,2147483647,2147483647,2147483647,2147483647,-113,13,Swisscom,false,false
1429782681251,2147483647,2147483647,2147483647,2147483647,-113,13,Swisscom,false,false
1429782681251,2147483647,2147483647,2147483647,2147483647,-113,13,Swisscom,false,false
1429782681251,2147483647,2147483647,2147483647,2147483647,-113,13,Swisscom,false,false
1429782681251,2147483647,2147483647,2147483647,2147483647,-113,13,Swisscom,false,false
1429782681251,2147483647,2147483647,2147483647,2147483647,-113,13,Swisscom,false,false
1429782681251,2147483647,2147483647,2147483647,2147483647,-113,13,Swisscom,false,false
1429782741553,16887299,4141,1,228,-90,13,Swisscom,true,false
1429782741553,493,2147483647,2147483647,2147483647,-97,13,Swisscom,false,false
1429782741553,457,2147483647,2147483647,2147483647,-104,13,Swisscom,false,false
1429782801643,16887297,4141,1,228,-79,13,Swisscom,true,false
1429782801643,492,2147483647,2147483647,2147483647,-80,13,Swisscom,false,false
1429782862283,16887297,4141,1,228,-96,13,Swisscom,true,false
1429782923243,16887297,4141,1,228,-72,13,Swisscom,true,false
1429782923243,494,2147483647,2147483647,2147483647,-78,13,Swisscom,false,false
1429782984222,16887297,4141,1,228,-73,13,Swisscom,true,false
1429782984222,494,2147483647,2147483647,2147483647,-83,13,Swisscom,false,false
1429782984222,492,2147483647,2147483647,2147483647,-84,13,Swisscom,false,false
1429782984222,2147483647,2147483647,2147483647,2147483647,-113,13,Swisscom,false,false
1429782984222,2147483647,2147483647,2147483647,2147483647,-113,13,Swisscom,false,false
1429782984222,2147483647,2147483647,2147483647,2147483647,-113,13,Swisscom,false,false
1429782984222,2147483647,2147483647,2147483647,2147483647,-113,13,Swisscom,false,false
1429782984222,2147483647,2147483647,2147483647,2147483647,-113,13,Swisscom,false,false
1429782984222,2147483647,2147483647,2147483647,2147483647,-113,13,Swisscom,false,false
1429782984222,2147483647,2147483647,2147483647,2147483647,-113,13,Swisscom,false,false
1429782984222,2147483647,2147483647,2147483647,2147483647,-113,13,Swisscom,false,false
1429783044398,16887297,4141,1,228,-74,13,Swisscom,true,false
1429783044398,492,2147483647,2147483647,2147483647,-82,13,Swisscom,false,false
1429783044398,494,2147483647,2147483647,2147483647,-81,13,Swisscom,false,false
1429783044398,2147483647,2147483647,2147483647,2147483647,-113,13,Swisscom,false,false
1429783044398,2147483647,2147483647,2147483647,2147483647,-113,13,Swisscom,false,false
1429783044398,2147483647,2147483647,2147483647,2147483647,-113,13,Swisscom,false,false
1429783044398,2147483647,2147483647,2147483647,2147483647,-113,13,Swisscom,false,false
1429783044398,2147483647,2147483647,2147483647,2147483647,-113,13,Swisscom,false,false
1429783044398,2147483647,2147483647,2147483647,2147483647,-113,13,Swisscom,false,false
1429783044398,2147483647,2147483647,2147483647,2147483647,-113,13,Swisscom,false,false
1429783044398,2147483647,2147483647,2147483647,2147483647,-113,13,Swisscom,false,false
1429783105242,16887297,4141,1,228,-72,13,Swisscom,true,false
1429783105242,2147483647,2147483647,2147483647,2147483647,-113,13,Swisscom,false,false
1429783105242,2147483647,2147483647,2147483647,2147483647,-113,13,Swisscom,false,false
1429783105242,2147483647,2147483647,2147483647,2147483647,-113,13,Swisscom,false,false
1429783105242,2147483647,2147483647,2147483647,2147483647,-113,13,Swisscom,false,false
1429783105242,2147483647,2147483647,2147483647,2147483647,-113,13,Swisscom,false,false
1429783105242,2147483647,2147483647,2147483647,2147483647,-113,13,Swisscom,false,false
1429783105242,2147483647,2147483647,2147483647,2147483647,-113,13,Swisscom,false,false
1429783105242,2147483647,2147483647,2147483647,2147483647,-113,13,Swisscom,false,false
1429783165159,16887297,4141,1,228,-85,13,Swisscom,true,false
1429783165159,494,2147483647,2147483647,2147483647,-84,13,Swisscom,false,false
1429783165159,2147483647,2147483647,2147483647,2147483647,-113,13,Swisscom,false,false
1429783165159,2147483647,2147483647,2147483647,2147483647,-113,13,Swisscom,false,false
1429783165159,2147483647,2147483647,2147483647,2147483647,-113,13,Swisscom,false,false
1429783165159,2147483647,2147483647,2147483647,2147483647,-113,13,Swisscom,false,false
1429783165159,2147483647,2147483647,2147483647,2147483647,-113,13,Swisscom,false,false
1429783165159,2147483647,2147483647,2147483647,2147483647,-113,13,Swisscom,false,false
1429783165159,2147483647,2147483647,2147483647,2147483647,-113,13,Swisscom,false,false
1429783165159,2147483647,2147483647,2147483647,2147483647,-113,13,Swisscom,false,false
1429783225189,16887297,4141,1,228,-95,13,Swisscom,true,false
1429783285187,17473025,4141,1,228,-90,13,Swisscom,true,false
1429783285187,494,2147483647,2147483647,2147483647,-93,13,Swisscom,false,false
1429783285187,452,2147483647,2147483647,2147483647,-100,13,Swisscom,false,false
1429783285187,291,2147483647,2147483647,2147483647,-104,13,Swisscom,false,false
1429783348504,16887555,4141,1,228,-95,13,Swisscom,true,false
1429783348504,369,2147483647,2147483647,2147483647,-92,13,Swisscom,false,false
1429783348504,371,2147483647,2147483647,2147483647,-93,13,Swisscom,false,false
1429783348504,288,2147483647,2147483647,2147483647,-95,13,Swisscom,false,false
1429783348504,31,2147483647,2147483647,2147483647,-107,13,Swisscom,false,false
1429783408835,17657601,4141,1,228,-86,13,Swisscom,true,false
1429783408835,288,2147483647,2147483647,2147483647,-104,13,Swisscom,false,false
1429783408835,492,2147483647,2147483647,2147483647,-101,13,Swisscom,false,false
1429783408835,32,2147483647,2147483647,2147483647,-106,13,Swisscom,false,false
1429783468968,17657602,4141,1,228,-82,13,Swisscom,true,false
1429783529131,17474049,4141,1,228,-97,13,Swisscom,true,false
1429783529131,215,2147483647,2147483647,2147483647,-102,13,Swisscom,false,false
1429783529131,23,2147483647,2147483647,2147483647,-97,13,Swisscom,false,false
1429783529131,21,2147483647,2147483647,2147483647,-103,13,Swisscom,false,false
1429783589317,17474050,4141,1,228,-90,13,Swisscom,true,false
1429783589317,240,2147483647,2147483647,2147483647,-96,13,Swisscom,false,false
1429783589317,23,2147483647,2147483647,2147483647,-101,13,Swisscom,false,false
1429783653340,17602817,4141,1,228,-89,13,Swisscom,true,false
1429783653340,223,2147483647,2147483647,2147483647,-95,13,Swisscom,false,false
1429783653340,88,2147483647,2147483647,2147483647,-94,13,Swisscom,false,false
1429783653340,245,2147483647,2147483647,2147483647,-103,13,Swisscom,false,false
1429783713538,17688066,101,1,228,-86,13,Swisscom,true,false
1429783713538,88,2147483647,2147483647,2147483647,-89,13,Swisscom,false,false
1429783713538,223,2147483647,2147483647,2147483647,-104,13,Swisscom,false,false
1429783713538,224,2147483647,2147483647,2147483647,-104,13,Swisscom,false,false
1429783773661,17623043,101,1,228,-100,13,Swisscom,true,false
1429783773661,192,2147483647,2147483647,2147483647,-95,13,Swisscom,false,false
1429783773661,224,2147483647,2147483647,2147483647,-113,13,Swisscom,false,false
1429783773661,89,2147483647,2147483647,2147483647,-104,13,Swisscom,false,false
1429783773661,244,2147483647,2147483647,2147483647,-109,13,Swisscom,false,false
1429783833931,17023490,101,1,228,-90,13,Swisscom,true,false
1429783894217,17614081,101,1,228,-96,13,Swisscom,true,false
1429783894217,260,2147483647,2147483647,2147483647,-96,13,Swisscom,false,false
1429783894217,259,2147483647,2147483647,2147483647,-100,13,Swisscom,false,false
1429783955546,17410049,101,1,228,-94,13,Swisscom,true,false
1429784015833,17410050,101,1,228,-91,13,Swisscom,true,false
1429784015833,318,2147483647,2147483647,2147483647,-113,13,Swisscom,false,false
1429784075900,17405698,101,1,228,-95,13,Swisscom,true,false
1429784075900,193,2147483647,2147483647,2147483647,-121,13,Swisscom,false,false
1429784075900,80,2147483647,2147483647,2147483647,-117,13,Swisscom,false,false
1429784135885,17405697,101,1,228,-110,13,Swisscom,true,false
1429784135885,200,2147483647,2147483647,2147483647,-127,13,Swisscom,false,false
1429784195923,17015043,101,1,228,-92,13,Swisscom,true,false
1429784195923,330,2147483647,2147483647,2147483647,-110,13,Swisscom,false,false
1429784195923,231,2147483647,2147483647,2147483647,-114,13,Swisscom,false,false
1429784195923,97,2147483647,2147483647,2147483647,-104,13,Swisscom,false,false
1429784195923,2147483647,2147483647,2147483647,2147483647,-113,13,Swisscom,false,false
1429784195923,2147483647,2147483647,2147483647,2147483647,-113,13,Swisscom,false,false
1429784195923,2147483647,2147483647,2147483647,2147483647,-113,13,Swisscom,false,false
1429784195923,2147483647,2147483647,2147483647,2147483647,-113,13,Swisscom,false,false
1429784195923,2147483647,2147483647,2147483647,2147483647,-113,13,Swisscom,false,false
1429784195923,2147483647,2147483647,2147483647,2147483647,-113,13,Swisscom,false,false
1429784195923,2147483647,2147483647,2147483647,2147483647,-113,13,Swisscom,false,false
1429784195923,2147483647,2147483647,2147483647,2147483647,-113,13,Swisscom,false,false
1429784195923,2147483647,2147483647,2147483647,2147483647,-113,13,Swisscom,false,false
1429784195923,2147483647,2147483647,2147483647,2147483647,-113,13,Swisscom,false,false
1429784195923,2147483647,2147483647,2147483647,2147483647,-113,13,Swisscom,false,false
1429784195923,2147483647,2147483647,2147483647,2147483647,-113,13,Swisscom,false,false
1429784255933,17049857,101,1,228,-91,13,Swisscom,true,false
1429784255933,366,2147483647,2147483647,2147483647,-106,13,Swisscom,false,false
1429784255933,14,2147483647,2147483647,2147483647,-104,13,Swisscom,false,false
1429784320207,17050114,101,1,228,-103,13,Swisscom,true,false
1429784320207,12,2147483647,2147483647,2147483647,-108,13,Swisscom,false,false
1429784320207,232,2147483647,2147483647,2147483647,-105,13,Swisscom,false,false
1429784320207,14,2147483647,2147483647,2147483647,-109,13,Swisscom,false,false
1429784320207,2147483647,2147483647,2147483647,2147483647,-113,13,Swisscom,false,false
1429784320207,2147483647,2147483647,2147483647,2147483647,-113,13,Swisscom,false,false
1429784320207,2147483647,2147483647,2147483647,2147483647,-113,13,Swisscom,false,false
1429784320207,2147483647,2147483647,2147483647,2147483647,-113,13,Swisscom,false,false
1429784320207,2147483647,2147483647,2147483647,2147483647,-113,13,Swisscom,false,false
1429784320207,2147483647,2147483647,2147483647,2147483647,-113,13,Swisscom,false,false
1429784320207,2147483647,2147483647,2147483647,2147483647,-113,13,Swisscom,false,false
1429784320207,2147483647,2147483647,2147483647,2147483647,-113,13,Swisscom,false,false
1429784320207,2147483647,2147483647,2147483647,2147483647,-113,13,Swisscom,false,false
1429784320207,2147483647,2147483647,2147483647,2147483647,-113,13,Swisscom,false,false
1429784320207,2147483647,2147483647,2147483647,2147483647,-113,13,Swisscom,false,false
1429784320207,2147483647,2147483647,2147483647,2147483647,-113,13,Swisscom,false,false
1429784320207,2147483647,2147483647,2147483647,2147483647,-113,13,Swisscom,false,false
1429784320207,2147483647,2147483647,2147483647,2147483647,-113,13,Swisscom,false,false
1429784320207,2147483647,2147483647,2147483647,2147483647,-113,13,Swisscom,false,false
1429784382638,17024003,101,1,228,-91,13,Swisscom,true,false
1429784382638,232,2147483647,2147483647,2147483647,-108,13,Swisscom,false,false
1429784382638,2147483647,2147483647,2147483647,2147483647,-113,13,Swisscom,false,false
1429784382638,2147483647,2147483647,2147483647,2147483647,-113,13,Swisscom,false,false
1429784382638,2147483647,2147483647,2147483647,2147483647,-113,13,Swisscom,false,false
1429784382638,2147483647,2147483647,2147483647,2147483647,-113,13,Swisscom,false,false
1429784382638,2147483647,2147483647,2147483647,2147483647,-113,13,Swisscom,false,false
1429784382638,2147483647,2147483647,2147483647,2147483647,-113,13,Swisscom,false,false
1429784382638,2147483647,2147483647,2147483647,2147483647,-113,13,Swisscom,false,false
1429784382638,2147483647,2147483647,2147483647,2147483647,-113,13,Swisscom,false,false
1429784382638,2147483647,2147483647,2147483647,2147483647,-113,13,Swisscom,false,false
1429784382638,2147483647,2147483647,2147483647,2147483647,-113,13,Swisscom,false,false
1429784382638,2147483647,2147483647,2147483647,2147483647,-113,13,Swisscom,false,false
1429784382638,2147483647,2147483647,2147483647,2147483647,-113,13,Swisscom,false,false
1429784382638,2147483647,2147483647,2147483647,2147483647,-113,13,Swisscom,false,false
1429784382638,2147483647,2147483647,2147483647,2147483647,-113,13,Swisscom,false,false
1429784382638,2147483647,2147483647,2147483647,2147483647,-113,13,Swisscom,false,false
1429784443214,17029123,101,1,228,-101,13,Swisscom,true,false
1429784443214,15,2147483647,2147483647,2147483647,-97,13,Swisscom,false,false
1429784443214,202,2147483647,2147483647,2147483647,-96,13,Swisscom,false,false
1429784443214,340,2147483647,2147483647,2147483647,-100,13,Swisscom,false,false
1429784443214,2147483647,2147483647,2147483647,2147483647,-113,13,Swisscom,false,false
1429784443214,2147483647,2147483647,2147483647,2147483647,-113,13,Swisscom,false,false
1429784443214,2147483647,2147483647,2147483647,2147483647,-113,13,Swisscom,false,false
1429784443214,2147483647,2147483647,2147483647,2147483647,-113,13,Swisscom,false,false
1429784443214,2147483647,2147483647,2147483647,2147483647,-113,13,Swisscom,false,false
1429784443214,2147483647,2147483647,2147483647,2147483647,-113,13,Swisscom,false,false
1429784443214,2147483647,2147483647,2147483647,2147483647,-113,13,Swisscom,false,false
1429784443214,2147483647,2147483647,2147483647,2147483647,-113,13,Swisscom,false,false
1429784443214,2147483647,2147483647,2147483647,2147483647,-113,13,Swisscom,false,false
1429784443214,2147483647,2147483647,2147483647,2147483647,-113,13,Swisscom,false,false
1429784443214,2147483647,2147483647,2147483647,2147483647,-113,13,Swisscom,false,false
1429784443214,2147483647,2147483647,2147483647,2147483647,-113,13,Swisscom,false,false
1429784443214,2147483647,2147483647,2147483647,2147483647,-113,13,Swisscom,false,false
1429784443214,2147483647,2147483647,2147483647,2147483647,-113,13,Swisscom,false,false
1429784443214,2147483647,2147483647,2147483647,2147483647,-113,13,Swisscom,false,false
1429784503549,17625858,101,1,228,-106,13,Swisscom,true,false
1429784503549,239,2147483647,2147483647,2147483647,-110,13,Swisscom,false,false
1429784503549,67,2147483647,2147483647,2147483647,-108,13,Swisscom,false,false
1429784563758,17057794,101,1,228,-95,13,Swisscom,true,false
1429784623889,17111297,101,1,228,-98,13,Swisscom,true,false
1429784623889,189,2147483647,2147483647,2147483647,-114,13,Swisscom,false,false
1429784623889,351,2147483647,2147483647,2147483647,-115,13,Swisscom,false,false
1429784623889,98,2147483647,2147483647,2147483647,-117,13,Swisscom,false,false
1429784623889,71,2147483647,2147483647,2147483647,-115,13,Swisscom,false,false
1429784623889,154,2147483647,2147483647,2147483647,-117,13,Swisscom,false,false
1429784684122,17259778,101,1,228,-95,13,Swisscom,true,false
1429784744190,17046017,101,1,228,-97,13,Swisscom,true,false
1429784744190,73,2147483647,2147483647,2147483647,-106,13,Swisscom,false,false
1429784744190,154,2147483647,2147483647,2147483647,-104,13,Swisscom,false,false
1429784744190,277,2147483647,2147483647,2147483647,-103,13,Swisscom,false,false
1429784804439,17046018,101,1,228,-107,13,Swisscom,true,false
1429784804439,334,2147483647,2147483647,2147483647,-93,13,Swisscom,false,false
1429784804439,2147483647,2147483647,2147483647,2147483647,-113,13,Swisscom,false,false
1429784804439,2147483647,2147483647,2147483647,2147483647,-113,13,Swisscom,false,false
1429784804439,2147483647,2147483647,2147483647,2147483647,-113,13,Swisscom,false,false
1429784804439,2147483647,2147483647,2147483647,2147483647,-113,13,Swisscom,false,false
1429784804439,2147483647,2147483647,2147483647,2147483647,-113,13,Swisscom,false,false
1429784804439,2147483647,2147483647,2147483647,2147483647,-113,13,Swisscom,false,false
1429784804439,2147483647,2147483647,2147483647,2147483647,-113,13,Swisscom,false,false
1429784804439,2147483647,2147483647,2147483647,2147483647,-113,13,Swisscom,false,false
1429784804439,2147483647,2147483647,2147483647,2147483647,-113,13,Swisscom,false,false
1429784804439,2147483647,2147483647,2147483647,2147483647,-113,13,Swisscom,false,false
1429784804439,2147483647,2147483647,2147483647,2147483647,-113,13,Swisscom,false,false
1429784804439,2147483647,2147483647,2147483647,2147483647,-113,13,Swisscom,false,false
1429784864670,17112323,101,1,228,-92,13,Swisscom,true,false
1429784864670,158,2147483647,2147483647,2147483647,-101,13,Swisscom,false,false
1429784864670,52,2147483647,2147483647,2147483647,-100,13,Swisscom,false,false
1429784864670,91,2147483647,2147483647,2147483647,-103,13,Swisscom,false,false
1429784864670,277,2147483647,2147483647,2147483647,-105,13,Swisscom,false,false
1429784924837,17057026,101,1,228,-98,13,Swisscom,true,false
1429784924837,95,2147483647,2147483647,2147483647,-107,13,Swisscom,false,false
1429784924837,165,2147483647,2147483647,2147483647,-111,13,Swisscom,false,false
1429784924837,247,2147483647,2147483647,2147483647,-110,13,Swisscom,false,false
1429784924837,82,2147483647,2147483647,2147483647,-97,13,Swisscom,false,false
1429784924837,277,2147483647,2147483647,2147483647,-107,13,Swisscom,false,false
1429784924837,85,2147483647,2147483647,2147483647,-100,13,Swisscom,false,false
1429784984841,17046530,101,1,228,-93,13,Swisscom,true,false
1429784984841,464,2147483647,2147483647,2147483647,-114,13,Swisscom,false,false
1429784984841,273,2147483647,2147483647,2147483647,-118,13,Swisscom,false,false
1429784984841,453,2147483647,2147483647,2147483647,-117,13,Swisscom,false,false
1429785045124,17082113,4242,1,228,-90,13,Swisscom,true,false
1429785105104,17037825,4242,1,228,-89,13,Swisscom,true,false
1429785105104,25,2147483647,2147483647,2147483647,-103,13,Swisscom,false,false
1429785165512,17085699,4242,1,228,-86,13,Swisscom,true,false
1429785165512,43,2147483647,2147483647,2147483647,-99,13,Swisscom,false,false
1429785165512,48,2147483647,2147483647,2147483647,-92,13,Swisscom,false,false
1429785230248,16936961,4242,1,228,-91,13,Swisscom,true,false
1429785230248,108,2147483647,2147483647,2147483647,-93,13,Swisscom,false,false
1429785230248,89,2147483647,2147483647,2147483647,-97,13,Swisscom,false,false
1429785230248,201,2147483647,2147483647,2147483647,-99,13,Swisscom,false,false
1429785292548,17084674,4242,1,228,-100,13,Swisscom,true,false
1429785292548,169,2147483647,2147483647,2147483647,-100,13,Swisscom,false,false
1429785292548,108,2147483647,2147483647,2147483647,-107,13,Swisscom,false,false
1429785292548,127,2147483647,2147483647,2147483647,-112,13,Swisscom,false,false
1429785292548,342,2147483647,2147483647,2147483647,-118,13,Swisscom,false,false
1429785292548,144,2147483647,2147483647,2147483647,-109,13,Swisscom,false,false
1429785352680,17080322,4242,1,228,-88,13,Swisscom,true,false
1429785352680,202,2147483647,2147483647,2147483647,-101,13,Swisscom,false,false
1429785413008,17081602,4242,1,228,-86,13,Swisscom,true,false
1429785413008,179,2147483647,2147483647,2147483647,-118,13,Swisscom,false,false
1429785413008,119,2147483647,2147483647,2147483647,-104,13,Swisscom,false,false
1429785473213,17033474,4242,1,228,-85,13,Swisscom,true,false
1429785533534,17064449,4242,1,228,-102,13,Swisscom,true,false
1429785533534,199,2147483647,2147483647,2147483647,-98,13,Swisscom,false,false
1429785593664,17584385,4242,1,228,-88,13,Swisscom,true,false
1429785593664,141,2147483647,2147483647,2147483647,-112,13,Swisscom,false,false
1429785593664,329,2147483647,2147483647,2147483647,-116,13,Swisscom,false,false
1429785593664,82,2147483647,2147483647,2147483647,-112,13,Swisscom,false,false
1429785653834,17062401,4242,1,228,-84,13,Swisscom,true,false
1429785653834,235,2147483647,2147483647,2147483647,-91,13,Swisscom,false,false
1429785653834,7,2147483647,2147483647,2147483647,-96,13,Swisscom,false,false
1429785715021,17739011,4242,1,228,-85,13,Swisscom,true,false
1429785715021,116,2147483647,2147483647,2147483647,-114,13,Swisscom,false,false
1429785775305,17030401,2727,1,228,-118,13,Swisscom,true,false
1429785775305,344,2147483647,2147483647,2147483647,-101,13,Swisscom,false,false
1429785835358,16864770,2727,1,228,-102,13,Swisscom,true,false
1429785835358,258,2147483647,2147483647,2147483647,-105,13,Swisscom,false,false
1429785895350,17009665,2727,1,228,-97,13,Swisscom,true,false
1429785895350,201,2147483647,2147483647,2147483647,-101,13,Swisscom,false,false
1429785895350,243,2147483647,2147483647,2147483647,-104,13,Swisscom,false,false
1429785895350,259,2147483647,2147483647,2147483647,-106,13,Swisscom,false,false
1429785895350,339,2147483647,2147483647,2147483647,-118,13,Swisscom,false,false
1429785959173,17009667,2727,1,228,-108,13,Swisscom,true,false
1429785959173,258,2147483647,2147483647,2147483647,-106,13,Swisscom,false,false
1429785959173,201,2147483647,2147483647,2147483647,-117,13,Swisscom,false,false
1429785959173,243,2147483647,2147483647,2147483647,-117,13,Swisscom,false,false
1429786019231,17009665,2727,1,228,-97,13,Swisscom,true,false
1429786019231,243,2147483647,2147483647,2147483647,-108,13,Swisscom,false,false
1429786019231,201,2147483647,2147483647,2147483647,-106,13,Swisscom,false,false
1429786079303,17009665,2727,1,228,-121,13,Swisscom,true,false
1429786079303,32,2147483647,2147483647,2147483647,-130,13,Swisscom,false,false
1429786079303,2147483647,2147483647,2147483647,2147483647,0,13,Swisscom,false,false
1429786079303,2147483647,2147483647,2147483647,2147483647,0,13,Swisscom,false,false
1429786079303,2147483647,2147483647,2147483647,2147483647,0,13,Swisscom,false,false
1429786079303,2147483647,2147483647,2147483647,2147483647,0,13,Swisscom,false,false
1429786079303,2147483647,2147483647,2147483647,2147483647,0,13,Swisscom,false,false
1429786079303,2147483647,2147483647,2147483647,2147483647,0,13,Swisscom,false,false
1429786079303,2147483647,2147483647,2147483647,2147483647,0,13,Swisscom,false,false
1429786079303,2147483647,2147483647,2147483647,2147483647,0,13,Swisscom,false,false
1429786079303,2147483647,2147483647,2147483647,2147483647,0,13,Swisscom,false,false
1429786079303,2147483647,2147483647,2147483647,2147483647,0,13,Swisscom,false,false
1429786079303,2147483647,2147483647,2147483647,2147483647,0,13,Swisscom,false,false
1429786079303,2147483647,2147483647,2147483647,2147483647,0,13,Swisscom,false,false
1429786143225,17009665,2727,1,228,-110,13,Swisscom,true,false
1429786143225,32,2147483647,2147483647,2147483647,-119,13,Swisscom,false,false
1429786143225,2147483647,2147483647,2147483647,2147483647,-113,13,Swisscom,false,false
1429786143225,2147483647,2147483647,2147483647,2147483647,-113,13,Swisscom,false,false
1429786143225,2147483647,2147483647,2147483647,2147483647,-113,13,Swisscom,false,false
1429786143225,2147483647,2147483647,2147483647,2147483647,-113,13,Swisscom,false,false
1429786143225,2147483647,2147483647,2147483647,2147483647,-113,13,Swisscom,false,false
1429786143225,2147483647,2147483647,2147483647,2147483647,-113,13,Swisscom,false,false
1429786143225,2147483647,2147483647,2147483647,2147483647,-113,13,Swisscom,false,false
1429786143225,2147483647,2147483647,2147483647,2147483647,-113,13,Swisscom,false,false
1429786143225,2147483647,2147483647,2147483647,2147483647,-113,13,Swisscom,false,false
1429786143225,2147483647,2147483647,2147483647,2147483647,-113,13,Swisscom,false,false
1429786143225,2147483647,2147483647,2147483647,2147483647,-113,13,Swisscom,false,false
1429786143225,2147483647,2147483647,2147483647,2147483647,-113,13,Swisscom,false,false
1429786143225,2147483647,2147483647,2147483647,2147483647,0,13,Swisscom,false,false
1429786143225,2147483647,2147483647,2147483647,2147483647,0,13,Swisscom,false,false
1429786143225,2147483647,2147483647,2147483647,2147483647,0,13,Swisscom,false,false
1429786204222,17009665,2727,1,228,-112,13,Swisscom,true,false
1429786204222,243,2147483647,2147483647,2147483647,-118,13,Swisscom,false,false
1429786204222,32,2147483647,2147483647,2147483647,-116,13,Swisscom,false,false
1429786204222,2147483647,2147483647,2147483647,2147483647,-113,13,Swisscom,false,false
1429786204222,2147483647,2147483647,2147483647,2147483647,-113,13,Swisscom,false,false
1429786204222,2147483647,2147483647,2147483647,2147483647,-113,13,Swisscom,false,false
1429786204222,2147483647,2147483647,2147483647,2147483647,-113,13,Swisscom,false,false
1429786204222,2147483647,2147483647,2147483647,2147483647,-113,13,Swisscom,false,false
1429786204222,2147483647,2147483647,2147483647,2147483647,-113,13,Swisscom,false,false
1429786204222,2147483647,2147483647,2147483647,2147483647,-113,13,Swisscom,false,false
1429786204222,2147483647,2147483647,2147483647,2147483647,-113,13,Swisscom,false,false
1429786204222,2147483647,2147483647,2147483647,2147483647,-113,13,Swisscom,false,false
1429786204222,2147483647,2147483647,2147483647,2147483647,-113,13,Swisscom,false,false
1429786204222,2147483647,2147483647,2147483647,2147483647,-113,13,Swisscom,false,false
1429786204222,2147483647,2147483647,2147483647,2147483647,-113,13,Swisscom,false,false
1429786204222,2147483647,2147483647,2147483647,2147483647,0,13,Swisscom,false,false
1429786204222,2147483647,2147483647,2147483647,2147483647,0,13,Swisscom,false,false
1429786204222,2147483647,2147483647,2147483647,2147483647,0,13,Swisscom,false,false
1429786265285,17009665,2727,1,228,-91,13,Swisscom,true,false
1429786265285,243,2147483647,2147483647,2147483647,-94,13,Swisscom,false,false
1429786265285,201,2147483647,2147483647,2147483647,-96,13,Swisscom,false,false
1429786265285,2147483647,2147483647,2147483647,2147483647,-113,13,Swisscom,false,false
1429786265285,2147483647,2147483647,2147483647,2147483647,-113,13,Swisscom,false,false
1429786265285,2147483647,2147483647,2147483647,2147483647,-113,13,Swisscom,false,false
1429786265285,2147483647,2147483647,2147483647,2147483647,-113,13,Swisscom,false,false
1429786265285,2147483647,2147483647,2147483647,2147483647,-113,13,Swisscom,false,false
1429786265285,2147483647,2147483647,2147483647,2147483647,-113,13,Swisscom,false,false
1429786265285,2147483647,2147483647,2147483647,2147483647,-113,13,Swisscom,false,false
1429786265285,2147483647,2147483647,2147483647,2147483647,-113,13,Swisscom,false,false
1429786265285,2147483647,2147483647,2147483647,2147483647,-113,13,Swisscom,false,false
1429786265285,2147483647,2147483647,2147483647,2147483647,-113,13,Swisscom,false,false
1429786265285,2147483647,2147483647,2147483647,2147483647,-113,13,Swisscom,false,false
1429786265285,2147483647,2147483647,2147483647,2147483647,-113,13,Swisscom,false,false
1429786325539,17009665,2727,1,228,-68,13,Swisscom,true,false
1429786386269,17009665,2727,1,228,-78,13,Swisscom,true,false
1429786446466,17009665,2727,1,228,-92,13,Swisscom,true,false
1429786446466,201,2147483647,2147483647,2147483647,-98,13,Swisscom,false,false
1429786446466,260,2147483647,2147483647,2147483647,-99,13,Swisscom,false,false
1429786446466,243,2147483647,2147483647,2147483647,-105,13,Swisscom,false,false
1429786507243,17009666,2727,1,228,-96,13,Swisscom,true,false
1429786507243,201,2147483647,2147483647,2147483647,-103,13,Swisscom,false,false
1429786507243,258,2147483647,2147483647,2147483647,-102,13,Swisscom,false,false
1429786567299,17009666,2727,1,228,-89,13,Swisscom,true,false
1429786567299,67,2147483647,2147483647,2147483647,-93,13,Swisscom,false,false
1429786567299,150,2147483647,2147483647,2147483647,-100,13,Swisscom,false,false
1429786632206,17759747,2727,1,228,-86,13,Swisscom,true,false
1429786632206,32,2147483647,2147483647,2147483647,-96,13,Swisscom,false,false
1429786632206,150,2147483647,2147483647,2147483647,-96,13,Swisscom,false,false
1429786632206,87,2147483647,2147483647,2147483647,-97,13,Swisscom,false,false
1429786692395,17107457,2727,1,228,-101,13,Swisscom,true,false
1429786692395,151,2147483647,2147483647,2147483647,-113,13,Swisscom,false,false
1429786692395,171,2147483647,2147483647,2147483647,-109,13,Swisscom,false,false
1429786692395,57,2147483647,2147483647,2147483647,-100,13,Swisscom,false,false
1429786692395,157,2147483647,2147483647,2147483647,-105,13,Swisscom,false,false
1429786692395,260,2147483647,2147483647,2147483647,-111,13,Swisscom,false,false
1429786752530,17558017,3535,1,228,-101,13,Swisscom,true,false
1429786752530,193,2147483647,2147483647,2147483647,-105,13,Swisscom,false,false
1429786752530,237,2147483647,2147483647,2147483647,-105,13,Swisscom,false,false
1429786752530,222,2147483647,2147483647,2147483647,-105,13,Swisscom,false,false
1429786752530,95,2147483647,2147483647,2147483647,-102,13,Swisscom,false,false
1429786752530,151,2147483647,2147483647,2147483647,-107,13,Swisscom,false,false
1429786752530,88,2147483647,2147483647,2147483647,-113,13,Swisscom,false,false
1429786812688,17585153,3535,1,228,-100,13,Swisscom,true,false
1429786812688,171,2147483647,2147483647,2147483647,-104,13,Swisscom,false,false
1429786812688,95,2147483647,2147483647,2147483647,-97,13,Swisscom,false,false
1429786812688,222,2147483647,2147483647,2147483647,-103,13,Swisscom,false,false
1429786812688,151,2147483647,2147483647,2147483647,-105,13,Swisscom,false,false
1429786872770,17585153,3535,1,228,-102,13,Swisscom,true,false
1429786872770,95,2147483647,2147483647,2147483647,-102,13,Swisscom,false,false
1429786872770,171,2147483647,2147483647,2147483647,-105,13,Swisscom,false,false
1429786872770,326,2147483647,2147483647,2147483647,-112,13,Swisscom,false,false
1429786872770,163,2147483647,2147483647,2147483647,-107,13,Swisscom,false,false
1429786872770,222,2147483647,2147483647,2147483647,-101,13,Swisscom,false,false
1429786872770,151,2147483647,2147483647,2147483647,-101,13,Swisscom,false,false
1429786932845,17107458,2727,1,228,-111,13,Swisscom,true,false
1429786932845,95,2147483647,2147483647,2147483647,-106,13,Swisscom,false,false
1429786932845,62,2147483647,2147483647,2147483647,-115,13,Swisscom,false,false
1429786932845,163,2147483647,2147483647,2147483647,-108,13,Swisscom,false,false
1429786932845,161,2147483647,2147483647,2147483647,-112,13,Swisscom,false,false
1429786932845,68,2147483647,2147483647,2147483647,-111,13,Swisscom,false,false
1429786932845,61,2147483647,2147483647,2147483647,-110,13,Swisscom,false,false
1429786996321,17558018,3535,1,228,-101,13,Swisscom,true,false
1429786996321,220,2147483647,2147483647,2147483647,-118,13,Swisscom,false,false
1429786996321,112,2147483647,2147483647,2147483647,-107,13,Swisscom,false,false
1429786996321,170,2147483647,2147483647,2147483647,-117,13,Swisscom,false,false
1429786996321,72,2147483647,2147483647,2147483647,-104,13,Swisscom,false,false
1429786996321,132,2147483647,2147483647,2147483647,-117,13,Swisscom,false,false
1429787056302,17105665,3535,1,228,-116,13,Swisscom,true,false
1429787056302,72,2147483647,2147483647,2147483647,-121,13,Swisscom,false,false
1429787056302,244,2147483647,2147483647,2147483647,-119,13,Swisscom,false,false
1429787056302,163,2147483647,2147483647,2147483647,-122,13,Swisscom,false,false
1429787056302,21,2147483647,2147483647,2147483647,-124,13,Swisscom,false,false
1429787118782,17105665,3535,1,228,-97,13,Swisscom,true,false
1429787118782,17,2147483647,2147483647,2147483647,-112,13,Swisscom,false,false
1429787118782,21,2147483647,2147483647,2147483647,-110,13,Swisscom,false,false
1429787118782,170,2147483647,2147483647,2147483647,-112,13,Swisscom,false,false
1429787118782,132,2147483647,2147483647,2147483647,-120,13,Swisscom,false,false
1429787118782,72,2147483647,2147483647,2147483647,-121,13,Swisscom,false,false
1429787118782,498,2147483647,2147483647,2147483647,-115,13,Swisscom,false,false
1429787118782,233,2147483647,2147483647,2147483647,-119,13,Swisscom,false,false
1429787180146,17105666,3535,1,228,-93,13,Swisscom,true,false
1429787180146,498,2147483647,2147483647,2147483647,-91,13,Swisscom,false,false
1429787180146,245,2147483647,2147483647,2147483647,-102,13,Swisscom,false,false
1429787180146,220,2147483647,2147483647,2147483647,-100,13,Swisscom,false,false
1429787180146,233,2147483647,2147483647,2147483647,-107,13,Swisscom,false,false
1429787180146,101,2147483647,2147483647,2147483647,-109,13,Swisscom,false,false
1429787240278,17799681,3535,1,228,-117,13,Swisscom,true,false
1429787240278,179,2147483647,2147483647,2147483647,-118,13,Swisscom,false,false
1429787240278,131,2147483647,2147483647,2147483647,-119,13,Swisscom,false,false
1429787240278,233,2147483647,2147483647,2147483647,-127,13,Swisscom,false,false
1429787300337,16822786,3535,1,228,-97,13,Swisscom,true,false
1429787300337,179,2147483647,2147483647,2147483647,-107,13,Swisscom,false,false
1429787300337,107,2147483647,2147483647,2147483647,-117,13,Swisscom,false,false
1429787300337,165,2147483647,2147483647,2147483647,-112,13,Swisscom,false,false
1429787360623,17799683,3535,1,228,-114,13,Swisscom,true,false
1429787360623,7,2147483647,2147483647,2147483647,-121,13,Swisscom,false,false
1429787360623,100,2147483647,2147483647,2147483647,-125,13,Swisscom,false,false
1429787360623,123,2147483647,2147483647,2147483647,-109,13,Swisscom,false,false
1429787360623,2147483647,2147483647,2147483647,2147483647,0,13,Swisscom,false,false
1429787360623,2147483647,2147483647,2147483647,2147483647,0,13,Swisscom,false,false
1429787360623,2147483647,2147483647,2147483647,2147483647,0,13,Swisscom,false,false
1429787360623,2147483647,2147483647,2147483647,2147483647,0,13,Swisscom,false,false
1429787360623,2147483647,2147483647,2147483647,2147483647,0,13,Swisscom,false,false
1429787360623,2147483647,2147483647,2147483647,2147483647,0,13,Swisscom,false,false
1429787360623,2147483647,2147483647,2147483647,2147483647,0,13,Swisscom,false,false
1429787360623,2147483647,2147483647,2147483647,2147483647,0,13,Swisscom,false,false
1429787428059,17104643,3535,1,228,-119,13,Swisscom,true,false
1429787428059,21,2147483647,2147483647,2147483647,-124,13,Swisscom,false,false
1429787428059,179,2147483647,2147483647,2147483647,-127,13,Swisscom,false,false
1429787428059,169,2147483647,2147483647,2147483647,-133,13,Swisscom,false,false
1429787428059,2147483647,2147483647,2147483647,2147483647,0,13,Swisscom,false,false
1429787428059,2147483647,2147483647,2147483647,2147483647,0,13,Swisscom,false,false
1429787428059,2147483647,2147483647,2147483647,2147483647,0,13,Swisscom,false,false
1429787428059,2147483647,2147483647,2147483647,2147483647,0,13,Swisscom,false,false
1429787495748,2147483647,2147483647,2147483647,2147483647,0,15,Swisscom,false,false
1429787495748,2147483647,2147483647,2147483647,2147483647,0,15,Swisscom,false,false
1429787556071,7803858,3535,1,228,0,15,Swisscom,true,false
1429787556071,2147483647,2147483647,2147483647,2147483647,0,15,Swisscom,false,false
1429787556071,2147483647,2147483647,2147483647,2147483647,0,15,Swisscom,false,false
1429787616226,7804088,3535,1,228,0,15,Swisscom,true,false
1429787616226,2147483647,2147483647,2147483647,2147483647,0,15,Swisscom,false,false
1429787616226,2147483647,2147483647,2147483647,2147483647,0,15,Swisscom,false,false
1429787616226,2147483647,2147483647,2147483647,2147483647,0,15,Swisscom,false,false
1429787616226,2147483647,2147483647,2147483647,2147483647,0,15,Swisscom,false,false
1429787616226,2147483647,2147483647,2147483647,2147483647,0,15,Swisscom,false,false
1429787676207,7307688,1818,1,228,0,3,Swisscom,true,false
1429787741177,16856067,1818,1,228,-67,13,Swisscom,true,false
1429787741177,2147483647,2147483647,2147483647,2147483647,-113,13,Swisscom,false,false
1429787741177,2147483647,2147483647,2147483647,2147483647,-113,13,Swisscom,false,false
1429787741177,2147483647,2147483647,2147483647,2147483647,-113,13,Swisscom,false,false
1429787741177,2147483647,2147483647,2147483647,2147483647,-113,13,Swisscom,false,false
1429787741177,2147483647,2147483647,2147483647,2147483647,-113,13,Swisscom,false,false
1429787741177,2147483647,2147483647,2147483647,2147483647,-113,13,Swisscom,false,false
1429787741177,2147483647,2147483647,2147483647,2147483647,-113,13,Swisscom,false,false
1429787741177,2147483647,2147483647,2147483647,2147483647,-113,13,Swisscom,false,false
1429787741177,2147483647,2147483647,2147483647,2147483647,-113,13,Swisscom,false,false
1429787741177,2147483647,2147483647,2147483647,2147483647,-113,13,Swisscom,false,false
1429787741177,2147483647,2147483647,2147483647,2147483647,-113,13,Swisscom,false,false
1429787741177,2147483647,2147483647,2147483647,2147483647,-113,13,Swisscom,false,false
1429787741177,2147483647,2147483647,2147483647,2147483647,-113,13,Swisscom,false,false
1429787741177,2147483647,2147483647,2147483647,2147483647,-113,13,Swisscom,false,false
1429787741177,2147483647,2147483647,2147483647,2147483647,-113,13,Swisscom,false,false
1429787801190,16856065,1818,1,228,-88,13,Swisscom,true,false
1429787801190,329,2147483647,2147483647,2147483647,-92,13,Swisscom,false,false
1429787801190,2147483647,2147483647,2147483647,2147483647,-113,13,Swisscom,false,false
1429787801190,2147483647,2147483647,2147483647,2147483647,-113,13,Swisscom,false,false
1429787801190,2147483647,2147483647,2147483647,2147483647,-113,13,Swisscom,false,false
1429787801190,2147483647,2147483647,2147483647,2147483647,-113,13,Swisscom,false,false
1429787801190,2147483647,2147483647,2147483647,2147483647,-113,13,Swisscom,false,false
1429787801190,2147483647,2147483647,2147483647,2147483647,-113,13,Swisscom,false,false
1429787801190,2147483647,2147483647,2147483647,2147483647,-113,13,Swisscom,false,false
1429787801190,2147483647,2147483647,2147483647,2147483647,-113,13,Swisscom,false,false
1429787801190,2147483647,2147483647,2147483647,2147483647,-113,13,Swisscom,false,false
1429787801190,2147483647,2147483647,2147483647,2147483647,-113,13,Swisscom,false,false
1429787801190,2147483647,2147483647,2147483647,2147483647,-113,13,Swisscom,false,false
1429787801190,2147483647,2147483647,2147483647,2147483647,-113,13,Swisscom,false,false
1429787801190,2147483647,2147483647,2147483647,2147483647,-113,13,Swisscom,false,false
1429787801190,2147483647,2147483647,2147483647,2147483647,-113,13,Swisscom,false,false
1429787801190,2147483647,2147483647,2147483647,2147483647,-113,13,Swisscom,false,false
1429787862182,16856066,1818,1,228,-86,13,Swisscom,true,false
1429787862182,115,2147483647,2147483647,2147483647,-93,13,Swisscom,false,false
1429787862182,2147483647,2147483647,2147483647,2147483647,-113,13,Swisscom,false,false
1429787862182,2147483647,2147483647,2147483647,2147483647,-113,13,Swisscom,false,false
1429787862182,2147483647,2147483647,2147483647,2147483647,-113,13,Swisscom,false,false
1429787862182,2147483647,2147483647,2147483647,2147483647,-113,13,Swisscom,false,false
1429787862182,2147483647,2147483647,2147483647,2147483647,-113,13,Swisscom,false,false
1429787862182,2147483647,2147483647,2147483647,2147483647,-113,13,Swisscom,false,false
1429787862182,2147483647,2147483647,2147483647,2147483647,-113,13,Swisscom,false,false
1429787862182,2147483647,2147483647,2147483647,2147483647,-113,13,Swisscom,false,false
1429787862182,2147483647,2147483647,2147483647,2147483647,-113,13,Swisscom,false,false
1429787862182,2147483647,2147483647,2147483647,2147483647,-113,13,Swisscom,false,false
1429787862182,2147483647,2147483647,2147483647,2147483647,-113,13,Swisscom,false,false
1429787862182,2147483647,2147483647,2147483647,2147483647,-113,13,Swisscom,false,false
1429787862182,2147483647,2147483647,2147483647,2147483647,-113,13,Swisscom,false,false
1429787862182,2147483647,2147483647,2147483647,2147483647,-113,13,Swisscom,false,false
1429787862182,2147483647,2147483647,2147483647,2147483647,-113,13,Swisscom,false,false
1429787922167,16856065,1818,1,228,-79,13,Swisscom,true,false
1429787922167,329,2147483647,2147483647,2147483647,-90,13,Swisscom,false,false
1429787987488,16856065,1818,1,228,-90,13,Swisscom,true,false
1429787987488,329,2147483647,2147483647,2147483647,-92,13,Swisscom,false,false
1429787987488,2147483647,2147483647,2147483647,2147483647,-113,13,Swisscom,false,false
1429787987488,2147483647,2147483647,2147483647,2147483647,-113,13,Swisscom,false,false
1429787987488,2147483647,2147483647,2147483647,2147483647,-113,13,Swisscom,false,false
1429787987488,2147483647,2147483647,2147483647,2147483647,-113,13,Swisscom,false,false
1429787987488,2147483647,2147483647,2147483647,2147483647,-113,13,Swisscom,false,false
1429787987488,2147483647,2147483647,2147483647,2147483647,-113,13,Swisscom,false,false
1429787987488,2147483647,2147483647,2147483647,2147483647,-113,13,Swisscom,false,false
1429787987488,2147483647,2147483647,2147483647,2147483647,-113,13,Swisscom,false,false
1429787987488,2147483647,2147483647,2147483647,2147483647,-113,13,Swisscom,false,false
1429787987488,2147483647,2147483647,2147483647,2147483647,-113,13,Swisscom,false,false
1429787987488,2147483647,2147483647,2147483647,2147483647,-113,13,Swisscom,false,false
1429787987488,2147483647,2147483647,2147483647,2147483647,-113,13,Swisscom,false,false
1429787987488,2147483647,2147483647,2147483647,2147483647,-113,13,Swisscom,false,false
1429787987488,2147483647,2147483647,2147483647,2147483647,-113,13,Swisscom,false,false
1429787987488,2147483647,2147483647,2147483647,2147483647,-113,13,Swisscom,false,false
1429788048221,16856065,1818,1,228,-88,13,Swisscom,true,false
1429788048221,329,2147483647,2147483647,2147483647,-91,13,Swisscom,false,false
1429788048221,2147483647,2147483647,2147483647,2147483647,-113,13,Swisscom,false,false
1429788048221,2147483647,2147483647,2147483647,2147483647,-113,13,Swisscom,false,false
1429788048221,2147483647,2147483647,2147483647,2147483647,-113,13,Swisscom,false,false
1429788048221,2147483647,2147483647,2147483647,2147483647,-113,13,Swisscom,false,false
1429788048221,2147483647,2147483647,2147483647,2147483647,-113,13,Swisscom,false,false
1429788048221,2147483647,2147483647,2147483647,2147483647,-113,13,Swisscom,false,false
1429788048221,2147483647,2147483647,2147483647,2147483647,-113,13,Swisscom,false,false
1429788048221,2147483647,2147483647,2147483647,2147483647,-113,13,Swisscom,false,false
1429788048221,2147483647,2147483647,2147483647,2147483647,-113,13,Swisscom,false,false
1429788048221,2147483647,2147483647,2147483647,2147483647,-113,13,Swisscom,false,false
1429788048221,2147483647,2147483647,2147483647,2147483647,-113,13,Swisscom,false,false
1429788048221,2147483647,2147483647,2147483647,2147483647,-113,13,Swisscom,false,false
1429788048221,2147483647,2147483647,2147483647,2147483647,-113,13,Swisscom,false,false
1429788048221,2147483647,2147483647,2147483647,2147483647,-113,13,Swisscom,false,false
1429788048221,2147483647,2147483647,2147483647,2147483647,-113,13,Swisscom,false,false
1429788110209,16856065,1818,1,228,-86,13,Swisscom,true,false
1429788110209,329,2147483647,2147483647,2147483647,-87,13,Swisscom,false,false
1429788110209,2147483647,2147483647,2147483647,2147483647,-113,13,Swisscom,false,false
1429788110209,2147483647,2147483647,2147483647,2147483647,-113,13,Swisscom,false,false
1429788110209,2147483647,2147483647,2147483647,2147483647,-113,13,Swisscom,false,false
1429788110209,2147483647,2147483647,2147483647,2147483647,-113,13,Swisscom,false,false
1429788110209,2147483647,2147483647,2147483647,2147483647,-113,13,Swisscom,false,false
1429788110209,2147483647,2147483647,2147483647,2147483647,-113,13,Swisscom,false,false
1429788110209,2147483647,2147483647,2147483647,2147483647,-113,13,Swisscom,false,false
1429788110209,2147483647,2147483647,2147483647,2147483647,-113,13,Swisscom,false,false
1429788110209,2147483647,2147483647,2147483647,2147483647,-113,13,Swisscom,false,false
1429788110209,2147483647,2147483647,2147483647,2147483647,-113,13,Swisscom,false,false
1429788110209,2147483647,2147483647,2147483647,2147483647,-113,13,Swisscom,false,false
1429788110209,2147483647,2147483647,2147483647,2147483647,-113,13,Swisscom,false,false
1429788110209,2147483647,2147483647,2147483647,2147483647,-113,13,Swisscom,false,false
1429788110209,2147483647,2147483647,2147483647,2147483647,-113,13,Swisscom,false,false
1429788110209,2147483647,2147483647,2147483647,2147483647,-113,13,Swisscom,false,false
1429788170385,16856065,1818,1,228,-88,13,Swisscom,true,false
1429788170385,329,2147483647,2147483647,2147483647,-92,13,Swisscom,false,false
1429788170385,2147483647,2147483647,2147483647,2147483647,-113,13,Swisscom,false,false
1429788170385,2147483647,2147483647,2147483647,2147483647,-113,13,Swisscom,false,false
1429788170385,2147483647,2147483647,2147483647,2147483647,-113,13,Swisscom,false,false
1429788170385,2147483647,2147483647,2147483647,2147483647,-113,13,Swisscom,false,false
1429788170385,2147483647,2147483647,2147483647,2147483647,-113,13,Swisscom,false,false
1429788170385,2147483647,2147483647,2147483647,2147483647,-113,13,Swisscom,false,false
1429788170385,2147483647,2147483647,2147483647,2147483647,-113,13,Swisscom,false,false
1429788170385,2147483647,2147483647,2147483647,2147483647,-113,13,Swisscom,false,false
1429788170385,2147483647,2147483647,2147483647,2147483647,-113,13,Swisscom,false,false
1429788170385,2147483647,2147483647,2147483647,2147483647,-113,13,Swisscom,false,false
1429788170385,2147483647,2147483647,2147483647,2147483647,-113,13,Swisscom,false,false
1429788170385,2147483647,2147483647,2147483647,2147483647,-113,13,Swisscom,false,false
1429788170385,2147483647,2147483647,2147483647,2147483647,-113,13,Swisscom,false,false
1429788170385,2147483647,2147483647,2147483647,2147483647,-113,13,Swisscom,false,false
1429788170385,2147483647,2147483647,2147483647,2147483647,-113,13,Swisscom,false,false
1429788231285,16856065,1818,1,228,-87,13,Swisscom,true,false
1429788231285,329,2147483647,2147483647,2147483647,-92,13,Swisscom,false,false
1429788231285,2147483647,2147483647,2147483647,2147483647,-113,13,Swisscom,false,false
1429788231285,2147483647,2147483647,2147483647,2147483647,-113,13,Swisscom,false,false
1429788231285,2147483647,2147483647,2147483647,2147483647,-113,13,Swisscom,false,false
1429788231285,2147483647,2147483647,2147483647,2147483647,-113,13,Swisscom,false,false
1429788231285,2147483647,2147483647,2147483647,2147483647,-113,13,Swisscom,false,false
1429788231285,2147483647,2147483647,2147483647,2147483647,-113,13,Swisscom,false,false
1429788231285,2147483647,2147483647,2147483647,2147483647,-113,13,Swisscom,false,false
1429788231285,2147483647,2147483647,2147483647,2147483647,-113,13,Swisscom,false,false
1429788231285,2147483647,2147483647,2147483647,2147483647,-113,13,Swisscom,false,false
1429788231285,2147483647,2147483647,2147483647,2147483647,-113,13,Swisscom,false,false
1429788231285,2147483647,2147483647,2147483647,2147483647,-113,13,Swisscom,false,false
1429788231285,2147483647,2147483647,2147483647,2147483647,-113,13,Swisscom,false,false
1429788231285,2147483647,2147483647,2147483647,2147483647,-113,13,Swisscom,false,false
1429788231285,2147483647,2147483647,2147483647,2147483647,-113,13,Swisscom,false,false
1429788231285,2147483647,2147483647,2147483647,2147483647,-113,13,Swisscom,false,false
1429788291405,16856065,1818,1,228,-89,13,Swisscom,true,false
1429788291405,329,2147483647,2147483647,2147483647,-92,13,Swisscom,false,false
1429788291405,2147483647,2147483647,2147483647,2147483647,-113,13,Swisscom,false,false
1429788291405,2147483647,2147483647,2147483647,2147483647,-113,13,Swisscom,false,false
1429788291405,2147483647,2147483647,2147483647,2147483647,-113,13,Swisscom,false,false
1429788291405,2147483647,2147483647,2147483647,2147483647,-113,13,Swisscom,false,false
1429788291405,2147483647,2147483647,2147483647,2147483647,-113,13,Swisscom,false,false
1429788291405,2147483647,2147483647,2147483647,2147483647,-113,13,Swisscom,false,false
1429788291405,2147483647,2147483647,2147483647,2147483647,-113,13,Swisscom,false,false
1429788291405,2147483647,2147483647,2147483647,2147483647,-113,13,Swisscom,false,false
1429788291405,2147483647,2147483647,2147483647,2147483647,-113,13,Swisscom,false,false
1429788291405,2147483647,2147483647,2147483647,2147483647,-113,13,Swisscom,false,false
1429788291405,2147483647,2147483647,2147483647,2147483647,-113,13,Swisscom,false,false
1429788291405,2147483647,2147483647,2147483647,2147483647,-113,13,Swisscom,false,false
1429788291405,2147483647,2147483647,2147483647,2147483647,-113,13,Swisscom,false,false
1429788291405,2147483647,2147483647,2147483647,2147483647,-113,13,Swisscom,false,false
1429788291405,2147483647,2147483647,2147483647,2147483647,-113,13,Swisscom,false,false
1429788351561,16856065,1818,1,228,-86,13,Swisscom,true,false
1429788351561,329,2147483647,2147483647,2147483647,-95,13,Swisscom,false,false
1429788351561,2147483647,2147483647,2147483647,2147483647,-113,13,Swisscom,false,false
1429788351561,2147483647,2147483647,2147483647,2147483647,-113,13,Swisscom,false,false
1429788351561,2147483647,2147483647,2147483647,2147483647,-113,13,Swisscom,false,false
1429788351561,2147483647,2147483647,2147483647,2147483647,-113,13,Swisscom,false,false
1429788351561,2147483647,2147483647,2147483647,2147483647,-113,13,Swisscom,false,false
1429788351561,2147483647,2147483647,2147483647,2147483647,-113,13,Swisscom,false,false
1429788351561,2147483647,2147483647,2147483647,2147483647,-113,13,Swisscom,false,false
1429788351561,2147483647,2147483647,2147483647,2147483647,-113,13,Swisscom,false,false
1429788351561,2147483647,2147483647,2147483647,2147483647,-113,13,Swisscom,false,false
1429788351561,2147483647,2147483647,2147483647,2147483647,-113,13,Swisscom,false,false
1429788351561,2147483647,2147483647,2147483647,2147483647,-113,13,Swisscom,false,false
1429788351561,2147483647,2147483647,2147483647,2147483647,-113,13,Swisscom,false,false
1429788351561,2147483647,2147483647,2147483647,2147483647,-113,13,Swisscom,false,false
1429788351561,2147483647,2147483647,2147483647,2147483647,-113,13,Swisscom,false,false
1429788351561,2147483647,2147483647,2147483647,2147483647,-113,13,Swisscom,false,false
1429788412192,16856065,1818,1,228,-88,13,Swisscom,true,false
1429788412192,329,2147483647,2147483647,2147483647,-92,13,Swisscom,false,false
1429788412192,2147483647,2147483647,2147483647,2147483647,-113,13,Swisscom,false,false
1429788412192,2147483647,2147483647,2147483647,2147483647,-113,13,Swisscom,false,false
1429788412192,2147483647,2147483647,2147483647,2147483647,-113,13,Swisscom,false,false
1429788412192,2147483647,2147483647,2147483647,2147483647,-113,13,Swisscom,false,false
1429788412192,2147483647,2147483647,2147483647,2147483647,-113,13,Swisscom,false,false
1429788412192,2147483647,2147483647,2147483647,2147483647,-113,13,Swisscom,false,false
1429788412192,2147483647,2147483647,2147483647,2147483647,-113,13,Swisscom,false,false
1429788412192,2147483647,2147483647,2147483647,2147483647,-113,13,Swisscom,false,false
1429788412192,2147483647,2147483647,2147483647,2147483647,-113,13,Swisscom,false,false
1429788412192,2147483647,2147483647,2147483647,2147483647,-113,13,Swisscom,false,false
1429788412192,2147483647,2147483647,2147483647,2147483647,-113,13,Swisscom,false,false
1429788412192,2147483647,2147483647,2147483647,2147483647,-113,13,Swisscom,false,false
1429788412192,2147483647,2147483647,2147483647,2147483647,-113,13,Swisscom,false,false
1429788412192,2147483647,2147483647,2147483647,2147483647,-113,13,Swisscom,false,false
1429788412192,2147483647,2147483647,2147483647,2147483647,-113,13,Swisscom,false,false
1429788472260,16856065,1818,1,228,-91,13,Swisscom,true,false
1429788472260,39,2147483647,2147483647,2147483647,-98,13,Swisscom,false,false
1429788472260,329,2147483647,2147483647,2147483647,-98,13,Swisscom,false,false
1429788472260,2147483647,2147483647,2147483647,2147483647,-113,13,Swisscom,false,false
1429788472260,2147483647,2147483647,2147483647,2147483647,-113,13,Swisscom,false,false
1429788472260,2147483647,2147483647,2147483647,2147483647,-113,13,Swisscom,false,false
1429788472260,2147483647,2147483647,2147483647,2147483647,-113,13,Swisscom,false,false
1429788472260,2147483647,2147483647,2147483647,2147483647,-113,13,Swisscom,false,false
1429788472260,2147483647,2147483647,2147483647,2147483647,-113,13,Swisscom,false,false
1429788472260,2147483647,2147483647,2147483647,2147483647,-113,13,Swisscom,false,false
1429788472260,2147483647,2147483647,2147483647,2147483647,-113,13,Swisscom,false,false
1429788472260,2147483647,2147483647,2147483647,2147483647,-113,13,Swisscom,false,false
1429788472260,2147483647,2147483647,2147483647,2147483647,-113,13,Swisscom,false,false
1429788472260,2147483647,2147483647,2147483647,2147483647,-113,13,Swisscom,false,false
1429788472260,2147483647,2147483647,2147483647,2147483647,-113,13,Swisscom,false,false
1429788472260,2147483647,2147483647,2147483647,2147483647,-113,13,Swisscom,false,false
1429788472260,2147483647,2147483647,2147483647,2147483647,-113,13,Swisscom,false,false
1429788472260,2147483647,2147483647,2147483647,2147483647,-113,13,Swisscom,false,false
1429788532354,16856065,1818,1,228,-90,13,Swisscom,true,false
1429788532354,329,2147483647,2147483647,2147483647,-90,13,Swisscom,false,false
1429788532354,2147483647,2147483647,2147483647,2147483647,-113,13,Swisscom,false,false
1429788532354,2147483647,2147483647,2147483647,2147483647,-113,13,Swisscom,false,false
1429788532354,2147483647,2147483647,2147483647,2147483647,-113,13,Swisscom,false,false
1429788532354,2147483647,2147483647,2147483647,2147483647,-113,13,Swisscom,false,false
1429788532354,2147483647,2147483647,2147483647,2147483647,-113,13,Swisscom,false,false
1429788532354,2147483647,2147483647,2147483647,2147483647,-113,13,Swisscom,false,false
1429788532354,2147483647,2147483647,2147483647,2147483647,-113,13,Swisscom,false,false
1429788532354,2147483647,2147483647,2147483647,2147483647,-113,13,Swisscom,false,false
1429788532354,2147483647,2147483647,2147483647,2147483647,-113,13,Swisscom,false,false
1429788532354,2147483647,2147483647,2147483647,2147483647,-113,13,Swisscom,false,false
1429788532354,2147483647,2147483647,2147483647,2147483647,-113,13,Swisscom,false,false
1429788532354,2147483647,2147483647,2147483647,2147483647,-113,13,Swisscom,false,false
1429788532354,2147483647,2147483647,2147483647,2147483647,-113,13,Swisscom,false,false
1429788532354,2147483647,2147483647,2147483647,2147483647,-113,13,Swisscom,false,false
1429788532354,2147483647,2147483647,2147483647,2147483647,-113,13,Swisscom,false,false
1429788600268,16856065,1818,1,228,-88,13,Swisscom,true,false
1429788600268,329,2147483647,2147483647,2147483647,-90,13,Swisscom,false,false
1429788600268,39,2147483647,2147483647,2147483647,-93,13,Swisscom,false,false
1429788600268,2147483647,2147483647,2147483647,2147483647,-113,13,Swisscom,false,false
1429788600268,2147483647,2147483647,2147483647,2147483647,-113,13,Swisscom,false,false
1429788600268,2147483647,2147483647,2147483647,2147483647,-113,13,Swisscom,false,false
1429788600268,2147483647,2147483647,2147483647,2147483647,-113,13,Swisscom,false,false
1429788600268,2147483647,2147483647,2147483647,2147483647,-113,13,Swisscom,false,false
1429788600268,2147483647,2147483647,2147483647,2147483647,-113,13,Swisscom,false,false
1429788600268,2147483647,2147483647,2147483647,2147483647,-113,13,Swisscom,false,false
1429788600268,2147483647,2147483647,2147483647,2147483647,-113,13,Swisscom,false,false
1429788600268,2147483647,2147483647,2147483647,2147483647,-113,13,Swisscom,false,false
1429788600268,2147483647,2147483647,2147483647,2147483647,-113,13,Swisscom,false,false
1429788600268,2147483647,2147483647,2147483647,2147483647,-113,13,Swisscom,false,false
1429788600268,2147483647,2147483647,2147483647,2147483647,-113,13,Swisscom,false,false
1429788600268,2147483647,2147483647,2147483647,2147483647,-113,13,Swisscom,false,false
1429788600268,2147483647,2147483647,2147483647,2147483647,-113,13,Swisscom,false,false
1429788600268,2147483647,2147483647,2147483647,2147483647,-113,13,Swisscom,false,false
1429788660370,16856065,1818,1,228,-87,13,Swisscom,true,false
1429788660370,329,2147483647,2147483647,2147483647,-94,13,Swisscom,false,false
1429788660370,39,2147483647,2147483647,2147483647,-91,13,Swisscom,false,false
1429788660370,2147483647,2147483647,2147483647,2147483647,-113,13,Swisscom,false,false
1429788660370,2147483647,2147483647,2147483647,2147483647,-113,13,Swisscom,false,false
1429788660370,2147483647,2147483647,2147483647,2147483647,-113,13,Swisscom,false,false
1429788660370,2147483647,2147483647,2147483647,2147483647,-113,13,Swisscom,false,false
1429788660370,2147483647,2147483647,2147483647,2147483647,-113,13,Swisscom,false,false
1429788660370,2147483647,2147483647,2147483647,2147483647,-113,13,Swisscom,false,false
1429788660370,2147483647,2147483647,2147483647,2147483647,-113,13,Swisscom,false,false
1429788660370,2147483647,2147483647,2147483647,2147483647,-113,13,Swisscom,false,false
1429788660370,2147483647,2147483647,2147483647,2147483647,-113,13,Swisscom,false,false
1429788660370,2147483647,2147483647,2147483647,2147483647,-113,13,Swisscom,false,false
1429788660370,2147483647,2147483647,2147483647,2147483647,-113,13,Swisscom,false,false
1429788660370,2147483647,2147483647,2147483647,2147483647,-113,13,Swisscom,false,false
1429788660370,2147483647,2147483647,2147483647,2147483647,-113,13,Swisscom,false,false
1429788660370,2147483647,2147483647,2147483647,2147483647,-113,13,Swisscom,false,false
1429788660370,2147483647,2147483647,2147483647,2147483647,-113,13,Swisscom,false,false
1429788720478,16856065,1818,1,228,-87,13,Swisscom,true,false
1429788720478,329,2147483647,2147483647,2147483647,-90,13,Swisscom,false,false
1429788720478,39,2147483647,2147483647,2147483647,-92,13,Swisscom,false,false
1429788720478,2147483647,2147483647,2147483647,2147483647,-113,13,Swisscom,false,false
1429788720478,2147483647,2147483647,2147483647,2147483647,-113,13,Swisscom,false,false
1429788720478,2147483647,2147483647,2147483647,2147483647,-113,13,Swisscom,false,false
1429788720478,2147483647,2147483647,2147483647,2147483647,-113,13,Swisscom,false,false
1429788720478,2147483647,2147483647,2147483647,2147483647,-113,13,Swisscom,false,false
1429788720478,2147483647,2147483647,2147483647,2147483647,-113,13,Swisscom,false,false
1429788720478,2147483647,2147483647,2147483647,2147483647,-113,13,Swisscom,false,false
1429788720478,2147483647,2147483647,2147483647,2147483647,-113,13,Swisscom,false,false
1429788720478,2147483647,2147483647,2147483647,2147483647,-113,13,Swisscom,false,false
1429788720478,2147483647,2147483647,2147483647,2147483647,-113,13,Swisscom,false,false
1429788720478,2147483647,2147483647,2147483647,2147483647,-113,13,Swisscom,false,false
1429788720478,2147483647,2147483647,2147483647,2147483647,-113,13,Swisscom,false,false
1429788720478,2147483647,2147483647,2147483647,2147483647,-113,13,Swisscom,false,false
1429788720478,2147483647,2147483647,2147483647,2147483647,-113,13,Swisscom,false,false
1429788720478,2147483647,2147483647,2147483647,2147483647,-113,13,Swisscom,false,false
1429788780630,16856065,1818,1,228,-87,13,Swisscom,true,false
1429788780630,329,2147483647,2147483647,2147483647,-92,13,Swisscom,false,false
1429788780630,39,2147483647,2147483647,2147483647,-99,13,Swisscom,false,false
1429788780630,2147483647,2147483647,2147483647,2147483647,-113,13,Swisscom,false,false
1429788780630,2147483647,2147483647,2147483647,2147483647,-113,13,Swisscom,false,false
1429788780630,2147483647,2147483647,2147483647,2147483647,-113,13,Swisscom,false,false
1429788780630,2147483647,2147483647,2147483647,2147483647,-113,13,Swisscom,false,false
1429788780630,2147483647,2147483647,2147483647,2147483647,-113,13,Swisscom,false,false
1429788780630,2147483647,2147483647,2147483647,2147483647,-113,13,Swisscom,false,false
1429788780630,2147483647,2147483647,2147483647,2147483647,-113,13,Swisscom,false,false
1429788780630,2147483647,2147483647,2147483647,2147483647,-113,13,Swisscom,false,false
1429788780630,2147483647,2147483647,2147483647,2147483647,-113,13,Swisscom,false,false
1429788780630,2147483647,2147483647,2147483647,2147483647,-113,13,Swisscom,false,false
1429788780630,2147483647,2147483647,2147483647,2147483647,-113,13,Swisscom,false,false
1429788780630,2147483647,2147483647,2147483647,2147483647,-113,13,Swisscom,false,false
1429788780630,2147483647,2147483647,2147483647,2147483647,-113,13,Swisscom,false,false
1429788780630,2147483647,2147483647,2147483647,2147483647,-113,13,Swisscom,false,false
1429788780630,2147483647,2147483647,2147483647,2147483647,-113,13,Swisscom,false,false
1429788840623,16856065,1818,1,228,-88,13,Swisscom,true,false
1429788840623,329,2147483647,2147483647,2147483647,-92,13,Swisscom,false,false
1429788840623,39,2147483647,2147483647,2147483647,-98,13,Swisscom,false,false
1429788840623,2147483647,2147483647,2147483647,2147483647,-113,13,Swisscom,false,false
1429788840623,2147483647,2147483647,2147483647,2147483647,-113,13,Swisscom,false,false
1429788840623,2147483647,2147483647,2147483647,2147483647,-113,13,Swisscom,false,false
1429788840623,2147483647,2147483647,2147483647,2147483647,-113,13,Swisscom,false,false
1429788840623,2147483647,2147483647,2147483647,2147483647,-113,13,Swisscom,false,false
1429788840623,2147483647,2147483647,2147483647,2147483647,-113,13,Swisscom,false,false
1429788840623,2147483647,2147483647,2147483647,2147483647,-113,13,Swisscom,false,false
1429788840623,2147483647,2147483647,2147483647,2147483647,-113,13,Swisscom,false,false
1429788840623,2147483647,2147483647,2147483647,2147483647,-113,13,Swisscom,false,false
1429788840623,2147483647,2147483647,2147483647,2147483647,-113,13,Swisscom,false,false
1429788840623,2147483647,2147483647,2147483647,2147483647,-113,13,Swisscom,false,false
1429788840623,2147483647,2147483647,2147483647,2147483647,-113,13,Swisscom,false,false
1429788840623,2147483647,2147483647,2147483647,2147483647,-113,13,Swisscom,false,false
1429788840623,2147483647,2147483647,2147483647,2147483647,-113,13,Swisscom,false,false
1429788840623,2147483647,2147483647,2147483647,2147483647,-113,13,Swisscom,false,false
1429788900796,16856065,1818,1,228,-87,13,Swisscom,true,false
1429788900796,329,2147483647,2147483647,2147483647,-89,13,Swisscom,false,false
1429788900796,2147483647,2147483647,2147483647,2147483647,-113,13,Swisscom,false,false
1429788900796,2147483647,2147483647,2147483647,2147483647,-113,13,Swisscom,false,false
1429788900796,2147483647,2147483647,2147483647,2147483647,-113,13,Swisscom,false,false
1429788900796,2147483647,2147483647,2147483647,2147483647,-113,13,Swisscom,false,false
1429788900796,2147483647,2147483647,2147483647,2147483647,-113,13,Swisscom,false,false
1429788900796,2147483647,2147483647,2147483647,2147483647,-113,13,Swisscom,false,false
1429788900796,2147483647,2147483647,2147483647,2147483647,-113,13,Swisscom,false,false
1429788900796,2147483647,2147483647,2147483647,2147483647,-113,13,Swisscom,false,false
1429788900796,2147483647,2147483647,2147483647,2147483647,-113,13,Swisscom,false,false
1429788900796,2147483647,2147483647,2147483647,2147483647,-113,13,Swisscom,false,false
1429788900796,2147483647,2147483647,2147483647,2147483647,-113,13,Swisscom,false,false
1429788900796,2147483647,2147483647,2147483647,2147483647,-113,13,Swisscom,false,false
1429788900796,2147483647,2147483647,2147483647,2147483647,-113,13,Swisscom,false,false
1429788900796,2147483647,2147483647,2147483647,2147483647,-113,13,Swisscom,false,false
1429788900796,2147483647,2147483647,2147483647,2147483647,-113,13,Swisscom,false,false
1429788960902,16856065,1818,1,228,-87,13,Swisscom,true,false
1429788960902,329,2147483647,2147483647,2147483647,-88,13,Swisscom,false,false
1429788960902,2147483647,2147483647,2147483647,2147483647,-113,13,Swisscom,false,false
1429788960902,2147483647,2147483647,2147483647,2147483647,-113,13,Swisscom,false,false
1429788960902,2147483647,2147483647,2147483647,2147483647,-113,13,Swisscom,false,false
1429788960902,2147483647,2147483647,2147483647,2147483647,-113,13,Swisscom,false,false
1429788960902,2147483647,2147483647,2147483647,2147483647,-113,13,Swisscom,false,false
1429788960902,2147483647,2147483647,2147483647,2147483647,-113,13,Swisscom,false,false
1429788960902,2147483647,2147483647,2147483647,2147483647,-113,13,Swisscom,false,false
1429788960902,2147483647,2147483647,2147483647,2147483647,-113,13,Swisscom,false,false
1429788960902,2147483647,2147483647,2147483647,2147483647,-113,13,Swisscom,false,false
1429788960902,2147483647,2147483647,2147483647,2147483647,-113,13,Swisscom,false,false
1429788960902,2147483647,2147483647,2147483647,2147483647,-113,13,Swisscom,false,false
1429788960902,2147483647,2147483647,2147483647,2147483647,-113,13,Swisscom,false,false
1429788960902,2147483647,2147483647,2147483647,2147483647,-113,13,Swisscom,false,false
1429788960902,2147483647,2147483647,2147483647,2147483647,-113,13,Swisscom,false,false
1429788960902,2147483647,2147483647,2147483647,2147483647,-113,13,Swisscom,false,false
1429789020994,16856065,1818,1,228,-87,13,Swisscom,true,false
1429789020994,329,2147483647,2147483647,2147483647,-90,13,Swisscom,false,false
1429789020994,2147483647,2147483647,2147483647,2147483647,-113,13,Swisscom,false,false
1429789020994,2147483647,2147483647,2147483647,2147483647,-113,13,Swisscom,false,false
1429789020994,2147483647,2147483647,2147483647,2147483647,-113,13,Swisscom,false,false
1429789020994,2147483647,2147483647,2147483647,2147483647,-113,13,Swisscom,false,false
1429789020994,2147483647,2147483647,2147483647,2147483647,-113,13,Swisscom,false,false
1429789020994,2147483647,2147483647,2147483647,2147483647,-113,13,Swisscom,false,false
1429789020994,2147483647,2147483647,2147483647,2147483647,-113,13,Swisscom,false,false
1429789020994,2147483647,2147483647,2147483647,2147483647,-113,13,Swisscom,false,false
1429789020994,2147483647,2147483647,2147483647,2147483647,-113,13,Swisscom,false,false
1429789020994,2147483647,2147483647,2147483647,2147483647,-113,13,Swisscom,false,false
1429789020994,2147483647,2147483647,2147483647,2147483647,-113,13,Swisscom,false,false
1429789020994,2147483647,2147483647,2147483647,2147483647,-113,13,Swisscom,false,false
1429789020994,2147483647,2147483647,2147483647,2147483647,-113,13,Swisscom,false,false
1429789020994,2147483647,2147483647,2147483647,2147483647,-113,13,Swisscom,false,false
1429789020994,2147483647,2147483647,2147483647,2147483647,-113,13,Swisscom,false,false
1429789081112,16856065,1818,1,228,-88,13,Swisscom,true,false
1429789081112,329,2147483647,2147483647,2147483647,-91,13,Swisscom,false,false
1429789081112,2147483647,2147483647,2147483647,2147483647,-113,13,Swisscom,false,false
1429789081112,2147483647,2147483647,2147483647,2147483647,-113,13,Swisscom,false,false
1429789081112,2147483647,2147483647,2147483647,2147483647,-113,13,Swisscom,false,false
1429789081112,2147483647,2147483647,2147483647,2147483647,-113,13,Swisscom,false,false
1429789081112,2147483647,2147483647,2147483647,2147483647,-113,13,Swisscom,false,false
1429789081112,2147483647,2147483647,2147483647,2147483647,-113,13,Swisscom,false,false
1429789081112,2147483647,2147483647,2147483647,2147483647,-113,13,Swisscom,false,false
1429789081112,2147483647,2147483647,2147483647,2147483647,-113,13,Swisscom,false,false
1429789081112,2147483647,2147483647,2147483647,2147483647,-113,13,Swisscom,false,false
1429789081112,2147483647,2147483647,2147483647,2147483647,-113,13,Swisscom,false,false
1429789081112,2147483647,2147483647,2147483647,2147483647,-113,13,Swisscom,false,false
1429789081112,2147483647,2147483647,2147483647,2147483647,-113,13,Swisscom,false,false
1429789081112,2147483647,2147483647,2147483647,2147483647,-113,13,Swisscom,false,false
1429789081112,2147483647,2147483647,2147483647,2147483647,-113,13,Swisscom,false,false
1429789081112,2147483647,2147483647,2147483647,2147483647,-113,13,Swisscom,false,false
1429789141087,16856065,1818,1,228,-87,13,Swisscom,true,false
1429789141087,329,2147483647,2147483647,2147483647,-89,13,Swisscom,false,false
1429789141087,2147483647,2147483647,2147483647,2147483647,-113,13,Swisscom,false,false
1429789141087,2147483647,2147483647,2147483647,2147483647,-113,13,Swisscom,false,false
1429789141087,2147483647,2147483647,2147483647,2147483647,-113,13,Swisscom,false,false
1429789141087,2147483647,2147483647,2147483647,2147483647,-113,13,Swisscom,false,false
1429789141087,2147483647,2147483647,2147483647,2147483647,-113,13,Swisscom,false,false
1429789141087,2147483647,2147483647,2147483647,2147483647,-113,13,Swisscom,false,false
1429789141087,2147483647,2147483647,2147483647,2147483647,-113,13,Swisscom,false,false
1429789141087,2147483647,2147483647,2147483647,2147483647,-113,13,Swisscom,false,false
1429789141087,2147483647,2147483647,2147483647,2147483647,-113,13,Swisscom,false,false
1429789141087,2147483647,2147483647,2147483647,2147483647,-113,13,Swisscom,false,false
1429789141087,2147483647,2147483647,2147483647,2147483647,-113,13,Swisscom,false,false
1429789141087,2147483647,2147483647,2147483647,2147483647,-113,13,Swisscom,false,false
1429789141087,2147483647,2147483647,2147483647,2147483647,-113,13,Swisscom,false,false
1429789141087,2147483647,2147483647,2147483647,2147483647,-113,13,Swisscom,false,false
1429789141087,2147483647,2147483647,2147483647,2147483647,-113,13,Swisscom,false,false
1429789201306,16856065,1818,1,228,-86,13,Swisscom,true,false
1429789201306,329,2147483647,2147483647,2147483647,-88,13,Swisscom,false,false
1429789201306,2147483647,2147483647,2147483647,2147483647,-113,13,Swisscom,false,false
1429789201306,2147483647,2147483647,2147483647,2147483647,-113,13,Swisscom,false,false
1429789201306,2147483647,2147483647,2147483647,2147483647,-113,13,Swisscom,false,false
1429789201306,2147483647,2147483647,2147483647,2147483647,-113,13,Swisscom,false,false
1429789201306,2147483647,2147483647,2147483647,2147483647,-113,13,Swisscom,false,false
1429789201306,2147483647,2147483647,2147483647,2147483647,-113,13,Swisscom,false,false
1429789201306,2147483647,2147483647,2147483647,2147483647,-113,13,Swisscom,false,false
1429789201306,2147483647,2147483647,2147483647,2147483647,-113,13,Swisscom,false,false
1429789201306,2147483647,2147483647,2147483647,2147483647,-113,13,Swisscom,false,false
1429789201306,2147483647,2147483647,2147483647,2147483647,-113,13,Swisscom,false,false
1429789201306,2147483647,2147483647,2147483647,2147483647,-113,13,Swisscom,false,false
1429789201306,2147483647,2147483647,2147483647,2147483647,-113,13,Swisscom,false,false
1429789201306,2147483647,2147483647,2147483647,2147483647,-113,13,Swisscom,false,false
1429789201306,2147483647,2147483647,2147483647,2147483647,-113,13,Swisscom,false,false
1429789201306,2147483647,2147483647,2147483647,2147483647,-113,13,Swisscom,false,false
1429789261240,16856065,1818,1,228,-91,13,Swisscom,true,false
1429789261240,329,2147483647,2147483647,2147483647,-94,13,Swisscom,false,false
1429789261240,2147483647,2147483647,2147483647,2147483647,-113,13,Swisscom,false,false
1429789261240,2147483647,2147483647,2147483647,2147483647,-113,13,Swisscom,false,false
1429789261240,2147483647,2147483647,2147483647,2147483647,-113,13,Swisscom,false,false
1429789261240,2147483647,2147483647,2147483647,2147483647,-113,13,Swisscom,false,false
1429789261240,2147483647,2147483647,2147483647,2147483647,-113,13,Swisscom,false,false
1429789261240,2147483647,2147483647,2147483647,2147483647,-113,13,Swisscom,false,false
1429789261240,2147483647,2147483647,2147483647,2147483647,-113,13,Swisscom,false,false
1429789261240,2147483647,2147483647,2147483647,2147483647,-113,13,Swisscom,false,false
1429789261240,2147483647,2147483647,2147483647,2147483647,-113,13,Swisscom,false,false
1429789261240,2147483647,2147483647,2147483647,2147483647,-113,13,Swisscom,false,false
1429789261240,2147483647,2147483647,2147483647,2147483647,-113,13,Swisscom,false,false
1429789261240,2147483647,2147483647,2147483647,2147483647,-113,13,Swisscom,false,false
1429789261240,2147483647,2147483647,2147483647,2147483647,-113,13,Swisscom,false,false
1429789261240,2147483647,2147483647,2147483647,2147483647,-113,13,Swisscom,false,false
1429789261240,2147483647,2147483647,2147483647,2147483647,-113,13,Swisscom,false,false
1429789355853,16856065,1818,1,228,-88,13,Swisscom,true,false
1429789355853,329,2147483647,2147483647,2147483647,-94,13,Swisscom,false,false
1429789355853,2147483647,2147483647,2147483647,2147483647,-113,13,Swisscom,false,false
1429789355853,2147483647,2147483647,2147483647,2147483647,-113,13,Swisscom,false,false
1429789355853,2147483647,2147483647,2147483647,2147483647,-113,13,Swisscom,false,false
1429789355853,2147483647,2147483647,2147483647,2147483647,-113,13,Swisscom,false,false
1429789355853,2147483647,2147483647,2147483647,2147483647,-113,13,Swisscom,false,false
1429789355853,2147483647,2147483647,2147483647,2147483647,-113,13,Swisscom,false,false
1429789355853,2147483647,2147483647,2147483647,2147483647,-113,13,Swisscom,false,false
1429789355853,2147483647,2147483647,2147483647,2147483647,-113,13,Swisscom,false,false
1429789355853,2147483647,2147483647,2147483647,2147483647,-113,13,Swisscom,false,false
1429789355853,2147483647,2147483647,2147483647,2147483647,-113,13,Swisscom,false,false
1429789355853,2147483647,2147483647,2147483647,2147483647,-113,13,Swisscom,false,false
1429789355853,2147483647,2147483647,2147483647,2147483647,-113,13,Swisscom,false,false
1429789355853,2147483647,2147483647,2147483647,2147483647,-113,13,Swisscom,false,false
1429789355853,2147483647,2147483647,2147483647,2147483647,-113,13,Swisscom,false,false
1429789355853,2147483647,2147483647,2147483647,2147483647,-113,13,Swisscom,false,false
1429789416321,16856065,1818,1,228,-87,13,Swisscom,true,false
1429789416321,329,2147483647,2147483647,2147483647,-89,13,Swisscom,false,false
1429789416321,39,2147483647,2147483647,2147483647,-94,13,Swisscom,false,false
1429789416321,2147483647,2147483647,2147483647,2147483647,-113,13,Swisscom,false,false
1429789416321,2147483647,2147483647,2147483647,2147483647,-113,13,Swisscom,false,false
1429789416321,2147483647,2147483647,2147483647,2147483647,-113,13,Swisscom,false,false
1429789416321,2147483647,2147483647,2147483647,2147483647,-113,13,Swisscom,false,false
1429789416321,2147483647,2147483647,2147483647,2147483647,-113,13,Swisscom,false,false
1429789416321,2147483647,2147483647,2147483647,2147483647,-113,13,Swisscom,false,false
1429789416321,2147483647,2147483647,2147483647,2147483647,-113,13,Swisscom,false,false
1429789416321,2147483647,2147483647,2147483647,2147483647,-113,13,Swisscom,false,false
1429789416321,2147483647,2147483647,2147483647,2147483647,-113,13,Swisscom,false,false
1429789416321,2147483647,2147483647,2147483647,2147483647,-113,13,Swisscom,false,false
1429789416321,2147483647,2147483647,2147483647,2147483647,-113,13,Swisscom,false,false
1429789416321,2147483647,2147483647,2147483647,2147483647,-113,13,Swisscom,false,false
1429789416321,2147483647,2147483647,2147483647,2147483647,-113,13,Swisscom,false,false
1429789416321,2147483647,2147483647,2147483647,2147483647,-113,13,Swisscom,false,false
1429789416321,2147483647,2147483647,2147483647,2147483647,-113,13,Swisscom,false,false
1429789476540,16856065,1818,1,228,-86,13,Swisscom,true,false
1429789476540,329,2147483647,2147483647,2147483647,-94,13,Swisscom,false,false
1429789476540,2147483647,2147483647,2147483647,2147483647,-113,13,Swisscom,false,false
1429789476540,2147483647,2147483647,2147483647,2147483647,-113,13,Swisscom,false,false
1429789476540,2147483647,2147483647,2147483647,2147483647,-113,13,Swisscom,false,false
1429789476540,2147483647,2147483647,2147483647,2147483647,-113,13,Swisscom,false,false
1429789476540,2147483647,2147483647,2147483647,2147483647,-113,13,Swisscom,false,false
1429789476540,2147483647,2147483647,2147483647,2147483647,-113,13,Swisscom,false,false
1429789476540,2147483647,2147483647,2147483647,2147483647,-113,13,Swisscom,false,false
1429789476540,2147483647,2147483647,2147483647,2147483647,-113,13,Swisscom,false,false
1429789476540,2147483647,2147483647,2147483647,2147483647,-113,13,Swisscom,false,false
1429789476540,2147483647,2147483647,2147483647,2147483647,-113,13,Swisscom,false,false
1429789476540,2147483647,2147483647,2147483647,2147483647,-113,13,Swisscom,false,false
1429789476540,2147483647,2147483647,2147483647,2147483647,-113,13,Swisscom,false,false
1429789476540,2147483647,2147483647,2147483647,2147483647,-113,13,Swisscom,false,false
1429789476540,2147483647,2147483647,2147483647,2147483647,-113,13,Swisscom,false,false
1429789476540,2147483647,2147483647,2147483647,2147483647,-113,13,Swisscom,false,false
1429789536628,16856065,1818,1,228,-88,13,Swisscom,true,false
1429789536628,329,2147483647,2147483647,2147483647,-96,13,Swisscom,false,false
1429789536628,2147483647,2147483647,2147483647,2147483647,-113,13,Swisscom,false,false
1429789536628,2147483647,2147483647,2147483647,2147483647,-113,13,Swisscom,false,false
1429789536628,2147483647,2147483647,2147483647,2147483647,-113,13,Swisscom,false,false
1429789536628,2147483647,2147483647,2147483647,2147483647,-113,13,Swisscom,false,false
1429789536628,2147483647,2147483647,2147483647,2147483647,-113,13,Swisscom,false,false
1429789536628,2147483647,2147483647,2147483647,2147483647,-113,13,Swisscom,false,false
1429789536628,2147483647,2147483647,2147483647,2147483647,-113,13,Swisscom,false,false
1429789536628,2147483647,2147483647,2147483647,2147483647,-113,13,Swisscom,false,false
1429789536628,2147483647,2147483647,2147483647,2147483647,-113,13,Swisscom,false,false
1429789536628,2147483647,2147483647,2147483647,2147483647,-113,13,Swisscom,false,false
1429789536628,2147483647,2147483647,2147483647,2147483647,-113,13,Swisscom,false,false
1429789536628,2147483647,2147483647,2147483647,2147483647,-113,13,Swisscom,false,false
1429789536628,2147483647,2147483647,2147483647,2147483647,-113,13,Swisscom,false,false
1429789536628,2147483647,2147483647,2147483647,2147483647,-113,13,Swisscom,false,false
1429789536628,2147483647,2147483647,2147483647,2147483647,-113,13,Swisscom,false,false
1429789596877,16856065,1818,1,228,-88,13,Swisscom,true,false
1429789596877,329,2147483647,2147483647,2147483647,-95,13,Swisscom,false,false
1429789596877,39,2147483647,2147483647,2147483647,-101,13,Swisscom,false,false
1429789596877,2147483647,2147483647,2147483647,2147483647,-113,13,Swisscom,false,false
1429789596877,2147483647,2147483647,2147483647,2147483647,-113,13,Swisscom,false,false
1429789596877,2147483647,2147483647,2147483647,2147483647,-113,13,Swisscom,false,false
1429789596877,2147483647,2147483647,2147483647,2147483647,-113,13,Swisscom,false,false
1429789596877,2147483647,2147483647,2147483647,2147483647,-113,13,Swisscom,false,false
1429789596877,2147483647,2147483647,2147483647,2147483647,-113,13,Swisscom,false,false
1429789596877,2147483647,2147483647,2147483647,2147483647,-113,13,Swisscom,false,false
1429789596877,2147483647,2147483647,2147483647,2147483647,-113,13,Swisscom,false,false
1429789596877,2147483647,2147483647,2147483647,2147483647,-113,13,Swisscom,false,false
1429789596877,2147483647,2147483647,2147483647,2147483647,-113,13,Swisscom,false,false
1429789596877,2147483647,2147483647,2147483647,2147483647,-113,13,Swisscom,false,false
1429789596877,2147483647,2147483647,2147483647,2147483647,-113,13,Swisscom,false,false
1429789596877,2147483647,2147483647,2147483647,2147483647,-113,13,Swisscom,false,false
1429789596877,2147483647,2147483647,2147483647,2147483647,-113,13,Swisscom,false,false
1429789596877,2147483647,2147483647,2147483647,2147483647,-113,13,Swisscom,false,false
1429789657007,16856065,1818,1,228,-88,13,Swisscom,true,false
1429789657007,329,2147483647,2147483647,2147483647,-93,13,Swisscom,false,false
1429789657007,2147483647,2147483647,2147483647,2147483647,-113,13,Swisscom,false,false
1429789657007,2147483647,2147483647,2147483647,2147483647,-113,13,Swisscom,false,false
1429789657007,2147483647,2147483647,2147483647,2147483647,-113,13,Swisscom,false,false
1429789657007,2147483647,2147483647,2147483647,2147483647,-113,13,Swisscom,false,false
1429789657007,2147483647,2147483647,2147483647,2147483647,-113,13,Swisscom,false,false
1429789657007,2147483647,2147483647,2147483647,2147483647,-113,13,Swisscom,false,false
1429789657007,2147483647,2147483647,2147483647,2147483647,-113,13,Swisscom,false,false
1429789657007,2147483647,2147483647,2147483647,2147483647,-113,13,Swisscom,false,false
1429789657007,2147483647,2147483647,2147483647,2147483647,-113,13,Swisscom,false,false
1429789657007,2147483647,2147483647,2147483647,2147483647,-113,13,Swisscom,false,false
1429789657007,2147483647,2147483647,2147483647,2147483647,-113,13,Swisscom,false,false
1429789657007,2147483647,2147483647,2147483647,2147483647,-113,13,Swisscom,false,false
1429789657007,2147483647,2147483647,2147483647,2147483647,-113,13,Swisscom,false,false
1429789657007,2147483647,2147483647,2147483647,2147483647,-113,13,Swisscom,false,false
1429789657007,2147483647,2147483647,2147483647,2147483647,-113,13,Swisscom,false,false
1429789717248,16856065,1818,1,228,-87,13,Swisscom,true,false
1429789717248,329,2147483647,2147483647,2147483647,-92,13,Swisscom,false,false
1429789717248,72,2147483647,2147483647,2147483647,-102,13,Swisscom,false,false
1429789717248,2147483647,2147483647,2147483647,2147483647,-113,13,Swisscom,false,false
1429789717248,2147483647,2147483647,2147483647,2147483647,-113,13,Swisscom,false,false
1429789717248,2147483647,2147483647,2147483647,2147483647,-113,13,Swisscom,false,false
1429789717248,2147483647,2147483647,2147483647,2147483647,-113,13,Swisscom,false,false
1429789717248,2147483647,2147483647,2147483647,2147483647,-113,13,Swisscom,false,false
1429789717248,2147483647,2147483647,2147483647,2147483647,-113,13,Swisscom,false,false
1429789717248,2147483647,2147483647,2147483647,2147483647,-113,13,Swisscom,false,false
1429789717248,2147483647,2147483647,2147483647,2147483647,-113,13,Swisscom,false,false
1429789717248,2147483647,2147483647,2147483647,2147483647,-113,13,Swisscom,false,false
1429789717248,2147483647,2147483647,2147483647,2147483647,-113,13,Swisscom,false,false
1429789717248,2147483647,2147483647,2147483647,2147483647,-113,13,Swisscom,false,false
1429789717248,2147483647,2147483647,2147483647,2147483647,-113,13,Swisscom,false,false
1429789717248,2147483647,2147483647,2147483647,2147483647,-113,13,Swisscom,false,false
1429789717248,2147483647,2147483647,2147483647,2147483647,-113,13,Swisscom,false,false
1429789717248,2147483647,2147483647,2147483647,2147483647,-113,13,Swisscom,false,false
1429789780187,16856065,1818,1,228,-86,13,Swisscom,true,false
1429789780187,329,2147483647,2147483647,2147483647,-92,13,Swisscom,false,false
1429789780187,2147483647,2147483647,2147483647,2147483647,-113,13,Swisscom,false,false
1429789780187,2147483647,2147483647,2147483647,2147483647,-113,13,Swisscom,false,false
1429789780187,2147483647,2147483647,2147483647,2147483647,-113,13,Swisscom,false,false
1429789780187,2147483647,2147483647,2147483647,2147483647,-113,13,Swisscom,false,false
1429789780187,2147483647,2147483647,2147483647,2147483647,-113,13,Swisscom,false,false
1429789780187,2147483647,2147483647,2147483647,2147483647,-113,13,Swisscom,false,false
1429789780187,2147483647,2147483647,2147483647,2147483647,-113,13,Swisscom,false,false
1429789780187,2147483647,2147483647,2147483647,2147483647,-113,13,Swisscom,false,false
1429789780187,2147483647,2147483647,2147483647,2147483647,-113,13,Swisscom,false,false
1429789780187,2147483647,2147483647,2147483647,2147483647,-113,13,Swisscom,false,false
1429789780187,2147483647,2147483647,2147483647,2147483647,-113,13,Swisscom,false,false
1429789780187,2147483647,2147483647,2147483647,2147483647,-113,13,Swisscom,false,false
1429789780187,2147483647,2147483647,2147483647,2147483647,-113,13,Swisscom,false,false
1429789780187,2147483647,2147483647,2147483647,2147483647,-113,13,Swisscom,false,false
1429789780187,2147483647,2147483647,2147483647,2147483647,-113,13,Swisscom,false,false
1429789840358,16856065,1818,1,228,-87,13,Swisscom,true,false
1429789840358,329,2147483647,2147483647,2147483647,-93,13,Swisscom,false,false
1429789840358,2147483647,2147483647,2147483647,2147483647,-113,13,Swisscom,false,false
1429789840358,2147483647,2147483647,2147483647,2147483647,-113,13,Swisscom,false,false
1429789840358,2147483647,2147483647,2147483647,2147483647,-113,13,Swisscom,false,false
1429789840358,2147483647,2147483647,2147483647,2147483647,-113,13,Swisscom,false,false
1429789840358,2147483647,2147483647,2147483647,2147483647,-113,13,Swisscom,false,false
1429789840358,2147483647,2147483647,2147483647,2147483647,-113,13,Swisscom,false,false
1429789840358,2147483647,2147483647,2147483647,2147483647,-113,13,Swisscom,false,false
1429789840358,2147483647,2147483647,2147483647,2147483647,-113,13,Swisscom,false,false
1429789840358,2147483647,2147483647,2147483647,2147483647,-113,13,Swisscom,false,false
1429789840358,2147483647,2147483647,2147483647,2147483647,-113,13,Swisscom,false,false
1429789840358,2147483647,2147483647,2147483647,2147483647,-113,13,Swisscom,false,false
1429789840358,2147483647,2147483647,2147483647,2147483647,-113,13,Swisscom,false,false
1429789840358,2147483647,2147483647,2147483647,2147483647,-113,13,Swisscom,false,false
1429789840358,2147483647,2147483647,2147483647,2147483647,-113,13,Swisscom,false,false
1429789840358,2147483647,2147483647,2147483647,2147483647,-113,13,Swisscom,false,false
1429789900441,16856065,1818,1,228,-88,13,Swisscom,true,false
1429789900441,329,2147483647,2147483647,2147483647,-92,13,Swisscom,false,false
1429789960524,16856065,1818,1,228,-86,13,Swisscom,true,false
1429789960524,329,2147483647,2147483647,2147483647,-89,13,Swisscom,false,false
1429789960524,166,2147483647,2147483647,2147483647,-105,13,Swisscom,false,false
1429789960524,39,2147483647,2147483647,2147483647,-96,13,Swisscom,false,false
1429790020600,16856065,1818,1,228,-86,13,Swisscom,true,false
1429790020600,329,2147483647,2147483647,2147483647,-89,13,Swisscom,false,false
1429790020600,233,2147483647,2147483647,2147483647,-96,13,Swisscom,false,false
1429790020600,166,2147483647,2147483647,2147483647,-104,13,Swisscom,false,false
1429790020600,62,2147483647,2147483647,2147483647,-105,13,Swisscom,false,false
1429790020600,2147483647,2147483647,2147483647,2147483647,-113,13,Swisscom,false,false
1429790020600,2147483647,2147483647,2147483647,2147483647,-113,13,Swisscom,false,false
1429790020600,2147483647,2147483647,2147483647,2147483647,-113,13,Swisscom,false,false
1429790020600,2147483647,2147483647,2147483647,2147483647,-113,13,Swisscom,false,false
1429790020600,2147483647,2147483647,2147483647,2147483647,-113,13,Swisscom,false,false
1429790020600,2147483647,2147483647,2147483647,2147483647,-113,13,Swisscom,false,false
1429790020600,2147483647,2147483647,2147483647,2147483647,-113,13,Swisscom,false,false
1429790020600,2147483647,2147483647,2147483647,2147483647,-113,13,Swisscom,false,false
1429790020600,2147483647,2147483647,2147483647,2147483647,-113,13,Swisscom,false,false
1429790020600,2147483647,2147483647,2147483647,2147483647,-113,13,Swisscom,false,false
1429790020600,2147483647,2147483647,2147483647,2147483647,-113,13,Swisscom,false,false
1429790020600,2147483647,2147483647,2147483647,2147483647,-113,13,Swisscom,false,false
1429790020600,2147483647,2147483647,2147483647,2147483647,-113,13,Swisscom,false,false
1429790020600,2147483647,2147483647,2147483647,2147483647,-113,13,Swisscom,false,false
1429790020600,2147483647,2147483647,2147483647,2147483647,-113,13,Swisscom,false,false
1429790080677,16856065,1818,1,228,-84,13,Swisscom,true,false
1429790080677,39,2147483647,2147483647,2147483647,-87,13,Swisscom,false,false
1429790080677,329,2147483647,2147483647,2147483647,-88,13,Swisscom,false,false
1429790080677,2147483647,2147483647,2147483647,2147483647,-113,13,Swisscom,false,false
1429790080677,2147483647,2147483647,2147483647,2147483647,-113,13,Swisscom,false,false
1429790080677,2147483647,2147483647,2147483647,2147483647,-113,13,Swisscom,false,false
1429790080677,2147483647,2147483647,2147483647,2147483647,-113,13,Swisscom,false,false
1429790080677,2147483647,2147483647,2147483647,2147483647,-113,13,Swisscom,false,false
1429790080677,2147483647,2147483647,2147483647,2147483647,-113,13,Swisscom,false,false
1429790080677,2147483647,2147483647,2147483647,2147483647,-113,13,Swisscom,false,false
1429790080677,2147483647,2147483647,2147483647,2147483647,-113,13,Swisscom,false,false
1429790080677,2147483647,2147483647,2147483647,2147483647,-113,13,Swisscom,false,false
1429790080677,2147483647,2147483647,2147483647,2147483647,-113,13,Swisscom,false,false
1429790080677,2147483647,2147483647,2147483647,2147483647,-113,13,Swisscom,false,false
1429790080677,2147483647,2147483647,2147483647,2147483647,-113,13,Swisscom,false,false
1429790080677,2147483647,2147483647,2147483647,2147483647,-113,13,Swisscom,false,false
1429790080677,2147483647,2147483647,2147483647,2147483647,-113,13,Swisscom,false,false
1429790080677,2147483647,2147483647,2147483647,2147483647,-113,13,Swisscom,false,false
1429790170181,16856065,1818,1,228,-87,13,Swisscom,true,false
1429790170181,329,2147483647,2147483647,2147483647,-91,13,Swisscom,false,false
1429790170181,2147483647,2147483647,2147483647,2147483647,-113,13,Swisscom,false,false
1429790170181,2147483647,2147483647,2147483647,2147483647,-113,13,Swisscom,false,false
1429790170181,2147483647,2147483647,2147483647,2147483647,-113,13,Swisscom,false,false
1429790170181,2147483647,2147483647,2147483647,2147483647,-113,13,Swisscom,false,false
1429790170181,2147483647,2147483647,2147483647,2147483647,-113,13,Swisscom,false,false
1429790170181,2147483647,2147483647,2147483647,2147483647,-113,13,Swisscom,false,false
1429790170181,2147483647,2147483647,2147483647,2147483647,-113,13,Swisscom,false,false
1429790170181,2147483647,2147483647,2147483647,2147483647,-113,13,Swisscom,false,false
1429790170181,2147483647,2147483647,2147483647,2147483647,-113,13,Swisscom,false,false
1429790170181,2147483647,2147483647,2147483647,2147483647,-113,13,Swisscom,false,false
1429790170181,2147483647,2147483647,2147483647,2147483647,-113,13,Swisscom,false,false
1429790170181,2147483647,2147483647,2147483647,2147483647,-113,13,Swisscom,false,false
1429790170181,2147483647,2147483647,2147483647,2147483647,-113,13,Swisscom,false,false
1429790170181,2147483647,2147483647,2147483647,2147483647,-113,13,Swisscom,false,false
1429790170181,2147483647,2147483647,2147483647,2147483647,-113,13,Swisscom,false,false
1429790230281,16856065,1818,1,228,-86,13,Swisscom,true,false
1429790230281,329,2147483647,2147483647,2147483647,-88,13,Swisscom,false,false
1429790230281,39,2147483647,2147483647,2147483647,-91,13,Swisscom,false,false
1429790230281,2147483647,2147483647,2147483647,2147483647,-113,13,Swisscom,false,false
1429790230281,2147483647,2147483647,2147483647,2147483647,-113,13,Swisscom,false,false
1429790230281,2147483647,2147483647,2147483647,2147483647,-113,13,Swisscom,false,false
1429790230281,2147483647,2147483647,2147483647,2147483647,-113,13,Swisscom,false,false
1429790230281,2147483647,2147483647,2147483647,2147483647,-113,13,Swisscom,false,false
1429790230281,2147483647,2147483647,2147483647,2147483647,-113,13,Swisscom,false,false
1429790230281,2147483647,2147483647,2147483647,2147483647,-113,13,Swisscom,false,false
1429790230281,2147483647,2147483647,2147483647,2147483647,-113,13,Swisscom,false,false
1429790230281,2147483647,2147483647,2147483647,2147483647,-113,13,Swisscom,false,false
1429790230281,2147483647,2147483647,2147483647,2147483647,-113,13,Swisscom,false,false
1429790230281,2147483647,2147483647,2147483647,2147483647,-113,13,Swisscom,false,false
1429790230281,2147483647,2147483647,2147483647,2147483647,-113,13,Swisscom,false,false
1429790230281,2147483647,2147483647,2147483647,2147483647,-113,13,Swisscom,false,false
1429790230281,2147483647,2147483647,2147483647,2147483647,-113,13,Swisscom,false,false
1429790230281,2147483647,2147483647,2147483647,2147483647,-113,13,Swisscom,false,false
1429790290422,16856065,1818,1,228,-89,13,Swisscom,true,false
1429790290422,329,2147483647,2147483647,2147483647,-96,13,Swisscom,false,false
1429790290422,2147483647,2147483647,2147483647,2147483647,-113,13,Swisscom,false,false
1429790290422,2147483647,2147483647,2147483647,2147483647,-113,13,Swisscom,false,false
1429790290422,2147483647,2147483647,2147483647,2147483647,-113,13,Swisscom,false,false
1429790290422,2147483647,2147483647,2147483647,2147483647,-113,13,Swisscom,false,false
1429790290422,2147483647,2147483647,2147483647,2147483647,-113,13,Swisscom,false,false
1429790290422,2147483647,2147483647,2147483647,2147483647,-113,13,Swisscom,false,false
1429790290422,2147483647,2147483647,2147483647,2147483647,-113,13,Swisscom,false,false
1429790290422,2147483647,2147483647,2147483647,2147483647,-113,13,Swisscom,false,false
1429790290422,2147483647,2147483647,2147483647,2147483647,-113,13,Swisscom,false,false
1429790290422,2147483647,2147483647,2147483647,2147483647,-113,13,Swisscom,false,false
1429790290422,2147483647,2147483647,2147483647,2147483647,-113,13,Swisscom,false,false
1429790290422,2147483647,2147483647,2147483647,2147483647,-113,13,Swisscom,false,false
1429790290422,2147483647,2147483647,2147483647,2147483647,-113,13,Swisscom,false,false
1429790290422,2147483647,2147483647,2147483647,2147483647,-113,13,Swisscom,false,false
1429790290422,2147483647,2147483647,2147483647,2147483647,-113,13,Swisscom,false,false
1429790350476,16856065,1818,1,228,-89,13,Swisscom,true,false
1429790350476,329,2147483647,2147483647,2147483647,-94,13,Swisscom,false,false
1429790350476,39,2147483647,2147483647,2147483647,-97,13,Swisscom,false,false
1429790350476,2147483647,2147483647,2147483647,2147483647,-113,13,Swisscom,false,false
1429790350476,2147483647,2147483647,2147483647,2147483647,-113,13,Swisscom,false,false
1429790350476,2147483647,2147483647,2147483647,2147483647,-113,13,Swisscom,false,false
1429790350476,2147483647,2147483647,2147483647,2147483647,-113,13,Swisscom,false,false
1429790350476,2147483647,2147483647,2147483647,2147483647,-113,13,Swisscom,false,false
1429790350476,2147483647,2147483647,2147483647,2147483647,-113,13,Swisscom,false,false
1429790350476,2147483647,2147483647,2147483647,2147483647,-113,13,Swisscom,false,false
1429790350476,2147483647,2147483647,2147483647,2147483647,-113,13,Swisscom,false,false
1429790350476,2147483647,2147483647,2147483647,2147483647,-113,13,Swisscom,false,false
1429790350476,2147483647,2147483647,2147483647,2147483647,-113,13,Swisscom,false,false
1429790350476,2147483647,2147483647,2147483647,2147483647,-113,13,Swisscom,false,false
1429790350476,2147483647,2147483647,2147483647,2147483647,-113,13,Swisscom,false,false
1429790350476,2147483647,2147483647,2147483647,2147483647,-113,13,Swisscom,false,false
1429790350476,2147483647,2147483647,2147483647,2147483647,-113,13,Swisscom,false,false
1429790350476,2147483647,2147483647,2147483647,2147483647,-113,13,Swisscom,false,false
1429790410562,16856065,1818,1,228,-90,13,Swisscom,true,false
1429790410562,329,2147483647,2147483647,2147483647,-91,13,Swisscom,false,false
1429790410562,39,2147483647,2147483647,2147483647,-101,13,Swisscom,false,false
1429790410562,2147483647,2147483647,2147483647,2147483647,-113,13,Swisscom,false,false
1429790410562,2147483647,2147483647,2147483647,2147483647,-113,13,Swisscom,false,false
1429790410562,2147483647,2147483647,2147483647,2147483647,-113,13,Swisscom,false,false
1429790410562,2147483647,2147483647,2147483647,2147483647,-113,13,Swisscom,false,false
1429790410562,2147483647,2147483647,2147483647,2147483647,-113,13,Swisscom,false,false
1429790410562,2147483647,2147483647,2147483647,2147483647,-113,13,Swisscom,false,false
1429790410562,2147483647,2147483647,2147483647,2147483647,-113,13,Swisscom,false,false
1429790410562,2147483647,2147483647,2147483647,2147483647,-113,13,Swisscom,false,false
1429790410562,2147483647,2147483647,2147483647,2147483647,-113,13,Swisscom,false,false
1429790410562,2147483647,2147483647,2147483647,2147483647,-113,13,Swisscom,false,false
1429790410562,2147483647,2147483647,2147483647,2147483647,-113,13,Swisscom,false,false
1429790410562,2147483647,2147483647,2147483647,2147483647,-113,13,Swisscom,false,false
1429790410562,2147483647,2147483647,2147483647,2147483647,-113,13,Swisscom,false,false
1429790410562,2147483647,2147483647,2147483647,2147483647,-113,13,Swisscom,false,false
1429790410562,2147483647,2147483647,2147483647,2147483647,-113,13,Swisscom,false,false
1429790470687,16856065,1818,1,228,-88,13,Swisscom,true,false
1429790470687,329,2147483647,2147483647,2147483647,-90,13,Swisscom,false,false
1429790470687,2147483647,2147483647,2147483647,2147483647,-113,13,Swisscom,false,false
1429790470687,2147483647,2147483647,2147483647,2147483647,-113,13,Swisscom,false,false
1429790470687,2147483647,2147483647,2147483647,2147483647,-113,13,Swisscom,false,false
1429790470687,2147483647,2147483647,2147483647,2147483647,-113,13,Swisscom,false,false
1429790470687,2147483647,2147483647,2147483647,2147483647,-113,13,Swisscom,false,false
1429790470687,2147483647,2147483647,2147483647,2147483647,-113,13,Swisscom,false,false
1429790470687,2147483647,2147483647,2147483647,2147483647,-113,13,Swisscom,false,false
1429790470687,2147483647,2147483647,2147483647,2147483647,-113,13,Swisscom,false,false
1429790470687,2147483647,2147483647,2147483647,2147483647,-113,13,Swisscom,false,false
1429790470687,2147483647,2147483647,2147483647,2147483647,-113,13,Swisscom,false,false
1429790470687,2147483647,2147483647,2147483647,2147483647,-113,13,Swisscom,false,false
1429790470687,2147483647,2147483647,2147483647,2147483647,-113,13,Swisscom,false,false
1429790470687,2147483647,2147483647,2147483647,2147483647,-113,13,Swisscom,false,false
1429790470687,2147483647,2147483647,2147483647,2147483647,-113,13,Swisscom,false,false
1429790470687,2147483647,2147483647,2147483647,2147483647,-113,13,Swisscom,false,false
1429790530768,16856065,1818,1,228,-88,13,Swisscom,true,false
1429790530768,329,2147483647,2147483647,2147483647,-95,13,Swisscom,false,false
1429790530768,2147483647,2147483647,2147483647,2147483647,-113,13,Swisscom,false,false
1429790530768,2147483647,2147483647,2147483647,2147483647,-113,13,Swisscom,false,false
1429790530768,2147483647,2147483647,2147483647,2147483647,-113,13,Swisscom,false,false
1429790530768,2147483647,2147483647,2147483647,2147483647,-113,13,Swisscom,false,false
1429790530768,2147483647,2147483647,2147483647,2147483647,-113,13,Swisscom,false,false
1429790530768,2147483647,2147483647,2147483647,2147483647,-113,13,Swisscom,false,false
1429790530768,2147483647,2147483647,2147483647,2147483647,-113,13,Swisscom,false,false
1429790530768,2147483647,2147483647,2147483647,2147483647,-113,13,Swisscom,false,false
1429790530768,2147483647,2147483647,2147483647,2147483647,-113,13,Swisscom,false,false
1429790530768,2147483647,2147483647,2147483647,2147483647,-113,13,Swisscom,false,false
1429790530768,2147483647,2147483647,2147483647,2147483647,-113,13,Swisscom,false,false
1429790530768,2147483647,2147483647,2147483647,2147483647,-113,13,Swisscom,false,false
1429790530768,2147483647,2147483647,2147483647,2147483647,-113,13,Swisscom,false,false
1429790530768,2147483647,2147483647,2147483647,2147483647,-113,13,Swisscom,false,false
1429790530768,2147483647,2147483647,2147483647,2147483647,-113,13,Swisscom,false,false
1429790590937,16856065,1818,1,228,-88,13,Swisscom,true,false
1429790590937,329,2147483647,2147483647,2147483647,-91,13,Swisscom,false,false
1429790590937,2147483647,2147483647,2147483647,2147483647,-113,13,Swisscom,false,false
1429790590937,2147483647,2147483647,2147483647,2147483647,-113,13,Swisscom,false,false
1429790590937,2147483647,2147483647,2147483647,2147483647,-113,13,Swisscom,false,false
1429790590937,2147483647,2147483647,2147483647,2147483647,-113,13,Swisscom,false,false
1429790590937,2147483647,2147483647,2147483647,2147483647,-113,13,Swisscom,false,false
1429790590937,2147483647,2147483647,2147483647,2147483647,-113,13,Swisscom,false,false
1429790590937,2147483647,2147483647,2147483647,2147483647,-113,13,Swisscom,false,false
1429790590937,2147483647,2147483647,2147483647,2147483647,-113,13,Swisscom,false,false
1429790590937,2147483647,2147483647,2147483647,2147483647,-113,13,Swisscom,false,false
1429790590937,2147483647,2147483647,2147483647,2147483647,-113,13,Swisscom,false,false
1429790590937,2147483647,2147483647,2147483647,2147483647,-113,13,Swisscom,false,false
1429790590937,2147483647,2147483647,2147483647,2147483647,-113,13,Swisscom,false,false
1429790590937,2147483647,2147483647,2147483647,2147483647,-113,13,Swisscom,false,false
1429790590937,2147483647,2147483647,2147483647,2147483647,-113,13,Swisscom,false,false
1429790590937,2147483647,2147483647,2147483647,2147483647,-113,13,Swisscom,false,false
1429790651059,16856065,1818,1,228,-88,13,Swisscom,true,false
1429790651059,329,2147483647,2147483647,2147483647,-92,13,Swisscom,false,false
1429790651059,2147483647,2147483647,2147483647,2147483647,-113,13,Swisscom,false,false
1429790651059,2147483647,2147483647,2147483647,2147483647,-113,13,Swisscom,false,false
1429790651059,2147483647,2147483647,2147483647,2147483647,-113,13,Swisscom,false,false
1429790651059,2147483647,2147483647,2147483647,2147483647,-113,13,Swisscom,false,false
1429790651059,2147483647,2147483647,2147483647,2147483647,-113,13,Swisscom,false,false
1429790651059,2147483647,2147483647,2147483647,2147483647,-113,13,Swisscom,false,false
1429790651059,2147483647,2147483647,2147483647,2147483647,-113,13,Swisscom,false,false
1429790651059,2147483647,2147483647,2147483647,2147483647,-113,13,Swisscom,false,false
1429790651059,2147483647,2147483647,2147483647,2147483647,-113,13,Swisscom,false,false
1429790651059,2147483647,2147483647,2147483647,2147483647,-113,13,Swisscom,false,false
1429790651059,2147483647,2147483647,2147483647,2147483647,-113,13,Swisscom,false,false
1429790651059,2147483647,2147483647,2147483647,2147483647,-113,13,Swisscom,false,false
1429790651059,2147483647,2147483647,2147483647,2147483647,-113,13,Swisscom,false,false
1429790651059,2147483647,2147483647,2147483647,2147483647,-113,13,Swisscom,false,false
1429790651059,2147483647,2147483647,2147483647,2147483647,-113,13,Swisscom,false,false
1429790711148,16856065,1818,1,228,-89,13,Swisscom,true,false
1429790711148,329,2147483647,2147483647,2147483647,-92,13,Swisscom,false,false
1429790711148,2147483647,2147483647,2147483647,2147483647,-113,13,Swisscom,false,false
1429790711148,2147483647,2147483647,2147483647,2147483647,-113,13,Swisscom,false,false
1429790711148,2147483647,2147483647,2147483647,2147483647,-113,13,Swisscom,false,false
1429790711148,2147483647,2147483647,2147483647,2147483647,-113,13,Swisscom,false,false
1429790711148,2147483647,2147483647,2147483647,2147483647,-113,13,Swisscom,false,false
1429790711148,2147483647,2147483647,2147483647,2147483647,-113,13,Swisscom,false,false
1429790711148,2147483647,2147483647,2147483647,2147483647,-113,13,Swisscom,false,false
1429790711148,2147483647,2147483647,2147483647,2147483647,-113,13,Swisscom,false,false
1429790711148,2147483647,2147483647,2147483647,2147483647,-113,13,Swisscom,false,false
1429790711148,2147483647,2147483647,2147483647,2147483647,-113,13,Swisscom,false,false
1429790711148,2147483647,2147483647,2147483647,2147483647,-113,13,Swisscom,false,false
1429790711148,2147483647,2147483647,2147483647,2147483647,-113,13,Swisscom,false,false
1429790711148,2147483647,2147483647,2147483647,2147483647,-113,13,Swisscom,false,false
1429790711148,2147483647,2147483647,2147483647,2147483647,-113,13,Swisscom,false,false
1429790711148,2147483647,2147483647,2147483647,2147483647,-113,13,Swisscom,false,false
1429790771247,16856065,1818,1,228,-88,13,Swisscom,true,false
1429790771247,329,2147483647,2147483647,2147483647,-90,13,Swisscom,false,false
1429790771247,2147483647,2147483647,2147483647,2147483647,-113,13,Swisscom,false,false
1429790771247,2147483647,2147483647,2147483647,2147483647,-113,13,Swisscom,false,false
1429790771247,2147483647,2147483647,2147483647,2147483647,-113,13,Swisscom,false,false
1429790771247,2147483647,2147483647,2147483647,2147483647,-113,13,Swisscom,false,false
1429790771247,2147483647,2147483647,2147483647,2147483647,-113,13,Swisscom,false,false
1429790771247,2147483647,2147483647,2147483647,2147483647,-113,13,Swisscom,false,false
1429790771247,2147483647,2147483647,2147483647,2147483647,-113,13,Swisscom,false,false
1429790771247,2147483647,2147483647,2147483647,2147483647,-113,13,Swisscom,false,false
1429790771247,2147483647,2147483647,2147483647,2147483647,-113,13,Swisscom,false,false
1429790771247,2147483647,2147483647,2147483647,2147483647,-113,13,Swisscom,false,false
1429790771247,2147483647,2147483647,2147483647,2147483647,-113,13,Swisscom,false,false
1429790771247,2147483647,2147483647,2147483647,2147483647,-113,13,Swisscom,false,false
1429790771247,2147483647,2147483647,2147483647,2147483647,-113,13,Swisscom,false,false
1429790771247,2147483647,2147483647,2147483647,2147483647,-113,13,Swisscom,false,false
1429790771247,2147483647,2147483647,2147483647,2147483647,-113,13,Swisscom,false,false
1429790831341,16856065,1818,1,228,-88,13,Swisscom,true,false
1429790831341,329,2147483647,2147483647,2147483647,-92,13,Swisscom,false,false
1429790831341,2147483647,2147483647,2147483647,2147483647,-113,13,Swisscom,false,false
1429790831341,2147483647,2147483647,2147483647,2147483647,-113,13,Swisscom,false,false
1429790831341,2147483647,2147483647,2147483647,2147483647,-113,13,Swisscom,false,false
1429790831341,2147483647,2147483647,2147483647,2147483647,-113,13,Swisscom,false,false
1429790831341,2147483647,2147483647,2147483647,2147483647,-113,13,Swisscom,false,false
1429790831341,2147483647,2147483647,2147483647,2147483647,-113,13,Swisscom,false,false
1429790831341,2147483647,2147483647,2147483647,2147483647,-113,13,Swisscom,false,false
1429790831341,2147483647,2147483647,2147483647,2147483647,-113,13,Swisscom,false,false
1429790831341,2147483647,2147483647,2147483647,2147483647,-113,13,Swisscom,false,false
1429790831341,2147483647,2147483647,2147483647,2147483647,-113,13,Swisscom,false,false
1429790831341,2147483647,2147483647,2147483647,2147483647,-113,13,Swisscom,false,false
1429790831341,2147483647,2147483647,2147483647,2147483647,-113,13,Swisscom,false,false
1429790831341,2147483647,2147483647,2147483647,2147483647,-113,13,Swisscom,false,false
1429790831341,2147483647,2147483647,2147483647,2147483647,-113,13,Swisscom,false,false
1429790831341,2147483647,2147483647,2147483647,2147483647,-113,13,Swisscom,false,false
1429790891436,16856065,1818,1,228,-88,13,Swisscom,true,false
1429790891436,329,2147483647,2147483647,2147483647,-93,13,Swisscom,false,false
1429790891436,2147483647,2147483647,2147483647,2147483647,-113,13,Swisscom,false,false
1429790891436,2147483647,2147483647,2147483647,2147483647,-113,13,Swisscom,false,false
1429790891436,2147483647,2147483647,2147483647,2147483647,-113,13,Swisscom,false,false
1429790891436,2147483647,2147483647,2147483647,2147483647,-113,13,Swisscom,false,false
1429790891436,2147483647,2147483647,2147483647,2147483647,-113,13,Swisscom,false,false
1429790891436,2147483647,2147483647,2147483647,2147483647,-113,13,Swisscom,false,false
1429790891436,2147483647,2147483647,2147483647,2147483647,-113,13,Swisscom,false,false
1429790891436,2147483647,2147483647,2147483647,2147483647,-113,13,Swisscom,false,false
1429790891436,2147483647,2147483647,2147483647,2147483647,-113,13,Swisscom,false,false
1429790891436,2147483647,2147483647,2147483647,2147483647,-113,13,Swisscom,false,false
1429790891436,2147483647,2147483647,2147483647,2147483647,-113,13,Swisscom,false,false
1429790891436,2147483647,2147483647,2147483647,2147483647,-113,13,Swisscom,false,false
1429790891436,2147483647,2147483647,2147483647,2147483647,-113,13,Swisscom,false,false
1429790891436,2147483647,2147483647,2147483647,2147483647,-113,13,Swisscom,false,false
1429790891436,2147483647,2147483647,2147483647,2147483647,-113,13,Swisscom,false,false
1429790951498,16856065,1818,1,228,-89,13,Swisscom,true,false
1429790951498,329,2147483647,2147483647,2147483647,-93,13,Swisscom,false,false
1429790951498,2147483647,2147483647,2147483647,2147483647,-113,13,Swisscom,false,false
1429790951498,2147483647,2147483647,2147483647,2147483647,-113,13,Swisscom,false,false
1429790951498,2147483647,2147483647,2147483647,2147483647,-113,13,Swisscom,false,false
1429790951498,2147483647,2147483647,2147483647,2147483647,-113,13,Swisscom,false,false
1429790951498,2147483647,2147483647,2147483647,2147483647,-113,13,Swisscom,false,false
1429790951498,2147483647,2147483647,2147483647,2147483647,-113,13,Swisscom,false,false
1429790951498,2147483647,2147483647,2147483647,2147483647,-113,13,Swisscom,false,false
1429790951498,2147483647,2147483647,2147483647,2147483647,-113,13,Swisscom,false,false
1429790951498,2147483647,2147483647,2147483647,2147483647,-113,13,Swisscom,false,false
1429790951498,2147483647,2147483647,2147483647,2147483647,-113,13,Swisscom,false,false
1429790951498,2147483647,2147483647,2147483647,2147483647,-113,13,Swisscom,false,false
1429790951498,2147483647,2147483647,2147483647,2147483647,-113,13,Swisscom,false,false
1429790951498,2147483647,2147483647,2147483647,2147483647,-113,13,Swisscom,false,false
1429790951498,2147483647,2147483647,2147483647,2147483647,-113,13,Swisscom,false,false
1429790951498,2147483647,2147483647,2147483647,2147483647,-113,13,Swisscom,false,false
1429791011594,16856065,1818,1,228,-88,13,Swisscom,true,false
1429791011594,329,2147483647,2147483647,2147483647,-96,13,Swisscom,false,false
1429791011594,166,2147483647,2147483647,2147483647,-96,13,Swisscom,false,false
1429791011594,2147483647,2147483647,2147483647,2147483647,-113,13,Swisscom,false,false
1429791011594,2147483647,2147483647,2147483647,2147483647,-113,13,Swisscom,false,false
1429791011594,2147483647,2147483647,2147483647,2147483647,-113,13,Swisscom,false,false
1429791011594,2147483647,2147483647,2147483647,2147483647,-113,13,Swisscom,false,false
1429791011594,2147483647,2147483647,2147483647,2147483647,-113,13,Swisscom,false,false
1429791011594,2147483647,2147483647,2147483647,2147483647,-113,13,Swisscom,false,false
1429791011594,2147483647,2147483647,2147483647,2147483647,-113,13,Swisscom,false,false
1429791011594,2147483647,2147483647,2147483647,2147483647,-113,13,Swisscom,false,false
1429791011594,2147483647,2147483647,2147483647,2147483647,-113,13,Swisscom,false,false
1429791011594,2147483647,2147483647,2147483647,2147483647,-113,13,Swisscom,false,false
1429791011594,2147483647,2147483647,2147483647,2147483647,-113,13,Swisscom,false,false
1429791011594,2147483647,2147483647,2147483647,2147483647,-113,13,Swisscom,false,false
1429791011594,2147483647,2147483647,2147483647,2147483647,-113,13,Swisscom,false,false
1429791011594,2147483647,2147483647,2147483647,2147483647,-113,13,Swisscom,false,false
1429791011594,2147483647,2147483647,2147483647,2147483647,-113,13,Swisscom,false,false
1429791071684,16856065,1818,1,228,-79,13,Swisscom,true,false
1429791071684,329,2147483647,2147483647,2147483647,-87,13,Swisscom,false,false
1429791071684,166,2147483647,2147483647,2147483647,-96,13,Swisscom,false,false
1429791071684,2147483647,2147483647,2147483647,2147483647,-113,13,Swisscom,false,false
1429791071684,2147483647,2147483647,2147483647,2147483647,-113,13,Swisscom,false,false
1429791071684,2147483647,2147483647,2147483647,2147483647,-113,13,Swisscom,false,false
1429791071684,2147483647,2147483647,2147483647,2147483647,-113,13,Swisscom,false,false
1429791071684,2147483647,2147483647,2147483647,2147483647,-113,13,Swisscom,false,false
1429791071684,2147483647,2147483647,2147483647,2147483647,-113,13,Swisscom,false,false
1429791071684,2147483647,2147483647,2147483647,2147483647,-113,13,Swisscom,false,false
1429791071684,2147483647,2147483647,2147483647,2147483647,-113,13,Swisscom,false,false
1429791071684,2147483647,2147483647,2147483647,2147483647,-113,13,Swisscom,false,false
1429791071684,2147483647,2147483647,2147483647,2147483647,-113,13,Swisscom,false,false
1429791071684,2147483647,2147483647,2147483647,2147483647,-113,13,Swisscom,false,false
1429791071684,2147483647,2147483647,2147483647,2147483647,-113,13,Swisscom,false,false
1429791071684,2147483647,2147483647,2147483647,2147483647,-113,13,Swisscom,false,false
1429791071684,2147483647,2147483647,2147483647,2147483647,-113,13,Swisscom,false,false
1429791071684,2147483647,2147483647,2147483647,2147483647,-113,13,Swisscom,false,false
1429791131787,16856065,1818,1,228,-79,13,Swisscom,true,false
1429791131787,329,2147483647,2147483647,2147483647,-85,13,Swisscom,false,false
1429791131787,166,2147483647,2147483647,2147483647,-91,13,Swisscom,false,false
1429791131787,2147483647,2147483647,2147483647,2147483647,-113,13,Swisscom,false,false
1429791131787,2147483647,2147483647,2147483647,2147483647,-113,13,Swisscom,false,false
1429791131787,2147483647,2147483647,2147483647,2147483647,-113,13,Swisscom,false,false
1429791131787,2147483647,2147483647,2147483647,2147483647,-113,13,Swisscom,false,false
1429791131787,2147483647,2147483647,2147483647,2147483647,-113,13,Swisscom,false,false
1429791131787,2147483647,2147483647,2147483647,2147483647,-113,13,Swisscom,false,false
1429791131787,2147483647,2147483647,2147483647,2147483647,-113,13,Swisscom,false,false
1429791131787,2147483647,2147483647,2147483647,2147483647,-113,13,Swisscom,false,false
1429791131787,2147483647,2147483647,2147483647,2147483647,-113,13,Swisscom,false,false
1429791131787,2147483647,2147483647,2147483647,2147483647,-113,13,Swisscom,false,false
1429791131787,2147483647,2147483647,2147483647,2147483647,-113,13,Swisscom,false,false
1429791131787,2147483647,2147483647,2147483647,2147483647,-113,13,Swisscom,false,false
1429791131787,2147483647,2147483647,2147483647,2147483647,-113,13,Swisscom,false,false
1429791131787,2147483647,2147483647,2147483647,2147483647,-113,13,Swisscom,false,false
1429791131787,2147483647,2147483647,2147483647,2147483647,-113,13,Swisscom,false,false
1429791191873,16856065,1818,1,228,-82,13,Swisscom,true,false
1429791191873,329,2147483647,2147483647,2147483647,-97,13,Swisscom,false,false
1429791191873,39,2147483647,2147483647,2147483647,-102,13,Swisscom,false,false
1429791191873,2147483647,2147483647,2147483647,2147483647,-113,13,Swisscom,false,false
1429791191873,2147483647,2147483647,2147483647,2147483647,-113,13,Swisscom,false,false
1429791191873,2147483647,2147483647,2147483647,2147483647,-113,13,Swisscom,false,false
1429791191873,2147483647,2147483647,2147483647,2147483647,-113,13,Swisscom,false,false
1429791191873,2147483647,2147483647,2147483647,2147483647,-113,13,Swisscom,false,false
1429791191873,2147483647,2147483647,2147483647,2147483647,-113,13,Swisscom,false,false
1429791191873,2147483647,2147483647,2147483647,2147483647,-113,13,Swisscom,false,false
1429791191873,2147483647,2147483647,2147483647,2147483647,-113,13,Swisscom,false,false
1429791191873,2147483647,2147483647,2147483647,2147483647,-113,13,Swisscom,false,false
1429791191873,2147483647,2147483647,2147483647,2147483647,-113,13,Swisscom,false,false
1429791191873,2147483647,2147483647,2147483647,2147483647,-113,13,Swisscom,false,false
1429791191873,2147483647,2147483647,2147483647,2147483647,-113,13,Swisscom,false,false
1429791191873,2147483647,2147483647,2147483647,2147483647,-113,13,Swisscom,false,false
1429791191873,2147483647,2147483647,2147483647,2147483647,-113,13,Swisscom,false,false
1429791191873,2147483647,2147483647,2147483647,2147483647,-113,13,Swisscom,false,false
1429791251974,16856065,1818,1,228,-88,13,Swisscom,true,false
1429791251974,329,2147483647,2147483647,2147483647,-99,13,Swisscom,false,false
1429791251974,39,2147483647,2147483647,2147483647,-98,13,Swisscom,false,false
1429791251974,2147483647,2147483647,2147483647,2147483647,-113,13,Swisscom,false,false
1429791251974,2147483647,2147483647,2147483647,2147483647,-113,13,Swisscom,false,false
1429791251974,2147483647,2147483647,2147483647,2147483647,-113,13,Swisscom,false,false
1429791251974,2147483647,2147483647,2147483647,2147483647,-113,13,Swisscom,false,false
1429791251974,2147483647,2147483647,2147483647,2147483647,-113,13,Swisscom,false,false
1429791251974,2147483647,2147483647,2147483647,2147483647,-113,13,Swisscom,false,false
1429791251974,2147483647,2147483647,2147483647,2147483647,-113,13,Swisscom,false,false
1429791251974,2147483647,2147483647,2147483647,2147483647,-113,13,Swisscom,false,false
1429791251974,2147483647,2147483647,2147483647,2147483647,-113,13,Swisscom,false,false
1429791251974,2147483647,2147483647,2147483647,2147483647,-113,13,Swisscom,false,false
1429791251974,2147483647,2147483647,2147483647,2147483647,-113,13,Swisscom,false,false
1429791251974,2147483647,2147483647,2147483647,2147483647,-113,13,Swisscom,false,false
1429791251974,2147483647,2147483647,2147483647,2147483647,-113,13,Swisscom,false,false
1429791251974,2147483647,2147483647,2147483647,2147483647,-113,13,Swisscom,false,false
1429791251974,2147483647,2147483647,2147483647,2147483647,-113,13,Swisscom,false,false
1429791312030,16856065,1818,1,228,-86,13,Swisscom,true,false
1429791312030,329,2147483647,2147483647,2147483647,-94,13,Swisscom,false,false
1429791312030,39,2147483647,2147483647,2147483647,-99,13,Swisscom,false,false
1429791312030,2147483647,2147483647,2147483647,2147483647,-113,13,Swisscom,false,false
1429791312030,2147483647,2147483647,2147483647,2147483647,-113,13,Swisscom,false,false
1429791312030,2147483647,2147483647,2147483647,2147483647,-113,13,Swisscom,false,false
1429791312030,2147483647,2147483647,2147483647,2147483647,-113,13,Swisscom,false,false
1429791312030,2147483647,2147483647,2147483647,2147483647,-113,13,Swisscom,false,false
1429791312030,2147483647,2147483647,2147483647,2147483647,-113,13,Swisscom,false,false
1429791312030,2147483647,2147483647,2147483647,2147483647,-113,13,Swisscom,false,false
1429791312030,2147483647,2147483647,2147483647,2147483647,-113,13,Swisscom,false,false
1429791312030,2147483647,2147483647,2147483647,2147483647,-113,13,Swisscom,false,false
1429791312030,2147483647,2147483647,2147483647,2147483647,-113,13,Swisscom,false,false
1429791312030,2147483647,2147483647,2147483647,2147483647,-113,13,Swisscom,false,false
1429791312030,2147483647,2147483647,2147483647,2147483647,-113,13,Swisscom,false,false
1429791312030,2147483647,2147483647,2147483647,2147483647,-113,13,Swisscom,false,false
1429791312030,2147483647,2147483647,2147483647,2147483647,-113,13,Swisscom,false,false
1429791312030,2147483647,2147483647,2147483647,2147483647,-113,13,Swisscom,false,false
1429791372118,16856065,1818,1,228,-82,13,Swisscom,true,false
1429791372118,329,2147483647,2147483647,2147483647,-89,13,Swisscom,false,false
1429791372118,39,2147483647,2147483647,2147483647,-95,13,Swisscom,false,false
1429791372118,2147483647,2147483647,2147483647,2147483647,-113,13,Swisscom,false,false
1429791372118,2147483647,2147483647,2147483647,2147483647,-113,13,Swisscom,false,false
1429791372118,2147483647,2147483647,2147483647,2147483647,-113,13,Swisscom,false,false
1429791372118,2147483647,2147483647,2147483647,2147483647,-113,13,Swisscom,false,false
1429791372118,2147483647,2147483647,2147483647,2147483647,-113,13,Swisscom,false,false
1429791372118,2147483647,2147483647,2147483647,2147483647,-113,13,Swisscom,false,false
1429791372118,2147483647,2147483647,2147483647,2147483647,-113,13,Swisscom,false,false
1429791372118,2147483647,2147483647,2147483647,2147483647,-113,13,Swisscom,false,false
1429791372118,2147483647,2147483647,2147483647,2147483647,-113,13,Swisscom,false,false
1429791372118,2147483647,2147483647,2147483647,2147483647,-113,13,Swisscom,false,false
1429791372118,2147483647,2147483647,2147483647,2147483647,-113,13,Swisscom,false,false
1429791372118,2147483647,2147483647,2147483647,2147483647,-113,13,Swisscom,false,false
1429791372118,2147483647,2147483647,2147483647,2147483647,-113,13,Swisscom,false,false
1429791372118,2147483647,2147483647,2147483647,2147483647,-113,13,Swisscom,false,false
1429791372118,2147483647,2147483647,2147483647,2147483647,-113,13,Swisscom,false,false
1429791432298,16856065,1818,1,228,-85,13,Swisscom,true,false
1429791432298,329,2147483647,2147483647,2147483647,-85,13,Swisscom,false,false
1429791432298,233,2147483647,2147483647,2147483647,-93,13,Swisscom,false,false
1429791432298,2147483647,2147483647,2147483647,2147483647,-113,13,Swisscom,false,false
1429791432298,2147483647,2147483647,2147483647,2147483647,-113,13,Swisscom,false,false
1429791432298,2147483647,2147483647,2147483647,2147483647,-113,13,Swisscom,false,false
1429791432298,2147483647,2147483647,2147483647,2147483647,-113,13,Swisscom,false,false
1429791432298,2147483647,2147483647,2147483647,2147483647,-113,13,Swisscom,false,false
1429791432298,2147483647,2147483647,2147483647,2147483647,-113,13,Swisscom,false,false
1429791432298,2147483647,2147483647,2147483647,2147483647,-113,13,Swisscom,false,false
1429791432298,2147483647,2147483647,2147483647,2147483647,-113,13,Swisscom,false,false
1429791432298,2147483647,2147483647,2147483647,2147483647,-113,13,Swisscom,false,false
1429791432298,2147483647,2147483647,2147483647,2147483647,-113,13,Swisscom,false,false
1429791432298,2147483647,2147483647,2147483647,2147483647,-113,13,Swisscom,false,false
1429791432298,2147483647,2147483647,2147483647,2147483647,-113,13,Swisscom,false,false
1429791432298,2147483647,2147483647,2147483647,2147483647,-113,13,Swisscom,false,false
1429791432298,2147483647,2147483647,2147483647,2147483647,-113,13,Swisscom,false,false
1429791432298,2147483647,2147483647,2147483647,2147483647,-113,13,Swisscom,false,false
1429791492307,16856065,1818,1,228,-89,13,Swisscom,true,false
1429791492307,329,2147483647,2147483647,2147483647,-94,13,Swisscom,false,false
1429791492307,166,2147483647,2147483647,2147483647,-97,13,Swisscom,false,false
1429791492307,72,2147483647,2147483647,2147483647,-102,13,Swisscom,false,false
1429791492307,2147483647,2147483647,2147483647,2147483647,-113,13,Swisscom,false,false
1429791492307,2147483647,2147483647,2147483647,2147483647,-113,13,Swisscom,false,false
1429791492307,2147483647,2147483647,2147483647,2147483647,-113,13,Swisscom,false,false
1429791492307,2147483647,2147483647,2147483647,2147483647,-113,13,Swisscom,false,false
1429791492307,2147483647,2147483647,2147483647,2147483647,-113,13,Swisscom,false,false
1429791492307,2147483647,2147483647,2147483647,2147483647,-113,13,Swisscom,false,false
1429791492307,2147483647,2147483647,2147483647,2147483647,-113,13,Swisscom,false,false
1429791492307,2147483647,2147483647,2147483647,2147483647,-113,13,Swisscom,false,false
1429791492307,2147483647,2147483647,2147483647,2147483647,-113,13,Swisscom,false,false
1429791492307,2147483647,2147483647,2147483647,2147483647,-113,13,Swisscom,false,false
1429791492307,2147483647,2147483647,2147483647,2147483647,-113,13,Swisscom,false,false
1429791492307,2147483647,2147483647,2147483647,2147483647,-113,13,Swisscom,false,false
1429791492307,2147483647,2147483647,2147483647,2147483647,-113,13,Swisscom,false,false
1429791492307,2147483647,2147483647,2147483647,2147483647,-113,13,Swisscom,false,false
1429791492307,2147483647,2147483647,2147483647,2147483647,-113,13,Swisscom,false,false
1429791573746,16856065,1818,1,228,-87,13,Swisscom,true,false
1429791573746,329,2147483647,2147483647,2147483647,-94,13,Swisscom,false,false
1429791573746,2147483647,2147483647,2147483647,2147483647,-113,13,Swisscom,false,false
1429791573746,2147483647,2147483647,2147483647,2147483647,-113,13,Swisscom,false,false
1429791573746,2147483647,2147483647,2147483647,2147483647,-113,13,Swisscom,false,false
1429791573746,2147483647,2147483647,2147483647,2147483647,-113,13,Swisscom,false,false
1429791573746,2147483647,2147483647,2147483647,2147483647,-113,13,Swisscom,false,false
1429791573746,2147483647,2147483647,2147483647,2147483647,-113,13,Swisscom,false,false
1429791573746,2147483647,2147483647,2147483647,2147483647,-113,13,Swisscom,false,false
1429791573746,2147483647,2147483647,2147483647,2147483647,-113,13,Swisscom,false,false
1429791573746,2147483647,2147483647,2147483647,2147483647,-113,13,Swisscom,false,false
1429791573746,2147483647,2147483647,2147483647,2147483647,-113,13,Swisscom,false,false
1429791573746,2147483647,2147483647,2147483647,2147483647,-113,13,Swisscom,false,false
1429791573746,2147483647,2147483647,2147483647,2147483647,-113,13,Swisscom,false,false
1429791573746,2147483647,2147483647,2147483647,2147483647,-113,13,Swisscom,false,false
1429791573746,2147483647,2147483647,2147483647,2147483647,-113,13,Swisscom,false,false
1429791573746,2147483647,2147483647,2147483647,2147483647,-113,13,Swisscom,false,false
1429791633851,16856065,1818,1,228,-87,13,Swisscom,true,false
1429791633851,329,2147483647,2147483647,2147483647,-93,13,Swisscom,false,false
1429791633851,2147483647,2147483647,2147483647,2147483647,-113,13,Swisscom,false,false
1429791633851,2147483647,2147483647,2147483647,2147483647,-113,13,Swisscom,false,false
1429791633851,2147483647,2147483647,2147483647,2147483647,-113,13,Swisscom,false,false
1429791633851,2147483647,2147483647,2147483647,2147483647,-113,13,Swisscom,false,false
1429791633851,2147483647,2147483647,2147483647,2147483647,-113,13,Swisscom,false,false
1429791633851,2147483647,2147483647,2147483647,2147483647,-113,13,Swisscom,false,false
1429791633851,2147483647,2147483647,2147483647,2147483647,-113,13,Swisscom,false,false
1429791633851,2147483647,2147483647,2147483647,2147483647,-113,13,Swisscom,false,false
1429791633851,2147483647,2147483647,2147483647,2147483647,-113,13,Swisscom,false,false
1429791633851,2147483647,2147483647,2147483647,2147483647,-113,13,Swisscom,false,false
1429791633851,2147483647,2147483647,2147483647,2147483647,-113,13,Swisscom,false,false
1429791633851,2147483647,2147483647,2147483647,2147483647,-113,13,Swisscom,false,false
1429791633851,2147483647,2147483647,2147483647,2147483647,-113,13,Swisscom,false,false
1429791633851,2147483647,2147483647,2147483647,2147483647,-113,13,Swisscom,false,false
1429791633851,2147483647,2147483647,2147483647,2147483647,-113,13,Swisscom,false,false
1429791693968,16856065,1818,1,228,-88,13,Swisscom,true,false
1429791693968,329,2147483647,2147483647,2147483647,-91,13,Swisscom,false,false
1429791693968,2147483647,2147483647,2147483647,2147483647,-113,13,Swisscom,false,false
1429791693968,2147483647,2147483647,2147483647,2147483647,-113,13,Swisscom,false,false
1429791693968,2147483647,2147483647,2147483647,2147483647,-113,13,Swisscom,false,false
1429791693968,2147483647,2147483647,2147483647,2147483647,-113,13,Swisscom,false,false
1429791693968,2147483647,2147483647,2147483647,2147483647,-113,13,Swisscom,false,false
1429791693968,2147483647,2147483647,2147483647,2147483647,-113,13,Swisscom,false,false
1429791693968,2147483647,2147483647,2147483647,2147483647,-113,13,Swisscom,false,false
1429791693968,2147483647,2147483647,2147483647,2147483647,-113,13,Swisscom,false,false
1429791693968,2147483647,2147483647,2147483647,2147483647,-113,13,Swisscom,false,false
1429791693968,2147483647,2147483647,2147483647,2147483647,-113,13,Swisscom,false,false
1429791693968,2147483647,2147483647,2147483647,2147483647,-113,13,Swisscom,false,false
1429791693968,2147483647,2147483647,2147483647,2147483647,-113,13,Swisscom,false,false
1429791693968,2147483647,2147483647,2147483647,2147483647,-113,13,Swisscom,false,false
1429791693968,2147483647,2147483647,2147483647,2147483647,-113,13,Swisscom,false,false
1429791693968,2147483647,2147483647,2147483647,2147483647,-113,13,Swisscom,false,false
1429791761402,16856065,1818,1,228,-86,13,Swisscom,true,false
1429791761402,329,2147483647,2147483647,2147483647,-95,13,Swisscom,false,false
1429791761402,2147483647,2147483647,2147483647,2147483647,-113,13,Swisscom,false,false
1429791761402,2147483647,2147483647,2147483647,2147483647,-113,13,Swisscom,false,false
1429791761402,2147483647,2147483647,2147483647,2147483647,-113,13,Swisscom,false,false
1429791761402,2147483647,2147483647,2147483647,2147483647,-113,13,Swisscom,false,false
1429791761402,2147483647,2147483647,2147483647,2147483647,-113,13,Swisscom,false,false
1429791761402,2147483647,2147483647,2147483647,2147483647,-113,13,Swisscom,false,false
1429791761402,2147483647,2147483647,2147483647,2147483647,-113,13,Swisscom,false,false
1429791761402,2147483647,2147483647,2147483647,2147483647,-113,13,Swisscom,false,false
1429791761402,2147483647,2147483647,2147483647,2147483647,-113,13,Swisscom,false,false
1429791761402,2147483647,2147483647,2147483647,2147483647,-113,13,Swisscom,false,false
1429791761402,2147483647,2147483647,2147483647,2147483647,-113,13,Swisscom,false,false
1429791761402,2147483647,2147483647,2147483647,2147483647,-113,13,Swisscom,false,false
1429791761402,2147483647,2147483647,2147483647,2147483647,-113,13,Swisscom,false,false
1429791761402,2147483647,2147483647,2147483647,2147483647,-113,13,Swisscom,false,false
1429791761402,2147483647,2147483647,2147483647,2147483647,-113,13,Swisscom,false,false
1429791821499,16856065,1818,1,228,-91,13,Swisscom,true,false
1429791821499,329,2147483647,2147483647,2147483647,-97,13,Swisscom,false,false
1429791821499,39,2147483647,2147483647,2147483647,-100,13,Swisscom,false,false
1429791821499,2147483647,2147483647,2147483647,2147483647,-113,13,Swisscom,false,false
1429791821499,2147483647,2147483647,2147483647,2147483647,-113,13,Swisscom,false,false
1429791821499,2147483647,2147483647,2147483647,2147483647,-113,13,Swisscom,false,false
1429791821499,2147483647,2147483647,2147483647,2147483647,-113,13,Swisscom,false,false
1429791821499,2147483647,2147483647,2147483647,2147483647,-113,13,Swisscom,false,false
1429791821499,2147483647,2147483647,2147483647,2147483647,-113,13,Swisscom,false,false
1429791821499,2147483647,2147483647,2147483647,2147483647,-113,13,Swisscom,false,false
1429791821499,2147483647,2147483647,2147483647,2147483647,-113,13,Swisscom,false,false
1429791821499,2147483647,2147483647,2147483647,2147483647,-113,13,Swisscom,false,false
1429791821499,2147483647,2147483647,2147483647,2147483647,-113,13,Swisscom,false,false
1429791821499,2147483647,2147483647,2147483647,2147483647,-113,13,Swisscom,false,false
1429791821499,2147483647,2147483647,2147483647,2147483647,-113,13,Swisscom,false,false
1429791821499,2147483647,2147483647,2147483647,2147483647,-113,13,Swisscom,false,false
1429791821499,2147483647,2147483647,2147483647,2147483647,-113,13,Swisscom,false,false
1429791821499,2147483647,2147483647,2147483647,2147483647,-113,13,Swisscom,false,false
1429791881605,16856065,1818,1,228,-87,13,Swisscom,true,false
1429791881605,329,2147483647,2147483647,2147483647,-95,13,Swisscom,false,false
1429791881605,39,2147483647,2147483647,2147483647,-100,13,Swisscom,false,false
1429791881605,72,2147483647,2147483647,2147483647,-101,13,Swisscom,false,false
1429791881605,2147483647,2147483647,2147483647,2147483647,-113,13,Swisscom,false,false
1429791881605,2147483647,2147483647,2147483647,2147483647,-113,13,Swisscom,false,false
1429791881605,2147483647,2147483647,2147483647,2147483647,-113,13,Swisscom,false,false
1429791881605,2147483647,2147483647,2147483647,2147483647,-113,13,Swisscom,false,false
1429791881605,2147483647,2147483647,2147483647,2147483647,-113,13,Swisscom,false,false
1429791881605,2147483647,2147483647,2147483647,2147483647,-113,13,Swisscom,false,false
1429791881605,2147483647,2147483647,2147483647,2147483647,-113,13,Swisscom,false,false
1429791881605,2147483647,2147483647,2147483647,2147483647,-113,13,Swisscom,false,false
1429791881605,2147483647,2147483647,2147483647,2147483647,-113,13,Swisscom,false,false
1429791881605,2147483647,2147483647,2147483647,2147483647,-113,13,Swisscom,false,false
1429791881605,2147483647,2147483647,2147483647,2147483647,-113,13,Swisscom,false,false
1429791881605,2147483647,2147483647,2147483647,2147483647,-113,13,Swisscom,false,false
1429791881605,2147483647,2147483647,2147483647,2147483647,-113,13,Swisscom,false,false
1429791881605,2147483647,2147483647,2147483647,2147483647,-113,13,Swisscom,false,false
1429791881605,2147483647,2147483647,2147483647,2147483647,-113,13,Swisscom,false,false
1429791972764,16856065,1818,1,228,-90,13,Swisscom,true,false
1429791972764,329,2147483647,2147483647,2147483647,-93,13,Swisscom,false,false
1429791972764,39,2147483647,2147483647,2147483647,-98,13,Swisscom,false,false
1429791972764,2147483647,2147483647,2147483647,2147483647,-113,13,Swisscom,false,false
1429791972764,2147483647,2147483647,2147483647,2147483647,-113,13,Swisscom,false,false
1429791972764,2147483647,2147483647,2147483647,2147483647,-113,13,Swisscom,false,false
1429791972764,2147483647,2147483647,2147483647,2147483647,-113,13,Swisscom,false,false
1429791972764,2147483647,2147483647,2147483647,2147483647,-113,13,Swisscom,false,false
1429791972764,2147483647,2147483647,2147483647,2147483647,-113,13,Swisscom,false,false
1429791972764,2147483647,2147483647,2147483647,2147483647,-113,13,Swisscom,false,false
1429791972764,2147483647,2147483647,2147483647,2147483647,-113,13,Swisscom,false,false
1429791972764,2147483647,2147483647,2147483647,2147483647,-113,13,Swisscom,false,false
1429791972764,2147483647,2147483647,2147483647,2147483647,-113,13,Swisscom,false,false
1429791972764,2147483647,2147483647,2147483647,2147483647,-113,13,Swisscom,false,false
1429791972764,2147483647,2147483647,2147483647,2147483647,-113,13,Swisscom,false,false
1429791972764,2147483647,2147483647,2147483647,2147483647,-113,13,Swisscom,false,false
1429791972764,2147483647,2147483647,2147483647,2147483647,-113,13,Swisscom,false,false
1429791972764,2147483647,2147483647,2147483647,2147483647,-113,13,Swisscom,false,false
1429792032812,16856065,1818,1,228,-86,13,Swisscom,true,false
1429792032812,329,2147483647,2147483647,2147483647,-95,13,Swisscom,false,false
1429792032812,39,2147483647,2147483647,2147483647,-97,13,Swisscom,false,false
1429792032812,2147483647,2147483647,2147483647,2147483647,-113,13,Swisscom,false,false
1429792032812,2147483647,2147483647,2147483647,2147483647,-113,13,Swisscom,false,false
1429792032812,2147483647,2147483647,2147483647,2147483647,-113,13,Swisscom,false,false
1429792032812,2147483647,2147483647,2147483647,2147483647,-113,13,Swisscom,false,false
1429792032812,2147483647,2147483647,2147483647,2147483647,-113,13,Swisscom,false,false
1429792032812,2147483647,2147483647,2147483647,2147483647,-113,13,Swisscom,false,false
1429792032812,2147483647,2147483647,2147483647,2147483647,-113,13,Swisscom,false,false
1429792032812,2147483647,2147483647,2147483647,2147483647,-113,13,Swisscom,false,false
1429792032812,2147483647,2147483647,2147483647,2147483647,-113,13,Swisscom,false,false
1429792032812,2147483647,2147483647,2147483647,2147483647,-113,13,Swisscom,false,false
1429792032812,2147483647,2147483647,2147483647,2147483647,-113,13,Swisscom,false,false
1429792032812,2147483647,2147483647,2147483647,2147483647,-113,13,Swisscom,false,false
1429792032812,2147483647,2147483647,2147483647,2147483647,-113,13,Swisscom,false,false
1429792032812,2147483647,2147483647,2147483647,2147483647,-113,13,Swisscom,false,false
1429792032812,2147483647,2147483647,2147483647,2147483647,-113,13,Swisscom,false,false
1429792092915,16856065,1818,1,228,-87,13,Swisscom,true,false
1429792092915,329,2147483647,2147483647,2147483647,-92,13,Swisscom,false,false
1429792092915,2147483647,2147483647,2147483647,2147483647,-113,13,Swisscom,false,false
1429792092915,2147483647,2147483647,2147483647,2147483647,-113,13,Swisscom,false,false
1429792092915,2147483647,2147483647,2147483647,2147483647,-113,13,Swisscom,false,false
1429792092915,2147483647,2147483647,2147483647,2147483647,-113,13,Swisscom,false,false
1429792092915,2147483647,2147483647,2147483647,2147483647,-113,13,Swisscom,false,false
1429792092915,2147483647,2147483647,2147483647,2147483647,-113,13,Swisscom,false,false
1429792092915,2147483647,2147483647,2147483647,2147483647,-113,13,Swisscom,false,false
1429792092915,2147483647,2147483647,2147483647,2147483647,-113,13,Swisscom,false,false
1429792092915,2147483647,2147483647,2147483647,2147483647,-113,13,Swisscom,false,false
1429792092915,2147483647,2147483647,2147483647,2147483647,-113,13,Swisscom,false,false
1429792092915,2147483647,2147483647,2147483647,2147483647,-113,13,Swisscom,false,false
1429792092915,2147483647,2147483647,2147483647,2147483647,-113,13,Swisscom,false,false
1429792092915,2147483647,2147483647,2147483647,2147483647,-113,13,Swisscom,false,false
1429792092915,2147483647,2147483647,2147483647,2147483647,-113,13,Swisscom,false,false
1429792092915,2147483647,2147483647,2147483647,2147483647,-113,13,Swisscom,false,false
1429792153118,16856065,1818,1,228,-88,13,Swisscom,true,false
1429792153118,329,2147483647,2147483647,2147483647,-95,13,Swisscom,false,false
1429792153118,2147483647,2147483647,2147483647,2147483647,-113,13,Swisscom,false,false
1429792153118,2147483647,2147483647,2147483647,2147483647,-113,13,Swisscom,false,false
1429792153118,2147483647,2147483647,2147483647,2147483647,-113,13,Swisscom,false,false
1429792153118,2147483647,2147483647,2147483647,2147483647,-113,13,Swisscom,false,false
1429792153118,2147483647,2147483647,2147483647,2147483647,-113,13,Swisscom,false,false
1429792153118,2147483647,2147483647,2147483647,2147483647,-113,13,Swisscom,false,false
1429792153118,2147483647,2147483647,2147483647,2147483647,-113,13,Swisscom,false,false
1429792153118,2147483647,2147483647,2147483647,2147483647,-113,13,Swisscom,false,false
1429792153118,2147483647,2147483647,2147483647,2147483647,-113,13,Swisscom,false,false
1429792153118,2147483647,2147483647,2147483647,2147483647,-113,13,Swisscom,false,false
1429792153118,2147483647,2147483647,2147483647,2147483647,-113,13,Swisscom,false,false
1429792153118,2147483647,2147483647,2147483647,2147483647,-113,13,Swisscom,false,false
1429792153118,2147483647,2147483647,2147483647,2147483647,-113,13,Swisscom,false,false
1429792153118,2147483647,2147483647,2147483647,2147483647,-113,13,Swisscom,false,false
1429792153118,2147483647,2147483647,2147483647,2147483647,-113,13,Swisscom,false,false
1429792213198,16856065,1818,1,228,-88,13,Swisscom,true,false
1429792213198,329,2147483647,2147483647,2147483647,-91,13,Swisscom,false,false
1429792213198,2147483647,2147483647,2147483647,2147483647,-113,13,Swisscom,false,false
1429792213198,2147483647,2147483647,2147483647,2147483647,-113,13,Swisscom,false,false
1429792213198,2147483647,2147483647,2147483647,2147483647,-113,13,Swisscom,false,false
1429792213198,2147483647,2147483647,2147483647,2147483647,-113,13,Swisscom,false,false
1429792213198,2147483647,2147483647,2147483647,2147483647,-113,13,Swisscom,false,false
1429792213198,2147483647,2147483647,2147483647,2147483647,-113,13,Swisscom,false,false
1429792213198,2147483647,2147483647,2147483647,2147483647,-113,13,Swisscom,false,false
1429792213198,2147483647,2147483647,2147483647,2147483647,-113,13,Swisscom,false,false
1429792213198,2147483647,2147483647,2147483647,2147483647,-113,13,Swisscom,false,false
1429792213198,2147483647,2147483647,2147483647,2147483647,-113,13,Swisscom,false,false
1429792213198,2147483647,2147483647,2147483647,2147483647,-113,13,Swisscom,false,false
1429792213198,2147483647,2147483647,2147483647,2147483647,-113,13,Swisscom,false,false
1429792213198,2147483647,2147483647,2147483647,2147483647,-113,13,Swisscom,false,false
1429792213198,2147483647,2147483647,2147483647,2147483647,-113,13,Swisscom,false,false
1429792213198,2147483647,2147483647,2147483647,2147483647,-113,13,Swisscom,false,false
1429792273289,16856065,1818,1,228,-91,13,Swisscom,true,false
1429792273289,329,2147483647,2147483647,2147483647,-95,13,Swisscom,false,false
1429792273289,122,2147483647,2147483647,2147483647,-102,13,Swisscom,false,false
1429792333445,16856065,1818,1,228,-90,13,Swisscom,true,false
1429792333445,329,2147483647,2147483647,2147483647,-95,13,Swisscom,false,false
1429792333445,39,2147483647,2147483647,2147483647,-99,13,Swisscom,false,false
1429792333445,172,2147483647,2147483647,2147483647,-107,13,Swisscom,false,false
1429792333445,2147483647,2147483647,2147483647,2147483647,-113,13,Swisscom,false,false
1429792333445,2147483647,2147483647,2147483647,2147483647,-113,13,Swisscom,false,false
1429792333445,2147483647,2147483647,2147483647,2147483647,-113,13,Swisscom,false,false
1429792333445,2147483647,2147483647,2147483647,2147483647,-113,13,Swisscom,false,false
1429792333445,2147483647,2147483647,2147483647,2147483647,-113,13,Swisscom,false,false
1429792333445,2147483647,2147483647,2147483647,2147483647,-113,13,Swisscom,false,false
1429792333445,2147483647,2147483647,2147483647,2147483647,-113,13,Swisscom,false,false
1429792333445,2147483647,2147483647,2147483647,2147483647,-113,13,Swisscom,false,false
1429792333445,2147483647,2147483647,2147483647,2147483647,-113,13,Swisscom,false,false
1429792333445,2147483647,2147483647,2147483647,2147483647,-113,13,Swisscom,false,false
1429792333445,2147483647,2147483647,2147483647,2147483647,-113,13,Swisscom,false,false
1429792333445,2147483647,2147483647,2147483647,2147483647,-113,13,Swisscom,false,false
1429792333445,2147483647,2147483647,2147483647,2147483647,-113,13,Swisscom,false,false
1429792333445,2147483647,2147483647,2147483647,2147483647,-113,13,Swisscom,false,false
1429792333445,2147483647,2147483647,2147483647,2147483647,-113,13,Swisscom,false,false
1429792393502,16856065,1818,1,228,-89,13,Swisscom,true,false
1429792393502,329,2147483647,2147483647,2147483647,-96,13,Swisscom,false,false
1429792393502,2147483647,2147483647,2147483647,2147483647,-113,13,Swisscom,false,false
1429792393502,2147483647,2147483647,2147483647,2147483647,-113,13,Swisscom,false,false
1429792393502,2147483647,2147483647,2147483647,2147483647,-113,13,Swisscom,false,false
1429792393502,2147483647,2147483647,2147483647,2147483647,-113,13,Swisscom,false,false
1429792393502,2147483647,2147483647,2147483647,2147483647,-113,13,Swisscom,false,false
1429792393502,2147483647,2147483647,2147483647,2147483647,-113,13,Swisscom,false,false
1429792393502,2147483647,2147483647,2147483647,2147483647,-113,13,Swisscom,false,false
1429792393502,2147483647,2147483647,2147483647,2147483647,-113,13,Swisscom,false,false
1429792393502,2147483647,2147483647,2147483647,2147483647,-113,13,Swisscom,false,false
1429792393502,2147483647,2147483647,2147483647,2147483647,-113,13,Swisscom,false,false
1429792393502,2147483647,2147483647,2147483647,2147483647,-113,13,Swisscom,false,false
1429792393502,2147483647,2147483647,2147483647,2147483647,-113,13,Swisscom,false,false
1429792393502,2147483647,2147483647,2147483647,2147483647,-113,13,Swisscom,false,false
1429792393502,2147483647,2147483647,2147483647,2147483647,-113,13,Swisscom,false,false
1429792393502,2147483647,2147483647,2147483647,2147483647,-113,13,Swisscom,false,false
1429792453631,16856065,1818,1,228,-89,13,Swisscom,true,false
1429792453631,329,2147483647,2147483647,2147483647,-98,13,Swisscom,false,false
1429792453631,2147483647,2147483647,2147483647,2147483647,-113,13,Swisscom,false,false
1429792453631,2147483647,2147483647,2147483647,2147483647,-113,13,Swisscom,false,false
1429792453631,2147483647,2147483647,2147483647,2147483647,-113,13,Swisscom,false,false
1429792453631,2147483647,2147483647,2147483647,2147483647,-113,13,Swisscom,false,false
1429792453631,2147483647,2147483647,2147483647,2147483647,-113,13,Swisscom,false,false
1429792453631,2147483647,2147483647,2147483647,2147483647,-113,13,Swisscom,false,false
1429792453631,2147483647,2147483647,2147483647,2147483647,-113,13,Swisscom,false,false
1429792453631,2147483647,2147483647,2147483647,2147483647,-113,13,Swisscom,false,false
1429792453631,2147483647,2147483647,2147483647,2147483647,-113,13,Swisscom,false,false
1429792453631,2147483647,2147483647,2147483647,2147483647,-113,13,Swisscom,false,false
1429792453631,2147483647,2147483647,2147483647,2147483647,-113,13,Swisscom,false,false
1429792453631,2147483647,2147483647,2147483647,2147483647,-113,13,Swisscom,false,false
1429792453631,2147483647,2147483647,2147483647,2147483647,-113,13,Swisscom,false,false
1429792453631,2147483647,2147483647,2147483647,2147483647,-113,13,Swisscom,false,false
1429792453631,2147483647,2147483647,2147483647,2147483647,-113,13,Swisscom,false,false
1429792513667,16856065,1818,1,228,-90,13,Swisscom,true,false
1429792513667,329,2147483647,2147483647,2147483647,-95,13,Swisscom,false,false
1429792513667,2147483647,2147483647,2147483647,2147483647,-113,13,Swisscom,false,false
1429792513667,2147483647,2147483647,2147483647,2147483647,-113,13,Swisscom,false,false
1429792513667,2147483647,2147483647,2147483647,2147483647,-113,13,Swisscom,false,false
1429792513667,2147483647,2147483647,2147483647,2147483647,-113,13,Swisscom,false,false
1429792513667,2147483647,2147483647,2147483647,2147483647,-113,13,Swisscom,false,false
1429792513667,2147483647,2147483647,2147483647,2147483647,-113,13,Swisscom,false,false
1429792513667,2147483647,2147483647,2147483647,2147483647,-113,13,Swisscom,false,false
1429792513667,2147483647,2147483647,2147483647,2147483647,-113,13,Swisscom,false,false
1429792513667,2147483647,2147483647,2147483647,2147483647,-113,13,Swisscom,false,false
1429792513667,2147483647,2147483647,2147483647,2147483647,-113,13,Swisscom,false,false
1429792513667,2147483647,2147483647,2147483647,2147483647,-113,13,Swisscom,false,false
1429792513667,2147483647,2147483647,2147483647,2147483647,-113,13,Swisscom,false,false
1429792513667,2147483647,2147483647,2147483647,2147483647,-113,13,Swisscom,false,false
1429792513667,2147483647,2147483647,2147483647,2147483647,-113,13,Swisscom,false,false
1429792513667,2147483647,2147483647,2147483647,2147483647,-113,13,Swisscom,false,false
1429792601046,16856065,1818,1,228,-86,13,Swisscom,true,false
1429792601046,329,2147483647,2147483647,2147483647,-98,13,Swisscom,false,false
1429792601046,2147483647,2147483647,2147483647,2147483647,-113,13,Swisscom,false,false
1429792601046,2147483647,2147483647,2147483647,2147483647,-113,13,Swisscom,false,false
1429792601046,2147483647,2147483647,2147483647,2147483647,-113,13,Swisscom,false,false
1429792601046,2147483647,2147483647,2147483647,2147483647,-113,13,Swisscom,false,false
1429792601046,2147483647,2147483647,2147483647,2147483647,-113,13,Swisscom,false,false
1429792601046,2147483647,2147483647,2147483647,2147483647,-113,13,Swisscom,false,false
1429792601046,2147483647,2147483647,2147483647,2147483647,-113,13,Swisscom,false,false
1429792601046,2147483647,2147483647,2147483647,2147483647,-113,13,Swisscom,false,false
1429792601046,2147483647,2147483647,2147483647,2147483647,-113,13,Swisscom,false,false
1429792601046,2147483647,2147483647,2147483647,2147483647,-113,13,Swisscom,false,false
1429792601046,2147483647,2147483647,2147483647,2147483647,-113,13,Swisscom,false,false
1429792601046,2147483647,2147483647,2147483647,2147483647,-113,13,Swisscom,false,false
1429792601046,2147483647,2147483647,2147483647,2147483647,-113,13,Swisscom,false,false
1429792601046,2147483647,2147483647,2147483647,2147483647,-113,13,Swisscom,false,false
1429792601046,2147483647,2147483647,2147483647,2147483647,-113,13,Swisscom,false,false
1429792661114,16856065,1818,1,228,-83,13,Swisscom,true,false
1429792661114,329,2147483647,2147483647,2147483647,-85,13,Swisscom,false,false
1429792661114,2147483647,2147483647,2147483647,2147483647,-113,13,Swisscom,false,false
1429792661114,2147483647,2147483647,2147483647,2147483647,-113,13,Swisscom,false,false
1429792661114,2147483647,2147483647,2147483647,2147483647,-113,13,Swisscom,false,false
1429792661114,2147483647,2147483647,2147483647,2147483647,-113,13,Swisscom,false,false
1429792661114,2147483647,2147483647,2147483647,2147483647,-113,13,Swisscom,false,false
1429792661114,2147483647,2147483647,2147483647,2147483647,-113,13,Swisscom,false,false
1429792661114,2147483647,2147483647,2147483647,2147483647,-113,13,Swisscom,false,false
1429792661114,2147483647,2147483647,2147483647,2147483647,-113,13,Swisscom,false,false
1429792661114,2147483647,2147483647,2147483647,2147483647,-113,13,Swisscom,false,false
1429792661114,2147483647,2147483647,2147483647,2147483647,-113,13,Swisscom,false,false
1429792661114,2147483647,2147483647,2147483647,2147483647,-113,13,Swisscom,false,false
1429792661114,2147483647,2147483647,2147483647,2147483647,-113,13,Swisscom,false,false
1429792661114,2147483647,2147483647,2147483647,2147483647,-113,13,Swisscom,false,false
1429792661114,2147483647,2147483647,2147483647,2147483647,-113,13,Swisscom,false,false
1429792661114,2147483647,2147483647,2147483647,2147483647,-113,13,Swisscom,false,false
1429792721949,16856065,1818,1,228,-87,13,Swisscom,true,false
1429792721949,329,2147483647,2147483647,2147483647,-96,13,Swisscom,false,false
1429792721949,166,2147483647,2147483647,2147483647,-101,13,Swisscom,false,false
1429792721949,2147483647,2147483647,2147483647,2147483647,-113,13,Swisscom,false,false
1429792721949,2147483647,2147483647,2147483647,2147483647,-113,13,Swisscom,false,false
1429792721949,2147483647,2147483647,2147483647,2147483647,-113,13,Swisscom,false,false
1429792721949,2147483647,2147483647,2147483647,2147483647,-113,13,Swisscom,false,false
1429792721949,2147483647,2147483647,2147483647,2147483647,-113,13,Swisscom,false,false
1429792721949,2147483647,2147483647,2147483647,2147483647,-113,13,Swisscom,false,false
1429792721949,2147483647,2147483647,2147483647,2147483647,-113,13,Swisscom,false,false
1429792721949,2147483647,2147483647,2147483647,2147483647,-113,13,Swisscom,false,false
1429792721949,2147483647,2147483647,2147483647,2147483647,-113,13,Swisscom,false,false
1429792721949,2147483647,2147483647,2147483647,2147483647,-113,13,Swisscom,false,false
1429792721949,2147483647,2147483647,2147483647,2147483647,-113,13,Swisscom,false,false
1429792721949,2147483647,2147483647,2147483647,2147483647,-113,13,Swisscom,false,false
1429792721949,2147483647,2147483647,2147483647,2147483647,-113,13,Swisscom,false,false
1429792721949,2147483647,2147483647,2147483647,2147483647,-113,13,Swisscom,false,false
1429792721949,2147483647,2147483647,2147483647,2147483647,-113,13,Swisscom,false,false
1429792782034,16856065,1818,1,228,-88,13,Swisscom,true,false
1429792782034,329,2147483647,2147483647,2147483647,-93,13,Swisscom,false,false
1429792782034,2147483647,2147483647,2147483647,2147483647,-113,13,Swisscom,false,false
1429792782034,2147483647,2147483647,2147483647,2147483647,-113,13,Swisscom,false,false
1429792782034,2147483647,2147483647,2147483647,2147483647,-113,13,Swisscom,false,false
1429792782034,2147483647,2147483647,2147483647,2147483647,-113,13,Swisscom,false,false
1429792782034,2147483647,2147483647,2147483647,2147483647,-113,13,Swisscom,false,false
1429792782034,2147483647,2147483647,2147483647,2147483647,-113,13,Swisscom,false,false
1429792782034,2147483647,2147483647,2147483647,2147483647,-113,13,Swisscom,false,false
1429792782034,2147483647,2147483647,2147483647,2147483647,-113,13,Swisscom,false,false
1429792782034,2147483647,2147483647,2147483647,2147483647,-113,13,Swisscom,false,false
1429792782034,2147483647,2147483647,2147483647,2147483647,-113,13,Swisscom,false,false
1429792782034,2147483647,2147483647,2147483647,2147483647,-113,13,Swisscom,false,false
1429792782034,2147483647,2147483647,2147483647,2147483647,-113,13,Swisscom,false,false
1429792782034,2147483647,2147483647,2147483647,2147483647,-113,13,Swisscom,false,false
1429792782034,2147483647,2147483647,2147483647,2147483647,-113,13,Swisscom,false,false
1429792782034,2147483647,2147483647,2147483647,2147483647,-113,13,Swisscom,false,false
1429792842321,16856065,1818,1,228,-87,13,Swisscom,true,false
1429792842321,2147483647,2147483647,2147483647,2147483647,-113,13,Swisscom,false,false
1429792842321,2147483647,2147483647,2147483647,2147483647,-113,13,Swisscom,false,false
1429792842321,2147483647,2147483647,2147483647,2147483647,-113,13,Swisscom,false,false
1429792842321,2147483647,2147483647,2147483647,2147483647,-113,13,Swisscom,false,false
1429792842321,2147483647,2147483647,2147483647,2147483647,-113,13,Swisscom,false,false
1429792842321,2147483647,2147483647,2147483647,2147483647,-113,13,Swisscom,false,false
1429792842321,2147483647,2147483647,2147483647,2147483647,-113,13,Swisscom,false,false
1429792842321,2147483647,2147483647,2147483647,2147483647,-113,13,Swisscom,false,false
1429792842321,2147483647,2147483647,2147483647,2147483647,-113,13,Swisscom,false,false
1429792842321,2147483647,2147483647,2147483647,2147483647,-113,13,Swisscom,false,false
1429792842321,2147483647,2147483647,2147483647,2147483647,-113,13,Swisscom,false,false
1429792842321,2147483647,2147483647,2147483647,2147483647,-113,13,Swisscom,false,false
1429792842321,2147483647,2147483647,2147483647,2147483647,-113,13,Swisscom,false,false
1429792842321,2147483647,2147483647,2147483647,2147483647,-113,13,Swisscom,false,false
1429792842321,2147483647,2147483647,2147483647,2147483647,-113,13,Swisscom,false,false
1429792902352,16856065,1818,1,228,-89,13,Swisscom,true,false
1429792902352,329,2147483647,2147483647,2147483647,-90,13,Swisscom,false,false
1429792902352,166,2147483647,2147483647,2147483647,-95,13,Swisscom,false,false
1429792902352,2147483647,2147483647,2147483647,2147483647,-113,13,Swisscom,false,false
1429792902352,2147483647,2147483647,2147483647,2147483647,-113,13,Swisscom,false,false
1429792902352,2147483647,2147483647,2147483647,2147483647,-113,13,Swisscom,false,false
1429792902352,2147483647,2147483647,2147483647,2147483647,-113,13,Swisscom,false,false
1429792902352,2147483647,2147483647,2147483647,2147483647,-113,13,Swisscom,false,false
1429792902352,2147483647,2147483647,2147483647,2147483647,-113,13,Swisscom,false,false
1429792902352,2147483647,2147483647,2147483647,2147483647,-113,13,Swisscom,false,false
1429792902352,2147483647,2147483647,2147483647,2147483647,-113,13,Swisscom,false,false
1429792902352,2147483647,2147483647,2147483647,2147483647,-113,13,Swisscom,false,false
1429792902352,2147483647,2147483647,2147483647,2147483647,-113,13,Swisscom,false,false
1429792902352,2147483647,2147483647,2147483647,2147483647,-113,13,Swisscom,false,false
1429792902352,2147483647,2147483647,2147483647,2147483647,-113,13,Swisscom,false,false
1429792902352,2147483647,2147483647,2147483647,2147483647,-113,13,Swisscom,false,false
1429792902352,2147483647,2147483647,2147483647,2147483647,-113,13,Swisscom,false,false
1429792902352,2147483647,2147483647,2147483647,2147483647,-113,13,Swisscom,false,false
1429792962657,16856065,1818,1,228,-89,13,Swisscom,true,false
1429792962657,329,2147483647,2147483647,2147483647,-92,13,Swisscom,false,false
1429792962657,2147483647,2147483647,2147483647,2147483647,-113,13,Swisscom,false,false
1429792962657,2147483647,2147483647,2147483647,2147483647,-113,13,Swisscom,false,false
1429792962657,2147483647,2147483647,2147483647,2147483647,-113,13,Swisscom,false,false
1429792962657,2147483647,2147483647,2147483647,2147483647,-113,13,Swisscom,false,false
1429792962657,2147483647,2147483647,2147483647,2147483647,-113,13,Swisscom,false,false
1429792962657,2147483647,2147483647,2147483647,2147483647,-113,13,Swisscom,false,false
1429792962657,2147483647,2147483647,2147483647,2147483647,-113,13,Swisscom,false,false
1429792962657,2147483647,2147483647,2147483647,2147483647,-113,13,Swisscom,false,false
1429792962657,2147483647,2147483647,2147483647,2147483647,-113,13,Swisscom,false,false
1429792962657,2147483647,2147483647,2147483647,2147483647,-113,13,Swisscom,false,false
1429792962657,2147483647,2147483647,2147483647,2147483647,-113,13,Swisscom,false,false
1429792962657,2147483647,2147483647,2147483647,2147483647,-113,13,Swisscom,false,false
1429792962657,2147483647,2147483647,2147483647,2147483647,-113,13,Swisscom,false,false
1429792962657,2147483647,2147483647,2147483647,2147483647,-113,13,Swisscom,false,false
1429792962657,2147483647,2147483647,2147483647,2147483647,-113,13,Swisscom,false,false
1429793022972,16856065,1818,1,228,-86,13,Swisscom,true,false
1429793022972,329,2147483647,2147483647,2147483647,-92,13,Swisscom,false,false
1429793022972,2147483647,2147483647,2147483647,2147483647,-113,13,Swisscom,false,false
1429793022972,2147483647,2147483647,2147483647,2147483647,-113,13,Swisscom,false,false
1429793022972,2147483647,2147483647,2147483647,2147483647,-113,13,Swisscom,false,false
1429793022972,2147483647,2147483647,2147483647,2147483647,-113,13,Swisscom,false,false
1429793022972,2147483647,2147483647,2147483647,2147483647,-113,13,Swisscom,false,false
1429793022972,2147483647,2147483647,2147483647,2147483647,-113,13,Swisscom,false,false
1429793022972,2147483647,2147483647,2147483647,2147483647,-113,13,Swisscom,false,false
1429793022972,2147483647,2147483647,2147483647,2147483647,-113,13,Swisscom,false,false
1429793022972,2147483647,2147483647,2147483647,2147483647,-113,13,Swisscom,false,false
1429793022972,2147483647,2147483647,2147483647,2147483647,-113,13,Swisscom,false,false
1429793022972,2147483647,2147483647,2147483647,2147483647,-113,13,Swisscom,false,false
1429793022972,2147483647,2147483647,2147483647,2147483647,-113,13,Swisscom,false,false
1429793022972,2147483647,2147483647,2147483647,2147483647,-113,13,Swisscom,false,false
1429793022972,2147483647,2147483647,2147483647,2147483647,-113,13,Swisscom,false,false
1429793022972,2147483647,2147483647,2147483647,2147483647,-113,13,Swisscom,false,false
1429793083186,16856065,1818,1,228,-87,13,Swisscom,true,false
1429793083186,329,2147483647,2147483647,2147483647,-93,13,Swisscom,false,false
1429793083186,2147483647,2147483647,2147483647,2147483647,-113,13,Swisscom,false,false
1429793083186,2147483647,2147483647,2147483647,2147483647,-113,13,Swisscom,false,false
1429793083186,2147483647,2147483647,2147483647,2147483647,-113,13,Swisscom,false,false
1429793083186,2147483647,2147483647,2147483647,2147483647,-113,13,Swisscom,false,false
1429793083186,2147483647,2147483647,2147483647,2147483647,-113,13,Swisscom,false,false
1429793083186,2147483647,2147483647,2147483647,2147483647,-113,13,Swisscom,false,false
1429793083186,2147483647,2147483647,2147483647,2147483647,-113,13,Swisscom,false,false
1429793083186,2147483647,2147483647,2147483647,2147483647,-113,13,Swisscom,false,false
1429793083186,2147483647,2147483647,2147483647,2147483647,-113,13,Swisscom,false,false
1429793083186,2147483647,2147483647,2147483647,2147483647,-113,13,Swisscom,false,false
1429793083186,2147483647,2147483647,2147483647,2147483647,-113,13,Swisscom,false,false
1429793083186,2147483647,2147483647,2147483647,2147483647,-113,13,Swisscom,false,false
1429793083186,2147483647,2147483647,2147483647,2147483647,-113,13,Swisscom,false,false
1429793083186,2147483647,2147483647,2147483647,2147483647,-113,13,Swisscom,false,false
1429793083186,2147483647,2147483647,2147483647,2147483647,-113,13,Swisscom,false,false
1429793143399,16856065,1818,1,228,-89,13,Swisscom,true,false
1429793143399,329,2147483647,2147483647,2147483647,-94,13,Swisscom,false,false
1429793143399,2147483647,2147483647,2147483647,2147483647,-113,13,Swisscom,false,false
1429793143399,2147483647,2147483647,2147483647,2147483647,-113,13,Swisscom,false,false
1429793143399,2147483647,2147483647,2147483647,2147483647,-113,13,Swisscom,false,false
1429793143399,2147483647,2147483647,2147483647,2147483647,-113,13,Swisscom,false,false
1429793143399,2147483647,2147483647,2147483647,2147483647,-113,13,Swisscom,false,false
1429793143399,2147483647,2147483647,2147483647,2147483647,-113,13,Swisscom,false,false
1429793143399,2147483647,2147483647,2147483647,2147483647,-113,13,Swisscom,false,false
1429793143399,2147483647,2147483647,2147483647,2147483647,-113,13,Swisscom,false,false
1429793143399,2147483647,2147483647,2147483647,2147483647,-113,13,Swisscom,false,false
1429793143399,2147483647,2147483647,2147483647,2147483647,-113,13,Swisscom,false,false
1429793143399,2147483647,2147483647,2147483647,2147483647,-113,13,Swisscom,false,false
1429793143399,2147483647,2147483647,2147483647,2147483647,-113,13,Swisscom,false,false
1429793143399,2147483647,2147483647,2147483647,2147483647,-113,13,Swisscom,false,false
1429793143399,2147483647,2147483647,2147483647,2147483647,-113,13,Swisscom,false,false
1429793143399,2147483647,2147483647,2147483647,2147483647,-113,13,Swisscom,false,false
1429793203645,16856065,1818,1,228,-88,13,Swisscom,true,false
1429793203645,329,2147483647,2147483647,2147483647,-94,13,Swisscom,false,false
1429793203645,2147483647,2147483647,2147483647,2147483647,-113,13,Swisscom,false,false
1429793203645,2147483647,2147483647,2147483647,2147483647,-113,13,Swisscom,false,false
1429793203645,2147483647,2147483647,2147483647,2147483647,-113,13,Swisscom,false,false
1429793203645,2147483647,2147483647,2147483647,2147483647,-113,13,Swisscom,false,false
1429793203645,2147483647,2147483647,2147483647,2147483647,-113,13,Swisscom,false,false
1429793203645,2147483647,2147483647,2147483647,2147483647,-113,13,Swisscom,false,false
1429793203645,2147483647,2147483647,2147483647,2147483647,-113,13,Swisscom,false,false
1429793203645,2147483647,2147483647,2147483647,2147483647,-113,13,Swisscom,false,false
1429793203645,2147483647,2147483647,2147483647,2147483647,-113,13,Swisscom,false,false
1429793203645,2147483647,2147483647,2147483647,2147483647,-113,13,Swisscom,false,false
1429793203645,2147483647,2147483647,2147483647,2147483647,-113,13,Swisscom,false,false
1429793203645,2147483647,2147483647,2147483647,2147483647,-113,13,Swisscom,false,false
1429793203645,2147483647,2147483647,2147483647,2147483647,-113,13,Swisscom,false,false
1429793203645,2147483647,2147483647,2147483647,2147483647,-113,13,Swisscom,false,false
1429793203645,2147483647,2147483647,2147483647,2147483647,-113,13,Swisscom,false,false
1429793263740,16856065,1818,1,228,-85,13,Swisscom,true,false
1429793263740,329,2147483647,2147483647,2147483647,-91,13,Swisscom,false,false
1429793324050,16856065,1818,1,228,-88,13,Swisscom,true,false
1429793324050,329,2147483647,2147483647,2147483647,-94,13,Swisscom,false,false
1429793324050,72,2147483647,2147483647,2147483647,-99,13,Swisscom,false,false
1429793324050,2147483647,2147483647,2147483647,2147483647,-113,13,Swisscom,false,false
1429793324050,2147483647,2147483647,2147483647,2147483647,-113,13,Swisscom,false,false
1429793324050,2147483647,2147483647,2147483647,2147483647,-113,13,Swisscom,false,false
1429793324050,2147483647,2147483647,2147483647,2147483647,-113,13,Swisscom,false,false
1429793324050,2147483647,2147483647,2147483647,2147483647,-113,13,Swisscom,false,false
1429793324050,2147483647,2147483647,2147483647,2147483647,-113,13,Swisscom,false,false
1429793324050,2147483647,2147483647,2147483647,2147483647,-113,13,Swisscom,false,false
1429793324050,2147483647,2147483647,2147483647,2147483647,-113,13,Swisscom,false,false
1429793324050,2147483647,2147483647,2147483647,2147483647,-113,13,Swisscom,false,false
1429793324050,2147483647,2147483647,2147483647,2147483647,-113,13,Swisscom,false,false
1429793324050,2147483647,2147483647,2147483647,2147483647,-113,13,Swisscom,false,false
1429793324050,2147483647,2147483647,2147483647,2147483647,-113,13,Swisscom,false,false
1429793324050,2147483647,2147483647,2147483647,2147483647,-113,13,Swisscom,false,false
1429793324050,2147483647,2147483647,2147483647,2147483647,-113,13,Swisscom,false,false
1429793324050,2147483647,2147483647,2147483647,2147483647,-113,13,Swisscom,false,false
1429793403497,16856065,1818,1,228,-89,13,Swisscom,true,false
1429793403497,329,2147483647,2147483647,2147483647,-95,13,Swisscom,false,false
1429793403497,2147483647,2147483647,2147483647,2147483647,-113,13,Swisscom,false,false
1429793403497,2147483647,2147483647,2147483647,2147483647,-113,13,Swisscom,false,false
1429793403497,2147483647,2147483647,2147483647,2147483647,-113,13,Swisscom,false,false
1429793403497,2147483647,2147483647,2147483647,2147483647,-113,13,Swisscom,false,false
1429793403497,2147483647,2147483647,2147483647,2147483647,-113,13,Swisscom,false,false
1429793403497,2147483647,2147483647,2147483647,2147483647,-113,13,Swisscom,false,false
1429793403497,2147483647,2147483647,2147483647,2147483647,-113,13,Swisscom,false,false
1429793403497,2147483647,2147483647,2147483647,2147483647,-113,13,Swisscom,false,false
1429793403497,2147483647,2147483647,2147483647,2147483647,-113,13,Swisscom,false,false
1429793403497,2147483647,2147483647,2147483647,2147483647,-113,13,Swisscom,false,false
1429793403497,2147483647,2147483647,2147483647,2147483647,-113,13,Swisscom,false,false
1429793403497,2147483647,2147483647,2147483647,2147483647,-113,13,Swisscom,false,false
1429793403497,2147483647,2147483647,2147483647,2147483647,-113,13,Swisscom,false,false
1429793403497,2147483647,2147483647,2147483647,2147483647,-113,13,Swisscom,false,false
1429793403497,2147483647,2147483647,2147483647,2147483647,-113,13,Swisscom,false,false
1429793465587,16856065,1818,1,228,-88,13,Swisscom,true,false
1429793465587,329,2147483647,2147483647,2147483647,-92,13,Swisscom,false,false
1429793465587,39,2147483647,2147483647,2147483647,-96,13,Swisscom,false,false
1429793525810,16856065,1818,1,228,-87,13,Swisscom,true,false
1429793525810,39,2147483647,2147483647,2147483647,-97,13,Swisscom,false,false
1429793525810,329,2147483647,2147483647,2147483647,-93,13,Swisscom,false,false
1429793585771,16856065,1818,1,228,-86,13,Swisscom,true,false
1429793585771,329,2147483647,2147483647,2147483647,-92,13,Swisscom,false,false
1429793585771,25,2147483647,2147483647,2147483647,-98,13,Swisscom,false,false
1429793645817,16856065,1818,1,228,-90,13,Swisscom,true,false
1429793645817,329,2147483647,2147483647,2147483647,-94,13,Swisscom,false,false
1429793645817,166,2147483647,2147483647,2147483647,-100,13,Swisscom,false,false
1429793645817,2147483647,2147483647,2147483647,2147483647,-113,13,Swisscom,false,false
1429793645817,2147483647,2147483647,2147483647,2147483647,-113,13,Swisscom,false,false
1429793645817,2147483647,2147483647,2147483647,2147483647,-113,13,Swisscom,false,false
1429793645817,2147483647,2147483647,2147483647,2147483647,-113,13,Swisscom,false,false
1429793645817,2147483647,2147483647,2147483647,2147483647,-113,13,Swisscom,false,false
1429793645817,2147483647,2147483647,2147483647,2147483647,-113,13,Swisscom,false,false
1429793645817,2147483647,2147483647,2147483647,2147483647,-113,13,Swisscom,false,false
1429793645817,2147483647,2147483647,2147483647,2147483647,-113,13,Swisscom,false,false
1429793645817,2147483647,2147483647,2147483647,2147483647,-113,13,Swisscom,false,false
1429793645817,2147483647,2147483647,2147483647,2147483647,-113,13,Swisscom,false,false
1429793645817,2147483647,2147483647,2147483647,2147483647,-113,13,Swisscom,false,false
1429793645817,2147483647,2147483647,2147483647,2147483647,-113,13,Swisscom,false,false
1429793645817,2147483647,2147483647,2147483647,2147483647,-113,13,Swisscom,false,false
1429793645817,2147483647,2147483647,2147483647,2147483647,-113,13,Swisscom,false,false
1429793645817,2147483647,2147483647,2147483647,2147483647,-113,13,Swisscom,false,false
1429793705908,16856065,1818,1,228,-88,13,Swisscom,true,false
1429793705908,329,2147483647,2147483647,2147483647,-93,13,Swisscom,false,false
1429793705908,2147483647,2147483647,2147483647,2147483647,-113,13,Swisscom,false,false
1429793705908,2147483647,2147483647,2147483647,2147483647,-113,13,Swisscom,false,false
1429793705908,2147483647,2147483647,2147483647,2147483647,-113,13,Swisscom,false,false
1429793705908,2147483647,2147483647,2147483647,2147483647,-113,13,Swisscom,false,false
1429793705908,2147483647,2147483647,2147483647,2147483647,-113,13,Swisscom,false,false
1429793705908,2147483647,2147483647,2147483647,2147483647,-113,13,Swisscom,false,false
1429793705908,2147483647,2147483647,2147483647,2147483647,-113,13,Swisscom,false,false
1429793705908,2147483647,2147483647,2147483647,2147483647,-113,13,Swisscom,false,false
1429793705908,2147483647,2147483647,2147483647,2147483647,-113,13,Swisscom,false,false
1429793705908,2147483647,2147483647,2147483647,2147483647,-113,13,Swisscom,false,false
1429793705908,2147483647,2147483647,2147483647,2147483647,-113,13,Swisscom,false,false
1429793705908,2147483647,2147483647,2147483647,2147483647,-113,13,Swisscom,false,false
1429793705908,2147483647,2147483647,2147483647,2147483647,-113,13,Swisscom,false,false
1429793705908,2147483647,2147483647,2147483647,2147483647,-113,13,Swisscom,false,false
1429793705908,2147483647,2147483647,2147483647,2147483647,-113,13,Swisscom,false,false
1429793794563,16856065,1818,1,228,-86,13,Swisscom,true,false
1429793794563,329,2147483647,2147483647,2147483647,-92,13,Swisscom,false,false
1429793794563,72,2147483647,2147483647,2147483647,-102,13,Swisscom,false,false
1429793794563,2147483647,2147483647,2147483647,2147483647,-113,13,Swisscom,false,false
1429793794563,2147483647,2147483647,2147483647,2147483647,-113,13,Swisscom,false,false
1429793794563,2147483647,2147483647,2147483647,2147483647,-113,13,Swisscom,false,false
1429793794563,2147483647,2147483647,2147483647,2147483647,-113,13,Swisscom,false,false
1429793794563,2147483647,2147483647,2147483647,2147483647,-113,13,Swisscom,false,false
1429793794563,2147483647,2147483647,2147483647,2147483647,-113,13,Swisscom,false,false
1429793794563,2147483647,2147483647,2147483647,2147483647,-113,13,Swisscom,false,false
1429793794563,2147483647,2147483647,2147483647,2147483647,-113,13,Swisscom,false,false
1429793794563,2147483647,2147483647,2147483647,2147483647,-113,13,Swisscom,false,false
1429793794563,2147483647,2147483647,2147483647,2147483647,-113,13,Swisscom,false,false
1429793794563,2147483647,2147483647,2147483647,2147483647,-113,13,Swisscom,false,false
1429793794563,2147483647,2147483647,2147483647,2147483647,-113,13,Swisscom,false,false
1429793794563,2147483647,2147483647,2147483647,2147483647,-113,13,Swisscom,false,false
1429793794563,2147483647,2147483647,2147483647,2147483647,-113,13,Swisscom,false,false
1429793794563,2147483647,2147483647,2147483647,2147483647,-113,13,Swisscom,false,false
1429793854833,16856065,1818,1,228,-85,13,Swisscom,true,false
1429793854833,72,2147483647,2147483647,2147483647,-98,13,Swisscom,false,false
1429793854833,329,2147483647,2147483647,2147483647,-90,13,Swisscom,false,false
1429793854833,2147483647,2147483647,2147483647,2147483647,-113,13,Swisscom,false,false
1429793854833,2147483647,2147483647,2147483647,2147483647,-113,13,Swisscom,false,false
1429793854833,2147483647,2147483647,2147483647,2147483647,-113,13,Swisscom,false,false
1429793854833,2147483647,2147483647,2147483647,2147483647,-113,13,Swisscom,false,false
1429793854833,2147483647,2147483647,2147483647,2147483647,-113,13,Swisscom,false,false
1429793854833,2147483647,2147483647,2147483647,2147483647,-113,13,Swisscom,false,false
1429793854833,2147483647,2147483647,2147483647,2147483647,-113,13,Swisscom,false,false
1429793854833,2147483647,2147483647,2147483647,2147483647,-113,13,Swisscom,false,false
1429793854833,2147483647,2147483647,2147483647,2147483647,-113,13,Swisscom,false,false
1429793854833,2147483647,2147483647,2147483647,2147483647,-113,13,Swisscom,false,false
1429793854833,2147483647,2147483647,2147483647,2147483647,-113,13,Swisscom,false,false
1429793854833,2147483647,2147483647,2147483647,2147483647,-113,13,Swisscom,false,false
1429793854833,2147483647,2147483647,2147483647,2147483647,-113,13,Swisscom,false,false
1429793854833,2147483647,2147483647,2147483647,2147483647,-113,13,Swisscom,false,false
1429793854833,2147483647,2147483647,2147483647,2147483647,-113,13,Swisscom,false,false
1429793915098,16856065,1818,1,228,-88,13,Swisscom,true,false
1429793915098,329,2147483647,2147483647,2147483647,-91,13,Swisscom,false,false
1429793915098,166,2147483647,2147483647,2147483647,-95,13,Swisscom,false,false
1429793915098,39,2147483647,2147483647,2147483647,-92,13,Swisscom,false,false
1429793915098,2147483647,2147483647,2147483647,2147483647,-113,13,Swisscom,false,false
1429793915098,2147483647,2147483647,2147483647,2147483647,-113,13,Swisscom,false,false
1429793915098,2147483647,2147483647,2147483647,2147483647,-113,13,Swisscom,false,false
1429793915098,2147483647,2147483647,2147483647,2147483647,-113,13,Swisscom,false,false
1429793915098,2147483647,2147483647,2147483647,2147483647,-113,13,Swisscom,false,false
1429793915098,2147483647,2147483647,2147483647,2147483647,-113,13,Swisscom,false,false
1429793915098,2147483647,2147483647,2147483647,2147483647,-113,13,Swisscom,false,false
1429793915098,2147483647,2147483647,2147483647,2147483647,-113,13,Swisscom,false,false
1429793915098,2147483647,2147483647,2147483647,2147483647,-113,13,Swisscom,false,false
1429793915098,2147483647,2147483647,2147483647,2147483647,-113,13,Swisscom,false,false
1429793915098,2147483647,2147483647,2147483647,2147483647,-113,13,Swisscom,false,false
1429793915098,2147483647,2147483647,2147483647,2147483647,-113,13,Swisscom,false,false
1429793915098,2147483647,2147483647,2147483647,2147483647,-113,13,Swisscom,false,false
1429793915098,2147483647,2147483647,2147483647,2147483647,-113,13,Swisscom,false,false
1429793915098,2147483647,2147483647,2147483647,2147483647,-113,13,Swisscom,false,false
1429793975197,16856065,1818,1,228,-85,13,Swisscom,true,false
1429793975197,2147483647,2147483647,2147483647,2147483647,-113,13,Swisscom,false,false
1429793975197,2147483647,2147483647,2147483647,2147483647,-113,13,Swisscom,false,false
1429793975197,2147483647,2147483647,2147483647,2147483647,-113,13,Swisscom,false,false
1429793975197,2147483647,2147483647,2147483647,2147483647,-113,13,Swisscom,false,false
1429793975197,2147483647,2147483647,2147483647,2147483647,-113,13,Swisscom,false,false
1429793975197,2147483647,2147483647,2147483647,2147483647,-113,13,Swisscom,false,false
1429793975197,2147483647,2147483647,2147483647,2147483647,-113,13,Swisscom,false,false
1429793975197,2147483647,2147483647,2147483647,2147483647,-113,13,Swisscom,false,false
1429793975197,2147483647,2147483647,2147483647,2147483647,-113,13,Swisscom,false,false
1429793975197,2147483647,2147483647,2147483647,2147483647,-113,13,Swisscom,false,false
1429793975197,2147483647,2147483647,2147483647,2147483647,-113,13,Swisscom,false,false
1429793975197,2147483647,2147483647,2147483647,2147483647,-113,13,Swisscom,false,false
1429793975197,2147483647,2147483647,2147483647,2147483647,-113,13,Swisscom,false,false
1429793975197,2147483647,2147483647,2147483647,2147483647,-113,13,Swisscom,false,false
1429793975197,2147483647,2147483647,2147483647,2147483647,-113,13,Swisscom,false,false
1429794035279,16856065,1818,1,228,-88,13,Swisscom,true,false
1429794035279,329,2147483647,2147483647,2147483647,-91,13,Swisscom,false,false
1429794035279,166,2147483647,2147483647,2147483647,-104,13,Swisscom,false,false
1429794035279,2147483647,2147483647,2147483647,2147483647,-113,13,Swisscom,false,false
1429794035279,2147483647,2147483647,2147483647,2147483647,-113,13,Swisscom,false,false
1429794035279,2147483647,2147483647,2147483647,2147483647,-113,13,Swisscom,false,false
1429794035279,2147483647,2147483647,2147483647,2147483647,-113,13,Swisscom,false,false
1429794035279,2147483647,2147483647,2147483647,2147483647,-113,13,Swisscom,false,false
1429794035279,2147483647,2147483647,2147483647,2147483647,-113,13,Swisscom,false,false
1429794035279,2147483647,2147483647,2147483647,2147483647,-113,13,Swisscom,false,false
1429794035279,2147483647,2147483647,2147483647,2147483647,-113,13,Swisscom,false,false
1429794035279,2147483647,2147483647,2147483647,2147483647,-113,13,Swisscom,false,false
1429794035279,2147483647,2147483647,2147483647,2147483647,-113,13,Swisscom,false,false
1429794035279,2147483647,2147483647,2147483647,2147483647,-113,13,Swisscom,false,false
1429794035279,2147483647,2147483647,2147483647,2147483647,-113,13,Swisscom,false,false
1429794035279,2147483647,2147483647,2147483647,2147483647,-113,13,Swisscom,false,false
1429794035279,2147483647,2147483647,2147483647,2147483647,-113,13,Swisscom,false,false
1429794035279,2147483647,2147483647,2147483647,2147483647,-113,13,Swisscom,false,false
1429794095386,16856065,1818,1,228,-87,13,Swisscom,true,false
1429794095386,329,2147483647,2147483647,2147483647,-94,13,Swisscom,false,false
1429794095386,166,2147483647,2147483647,2147483647,-100,13,Swisscom,false,false
1429794095386,72,2147483647,2147483647,2147483647,-103,13,Swisscom,false,false
1429794095386,2147483647,2147483647,2147483647,2147483647,-113,13,Swisscom,false,false
1429794095386,2147483647,2147483647,2147483647,2147483647,-113,13,Swisscom,false,false
1429794095386,2147483647,2147483647,2147483647,2147483647,-113,13,Swisscom,false,false
1429794095386,2147483647,2147483647,2147483647,2147483647,-113,13,Swisscom,false,false
1429794095386,2147483647,2147483647,2147483647,2147483647,-113,13,Swisscom,false,false
1429794095386,2147483647,2147483647,2147483647,2147483647,-113,13,Swisscom,false,false
1429794095386,2147483647,2147483647,2147483647,2147483647,-113,13,Swisscom,false,false
1429794095386,2147483647,2147483647,2147483647,2147483647,-113,13,Swisscom,false,false
1429794095386,2147483647,2147483647,2147483647,2147483647,-113,13,Swisscom,false,false
1429794095386,2147483647,2147483647,2147483647,2147483647,-113,13,Swisscom,false,false
1429794095386,2147483647,2147483647,2147483647,2147483647,-113,13,Swisscom,false,false
1429794095386,2147483647,2147483647,2147483647,2147483647,-113,13,Swisscom,false,false
1429794095386,2147483647,2147483647,2147483647,2147483647,-113,13,Swisscom,false,false
1429794095386,2147483647,2147483647,2147483647,2147483647,-113,13,Swisscom,false,false
1429794095386,2147483647,2147483647,2147483647,2147483647,-113,13,Swisscom,false,false
1429794164288,16856065,1818,1,228,-85,13,Swisscom,true,false
1429794164288,329,2147483647,2147483647,2147483647,-91,13,Swisscom,false,false
1429794164288,166,2147483647,2147483647,2147483647,-102,13,Swisscom,false,false
1429794164288,72,2147483647,2147483647,2147483647,-102,13,Swisscom,false,false
1429794164288,2147483647,2147483647,2147483647,2147483647,-113,13,Swisscom,false,false
1429794164288,2147483647,2147483647,2147483647,2147483647,-113,13,Swisscom,false,false
1429794164288,2147483647,2147483647,2147483647,2147483647,-113,13,Swisscom,false,false
1429794164288,2147483647,2147483647,2147483647,2147483647,-113,13,Swisscom,false,false
1429794164288,2147483647,2147483647,2147483647,2147483647,-113,13,Swisscom,false,false
1429794164288,2147483647,2147483647,2147483647,2147483647,-113,13,Swisscom,false,false
1429794164288,2147483647,2147483647,2147483647,2147483647,-113,13,Swisscom,false,false
1429794164288,2147483647,2147483647,2147483647,2147483647,-113,13,Swisscom,false,false
1429794164288,2147483647,2147483647,2147483647,2147483647,-113,13,Swisscom,false,false
1429794164288,2147483647,2147483647,2147483647,2147483647,-113,13,Swisscom,false,false
1429794164288,2147483647,2147483647,2147483647,2147483647,-113,13,Swisscom,false,false
1429794164288,2147483647,2147483647,2147483647,2147483647,-113,13,Swisscom,false,false
1429794164288,2147483647,2147483647,2147483647,2147483647,-113,13,Swisscom,false,false
1429794164288,2147483647,2147483647,2147483647,2147483647,-113,13,Swisscom,false,false
1429794164288,2147483647,2147483647,2147483647,2147483647,-113,13,Swisscom,false,false
1429794224347,16856065,1818,1,228,-86,13,Swisscom,true,false
1429794224347,329,2147483647,2147483647,2147483647,-94,13,Swisscom,false,false
1429794224347,233,2147483647,2147483647,2147483647,-108,13,Swisscom,false,false
1429794224347,39,2147483647,2147483647,2147483647,-101,13,Swisscom,false,false
1429794224347,62,2147483647,2147483647,2147483647,-108,13,Swisscom,false,false
1429794284440,16856065,1818,1,228,-86,13,Swisscom,true,false
1429794284440,329,2147483647,2147483647,2147483647,-91,13,Swisscom,false,false
1429794284440,72,2147483647,2147483647,2147483647,-102,13,Swisscom,false,false
1429794284440,2147483647,2147483647,2147483647,2147483647,-113,13,Swisscom,false,false
1429794284440,2147483647,2147483647,2147483647,2147483647,-113,13,Swisscom,false,false
1429794284440,2147483647,2147483647,2147483647,2147483647,-113,13,Swisscom,false,false
1429794284440,2147483647,2147483647,2147483647,2147483647,-113,13,Swisscom,false,false
1429794284440,2147483647,2147483647,2147483647,2147483647,-113,13,Swisscom,false,false
1429794284440,2147483647,2147483647,2147483647,2147483647,-113,13,Swisscom,false,false
1429794284440,2147483647,2147483647,2147483647,2147483647,-113,13,Swisscom,false,false
1429794284440,2147483647,2147483647,2147483647,2147483647,-113,13,Swisscom,false,false
1429794284440,2147483647,2147483647,2147483647,2147483647,-113,13,Swisscom,false,false
1429794284440,2147483647,2147483647,2147483647,2147483647,-113,13,Swisscom,false,false
1429794284440,2147483647,2147483647,2147483647,2147483647,-113,13,Swisscom,false,false
1429794284440,2147483647,2147483647,2147483647,2147483647,-113,13,Swisscom,false,false
1429794284440,2147483647,2147483647,2147483647,2147483647,-113,13,Swisscom,false,false
1429794284440,2147483647,2147483647,2147483647,2147483647,-113,13,Swisscom,false,false
1429794284440,2147483647,2147483647,2147483647,2147483647,-113,13,Swisscom,false,false
1429794344510,16856065,1818,1,228,-84,13,Swisscom,true,false
1429794344510,329,2147483647,2147483647,2147483647,-95,13,Swisscom,false,false
1429794344510,72,2147483647,2147483647,2147483647,-99,13,Swisscom,false,false
1429794344510,166,2147483647,2147483647,2147483647,-97,13,Swisscom,false,false
1429794344510,2147483647,2147483647,2147483647,2147483647,-113,13,Swisscom,false,false
1429794344510,2147483647,2147483647,2147483647,2147483647,-113,13,Swisscom,false,false
1429794344510,2147483647,2147483647,2147483647,2147483647,-113,13,Swisscom,false,false
1429794344510,2147483647,2147483647,2147483647,2147483647,-113,13,Swisscom,false,false
1429794344510,2147483647,2147483647,2147483647,2147483647,-113,13,Swisscom,false,false
1429794344510,2147483647,2147483647,2147483647,2147483647,-113,13,Swisscom,false,false
1429794344510,2147483647,2147483647,2147483647,2147483647,-113,13,Swisscom,false,false
1429794344510,2147483647,2147483647,2147483647,2147483647,-113,13,Swisscom,false,false
1429794344510,2147483647,2147483647,2147483647,2147483647,-113,13,Swisscom,false,false
1429794344510,2147483647,2147483647,2147483647,2147483647,-113,13,Swisscom,false,false
1429794344510,2147483647,2147483647,2147483647,2147483647,-113,13,Swisscom,false,false
1429794344510,2147483647,2147483647,2147483647,2147483647,-113,13,Swisscom,false,false
1429794344510,2147483647,2147483647,2147483647,2147483647,-113,13,Swisscom,false,false
1429794344510,2147483647,2147483647,2147483647,2147483647,-113,13,Swisscom,false,false
1429794344510,2147483647,2147483647,2147483647,2147483647,-113,13,Swisscom,false,false
1429794410054,16856065,1818,1,228,-85,13,Swisscom,true,false
1429794410054,329,2147483647,2147483647,2147483647,-95,13,Swisscom,false,false
1429794410054,72,2147483647,2147483647,2147483647,-102,13,Swisscom,false,false
1429794410054,166,2147483647,2147483647,2147483647,-100,13,Swisscom,false,false
1429794410054,2147483647,2147483647,2147483647,2147483647,-113,13,Swisscom,false,false
1429794410054,2147483647,2147483647,2147483647,2147483647,-113,13,Swisscom,false,false
1429794410054,2147483647,2147483647,2147483647,2147483647,-113,13,Swisscom,false,false
1429794410054,2147483647,2147483647,2147483647,2147483647,-113,13,Swisscom,false,false
1429794410054,2147483647,2147483647,2147483647,2147483647,-113,13,Swisscom,false,false
1429794410054,2147483647,2147483647,2147483647,2147483647,-113,13,Swisscom,false,false
1429794410054,2147483647,2147483647,2147483647,2147483647,-113,13,Swisscom,false,false
1429794410054,2147483647,2147483647,2147483647,2147483647,-113,13,Swisscom,false,false
1429794410054,2147483647,2147483647,2147483647,2147483647,-113,13,Swisscom,false,false
1429794410054,2147483647,2147483647,2147483647,2147483647,-113,13,Swisscom,false,false
1429794410054,2147483647,2147483647,2147483647,2147483647,-113,13,Swisscom,false,false
1429794410054,2147483647,2147483647,2147483647,2147483647,-113,13,Swisscom,false,false
1429794410054,2147483647,2147483647,2147483647,2147483647,-113,13,Swisscom,false,false
1429794410054,2147483647,2147483647,2147483647,2147483647,-113,13,Swisscom,false,false
1429794410054,2147483647,2147483647,2147483647,2147483647,-113,13,Swisscom,false,false
1429794470087,16856065,1818,1,228,-85,13,Swisscom,true,false
1429794470087,329,2147483647,2147483647,2147483647,-96,13,Swisscom,false,false
1429794470087,72,2147483647,2147483647,2147483647,-101,13,Swisscom,false,false
1429794470087,166,2147483647,2147483647,2147483647,-99,13,Swisscom,false,false
1429794470087,2147483647,2147483647,2147483647,2147483647,-113,13,Swisscom,false,false
1429794470087,2147483647,2147483647,2147483647,2147483647,-113,13,Swisscom,false,false
1429794470087,2147483647,2147483647,2147483647,2147483647,-113,13,Swisscom,false,false
1429794470087,2147483647,2147483647,2147483647,2147483647,-113,13,Swisscom,false,false
1429794470087,2147483647,2147483647,2147483647,2147483647,-113,13,Swisscom,false,false
1429794470087,2147483647,2147483647,2147483647,2147483647,-113,13,Swisscom,false,false
1429794470087,2147483647,2147483647,2147483647,2147483647,-113,13,Swisscom,false,false
1429794470087,2147483647,2147483647,2147483647,2147483647,-113,13,Swisscom,false,false
1429794470087,2147483647,2147483647,2147483647,2147483647,-113,13,Swisscom,false,false
1429794470087,2147483647,2147483647,2147483647,2147483647,-113,13,Swisscom,false,false
1429794470087,2147483647,2147483647,2147483647,2147483647,-113,13,Swisscom,false,false
1429794470087,2147483647,2147483647,2147483647,2147483647,-113,13,Swisscom,false,false
1429794470087,2147483647,2147483647,2147483647,2147483647,-113,13,Swisscom,false,false
1429794470087,2147483647,2147483647,2147483647,2147483647,-113,13,Swisscom,false,false
1429794470087,2147483647,2147483647,2147483647,2147483647,-113,13,Swisscom,false,false
1429794530214,16856065,1818,1,228,-87,13,Swisscom,true,false
1429794530214,329,2147483647,2147483647,2147483647,-93,13,Swisscom,false,false
1429794530214,72,2147483647,2147483647,2147483647,-101,13,Swisscom,false,false
1429794530214,2147483647,2147483647,2147483647,2147483647,-113,13,Swisscom,false,false
1429794530214,2147483647,2147483647,2147483647,2147483647,-113,13,Swisscom,false,false
1429794530214,2147483647,2147483647,2147483647,2147483647,-113,13,Swisscom,false,false
1429794530214,2147483647,2147483647,2147483647,2147483647,-113,13,Swisscom,false,false
1429794530214,2147483647,2147483647,2147483647,2147483647,-113,13,Swisscom,false,false
1429794530214,2147483647,2147483647,2147483647,2147483647,-113,13,Swisscom,false,false
1429794530214,2147483647,2147483647,2147483647,2147483647,-113,13,Swisscom,false,false
1429794530214,2147483647,2147483647,2147483647,2147483647,-113,13,Swisscom,false,false
1429794530214,2147483647,2147483647,2147483647,2147483647,-113,13,Swisscom,false,false
1429794530214,2147483647,2147483647,2147483647,2147483647,-113,13,Swisscom,false,false
1429794530214,2147483647,2147483647,2147483647,2147483647,-113,13,Swisscom,false,false
1429794530214,2147483647,2147483647,2147483647,2147483647,-113,13,Swisscom,false,false
1429794530214,2147483647,2147483647,2147483647,2147483647,-113,13,Swisscom,false,false
1429794530214,2147483647,2147483647,2147483647,2147483647,-113,13,Swisscom,false,false
1429794530214,2147483647,2147483647,2147483647,2147483647,-113,13,Swisscom,false,false
1429794590238,16856065,1818,1,228,-84,13,Swisscom,true,false
1429794590238,329,2147483647,2147483647,2147483647,-93,13,Swisscom,false,false
1429794590238,72,2147483647,2147483647,2147483647,-100,13,Swisscom,false,false
1429794590238,2147483647,2147483647,2147483647,2147483647,-113,13,Swisscom,false,false
1429794590238,2147483647,2147483647,2147483647,2147483647,-113,13,Swisscom,false,false
1429794590238,2147483647,2147483647,2147483647,2147483647,-113,13,Swisscom,false,false
1429794590238,2147483647,2147483647,2147483647,2147483647,-113,13,Swisscom,false,false
1429794590238,2147483647,2147483647,2147483647,2147483647,-113,13,Swisscom,false,false
1429794590238,2147483647,2147483647,2147483647,2147483647,-113,13,Swisscom,false,false
1429794590238,2147483647,2147483647,2147483647,2147483647,-113,13,Swisscom,false,false
1429794590238,2147483647,2147483647,2147483647,2147483647,-113,13,Swisscom,false,false
1429794590238,2147483647,2147483647,2147483647,2147483647,-113,13,Swisscom,false,false
1429794590238,2147483647,2147483647,2147483647,2147483647,-113,13,Swisscom,false,false
1429794590238,2147483647,2147483647,2147483647,2147483647,-113,13,Swisscom,false,false
1429794590238,2147483647,2147483647,2147483647,2147483647,-113,13,Swisscom,false,false
1429794590238,2147483647,2147483647,2147483647,2147483647,-113,13,Swisscom,false,false
1429794590238,2147483647,2147483647,2147483647,2147483647,-113,13,Swisscom,false,false
1429794590238,2147483647,2147483647,2147483647,2147483647,-113,13,Swisscom,false,false
1429794650405,16856065,1818,1,228,-88,13,Swisscom,true,false
1429794650405,329,2147483647,2147483647,2147483647,-95,13,Swisscom,false,false
1429794650405,166,2147483647,2147483647,2147483647,-100,13,Swisscom,false,false
1429794650405,72,2147483647,2147483647,2147483647,-102,13,Swisscom,false,false
1429794650405,2147483647,2147483647,2147483647,2147483647,-113,13,Swisscom,false,false
1429794650405,2147483647,2147483647,2147483647,2147483647,-113,13,Swisscom,false,false
1429794650405,2147483647,2147483647,2147483647,2147483647,-113,13,Swisscom,false,false
1429794650405,2147483647,2147483647,2147483647,2147483647,-113,13,Swisscom,false,false
1429794650405,2147483647,2147483647,2147483647,2147483647,-113,13,Swisscom,false,false
1429794650405,2147483647,2147483647,2147483647,2147483647,-113,13,Swisscom,false,false
1429794650405,2147483647,2147483647,2147483647,2147483647,-113,13,Swisscom,false,false
1429794650405,2147483647,2147483647,2147483647,2147483647,-113,13,Swisscom,false,false
1429794650405,2147483647,2147483647,2147483647,2147483647,-113,13,Swisscom,false,false
1429794650405,2147483647,2147483647,2147483647,2147483647,-113,13,Swisscom,false,false
1429794650405,2147483647,2147483647,2147483647,2147483647,-113,13,Swisscom,false,false
1429794650405,2147483647,2147483647,2147483647,2147483647,-113,13,Swisscom,false,false
1429794650405,2147483647,2147483647,2147483647,2147483647,-113,13,Swisscom,false,false
1429794650405,2147483647,2147483647,2147483647,2147483647,-113,13,Swisscom,false,false
1429794650405,2147483647,2147483647,2147483647,2147483647,-113,13,Swisscom,false,false
1429794710497,16856065,1818,1,228,-86,13,Swisscom,true,false
1429794710497,329,2147483647,2147483647,2147483647,-92,13,Swisscom,false,false
1429794710497,166,2147483647,2147483647,2147483647,-98,13,Swisscom,false,false
1429794710497,72,2147483647,2147483647,2147483647,-101,13,Swisscom,false,false
1429794710497,2147483647,2147483647,2147483647,2147483647,-113,13,Swisscom,false,false
1429794710497,2147483647,2147483647,2147483647,2147483647,-113,13,Swisscom,false,false
1429794710497,2147483647,2147483647,2147483647,2147483647,-113,13,Swisscom,false,false
1429794710497,2147483647,2147483647,2147483647,2147483647,-113,13,Swisscom,false,false
1429794710497,2147483647,2147483647,2147483647,2147483647,-113,13,Swisscom,false,false
1429794710497,2147483647,2147483647,2147483647,2147483647,-113,13,Swisscom,false,false
1429794710497,2147483647,2147483647,2147483647,2147483647,-113,13,Swisscom,false,false
1429794710497,2147483647,2147483647,2147483647,2147483647,-113,13,Swisscom,false,false
1429794710497,2147483647,2147483647,2147483647,2147483647,-113,13,Swisscom,false,false
1429794710497,2147483647,2147483647,2147483647,2147483647,-113,13,Swisscom,false,false
1429794710497,2147483647,2147483647,2147483647,2147483647,-113,13,Swisscom,false,false
1429794710497,2147483647,2147483647,2147483647,2147483647,-113,13,Swisscom,false,false
1429794710497,2147483647,2147483647,2147483647,2147483647,-113,13,Swisscom,false,false
1429794710497,2147483647,2147483647,2147483647,2147483647,-113,13,Swisscom,false,false
1429794710497,2147483647,2147483647,2147483647,2147483647,-113,13,Swisscom,false,false
1429794770618,16856065,1818,1,228,-86,13,Swisscom,true,false
1429794770618,329,2147483647,2147483647,2147483647,-93,13,Swisscom,false,false
1429794770618,2147483647,2147483647,2147483647,2147483647,-113,13,Swisscom,false,false
1429794770618,2147483647,2147483647,2147483647,2147483647,-113,13,Swisscom,false,false
1429794770618,2147483647,2147483647,2147483647,2147483647,-113,13,Swisscom,false,false
1429794770618,2147483647,2147483647,2147483647,2147483647,-113,13,Swisscom,false,false
1429794770618,2147483647,2147483647,2147483647,2147483647,-113,13,Swisscom,false,false
1429794770618,2147483647,2147483647,2147483647,2147483647,-113,13,Swisscom,false,false
1429794770618,2147483647,2147483647,2147483647,2147483647,-113,13,Swisscom,false,false
1429794770618,2147483647,2147483647,2147483647,2147483647,-113,13,Swisscom,false,false
1429794770618,2147483647,2147483647,2147483647,2147483647,-113,13,Swisscom,false,false
1429794770618,2147483647,2147483647,2147483647,2147483647,-113,13,Swisscom,false,false
1429794770618,2147483647,2147483647,2147483647,2147483647,-113,13,Swisscom,false,false
1429794770618,2147483647,2147483647,2147483647,2147483647,-113,13,Swisscom,false,false
1429794770618,2147483647,2147483647,2147483647,2147483647,-113,13,Swisscom,false,false
1429794770618,2147483647,2147483647,2147483647,2147483647,-113,13,Swisscom,false,false
1429794770618,2147483647,2147483647,2147483647,2147483647,-113,13,Swisscom,false,false
1429794830726,16856065,1818,1,228,-89,13,Swisscom,true,false
1429794830726,329,2147483647,2147483647,2147483647,-91,13,Swisscom,false,false
1429794830726,72,2147483647,2147483647,2147483647,-103,13,Swisscom,false,false
1429794830726,2147483647,2147483647,2147483647,2147483647,-113,13,Swisscom,false,false
1429794830726,2147483647,2147483647,2147483647,2147483647,-113,13,Swisscom,false,false
1429794830726,2147483647,2147483647,2147483647,2147483647,-113,13,Swisscom,false,false
1429794830726,2147483647,2147483647,2147483647,2147483647,-113,13,Swisscom,false,false
1429794830726,2147483647,2147483647,2147483647,2147483647,-113,13,Swisscom,false,false
1429794830726,2147483647,2147483647,2147483647,2147483647,-113,13,Swisscom,false,false
1429794830726,2147483647,2147483647,2147483647,2147483647,-113,13,Swisscom,false,false
1429794830726,2147483647,2147483647,2147483647,2147483647,-113,13,Swisscom,false,false
1429794830726,2147483647,2147483647,2147483647,2147483647,-113,13,Swisscom,false,false
1429794830726,2147483647,2147483647,2147483647,2147483647,-113,13,Swisscom,false,false
1429794830726,2147483647,2147483647,2147483647,2147483647,-113,13,Swisscom,false,false
1429794830726,2147483647,2147483647,2147483647,2147483647,-113,13,Swisscom,false,false
1429794830726,2147483647,2147483647,2147483647,2147483647,-113,13,Swisscom,false,false
1429794830726,2147483647,2147483647,2147483647,2147483647,-113,13,Swisscom,false,false
1429794830726,2147483647,2147483647,2147483647,2147483647,-113,13,Swisscom,false,false
1429794890813,16856065,1818,1,228,-87,13,Swisscom,true,false
1429794890813,329,2147483647,2147483647,2147483647,-90,13,Swisscom,false,false
1429794890813,2147483647,2147483647,2147483647,2147483647,-113,13,Swisscom,false,false
1429794890813,2147483647,2147483647,2147483647,2147483647,-113,13,Swisscom,false,false
1429794890813,2147483647,2147483647,2147483647,2147483647,-113,13,Swisscom,false,false
1429794890813,2147483647,2147483647,2147483647,2147483647,-113,13,Swisscom,false,false
1429794890813,2147483647,2147483647,2147483647,2147483647,-113,13,Swisscom,false,false
1429794890813,2147483647,2147483647,2147483647,2147483647,-113,13,Swisscom,false,false
1429794890813,2147483647,2147483647,2147483647,2147483647,-113,13,Swisscom,false,false
1429794890813,2147483647,2147483647,2147483647,2147483647,-113,13,Swisscom,false,false
1429794890813,2147483647,2147483647,2147483647,2147483647,-113,13,Swisscom,false,false
1429794890813,2147483647,2147483647,2147483647,2147483647,-113,13,Swisscom,false,false
1429794890813,2147483647,2147483647,2147483647,2147483647,-113,13,Swisscom,false,false
1429794890813,2147483647,2147483647,2147483647,2147483647,-113,13,Swisscom,false,false
1429794890813,2147483647,2147483647,2147483647,2147483647,-113,13,Swisscom,false,false
1429794890813,2147483647,2147483647,2147483647,2147483647,-113,13,Swisscom,false,false
1429794890813,2147483647,2147483647,2147483647,2147483647,-113,13,Swisscom,false,false
1429794968411,16856065,1818,1,228,-86,13,Swisscom,true,false
1429794968411,329,2147483647,2147483647,2147483647,-91,13,Swisscom,false,false
1429794968411,2147483647,2147483647,2147483647,2147483647,-113,13,Swisscom,false,false
1429794968411,2147483647,2147483647,2147483647,2147483647,-113,13,Swisscom,false,false
1429794968411,2147483647,2147483647,2147483647,2147483647,-113,13,Swisscom,false,false
1429794968411,2147483647,2147483647,2147483647,2147483647,-113,13,Swisscom,false,false
1429794968411,2147483647,2147483647,2147483647,2147483647,-113,13,Swisscom,false,false
1429794968411,2147483647,2147483647,2147483647,2147483647,-113,13,Swisscom,false,false
1429794968411,2147483647,2147483647,2147483647,2147483647,-113,13,Swisscom,false,false
1429794968411,2147483647,2147483647,2147483647,2147483647,-113,13,Swisscom,false,false
1429794968411,2147483647,2147483647,2147483647,2147483647,-113,13,Swisscom,false,false
1429794968411,2147483647,2147483647,2147483647,2147483647,-113,13,Swisscom,false,false
1429794968411,2147483647,2147483647,2147483647,2147483647,-113,13,Swisscom,false,false
1429794968411,2147483647,2147483647,2147483647,2147483647,-113,13,Swisscom,false,false
1429794968411,2147483647,2147483647,2147483647,2147483647,-113,13,Swisscom,false,false
1429794968411,2147483647,2147483647,2147483647,2147483647,-113,13,Swisscom,false,false
1429794968411,2147483647,2147483647,2147483647,2147483647,-113,13,Swisscom,false,false
1429795028466,16856065,1818,1,228,-87,13,Swisscom,true,false
1429795028466,329,2147483647,2147483647,2147483647,-92,13,Swisscom,false,false
1429795028466,39,2147483647,2147483647,2147483647,-102,13,Swisscom,false,false
1429795028466,2147483647,2147483647,2147483647,2147483647,-113,13,Swisscom,false,false
1429795028466,2147483647,2147483647,2147483647,2147483647,-113,13,Swisscom,false,false
1429795028466,2147483647,2147483647,2147483647,2147483647,-113,13,Swisscom,false,false
1429795028466,2147483647,2147483647,2147483647,2147483647,-113,13,Swisscom,false,false
1429795028466,2147483647,2147483647,2147483647,2147483647,-113,13,Swisscom,false,false
1429795028466,2147483647,2147483647,2147483647,2147483647,-113,13,Swisscom,false,false
1429795028466,2147483647,2147483647,2147483647,2147483647,-113,13,Swisscom,false,false
1429795028466,2147483647,2147483647,2147483647,2147483647,-113,13,Swisscom,false,false
1429795028466,2147483647,2147483647,2147483647,2147483647,-113,13,Swisscom,false,false
1429795028466,2147483647,2147483647,2147483647,2147483647,-113,13,Swisscom,false,false
1429795028466,2147483647,2147483647,2147483647,2147483647,-113,13,Swisscom,false,false
1429795028466,2147483647,2147483647,2147483647,2147483647,-113,13,Swisscom,false,false
1429795028466,2147483647,2147483647,2147483647,2147483647,-113,13,Swisscom,false,false
1429795028466,2147483647,2147483647,2147483647,2147483647,-113,13,Swisscom,false,false
1429795028466,2147483647,2147483647,2147483647,2147483647,-113,13,Swisscom,false,false
1429795110162,16856065,1818,1,228,-86,13,Swisscom,true,false
1429795110162,329,2147483647,2147483647,2147483647,-91,13,Swisscom,false,false
1429795110162,166,2147483647,2147483647,2147483647,-97,13,Swisscom,false,false
1429795110162,2147483647,2147483647,2147483647,2147483647,-113,13,Swisscom,false,false
1429795110162,2147483647,2147483647,2147483647,2147483647,-113,13,Swisscom,false,false
1429795110162,2147483647,2147483647,2147483647,2147483647,-113,13,Swisscom,false,false
1429795110162,2147483647,2147483647,2147483647,2147483647,-113,13,Swisscom,false,false
1429795110162,2147483647,2147483647,2147483647,2147483647,-113,13,Swisscom,false,false
1429795110162,2147483647,2147483647,2147483647,2147483647,-113,13,Swisscom,false,false
1429795110162,2147483647,2147483647,2147483647,2147483647,-113,13,Swisscom,false,false
1429795110162,2147483647,2147483647,2147483647,2147483647,-113,13,Swisscom,false,false
1429795110162,2147483647,2147483647,2147483647,2147483647,-113,13,Swisscom,false,false
1429795110162,2147483647,2147483647,2147483647,2147483647,-113,13,Swisscom,false,false
1429795110162,2147483647,2147483647,2147483647,2147483647,-113,13,Swisscom,false,false
1429795110162,2147483647,2147483647,2147483647,2147483647,-113,13,Swisscom,false,false
1429795110162,2147483647,2147483647,2147483647,2147483647,-113,13,Swisscom,false,false
1429795110162,2147483647,2147483647,2147483647,2147483647,-113,13,Swisscom,false,false
1429795110162,2147483647,2147483647,2147483647,2147483647,-113,13,Swisscom,false,false
1429795184198,16856065,1818,1,228,-88,13,Swisscom,true,false
1429795184198,329,2147483647,2147483647,2147483647,-93,13,Swisscom,false,false
1429795184198,166,2147483647,2147483647,2147483647,-100,13,Swisscom,false,false
1429795184198,72,2147483647,2147483647,2147483647,-102,13,Swisscom,false,false
1429795184198,2147483647,2147483647,2147483647,2147483647,-113,13,Swisscom,false,false
1429795184198,2147483647,2147483647,2147483647,2147483647,-113,13,Swisscom,false,false
1429795184198,2147483647,2147483647,2147483647,2147483647,-113,13,Swisscom,false,false
1429795184198,2147483647,2147483647,2147483647,2147483647,-113,13,Swisscom,false,false
1429795184198,2147483647,2147483647,2147483647,2147483647,-113,13,Swisscom,false,false
1429795184198,2147483647,2147483647,2147483647,2147483647,-113,13,Swisscom,false,false
1429795184198,2147483647,2147483647,2147483647,2147483647,-113,13,Swisscom,false,false
1429795184198,2147483647,2147483647,2147483647,2147483647,-113,13,Swisscom,false,false
1429795184198,2147483647,2147483647,2147483647,2147483647,-113,13,Swisscom,false,false
1429795184198,2147483647,2147483647,2147483647,2147483647,-113,13,Swisscom,false,false
1429795184198,2147483647,2147483647,2147483647,2147483647,-113,13,Swisscom,false,false
1429795184198,2147483647,2147483647,2147483647,2147483647,-113,13,Swisscom,false,false
1429795184198,2147483647,2147483647,2147483647,2147483647,-113,13,Swisscom,false,false
1429795184198,2147483647,2147483647,2147483647,2147483647,-113,13,Swisscom,false,false
1429795184198,2147483647,2147483647,2147483647,2147483647,-113,13,Swisscom,false,false
1429795244211,16856065,1818,1,228,-86,13,Swisscom,true,false
1429795244211,329,2147483647,2147483647,2147483647,-94,13,Swisscom,false,false
1429795244211,122,2147483647,2147483647,2147483647,-93,13,Swisscom,false,false
1429795244211,166,2147483647,2147483647,2147483647,-94,13,Swisscom,false,false
1429795244211,72,2147483647,2147483647,2147483647,-103,13,Swisscom,false,false
1429795244211,39,2147483647,2147483647,2147483647,-98,13,Swisscom,false,false
1429795244211,2147483647,2147483647,2147483647,2147483647,-113,13,Swisscom,false,false
1429795244211,2147483647,2147483647,2147483647,2147483647,-113,13,Swisscom,false,false
1429795244211,2147483647,2147483647,2147483647,2147483647,-113,13,Swisscom,false,false
1429795244211,2147483647,2147483647,2147483647,2147483647,-113,13,Swisscom,false,false
1429795244211,2147483647,2147483647,2147483647,2147483647,-113,13,Swisscom,false,false
1429795244211,2147483647,2147483647,2147483647,2147483647,-113,13,Swisscom,false,false
1429795244211,2147483647,2147483647,2147483647,2147483647,-113,13,Swisscom,false,false
1429795244211,2147483647,2147483647,2147483647,2147483647,-113,13,Swisscom,false,false
1429795244211,2147483647,2147483647,2147483647,2147483647,-113,13,Swisscom,false,false
1429795244211,2147483647,2147483647,2147483647,2147483647,-113,13,Swisscom,false,false
1429795244211,2147483647,2147483647,2147483647,2147483647,-113,13,Swisscom,false,false
1429795244211,2147483647,2147483647,2147483647,2147483647,-113,13,Swisscom,false,false
1429795244211,2147483647,2147483647,2147483647,2147483647,-113,13,Swisscom,false,false
1429795244211,2147483647,2147483647,2147483647,2147483647,-113,13,Swisscom,false,false
1429795244211,2147483647,2147483647,2147483647,2147483647,-113,13,Swisscom,false,false
1429795304561,16856065,1818,1,228,-86,13,Swisscom,true,false
1429795304561,329,2147483647,2147483647,2147483647,-90,13,Swisscom,false,false
1429795304561,72,2147483647,2147483647,2147483647,-99,13,Swisscom,false,false
1429795304561,2147483647,2147483647,2147483647,2147483647,-113,13,Swisscom,false,false
1429795304561,2147483647,2147483647,2147483647,2147483647,-113,13,Swisscom,false,false
1429795304561,2147483647,2147483647,2147483647,2147483647,-113,13,Swisscom,false,false
1429795304561,2147483647,2147483647,2147483647,2147483647,-113,13,Swisscom,false,false
1429795304561,2147483647,2147483647,2147483647,2147483647,-113,13,Swisscom,false,false
1429795304561,2147483647,2147483647,2147483647,2147483647,-113,13,Swisscom,false,false
1429795304561,2147483647,2147483647,2147483647,2147483647,-113,13,Swisscom,false,false
1429795304561,2147483647,2147483647,2147483647,2147483647,-113,13,Swisscom,false,false
1429795304561,2147483647,2147483647,2147483647,2147483647,-113,13,Swisscom,false,false
1429795304561,2147483647,2147483647,2147483647,2147483647,-113,13,Swisscom,false,false
1429795304561,2147483647,2147483647,2147483647,2147483647,-113,13,Swisscom,false,false
1429795304561,2147483647,2147483647,2147483647,2147483647,-113,13,Swisscom,false,false
1429795304561,2147483647,2147483647,2147483647,2147483647,-113,13,Swisscom,false,false
1429795304561,2147483647,2147483647,2147483647,2147483647,-113,13,Swisscom,false,false
1429795304561,2147483647,2147483647,2147483647,2147483647,-113,13,Swisscom,false,false
1429795364807,16856065,1818,1,228,-87,13,Swisscom,true,false
1429795364807,329,2147483647,2147483647,2147483647,-95,13,Swisscom,false,false
1429795364807,166,2147483647,2147483647,2147483647,-97,13,Swisscom,false,false
1429795364807,72,2147483647,2147483647,2147483647,-103,13,Swisscom,false,false
1429795364807,2147483647,2147483647,2147483647,2147483647,-113,13,Swisscom,false,false
1429795364807,2147483647,2147483647,2147483647,2147483647,-113,13,Swisscom,false,false
1429795364807,2147483647,2147483647,2147483647,2147483647,-113,13,Swisscom,false,false
1429795364807,2147483647,2147483647,2147483647,2147483647,-113,13,Swisscom,false,false
1429795364807,2147483647,2147483647,2147483647,2147483647,-113,13,Swisscom,false,false
1429795364807,2147483647,2147483647,2147483647,2147483647,-113,13,Swisscom,false,false
1429795364807,2147483647,2147483647,2147483647,2147483647,-113,13,Swisscom,false,false
1429795364807,2147483647,2147483647,2147483647,2147483647,-113,13,Swisscom,false,false
1429795364807,2147483647,2147483647,2147483647,2147483647,-113,13,Swisscom,false,false
1429795364807,2147483647,2147483647,2147483647,2147483647,-113,13,Swisscom,false,false
1429795364807,2147483647,2147483647,2147483647,2147483647,-113,13,Swisscom,false,false
1429795364807,2147483647,2147483647,2147483647,2147483647,-113,13,Swisscom,false,false
1429795364807,2147483647,2147483647,2147483647,2147483647,-113,13,Swisscom,false,false
1429795364807,2147483647,2147483647,2147483647,2147483647,-113,13,Swisscom,false,false
1429795364807,2147483647,2147483647,2147483647,2147483647,-113,13,Swisscom,false,false
1429795424850,16856065,1818,1,228,-87,13,Swisscom,true,false
1429795424850,329,2147483647,2147483647,2147483647,-91,13,Swisscom,false,false
1429795424850,2147483647,2147483647,2147483647,2147483647,-113,13,Swisscom,false,false
1429795424850,2147483647,2147483647,2147483647,2147483647,-113,13,Swisscom,false,false
1429795424850,2147483647,2147483647,2147483647,2147483647,-113,13,Swisscom,false,false
1429795424850,2147483647,2147483647,2147483647,2147483647,-113,13,Swisscom,false,false
1429795424850,2147483647,2147483647,2147483647,2147483647,-113,13,Swisscom,false,false
1429795424850,2147483647,2147483647,2147483647,2147483647,-113,13,Swisscom,false,false
1429795424850,2147483647,2147483647,2147483647,2147483647,-113,13,Swisscom,false,false
1429795424850,2147483647,2147483647,2147483647,2147483647,-113,13,Swisscom,false,false
1429795424850,2147483647,2147483647,2147483647,2147483647,-113,13,Swisscom,false,false
1429795424850,2147483647,2147483647,2147483647,2147483647,-113,13,Swisscom,false,false
1429795424850,2147483647,2147483647,2147483647,2147483647,-113,13,Swisscom,false,false
1429795424850,2147483647,2147483647,2147483647,2147483647,-113,13,Swisscom,false,false
1429795424850,2147483647,2147483647,2147483647,2147483647,-113,13,Swisscom,false,false
1429795424850,2147483647,2147483647,2147483647,2147483647,-113,13,Swisscom,false,false
1429795424850,2147483647,2147483647,2147483647,2147483647,-113,13,Swisscom,false,false
1429795485167,16856065,1818,1,228,-88,13,Swisscom,true,false
1429795485167,329,2147483647,2147483647,2147483647,-95,13,Swisscom,false,false
1429795485167,39,2147483647,2147483647,2147483647,-97,13,Swisscom,false,false
1429795485167,2147483647,2147483647,2147483647,2147483647,-113,13,Swisscom,false,false
1429795485167,2147483647,2147483647,2147483647,2147483647,-113,13,Swisscom,false,false
1429795485167,2147483647,2147483647,2147483647,2147483647,-113,13,Swisscom,false,false
1429795485167,2147483647,2147483647,2147483647,2147483647,-113,13,Swisscom,false,false
1429795485167,2147483647,2147483647,2147483647,2147483647,-113,13,Swisscom,false,false
1429795485167,2147483647,2147483647,2147483647,2147483647,-113,13,Swisscom,false,false
1429795485167,2147483647,2147483647,2147483647,2147483647,-113,13,Swisscom,false,false
1429795485167,2147483647,2147483647,2147483647,2147483647,-113,13,Swisscom,false,false
1429795485167,2147483647,2147483647,2147483647,2147483647,-113,13,Swisscom,false,false
1429795485167,2147483647,2147483647,2147483647,2147483647,-113,13,Swisscom,false,false
1429795485167,2147483647,2147483647,2147483647,2147483647,-113,13,Swisscom,false,false
1429795485167,2147483647,2147483647,2147483647,2147483647,-113,13,Swisscom,false,false
1429795485167,2147483647,2147483647,2147483647,2147483647,-113,13,Swisscom,false,false
1429795485167,2147483647,2147483647,2147483647,2147483647,-113,13,Swisscom,false,false
1429795485167,2147483647,2147483647,2147483647,2147483647,-113,13,Swisscom,false,false
1429795545236,16856065,1818,1,228,-88,13,Swisscom,true,false
1429795545236,329,2147483647,2147483647,2147483647,-88,13,Swisscom,false,false
1429795545236,39,2147483647,2147483647,2147483647,-102,13,Swisscom,false,false
1429795545236,72,2147483647,2147483647,2147483647,-103,13,Swisscom,false,false
1429795545236,2147483647,2147483647,2147483647,2147483647,-113,13,Swisscom,false,false
1429795545236,2147483647,2147483647,2147483647,2147483647,-113,13,Swisscom,false,false
1429795545236,2147483647,2147483647,2147483647,2147483647,-113,13,Swisscom,false,false
1429795545236,2147483647,2147483647,2147483647,2147483647,-113,13,Swisscom,false,false
1429795545236,2147483647,2147483647,2147483647,2147483647,-113,13,Swisscom,false,false
1429795545236,2147483647,2147483647,2147483647,2147483647,-113,13,Swisscom,false,false
1429795545236,2147483647,2147483647,2147483647,2147483647,-113,13,Swisscom,false,false
1429795545236,2147483647,2147483647,2147483647,2147483647,-113,13,Swisscom,false,false
1429795545236,2147483647,2147483647,2147483647,2147483647,-113,13,Swisscom,false,false
1429795545236,2147483647,2147483647,2147483647,2147483647,-113,13,Swisscom,false,false
1429795545236,2147483647,2147483647,2147483647,2147483647,-113,13,Swisscom,false,false
1429795545236,2147483647,2147483647,2147483647,2147483647,-113,13,Swisscom,false,false
1429795545236,2147483647,2147483647,2147483647,2147483647,-113,13,Swisscom,false,false
1429795545236,2147483647,2147483647,2147483647,2147483647,-113,13,Swisscom,false,false
1429795545236,2147483647,2147483647,2147483647,2147483647,-113,13,Swisscom,false,false
1429795610870,16856065,1818,1,228,-88,13,Swisscom,true,false
1429795610870,329,2147483647,2147483647,2147483647,-92,13,Swisscom,false,false
1429795610870,72,2147483647,2147483647,2147483647,-102,13,Swisscom,false,false
1429795610870,2147483647,2147483647,2147483647,2147483647,-113,13,Swisscom,false,false
1429795610870,2147483647,2147483647,2147483647,2147483647,-113,13,Swisscom,false,false
1429795610870,2147483647,2147483647,2147483647,2147483647,-113,13,Swisscom,false,false
1429795610870,2147483647,2147483647,2147483647,2147483647,-113,13,Swisscom,false,false
1429795610870,2147483647,2147483647,2147483647,2147483647,-113,13,Swisscom,false,false
1429795610870,2147483647,2147483647,2147483647,2147483647,-113,13,Swisscom,false,false
1429795610870,2147483647,2147483647,2147483647,2147483647,-113,13,Swisscom,false,false
1429795610870,2147483647,2147483647,2147483647,2147483647,-113,13,Swisscom,false,false
1429795610870,2147483647,2147483647,2147483647,2147483647,-113,13,Swisscom,false,false
1429795610870,2147483647,2147483647,2147483647,2147483647,-113,13,Swisscom,false,false
1429795610870,2147483647,2147483647,2147483647,2147483647,-113,13,Swisscom,false,false
1429795610870,2147483647,2147483647,2147483647,2147483647,-113,13,Swisscom,false,false
1429795610870,2147483647,2147483647,2147483647,2147483647,-113,13,Swisscom,false,false
1429795610870,2147483647,2147483647,2147483647,2147483647,-113,13,Swisscom,false,false
1429795610870,2147483647,2147483647,2147483647,2147483647,-113,13,Swisscom,false,false
1429795670945,16856065,1818,1,228,-89,13,Swisscom,true,false
1429795670945,329,2147483647,2147483647,2147483647,-93,13,Swisscom,false,false
1429795670945,2147483647,2147483647,2147483647,2147483647,-113,13,Swisscom,false,false
1429795670945,2147483647,2147483647,2147483647,2147483647,-113,13,Swisscom,false,false
1429795670945,2147483647,2147483647,2147483647,2147483647,-113,13,Swisscom,false,false
1429795670945,2147483647,2147483647,2147483647,2147483647,-113,13,Swisscom,false,false
1429795670945,2147483647,2147483647,2147483647,2147483647,-113,13,Swisscom,false,false
1429795670945,2147483647,2147483647,2147483647,2147483647,-113,13,Swisscom,false,false
1429795670945,2147483647,2147483647,2147483647,2147483647,-113,13,Swisscom,false,false
1429795670945,2147483647,2147483647,2147483647,2147483647,-113,13,Swisscom,false,false
1429795670945,2147483647,2147483647,2147483647,2147483647,-113,13,Swisscom,false,false
1429795670945,2147483647,2147483647,2147483647,2147483647,-113,13,Swisscom,false,false
1429795670945,2147483647,2147483647,2147483647,2147483647,-113,13,Swisscom,false,false
1429795670945,2147483647,2147483647,2147483647,2147483647,-113,13,Swisscom,false,false
1429795670945,2147483647,2147483647,2147483647,2147483647,-113,13,Swisscom,false,false
1429795670945,2147483647,2147483647,2147483647,2147483647,-113,13,Swisscom,false,false
1429795670945,2147483647,2147483647,2147483647,2147483647,-113,13,Swisscom,false,false
1429795731266,16856065,1818,1,228,-89,13,Swisscom,true,false
1429795731266,329,2147483647,2147483647,2147483647,-93,13,Swisscom,false,false
1429795731266,2147483647,2147483647,2147483647,2147483647,-113,13,Swisscom,false,false
1429795731266,2147483647,2147483647,2147483647,2147483647,-113,13,Swisscom,false,false
1429795731266,2147483647,2147483647,2147483647,2147483647,-113,13,Swisscom,false,false
1429795731266,2147483647,2147483647,2147483647,2147483647,-113,13,Swisscom,false,false
1429795731266,2147483647,2147483647,2147483647,2147483647,-113,13,Swisscom,false,false
1429795731266,2147483647,2147483647,2147483647,2147483647,-113,13,Swisscom,false,false
1429795731266,2147483647,2147483647,2147483647,2147483647,-113,13,Swisscom,false,false
1429795731266,2147483647,2147483647,2147483647,2147483647,-113,13,Swisscom,false,false
1429795731266,2147483647,2147483647,2147483647,2147483647,-113,13,Swisscom,false,false
1429795731266,2147483647,2147483647,2147483647,2147483647,-113,13,Swisscom,false,false
1429795731266,2147483647,2147483647,2147483647,2147483647,-113,13,Swisscom,false,false
1429795731266,2147483647,2147483647,2147483647,2147483647,-113,13,Swisscom,false,false
1429795731266,2147483647,2147483647,2147483647,2147483647,-113,13,Swisscom,false,false
1429795731266,2147483647,2147483647,2147483647,2147483647,-113,13,Swisscom,false,false
1429795731266,2147483647,2147483647,2147483647,2147483647,-113,13,Swisscom,false,false
1429795791330,16856065,1818,1,228,-86,13,Swisscom,true,false
1429795791330,72,2147483647,2147483647,2147483647,-103,13,Swisscom,false,false
1429795791330,39,2147483647,2147483647,2147483647,-103,13,Swisscom,false,false
1429795791330,2147483647,2147483647,2147483647,2147483647,-113,13,Swisscom,false,false
1429795791330,2147483647,2147483647,2147483647,2147483647,-113,13,Swisscom,false,false
1429795791330,2147483647,2147483647,2147483647,2147483647,-113,13,Swisscom,false,false
1429795791330,2147483647,2147483647,2147483647,2147483647,-113,13,Swisscom,false,false
1429795791330,2147483647,2147483647,2147483647,2147483647,-113,13,Swisscom,false,false
1429795791330,2147483647,2147483647,2147483647,2147483647,-113,13,Swisscom,false,false
1429795791330,2147483647,2147483647,2147483647,2147483647,-113,13,Swisscom,false,false
1429795791330,2147483647,2147483647,2147483647,2147483647,-113,13,Swisscom,false,false
1429795791330,2147483647,2147483647,2147483647,2147483647,-113,13,Swisscom,false,false
1429795791330,2147483647,2147483647,2147483647,2147483647,-113,13,Swisscom,false,false
1429795791330,2147483647,2147483647,2147483647,2147483647,-113,13,Swisscom,false,false
1429795791330,2147483647,2147483647,2147483647,2147483647,-113,13,Swisscom,false,false
1429795791330,2147483647,2147483647,2147483647,2147483647,-113,13,Swisscom,false,false
1429795791330,2147483647,2147483647,2147483647,2147483647,-113,13,Swisscom,false,false
1429795791330,2147483647,2147483647,2147483647,2147483647,-113,13,Swisscom,false,false
1429795851569,16856065,1818,1,228,-86,13,Swisscom,true,false
1429795851569,329,2147483647,2147483647,2147483647,-94,13,Swisscom,false,false
1429795851569,72,2147483647,2147483647,2147483647,-100,13,Swisscom,false,false
1429795851569,2147483647,2147483647,2147483647,2147483647,-113,13,Swisscom,false,false
1429795851569,2147483647,2147483647,2147483647,2147483647,-113,13,Swisscom,false,false
1429795851569,2147483647,2147483647,2147483647,2147483647,-113,13,Swisscom,false,false
1429795851569,2147483647,2147483647,2147483647,2147483647,-113,13,Swisscom,false,false
1429795851569,2147483647,2147483647,2147483647,2147483647,-113,13,Swisscom,false,false
1429795851569,2147483647,2147483647,2147483647,2147483647,-113,13,Swisscom,false,false
1429795851569,2147483647,2147483647,2147483647,2147483647,-113,13,Swisscom,false,false
1429795851569,2147483647,2147483647,2147483647,2147483647,-113,13,Swisscom,false,false
1429795851569,2147483647,2147483647,2147483647,2147483647,-113,13,Swisscom,false,false
1429795851569,2147483647,2147483647,2147483647,2147483647,-113,13,Swisscom,false,false
1429795851569,2147483647,2147483647,2147483647,2147483647,-113,13,Swisscom,false,false
1429795851569,2147483647,2147483647,2147483647,2147483647,-113,13,Swisscom,false,false
1429795851569,2147483647,2147483647,2147483647,2147483647,-113,13,Swisscom,false,false
1429795851569,2147483647,2147483647,2147483647,2147483647,-113,13,Swisscom,false,false
1429795851569,2147483647,2147483647,2147483647,2147483647,-113,13,Swisscom,false,false
1429795911637,16856065,1818,1,228,-87,13,Swisscom,true,false
1429795911637,329,2147483647,2147483647,2147483647,-91,13,Swisscom,false,false
1429795911637,233,2147483647,2147483647,2147483647,-97,13,Swisscom,false,false
1429795911637,39,2147483647,2147483647,2147483647,-102,13,Swisscom,false,false
1429795911637,2147483647,2147483647,2147483647,2147483647,-113,13,Swisscom,false,false
1429795911637,2147483647,2147483647,2147483647,2147483647,-113,13,Swisscom,false,false
1429795911637,2147483647,2147483647,2147483647,2147483647,-113,13,Swisscom,false,false
1429795911637,2147483647,2147483647,2147483647,2147483647,-113,13,Swisscom,false,false
1429795911637,2147483647,2147483647,2147483647,2147483647,-113,13,Swisscom,false,false
1429795911637,2147483647,2147483647,2147483647,2147483647,-113,13,Swisscom,false,false
1429795911637,2147483647,2147483647,2147483647,2147483647,-113,13,Swisscom,false,false
1429795911637,2147483647,2147483647,2147483647,2147483647,-113,13,Swisscom,false,false
1429795911637,2147483647,2147483647,2147483647,2147483647,-113,13,Swisscom,false,false
1429795911637,2147483647,2147483647,2147483647,2147483647,-113,13,Swisscom,false,false
1429795911637,2147483647,2147483647,2147483647,2147483647,-113,13,Swisscom,false,false
1429795911637,2147483647,2147483647,2147483647,2147483647,-113,13,Swisscom,false,false
1429795911637,2147483647,2147483647,2147483647,2147483647,-113,13,Swisscom,false,false
1429795911637,2147483647,2147483647,2147483647,2147483647,-113,13,Swisscom,false,false
1429795911637,2147483647,2147483647,2147483647,2147483647,-113,13,Swisscom,false,false
1429795971720,16856065,1818,1,228,-87,13,Swisscom,true,false
1429795971720,329,2147483647,2147483647,2147483647,-92,13,Swisscom,false,false
1429795971720,2147483647,2147483647,2147483647,2147483647,-113,13,Swisscom,false,false
1429795971720,2147483647,2147483647,2147483647,2147483647,-113,13,Swisscom,false,false
1429795971720,2147483647,2147483647,2147483647,2147483647,-113,13,Swisscom,false,false
1429795971720,2147483647,2147483647,2147483647,2147483647,-113,13,Swisscom,false,false
1429795971720,2147483647,2147483647,2147483647,2147483647,-113,13,Swisscom,false,false
1429795971720,2147483647,2147483647,2147483647,2147483647,-113,13,Swisscom,false,false
1429795971720,2147483647,2147483647,2147483647,2147483647,-113,13,Swisscom,false,false
1429795971720,2147483647,2147483647,2147483647,2147483647,-113,13,Swisscom,false,false
1429795971720,2147483647,2147483647,2147483647,2147483647,-113,13,Swisscom,false,false
1429795971720,2147483647,2147483647,2147483647,2147483647,-113,13,Swisscom,false,false
1429795971720,2147483647,2147483647,2147483647,2147483647,-113,13,Swisscom,false,false
1429795971720,2147483647,2147483647,2147483647,2147483647,-113,13,Swisscom,false,false
1429795971720,2147483647,2147483647,2147483647,2147483647,-113,13,Swisscom,false,false
1429795971720,2147483647,2147483647,2147483647,2147483647,-113,13,Swisscom,false,false
1429795971720,2147483647,2147483647,2147483647,2147483647,-113,13,Swisscom,false,false
1429796031811,16856065,1818,1,228,-86,13,Swisscom,true,false
1429796031811,329,2147483647,2147483647,2147483647,-93,13,Swisscom,false,false
1429796031811,39,2147483647,2147483647,2147483647,-102,13,Swisscom,false,false
1429796031811,2147483647,2147483647,2147483647,2147483647,-113,13,Swisscom,false,false
1429796031811,2147483647,2147483647,2147483647,2147483647,-113,13,Swisscom,false,false
1429796031811,2147483647,2147483647,2147483647,2147483647,-113,13,Swisscom,false,false
1429796031811,2147483647,2147483647,2147483647,2147483647,-113,13,Swisscom,false,false
1429796031811,2147483647,2147483647,2147483647,2147483647,-113,13,Swisscom,false,false
1429796031811,2147483647,2147483647,2147483647,2147483647,-113,13,Swisscom,false,false
1429796031811,2147483647,2147483647,2147483647,2147483647,-113,13,Swisscom,false,false
1429796031811,2147483647,2147483647,2147483647,2147483647,-113,13,Swisscom,false,false
1429796031811,2147483647,2147483647,2147483647,2147483647,-113,13,Swisscom,false,false
1429796031811,2147483647,2147483647,2147483647,2147483647,-113,13,Swisscom,false,false
1429796031811,2147483647,2147483647,2147483647,2147483647,-113,13,Swisscom,false,false
1429796031811,2147483647,2147483647,2147483647,2147483647,-113,13,Swisscom,false,false
1429796031811,2147483647,2147483647,2147483647,2147483647,-113,13,Swisscom,false,false
1429796031811,2147483647,2147483647,2147483647,2147483647,-113,13,Swisscom,false,false
1429796031811,2147483647,2147483647,2147483647,2147483647,-113,13,Swisscom,false,false
1429796091813,16856065,1818,1,228,-85,13,Swisscom,true,false
1429796091813,329,2147483647,2147483647,2147483647,-88,13,Swisscom,false,false
1429796151890,16856065,1818,1,228,-86,13,Swisscom,true,false
1429796151890,329,2147483647,2147483647,2147483647,-89,13,Swisscom,false,false
1429796151890,2147483647,2147483647,2147483647,2147483647,-113,13,Swisscom,false,false
1429796151890,2147483647,2147483647,2147483647,2147483647,-113,13,Swisscom,false,false
1429796151890,2147483647,2147483647,2147483647,2147483647,-113,13,Swisscom,false,false
1429796151890,2147483647,2147483647,2147483647,2147483647,-113,13,Swisscom,false,false
1429796151890,2147483647,2147483647,2147483647,2147483647,-113,13,Swisscom,false,false
1429796151890,2147483647,2147483647,2147483647,2147483647,-113,13,Swisscom,false,false
1429796151890,2147483647,2147483647,2147483647,2147483647,-113,13,Swisscom,false,false
1429796151890,2147483647,2147483647,2147483647,2147483647,-113,13,Swisscom,false,false
1429796151890,2147483647,2147483647,2147483647,2147483647,-113,13,Swisscom,false,false
1429796151890,2147483647,2147483647,2147483647,2147483647,-113,13,Swisscom,false,false
1429796151890,2147483647,2147483647,2147483647,2147483647,-113,13,Swisscom,false,false
1429796151890,2147483647,2147483647,2147483647,2147483647,-113,13,Swisscom,false,false
1429796151890,2147483647,2147483647,2147483647,2147483647,-113,13,Swisscom,false,false
1429796151890,2147483647,2147483647,2147483647,2147483647,-113,13,Swisscom,false,false
1429796151890,2147483647,2147483647,2147483647,2147483647,-113,13,Swisscom,false,false
1429796211987,16856065,1818,1,228,-87,13,Swisscom,true,false
1429796211987,329,2147483647,2147483647,2147483647,-88,13,Swisscom,false,false
1429796211987,72,2147483647,2147483647,2147483647,-99,13,Swisscom,false,false
1429796211987,2147483647,2147483647,2147483647,2147483647,-113,13,Swisscom,false,false
1429796211987,2147483647,2147483647,2147483647,2147483647,-113,13,Swisscom,false,false
1429796211987,2147483647,2147483647,2147483647,2147483647,-113,13,Swisscom,false,false
1429796211987,2147483647,2147483647,2147483647,2147483647,-113,13,Swisscom,false,false
1429796211987,2147483647,2147483647,2147483647,2147483647,-113,13,Swisscom,false,false
1429796211987,2147483647,2147483647,2147483647,2147483647,-113,13,Swisscom,false,false
1429796211987,2147483647,2147483647,2147483647,2147483647,-113,13,Swisscom,false,false
1429796211987,2147483647,2147483647,2147483647,2147483647,-113,13,Swisscom,false,false
1429796211987,2147483647,2147483647,2147483647,2147483647,-113,13,Swisscom,false,false
1429796211987,2147483647,2147483647,2147483647,2147483647,-113,13,Swisscom,false,false
1429796211987,2147483647,2147483647,2147483647,2147483647,-113,13,Swisscom,false,false
1429796211987,2147483647,2147483647,2147483647,2147483647,-113,13,Swisscom,false,false
1429796211987,2147483647,2147483647,2147483647,2147483647,-113,13,Swisscom,false,false
1429796211987,2147483647,2147483647,2147483647,2147483647,-113,13,Swisscom,false,false
1429796211987,2147483647,2147483647,2147483647,2147483647,-113,13,Swisscom,false,false
1429796272096,16856065,1818,1,228,-85,13,Swisscom,true,false
1429796272096,329,2147483647,2147483647,2147483647,-94,13,Swisscom,false,false
1429796272096,2147483647,2147483647,2147483647,2147483647,-113,13,Swisscom,false,false
1429796272096,2147483647,2147483647,2147483647,2147483647,-113,13,Swisscom,false,false
1429796272096,2147483647,2147483647,2147483647,2147483647,-113,13,Swisscom,false,false
1429796272096,2147483647,2147483647,2147483647,2147483647,-113,13,Swisscom,false,false
1429796272096,2147483647,2147483647,2147483647,2147483647,-113,13,Swisscom,false,false
1429796272096,2147483647,2147483647,2147483647,2147483647,-113,13,Swisscom,false,false
1429796272096,2147483647,2147483647,2147483647,2147483647,-113,13,Swisscom,false,false
1429796272096,2147483647,2147483647,2147483647,2147483647,-113,13,Swisscom,false,false
1429796272096,2147483647,2147483647,2147483647,2147483647,-113,13,Swisscom,false,false
1429796272096,2147483647,2147483647,2147483647,2147483647,-113,13,Swisscom,false,false
1429796272096,2147483647,2147483647,2147483647,2147483647,-113,13,Swisscom,false,false
1429796272096,2147483647,2147483647,2147483647,2147483647,-113,13,Swisscom,false,false
1429796272096,2147483647,2147483647,2147483647,2147483647,-113,13,Swisscom,false,false
1429796272096,2147483647,2147483647,2147483647,2147483647,-113,13,Swisscom,false,false
1429796272096,2147483647,2147483647,2147483647,2147483647,-113,13,Swisscom,false,false
1429796332242,16856065,1818,1,228,-87,13,Swisscom,true,false
1429796332242,329,2147483647,2147483647,2147483647,-88,13,Swisscom,false,false
1429796332242,72,2147483647,2147483647,2147483647,-101,13,Swisscom,false,false
1429796332242,2147483647,2147483647,2147483647,2147483647,-113,13,Swisscom,false,false
1429796332242,2147483647,2147483647,2147483647,2147483647,-113,13,Swisscom,false,false
1429796332242,2147483647,2147483647,2147483647,2147483647,-113,13,Swisscom,false,false
1429796332242,2147483647,2147483647,2147483647,2147483647,-113,13,Swisscom,false,false
1429796332242,2147483647,2147483647,2147483647,2147483647,-113,13,Swisscom,false,false
1429796332242,2147483647,2147483647,2147483647,2147483647,-113,13,Swisscom,false,false
1429796332242,2147483647,2147483647,2147483647,2147483647,-113,13,Swisscom,false,false
1429796332242,2147483647,2147483647,2147483647,2147483647,-113,13,Swisscom,false,false
1429796332242,2147483647,2147483647,2147483647,2147483647,-113,13,Swisscom,false,false
1429796332242,2147483647,2147483647,2147483647,2147483647,-113,13,Swisscom,false,false
1429796332242,2147483647,2147483647,2147483647,2147483647,-113,13,Swisscom,false,false
1429796332242,2147483647,2147483647,2147483647,2147483647,-113,13,Swisscom,false,false
1429796332242,2147483647,2147483647,2147483647,2147483647,-113,13,Swisscom,false,false
1429796332242,2147483647,2147483647,2147483647,2147483647,-113,13,Swisscom,false,false
1429796332242,2147483647,2147483647,2147483647,2147483647,-113,13,Swisscom,false,false
1429796392330,16856065,1818,1,228,-85,13,Swisscom,true,false
1429796392330,329,2147483647,2147483647,2147483647,-94,13,Swisscom,false,false
1429796392330,2147483647,2147483647,2147483647,2147483647,-113,13,Swisscom,false,false
1429796392330,2147483647,2147483647,2147483647,2147483647,-113,13,Swisscom,false,false
1429796392330,2147483647,2147483647,2147483647,2147483647,-113,13,Swisscom,false,false
1429796392330,2147483647,2147483647,2147483647,2147483647,-113,13,Swisscom,false,false
1429796392330,2147483647,2147483647,2147483647,2147483647,-113,13,Swisscom,false,false
1429796392330,2147483647,2147483647,2147483647,2147483647,-113,13,Swisscom,false,false
1429796392330,2147483647,2147483647,2147483647,2147483647,-113,13,Swisscom,false,false
1429796392330,2147483647,2147483647,2147483647,2147483647,-113,13,Swisscom,false,false
1429796392330,2147483647,2147483647,2147483647,2147483647,-113,13,Swisscom,false,false
1429796392330,2147483647,2147483647,2147483647,2147483647,-113,13,Swisscom,false,false
1429796392330,2147483647,2147483647,2147483647,2147483647,-113,13,Swisscom,false,false
1429796392330,2147483647,2147483647,2147483647,2147483647,-113,13,Swisscom,false,false
1429796392330,2147483647,2147483647,2147483647,2147483647,-113,13,Swisscom,false,false
1429796392330,2147483647,2147483647,2147483647,2147483647,-113,13,Swisscom,false,false
1429796392330,2147483647,2147483647,2147483647,2147483647,-113,13,Swisscom,false,false
1429796452425,16856065,1818,1,228,-85,13,Swisscom,true,false
1429796452425,329,2147483647,2147483647,2147483647,-93,13,Swisscom,false,false
1429796452425,72,2147483647,2147483647,2147483647,-100,13,Swisscom,false,false
1429796452425,2147483647,2147483647,2147483647,2147483647,-113,13,Swisscom,false,false
1429796452425,2147483647,2147483647,2147483647,2147483647,-113,13,Swisscom,false,false
1429796452425,2147483647,2147483647,2147483647,2147483647,-113,13,Swisscom,false,false
1429796452425,2147483647,2147483647,2147483647,2147483647,-113,13,Swisscom,false,false
1429796452425,2147483647,2147483647,2147483647,2147483647,-113,13,Swisscom,false,false
1429796452425,2147483647,2147483647,2147483647,2147483647,-113,13,Swisscom,false,false
1429796452425,2147483647,2147483647,2147483647,2147483647,-113,13,Swisscom,false,false
1429796452425,2147483647,2147483647,2147483647,2147483647,-113,13,Swisscom,false,false
1429796452425,2147483647,2147483647,2147483647,2147483647,-113,13,Swisscom,false,false
1429796452425,2147483647,2147483647,2147483647,2147483647,-113,13,Swisscom,false,false
1429796452425,2147483647,2147483647,2147483647,2147483647,-113,13,Swisscom,false,false
1429796452425,2147483647,2147483647,2147483647,2147483647,-113,13,Swisscom,false,false
1429796452425,2147483647,2147483647,2147483647,2147483647,-113,13,Swisscom,false,false
1429796452425,2147483647,2147483647,2147483647,2147483647,-113,13,Swisscom,false,false
1429796452425,2147483647,2147483647,2147483647,2147483647,-113,13,Swisscom,false,false
1429796512528,16856065,1818,1,228,-86,13,Swisscom,true,false
1429796512528,329,2147483647,2147483647,2147483647,-94,13,Swisscom,false,false
1429796512528,72,2147483647,2147483647,2147483647,-104,13,Swisscom,false,false
1429796512528,2147483647,2147483647,2147483647,2147483647,-113,13,Swisscom,false,false
1429796512528,2147483647,2147483647,2147483647,2147483647,-113,13,Swisscom,false,false
1429796512528,2147483647,2147483647,2147483647,2147483647,-113,13,Swisscom,false,false
1429796512528,2147483647,2147483647,2147483647,2147483647,-113,13,Swisscom,false,false
1429796512528,2147483647,2147483647,2147483647,2147483647,-113,13,Swisscom,false,false
1429796512528,2147483647,2147483647,2147483647,2147483647,-113,13,Swisscom,false,false
1429796512528,2147483647,2147483647,2147483647,2147483647,-113,13,Swisscom,false,false
1429796512528,2147483647,2147483647,2147483647,2147483647,-113,13,Swisscom,false,false
1429796512528,2147483647,2147483647,2147483647,2147483647,-113,13,Swisscom,false,false
1429796512528,2147483647,2147483647,2147483647,2147483647,-113,13,Swisscom,false,false
1429796512528,2147483647,2147483647,2147483647,2147483647,-113,13,Swisscom,false,false
1429796512528,2147483647,2147483647,2147483647,2147483647,-113,13,Swisscom,false,false
1429796512528,2147483647,2147483647,2147483647,2147483647,-113,13,Swisscom,false,false
1429796512528,2147483647,2147483647,2147483647,2147483647,-113,13,Swisscom,false,false
1429796512528,2147483647,2147483647,2147483647,2147483647,-113,13,Swisscom,false,false
1429796580345,16856065,1818,1,228,-87,13,Swisscom,true,false
1429796580345,329,2147483647,2147483647,2147483647,-90,13,Swisscom,false,false
1429796580345,72,2147483647,2147483647,2147483647,-102,13,Swisscom,false,false
1429796580345,2147483647,2147483647,2147483647,2147483647,-113,13,Swisscom,false,false
1429796580345,2147483647,2147483647,2147483647,2147483647,-113,13,Swisscom,false,false
1429796580345,2147483647,2147483647,2147483647,2147483647,-113,13,Swisscom,false,false
1429796580345,2147483647,2147483647,2147483647,2147483647,-113,13,Swisscom,false,false
1429796580345,2147483647,2147483647,2147483647,2147483647,-113,13,Swisscom,false,false
1429796580345,2147483647,2147483647,2147483647,2147483647,-113,13,Swisscom,false,false
1429796580345,2147483647,2147483647,2147483647,2147483647,-113,13,Swisscom,false,false
1429796580345,2147483647,2147483647,2147483647,2147483647,-113,13,Swisscom,false,false
1429796580345,2147483647,2147483647,2147483647,2147483647,-113,13,Swisscom,false,false
1429796580345,2147483647,2147483647,2147483647,2147483647,-113,13,Swisscom,false,false
1429796580345,2147483647,2147483647,2147483647,2147483647,-113,13,Swisscom,false,false
1429796580345,2147483647,2147483647,2147483647,2147483647,-113,13,Swisscom,false,false
1429796580345,2147483647,2147483647,2147483647,2147483647,-113,13,Swisscom,false,false
1429796580345,2147483647,2147483647,2147483647,2147483647,-113,13,Swisscom,false,false
1429796580345,2147483647,2147483647,2147483647,2147483647,-113,13,Swisscom,false,false
1429796640441,16856065,1818,1,228,-86,13,Swisscom,true,false
1429796640441,329,2147483647,2147483647,2147483647,-90,13,Swisscom,false,false
1429796640441,72,2147483647,2147483647,2147483647,-98,13,Swisscom,false,false
1429796640441,2147483647,2147483647,2147483647,2147483647,-113,13,Swisscom,false,false
1429796640441,2147483647,2147483647,2147483647,2147483647,-113,13,Swisscom,false,false
1429796640441,2147483647,2147483647,2147483647,2147483647,-113,13,Swisscom,false,false
1429796640441,2147483647,2147483647,2147483647,2147483647,-113,13,Swisscom,false,false
1429796640441,2147483647,2147483647,2147483647,2147483647,-113,13,Swisscom,false,false
1429796640441,2147483647,2147483647,2147483647,2147483647,-113,13,Swisscom,false,false
1429796640441,2147483647,2147483647,2147483647,2147483647,-113,13,Swisscom,false,false
1429796640441,2147483647,2147483647,2147483647,2147483647,-113,13,Swisscom,false,false
1429796640441,2147483647,2147483647,2147483647,2147483647,-113,13,Swisscom,false,false
1429796640441,2147483647,2147483647,2147483647,2147483647,-113,13,Swisscom,false,false
1429796640441,2147483647,2147483647,2147483647,2147483647,-113,13,Swisscom,false,false
1429796640441,2147483647,2147483647,2147483647,2147483647,-113,13,Swisscom,false,false
1429796640441,2147483647,2147483647,2147483647,2147483647,-113,13,Swisscom,false,false
1429796640441,2147483647,2147483647,2147483647,2147483647,-113,13,Swisscom,false,false
1429796640441,2147483647,2147483647,2147483647,2147483647,-113,13,Swisscom,false,false
1429796700547,16856065,1818,1,228,-87,13,Swisscom,true,false
1429796700547,329,2147483647,2147483647,2147483647,-92,13,Swisscom,false,false
1429796700547,72,2147483647,2147483647,2147483647,-105,13,Swisscom,false,false
1429796700547,2147483647,2147483647,2147483647,2147483647,-113,13,Swisscom,false,false
1429796700547,2147483647,2147483647,2147483647,2147483647,-113,13,Swisscom,false,false
1429796700547,2147483647,2147483647,2147483647,2147483647,-113,13,Swisscom,false,false
1429796700547,2147483647,2147483647,2147483647,2147483647,-113,13,Swisscom,false,false
1429796700547,2147483647,2147483647,2147483647,2147483647,-113,13,Swisscom,false,false
1429796700547,2147483647,2147483647,2147483647,2147483647,-113,13,Swisscom,false,false
1429796700547,2147483647,2147483647,2147483647,2147483647,-113,13,Swisscom,false,false
1429796700547,2147483647,2147483647,2147483647,2147483647,-113,13,Swisscom,false,false
1429796700547,2147483647,2147483647,2147483647,2147483647,-113,13,Swisscom,false,false
1429796700547,2147483647,2147483647,2147483647,2147483647,-113,13,Swisscom,false,false
1429796700547,2147483647,2147483647,2147483647,2147483647,-113,13,Swisscom,false,false
1429796700547,2147483647,2147483647,2147483647,2147483647,-113,13,Swisscom,false,false
1429796700547,2147483647,2147483647,2147483647,2147483647,-113,13,Swisscom,false,false
1429796700547,2147483647,2147483647,2147483647,2147483647,-113,13,Swisscom,false,false
1429796700547,2147483647,2147483647,2147483647,2147483647,-113,13,Swisscom,false,false
1429796760698,16856065,1818,1,228,-86,13,Swisscom,true,false
1429796760698,329,2147483647,2147483647,2147483647,-94,13,Swisscom,false,false
1429796760698,72,2147483647,2147483647,2147483647,-103,13,Swisscom,false,false
1429796760698,2147483647,2147483647,2147483647,2147483647,-113,13,Swisscom,false,false
1429796760698,2147483647,2147483647,2147483647,2147483647,-113,13,Swisscom,false,false
1429796760698,2147483647,2147483647,2147483647,2147483647,-113,13,Swisscom,false,false
1429796760698,2147483647,2147483647,2147483647,2147483647,-113,13,Swisscom,false,false
1429796760698,2147483647,2147483647,2147483647,2147483647,-113,13,Swisscom,false,false
1429796760698,2147483647,2147483647,2147483647,2147483647,-113,13,Swisscom,false,false
1429796760698,2147483647,2147483647,2147483647,2147483647,-113,13,Swisscom,false,false
1429796760698,2147483647,2147483647,2147483647,2147483647,-113,13,Swisscom,false,false
1429796760698,2147483647,2147483647,2147483647,2147483647,-113,13,Swisscom,false,false
1429796760698,2147483647,2147483647,2147483647,2147483647,-113,13,Swisscom,false,false
1429796760698,2147483647,2147483647,2147483647,2147483647,-113,13,Swisscom,false,false
1429796760698,2147483647,2147483647,2147483647,2147483647,-113,13,Swisscom,false,false
1429796760698,2147483647,2147483647,2147483647,2147483647,-113,13,Swisscom,false,false
1429796760698,2147483647,2147483647,2147483647,2147483647,-113,13,Swisscom,false,false
1429796760698,2147483647,2147483647,2147483647,2147483647,-113,13,Swisscom,false,false
1429796820785,16856065,1818,1,228,-86,13,Swisscom,true,false
1429796820785,39,2147483647,2147483647,2147483647,-101,13,Swisscom,false,false
1429796820785,72,2147483647,2147483647,2147483647,-108,13,Swisscom,false,false
1429796880874,16856065,1818,1,228,-86,13,Swisscom,true,false
1429796880874,329,2147483647,2147483647,2147483647,-92,13,Swisscom,false,false
1429796880874,72,2147483647,2147483647,2147483647,-97,13,Swisscom,false,false
1429796880874,2147483647,2147483647,2147483647,2147483647,-113,13,Swisscom,false,false
1429796880874,2147483647,2147483647,2147483647,2147483647,-113,13,Swisscom,false,false
1429796880874,2147483647,2147483647,2147483647,2147483647,-113,13,Swisscom,false,false
1429796880874,2147483647,2147483647,2147483647,2147483647,-113,13,Swisscom,false,false
1429796880874,2147483647,2147483647,2147483647,2147483647,-113,13,Swisscom,false,false
1429796880874,2147483647,2147483647,2147483647,2147483647,-113,13,Swisscom,false,false
1429796880874,2147483647,2147483647,2147483647,2147483647,-113,13,Swisscom,false,false
1429796880874,2147483647,2147483647,2147483647,2147483647,-113,13,Swisscom,false,false
1429796880874,2147483647,2147483647,2147483647,2147483647,-113,13,Swisscom,false,false
1429796880874,2147483647,2147483647,2147483647,2147483647,-113,13,Swisscom,false,false
1429796880874,2147483647,2147483647,2147483647,2147483647,-113,13,Swisscom,false,false
1429796880874,2147483647,2147483647,2147483647,2147483647,-113,13,Swisscom,false,false
1429796880874,2147483647,2147483647,2147483647,2147483647,-113,13,Swisscom,false,false
1429796880874,2147483647,2147483647,2147483647,2147483647,-113,13,Swisscom,false,false
1429796880874,2147483647,2147483647,2147483647,2147483647,-113,13,Swisscom,false,false
1429796940942,16856065,1818,1,228,-87,13,Swisscom,true,false
1429796940942,329,2147483647,2147483647,2147483647,-91,13,Swisscom,false,false
1429796940942,2147483647,2147483647,2147483647,2147483647,-113,13,Swisscom,false,false
1429796940942,2147483647,2147483647,2147483647,2147483647,-113,13,Swisscom,false,false
1429796940942,2147483647,2147483647,2147483647,2147483647,-113,13,Swisscom,false,false
1429796940942,2147483647,2147483647,2147483647,2147483647,-113,13,Swisscom,false,false
1429796940942,2147483647,2147483647,2147483647,2147483647,-113,13,Swisscom,false,false
1429796940942,2147483647,2147483647,2147483647,2147483647,-113,13,Swisscom,false,false
1429796940942,2147483647,2147483647,2147483647,2147483647,-113,13,Swisscom,false,false
1429796940942,2147483647,2147483647,2147483647,2147483647,-113,13,Swisscom,false,false
1429796940942,2147483647,2147483647,2147483647,2147483647,-113,13,Swisscom,false,false
1429796940942,2147483647,2147483647,2147483647,2147483647,-113,13,Swisscom,false,false
1429796940942,2147483647,2147483647,2147483647,2147483647,-113,13,Swisscom,false,false
1429796940942,2147483647,2147483647,2147483647,2147483647,-113,13,Swisscom,false,false
1429796940942,2147483647,2147483647,2147483647,2147483647,-113,13,Swisscom,false,false
1429796940942,2147483647,2147483647,2147483647,2147483647,-113,13,Swisscom,false,false
1429796940942,2147483647,2147483647,2147483647,2147483647,-113,13,Swisscom,false,false
1429797003466,16856065,1818,1,228,-86,13,Swisscom,true,false
1429797003466,329,2147483647,2147483647,2147483647,-93,13,Swisscom,false,false
1429797003466,72,2147483647,2147483647,2147483647,-104,13,Swisscom,false,false
1429797003466,2147483647,2147483647,2147483647,2147483647,-113,13,Swisscom,false,false
1429797003466,2147483647,2147483647,2147483647,2147483647,-113,13,Swisscom,false,false
1429797003466,2147483647,2147483647,2147483647,2147483647,-113,13,Swisscom,false,false
1429797003466,2147483647,2147483647,2147483647,2147483647,-113,13,Swisscom,false,false
1429797003466,2147483647,2147483647,2147483647,2147483647,-113,13,Swisscom,false,false
1429797003466,2147483647,2147483647,2147483647,2147483647,-113,13,Swisscom,false,false
1429797003466,2147483647,2147483647,2147483647,2147483647,-113,13,Swisscom,false,false
1429797003466,2147483647,2147483647,2147483647,2147483647,-113,13,Swisscom,false,false
1429797003466,2147483647,2147483647,2147483647,2147483647,-113,13,Swisscom,false,false
1429797003466,2147483647,2147483647,2147483647,2147483647,-113,13,Swisscom,false,false
1429797003466,2147483647,2147483647,2147483647,2147483647,-113,13,Swisscom,false,false
1429797003466,2147483647,2147483647,2147483647,2147483647,-113,13,Swisscom,false,false
1429797003466,2147483647,2147483647,2147483647,2147483647,-113,13,Swisscom,false,false
1429797003466,2147483647,2147483647,2147483647,2147483647,-113,13,Swisscom,false,false
1429797003466,2147483647,2147483647,2147483647,2147483647,-113,13,Swisscom,false,false
1429797063547,16856065,1818,1,228,-86,13,Swisscom,true,false
1429797063547,329,2147483647,2147483647,2147483647,-93,13,Swisscom,false,false
1429797063547,72,2147483647,2147483647,2147483647,-111,13,Swisscom,false,false
1429797123509,16856065,1818,1,228,-87,13,Swisscom,true,false
1429797123509,329,2147483647,2147483647,2147483647,-94,13,Swisscom,false,false
1429797123509,233,2147483647,2147483647,2147483647,-94,13,Swisscom,false,false
1429797123509,72,2147483647,2147483647,2147483647,-102,13,Swisscom,false,false
1429797123509,2147483647,2147483647,2147483647,2147483647,-113,13,Swisscom,false,false
1429797123509,2147483647,2147483647,2147483647,2147483647,-113,13,Swisscom,false,false
1429797123509,2147483647,2147483647,2147483647,2147483647,-113,13,Swisscom,false,false
1429797123509,2147483647,2147483647,2147483647,2147483647,-113,13,Swisscom,false,false
1429797123509,2147483647,2147483647,2147483647,2147483647,-113,13,Swisscom,false,false
1429797123509,2147483647,2147483647,2147483647,2147483647,-113,13,Swisscom,false,false
1429797123509,2147483647,2147483647,2147483647,2147483647,-113,13,Swisscom,false,false
1429797123509,2147483647,2147483647,2147483647,2147483647,-113,13,Swisscom,false,false
1429797123509,2147483647,2147483647,2147483647,2147483647,-113,13,Swisscom,false,false
1429797123509,2147483647,2147483647,2147483647,2147483647,-113,13,Swisscom,false,false
1429797123509,2147483647,2147483647,2147483647,2147483647,-113,13,Swisscom,false,false
1429797123509,2147483647,2147483647,2147483647,2147483647,-113,13,Swisscom,false,false
1429797123509,2147483647,2147483647,2147483647,2147483647,-113,13,Swisscom,false,false
1429797123509,2147483647,2147483647,2147483647,2147483647,-113,13,Swisscom,false,false
1429797123509,2147483647,2147483647,2147483647,2147483647,-113,13,Swisscom,false,false
1429797183615,16856065,1818,1,228,-84,13,Swisscom,true,false
1429797183615,329,2147483647,2147483647,2147483647,-94,13,Swisscom,false,false
1429797183615,2147483647,2147483647,2147483647,2147483647,-113,13,Swisscom,false,false
1429797183615,2147483647,2147483647,2147483647,2147483647,-113,13,Swisscom,false,false
1429797183615,2147483647,2147483647,2147483647,2147483647,-113,13,Swisscom,false,false
1429797183615,2147483647,2147483647,2147483647,2147483647,-113,13,Swisscom,false,false
1429797183615,2147483647,2147483647,2147483647,2147483647,-113,13,Swisscom,false,false
1429797183615,2147483647,2147483647,2147483647,2147483647,-113,13,Swisscom,false,false
1429797183615,2147483647,2147483647,2147483647,2147483647,-113,13,Swisscom,false,false
1429797183615,2147483647,2147483647,2147483647,2147483647,-113,13,Swisscom,false,false
1429797183615,2147483647,2147483647,2147483647,2147483647,-113,13,Swisscom,false,false
1429797183615,2147483647,2147483647,2147483647,2147483647,-113,13,Swisscom,false,false
1429797183615,2147483647,2147483647,2147483647,2147483647,-113,13,Swisscom,false,false
1429797183615,2147483647,2147483647,2147483647,2147483647,-113,13,Swisscom,false,false
1429797183615,2147483647,2147483647,2147483647,2147483647,-113,13,Swisscom,false,false
1429797183615,2147483647,2147483647,2147483647,2147483647,-113,13,Swisscom,false,false
1429797183615,2147483647,2147483647,2147483647,2147483647,-113,13,Swisscom,false,false
1429797243692,16856065,1818,1,228,-86,13,Swisscom,true,false
1429797243692,329,2147483647,2147483647,2147483647,-92,13,Swisscom,false,false
1429797243692,2147483647,2147483647,2147483647,2147483647,-113,13,Swisscom,false,false
1429797243692,2147483647,2147483647,2147483647,2147483647,-113,13,Swisscom,false,false
1429797243692,2147483647,2147483647,2147483647,2147483647,-113,13,Swisscom,false,false
1429797243692,2147483647,2147483647,2147483647,2147483647,-113,13,Swisscom,false,false
1429797243692,2147483647,2147483647,2147483647,2147483647,-113,13,Swisscom,false,false
1429797243692,2147483647,2147483647,2147483647,2147483647,-113,13,Swisscom,false,false
1429797243692,2147483647,2147483647,2147483647,2147483647,-113,13,Swisscom,false,false
1429797243692,2147483647,2147483647,2147483647,2147483647,-113,13,Swisscom,false,false
1429797243692,2147483647,2147483647,2147483647,2147483647,-113,13,Swisscom,false,false
1429797243692,2147483647,2147483647,2147483647,2147483647,-113,13,Swisscom,false,false
1429797243692,2147483647,2147483647,2147483647,2147483647,-113,13,Swisscom,false,false
1429797243692,2147483647,2147483647,2147483647,2147483647,-113,13,Swisscom,false,false
1429797243692,2147483647,2147483647,2147483647,2147483647,-113,13,Swisscom,false,false
1429797243692,2147483647,2147483647,2147483647,2147483647,-113,13,Swisscom,false,false
1429797243692,2147483647,2147483647,2147483647,2147483647,-113,13,Swisscom,false,false
1429797303750,16856065,1818,1,228,-83,13,Swisscom,true,false
1429797303750,329,2147483647,2147483647,2147483647,-94,13,Swisscom,false,false
1429797303750,72,2147483647,2147483647,2147483647,-102,13,Swisscom,false,false
1429797303750,39,2147483647,2147483647,2147483647,-101,13,Swisscom,false,false
1429797303750,2147483647,2147483647,2147483647,2147483647,-113,13,Swisscom,false,false
1429797303750,2147483647,2147483647,2147483647,2147483647,-113,13,Swisscom,false,false
1429797303750,2147483647,2147483647,2147483647,2147483647,-113,13,Swisscom,false,false
1429797303750,2147483647,2147483647,2147483647,2147483647,-113,13,Swisscom,false,false
1429797303750,2147483647,2147483647,2147483647,2147483647,-113,13,Swisscom,false,false
1429797303750,2147483647,2147483647,2147483647,2147483647,-113,13,Swisscom,false,false
1429797303750,2147483647,2147483647,2147483647,2147483647,-113,13,Swisscom,false,false
1429797303750,2147483647,2147483647,2147483647,2147483647,-113,13,Swisscom,false,false
1429797303750,2147483647,2147483647,2147483647,2147483647,-113,13,Swisscom,false,false
1429797303750,2147483647,2147483647,2147483647,2147483647,-113,13,Swisscom,false,false
1429797303750,2147483647,2147483647,2147483647,2147483647,-113,13,Swisscom,false,false
1429797303750,2147483647,2147483647,2147483647,2147483647,-113,13,Swisscom,false,false
1429797303750,2147483647,2147483647,2147483647,2147483647,-113,13,Swisscom,false,false
1429797303750,2147483647,2147483647,2147483647,2147483647,-113,13,Swisscom,false,false
1429797303750,2147483647,2147483647,2147483647,2147483647,-113,13,Swisscom,false,false
1429797363941,16856065,1818,1,228,-86,13,Swisscom,true,false
1429797363941,329,2147483647,2147483647,2147483647,-92,13,Swisscom,false,false
1429797363941,2147483647,2147483647,2147483647,2147483647,-113,13,Swisscom,false,false
1429797363941,2147483647,2147483647,2147483647,2147483647,-113,13,Swisscom,false,false
1429797363941,2147483647,2147483647,2147483647,2147483647,-113,13,Swisscom,false,false
1429797363941,2147483647,2147483647,2147483647,2147483647,-113,13,Swisscom,false,false
1429797363941,2147483647,2147483647,2147483647,2147483647,-113,13,Swisscom,false,false
1429797363941,2147483647,2147483647,2147483647,2147483647,-113,13,Swisscom,false,false
1429797363941,2147483647,2147483647,2147483647,2147483647,-113,13,Swisscom,false,false
1429797363941,2147483647,2147483647,2147483647,2147483647,-113,13,Swisscom,false,false
1429797363941,2147483647,2147483647,2147483647,2147483647,-113,13,Swisscom,false,false
1429797363941,2147483647,2147483647,2147483647,2147483647,-113,13,Swisscom,false,false
1429797363941,2147483647,2147483647,2147483647,2147483647,-113,13,Swisscom,false,false
1429797363941,2147483647,2147483647,2147483647,2147483647,-113,13,Swisscom,false,false
1429797363941,2147483647,2147483647,2147483647,2147483647,-113,13,Swisscom,false,false
1429797363941,2147483647,2147483647,2147483647,2147483647,-113,13,Swisscom,false,false
1429797363941,2147483647,2147483647,2147483647,2147483647,-113,13,Swisscom,false,false
1429797424162,16856065,1818,1,228,-83,13,Swisscom,true,false
1429797424162,329,2147483647,2147483647,2147483647,-91,13,Swisscom,false,false
1429797424162,2147483647,2147483647,2147483647,2147483647,-113,13,Swisscom,false,false
1429797424162,2147483647,2147483647,2147483647,2147483647,-113,13,Swisscom,false,false
1429797424162,2147483647,2147483647,2147483647,2147483647,-113,13,Swisscom,false,false
1429797424162,2147483647,2147483647,2147483647,2147483647,-113,13,Swisscom,false,false
1429797424162,2147483647,2147483647,2147483647,2147483647,-113,13,Swisscom,false,false
1429797424162,2147483647,2147483647,2147483647,2147483647,-113,13,Swisscom,false,false
1429797424162,2147483647,2147483647,2147483647,2147483647,-113,13,Swisscom,false,false
1429797424162,2147483647,2147483647,2147483647,2147483647,-113,13,Swisscom,false,false
1429797424162,2147483647,2147483647,2147483647,2147483647,-113,13,Swisscom,false,false
1429797424162,2147483647,2147483647,2147483647,2147483647,-113,13,Swisscom,false,false
1429797424162,2147483647,2147483647,2147483647,2147483647,-113,13,Swisscom,false,false
1429797424162,2147483647,2147483647,2147483647,2147483647,-113,13,Swisscom,false,false
1429797424162,2147483647,2147483647,2147483647,2147483647,-113,13,Swisscom,false,false
1429797424162,2147483647,2147483647,2147483647,2147483647,-113,13,Swisscom,false,false
1429797424162,2147483647,2147483647,2147483647,2147483647,-113,13,Swisscom,false,false
1429797484244,16856065,1818,1,228,-86,13,Swisscom,true,false
1429797484244,329,2147483647,2147483647,2147483647,-93,13,Swisscom,false,false
1429797484244,166,2147483647,2147483647,2147483647,-95,13,Swisscom,false,false
1429797484244,2147483647,2147483647,2147483647,2147483647,-113,13,Swisscom,false,false
1429797484244,2147483647,2147483647,2147483647,2147483647,-113,13,Swisscom,false,false
1429797484244,2147483647,2147483647,2147483647,2147483647,-113,13,Swisscom,false,false
1429797484244,2147483647,2147483647,2147483647,2147483647,-113,13,Swisscom,false,false
1429797484244,2147483647,2147483647,2147483647,2147483647,-113,13,Swisscom,false,false
1429797484244,2147483647,2147483647,2147483647,2147483647,-113,13,Swisscom,false,false
1429797484244,2147483647,2147483647,2147483647,2147483647,-113,13,Swisscom,false,false
1429797484244,2147483647,2147483647,2147483647,2147483647,-113,13,Swisscom,false,false
1429797484244,2147483647,2147483647,2147483647,2147483647,-113,13,Swisscom,false,false
1429797484244,2147483647,2147483647,2147483647,2147483647,-113,13,Swisscom,false,false
1429797484244,2147483647,2147483647,2147483647,2147483647,-113,13,Swisscom,false,false
1429797484244,2147483647,2147483647,2147483647,2147483647,-113,13,Swisscom,false,false
1429797484244,2147483647,2147483647,2147483647,2147483647,-113,13,Swisscom,false,false
1429797484244,2147483647,2147483647,2147483647,2147483647,-113,13,Swisscom,false,false
1429797484244,2147483647,2147483647,2147483647,2147483647,-113,13,Swisscom,false,false
1429797544345,16856065,1818,1,228,-84,13,Swisscom,true,false
1429797544345,329,2147483647,2147483647,2147483647,-89,13,Swisscom,false,false
1429797544345,72,2147483647,2147483647,2147483647,-97,13,Swisscom,false,false
1429797544345,2147483647,2147483647,2147483647,2147483647,-113,13,Swisscom,false,false
1429797544345,2147483647,2147483647,2147483647,2147483647,-113,13,Swisscom,false,false
1429797544345,2147483647,2147483647,2147483647,2147483647,-113,13,Swisscom,false,false
1429797544345,2147483647,2147483647,2147483647,2147483647,-113,13,Swisscom,false,false
1429797544345,2147483647,2147483647,2147483647,2147483647,-113,13,Swisscom,false,false
1429797544345,2147483647,2147483647,2147483647,2147483647,-113,13,Swisscom,false,false
1429797544345,2147483647,2147483647,2147483647,2147483647,-113,13,Swisscom,false,false
1429797544345,2147483647,2147483647,2147483647,2147483647,-113,13,Swisscom,false,false
1429797544345,2147483647,2147483647,2147483647,2147483647,-113,13,Swisscom,false,false
1429797544345,2147483647,2147483647,2147483647,2147483647,-113,13,Swisscom,false,false
1429797544345,2147483647,2147483647,2147483647,2147483647,-113,13,Swisscom,false,false
1429797544345,2147483647,2147483647,2147483647,2147483647,-113,13,Swisscom,false,false
1429797544345,2147483647,2147483647,2147483647,2147483647,-113,13,Swisscom,false,false
1429797544345,2147483647,2147483647,2147483647,2147483647,-113,13,Swisscom,false,false
1429797544345,2147483647,2147483647,2147483647,2147483647,-113,13,Swisscom,false,false
1429797604473,16856065,1818,1,228,-86,13,Swisscom,true,false
1429797604473,233,2147483647,2147483647,2147483647,-97,13,Swisscom,false,false
1429797604473,39,2147483647,2147483647,2147483647,-96,13,Swisscom,false,false
1429797604473,2147483647,2147483647,2147483647,2147483647,-113,13,Swisscom,false,false
1429797604473,2147483647,2147483647,2147483647,2147483647,-113,13,Swisscom,false,false
1429797604473,2147483647,2147483647,2147483647,2147483647,-113,13,Swisscom,false,false
1429797604473,2147483647,2147483647,2147483647,2147483647,-113,13,Swisscom,false,false
1429797604473,2147483647,2147483647,2147483647,2147483647,-113,13,Swisscom,false,false
1429797604473,2147483647,2147483647,2147483647,2147483647,-113,13,Swisscom,false,false
1429797604473,2147483647,2147483647,2147483647,2147483647,-113,13,Swisscom,false,false
1429797604473,2147483647,2147483647,2147483647,2147483647,-113,13,Swisscom,false,false
1429797604473,2147483647,2147483647,2147483647,2147483647,-113,13,Swisscom,false,false
1429797604473,2147483647,2147483647,2147483647,2147483647,-113,13,Swisscom,false,false
1429797604473,2147483647,2147483647,2147483647,2147483647,-113,13,Swisscom,false,false
1429797604473,2147483647,2147483647,2147483647,2147483647,-113,13,Swisscom,false,false
1429797604473,2147483647,2147483647,2147483647,2147483647,-113,13,Swisscom,false,false
1429797604473,2147483647,2147483647,2147483647,2147483647,-113,13,Swisscom,false,false
1429797604473,2147483647,2147483647,2147483647,2147483647,-113,13,Swisscom,false,false
1429797664646,16856065,1818,1,228,-87,13,Swisscom,true,false
1429797664646,329,2147483647,2147483647,2147483647,-97,13,Swisscom,false,false
1429797664646,72,2147483647,2147483647,2147483647,-99,13,Swisscom,false,false
1429797664646,2147483647,2147483647,2147483647,2147483647,-113,13,Swisscom,false,false
1429797664646,2147483647,2147483647,2147483647,2147483647,-113,13,Swisscom,false,false
1429797664646,2147483647,2147483647,2147483647,2147483647,-113,13,Swisscom,false,false
1429797664646,2147483647,2147483647,2147483647,2147483647,-113,13,Swisscom,false,false
1429797664646,2147483647,2147483647,2147483647,2147483647,-113,13,Swisscom,false,false
1429797664646,2147483647,2147483647,2147483647,2147483647,-113,13,Swisscom,false,false
1429797664646,2147483647,2147483647,2147483647,2147483647,-113,13,Swisscom,false,false
1429797664646,2147483647,2147483647,2147483647,2147483647,-113,13,Swisscom,false,false
1429797664646,2147483647,2147483647,2147483647,2147483647,-113,13,Swisscom,false,false
1429797664646,2147483647,2147483647,2147483647,2147483647,-113,13,Swisscom,false,false
1429797664646,2147483647,2147483647,2147483647,2147483647,-113,13,Swisscom,false,false
1429797664646,2147483647,2147483647,2147483647,2147483647,-113,13,Swisscom,false,false
1429797664646,2147483647,2147483647,2147483647,2147483647,-113,13,Swisscom,false,false
1429797664646,2147483647,2147483647,2147483647,2147483647,-113,13,Swisscom,false,false
1429797664646,2147483647,2147483647,2147483647,2147483647,-113,13,Swisscom,false,false
1429797724714,16856065,1818,1,228,-83,13,Swisscom,true,false
1429797724714,329,2147483647,2147483647,2147483647,-91,13,Swisscom,false,false
1429797724714,166,2147483647,2147483647,2147483647,-94,13,Swisscom,false,false
1429797724714,2147483647,2147483647,2147483647,2147483647,-113,13,Swisscom,false,false
1429797724714,2147483647,2147483647,2147483647,2147483647,-113,13,Swisscom,false,false
1429797724714,2147483647,2147483647,2147483647,2147483647,-113,13,Swisscom,false,false
1429797724714,2147483647,2147483647,2147483647,2147483647,-113,13,Swisscom,false,false
1429797724714,2147483647,2147483647,2147483647,2147483647,-113,13,Swisscom,false,false
1429797724714,2147483647,2147483647,2147483647,2147483647,-113,13,Swisscom,false,false
1429797724714,2147483647,2147483647,2147483647,2147483647,-113,13,Swisscom,false,false
1429797724714,2147483647,2147483647,2147483647,2147483647,-113,13,Swisscom,false,false
1429797724714,2147483647,2147483647,2147483647,2147483647,-113,13,Swisscom,false,false
1429797724714,2147483647,2147483647,2147483647,2147483647,-113,13,Swisscom,false,false
1429797724714,2147483647,2147483647,2147483647,2147483647,-113,13,Swisscom,false,false
1429797724714,2147483647,2147483647,2147483647,2147483647,-113,13,Swisscom,false,false
1429797724714,2147483647,2147483647,2147483647,2147483647,-113,13,Swisscom,false,false
1429797724714,2147483647,2147483647,2147483647,2147483647,-113,13,Swisscom,false,false
1429797724714,2147483647,2147483647,2147483647,2147483647,-113,13,Swisscom,false,false
1429797784829,16856065,1818,1,228,-86,13,Swisscom,true,false
1429797784829,329,2147483647,2147483647,2147483647,-89,13,Swisscom,false,false
1429797784829,166,2147483647,2147483647,2147483647,-96,13,Swisscom,false,false
1429797784829,2147483647,2147483647,2147483647,2147483647,-113,13,Swisscom,false,false
1429797784829,2147483647,2147483647,2147483647,2147483647,-113,13,Swisscom,false,false
1429797784829,2147483647,2147483647,2147483647,2147483647,-113,13,Swisscom,false,false
1429797784829,2147483647,2147483647,2147483647,2147483647,-113,13,Swisscom,false,false
1429797784829,2147483647,2147483647,2147483647,2147483647,-113,13,Swisscom,false,false
1429797784829,2147483647,2147483647,2147483647,2147483647,-113,13,Swisscom,false,false
1429797784829,2147483647,2147483647,2147483647,2147483647,-113,13,Swisscom,false,false
1429797784829,2147483647,2147483647,2147483647,2147483647,-113,13,Swisscom,false,false
1429797784829,2147483647,2147483647,2147483647,2147483647,-113,13,Swisscom,false,false
1429797784829,2147483647,2147483647,2147483647,2147483647,-113,13,Swisscom,false,false
1429797784829,2147483647,2147483647,2147483647,2147483647,-113,13,Swisscom,false,false
1429797784829,2147483647,2147483647,2147483647,2147483647,-113,13,Swisscom,false,false
1429797784829,2147483647,2147483647,2147483647,2147483647,-113,13,Swisscom,false,false
1429797784829,2147483647,2147483647,2147483647,2147483647,-113,13,Swisscom,false,false
1429797784829,2147483647,2147483647,2147483647,2147483647,-113,13,Swisscom,false,false
1429797844884,16856065,1818,1,228,-87,13,Swisscom,true,false
1429797844884,329,2147483647,2147483647,2147483647,-93,13,Swisscom,false,false
1429797844884,2147483647,2147483647,2147483647,2147483647,-113,13,Swisscom,false,false
1429797844884,2147483647,2147483647,2147483647,2147483647,-113,13,Swisscom,false,false
1429797844884,2147483647,2147483647,2147483647,2147483647,-113,13,Swisscom,false,false
1429797844884,2147483647,2147483647,2147483647,2147483647,-113,13,Swisscom,false,false
1429797844884,2147483647,2147483647,2147483647,2147483647,-113,13,Swisscom,false,false
1429797844884,2147483647,2147483647,2147483647,2147483647,-113,13,Swisscom,false,false
1429797844884,2147483647,2147483647,2147483647,2147483647,-113,13,Swisscom,false,false
1429797844884,2147483647,2147483647,2147483647,2147483647,-113,13,Swisscom,false,false
1429797844884,2147483647,2147483647,2147483647,2147483647,-113,13,Swisscom,false,false
1429797844884,2147483647,2147483647,2147483647,2147483647,-113,13,Swisscom,false,false
1429797844884,2147483647,2147483647,2147483647,2147483647,-113,13,Swisscom,false,false
1429797844884,2147483647,2147483647,2147483647,2147483647,-113,13,Swisscom,false,false
1429797844884,2147483647,2147483647,2147483647,2147483647,-113,13,Swisscom,false,false
1429797844884,2147483647,2147483647,2147483647,2147483647,-113,13,Swisscom,false,false
1429797844884,2147483647,2147483647,2147483647,2147483647,-113,13,Swisscom,false,false
1429797904978,16856066,1818,1,228,-98,13,Swisscom,true,false
1429797904978,115,2147483647,2147483647,2147483647,-97,13,Swisscom,false,false
1429797904978,39,2147483647,2147483647,2147483647,-104,13,Swisscom,false,false
1429797904978,2147483647,2147483647,2147483647,2147483647,-113,13,Swisscom,false,false
1429797904978,2147483647,2147483647,2147483647,2147483647,-113,13,Swisscom,false,false
1429797904978,2147483647,2147483647,2147483647,2147483647,-113,13,Swisscom,false,false
1429797904978,2147483647,2147483647,2147483647,2147483647,-113,13,Swisscom,false,false
1429797904978,2147483647,2147483647,2147483647,2147483647,-113,13,Swisscom,false,false
1429797904978,2147483647,2147483647,2147483647,2147483647,-113,13,Swisscom,false,false
1429797904978,2147483647,2147483647,2147483647,2147483647,-113,13,Swisscom,false,false
1429797904978,2147483647,2147483647,2147483647,2147483647,-113,13,Swisscom,false,false
1429797904978,2147483647,2147483647,2147483647,2147483647,-113,13,Swisscom,false,false
1429797904978,2147483647,2147483647,2147483647,2147483647,-113,13,Swisscom,false,false
1429797904978,2147483647,2147483647,2147483647,2147483647,-113,13,Swisscom,false,false
1429797904978,2147483647,2147483647,2147483647,2147483647,-113,13,Swisscom,false,false
1429797904978,2147483647,2147483647,2147483647,2147483647,-113,13,Swisscom,false,false
1429797904978,2147483647,2147483647,2147483647,2147483647,-113,13,Swisscom,false,false
1429797904978,2147483647,2147483647,2147483647,2147483647,-113,13,Swisscom,false,false
1429797965074,16856065,1818,1,228,-88,13,Swisscom,true,false
1429797965074,39,2147483647,2147483647,2147483647,-86,13,Swisscom,false,false
1429797965074,329,2147483647,2147483647,2147483647,-93,13,Swisscom,false,false
1429797965074,72,2147483647,2147483647,2147483647,-96,13,Swisscom,false,false
1429797965074,166,2147483647,2147483647,2147483647,-100,13,Swisscom,false,false
1429797965074,2147483647,2147483647,2147483647,2147483647,-113,13,Swisscom,false,false
1429797965074,2147483647,2147483647,2147483647,2147483647,-113,13,Swisscom,false,false
1429797965074,2147483647,2147483647,2147483647,2147483647,-113,13,Swisscom,false,false
1429797965074,2147483647,2147483647,2147483647,2147483647,-113,13,Swisscom,false,false
1429797965074,2147483647,2147483647,2147483647,2147483647,-113,13,Swisscom,false,false
1429797965074,2147483647,2147483647,2147483647,2147483647,-113,13,Swisscom,false,false
1429797965074,2147483647,2147483647,2147483647,2147483647,-113,13,Swisscom,false,false
1429797965074,2147483647,2147483647,2147483647,2147483647,-113,13,Swisscom,false,false
1429797965074,2147483647,2147483647,2147483647,2147483647,-113,13,Swisscom,false,false
1429797965074,2147483647,2147483647,2147483647,2147483647,-113,13,Swisscom,false,false
1429797965074,2147483647,2147483647,2147483647,2147483647,-113,13,Swisscom,false,false
1429797965074,2147483647,2147483647,2147483647,2147483647,-113,13,Swisscom,false,false
1429797965074,2147483647,2147483647,2147483647,2147483647,-113,13,Swisscom,false,false
1429797965074,2147483647,2147483647,2147483647,2147483647,-113,13,Swisscom,false,false
1429797965074,2147483647,2147483647,2147483647,2147483647,-113,13,Swisscom,false,false
1429798025145,16856067,1818,1,228,-75,13,Swisscom,true,false
1429798025145,166,2147483647,2147483647,2147483647,-84,13,Swisscom,false,false
1429798025145,329,2147483647,2147483647,2147483647,-90,13,Swisscom,false,false
1429798025145,201,2147483647,2147483647,2147483647,-89,13,Swisscom,false,false
1429798085242,16856067,1818,1,228,-89,13,Swisscom,true,false
1429798085242,159,2147483647,2147483647,2147483647,-97,13,Swisscom,false,false
1429798085242,166,2147483647,2147483647,2147483647,-94,13,Swisscom,false,false
1429798085242,107,2147483647,2147483647,2147483647,-102,13,Swisscom,false,false
1429798085242,100,2147483647,2147483647,2147483647,-99,13,Swisscom,false,false
1429798085242,179,2147483647,2147483647,2147483647,-100,13,Swisscom,false,false
1429798085242,169,2147483647,2147483647,2147483647,-105,13,Swisscom,false,false
1429798085242,2147483647,2147483647,2147483647,2147483647,-113,13,Swisscom,false,false
1429798085242,2147483647,2147483647,2147483647,2147483647,-113,13,Swisscom,false,false
1429798085242,2147483647,2147483647,2147483647,2147483647,-113,13,Swisscom,false,false
1429798085242,2147483647,2147483647,2147483647,2147483647,-113,13,Swisscom,false,false
1429798085242,2147483647,2147483647,2147483647,2147483647,-113,13,Swisscom,false,false
1429798085242,2147483647,2147483647,2147483647,2147483647,-113,13,Swisscom,false,false
1429798085242,2147483647,2147483647,2147483647,2147483647,-113,13,Swisscom,false,false
1429798085242,2147483647,2147483647,2147483647,2147483647,-113,13,Swisscom,false,false
1429798085242,2147483647,2147483647,2147483647,2147483647,-113,13,Swisscom,false,false
1429798085242,2147483647,2147483647,2147483647,2147483647,-113,13,Swisscom,false,false
1429798085242,2147483647,2147483647,2147483647,2147483647,-113,13,Swisscom,false,false
1429798085242,2147483647,2147483647,2147483647,2147483647,-113,13,Swisscom,false,false
1429798085242,2147483647,2147483647,2147483647,2147483647,-113,13,Swisscom,false,false
1429798085242,2147483647,2147483647,2147483647,2147483647,-113,13,Swisscom,false,false
1429798085242,2147483647,2147483647,2147483647,2147483647,-113,13,Swisscom,false,false
1429798145347,16850178,3535,1,228,-94,13,Swisscom,true,false
1429798145347,159,2147483647,2147483647,2147483647,-98,13,Swisscom,false,false
1429798145347,30,2147483647,2147483647,2147483647,-92,13,Swisscom,false,false
1429798145347,169,2147483647,2147483647,2147483647,-93,13,Swisscom,false,false
1429798145347,107,2147483647,2147483647,2147483647,-100,13,Swisscom,false,false
1429798145347,2147483647,2147483647,2147483647,2147483647,-113,13,Swisscom,false,false
1429798145347,2147483647,2147483647,2147483647,2147483647,-113,13,Swisscom,false,false
1429798145347,2147483647,2147483647,2147483647,2147483647,-113,13,Swisscom,false,false
1429798145347,2147483647,2147483647,2147483647,2147483647,-113,13,Swisscom,false,false
1429798145347,2147483647,2147483647,2147483647,2147483647,-113,13,Swisscom,false,false
1429798145347,2147483647,2147483647,2147483647,2147483647,-113,13,Swisscom,false,false
1429798145347,2147483647,2147483647,2147483647,2147483647,-113,13,Swisscom,false,false
1429798145347,2147483647,2147483647,2147483647,2147483647,-113,13,Swisscom,false,false
1429798145347,2147483647,2147483647,2147483647,2147483647,-113,13,Swisscom,false,false
1429798145347,2147483647,2147483647,2147483647,2147483647,-113,13,Swisscom,false,false
1429798145347,2147483647,2147483647,2147483647,2147483647,-113,13,Swisscom,false,false
1429798145347,2147483647,2147483647,2147483647,2147483647,-113,13,Swisscom,false,false
1429798209866,16850178,3535,1,228,-89,13,Swisscom,true,false
1429798209866,159,2147483647,2147483647,2147483647,-101,13,Swisscom,false,false
1429798209866,169,2147483647,2147483647,2147483647,-107,13,Swisscom,false,false
1429798209866,173,2147483647,2147483647,2147483647,-109,13,Swisscom,false,false
1429798209866,107,2147483647,2147483647,2147483647,-100,13,Swisscom,false,false
1429798269965,16856067,1818,1,228,-106,13,Swisscom,true,false
1429798269965,179,2147483647,2147483647,2147483647,-116,13,Swisscom,false,false
1429798269965,159,2147483647,2147483647,2147483647,-109,13,Swisscom,false,false
1429798269965,107,2147483647,2147483647,2147483647,-110,13,Swisscom,false,false
1429798269965,166,2147483647,2147483647,2147483647,-107,13,Swisscom,false,false
1429798269965,89,2147483647,2147483647,2147483647,-121,13,Swisscom,false,false
1429798269965,329,2147483647,2147483647,2147483647,-121,13,Swisscom,false,false
1429798269965,30,2147483647,2147483647,2147483647,-115,13,Swisscom,false,false
1429798330053,16850178,3535,1,228,-106,13,Swisscom,true,false
1429798330053,179,2147483647,2147483647,2147483647,-111,13,Swisscom,false,false
1429798330053,169,2147483647,2147483647,2147483647,-111,13,Swisscom,false,false
1429798330053,39,2147483647,2147483647,2147483647,-105,13,Swisscom,false,false
1429798330053,159,2147483647,2147483647,2147483647,-109,13,Swisscom,false,false
1429798390060,16850178,3535,1,228,-103,13,Swisscom,true,false
1429798390060,169,2147483647,2147483647,2147483647,-111,13,Swisscom,false,false
1429798390060,179,2147483647,2147483647,2147483647,-110,13,Swisscom,false,false
1429798390060,39,2147483647,2147483647,2147483647,-105,13,Swisscom,false,false
1429798390060,329,2147483647,2147483647,2147483647,-110,13,Swisscom,false,false
1429798390060,30,2147483647,2147483647,2147483647,-108,13,Swisscom,false,false
1429798474580,16850178,3535,1,228,-103,13,Swisscom,true,false
1429798474580,39,2147483647,2147483647,2147483647,-102,13,Swisscom,false,false
1429798474580,179,2147483647,2147483647,2147483647,-107,13,Swisscom,false,false
1429798474580,169,2147483647,2147483647,2147483647,-107,13,Swisscom,false,false
1429798474580,159,2147483647,2147483647,2147483647,-107,13,Swisscom,false,false
1429798474580,107,2147483647,2147483647,2147483647,-106,13,Swisscom,false,false
1429798534747,16850178,3535,1,228,-102,13,Swisscom,true,false
1429798534747,39,2147483647,2147483647,2147483647,-104,13,Swisscom,false,false
1429798534747,179,2147483647,2147483647,2147483647,-109,13,Swisscom,false,false
1429798534747,169,2147483647,2147483647,2147483647,-112,13,Swisscom,false,false
1429798534747,159,2147483647,2147483647,2147483647,-107,13,Swisscom,false,false
1429798594971,16850178,3535,1,228,-86,13,Swisscom,true,false
1429798594971,107,2147483647,2147483647,2147483647,-100,13,Swisscom,false,false
1429798594971,179,2147483647,2147483647,2147483647,-105,13,Swisscom,false,false
1429798594971,39,2147483647,2147483647,2147483647,-106,13,Swisscom,false,false
1429798594971,165,2147483647,2147483647,2147483647,-97,13,Swisscom,false,false
1429798654991,16850178,3535,1,228,-89,13,Swisscom,true,false
1429798654991,107,2147483647,2147483647,2147483647,-98,13,Swisscom,false,false
1429798654991,39,2147483647,2147483647,2147483647,-105,13,Swisscom,false,false
1429798654991,30,2147483647,2147483647,2147483647,-107,13,Swisscom,false,false
1429798654991,2147483647,2147483647,2147483647,2147483647,-113,13,Swisscom,false,false
1429798654991,2147483647,2147483647,2147483647,2147483647,-113,13,Swisscom,false,false
1429798654991,2147483647,2147483647,2147483647,2147483647,-113,13,Swisscom,false,false
1429798654991,2147483647,2147483647,2147483647,2147483647,-113,13,Swisscom,false,false
1429798654991,2147483647,2147483647,2147483647,2147483647,-113,13,Swisscom,false,false
1429798654991,2147483647,2147483647,2147483647,2147483647,-113,13,Swisscom,false,false
1429798654991,2147483647,2147483647,2147483647,2147483647,-113,13,Swisscom,false,false
1429798654991,2147483647,2147483647,2147483647,2147483647,-113,13,Swisscom,false,false
1429798654991,2147483647,2147483647,2147483647,2147483647,-113,13,Swisscom,false,false
1429798654991,2147483647,2147483647,2147483647,2147483647,-113,13,Swisscom,false,false
1429798654991,2147483647,2147483647,2147483647,2147483647,-113,13,Swisscom,false,false
1429798654991,2147483647,2147483647,2147483647,2147483647,-113,13,Swisscom,false,false
1429798715245,17104643,3535,1,228,-109,13,Swisscom,true,false
1429798715245,21,2147483647,2147483647,2147483647,-118,13,Swisscom,false,false
1429798715245,159,2147483647,2147483647,2147483647,-118,13,Swisscom,false,false
1429798715245,169,2147483647,2147483647,2147483647,-124,13,Swisscom,false,false
1429798715245,123,2147483647,2147483647,2147483647,-112,13,Swisscom,false,false
1429798715245,17,2147483647,2147483647,2147483647,-119,13,Swisscom,false,false
1429798715245,2147483647,2147483647,2147483647,2147483647,-113,13,Swisscom,false,false
1429798715245,2147483647,2147483647,2147483647,2147483647,-113,13,Swisscom,false,false
1429798715245,2147483647,2147483647,2147483647,2147483647,-113,13,Swisscom,false,false
1429798715245,2147483647,2147483647,2147483647,2147483647,-113,13,Swisscom,false,false
1429798715245,2147483647,2147483647,2147483647,2147483647,-113,13,Swisscom,false,false
1429798715245,2147483647,2147483647,2147483647,2147483647,-113,13,Swisscom,false,false
1429798715245,2147483647,2147483647,2147483647,2147483647,-113,13,Swisscom,false,false
1429798715245,2147483647,2147483647,2147483647,2147483647,-113,13,Swisscom,false,false
1429798715245,2147483647,2147483647,2147483647,2147483647,-113,13,Swisscom,false,false
1429798715245,2147483647,2147483647,2147483647,2147483647,-113,13,Swisscom,false,false
1429798715245,2147483647,2147483647,2147483647,2147483647,-113,13,Swisscom,false,false
1429798715245,2147483647,2147483647,2147483647,2147483647,-113,13,Swisscom,false,false
1429798715245,2147483647,2147483647,2147483647,2147483647,0,13,Swisscom,false,false
1429798715245,2147483647,2147483647,2147483647,2147483647,0,13,Swisscom,false,false
1429798775314,17799683,3535,1,228,-90,13,Swisscom,true,false
1429798775314,7,2147483647,2147483647,2147483647,-108,13,Swisscom,false,false
1429798775314,107,2147483647,2147483647,2147483647,-107,13,Swisscom,false,false
1429798775314,100,2147483647,2147483647,2147483647,-94,13,Swisscom,false,false
1429798775314,169,2147483647,2147483647,2147483647,-104,13,Swisscom,false,false
1429798775314,21,2147483647,2147483647,2147483647,-105,13,Swisscom,false,false
1429798775314,2147483647,2147483647,2147483647,2147483647,-113,13,Swisscom,false,false
1429798775314,2147483647,2147483647,2147483647,2147483647,-113,13,Swisscom,false,false
1429798775314,2147483647,2147483647,2147483647,2147483647,-113,13,Swisscom,false,false
1429798775314,2147483647,2147483647,2147483647,2147483647,-113,13,Swisscom,false,false
1429798775314,2147483647,2147483647,2147483647,2147483647,-113,13,Swisscom,false,false
1429798775314,2147483647,2147483647,2147483647,2147483647,-113,13,Swisscom,false,false
1429798775314,2147483647,2147483647,2147483647,2147483647,-113,13,Swisscom,false,false
1429798775314,2147483647,2147483647,2147483647,2147483647,-113,13,Swisscom,false,false
1429798775314,2147483647,2147483647,2147483647,2147483647,-113,13,Swisscom,false,false
1429798775314,2147483647,2147483647,2147483647,2147483647,-113,13,Swisscom,false,false
1429798775314,2147483647,2147483647,2147483647,2147483647,-113,13,Swisscom,false,false
1429798775314,2147483647,2147483647,2147483647,2147483647,-113,13,Swisscom,false,false
1429798835686,17799683,3535,1,228,-107,13,Swisscom,true,false
1429798835686,131,2147483647,2147483647,2147483647,-102,13,Swisscom,false,false
1429798835686,107,2147483647,2147483647,2147483647,-108,13,Swisscom,false,false
1429798835686,89,2147483647,2147483647,2147483647,-110,13,Swisscom,false,false
1429798835686,123,2147483647,2147483647,2147483647,-106,13,Swisscom,false,false
1429798835686,17,2147483647,2147483647,2147483647,-117,13,Swisscom,false,false
1429798835686,2147483647,2147483647,2147483647,2147483647,-113,13,Swisscom,false,false
1429798835686,2147483647,2147483647,2147483647,2147483647,-113,13,Swisscom,false,false
1429798835686,2147483647,2147483647,2147483647,2147483647,-113,13,Swisscom,false,false
1429798835686,2147483647,2147483647,2147483647,2147483647,-113,13,Swisscom,false,false
1429798835686,2147483647,2147483647,2147483647,2147483647,-113,13,Swisscom,false,false
1429798835686,2147483647,2147483647,2147483647,2147483647,-113,13,Swisscom,false,false
1429798835686,2147483647,2147483647,2147483647,2147483647,-113,13,Swisscom,false,false
1429798835686,2147483647,2147483647,2147483647,2147483647,-113,13,Swisscom,false,false
1429798835686,2147483647,2147483647,2147483647,2147483647,-113,13,Swisscom,false,false
1429798835686,2147483647,2147483647,2147483647,2147483647,-113,13,Swisscom,false,false
1429798835686,2147483647,2147483647,2147483647,2147483647,-113,13,Swisscom,false,false
1429798835686,2147483647,2147483647,2147483647,2147483647,-113,13,Swisscom,false,false
1429798835686,2147483647,2147483647,2147483647,2147483647,0,13,Swisscom,false,false
1429798835686,2147483647,2147483647,2147483647,2147483647,0,13,Swisscom,false,false
1429798835686,2147483647,2147483647,2147483647,2147483647,0,13,Swisscom,false,false
1429798895602,17799683,3535,1,228,-106,13,Swisscom,true,false
1429798895602,498,2147483647,2147483647,2147483647,-109,13,Swisscom,false,false
1429798955736,17799681,3535,1,228,-91,13,Swisscom,true,false
1429798955736,101,2147483647,2147483647,2147483647,-92,13,Swisscom,false,false
1429798955736,245,2147483647,2147483647,2147483647,-96,13,Swisscom,false,false
1429798955736,233,2147483647,2147483647,2147483647,-99,13,Swisscom,false,false
1429798955736,20,2147483647,2147483647,2147483647,-100,13,Swisscom,false,false
1429798955736,21,2147483647,2147483647,2147483647,-97,13,Swisscom,false,false
1429798955736,169,2147483647,2147483647,2147483647,-98,13,Swisscom,false,false
1429799015752,17105666,3535,1,228,-92,13,Swisscom,true,false
1429799015752,498,2147483647,2147483647,2147483647,-104,13,Swisscom,false,false
1429799015752,233,2147483647,2147483647,2147483647,-110,13,Swisscom,false,false
1429799015752,2147483647,2147483647,2147483647,2147483647,-113,13,Swisscom,false,false
1429799015752,2147483647,2147483647,2147483647,2147483647,-113,13,Swisscom,false,false
1429799015752,2147483647,2147483647,2147483647,2147483647,-113,13,Swisscom,false,false
1429799015752,2147483647,2147483647,2147483647,2147483647,-113,13,Swisscom,false,false
1429799015752,2147483647,2147483647,2147483647,2147483647,-113,13,Swisscom,false,false
1429799015752,2147483647,2147483647,2147483647,2147483647,-113,13,Swisscom,false,false
1429799015752,2147483647,2147483647,2147483647,2147483647,-113,13,Swisscom,false,false
1429799015752,2147483647,2147483647,2147483647,2147483647,-113,13,Swisscom,false,false
1429799015752,2147483647,2147483647,2147483647,2147483647,-113,13,Swisscom,false,false
1429799015752,2147483647,2147483647,2147483647,2147483647,-113,13,Swisscom,false,false
1429799015752,2147483647,2147483647,2147483647,2147483647,-113,13,Swisscom,false,false
1429799015752,2147483647,2147483647,2147483647,2147483647,-113,13,Swisscom,false,false
1429799015752,2147483647,2147483647,2147483647,2147483647,-113,13,Swisscom,false,false
1429799015752,2147483647,2147483647,2147483647,2147483647,-113,13,Swisscom,false,false
1429799015752,2147483647,2147483647,2147483647,2147483647,-113,13,Swisscom,false,false
1429799081039,17105665,3535,1,228,-104,13,Swisscom,true,false
1429799081039,163,2147483647,2147483647,2147483647,-115,13,Swisscom,false,false
1429799081039,21,2147483647,2147483647,2147483647,-115,13,Swisscom,false,false
1429799081039,498,2147483647,2147483647,2147483647,-118,13,Swisscom,false,false
1429799081039,170,2147483647,2147483647,2147483647,-117,13,Swisscom,false,false
1429799081039,2147483647,2147483647,2147483647,2147483647,-113,13,Swisscom,false,false
1429799081039,2147483647,2147483647,2147483647,2147483647,-113,13,Swisscom,false,false
1429799081039,2147483647,2147483647,2147483647,2147483647,-113,13,Swisscom,false,false
1429799081039,2147483647,2147483647,2147483647,2147483647,-113,13,Swisscom,false,false
1429799081039,2147483647,2147483647,2147483647,2147483647,-113,13,Swisscom,false,false
1429799081039,2147483647,2147483647,2147483647,2147483647,-113,13,Swisscom,false,false
1429799081039,2147483647,2147483647,2147483647,2147483647,-113,13,Swisscom,false,false
1429799081039,2147483647,2147483647,2147483647,2147483647,-113,13,Swisscom,false,false
1429799081039,2147483647,2147483647,2147483647,2147483647,-113,13,Swisscom,false,false
1429799081039,2147483647,2147483647,2147483647,2147483647,-113,13,Swisscom,false,false
1429799081039,2147483647,2147483647,2147483647,2147483647,-113,13,Swisscom,false,false
1429799081039,2147483647,2147483647,2147483647,2147483647,-113,13,Swisscom,false,false
1429799081039,2147483647,2147483647,2147483647,2147483647,-113,13,Swisscom,false,false
1429799081039,2147483647,2147483647,2147483647,2147483647,-113,13,Swisscom,false,false
1429799081039,2147483647,2147483647,2147483647,2147483647,-113,13,Swisscom,false,false
1429799141038,17558018,3535,1,228,-99,13,Swisscom,true,false
1429799141038,112,2147483647,2147483647,2147483647,-107,13,Swisscom,false,false
1429799141038,220,2147483647,2147483647,2147483647,-107,13,Swisscom,false,false
1429799141038,68,2147483647,2147483647,2147483647,-115,13,Swisscom,false,false
1429799141038,24,2147483647,2147483647,2147483647,-118,13,Swisscom,false,false
1429799141038,44,2147483647,2147483647,2147483647,-123,13,Swisscom,false,false
1429799141038,114,2147483647,2147483647,2147483647,-119,13,Swisscom,false,false
1429799141038,2147483647,2147483647,2147483647,2147483647,-113,13,Swisscom,false,false
1429799141038,2147483647,2147483647,2147483647,2147483647,-113,13,Swisscom,false,false
1429799141038,2147483647,2147483647,2147483647,2147483647,-113,13,Swisscom,false,false
1429799141038,2147483647,2147483647,2147483647,2147483647,-113,13,Swisscom,false,false
1429799141038,2147483647,2147483647,2147483647,2147483647,-113,13,Swisscom,false,false
1429799141038,2147483647,2147483647,2147483647,2147483647,-113,13,Swisscom,false,false
1429799141038,2147483647,2147483647,2147483647,2147483647,-113,13,Swisscom,false,false
1429799141038,2147483647,2147483647,2147483647,2147483647,-113,13,Swisscom,false,false
1429799141038,2147483647,2147483647,2147483647,2147483647,-113,13,Swisscom,false,false
1429799141038,2147483647,2147483647,2147483647,2147483647,-113,13,Swisscom,false,false
1429799141038,2147483647,2147483647,2147483647,2147483647,-113,13,Swisscom,false,false
1429799141038,2147483647,2147483647,2147483647,2147483647,-113,13,Swisscom,false,false
1429799141038,2147483647,2147483647,2147483647,2147483647,0,13,Swisscom,false,false
1429799141038,2147483647,2147483647,2147483647,2147483647,0,13,Swisscom,false,false
1429799201328,17558018,3535,1,228,-103,13,Swisscom,true,false
1429799201328,112,2147483647,2147483647,2147483647,-108,13,Swisscom,false,false
1429799201328,170,2147483647,2147483647,2147483647,-115,13,Swisscom,false,false
1429799201328,220,2147483647,2147483647,2147483647,-111,13,Swisscom,false,false
1429799201328,201,2147483647,2147483647,2147483647,-117,13,Swisscom,false,false
1429799201328,2147483647,2147483647,2147483647,2147483647,-113,13,Swisscom,false,false
1429799201328,2147483647,2147483647,2147483647,2147483647,-113,13,Swisscom,false,false
1429799201328,2147483647,2147483647,2147483647,2147483647,-113,13,Swisscom,false,false
1429799201328,2147483647,2147483647,2147483647,2147483647,-113,13,Swisscom,false,false
1429799201328,2147483647,2147483647,2147483647,2147483647,-113,13,Swisscom,false,false
1429799201328,2147483647,2147483647,2147483647,2147483647,-113,13,Swisscom,false,false
1429799201328,2147483647,2147483647,2147483647,2147483647,-113,13,Swisscom,false,false
1429799201328,2147483647,2147483647,2147483647,2147483647,-113,13,Swisscom,false,false
1429799201328,2147483647,2147483647,2147483647,2147483647,-113,13,Swisscom,false,false
1429799201328,2147483647,2147483647,2147483647,2147483647,-113,13,Swisscom,false,false
1429799201328,2147483647,2147483647,2147483647,2147483647,-113,13,Swisscom,false,false
1429799201328,2147483647,2147483647,2147483647,2147483647,-113,13,Swisscom,false,false
1429799261391,17583106,3535,1,228,-113,13,Swisscom,true,false
1429799261391,163,2147483647,2147483647,2147483647,-115,13,Swisscom,false,false
1429799261391,61,2147483647,2147483647,2147483647,-117,13,Swisscom,false,false
1429799261391,10,2147483647,2147483647,2147483647,-120,13,Swisscom,false,false
1429799321594,17635330,3535,1,228,-120,13,Swisscom,true,false
1429799321594,171,2147483647,2147483647,2147483647,-116,13,Swisscom,false,false
1429799321594,61,2147483647,2147483647,2147483647,-117,13,Swisscom,false,false
1429799321594,68,2147483647,2147483647,2147483647,-116,13,Swisscom,false,false
1429799321594,24,2147483647,2147483647,2147483647,-115,13,Swisscom,false,false
1429799321594,42,2147483647,2147483647,2147483647,-119,13,Swisscom,false,false
1429799321594,74,2147483647,2147483647,2147483647,-124,13,Swisscom,false,false
1429799321594,48,2147483647,2147483647,2147483647,-120,13,Swisscom,false,false
1429799321594,44,2147483647,2147483647,2147483647,-124,13,Swisscom,false,false
1429799321594,2147483647,2147483647,2147483647,2147483647,-113,13,Swisscom,false,false
1429799321594,2147483647,2147483647,2147483647,2147483647,-113,13,Swisscom,false,false
1429799321594,2147483647,2147483647,2147483647,2147483647,-113,13,Swisscom,false,false
1429799321594,2147483647,2147483647,2147483647,2147483647,-113,13,Swisscom,false,false
1429799321594,2147483647,2147483647,2147483647,2147483647,-113,13,Swisscom,false,false
1429799321594,2147483647,2147483647,2147483647,2147483647,-113,13,Swisscom,false,false
1429799321594,2147483647,2147483647,2147483647,2147483647,-113,13,Swisscom,false,false
1429799321594,2147483647,2147483647,2147483647,2147483647,-113,13,Swisscom,false,false
1429799321594,2147483647,2147483647,2147483647,2147483647,-113,13,Swisscom,false,false
1429799321594,2147483647,2147483647,2147483647,2147483647,-113,13,Swisscom,false,false
1429799321594,2147483647,2147483647,2147483647,2147483647,-113,13,Swisscom,false,false
1429799321594,2147483647,2147483647,2147483647,2147483647,-113,13,Swisscom,false,false
1429799321594,2147483647,2147483647,2147483647,2147483647,-113,13,Swisscom,false,false
1429799321594,2147483647,2147483647,2147483647,2147483647,-113,13,Swisscom,false,false
1429799321594,2147483647,2147483647,2147483647,2147483647,-113,13,Swisscom,false,false
1429799321594,2147483647,2147483647,2147483647,2147483647,0,13,Swisscom,false,false
1429799321594,2147483647,2147483647,2147483647,2147483647,0,13,Swisscom,false,false
1429799321594,2147483647,2147483647,2147483647,2147483647,0,13,Swisscom,false,false
1429799321594,2147483647,2147483647,2147483647,2147483647,0,13,Swisscom,false,false
1429799321594,2147483647,2147483647,2147483647,2147483647,0,13,Swisscom,false,false
1429799321594,2147483647,2147483647,2147483647,2147483647,0,13,Swisscom,false,false
1429799381739,17683713,3535,1,228,-100,13,Swisscom,true,false
1429799381739,223,2147483647,2147483647,2147483647,-101,13,Swisscom,false,false
1429799381739,260,2147483647,2147483647,2147483647,-105,13,Swisscom,false,false
1429799381739,57,2147483647,2147483647,2147483647,-101,13,Swisscom,false,false
1429799381739,2147483647,2147483647,2147483647,2147483647,-113,13,Swisscom,false,false
1429799381739,2147483647,2147483647,2147483647,2147483647,-113,13,Swisscom,false,false
1429799381739,2147483647,2147483647,2147483647,2147483647,-113,13,Swisscom,false,false
1429799381739,2147483647,2147483647,2147483647,2147483647,-113,13,Swisscom,false,false
1429799381739,2147483647,2147483647,2147483647,2147483647,-113,13,Swisscom,false,false
1429799381739,2147483647,2147483647,2147483647,2147483647,-113,13,Swisscom,false,false
1429799381739,2147483647,2147483647,2147483647,2147483647,-113,13,Swisscom,false,false
1429799381739,2147483647,2147483647,2147483647,2147483647,-113,13,Swisscom,false,false
1429799381739,2147483647,2147483647,2147483647,2147483647,-113,13,Swisscom,false,false
1429799381739,2147483647,2147483647,2147483647,2147483647,-113,13,Swisscom,false,false
1429799381739,2147483647,2147483647,2147483647,2147483647,-113,13,Swisscom,false,false
1429799381739,2147483647,2147483647,2147483647,2147483647,-113,13,Swisscom,false,false
1429799441923,17759745,2727,1,228,-106,13,Swisscom,true,false
1429799441923,157,2147483647,2147483647,2147483647,-107,13,Swisscom,false,false
1429799441923,151,2147483647,2147483647,2147483647,-109,13,Swisscom,false,false
1429799441923,57,2147483647,2147483647,2147483647,-111,13,Swisscom,false,false
1429799441923,260,2147483647,2147483647,2147483647,-112,13,Swisscom,false,false
1429799441923,150,2147483647,2147483647,2147483647,-114,13,Swisscom,false,false
1429799441923,237,2147483647,2147483647,2147483647,-115,13,Swisscom,false,false
1429799441923,68,2147483647,2147483647,2147483647,-113,13,Swisscom,false,false
1429799441923,2147483647,2147483647,2147483647,2147483647,-113,13,Swisscom,false,false
1429799441923,2147483647,2147483647,2147483647,2147483647,-113,13,Swisscom,false,false
1429799441923,2147483647,2147483647,2147483647,2147483647,-113,13,Swisscom,false,false
1429799441923,2147483647,2147483647,2147483647,2147483647,-113,13,Swisscom,false,false
1429799441923,2147483647,2147483647,2147483647,2147483647,-113,13,Swisscom,false,false
1429799441923,2147483647,2147483647,2147483647,2147483647,-113,13,Swisscom,false,false
1429799441923,2147483647,2147483647,2147483647,2147483647,-113,13,Swisscom,false,false
1429799441923,2147483647,2147483647,2147483647,2147483647,-113,13,Swisscom,false,false
1429799441923,2147483647,2147483647,2147483647,2147483647,0,13,Swisscom,false,false
1429799441923,2147483647,2147483647,2147483647,2147483647,0,13,Swisscom,false,false
1429799441923,2147483647,2147483647,2147483647,2147483647,0,13,Swisscom,false,false
1429799441923,2147483647,2147483647,2147483647,2147483647,0,13,Swisscom,false,false
1429799441923,2147483647,2147483647,2147483647,2147483647,0,13,Swisscom,false,false
1429799441923,2147483647,2147483647,2147483647,2147483647,0,13,Swisscom,false,false
1429799441923,2147483647,2147483647,2147483647,2147483647,0,13,Swisscom,false,false
1429799441923,2147483647,2147483647,2147483647,2147483647,0,13,Swisscom,false,false
1429799441923,2147483647,2147483647,2147483647,2147483647,0,13,Swisscom,false,false
1429799502094,17759747,2727,1,228,-94,13,Swisscom,true,false
1429799502094,223,2147483647,2147483647,2147483647,-93,13,Swisscom,false,false
1429799502094,57,2147483647,2147483647,2147483647,-102,13,Swisscom,false,false
1429799502094,2147483647,2147483647,2147483647,2147483647,-113,13,Swisscom,false,false
1429799502094,2147483647,2147483647,2147483647,2147483647,-113,13,Swisscom,false,false
1429799502094,2147483647,2147483647,2147483647,2147483647,-113,13,Swisscom,false,false
1429799502094,2147483647,2147483647,2147483647,2147483647,-113,13,Swisscom,false,false
1429799502094,2147483647,2147483647,2147483647,2147483647,-113,13,Swisscom,false,false
1429799502094,2147483647,2147483647,2147483647,2147483647,-113,13,Swisscom,false,false
1429799502094,2147483647,2147483647,2147483647,2147483647,-113,13,Swisscom,false,false
1429799502094,2147483647,2147483647,2147483647,2147483647,-113,13,Swisscom,false,false
1429799562209,17759747,2727,1,228,-108,13,Swisscom,true,false
1429799562209,32,2147483647,2147483647,2147483647,-106,13,Swisscom,false,false
1429799562209,96,2147483647,2147483647,2147483647,-106,13,Swisscom,false,false
1429799562209,2147483647,2147483647,2147483647,2147483647,-113,13,Swisscom,false,false
1429799562209,2147483647,2147483647,2147483647,2147483647,-113,13,Swisscom,false,false
1429799562209,2147483647,2147483647,2147483647,2147483647,-113,13,Swisscom,false,false
1429799562209,2147483647,2147483647,2147483647,2147483647,-113,13,Swisscom,false,false
1429799562209,2147483647,2147483647,2147483647,2147483647,-113,13,Swisscom,false,false
1429799562209,2147483647,2147483647,2147483647,2147483647,-113,13,Swisscom,false,false
1429799562209,2147483647,2147483647,2147483647,2147483647,-113,13,Swisscom,false,false
1429799562209,2147483647,2147483647,2147483647,2147483647,-113,13,Swisscom,false,false
1429799622434,17015553,2727,1,228,-91,13,Swisscom,true,false
1429799622434,260,2147483647,2147483647,2147483647,-101,13,Swisscom,false,false
1429799622434,67,2147483647,2147483647,2147483647,-95,13,Swisscom,false,false
1429799622434,201,2147483647,2147483647,2147483647,-105,13,Swisscom,false,false
1429799622434,56,2147483647,2147483647,2147483647,-128,13,Swisscom,false,false
1429799622434,24,2147483647,2147483647,2147483647,-103,13,Swisscom,false,false
1429799622434,31,2147483647,2147483647,2147483647,-116,13,Swisscom,false,false
1429799622434,2147483647,2147483647,2147483647,2147483647,-113,13,Swisscom,false,false
1429799622434,2147483647,2147483647,2147483647,2147483647,-113,13,Swisscom,false,false
1429799622434,2147483647,2147483647,2147483647,2147483647,-113,13,Swisscom,false,false
1429799622434,2147483647,2147483647,2147483647,2147483647,-113,13,Swisscom,false,false
1429799622434,2147483647,2147483647,2147483647,2147483647,-113,13,Swisscom,false,false
1429799622434,2147483647,2147483647,2147483647,2147483647,-113,13,Swisscom,false,false
1429799622434,2147483647,2147483647,2147483647,2147483647,-113,13,Swisscom,false,false
1429799622434,2147483647,2147483647,2147483647,2147483647,-113,13,Swisscom,false,false
1429799622434,2147483647,2147483647,2147483647,2147483647,-113,13,Swisscom,false,false
1429799622434,2147483647,2147483647,2147483647,2147483647,-113,13,Swisscom,false,false
1429799622434,2147483647,2147483647,2147483647,2147483647,-113,13,Swisscom,false,false
1429799622434,2147483647,2147483647,2147483647,2147483647,-113,13,Swisscom,false,false
1429799622434,2147483647,2147483647,2147483647,2147483647,0,13,Swisscom,false,false
1429799622434,2147483647,2147483647,2147483647,2147483647,0,13,Swisscom,false,false
1429799682553,17015553,2727,1,228,-101,13,Swisscom,true,false
1429799682553,201,2147483647,2147483647,2147483647,-105,13,Swisscom,false,false
1429799682553,260,2147483647,2147483647,2147483647,-104,13,Swisscom,false,false
1429799682553,2147483647,2147483647,2147483647,2147483647,-113,13,Swisscom,false,false
1429799682553,2147483647,2147483647,2147483647,2147483647,-113,13,Swisscom,false,false
1429799682553,2147483647,2147483647,2147483647,2147483647,-113,13,Swisscom,false,false
1429799682553,2147483647,2147483647,2147483647,2147483647,-113,13,Swisscom,false,false
1429799682553,2147483647,2147483647,2147483647,2147483647,-113,13,Swisscom,false,false
1429799682553,2147483647,2147483647,2147483647,2147483647,-113,13,Swisscom,false,false
1429799682553,2147483647,2147483647,2147483647,2147483647,-113,13,Swisscom,false,false
1429799682553,2147483647,2147483647,2147483647,2147483647,-113,13,Swisscom,false,false
1429799682553,2147483647,2147483647,2147483647,2147483647,-113,13,Swisscom,false,false
1429799682553,2147483647,2147483647,2147483647,2147483647,-113,13,Swisscom,false,false
1429799682553,2147483647,2147483647,2147483647,2147483647,-113,13,Swisscom,false,false
1429799682553,2147483647,2147483647,2147483647,2147483647,-113,13,Swisscom,false,false
1429799742737,17015553,2727,1,228,-101,13,Swisscom,true,false
1429799742737,260,2147483647,2147483647,2147483647,-100,13,Swisscom,false,false
1429799742737,201,2147483647,2147483647,2147483647,-107,13,Swisscom,false,false
1429799742737,2147483647,2147483647,2147483647,2147483647,-113,13,Swisscom,false,false
1429799742737,2147483647,2147483647,2147483647,2147483647,-113,13,Swisscom,false,false
1429799742737,2147483647,2147483647,2147483647,2147483647,-113,13,Swisscom,false,false
1429799742737,2147483647,2147483647,2147483647,2147483647,-113,13,Swisscom,false,false
1429799742737,2147483647,2147483647,2147483647,2147483647,-113,13,Swisscom,false,false
1429799742737,2147483647,2147483647,2147483647,2147483647,-113,13,Swisscom,false,false
1429799742737,2147483647,2147483647,2147483647,2147483647,-113,13,Swisscom,false,false
1429799742737,2147483647,2147483647,2147483647,2147483647,-113,13,Swisscom,false,false
1429799742737,2147483647,2147483647,2147483647,2147483647,-113,13,Swisscom,false,false
1429799742737,2147483647,2147483647,2147483647,2147483647,-113,13,Swisscom,false,false
1429799742737,2147483647,2147483647,2147483647,2147483647,-113,13,Swisscom,false,false
1429799742737,2147483647,2147483647,2147483647,2147483647,-113,13,Swisscom,false,false
1429799802730,16946947,2727,1,228,-99,13,Swisscom,true,false
1429799802730,258,2147483647,2147483647,2147483647,-102,13,Swisscom,false,false
1429799802730,201,2147483647,2147483647,2147483647,-100,13,Swisscom,false,false
1429799862879,16946946,2727,1,228,-108,13,Swisscom,true,false
1429799862879,243,2147483647,2147483647,2147483647,-109,13,Swisscom,false,false
1429799862879,258,2147483647,2147483647,2147483647,-105,13,Swisscom,false,false
1429799862879,260,2147483647,2147483647,2147483647,-115,13,Swisscom,false,false
1429799922890,17009665,2727,1,228,-93,13,Swisscom,true,false
1429799922890,201,2147483647,2147483647,2147483647,-97,13,Swisscom,false,false
1429799922890,259,2147483647,2147483647,2147483647,-95,13,Swisscom,false,false
1429799922890,2147483647,2147483647,2147483647,2147483647,-113,13,Swisscom,false,false
1429799922890,2147483647,2147483647,2147483647,2147483647,-113,13,Swisscom,false,false
1429799922890,2147483647,2147483647,2147483647,2147483647,-113,13,Swisscom,false,false
1429799922890,2147483647,2147483647,2147483647,2147483647,-113,13,Swisscom,false,false
1429799922890,2147483647,2147483647,2147483647,2147483647,-113,13,Swisscom,false,false
1429799922890,2147483647,2147483647,2147483647,2147483647,-113,13,Swisscom,false,false
1429799922890,2147483647,2147483647,2147483647,2147483647,-113,13,Swisscom,false,false
1429799922890,2147483647,2147483647,2147483647,2147483647,-113,13,Swisscom,false,false
1429799922890,2147483647,2147483647,2147483647,2147483647,-113,13,Swisscom,false,false
1429799922890,2147483647,2147483647,2147483647,2147483647,-113,13,Swisscom,false,false
1429799922890,2147483647,2147483647,2147483647,2147483647,-113,13,Swisscom,false,false
1429799922890,2147483647,2147483647,2147483647,2147483647,-113,13,Swisscom,false,false
1429799982965,17009665,2727,1,228,-101,13,Swisscom,true,false
1429800046673,17009665,2727,1,228,-98,13,Swisscom,true,false
1429800106732,17009665,2727,1,228,-88,13,Swisscom,true,false
1429800172145,17009665,2727,1,228,-100,13,Swisscom,true,false
1429800172145,259,2147483647,2147483647,2147483647,-103,13,Swisscom,false,false
1429800172145,2147483647,2147483647,2147483647,2147483647,-113,13,Swisscom,false,false
1429800172145,2147483647,2147483647,2147483647,2147483647,-113,13,Swisscom,false,false
1429800172145,2147483647,2147483647,2147483647,2147483647,-113,13,Swisscom,false,false
1429800172145,2147483647,2147483647,2147483647,2147483647,-113,13,Swisscom,false,false
1429800172145,2147483647,2147483647,2147483647,2147483647,-113,13,Swisscom,false,false
1429800172145,2147483647,2147483647,2147483647,2147483647,-113,13,Swisscom,false,false
1429800172145,2147483647,2147483647,2147483647,2147483647,-113,13,Swisscom,false,false
1429800172145,2147483647,2147483647,2147483647,2147483647,-113,13,Swisscom,false,false
1429800172145,2147483647,2147483647,2147483647,2147483647,-113,13,Swisscom,false,false
1429800172145,2147483647,2147483647,2147483647,2147483647,-113,13,Swisscom,false,false
1429800172145,2147483647,2147483647,2147483647,2147483647,-113,13,Swisscom,false,false
1429800172145,2147483647,2147483647,2147483647,2147483647,-113,13,Swisscom,false,false
1429800232404,17009665,2727,1,228,-95,13,Swisscom,true,false
1429800232404,2147483647,2147483647,2147483647,2147483647,-113,13,Swisscom,false,false
1429800232404,2147483647,2147483647,2147483647,2147483647,-113,13,Swisscom,false,false
1429800232404,2147483647,2147483647,2147483647,2147483647,-113,13,Swisscom,false,false
1429800232404,2147483647,2147483647,2147483647,2147483647,-113,13,Swisscom,false,false
1429800232404,2147483647,2147483647,2147483647,2147483647,-113,13,Swisscom,false,false
1429800232404,2147483647,2147483647,2147483647,2147483647,-113,13,Swisscom,false,false
1429800232404,2147483647,2147483647,2147483647,2147483647,-113,13,Swisscom,false,false
1429800232404,2147483647,2147483647,2147483647,2147483647,-113,13,Swisscom,false,false
1429800232404,2147483647,2147483647,2147483647,2147483647,-113,13,Swisscom,false,false
1429800232404,2147483647,2147483647,2147483647,2147483647,-113,13,Swisscom,false,false
1429800232404,2147483647,2147483647,2147483647,2147483647,-113,13,Swisscom,false,false
1429800232404,2147483647,2147483647,2147483647,2147483647,-113,13,Swisscom,false,false
1429800292639,17262338,2727,1,228,-91,13,Swisscom,true,false
1429800292639,2147483647,2147483647,2147483647,2147483647,-113,13,Swisscom,false,false
1429800292639,2147483647,2147483647,2147483647,2147483647,-113,13,Swisscom,false,false
1429800292639,2147483647,2147483647,2147483647,2147483647,-113,13,Swisscom,false,false
1429800292639,2147483647,2147483647,2147483647,2147483647,-113,13,Swisscom,false,false
1429800292639,2147483647,2147483647,2147483647,2147483647,-113,13,Swisscom,false,false
1429800292639,2147483647,2147483647,2147483647,2147483647,-113,13,Swisscom,false,false
1429800292639,2147483647,2147483647,2147483647,2147483647,-113,13,Swisscom,false,false
1429800292639,2147483647,2147483647,2147483647,2147483647,-113,13,Swisscom,false,false
1429800292639,2147483647,2147483647,2147483647,2147483647,-113,13,Swisscom,false,false
1429800292639,2147483647,2147483647,2147483647,2147483647,-113,13,Swisscom,false,false
1429800292639,2147483647,2147483647,2147483647,2147483647,-113,13,Swisscom,false,false
1429800292639,2147483647,2147483647,2147483647,2147483647,-113,13,Swisscom,false,false
1429800292639,2147483647,2147483647,2147483647,2147483647,-113,13,Swisscom,false,false
1429800292639,2147483647,2147483647,2147483647,2147483647,-113,13,Swisscom,false,false
1429800292639,2147483647,2147483647,2147483647,2147483647,-113,13,Swisscom,false,false
1429800352876,17739010,4242,1,228,-92,13,Swisscom,true,false
1429800352876,337,2147483647,2147483647,2147483647,-112,13,Swisscom,false,false
1429800352876,2147483647,2147483647,2147483647,2147483647,-113,13,Swisscom,false,false
1429800352876,2147483647,2147483647,2147483647,2147483647,-113,13,Swisscom,false,false
1429800352876,2147483647,2147483647,2147483647,2147483647,-113,13,Swisscom,false,false
1429800352876,2147483647,2147483647,2147483647,2147483647,-113,13,Swisscom,false,false
1429800352876,2147483647,2147483647,2147483647,2147483647,-113,13,Swisscom,false,false
1429800352876,2147483647,2147483647,2147483647,2147483647,-113,13,Swisscom,false,false
1429800352876,2147483647,2147483647,2147483647,2147483647,-113,13,Swisscom,false,false
1429800352876,2147483647,2147483647,2147483647,2147483647,-113,13,Swisscom,false,false
1429800352876,2147483647,2147483647,2147483647,2147483647,-113,13,Swisscom,false,false
1429800352876,2147483647,2147483647,2147483647,2147483647,-113,13,Swisscom,false,false
1429800352876,2147483647,2147483647,2147483647,2147483647,-113,13,Swisscom,false,false
1429800352876,2147483647,2147483647,2147483647,2147483647,-113,13,Swisscom,false,false
1429800352876,2147483647,2147483647,2147483647,2147483647,0,13,Swisscom,false,false
1429800352876,2147483647,2147483647,2147483647,2147483647,0,13,Swisscom,false,false
1429800413059,17061890,4242,1,228,-119,13,Swisscom,true,false
1429800413059,103,2147483647,2147483647,2147483647,-107,13,Swisscom,false,false
1429800413059,2147483647,2147483647,2147483647,2147483647,-113,13,Swisscom,false,false
1429800413059,2147483647,2147483647,2147483647,2147483647,-113,13,Swisscom,false,false
1429800413059,2147483647,2147483647,2147483647,2147483647,-113,13,Swisscom,false,false
1429800413059,2147483647,2147483647,2147483647,2147483647,-113,13,Swisscom,false,false
1429800413059,2147483647,2147483647,2147483647,2147483647,-113,13,Swisscom,false,false
1429800413059,2147483647,2147483647,2147483647,2147483647,-113,13,Swisscom,false,false
1429800413059,2147483647,2147483647,2147483647,2147483647,-113,13,Swisscom,false,false
1429800413059,2147483647,2147483647,2147483647,2147483647,-113,13,Swisscom,false,false
1429800413059,2147483647,2147483647,2147483647,2147483647,-113,13,Swisscom,false,false
1429800413059,2147483647,2147483647,2147483647,2147483647,-113,13,Swisscom,false,false
1429800413059,2147483647,2147483647,2147483647,2147483647,-113,13,Swisscom,false,false
1429800413059,2147483647,2147483647,2147483647,2147483647,-113,13,Swisscom,false,false
1429800413059,2147483647,2147483647,2147483647,2147483647,-113,13,Swisscom,false,false
1429800413059,2147483647,2147483647,2147483647,2147483647,-113,13,Swisscom,false,false
1429800413059,2147483647,2147483647,2147483647,2147483647,-113,13,Swisscom,false,false
1429800413059,2147483647,2147483647,2147483647,2147483647,0,13,Swisscom,false,false
1429800413059,2147483647,2147483647,2147483647,2147483647,0,13,Swisscom,false,false
1429800473252,17064961,4242,1,228,-93,13,Swisscom,true,false
1429800473252,173,2147483647,2147483647,2147483647,-110,13,Swisscom,false,false
1429800473252,2147483647,2147483647,2147483647,2147483647,-113,13,Swisscom,false,false
1429800473252,2147483647,2147483647,2147483647,2147483647,-113,13,Swisscom,false,false
1429800473252,2147483647,2147483647,2147483647,2147483647,-113,13,Swisscom,false,false
1429800473252,2147483647,2147483647,2147483647,2147483647,-113,13,Swisscom,false,false
1429800473252,2147483647,2147483647,2147483647,2147483647,-113,13,Swisscom,false,false
1429800473252,2147483647,2147483647,2147483647,2147483647,-113,13,Swisscom,false,false
1429800473252,2147483647,2147483647,2147483647,2147483647,-113,13,Swisscom,false,false
1429800473252,2147483647,2147483647,2147483647,2147483647,-113,13,Swisscom,false,false
1429800473252,2147483647,2147483647,2147483647,2147483647,-113,13,Swisscom,false,false
1429800473252,2147483647,2147483647,2147483647,2147483647,-113,13,Swisscom,false,false
1429800473252,2147483647,2147483647,2147483647,2147483647,-113,13,Swisscom,false,false
1429800473252,2147483647,2147483647,2147483647,2147483647,-113,13,Swisscom,false,false
1429800473252,2147483647,2147483647,2147483647,2147483647,-113,13,Swisscom,false,false
1429800473252,2147483647,2147483647,2147483647,2147483647,-113,13,Swisscom,false,false
1429800473252,2147483647,2147483647,2147483647,2147483647,-113,13,Swisscom,false,false
1429800533531,17064706,4242,1,228,-103,13,Swisscom,true,false
1429800533531,141,2147483647,2147483647,2147483647,-107,13,Swisscom,false,false
1429800533531,212,2147483647,2147483647,2147483647,-105,13,Swisscom,false,false
1429800533531,341,2147483647,2147483647,2147483647,-105,13,Swisscom,false,false
1429800533531,2147483647,2147483647,2147483647,2147483647,-113,13,Swisscom,false,false
1429800533531,2147483647,2147483647,2147483647,2147483647,-113,13,Swisscom,false,false
1429800533531,2147483647,2147483647,2147483647,2147483647,-113,13,Swisscom,false,false
1429800533531,2147483647,2147483647,2147483647,2147483647,-113,13,Swisscom,false,false
1429800533531,2147483647,2147483647,2147483647,2147483647,-113,13,Swisscom,false,false
1429800533531,2147483647,2147483647,2147483647,2147483647,-113,13,Swisscom,false,false
1429800533531,2147483647,2147483647,2147483647,2147483647,-113,13,Swisscom,false,false
1429800533531,2147483647,2147483647,2147483647,2147483647,-113,13,Swisscom,false,false
1429800533531,2147483647,2147483647,2147483647,2147483647,-113,13,Swisscom,false,false
1429800533531,2147483647,2147483647,2147483647,2147483647,-113,13,Swisscom,false,false
1429800533531,2147483647,2147483647,2147483647,2147483647,-113,13,Swisscom,false,false
1429800533531,2147483647,2147483647,2147483647,2147483647,-113,13,Swisscom,false,false
1429800533531,2147483647,2147483647,2147483647,2147483647,-113,13,Swisscom,false,false
1429800533531,2147483647,2147483647,2147483647,2147483647,-113,13,Swisscom,false,false
1429800533531,2147483647,2147483647,2147483647,2147483647,-113,13,Swisscom,false,false
1429800533531,2147483647,2147483647,2147483647,2147483647,0,13,Swisscom,false,false
1429800533531,2147483647,2147483647,2147483647,2147483647,0,13,Swisscom,false,false
1429800593724,17064449,4242,1,228,-89,13,Swisscom,true,false
1429800593724,2147483647,2147483647,2147483647,2147483647,-113,13,Swisscom,false,false
1429800593724,2147483647,2147483647,2147483647,2147483647,-113,13,Swisscom,false,false
1429800593724,2147483647,2147483647,2147483647,2147483647,-113,13,Swisscom,false,false
1429800593724,2147483647,2147483647,2147483647,2147483647,-113,13,Swisscom,false,false
1429800593724,2147483647,2147483647,2147483647,2147483647,-113,13,Swisscom,false,false
1429800593724,2147483647,2147483647,2147483647,2147483647,-113,13,Swisscom,false,false
1429800593724,2147483647,2147483647,2147483647,2147483647,-113,13,Swisscom,false,false
1429800593724,2147483647,2147483647,2147483647,2147483647,-113,13,Swisscom,false,false
1429800593724,2147483647,2147483647,2147483647,2147483647,-113,13,Swisscom,false,false
1429800593724,2147483647,2147483647,2147483647,2147483647,-113,13,Swisscom,false,false
1429800593724,2147483647,2147483647,2147483647,2147483647,-113,13,Swisscom,false,false
1429800593724,2147483647,2147483647,2147483647,2147483647,-113,13,Swisscom,false,false
1429800593724,2147483647,2147483647,2147483647,2147483647,-113,13,Swisscom,false,false
1429800593724,2147483647,2147483647,2147483647,2147483647,-113,13,Swisscom,false,false
1429800593724,2147483647,2147483647,2147483647,2147483647,-113,13,Swisscom,false,false
1429800593724,2147483647,2147483647,2147483647,2147483647,0,13,Swisscom,false,false
1429800653944,17033473,4242,1,228,-105,13,Swisscom,true,false
1429800653944,175,2147483647,2147483647,2147483647,-94,13,Swisscom,false,false
1429800653944,2147483647,2147483647,2147483647,2147483647,-109,13,Swisscom,false,false
1429800653944,2147483647,2147483647,2147483647,2147483647,-113,13,Swisscom,false,false
1429800653944,2147483647,2147483647,2147483647,2147483647,-109,13,Swisscom,false,false
1429800653944,2147483647,2147483647,2147483647,2147483647,-107,13,Swisscom,false,false
1429800653944,2147483647,2147483647,2147483647,2147483647,-105,13,Swisscom,false,false
1429800653944,2147483647,2147483647,2147483647,2147483647,-105,13,Swisscom,false,false
1429800653944,2147483647,2147483647,2147483647,2147483647,-107,13,Swisscom,false,false
1429800653944,2147483647,2147483647,2147483647,2147483647,-113,13,Swisscom,false,false
1429800653944,2147483647,2147483647,2147483647,2147483647,-113,13,Swisscom,false,false
1429800653944,2147483647,2147483647,2147483647,2147483647,-113,13,Swisscom,false,false
1429800653944,2147483647,2147483647,2147483647,2147483647,-113,13,Swisscom,false,false
1429800653944,2147483647,2147483647,2147483647,2147483647,-113,13,Swisscom,false,false
1429800653944,2147483647,2147483647,2147483647,2147483647,-113,13,Swisscom,false,false
1429800653944,2147483647,2147483647,2147483647,2147483647,-113,13,Swisscom,false,false
1429800653944,2147483647,2147483647,2147483647,2147483647,-113,13,Swisscom,false,false
1429800653944,2147483647,2147483647,2147483647,2147483647,-113,13,Swisscom,false,false
1429800653944,2147483647,2147483647,2147483647,2147483647,0,13,Swisscom,false,false
1429800653944,2147483647,2147483647,2147483647,2147483647,0,13,Swisscom,false,false
1429800653944,2147483647,2147483647,2147483647,2147483647,0,13,Swisscom,false,false
1429800713997,17081602,4242,1,228,-96,13,Swisscom,true,false
1429800713997,133,2147483647,2147483647,2147483647,-94,13,Swisscom,false,false
1429800779297,17080321,4242,1,228,-95,13,Swisscom,true,false
1429800779297,173,2147483647,2147483647,2147483647,-97,13,Swisscom,false,false
1429800779297,204,2147483647,2147483647,2147483647,-106,13,Swisscom,false,false
1429800839324,17082626,4242,1,228,-91,13,Swisscom,true,false
1429800839324,154,2147483647,2147483647,2147483647,-92,13,Swisscom,false,false
1429800839324,108,2147483647,2147483647,2147483647,-100,13,Swisscom,false,false
1429800900643,16936962,4242,1,228,-87,13,Swisscom,true,false
1429800900643,201,2147483647,2147483647,2147483647,-100,13,Swisscom,false,false
1429800900643,170,2147483647,2147483647,2147483647,-102,13,Swisscom,false,false
1429800900643,2147483647,2147483647,2147483647,2147483647,-113,13,Swisscom,false,false
1429800900643,2147483647,2147483647,2147483647,2147483647,-113,13,Swisscom,false,false
1429800900643,2147483647,2147483647,2147483647,2147483647,-113,13,Swisscom,false,false
1429800900643,2147483647,2147483647,2147483647,2147483647,-113,13,Swisscom,false,false
1429800900643,2147483647,2147483647,2147483647,2147483647,-113,13,Swisscom,false,false
1429800900643,2147483647,2147483647,2147483647,2147483647,-113,13,Swisscom,false,false
1429800900643,2147483647,2147483647,2147483647,2147483647,-113,13,Swisscom,false,false
1429800900643,2147483647,2147483647,2147483647,2147483647,-113,13,Swisscom,false,false
1429800900643,2147483647,2147483647,2147483647,2147483647,-113,13,Swisscom,false,false
1429800900643,2147483647,2147483647,2147483647,2147483647,-113,13,Swisscom,false,false
1429800900643,2147483647,2147483647,2147483647,2147483647,-113,13,Swisscom,false,false
1429800900643,2147483647,2147483647,2147483647,2147483647,-113,13,Swisscom,false,false
1429800900643,2147483647,2147483647,2147483647,2147483647,-113,13,Swisscom,false,false
1429800900643,2147483647,2147483647,2147483647,2147483647,-113,13,Swisscom,false,false
1429800900643,2147483647,2147483647,2147483647,2147483647,-113,13,Swisscom,false,false
1429800960688,17085699,4242,1,228,-87,13,Swisscom,true,false
1429800960688,205,2147483647,2147483647,2147483647,-113,13,Swisscom,false,false
1429800960688,2147483647,2147483647,2147483647,2147483647,-113,13,Swisscom,false,false
1429800960688,2147483647,2147483647,2147483647,2147483647,-113,13,Swisscom,false,false
1429800960688,2147483647,2147483647,2147483647,2147483647,-113,13,Swisscom,false,false
1429800960688,2147483647,2147483647,2147483647,2147483647,-113,13,Swisscom,false,false
1429800960688,2147483647,2147483647,2147483647,2147483647,-113,13,Swisscom,false,false
1429800960688,2147483647,2147483647,2147483647,2147483647,-113,13,Swisscom,false,false
1429800960688,2147483647,2147483647,2147483647,2147483647,-113,13,Swisscom,false,false
1429800960688,2147483647,2147483647,2147483647,2147483647,-113,13,Swisscom,false,false
1429800960688,2147483647,2147483647,2147483647,2147483647,-113,13,Swisscom,false,false
1429800960688,2147483647,2147483647,2147483647,2147483647,-113,13,Swisscom,false,false
1429800960688,2147483647,2147483647,2147483647,2147483647,-113,13,Swisscom,false,false
1429800960688,2147483647,2147483647,2147483647,2147483647,-113,13,Swisscom,false,false
1429800960688,2147483647,2147483647,2147483647,2147483647,-113,13,Swisscom,false,false
1429800960688,2147483647,2147483647,2147483647,2147483647,-113,13,Swisscom,false,false
1429800960688,2147483647,2147483647,2147483647,2147483647,-113,13,Swisscom,false,false
1429801024971,17037826,4242,1,228,-110,13,Swisscom,true,false
1429801024971,26,2147483647,2147483647,2147483647,-83,13,Swisscom,false,false
1429801024971,2147483647,2147483647,2147483647,2147483647,-113,13,Swisscom,false,false
1429801024971,2147483647,2147483647,2147483647,2147483647,-113,13,Swisscom,false,false
1429801024971,2147483647,2147483647,2147483647,2147483647,-113,13,Swisscom,false,false
1429801024971,2147483647,2147483647,2147483647,2147483647,-113,13,Swisscom,false,false
1429801024971,2147483647,2147483647,2147483647,2147483647,-113,13,Swisscom,false,false
1429801024971,2147483647,2147483647,2147483647,2147483647,-113,13,Swisscom,false,false
1429801024971,2147483647,2147483647,2147483647,2147483647,-113,13,Swisscom,false,false
1429801024971,2147483647,2147483647,2147483647,2147483647,-113,13,Swisscom,false,false
1429801024971,2147483647,2147483647,2147483647,2147483647,-113,13,Swisscom,false,false
1429801024971,2147483647,2147483647,2147483647,2147483647,-113,13,Swisscom,false,false
1429801024971,2147483647,2147483647,2147483647,2147483647,-113,13,Swisscom,false,false
1429801024971,2147483647,2147483647,2147483647,2147483647,-113,13,Swisscom,false,false
1429801024971,2147483647,2147483647,2147483647,2147483647,-113,13,Swisscom,false,false
1429801024971,2147483647,2147483647,2147483647,2147483647,-113,13,Swisscom,false,false
1429801024971,2147483647,2147483647,2147483647,2147483647,-113,13,Swisscom,false,false
1429801024971,2147483647,2147483647,2147483647,2147483647,0,13,Swisscom,false,false
1429801024971,2147483647,2147483647,2147483647,2147483647,0,13,Swisscom,false,false
1429801085218,17082113,4242,1,228,-88,13,Swisscom,true,false
1429801085218,203,2147483647,2147483647,2147483647,-94,13,Swisscom,false,false
1429801085218,2147483647,2147483647,2147483647,2147483647,-113,13,Swisscom,false,false
1429801085218,2147483647,2147483647,2147483647,2147483647,-113,13,Swisscom,false,false
1429801085218,2147483647,2147483647,2147483647,2147483647,-113,13,Swisscom,false,false
1429801085218,2147483647,2147483647,2147483647,2147483647,-113,13,Swisscom,false,false
1429801085218,2147483647,2147483647,2147483647,2147483647,-113,13,Swisscom,false,false
1429801085218,2147483647,2147483647,2147483647,2147483647,-113,13,Swisscom,false,false
1429801085218,2147483647,2147483647,2147483647,2147483647,-113,13,Swisscom,false,false
1429801085218,2147483647,2147483647,2147483647,2147483647,-113,13,Swisscom,false,false
1429801085218,2147483647,2147483647,2147483647,2147483647,-113,13,Swisscom,false,false
1429801085218,2147483647,2147483647,2147483647,2147483647,-113,13,Swisscom,false,false
1429801085218,2147483647,2147483647,2147483647,2147483647,-113,13,Swisscom,false,false
1429801085218,2147483647,2147483647,2147483647,2147483647,-113,13,Swisscom,false,false
1429801085218,2147483647,2147483647,2147483647,2147483647,0,13,Swisscom,false,false
1429801085218,2147483647,2147483647,2147483647,2147483647,0,13,Swisscom,false,false
1429801145404,17046530,101,1,228,-90,13,Swisscom,true,false
1429801145404,104,2147483647,2147483647,2147483647,-97,13,Swisscom,false,false
1429801145404,137,2147483647,2147483647,2147483647,-96,13,Swisscom,false,false
1429801145404,2147483647,2147483647,2147483647,2147483647,-113,13,Swisscom,false,false
1429801145404,2147483647,2147483647,2147483647,2147483647,-113,13,Swisscom,false,false
1429801145404,2147483647,2147483647,2147483647,2147483647,-113,13,Swisscom,false,false
1429801145404,2147483647,2147483647,2147483647,2147483647,-113,13,Swisscom,false,false
1429801145404,2147483647,2147483647,2147483647,2147483647,-113,13,Swisscom,false,false
1429801145404,2147483647,2147483647,2147483647,2147483647,-113,13,Swisscom,false,false
1429801145404,2147483647,2147483647,2147483647,2147483647,-113,13,Swisscom,false,false
1429801145404,2147483647,2147483647,2147483647,2147483647,-113,13,Swisscom,false,false
1429801145404,2147483647,2147483647,2147483647,2147483647,-113,13,Swisscom,false,false
1429801145404,2147483647,2147483647,2147483647,2147483647,-113,13,Swisscom,false,false
1429801145404,2147483647,2147483647,2147483647,2147483647,-113,13,Swisscom,false,false
1429801145404,2147483647,2147483647,2147483647,2147483647,-113,13,Swisscom,false,false
1429801205434,17056001,101,1,228,-92,13,Swisscom,true,false
1429801205434,46,2147483647,2147483647,2147483647,-98,13,Swisscom,false,false
1429801270691,17112323,101,1,228,-93,13,Swisscom,true,false
1429801270691,152,2147483647,2147483647,2147483647,-122,13,Swisscom,false,false
1429801270691,2147483647,2147483647,2147483647,2147483647,-113,13,Swisscom,false,false
1429801270691,2147483647,2147483647,2147483647,2147483647,-113,13,Swisscom,false,false
1429801270691,2147483647,2147483647,2147483647,2147483647,-113,13,Swisscom,false,false
1429801270691,2147483647,2147483647,2147483647,2147483647,-113,13,Swisscom,false,false
1429801270691,2147483647,2147483647,2147483647,2147483647,-113,13,Swisscom,false,false
1429801270691,2147483647,2147483647,2147483647,2147483647,-113,13,Swisscom,false,false
1429801270691,2147483647,2147483647,2147483647,2147483647,-113,13,Swisscom,false,false
1429801270691,2147483647,2147483647,2147483647,2147483647,-113,13,Swisscom,false,false
1429801270691,2147483647,2147483647,2147483647,2147483647,-113,13,Swisscom,false,false
1429801270691,2147483647,2147483647,2147483647,2147483647,-113,13,Swisscom,false,false
1429801270691,2147483647,2147483647,2147483647,2147483647,-113,13,Swisscom,false,false
1429801270691,2147483647,2147483647,2147483647,2147483647,-113,13,Swisscom,false,false
1429801270691,2147483647,2147483647,2147483647,2147483647,-113,13,Swisscom,false,false
1429801270691,2147483647,2147483647,2147483647,2147483647,-113,13,Swisscom,false,false
1429801270691,2147483647,2147483647,2147483647,2147483647,-113,13,Swisscom,false,false
1429801270691,2147483647,2147483647,2147483647,2147483647,0,13,Swisscom,false,false
1429801330923,17046018,101,1,228,-93,13,Swisscom,true,false
1429801330923,334,2147483647,2147483647,2147483647,-101,13,Swisscom,false,false
1429801330923,154,2147483647,2147483647,2147483647,-100,13,Swisscom,false,false
1429801330923,162,2147483647,2147483647,2147483647,-104,13,Swisscom,false,false
1429801330923,2147483647,2147483647,2147483647,2147483647,-113,13,Swisscom,false,false
1429801330923,2147483647,2147483647,2147483647,2147483647,-113,13,Swisscom,false,false
1429801330923,2147483647,2147483647,2147483647,2147483647,-113,13,Swisscom,false,false
1429801330923,2147483647,2147483647,2147483647,2147483647,-113,13,Swisscom,false,false
1429801330923,2147483647,2147483647,2147483647,2147483647,-113,13,Swisscom,false,false
1429801330923,2147483647,2147483647,2147483647,2147483647,-113,13,Swisscom,false,false
1429801330923,2147483647,2147483647,2147483647,2147483647,-113,13,Swisscom,false,false
1429801330923,2147483647,2147483647,2147483647,2147483647,-113,13,Swisscom,false,false
1429801330923,2147483647,2147483647,2147483647,2147483647,-113,13,Swisscom,false,false
1429801330923,2147483647,2147483647,2147483647,2147483647,-113,13,Swisscom,false,false
1429801330923,2147483647,2147483647,2147483647,2147483647,-113,13,Swisscom,false,false
1429801330923,2147483647,2147483647,2147483647,2147483647,-113,13,Swisscom,false,false
1429801330923,2147483647,2147483647,2147483647,2147483647,0,13,Swisscom,false,false
1429801330923,2147483647,2147483647,2147483647,2147483647,0,13,Swisscom,false,false
1429801330923,2147483647,2147483647,2147483647,2147483647,0,13,Swisscom,false,false
1429801330923,2147483647,2147483647,2147483647,2147483647,0,13,Swisscom,false,false
1429801391178,17259778,101,1,228,-89,13,Swisscom,true,false
1429801391178,66,2147483647,2147483647,2147483647,-105,13,Swisscom,false,false
1429801391178,154,2147483647,2147483647,2147483647,-93,13,Swisscom,false,false
1429801391178,167,2147483647,2147483647,2147483647,-98,13,Swisscom,false,false
1429801391178,2147483647,2147483647,2147483647,2147483647,-113,13,Swisscom,false,false
1429801391178,2147483647,2147483647,2147483647,2147483647,-113,13,Swisscom,false,false
1429801391178,2147483647,2147483647,2147483647,2147483647,-113,13,Swisscom,false,false
1429801391178,2147483647,2147483647,2147483647,2147483647,-113,13,Swisscom,false,false
1429801391178,2147483647,2147483647,2147483647,2147483647,-113,13,Swisscom,false,false
1429801391178,2147483647,2147483647,2147483647,2147483647,-113,13,Swisscom,false,false
1429801391178,2147483647,2147483647,2147483647,2147483647,-113,13,Swisscom,false,false
1429801391178,2147483647,2147483647,2147483647,2147483647,-113,13,Swisscom,false,false
1429801391178,2147483647,2147483647,2147483647,2147483647,-113,13,Swisscom,false,false
1429801391178,2147483647,2147483647,2147483647,2147483647,-113,13,Swisscom,false,false
1429801391178,2147483647,2147483647,2147483647,2147483647,-113,13,Swisscom,false,false
1429801391178,2147483647,2147483647,2147483647,2147483647,-113,13,Swisscom,false,false
1429801451517,17111297,101,1,228,-92,13,Swisscom,true,false
1429801451517,154,2147483647,2147483647,2147483647,-93,13,Swisscom,false,false
1429801451517,351,2147483647,2147483647,2147483647,-95,13,Swisscom,false,false
1429801451517,98,2147483647,2147483647,2147483647,-95,13,Swisscom,false,false
1429801451517,167,2147483647,2147483647,2147483647,-115,13,Swisscom,false,false
1429801511863,17057794,101,1,228,-88,13,Swisscom,true,false
1429801511863,107,2147483647,2147483647,2147483647,-99,13,Swisscom,false,false
1429801511863,96,2147483647,2147483647,2147483647,-122,13,Swisscom,false,false
1429801511863,36,2147483647,2147483647,2147483647,-126,13,Swisscom,false,false
1429801511863,2147483647,2147483647,2147483647,2147483647,-113,13,Swisscom,false,false
1429801511863,2147483647,2147483647,2147483647,2147483647,-113,13,Swisscom,false,false
1429801511863,2147483647,2147483647,2147483647,2147483647,-113,13,Swisscom,false,false
1429801511863,2147483647,2147483647,2147483647,2147483647,-113,13,Swisscom,false,false
1429801511863,2147483647,2147483647,2147483647,2147483647,-113,13,Swisscom,false,false
1429801511863,2147483647,2147483647,2147483647,2147483647,-113,13,Swisscom,false,false
1429801511863,2147483647,2147483647,2147483647,2147483647,-113,13,Swisscom,false,false
1429801511863,2147483647,2147483647,2147483647,2147483647,-113,13,Swisscom,false,false
1429801511863,2147483647,2147483647,2147483647,2147483647,-113,13,Swisscom,false,false
1429801511863,2147483647,2147483647,2147483647,2147483647,-113,13,Swisscom,false,false
1429801511863,2147483647,2147483647,2147483647,2147483647,-113,13,Swisscom,false,false
1429801511863,2147483647,2147483647,2147483647,2147483647,-113,13,Swisscom,false,false
1429801511863,2147483647,2147483647,2147483647,2147483647,0,13,Swisscom,false,false
1429801511863,2147483647,2147483647,2147483647,2147483647,0,13,Swisscom,false,false
1429801572137,17029378,101,1,228,-99,13,Swisscom,true,false
1429801572137,197,2147483647,2147483647,2147483647,-106,13,Swisscom,false,false
1429801572137,205,2147483647,2147483647,2147483647,-107,13,Swisscom,false,false
1429801572137,67,2147483647,2147483647,2147483647,-107,13,Swisscom,false,false
1429801572137,48,2147483647,2147483647,2147483647,-107,13,Swisscom,false,false
1429801572137,2147483647,2147483647,2147483647,2147483647,-113,13,Swisscom,false,false
1429801572137,2147483647,2147483647,2147483647,2147483647,-113,13,Swisscom,false,false
1429801572137,2147483647,2147483647,2147483647,2147483647,-113,13,Swisscom,false,false
1429801572137,2147483647,2147483647,2147483647,2147483647,-113,13,Swisscom,false,false
1429801572137,2147483647,2147483647,2147483647,2147483647,-113,13,Swisscom,false,false
1429801572137,2147483647,2147483647,2147483647,2147483647,-113,13,Swisscom,false,false
1429801572137,2147483647,2147483647,2147483647,2147483647,-113,13,Swisscom,false,false
1429801572137,2147483647,2147483647,2147483647,2147483647,-113,13,Swisscom,false,false
1429801572137,2147483647,2147483647,2147483647,2147483647,-113,13,Swisscom,false,false
1429801572137,2147483647,2147483647,2147483647,2147483647,-113,13,Swisscom,false,false
1429801572137,2147483647,2147483647,2147483647,2147483647,-113,13,Swisscom,false,false
1429801572137,2147483647,2147483647,2147483647,2147483647,-113,13,Swisscom,false,false
1429801572137,2147483647,2147483647,2147483647,2147483647,0,13,Swisscom,false,false
1429801572137,2147483647,2147483647,2147483647,2147483647,0,13,Swisscom,false,false
1429801572137,2147483647,2147483647,2147483647,2147483647,0,13,Swisscom,false,false
1429801572137,2147483647,2147483647,2147483647,2147483647,0,13,Swisscom,false,false
1429801572137,2147483647,2147483647,2147483647,2147483647,0,13,Swisscom,false,false
1429801632172,17112065,101,1,228,-99,13,Swisscom,true,false
1429801632172,341,2147483647,2147483647,2147483647,-98,13,Swisscom,false,false
1429801632172,15,2147483647,2147483647,2147483647,-100,13,Swisscom,false,false
1429801632172,340,2147483647,2147483647,2147483647,-100,13,Swisscom,false,false
1429801697443,17024003,101,1,228,-103,13,Swisscom,true,false
1429801697443,339,2147483647,2147483647,2147483647,-113,13,Swisscom,false,false
1429801697443,157,2147483647,2147483647,2147483647,-111,13,Swisscom,false,false
1429801697443,176,2147483647,2147483647,2147483647,-110,13,Swisscom,false,false
1429801697443,222,2147483647,2147483647,2147483647,-117,13,Swisscom,false,false
1429801697443,2147483647,2147483647,2147483647,2147483647,-113,13,Swisscom,false,false
1429801697443,2147483647,2147483647,2147483647,2147483647,-113,13,Swisscom,false,false
1429801697443,2147483647,2147483647,2147483647,2147483647,-113,13,Swisscom,false,false
1429801697443,2147483647,2147483647,2147483647,2147483647,-113,13,Swisscom,false,false
1429801697443,2147483647,2147483647,2147483647,2147483647,-113,13,Swisscom,false,false
1429801697443,2147483647,2147483647,2147483647,2147483647,-113,13,Swisscom,false,false
1429801697443,2147483647,2147483647,2147483647,2147483647,-113,13,Swisscom,false,false
1429801697443,2147483647,2147483647,2147483647,2147483647,-113,13,Swisscom,false,false
1429801697443,2147483647,2147483647,2147483647,2147483647,-113,13,Swisscom,false,false
1429801697443,2147483647,2147483647,2147483647,2147483647,-113,13,Swisscom,false,false
1429801697443,2147483647,2147483647,2147483647,2147483647,-113,13,Swisscom,false,false
1429801697443,2147483647,2147483647,2147483647,2147483647,-113,13,Swisscom,false,false
1429801697443,2147483647,2147483647,2147483647,2147483647,-113,13,Swisscom,false,false
1429801697443,2147483647,2147483647,2147483647,2147483647,-113,13,Swisscom,false,false
1429801697443,2147483647,2147483647,2147483647,2147483647,-113,13,Swisscom,false,false
1429801697443,2147483647,2147483647,2147483647,2147483647,0,13,Swisscom,false,false
1429801697443,2147483647,2147483647,2147483647,2147483647,0,13,Swisscom,false,false
1429801697443,2147483647,2147483647,2147483647,2147483647,0,13,Swisscom,false,false
1429801697443,2147483647,2147483647,2147483647,2147483647,0,13,Swisscom,false,false
1429801697443,2147483647,2147483647,2147483647,2147483647,0,13,Swisscom,false,false
1429801697443,2147483647,2147483647,2147483647,2147483647,0,13,Swisscom,false,false
1429801697443,2147483647,2147483647,2147483647,2147483647,0,13,Swisscom,false,false
1429801757526,17050114,101,1,228,-116,13,Swisscom,true,false
1429801757526,232,2147483647,2147483647,2147483647,-120,13,Swisscom,false,false
1429801757526,2147483647,2147483647,2147483647,2147483647,-113,13,Swisscom,false,false
1429801757526,2147483647,2147483647,2147483647,2147483647,-113,13,Swisscom,false,false
1429801757526,2147483647,2147483647,2147483647,2147483647,-113,13,Swisscom,false,false
1429801757526,2147483647,2147483647,2147483647,2147483647,-113,13,Swisscom,false,false
1429801757526,2147483647,2147483647,2147483647,2147483647,-113,13,Swisscom,false,false
1429801757526,2147483647,2147483647,2147483647,2147483647,-113,13,Swisscom,false,false
1429801757526,2147483647,2147483647,2147483647,2147483647,-113,13,Swisscom,false,false
1429801757526,2147483647,2147483647,2147483647,2147483647,-113,13,Swisscom,false,false
1429801757526,2147483647,2147483647,2147483647,2147483647,-113,13,Swisscom,false,false
1429801757526,2147483647,2147483647,2147483647,2147483647,-113,13,Swisscom,false,false
1429801757526,2147483647,2147483647,2147483647,2147483647,-113,13,Swisscom,false,false
1429801757526,2147483647,2147483647,2147483647,2147483647,-113,13,Swisscom,false,false
1429801757526,2147483647,2147483647,2147483647,2147483647,-113,13,Swisscom,false,false
1429801757526,2147483647,2147483647,2147483647,2147483647,-113,13,Swisscom,false,false
1429801757526,2147483647,2147483647,2147483647,2147483647,-113,13,Swisscom,false,false
1429801757526,2147483647,2147483647,2147483647,2147483647,0,13,Swisscom,false,false
1429801757526,2147483647,2147483647,2147483647,2147483647,0,13,Swisscom,false,false
1429801757526,2147483647,2147483647,2147483647,2147483647,0,13,Swisscom,false,false
1429801757526,2147483647,2147483647,2147483647,2147483647,0,13,Swisscom,false,false
1429801817819,17015042,101,1,228,-100,13,Swisscom,true,false
1429801817819,135,2147483647,2147483647,2147483647,-105,13,Swisscom,false,false
1429801817819,366,2147483647,2147483647,2147483647,-105,13,Swisscom,false,false
1429801817819,2147483647,2147483647,2147483647,2147483647,-113,13,Swisscom,false,false
1429801817819,2147483647,2147483647,2147483647,2147483647,-113,13,Swisscom,false,false
1429801817819,2147483647,2147483647,2147483647,2147483647,-113,13,Swisscom,false,false
1429801817819,2147483647,2147483647,2147483647,2147483647,-113,13,Swisscom,false,false
1429801817819,2147483647,2147483647,2147483647,2147483647,-113,13,Swisscom,false,false
1429801817819,2147483647,2147483647,2147483647,2147483647,-113,13,Swisscom,false,false
1429801817819,2147483647,2147483647,2147483647,2147483647,-113,13,Swisscom,false,false
1429801817819,2147483647,2147483647,2147483647,2147483647,-113,13,Swisscom,false,false
1429801817819,2147483647,2147483647,2147483647,2147483647,-113,13,Swisscom,false,false
1429801817819,2147483647,2147483647,2147483647,2147483647,-113,13,Swisscom,false,false
1429801817819,2147483647,2147483647,2147483647,2147483647,-113,13,Swisscom,false,false
1429801817819,2147483647,2147483647,2147483647,2147483647,-113,13,Swisscom,false,false
1429801877815,16855041,101,1,228,-93,13,Swisscom,true,false
1429801877815,2147483647,2147483647,2147483647,2147483647,-101,13,Swisscom,false,false
1429801877815,2147483647,2147483647,2147483647,2147483647,-113,13,Swisscom,false,false
1429801877815,2147483647,2147483647,2147483647,2147483647,-113,13,Swisscom,false,false
1429801877815,2147483647,2147483647,2147483647,2147483647,-113,13,Swisscom,false,false
1429801877815,2147483647,2147483647,2147483647,2147483647,-113,13,Swisscom,false,false
1429801877815,2147483647,2147483647,2147483647,2147483647,-113,13,Swisscom,false,false
1429801877815,2147483647,2147483647,2147483647,2147483647,-113,13,Swisscom,false,false
1429801877815,2147483647,2147483647,2147483647,2147483647,-113,13,Swisscom,false,false
1429801877815,2147483647,2147483647,2147483647,2147483647,-113,13,Swisscom,false,false
1429801877815,2147483647,2147483647,2147483647,2147483647,-113,13,Swisscom,false,false
1429801877815,2147483647,2147483647,2147483647,2147483647,-113,13,Swisscom,false,false
1429801877815,2147483647,2147483647,2147483647,2147483647,-113,13,Swisscom,false,false
1429801877815,2147483647,2147483647,2147483647,2147483647,0,13,Swisscom,false,false
1429801877815,2147483647,2147483647,2147483647,2147483647,0,13,Swisscom,false,false
1429801877815,2147483647,2147483647,2147483647,2147483647,0,13,Swisscom,false,false
1429801940438,17604354,4040,1,228,-82,13,Swisscom,true,false
1429801940438,335,2147483647,2147483647,2147483647,-91,13,Swisscom,false,false
1429801940438,85,2147483647,2147483647,2147483647,-98,13,Swisscom,false,false
1429802000392,17065986,4040,1,228,-87,13,Swisscom,true,false
1429802000392,11,2147483647,2147483647,2147483647,-93,13,Swisscom,false,false
1429802061318,17065985,4040,1,228,-88,13,Swisscom,true,false
1429802061318,52,2147483647,2147483647,2147483647,-102,13,Swisscom,false,false
1429802130174,17065985,4040,1,228,-99,13,Swisscom,true,false
1429802130174,82,2147483647,2147483647,2147483647,-99,13,Swisscom,false,false
1429802130174,68,2147483647,2147483647,2147483647,-102,13,Swisscom,false,false
1429802130174,165,2147483647,2147483647,2147483647,-98,13,Swisscom,false,false
1429802130174,151,2147483647,2147483647,2147483647,-99,13,Swisscom,false,false
1429802225047,16958978,4040,1,228,-89,13,Swisscom,true,false
1429802285338,16958978,4040,1,228,-113,13,Swisscom,true,false
1429802285338,8,2147483647,2147483647,2147483647,-111,13,Swisscom,false,false
1429802345352,17403394,4040,1,228,-102,13,Swisscom,true,false
1429802345352,82,2147483647,2147483647,2147483647,-107,13,Swisscom,false,false
1429802345352,68,2147483647,2147483647,2147483647,-114,13,Swisscom,false,false
1429802405444,17403394,4040,1,228,-103,13,Swisscom,true,false
1429802405444,21,2147483647,2147483647,2147483647,-110,13,Swisscom,false,false
1429802405444,82,2147483647,2147483647,2147483647,-109,13,Swisscom,false,false
1429802405444,95,2147483647,2147483647,2147483647,-107,13,Swisscom,false,false
1429802405444,68,2147483647,2147483647,2147483647,-109,13,Swisscom,false,false
1429802470808,17403394,4040,1,228,-103,13,Swisscom,true,false
1429802470808,151,2147483647,2147483647,2147483647,-109,13,Swisscom,false,false
1429802470808,68,2147483647,2147483647,2147483647,-107,13,Swisscom,false,false
1429802470808,82,2147483647,2147483647,2147483647,-106,13,Swisscom,false,false
1429802470808,95,2147483647,2147483647,2147483647,-108,13,Swisscom,false,false
1429802470808,217,2147483647,2147483647,2147483647,-114,13,Swisscom,false,false
1429802470808,21,2147483647,2147483647,2147483647,-107,13,Swisscom,false,false
1429802530739,17403394,4040,1,228,-104,13,Swisscom,true,false
1429802530739,21,2147483647,2147483647,2147483647,-114,13,Swisscom,false,false
1429802530739,68,2147483647,2147483647,2147483647,-110,13,Swisscom,false,false
1429802530739,82,2147483647,2147483647,2147483647,-108,13,Swisscom,false,false
1429802530739,127,2147483647,2147483647,2147483647,-118,13,Swisscom,false,false
1429802530739,382,2147483647,2147483647,2147483647,-117,13,Swisscom,false,false
1429802530739,11,2147483647,2147483647,2147483647,-116,13,Swisscom,false,false
1429802530739,95,2147483647,2147483647,2147483647,-113,13,Swisscom,false,false
1429802591048,17403394,4040,1,228,-104,13,Swisscom,true,false
1429802591048,217,2147483647,2147483647,2147483647,-108,13,Swisscom,false,false
1429802591048,19,2147483647,2147483647,2147483647,-108,13,Swisscom,false,false
1429802591048,21,2147483647,2147483647,2147483647,-109,13,Swisscom,false,false
1429802591048,68,2147483647,2147483647,2147483647,-108,13,Swisscom,false,false
1429802651138,17403394,4040,1,228,-106,13,Swisscom,true,false
1429802651138,82,2147483647,2147483647,2147483647,-109,13,Swisscom,false,false
1429802651138,95,2147483647,2147483647,2147483647,-111,13,Swisscom,false,false
1429802651138,127,2147483647,2147483647,2147483647,-112,13,Swisscom,false,false
1429802651138,68,2147483647,2147483647,2147483647,-111,13,Swisscom,false,false
1429802651138,217,2147483647,2147483647,2147483647,-115,13,Swisscom,false,false
1429802651138,21,2147483647,2147483647,2147483647,-111,13,Swisscom,false,false
1429802718392,17403394,4040,1,228,-104,13,Swisscom,true,false
1429802718392,82,2147483647,2147483647,2147483647,-109,13,Swisscom,false,false
1429802718392,127,2147483647,2147483647,2147483647,-109,13,Swisscom,false,false
1429802718392,68,2147483647,2147483647,2147483647,-112,13,Swisscom,false,false
1429802778486,17178114,4040,1,228,-121,13,Swisscom,true,false
1429802778486,95,2147483647,2147483647,2147483647,-118,13,Swisscom,false,false
1429802778486,151,2147483647,2147483647,2147483647,-122,13,Swisscom,false,false
1429802778486,82,2147483647,2147483647,2147483647,-122,13,Swisscom,false,false
1429802778486,306,2147483647,2147483647,2147483647,-122,13,Swisscom,false,false
1429802778486,84,2147483647,2147483647,2147483647,-120,13,Swisscom,false,false
1429802778486,77,2147483647,2147483647,2147483647,-121,13,Swisscom,false,false
1429802778486,2147483647,2147483647,2147483647,2147483647,-113,13,Swisscom,false,false
1429802778486,2147483647,2147483647,2147483647,2147483647,-113,13,Swisscom,false,false
1429802778486,2147483647,2147483647,2147483647,2147483647,-113,13,Swisscom,false,false
1429802778486,2147483647,2147483647,2147483647,2147483647,-113,13,Swisscom,false,false
1429802778486,2147483647,2147483647,2147483647,2147483647,-113,13,Swisscom,false,false
1429802778486,2147483647,2147483647,2147483647,2147483647,-113,13,Swisscom,false,false
1429802778486,2147483647,2147483647,2147483647,2147483647,-113,13,Swisscom,false,false
1429802778486,2147483647,2147483647,2147483647,2147483647,-113,13,Swisscom,false,false
1429802778486,2147483647,2147483647,2147483647,2147483647,-113,13,Swisscom,false,false
1429802778486,2147483647,2147483647,2147483647,2147483647,-113,13,Swisscom,false,false
1429802778486,2147483647,2147483647,2147483647,2147483647,-113,13,Swisscom,false,false
1429802778486,2147483647,2147483647,2147483647,2147483647,-113,13,Swisscom,false,false
1429802778486,2147483647,2147483647,2147483647,2147483647,0,13,Swisscom,false,false
1429802778486,2147483647,2147483647,2147483647,2147483647,0,13,Swisscom,false,false
1429802838519,17403395,4040,1,228,-116,13,Swisscom,true,false
1429802838519,21,2147483647,2147483647,2147483647,-117,13,Swisscom,false,false
1429802838519,52,2147483647,2147483647,2147483647,-113,13,Swisscom,false,false
1429802838519,243,2147483647,2147483647,2147483647,-117,13,Swisscom,false,false
1429802838519,242,2147483647,2147483647,2147483647,-115,13,Swisscom,false,false
1429802838519,11,2147483647,2147483647,2147483647,-116,13,Swisscom,false,false
1429802903794,17532674,4040,1,228,-103,13,Swisscom,true,false
1429802903794,52,2147483647,2147483647,2147483647,-114,13,Swisscom,false,false
1429802903794,11,2147483647,2147483647,2147483647,-114,13,Swisscom,false,false
1429802903794,84,2147483647,2147483647,2147483647,-104,13,Swisscom,false,false
1429802903794,76,2147483647,2147483647,2147483647,-112,13,Swisscom,false,false
1429802903794,77,2147483647,2147483647,2147483647,-110,13,Swisscom,false,false
1429802903794,2147483647,2147483647,2147483647,2147483647,-113,13,Swisscom,false,false
1429802903794,2147483647,2147483647,2147483647,2147483647,-113,13,Swisscom,false,false
1429802903794,2147483647,2147483647,2147483647,2147483647,-113,13,Swisscom,false,false
1429802903794,2147483647,2147483647,2147483647,2147483647,-113,13,Swisscom,false,false
1429802903794,2147483647,2147483647,2147483647,2147483647,-113,13,Swisscom,false,false
1429802903794,2147483647,2147483647,2147483647,2147483647,-113,13,Swisscom,false,false
1429802903794,2147483647,2147483647,2147483647,2147483647,-113,13,Swisscom,false,false
1429802903794,2147483647,2147483647,2147483647,2147483647,-113,13,Swisscom,false,false
1429802903794,2147483647,2147483647,2147483647,2147483647,-113,13,Swisscom,false,false
1429802903794,2147483647,2147483647,2147483647,2147483647,-113,13,Swisscom,false,false
1429802903794,2147483647,2147483647,2147483647,2147483647,-107,13,Swisscom,false,false
1429802903794,2147483647,2147483647,2147483647,2147483647,-113,13,Swisscom,false,false
1429802903794,2147483647,2147483647,2147483647,2147483647,0,13,Swisscom,false,false
1429802903794,2147483647,2147483647,2147483647,2147483647,0,13,Swisscom,false,false
1429802964080,17065985,4040,1,228,-91,13,Swisscom,true,false
1429802964080,306,2147483647,2147483647,2147483647,-102,13,Swisscom,false,false
1429802964080,2147483647,2147483647,2147483647,2147483647,-113,13,Swisscom,false,false
1429802964080,2147483647,2147483647,2147483647,2147483647,-113,13,Swisscom,false,false
1429802964080,2147483647,2147483647,2147483647,2147483647,-113,13,Swisscom,false,false
1429802964080,2147483647,2147483647,2147483647,2147483647,-113,13,Swisscom,false,false
1429802964080,2147483647,2147483647,2147483647,2147483647,-113,13,Swisscom,false,false
1429802964080,2147483647,2147483647,2147483647,2147483647,-113,13,Swisscom,false,false
1429802964080,2147483647,2147483647,2147483647,2147483647,-113,13,Swisscom,false,false
1429802964080,2147483647,2147483647,2147483647,2147483647,-113,13,Swisscom,false,false
1429802964080,2147483647,2147483647,2147483647,2147483647,-113,13,Swisscom,false,false
1429802964080,2147483647,2147483647,2147483647,2147483647,-113,13,Swisscom,false,false
1429802964080,2147483647,2147483647,2147483647,2147483647,-113,13,Swisscom,false,false
1429802964080,2147483647,2147483647,2147483647,2147483647,-113,13,Swisscom,false,false
1429802964080,2147483647,2147483647,2147483647,2147483647,-113,13,Swisscom,false,false
1429802964080,2147483647,2147483647,2147483647,2147483647,-113,13,Swisscom,false,false
1429802964080,2147483647,2147483647,2147483647,2147483647,-113,13,Swisscom,false,false
1429803024360,17532674,4040,1,228,-99,13,Swisscom,true,false
1429803024360,307,2147483647,2147483647,2147483647,-103,13,Swisscom,false,false
1429803024360,308,2147483647,2147483647,2147483647,-100,13,Swisscom,false,false
1429803024360,45,2147483647,2147483647,2147483647,-102,13,Swisscom,false,false
1429803024360,2147483647,2147483647,2147483647,2147483647,-113,13,Swisscom,false,false
1429803024360,2147483647,2147483647,2147483647,2147483647,-113,13,Swisscom,false,false
1429803024360,2147483647,2147483647,2147483647,2147483647,-113,13,Swisscom,false,false
1429803024360,2147483647,2147483647,2147483647,2147483647,-113,13,Swisscom,false,false
1429803024360,2147483647,2147483647,2147483647,2147483647,-113,13,Swisscom,false,false
1429803024360,2147483647,2147483647,2147483647,2147483647,-113,13,Swisscom,false,false
1429803024360,2147483647,2147483647,2147483647,2147483647,-113,13,Swisscom,false,false
1429803024360,2147483647,2147483647,2147483647,2147483647,-113,13,Swisscom,false,false
1429803024360,2147483647,2147483647,2147483647,2147483647,-113,13,Swisscom,false,false
1429803024360,2147483647,2147483647,2147483647,2147483647,-113,13,Swisscom,false,false
1429803024360,2147483647,2147483647,2147483647,2147483647,-113,13,Swisscom,false,false
1429803024360,2147483647,2147483647,2147483647,2147483647,-113,13,Swisscom,false,false
1429803024360,2147483647,2147483647,2147483647,2147483647,0,13,Swisscom,false,false
1429803024360,2147483647,2147483647,2147483647,2147483647,0,13,Swisscom,false,false
1429803084549,16871169,4040,1,228,-95,13,Swisscom,true,false
1429803084549,308,2147483647,2147483647,2147483647,-96,13,Swisscom,false,false
1429803084549,306,2147483647,2147483647,2147483647,-95,13,Swisscom,false,false
1429803084549,2147483647,2147483647,2147483647,2147483647,-113,13,Swisscom,false,false
1429803084549,2147483647,2147483647,2147483647,2147483647,-113,13,Swisscom,false,false
1429803084549,2147483647,2147483647,2147483647,2147483647,-113,13,Swisscom,false,false
1429803084549,2147483647,2147483647,2147483647,2147483647,-113,13,Swisscom,false,false
1429803084549,2147483647,2147483647,2147483647,2147483647,-113,13,Swisscom,false,false
1429803084549,2147483647,2147483647,2147483647,2147483647,-113,13,Swisscom,false,false
1429803084549,2147483647,2147483647,2147483647,2147483647,-113,13,Swisscom,false,false
1429803084549,2147483647,2147483647,2147483647,2147483647,-113,13,Swisscom,false,false
1429803084549,2147483647,2147483647,2147483647,2147483647,-113,13,Swisscom,false,false
1429803084549,2147483647,2147483647,2147483647,2147483647,-113,13,Swisscom,false,false
1429803084549,2147483647,2147483647,2147483647,2147483647,-113,13,Swisscom,false,false
1429803084549,2147483647,2147483647,2147483647,2147483647,-113,13,Swisscom,false,false
1429803084549,2147483647,2147483647,2147483647,2147483647,-113,13,Swisscom,false,false
1429803084549,2147483647,2147483647,2147483647,2147483647,-113,13,Swisscom,false,false
1429803084549,2147483647,2147483647,2147483647,2147483647,-113,13,Swisscom,false,false
1429803144801,16871169,4040,1,228,-93,13,Swisscom,true,false
1429803144801,308,2147483647,2147483647,2147483647,-94,13,Swisscom,false,false
1429803144801,2147483647,2147483647,2147483647,2147483647,-113,13,Swisscom,false,false
1429803144801,2147483647,2147483647,2147483647,2147483647,-113,13,Swisscom,false,false
1429803144801,2147483647,2147483647,2147483647,2147483647,-113,13,Swisscom,false,false
1429803144801,2147483647,2147483647,2147483647,2147483647,-113,13,Swisscom,false,false
1429803144801,2147483647,2147483647,2147483647,2147483647,-113,13,Swisscom,false,false
1429803144801,2147483647,2147483647,2147483647,2147483647,-113,13,Swisscom,false,false
1429803144801,2147483647,2147483647,2147483647,2147483647,-113,13,Swisscom,false,false
1429803144801,2147483647,2147483647,2147483647,2147483647,-113,13,Swisscom,false,false
1429803144801,2147483647,2147483647,2147483647,2147483647,-113,13,Swisscom,false,false
1429803144801,2147483647,2147483647,2147483647,2147483647,-113,13,Swisscom,false,false
1429803144801,2147483647,2147483647,2147483647,2147483647,-113,13,Swisscom,false,false
1429803144801,2147483647,2147483647,2147483647,2147483647,-113,13,Swisscom,false,false
1429803144801,2147483647,2147483647,2147483647,2147483647,-113,13,Swisscom,false,false
1429803144801,2147483647,2147483647,2147483647,2147483647,-113,13,Swisscom,false,false
1429803144801,2147483647,2147483647,2147483647,2147483647,-113,13,Swisscom,false,false
1429803205019,17532675,4040,1,228,-92,13,Swisscom,true,false
1429803205019,307,2147483647,2147483647,2147483647,-100,13,Swisscom,false,false
1429803205019,2147483647,2147483647,2147483647,2147483647,-113,13,Swisscom,false,false
1429803205019,2147483647,2147483647,2147483647,2147483647,-113,13,Swisscom,false,false
1429803205019,2147483647,2147483647,2147483647,2147483647,-113,13,Swisscom,false,false
1429803205019,2147483647,2147483647,2147483647,2147483647,-113,13,Swisscom,false,false
1429803205019,2147483647,2147483647,2147483647,2147483647,-113,13,Swisscom,false,false
1429803205019,2147483647,2147483647,2147483647,2147483647,-113,13,Swisscom,false,false
1429803205019,2147483647,2147483647,2147483647,2147483647,-113,13,Swisscom,false,false
1429803205019,2147483647,2147483647,2147483647,2147483647,-113,13,Swisscom,false,false
1429803205019,2147483647,2147483647,2147483647,2147483647,-113,13,Swisscom,false,false
1429803205019,2147483647,2147483647,2147483647,2147483647,-113,13,Swisscom,false,false
1429803205019,2147483647,2147483647,2147483647,2147483647,-113,13,Swisscom,false,false
1429803205019,2147483647,2147483647,2147483647,2147483647,-113,13,Swisscom,false,false
1429803265054,17532675,4040,1,228,-105,13,Swisscom,true,false
1429803265054,60,2147483647,2147483647,2147483647,-104,13,Swisscom,false,false
1429803265054,2147483647,2147483647,2147483647,2147483647,-113,13,Swisscom,false,false
1429803265054,2147483647,2147483647,2147483647,2147483647,-113,13,Swisscom,false,false
1429803265054,2147483647,2147483647,2147483647,2147483647,-113,13,Swisscom,false,false
1429803265054,2147483647,2147483647,2147483647,2147483647,-113,13,Swisscom,false,false
1429803265054,2147483647,2147483647,2147483647,2147483647,-113,13,Swisscom,false,false
1429803265054,2147483647,2147483647,2147483647,2147483647,-113,13,Swisscom,false,false
1429803265054,2147483647,2147483647,2147483647,2147483647,-113,13,Swisscom,false,false
1429803265054,2147483647,2147483647,2147483647,2147483647,-113,13,Swisscom,false,false
1429803265054,2147483647,2147483647,2147483647,2147483647,-113,13,Swisscom,false,false
1429803265054,2147483647,2147483647,2147483647,2147483647,-113,13,Swisscom,false,false
1429803265054,2147483647,2147483647,2147483647,2147483647,-113,13,Swisscom,false,false
1429803265054,2147483647,2147483647,2147483647,2147483647,-113,13,Swisscom,false,false
1429803325112,17603841,4040,1,228,-81,13,Swisscom,true,false
1429803325112,75,2147483647,2147483647,2147483647,-103,13,Swisscom,false,false
1429803385200,17603842,4040,1,228,-106,13,Swisscom,true,false
1429803385200,60,2147483647,2147483647,2147483647,-112,13,Swisscom,false,false
1429803385200,83,2147483647,2147483647,2147483647,-118,13,Swisscom,false,false
1429803385200,181,2147483647,2147483647,2147483647,-114,13,Swisscom,false,false
1429803385200,308,2147483647,2147483647,2147483647,-122,13,Swisscom,false,false
1429803385200,307,2147483647,2147483647,2147483647,-119,13,Swisscom,false,false
1429803385200,2147483647,2147483647,2147483647,2147483647,-113,13,Swisscom,false,false
1429803385200,2147483647,2147483647,2147483647,2147483647,-113,13,Swisscom,false,false
1429803385200,2147483647,2147483647,2147483647,2147483647,-113,13,Swisscom,false,false
1429803385200,2147483647,2147483647,2147483647,2147483647,-113,13,Swisscom,false,false
1429803385200,2147483647,2147483647,2147483647,2147483647,-113,13,Swisscom,false,false
1429803385200,2147483647,2147483647,2147483647,2147483647,-113,13,Swisscom,false,false
1429803385200,2147483647,2147483647,2147483647,2147483647,-113,13,Swisscom,false,false
1429803385200,2147483647,2147483647,2147483647,2147483647,-113,13,Swisscom,false,false
1429803385200,2147483647,2147483647,2147483647,2147483647,-113,13,Swisscom,false,false
1429803385200,2147483647,2147483647,2147483647,2147483647,-113,13,Swisscom,false,false
1429803385200,2147483647,2147483647,2147483647,2147483647,-113,13,Swisscom,false,false
1429803385200,2147483647,2147483647,2147483647,2147483647,-113,13,Swisscom,false,false
1429803385200,2147483647,2147483647,2147483647,2147483647,-113,13,Swisscom,false,false
1429803385200,2147483647,2147483647,2147483647,2147483647,-113,13,Swisscom,false,false
1429803385200,2147483647,2147483647,2147483647,2147483647,-113,13,Swisscom,false,false
1429803445266,17603842,4040,1,228,-116,13,Swisscom,true,false
1429803445266,60,2147483647,2147483647,2147483647,-114,13,Swisscom,false,false
1429803445266,83,2147483647,2147483647,2147483647,-121,13,Swisscom,false,false
1429803445266,181,2147483647,2147483647,2147483647,-124,13,Swisscom,false,false
1429803445266,46,2147483647,2147483647,2147483647,-120,13,Swisscom,false,false
1429803445266,2147483647,2147483647,2147483647,2147483647,-113,13,Swisscom,false,false
1429803445266,2147483647,2147483647,2147483647,2147483647,-113,13,Swisscom,false,false
1429803445266,2147483647,2147483647,2147483647,2147483647,-113,13,Swisscom,false,false
1429803445266,2147483647,2147483647,2147483647,2147483647,-113,13,Swisscom,false,false
1429803445266,2147483647,2147483647,2147483647,2147483647,-113,13,Swisscom,false,false
1429803445266,2147483647,2147483647,2147483647,2147483647,-113,13,Swisscom,false,false
1429803445266,2147483647,2147483647,2147483647,2147483647,-113,13,Swisscom,false,false
1429803445266,2147483647,2147483647,2147483647,2147483647,-113,13,Swisscom,false,false
1429803445266,2147483647,2147483647,2147483647,2147483647,-113,13,Swisscom,false,false
1429803445266,2147483647,2147483647,2147483647,2147483647,-113,13,Swisscom,false,false
1429803445266,2147483647,2147483647,2147483647,2147483647,-113,13,Swisscom,false,false
1429803445266,2147483647,2147483647,2147483647,2147483647,-113,13,Swisscom,false,false
1429803445266,2147483647,2147483647,2147483647,2147483647,-113,13,Swisscom,false,false
1429803445266,2147483647,2147483647,2147483647,2147483647,-113,13,Swisscom,false,false
1429803445266,2147483647,2147483647,2147483647,2147483647,-113,13,Swisscom,false,false
1429803445266,2147483647,2147483647,2147483647,2147483647,0,13,Swisscom,false,false
1429803445266,2147483647,2147483647,2147483647,2147483647,0,13,Swisscom,false,false
1429803514132,6655676,4040,1,228,0,3,Swisscom,true,false
1429803514132,2147483647,2147483647,2147483647,2147483647,0,3,Swisscom,false,false
1429803514132,2147483647,2147483647,2147483647,2147483647,0,3,Swisscom,false,false
1429803514132,2147483647,2147483647,2147483647,2147483647,0,3,Swisscom,false,false
1429803514132,2147483647,2147483647,2147483647,2147483647,0,3,Swisscom,false,false
1429803514132,2147483647,2147483647,2147483647,2147483647,0,3,Swisscom,false,false
1429803514132,2147483647,2147483647,2147483647,2147483647,0,3,Swisscom,false,false
1429803573704,16860162,4040,1,228,-112,13,Swisscom,true,false
1429803573704,308,2147483647,2147483647,2147483647,-126,13,Swisscom,false,false
1429803573704,181,2147483647,2147483647,2147483647,-122,13,Swisscom,false,false
1429803573704,52,2147483647,2147483647,2147483647,-126,13,Swisscom,false,false
1429803573704,43,2147483647,2147483647,2147483647,-115,13,Swisscom,false,false
1429803573704,45,2147483647,2147483647,2147483647,-123,13,Swisscom,false,false
1429803573704,2147483647,2147483647,2147483647,2147483647,-113,13,Swisscom,false,false
1429803573704,2147483647,2147483647,2147483647,2147483647,-113,13,Swisscom,false,false
1429803573704,2147483647,2147483647,2147483647,2147483647,-113,13,Swisscom,false,false
1429803573704,2147483647,2147483647,2147483647,2147483647,-113,13,Swisscom,false,false
1429803573704,2147483647,2147483647,2147483647,2147483647,-113,13,Swisscom,false,false
1429803573704,2147483647,2147483647,2147483647,2147483647,-113,13,Swisscom,false,false
1429803573704,2147483647,2147483647,2147483647,2147483647,-113,13,Swisscom,false,false
1429803573704,2147483647,2147483647,2147483647,2147483647,-113,13,Swisscom,false,false
1429803573704,2147483647,2147483647,2147483647,2147483647,-113,13,Swisscom,false,false
1429803573704,2147483647,2147483647,2147483647,2147483647,-113,13,Swisscom,false,false
1429803573704,2147483647,2147483647,2147483647,2147483647,-113,13,Swisscom,false,false
1429803573704,2147483647,2147483647,2147483647,2147483647,-113,13,Swisscom,false,false
1429803573704,2147483647,2147483647,2147483647,2147483647,0,13,Swisscom,false,false
1429803573704,2147483647,2147483647,2147483647,2147483647,0,13,Swisscom,false,false
1429803634037,17065217,4040,1,228,-110,13,Swisscom,true,false
1429803634037,20,2147483647,2147483647,2147483647,-116,13,Swisscom,false,false
1429803634037,198,2147483647,2147483647,2147483647,-117,13,Swisscom,false,false
1429803634037,43,2147483647,2147483647,2147483647,-94,13,Swisscom,false,false
1429803634037,44,2147483647,2147483647,2147483647,-106,13,Swisscom,false,false
1429803634037,45,2147483647,2147483647,2147483647,-108,13,Swisscom,false,false
1429803634037,2147483647,2147483647,2147483647,2147483647,-113,13,Swisscom,false,false
1429803634037,2147483647,2147483647,2147483647,2147483647,-113,13,Swisscom,false,false
1429803634037,2147483647,2147483647,2147483647,2147483647,-113,13,Swisscom,false,false
1429803634037,2147483647,2147483647,2147483647,2147483647,-113,13,Swisscom,false,false
1429803634037,2147483647,2147483647,2147483647,2147483647,-113,13,Swisscom,false,false
1429803634037,2147483647,2147483647,2147483647,2147483647,-113,13,Swisscom,false,false
1429803634037,2147483647,2147483647,2147483647,2147483647,-113,13,Swisscom,false,false
1429803634037,2147483647,2147483647,2147483647,2147483647,-113,13,Swisscom,false,false
1429803634037,2147483647,2147483647,2147483647,2147483647,-113,13,Swisscom,false,false
1429803634037,2147483647,2147483647,2147483647,2147483647,-113,13,Swisscom,false,false
1429803634037,2147483647,2147483647,2147483647,2147483647,-113,13,Swisscom,false,false
1429803634037,2147483647,2147483647,2147483647,2147483647,-113,13,Swisscom,false,false
1429803634037,2147483647,2147483647,2147483647,2147483647,0,13,Swisscom,false,false
1429803634037,2147483647,2147483647,2147483647,2147483647,0,13,Swisscom,false,false
1429803634037,2147483647,2147483647,2147483647,2147483647,0,13,Swisscom,false,false
1429803694054,17065217,4040,1,228,-107,13,Swisscom,true,false
1429803694054,20,2147483647,2147483647,2147483647,-113,13,Swisscom,false,false
1429803694054,198,2147483647,2147483647,2147483647,-118,13,Swisscom,false,false
1429803694054,44,2147483647,2147483647,2147483647,-90,13,Swisscom,false,false
1429803694054,43,2147483647,2147483647,2147483647,-96,13,Swisscom,false,false
1429803694054,2147483647,2147483647,2147483647,2147483647,-113,13,Swisscom,false,false
1429803694054,2147483647,2147483647,2147483647,2147483647,-113,13,Swisscom,false,false
1429803694054,2147483647,2147483647,2147483647,2147483647,-113,13,Swisscom,false,false
1429803694054,2147483647,2147483647,2147483647,2147483647,-113,13,Swisscom,false,false
1429803694054,2147483647,2147483647,2147483647,2147483647,-113,13,Swisscom,false,false
1429803694054,2147483647,2147483647,2147483647,2147483647,-113,13,Swisscom,false,false
1429803694054,2147483647,2147483647,2147483647,2147483647,-113,13,Swisscom,false,false
1429803694054,2147483647,2147483647,2147483647,2147483647,-113,13,Swisscom,false,false
1429803694054,2147483647,2147483647,2147483647,2147483647,-113,13,Swisscom,false,false
1429803694054,2147483647,2147483647,2147483647,2147483647,-113,13,Swisscom,false,false
1429803694054,2147483647,2147483647,2147483647,2147483647,-113,13,Swisscom,false,false
1429803694054,2147483647,2147483647,2147483647,2147483647,-113,13,Swisscom,false,false
1429803694054,2147483647,2147483647,2147483647,2147483647,0,13,Swisscom,false,false
1429803694054,2147483647,2147483647,2147483647,2147483647,0,13,Swisscom,false,false
1429803755548,17065218,4040,1,228,-106,13,Swisscom,true,false
1429803755548,52,2147483647,2147483647,2147483647,-121,13,Swisscom,false,false
1429803755548,2147483647,2147483647,2147483647,2147483647,-113,13,Swisscom,false,false
1429803755548,2147483647,2147483647,2147483647,2147483647,-113,13,Swisscom,false,false
1429803755548,2147483647,2147483647,2147483647,2147483647,-113,13,Swisscom,false,false
1429803755548,2147483647,2147483647,2147483647,2147483647,-113,13,Swisscom,false,false
1429803755548,2147483647,2147483647,2147483647,2147483647,-113,13,Swisscom,false,false
1429803755548,2147483647,2147483647,2147483647,2147483647,-113,13,Swisscom,false,false
1429803755548,2147483647,2147483647,2147483647,2147483647,-113,13,Swisscom,false,false
1429803755548,2147483647,2147483647,2147483647,2147483647,-113,13,Swisscom,false,false
1429803755548,2147483647,2147483647,2147483647,2147483647,-113,13,Swisscom,false,false
1429803755548,2147483647,2147483647,2147483647,2147483647,-113,13,Swisscom,false,false
1429803755548,2147483647,2147483647,2147483647,2147483647,-113,13,Swisscom,false,false
1429803755548,2147483647,2147483647,2147483647,2147483647,-113,13,Swisscom,false,false
1429803755548,2147483647,2147483647,2147483647,2147483647,0,13,Swisscom,false,false
1429803755548,2147483647,2147483647,2147483647,2147483647,0,13,Swisscom,false,false
1429803815601,17065218,4040,1,228,-118,13,Swisscom,true,false
1429803815601,44,2147483647,2147483647,2147483647,-104,13,Swisscom,false,false
1429803815601,43,2147483647,2147483647,2147483647,-118,13,Swisscom,false,false
1429803815601,2147483647,2147483647,2147483647,2147483647,-113,13,Swisscom,false,false
1429803815601,2147483647,2147483647,2147483647,2147483647,-113,13,Swisscom,false,false
1429803815601,2147483647,2147483647,2147483647,2147483647,-113,13,Swisscom,false,false
1429803815601,2147483647,2147483647,2147483647,2147483647,-113,13,Swisscom,false,false
1429803815601,2147483647,2147483647,2147483647,2147483647,-113,13,Swisscom,false,false
1429803815601,2147483647,2147483647,2147483647,2147483647,-113,13,Swisscom,false,false
1429803815601,2147483647,2147483647,2147483647,2147483647,-113,13,Swisscom,false,false
1429803815601,2147483647,2147483647,2147483647,2147483647,-113,13,Swisscom,false,false
1429803815601,2147483647,2147483647,2147483647,2147483647,-113,13,Swisscom,false,false
1429803815601,2147483647,2147483647,2147483647,2147483647,-113,13,Swisscom,false,false
1429803815601,2147483647,2147483647,2147483647,2147483647,-113,13,Swisscom,false,false
1429803815601,2147483647,2147483647,2147483647,2147483647,-113,13,Swisscom,false,false
1429803815601,2147483647,2147483647,2147483647,2147483647,0,13,Swisscom,false,false
1429803875934,17068291,101,1,228,-110,13,Swisscom,true,false
1429803875934,198,2147483647,2147483647,2147483647,-128,13,Swisscom,false,false
1429803875934,20,2147483647,2147483647,2147483647,-126,13,Swisscom,false,false
1429803875934,43,2147483647,2147483647,2147483647,-107,13,Swisscom,false,false
1429803875934,44,2147483647,2147483647,2147483647,-109,13,Swisscom,false,false
1429803875934,84,2147483647,2147483647,2147483647,-113,13,Swisscom,false,false
1429803875934,2147483647,2147483647,2147483647,2147483647,-113,13,Swisscom,false,false
1429803875934,2147483647,2147483647,2147483647,2147483647,-113,13,Swisscom,false,false
1429803875934,2147483647,2147483647,2147483647,2147483647,-113,13,Swisscom,false,false
1429803875934,2147483647,2147483647,2147483647,2147483647,-113,13,Swisscom,false,false
1429803875934,2147483647,2147483647,2147483647,2147483647,-113,13,Swisscom,false,false
1429803875934,2147483647,2147483647,2147483647,2147483647,-113,13,Swisscom,false,false
1429803875934,2147483647,2147483647,2147483647,2147483647,-113,13,Swisscom,false,false
1429803875934,2147483647,2147483647,2147483647,2147483647,-113,13,Swisscom,false,false
1429803875934,2147483647,2147483647,2147483647,2147483647,-113,13,Swisscom,false,false
1429803875934,2147483647,2147483647,2147483647,2147483647,-113,13,Swisscom,false,false
1429803875934,2147483647,2147483647,2147483647,2147483647,-113,13,Swisscom,false,false
1429803875934,2147483647,2147483647,2147483647,2147483647,-113,13,Swisscom,false,false
1429803875934,2147483647,2147483647,2147483647,2147483647,0,13,Swisscom,false,false
1429803875934,2147483647,2147483647,2147483647,2147483647,0,13,Swisscom,false,false
1429803936127,17068291,101,1,228,-90,13,Swisscom,true,false
1429803936127,379,2147483647,2147483647,2147483647,-94,13,Swisscom,false,false
1429803936127,44,2147483647,2147483647,2147483647,-111,13,Swisscom,false,false
1429803936127,43,2147483647,2147483647,2147483647,-116,13,Swisscom,false,false
1429803936127,2147483647,2147483647,2147483647,2147483647,-113,13,Swisscom,false,false
1429803936127,2147483647,2147483647,2147483647,2147483647,-113,13,Swisscom,false,false
1429803936127,2147483647,2147483647,2147483647,2147483647,-113,13,Swisscom,false,false
1429803936127,2147483647,2147483647,2147483647,2147483647,-113,13,Swisscom,false,false
1429803936127,2147483647,2147483647,2147483647,2147483647,-113,13,Swisscom,false,false
1429803936127,2147483647,2147483647,2147483647,2147483647,-113,13,Swisscom,false,false
1429803936127,2147483647,2147483647,2147483647,2147483647,-113,13,Swisscom,false,false
1429803936127,2147483647,2147483647,2147483647,2147483647,-113,13,Swisscom,false,false
1429803936127,2147483647,2147483647,2147483647,2147483647,-113,13,Swisscom,false,false
1429803936127,2147483647,2147483647,2147483647,2147483647,-113,13,Swisscom,false,false
1429803936127,2147483647,2147483647,2147483647,2147483647,-113,13,Swisscom,false,false
1429803936127,2147483647,2147483647,2147483647,2147483647,-113,13,Swisscom,false,false
1429803936127,2147483647,2147483647,2147483647,2147483647,0,13,Swisscom,false,false
1429803936127,2147483647,2147483647,2147483647,2147483647,0,13,Swisscom,false,false
1429803996368,17113090,101,1,228,-71,13,Swisscom,true,false
1429803996368,380,2147483647,2147483647,2147483647,-88,13,Swisscom,false,false
1429803996368,2147483647,2147483647,2147483647,2147483647,-113,13,Swisscom,false,false
1429803996368,2147483647,2147483647,2147483647,2147483647,-113,13,Swisscom,false,false
1429803996368,2147483647,2147483647,2147483647,2147483647,-113,13,Swisscom,false,false
1429803996368,2147483647,2147483647,2147483647,2147483647,-113,13,Swisscom,false,false
1429803996368,2147483647,2147483647,2147483647,2147483647,-113,13,Swisscom,false,false
1429803996368,2147483647,2147483647,2147483647,2147483647,-113,13,Swisscom,false,false
1429803996368,2147483647,2147483647,2147483647,2147483647,-113,13,Swisscom,false,false
1429803996368,2147483647,2147483647,2147483647,2147483647,-113,13,Swisscom,false,false
1429803996368,2147483647,2147483647,2147483647,2147483647,-113,13,Swisscom,false,false
1429803996368,2147483647,2147483647,2147483647,2147483647,-113,13,Swisscom,false,false
1429803996368,2147483647,2147483647,2147483647,2147483647,-113,13,Swisscom,false,false
1429803996368,2147483647,2147483647,2147483647,2147483647,-113,13,Swisscom,false,false
1429803996368,2147483647,2147483647,2147483647,2147483647,-113,13,Swisscom,false,false
1429803996368,2147483647,2147483647,2147483647,2147483647,-113,13,Swisscom,false,false
1429803996368,2147483647,2147483647,2147483647,2147483647,-113,13,Swisscom,false,false
1429804056597,17113090,101,1,228,-77,13,Swisscom,true,false
1429804056597,2147483647,2147483647,2147483647,2147483647,-113,13,Swisscom,false,false
1429804056597,2147483647,2147483647,2147483647,2147483647,-113,13,Swisscom,false,false
1429804056597,2147483647,2147483647,2147483647,2147483647,-113,13,Swisscom,false,false
1429804056597,2147483647,2147483647,2147483647,2147483647,-113,13,Swisscom,false,false
1429804056597,2147483647,2147483647,2147483647,2147483647,-113,13,Swisscom,false,false
1429804056597,2147483647,2147483647,2147483647,2147483647,-113,13,Swisscom,false,false
1429804056597,2147483647,2147483647,2147483647,2147483647,-113,13,Swisscom,false,false
1429804056597,2147483647,2147483647,2147483647,2147483647,-113,13,Swisscom,false,false
1429804056597,2147483647,2147483647,2147483647,2147483647,-113,13,Swisscom,false,false
1429804056597,2147483647,2147483647,2147483647,2147483647,-113,13,Swisscom,false,false
1429804056597,2147483647,2147483647,2147483647,2147483647,-113,13,Swisscom,false,false
1429804056597,2147483647,2147483647,2147483647,2147483647,-113,13,Swisscom,false,false
1429804056597,2147483647,2147483647,2147483647,2147483647,-113,13,Swisscom,false,false
1429804056597,2147483647,2147483647,2147483647,2147483647,-113,13,Swisscom,false,false
1429804056597,2147483647,2147483647,2147483647,2147483647,-113,13,Swisscom,false,false
1429804116837,17113090,101,1,228,-107,13,Swisscom,true,false
1429804116837,380,2147483647,2147483647,2147483647,-123,13,Swisscom,false,false
1429804116837,176,2147483647,2147483647,2147483647,-122,13,Swisscom,false,false
1429804116837,44,2147483647,2147483647,2147483647,-126,13,Swisscom,false,false
1429804116837,2147483647,2147483647,2147483647,2147483647,-113,13,Swisscom,false,false
1429804116837,2147483647,2147483647,2147483647,2147483647,-113,13,Swisscom,false,false
1429804116837,2147483647,2147483647,2147483647,2147483647,-113,13,Swisscom,false,false
1429804116837,2147483647,2147483647,2147483647,2147483647,-113,13,Swisscom,false,false
1429804116837,2147483647,2147483647,2147483647,2147483647,-113,13,Swisscom,false,false
1429804116837,2147483647,2147483647,2147483647,2147483647,-113,13,Swisscom,false,false
1429804116837,2147483647,2147483647,2147483647,2147483647,-113,13,Swisscom,false,false
1429804116837,2147483647,2147483647,2147483647,2147483647,-113,13,Swisscom,false,false
1429804116837,2147483647,2147483647,2147483647,2147483647,-113,13,Swisscom,false,false
1429804116837,2147483647,2147483647,2147483647,2147483647,-113,13,Swisscom,false,false
1429804116837,2147483647,2147483647,2147483647,2147483647,-113,13,Swisscom,false,false
1429804116837,2147483647,2147483647,2147483647,2147483647,-113,13,Swisscom,false,false
1429804116837,2147483647,2147483647,2147483647,2147483647,-113,13,Swisscom,false,false
1429804116837,2147483647,2147483647,2147483647,2147483647,-113,13,Swisscom,false,false
1429804116837,2147483647,2147483647,2147483647,2147483647,-113,13,Swisscom,false,false
1429804116837,2147483647,2147483647,2147483647,2147483647,0,13,Swisscom,false,false
1429804177080,17113090,101,1,228,-102,13,Swisscom,true,false
1429804177080,176,2147483647,2147483647,2147483647,-117,13,Swisscom,false,false
1429804177080,380,2147483647,2147483647,2147483647,-116,13,Swisscom,false,false
1429804177080,157,2147483647,2147483647,2147483647,-118,13,Swisscom,false,false
1429804177080,101,2147483647,2147483647,2147483647,-120,13,Swisscom,false,false
1429804177080,2147483647,2147483647,2147483647,2147483647,-113,13,Swisscom,false,false
1429804177080,2147483647,2147483647,2147483647,2147483647,-113,13,Swisscom,false,false
1429804177080,2147483647,2147483647,2147483647,2147483647,-113,13,Swisscom,false,false
1429804177080,2147483647,2147483647,2147483647,2147483647,-113,13,Swisscom,false,false
1429804177080,2147483647,2147483647,2147483647,2147483647,-113,13,Swisscom,false,false
1429804177080,2147483647,2147483647,2147483647,2147483647,-113,13,Swisscom,false,false
1429804177080,2147483647,2147483647,2147483647,2147483647,-113,13,Swisscom,false,false
1429804177080,2147483647,2147483647,2147483647,2147483647,-113,13,Swisscom,false,false
1429804177080,2147483647,2147483647,2147483647,2147483647,-113,13,Swisscom,false,false
1429804177080,2147483647,2147483647,2147483647,2147483647,-113,13,Swisscom,false,false
1429804177080,2147483647,2147483647,2147483647,2147483647,-113,13,Swisscom,false,false
1429804177080,2147483647,2147483647,2147483647,2147483647,-113,13,Swisscom,false,false
1429804177080,2147483647,2147483647,2147483647,2147483647,-113,13,Swisscom,false,false
1429804177080,2147483647,2147483647,2147483647,2147483647,-113,13,Swisscom,false,false
1429804177080,2147483647,2147483647,2147483647,2147483647,-113,13,Swisscom,false,false
1429804237388,17113090,101,1,228,-104,13,Swisscom,true,false
1429804237388,176,2147483647,2147483647,2147483647,-110,13,Swisscom,false,false
1429804237388,380,2147483647,2147483647,2147483647,-111,13,Swisscom,false,false
1429804237388,52,2147483647,2147483647,2147483647,-111,13,Swisscom,false,false
1429804237388,124,2147483647,2147483647,2147483647,-115,13,Swisscom,false,false
1429804237388,2147483647,2147483647,2147483647,2147483647,-113,13,Swisscom,false,false
1429804237388,2147483647,2147483647,2147483647,2147483647,-113,13,Swisscom,false,false
1429804237388,2147483647,2147483647,2147483647,2147483647,-113,13,Swisscom,false,false
1429804237388,2147483647,2147483647,2147483647,2147483647,-113,13,Swisscom,false,false
1429804237388,2147483647,2147483647,2147483647,2147483647,-113,13,Swisscom,false,false
1429804237388,2147483647,2147483647,2147483647,2147483647,-113,13,Swisscom,false,false
1429804237388,2147483647,2147483647,2147483647,2147483647,-113,13,Swisscom,false,false
1429804237388,2147483647,2147483647,2147483647,2147483647,-113,13,Swisscom,false,false
1429804237388,2147483647,2147483647,2147483647,2147483647,-113,13,Swisscom,false,false
1429804237388,2147483647,2147483647,2147483647,2147483647,-113,13,Swisscom,false,false
1429804237388,2147483647,2147483647,2147483647,2147483647,-113,13,Swisscom,false,false
1429804237388,2147483647,2147483647,2147483647,2147483647,-113,13,Swisscom,false,false
1429804237388,2147483647,2147483647,2147483647,2147483647,-113,13,Swisscom,false,false
1429804237388,2147483647,2147483647,2147483647,2147483647,-113,13,Swisscom,false,false
1429804237388,2147483647,2147483647,2147483647,2147483647,-113,13,Swisscom,false,false
1429804297756,17113090,101,1,228,-104,13,Swisscom,true,false
1429804297756,176,2147483647,2147483647,2147483647,-108,13,Swisscom,false,false
1429804357757,17113090,101,1,228,-103,13,Swisscom,true,false
1429804357757,198,2147483647,2147483647,2147483647,-119,13,Swisscom,false,false
1429804357757,176,2147483647,2147483647,2147483647,-109,13,Swisscom,false,false
1429804417852,17113090,101,1,228,-108,13,Swisscom,true,false
1429804417852,176,2147483647,2147483647,2147483647,-111,13,Swisscom,false,false
1429804417852,175,2147483647,2147483647,2147483647,-116,13,Swisscom,false,false
1429804417852,124,2147483647,2147483647,2147483647,-118,13,Swisscom,false,false
1429804417852,2147483647,2147483647,2147483647,2147483647,-113,13,Swisscom,false,false
1429804417852,2147483647,2147483647,2147483647,2147483647,-113,13,Swisscom,false,false
1429804417852,2147483647,2147483647,2147483647,2147483647,-113,13,Swisscom,false,false
1429804417852,2147483647,2147483647,2147483647,2147483647,-113,13,Swisscom,false,false
1429804417852,2147483647,2147483647,2147483647,2147483647,-113,13,Swisscom,false,false
1429804417852,2147483647,2147483647,2147483647,2147483647,-113,13,Swisscom,false,false
1429804417852,2147483647,2147483647,2147483647,2147483647,-113,13,Swisscom,false,false
1429804417852,2147483647,2147483647,2147483647,2147483647,-113,13,Swisscom,false,false
1429804417852,2147483647,2147483647,2147483647,2147483647,-113,13,Swisscom,false,false
1429804417852,2147483647,2147483647,2147483647,2147483647,-113,13,Swisscom,false,false
1429804417852,2147483647,2147483647,2147483647,2147483647,-113,13,Swisscom,false,false
1429804417852,2147483647,2147483647,2147483647,2147483647,-113,13,Swisscom,false,false
1429804417852,2147483647,2147483647,2147483647,2147483647,-113,13,Swisscom,false,false
1429804417852,2147483647,2147483647,2147483647,2147483647,-113,13,Swisscom,false,false
1429804417852,2147483647,2147483647,2147483647,2147483647,-113,13,Swisscom,false,false
1429804477848,17113090,101,1,228,-107,13,Swisscom,true,false
1429804477848,176,2147483647,2147483647,2147483647,-110,13,Swisscom,false,false
1429804543417,17113090,101,1,228,-103,13,Swisscom,true,false
1429804543417,176,2147483647,2147483647,2147483647,-105,13,Swisscom,false,false
1429804543417,380,2147483647,2147483647,2147483647,-109,13,Swisscom,false,false
1429804543417,2147483647,2147483647,2147483647,2147483647,-113,13,Swisscom,false,false
1429804543417,2147483647,2147483647,2147483647,2147483647,-113,13,Swisscom,false,false
1429804543417,2147483647,2147483647,2147483647,2147483647,-113,13,Swisscom,false,false
1429804543417,2147483647,2147483647,2147483647,2147483647,-113,13,Swisscom,false,false
1429804543417,2147483647,2147483647,2147483647,2147483647,-113,13,Swisscom,false,false
1429804543417,2147483647,2147483647,2147483647,2147483647,-113,13,Swisscom,false,false
1429804543417,2147483647,2147483647,2147483647,2147483647,-113,13,Swisscom,false,false
1429804543417,2147483647,2147483647,2147483647,2147483647,-113,13,Swisscom,false,false
1429804543417,2147483647,2147483647,2147483647,2147483647,-113,13,Swisscom,false,false
1429804543417,2147483647,2147483647,2147483647,2147483647,-113,13,Swisscom,false,false
1429804543417,2147483647,2147483647,2147483647,2147483647,-113,13,Swisscom,false,false
1429804543417,2147483647,2147483647,2147483647,2147483647,-113,13,Swisscom,false,false
1429804543417,2147483647,2147483647,2147483647,2147483647,-113,13,Swisscom,false,false
1429804543417,2147483647,2147483647,2147483647,2147483647,-113,13,Swisscom,false,false
1429804543417,2147483647,2147483647,2147483647,2147483647,-113,13,Swisscom,false,false
1429804603423,17113090,101,1,228,-103,13,Swisscom,true,false
1429804603423,176,2147483647,2147483647,2147483647,-105,13,Swisscom,false,false
1429804603423,380,2147483647,2147483647,2147483647,-115,13,Swisscom,false,false
1429804603423,52,2147483647,2147483647,2147483647,-109,13,Swisscom,false,false
1429804603423,2147483647,2147483647,2147483647,2147483647,-113,13,Swisscom,false,false
1429804603423,2147483647,2147483647,2147483647,2147483647,-113,13,Swisscom,false,false
1429804603423,2147483647,2147483647,2147483647,2147483647,-113,13,Swisscom,false,false
1429804603423,2147483647,2147483647,2147483647,2147483647,-113,13,Swisscom,false,false
1429804603423,2147483647,2147483647,2147483647,2147483647,-113,13,Swisscom,false,false
1429804603423,2147483647,2147483647,2147483647,2147483647,-113,13,Swisscom,false,false
1429804603423,2147483647,2147483647,2147483647,2147483647,-113,13,Swisscom,false,false
1429804603423,2147483647,2147483647,2147483647,2147483647,-113,13,Swisscom,false,false
1429804603423,2147483647,2147483647,2147483647,2147483647,-113,13,Swisscom,false,false
1429804603423,2147483647,2147483647,2147483647,2147483647,-113,13,Swisscom,false,false
1429804603423,2147483647,2147483647,2147483647,2147483647,-113,13,Swisscom,false,false
1429804603423,2147483647,2147483647,2147483647,2147483647,-113,13,Swisscom,false,false
1429804603423,2147483647,2147483647,2147483647,2147483647,-113,13,Swisscom,false,false
1429804603423,2147483647,2147483647,2147483647,2147483647,-113,13,Swisscom,false,false
1429804603423,2147483647,2147483647,2147483647,2147483647,-113,13,Swisscom,false,false
1429804663792,17113090,101,1,228,-104,13,Swisscom,true,false
1429804663792,176,2147483647,2147483647,2147483647,-105,13,Swisscom,false,false
1429804663792,52,2147483647,2147483647,2147483647,-114,13,Swisscom,false,false
1429804663792,380,2147483647,2147483647,2147483647,-113,13,Swisscom,false,false
1429804663792,2147483647,2147483647,2147483647,2147483647,-113,13,Swisscom,false,false
1429804663792,2147483647,2147483647,2147483647,2147483647,-113,13,Swisscom,false,false
1429804663792,2147483647,2147483647,2147483647,2147483647,-113,13,Swisscom,false,false
1429804663792,2147483647,2147483647,2147483647,2147483647,-113,13,Swisscom,false,false
1429804663792,2147483647,2147483647,2147483647,2147483647,-113,13,Swisscom,false,false
1429804663792,2147483647,2147483647,2147483647,2147483647,-113,13,Swisscom,false,false
1429804663792,2147483647,2147483647,2147483647,2147483647,-113,13,Swisscom,false,false
1429804663792,2147483647,2147483647,2147483647,2147483647,-113,13,Swisscom,false,false
1429804663792,2147483647,2147483647,2147483647,2147483647,-113,13,Swisscom,false,false
1429804663792,2147483647,2147483647,2147483647,2147483647,-113,13,Swisscom,false,false
1429804663792,2147483647,2147483647,2147483647,2147483647,-113,13,Swisscom,false,false
1429804663792,2147483647,2147483647,2147483647,2147483647,-113,13,Swisscom,false,false
1429804663792,2147483647,2147483647,2147483647,2147483647,-113,13,Swisscom,false,false
1429804663792,2147483647,2147483647,2147483647,2147483647,-113,13,Swisscom,false,false
1429804663792,2147483647,2147483647,2147483647,2147483647,-113,13,Swisscom,false,false
1429804723956,17113090,101,1,228,-105,13,Swisscom,true,false
1429804723956,380,2147483647,2147483647,2147483647,-114,13,Swisscom,false,false
1429804723956,52,2147483647,2147483647,2147483647,-119,13,Swisscom,false,false
1429804723956,198,2147483647,2147483647,2147483647,-114,13,Swisscom,false,false
1429804784238,17113090,101,1,228,-106,13,Swisscom,true,false
1429804784238,176,2147483647,2147483647,2147483647,-105,13,Swisscom,false,false
1429804784238,175,2147483647,2147483647,2147483647,-110,13,Swisscom,false,false
1429804784238,198,2147483647,2147483647,2147483647,-119,13,Swisscom,false,false
1429804784238,2147483647,2147483647,2147483647,2147483647,-113,13,Swisscom,false,false
1429804784238,2147483647,2147483647,2147483647,2147483647,-113,13,Swisscom,false,false
1429804784238,2147483647,2147483647,2147483647,2147483647,-113,13,Swisscom,false,false
1429804784238,2147483647,2147483647,2147483647,2147483647,-113,13,Swisscom,false,false
1429804784238,2147483647,2147483647,2147483647,2147483647,-113,13,Swisscom,false,false
1429804784238,2147483647,2147483647,2147483647,2147483647,-113,13,Swisscom,false,false
1429804784238,2147483647,2147483647,2147483647,2147483647,-113,13,Swisscom,false,false
1429804784238,2147483647,2147483647,2147483647,2147483647,-113,13,Swisscom,false,false
1429804784238,2147483647,2147483647,2147483647,2147483647,-113,13,Swisscom,false,false
1429804784238,2147483647,2147483647,2147483647,2147483647,-113,13,Swisscom,false,false
1429804784238,2147483647,2147483647,2147483647,2147483647,-113,13,Swisscom,false,false
1429804784238,2147483647,2147483647,2147483647,2147483647,-113,13,Swisscom,false,false
1429804784238,2147483647,2147483647,2147483647,2147483647,-113,13,Swisscom,false,false
1429804784238,2147483647,2147483647,2147483647,2147483647,-113,13,Swisscom,false,false
1429804784238,2147483647,2147483647,2147483647,2147483647,-113,13,Swisscom,false,false
1429804844331,17113090,101,1,228,-104,13,Swisscom,true,false
1429804844331,198,2147483647,2147483647,2147483647,-121,13,Swisscom,false,false
1429804844331,52,2147483647,2147483647,2147483647,-118,13,Swisscom,false,false
1429804844331,83,2147483647,2147483647,2147483647,-116,13,Swisscom,false,false
1429804904328,17113090,101,1,228,-104,13,Swisscom,true,false
1429804904328,176,2147483647,2147483647,2147483647,-107,13,Swisscom,false,false
1429804904328,52,2147483647,2147483647,2147483647,-111,13,Swisscom,false,false
1429804904328,380,2147483647,2147483647,2147483647,-114,13,Swisscom,false,false
1429804904328,83,2147483647,2147483647,2147483647,-113,13,Swisscom,false,false
1429804904328,175,2147483647,2147483647,2147483647,-112,13,Swisscom,false,false
1429804904328,2147483647,2147483647,2147483647,2147483647,-113,13,Swisscom,false,false
1429804904328,2147483647,2147483647,2147483647,2147483647,-113,13,Swisscom,false,false
1429804904328,2147483647,2147483647,2147483647,2147483647,-113,13,Swisscom,false,false
1429804904328,2147483647,2147483647,2147483647,2147483647,-113,13,Swisscom,false,false
1429804904328,2147483647,2147483647,2147483647,2147483647,-113,13,Swisscom,false,false
1429804904328,2147483647,2147483647,2147483647,2147483647,-113,13,Swisscom,false,false
1429804904328,2147483647,2147483647,2147483647,2147483647,-113,13,Swisscom,false,false
1429804904328,2147483647,2147483647,2147483647,2147483647,-113,13,Swisscom,false,false
1429804904328,2147483647,2147483647,2147483647,2147483647,-113,13,Swisscom,false,false
1429804904328,2147483647,2147483647,2147483647,2147483647,-113,13,Swisscom,false,false
1429804904328,2147483647,2147483647,2147483647,2147483647,-113,13,Swisscom,false,false
1429804904328,2147483647,2147483647,2147483647,2147483647,-113,13,Swisscom,false,false
1429804904328,2147483647,2147483647,2147483647,2147483647,-113,13,Swisscom,false,false
1429804904328,2147483647,2147483647,2147483647,2147483647,-113,13,Swisscom,false,false
1429804904328,2147483647,2147483647,2147483647,2147483647,-113,13,Swisscom,false,false
1429804964403,17113090,101,1,228,-104,13,Swisscom,true,false
1429804964403,176,2147483647,2147483647,2147483647,-104,13,Swisscom,false,false
1429804964403,124,2147483647,2147483647,2147483647,-113,13,Swisscom,false,false
1429804964403,2147483647,2147483647,2147483647,2147483647,-113,13,Swisscom,false,false
1429804964403,2147483647,2147483647,2147483647,2147483647,-113,13,Swisscom,false,false
1429804964403,2147483647,2147483647,2147483647,2147483647,-113,13,Swisscom,false,false
1429804964403,2147483647,2147483647,2147483647,2147483647,-113,13,Swisscom,false,false
1429804964403,2147483647,2147483647,2147483647,2147483647,-113,13,Swisscom,false,false
1429804964403,2147483647,2147483647,2147483647,2147483647,-113,13,Swisscom,false,false
1429804964403,2147483647,2147483647,2147483647,2147483647,-113,13,Swisscom,false,false
1429804964403,2147483647,2147483647,2147483647,2147483647,-113,13,Swisscom,false,false
1429804964403,2147483647,2147483647,2147483647,2147483647,-113,13,Swisscom,false,false
1429804964403,2147483647,2147483647,2147483647,2147483647,-113,13,Swisscom,false,false
1429804964403,2147483647,2147483647,2147483647,2147483647,-113,13,Swisscom,false,false
1429804964403,2147483647,2147483647,2147483647,2147483647,-113,13,Swisscom,false,false
1429804964403,2147483647,2147483647,2147483647,2147483647,-113,13,Swisscom,false,false
1429804964403,2147483647,2147483647,2147483647,2147483647,-113,13,Swisscom,false,false
1429804964403,2147483647,2147483647,2147483647,2147483647,-113,13,Swisscom,false,false
1429805024473,17113090,101,1,228,-103,13,Swisscom,true,false
1429805024473,176,2147483647,2147483647,2147483647,-106,13,Swisscom,false,false
1429805024473,52,2147483647,2147483647,2147483647,-111,13,Swisscom,false,false
1429805024473,380,2147483647,2147483647,2147483647,-115,13,Swisscom,false,false
1429805024473,198,2147483647,2147483647,2147483647,-118,13,Swisscom,false,false
1429805024473,2147483647,2147483647,2147483647,2147483647,-113,13,Swisscom,false,false
1429805024473,2147483647,2147483647,2147483647,2147483647,-113,13,Swisscom,false,false
1429805024473,2147483647,2147483647,2147483647,2147483647,-113,13,Swisscom,false,false
1429805024473,2147483647,2147483647,2147483647,2147483647,-113,13,Swisscom,false,false
1429805024473,2147483647,2147483647,2147483647,2147483647,-113,13,Swisscom,false,false
1429805024473,2147483647,2147483647,2147483647,2147483647,-113,13,Swisscom,false,false
1429805024473,2147483647,2147483647,2147483647,2147483647,-113,13,Swisscom,false,false
1429805024473,2147483647,2147483647,2147483647,2147483647,-113,13,Swisscom,false,false
1429805024473,2147483647,2147483647,2147483647,2147483647,-113,13,Swisscom,false,false
1429805024473,2147483647,2147483647,2147483647,2147483647,-113,13,Swisscom,false,false
1429805024473,2147483647,2147483647,2147483647,2147483647,-113,13,Swisscom,false,false
1429805024473,2147483647,2147483647,2147483647,2147483647,-113,13,Swisscom,false,false
1429805024473,2147483647,2147483647,2147483647,2147483647,-113,13,Swisscom,false,false
1429805024473,2147483647,2147483647,2147483647,2147483647,-113,13,Swisscom,false,false
1429805024473,2147483647,2147483647,2147483647,2147483647,-113,13,Swisscom,false,false
1429805084551,17113090,101,1,228,-102,13,Swisscom,true,false
1429805084551,176,2147483647,2147483647,2147483647,-105,13,Swisscom,false,false
1429805084551,124,2147483647,2147483647,2147483647,-117,13,Swisscom,false,false
1429805144640,17113090,101,1,228,-102,13,Swisscom,true,false
1429805144640,176,2147483647,2147483647,2147483647,-107,13,Swisscom,false,false
1429805144640,380,2147483647,2147483647,2147483647,-113,13,Swisscom,false,false
1429805144640,2147483647,2147483647,2147483647,2147483647,-113,13,Swisscom,false,false
1429805144640,2147483647,2147483647,2147483647,2147483647,-113,13,Swisscom,false,false
1429805144640,2147483647,2147483647,2147483647,2147483647,-113,13,Swisscom,false,false
1429805144640,2147483647,2147483647,2147483647,2147483647,-113,13,Swisscom,false,false
1429805144640,2147483647,2147483647,2147483647,2147483647,-113,13,Swisscom,false,false
1429805144640,2147483647,2147483647,2147483647,2147483647,-113,13,Swisscom,false,false
1429805144640,2147483647,2147483647,2147483647,2147483647,-113,13,Swisscom,false,false
1429805144640,2147483647,2147483647,2147483647,2147483647,-113,13,Swisscom,false,false
1429805144640,2147483647,2147483647,2147483647,2147483647,-113,13,Swisscom,false,false
1429805144640,2147483647,2147483647,2147483647,2147483647,-113,13,Swisscom,false,false
1429805144640,2147483647,2147483647,2147483647,2147483647,-113,13,Swisscom,false,false
1429805144640,2147483647,2147483647,2147483647,2147483647,-113,13,Swisscom,false,false
1429805144640,2147483647,2147483647,2147483647,2147483647,-113,13,Swisscom,false,false
1429805144640,2147483647,2147483647,2147483647,2147483647,-113,13,Swisscom,false,false
1429805144640,2147483647,2147483647,2147483647,2147483647,-113,13,Swisscom,false,false
1429805204796,17113090,101,1,228,-102,13,Swisscom,true,false
1429805204796,380,2147483647,2147483647,2147483647,-115,13,Swisscom,false,false
1429805204796,138,2147483647,2147483647,2147483647,-116,13,Swisscom,false,false
1429805264809,17113090,101,1,228,-103,13,Swisscom,true,false
1429805264809,176,2147483647,2147483647,2147483647,-105,13,Swisscom,false,false
1429805324892,17113090,101,1,228,-104,13,Swisscom,true,false
1429805324892,52,2147483647,2147483647,2147483647,-120,13,Swisscom,false,false
1429805324892,124,2147483647,2147483647,2147483647,-121,13,Swisscom,false,false
1429805324892,83,2147483647,2147483647,2147483647,-120,13,Swisscom,false,false
1429805385041,17113090,101,1,228,-106,13,Swisscom,true,false
1429805385041,176,2147483647,2147483647,2147483647,-110,13,Swisscom,false,false
1429805385041,52,2147483647,2147483647,2147483647,-113,13,Swisscom,false,false
1429805385041,124,2147483647,2147483647,2147483647,-120,13,Swisscom,false,false
1429805385041,2147483647,2147483647,2147483647,2147483647,-113,13,Swisscom,false,false
1429805385041,2147483647,2147483647,2147483647,2147483647,-113,13,Swisscom,false,false
1429805385041,2147483647,2147483647,2147483647,2147483647,-113,13,Swisscom,false,false
1429805385041,2147483647,2147483647,2147483647,2147483647,-113,13,Swisscom,false,false
1429805385041,2147483647,2147483647,2147483647,2147483647,-113,13,Swisscom,false,false
1429805385041,2147483647,2147483647,2147483647,2147483647,-113,13,Swisscom,false,false
1429805385041,2147483647,2147483647,2147483647,2147483647,-113,13,Swisscom,false,false
1429805385041,2147483647,2147483647,2147483647,2147483647,-113,13,Swisscom,false,false
1429805385041,2147483647,2147483647,2147483647,2147483647,-113,13,Swisscom,false,false
1429805385041,2147483647,2147483647,2147483647,2147483647,-113,13,Swisscom,false,false
1429805385041,2147483647,2147483647,2147483647,2147483647,-113,13,Swisscom,false,false
1429805385041,2147483647,2147483647,2147483647,2147483647,-113,13,Swisscom,false,false
1429805385041,2147483647,2147483647,2147483647,2147483647,-113,13,Swisscom,false,false
1429805385041,2147483647,2147483647,2147483647,2147483647,-113,13,Swisscom,false,false
1429805385041,2147483647,2147483647,2147483647,2147483647,-113,13,Swisscom,false,false
1429805445116,17113090,101,1,228,-104,13,Swisscom,true,false
1429805445116,176,2147483647,2147483647,2147483647,-107,13,Swisscom,false,false
1429805445116,198,2147483647,2147483647,2147483647,-118,13,Swisscom,false,false
1429805445116,380,2147483647,2147483647,2147483647,-120,13,Swisscom,false,false
1429805445116,124,2147483647,2147483647,2147483647,-119,13,Swisscom,false,false
1429805445116,2147483647,2147483647,2147483647,2147483647,-113,13,Swisscom,false,false
1429805445116,2147483647,2147483647,2147483647,2147483647,-113,13,Swisscom,false,false
1429805445116,2147483647,2147483647,2147483647,2147483647,-113,13,Swisscom,false,false
1429805445116,2147483647,2147483647,2147483647,2147483647,-113,13,Swisscom,false,false
1429805445116,2147483647,2147483647,2147483647,2147483647,-113,13,Swisscom,false,false
1429805445116,2147483647,2147483647,2147483647,2147483647,-113,13,Swisscom,false,false
1429805445116,2147483647,2147483647,2147483647,2147483647,-113,13,Swisscom,false,false
1429805445116,2147483647,2147483647,2147483647,2147483647,-113,13,Swisscom,false,false
1429805445116,2147483647,2147483647,2147483647,2147483647,-113,13,Swisscom,false,false
1429805445116,2147483647,2147483647,2147483647,2147483647,-113,13,Swisscom,false,false
1429805445116,2147483647,2147483647,2147483647,2147483647,-113,13,Swisscom,false,false
1429805445116,2147483647,2147483647,2147483647,2147483647,-113,13,Swisscom,false,false
1429805445116,2147483647,2147483647,2147483647,2147483647,-113,13,Swisscom,false,false
1429805445116,2147483647,2147483647,2147483647,2147483647,-113,13,Swisscom,false,false
1429805445116,2147483647,2147483647,2147483647,2147483647,-113,13,Swisscom,false,false
1429805505198,17113090,101,1,228,-104,13,Swisscom,true,false
1429805505198,176,2147483647,2147483647,2147483647,-107,13,Swisscom,false,false
1429805505198,175,2147483647,2147483647,2147483647,-112,13,Swisscom,false,false
1429805505198,2147483647,2147483647,2147483647,2147483647,-113,13,Swisscom,false,false
1429805505198,2147483647,2147483647,2147483647,2147483647,-113,13,Swisscom,false,false
1429805505198,2147483647,2147483647,2147483647,2147483647,-113,13,Swisscom,false,false
1429805505198,2147483647,2147483647,2147483647,2147483647,-113,13,Swisscom,false,false
1429805505198,2147483647,2147483647,2147483647,2147483647,-113,13,Swisscom,false,false
1429805505198,2147483647,2147483647,2147483647,2147483647,-113,13,Swisscom,false,false
1429805505198,2147483647,2147483647,2147483647,2147483647,-113,13,Swisscom,false,false
1429805505198,2147483647,2147483647,2147483647,2147483647,-113,13,Swisscom,false,false
1429805505198,2147483647,2147483647,2147483647,2147483647,-113,13,Swisscom,false,false
1429805505198,2147483647,2147483647,2147483647,2147483647,-113,13,Swisscom,false,false
1429805505198,2147483647,2147483647,2147483647,2147483647,-113,13,Swisscom,false,false
1429805505198,2147483647,2147483647,2147483647,2147483647,-113,13,Swisscom,false,false
1429805505198,2147483647,2147483647,2147483647,2147483647,-113,13,Swisscom,false,false
1429805505198,2147483647,2147483647,2147483647,2147483647,-113,13,Swisscom,false,false
1429805505198,2147483647,2147483647,2147483647,2147483647,-113,13,Swisscom,false,false
1429805565361,17113090,101,1,228,-103,13,Swisscom,true,false
1429805565361,176,2147483647,2147483647,2147483647,-107,13,Swisscom,false,false
1429805565361,2147483647,2147483647,2147483647,2147483647,-113,13,Swisscom,false,false
1429805565361,2147483647,2147483647,2147483647,2147483647,-113,13,Swisscom,false,false
1429805565361,2147483647,2147483647,2147483647,2147483647,-113,13,Swisscom,false,false
1429805565361,2147483647,2147483647,2147483647,2147483647,-113,13,Swisscom,false,false
1429805565361,2147483647,2147483647,2147483647,2147483647,-113,13,Swisscom,false,false
1429805565361,2147483647,2147483647,2147483647,2147483647,-113,13,Swisscom,false,false
1429805565361,2147483647,2147483647,2147483647,2147483647,-113,13,Swisscom,false,false
1429805565361,2147483647,2147483647,2147483647,2147483647,-113,13,Swisscom,false,false
1429805565361,2147483647,2147483647,2147483647,2147483647,-113,13,Swisscom,false,false
1429805565361,2147483647,2147483647,2147483647,2147483647,-113,13,Swisscom,false,false
1429805565361,2147483647,2147483647,2147483647,2147483647,-113,13,Swisscom,false,false
1429805565361,2147483647,2147483647,2147483647,2147483647,-113,13,Swisscom,false,false
1429805565361,2147483647,2147483647,2147483647,2147483647,-113,13,Swisscom,false,false
1429805565361,2147483647,2147483647,2147483647,2147483647,-113,13,Swisscom,false,false
1429805565361,2147483647,2147483647,2147483647,2147483647,-113,13,Swisscom,false,false
1429805625391,17113090,101,1,228,-103,13,Swisscom,true,false
1429805625391,176,2147483647,2147483647,2147483647,-106,13,Swisscom,false,false
1429805625391,380,2147483647,2147483647,2147483647,-117,13,Swisscom,false,false
1429805625391,124,2147483647,2147483647,2147483647,-119,13,Swisscom,false,false
1429805625391,2147483647,2147483647,2147483647,2147483647,-113,13,Swisscom,false,false
1429805625391,2147483647,2147483647,2147483647,2147483647,-113,13,Swisscom,false,false
1429805625391,2147483647,2147483647,2147483647,2147483647,-113,13,Swisscom,false,false
1429805625391,2147483647,2147483647,2147483647,2147483647,-113,13,Swisscom,false,false
1429805625391,2147483647,2147483647,2147483647,2147483647,-113,13,Swisscom,false,false
1429805625391,2147483647,2147483647,2147483647,2147483647,-113,13,Swisscom,false,false
1429805625391,2147483647,2147483647,2147483647,2147483647,-113,13,Swisscom,false,false
1429805625391,2147483647,2147483647,2147483647,2147483647,-113,13,Swisscom,false,false
1429805625391,2147483647,2147483647,2147483647,2147483647,-113,13,Swisscom,false,false
1429805625391,2147483647,2147483647,2147483647,2147483647,-113,13,Swisscom,false,false
1429805625391,2147483647,2147483647,2147483647,2147483647,-113,13,Swisscom,false,false
1429805625391,2147483647,2147483647,2147483647,2147483647,-113,13,Swisscom,false,false
1429805625391,2147483647,2147483647,2147483647,2147483647,-113,13,Swisscom,false,false
1429805625391,2147483647,2147483647,2147483647,2147483647,-113,13,Swisscom,false,false
1429805625391,2147483647,2147483647,2147483647,2147483647,-113,13,Swisscom,false,false
1429805685477,17113090,101,1,228,-104,13,Swisscom,true,false
1429805685477,176,2147483647,2147483647,2147483647,-107,13,Swisscom,false,false
1429805685477,52,2147483647,2147483647,2147483647,-113,13,Swisscom,false,false
1429805685477,175,2147483647,2147483647,2147483647,-115,13,Swisscom,false,false
1429805685477,124,2147483647,2147483647,2147483647,-119,13,Swisscom,false,false
1429805685477,2147483647,2147483647,2147483647,2147483647,-113,13,Swisscom,false,false
1429805685477,2147483647,2147483647,2147483647,2147483647,-113,13,Swisscom,false,false
1429805685477,2147483647,2147483647,2147483647,2147483647,-113,13,Swisscom,false,false
1429805685477,2147483647,2147483647,2147483647,2147483647,-113,13,Swisscom,false,false
1429805685477,2147483647,2147483647,2147483647,2147483647,-113,13,Swisscom,false,false
1429805685477,2147483647,2147483647,2147483647,2147483647,-113,13,Swisscom,false,false
1429805685477,2147483647,2147483647,2147483647,2147483647,-113,13,Swisscom,false,false
1429805685477,2147483647,2147483647,2147483647,2147483647,-113,13,Swisscom,false,false
1429805685477,2147483647,2147483647,2147483647,2147483647,-113,13,Swisscom,false,false
1429805685477,2147483647,2147483647,2147483647,2147483647,-113,13,Swisscom,false,false
1429805685477,2147483647,2147483647,2147483647,2147483647,-113,13,Swisscom,false,false
1429805685477,2147483647,2147483647,2147483647,2147483647,-113,13,Swisscom,false,false
1429805685477,2147483647,2147483647,2147483647,2147483647,-113,13,Swisscom,false,false
1429805685477,2147483647,2147483647,2147483647,2147483647,-113,13,Swisscom,false,false
1429805685477,2147483647,2147483647,2147483647,2147483647,-113,13,Swisscom,false,false
1429805745568,17113090,101,1,228,-104,13,Swisscom,true,false
1429805745568,176,2147483647,2147483647,2147483647,-106,13,Swisscom,false,false
1429805745568,175,2147483647,2147483647,2147483647,-113,13,Swisscom,false,false
1429805745568,124,2147483647,2147483647,2147483647,-119,13,Swisscom,false,false
1429805745568,2147483647,2147483647,2147483647,2147483647,-113,13,Swisscom,false,false
1429805745568,2147483647,2147483647,2147483647,2147483647,-113,13,Swisscom,false,false
1429805745568,2147483647,2147483647,2147483647,2147483647,-113,13,Swisscom,false,false
1429805745568,2147483647,2147483647,2147483647,2147483647,-113,13,Swisscom,false,false
1429805745568,2147483647,2147483647,2147483647,2147483647,-113,13,Swisscom,false,false
1429805745568,2147483647,2147483647,2147483647,2147483647,-113,13,Swisscom,false,false
1429805745568,2147483647,2147483647,2147483647,2147483647,-113,13,Swisscom,false,false
1429805745568,2147483647,2147483647,2147483647,2147483647,-113,13,Swisscom,false,false
1429805745568,2147483647,2147483647,2147483647,2147483647,-113,13,Swisscom,false,false
1429805745568,2147483647,2147483647,2147483647,2147483647,-113,13,Swisscom,false,false
1429805745568,2147483647,2147483647,2147483647,2147483647,-113,13,Swisscom,false,false
1429805745568,2147483647,2147483647,2147483647,2147483647,-113,13,Swisscom,false,false
1429805745568,2147483647,2147483647,2147483647,2147483647,-113,13,Swisscom,false,false
1429805745568,2147483647,2147483647,2147483647,2147483647,-113,13,Swisscom,false,false
1429805745568,2147483647,2147483647,2147483647,2147483647,-113,13,Swisscom,false,false
1429805805662,17113090,101,1,228,-104,13,Swisscom,true,false
1429805805662,176,2147483647,2147483647,2147483647,-106,13,Swisscom,false,false
1429805805662,52,2147483647,2147483647,2147483647,-113,13,Swisscom,false,false
1429805805662,380,2147483647,2147483647,2147483647,-118,13,Swisscom,false,false
1429805805662,124,2147483647,2147483647,2147483647,-120,13,Swisscom,false,false
1429805805662,2147483647,2147483647,2147483647,2147483647,-113,13,Swisscom,false,false
1429805805662,2147483647,2147483647,2147483647,2147483647,-113,13,Swisscom,false,false
1429805805662,2147483647,2147483647,2147483647,2147483647,-113,13,Swisscom,false,false
1429805805662,2147483647,2147483647,2147483647,2147483647,-113,13,Swisscom,false,false
1429805805662,2147483647,2147483647,2147483647,2147483647,-113,13,Swisscom,false,false
1429805805662,2147483647,2147483647,2147483647,2147483647,-113,13,Swisscom,false,false
1429805805662,2147483647,2147483647,2147483647,2147483647,-113,13,Swisscom,false,false
1429805805662,2147483647,2147483647,2147483647,2147483647,-113,13,Swisscom,false,false
1429805805662,2147483647,2147483647,2147483647,2147483647,-113,13,Swisscom,false,false
1429805805662,2147483647,2147483647,2147483647,2147483647,-113,13,Swisscom,false,false
1429805805662,2147483647,2147483647,2147483647,2147483647,-113,13,Swisscom,false,false
1429805805662,2147483647,2147483647,2147483647,2147483647,-113,13,Swisscom,false,false
1429805805662,2147483647,2147483647,2147483647,2147483647,-113,13,Swisscom,false,false
1429805805662,2147483647,2147483647,2147483647,2147483647,-113,13,Swisscom,false,false
1429805805662,2147483647,2147483647,2147483647,2147483647,-113,13,Swisscom,false,false
1429805865749,17113090,101,1,228,-103,13,Swisscom,true,false
1429805865749,176,2147483647,2147483647,2147483647,-106,13,Swisscom,false,false
1429805865749,2147483647,2147483647,2147483647,2147483647,-113,13,Swisscom,false,false
1429805865749,2147483647,2147483647,2147483647,2147483647,-113,13,Swisscom,false,false
1429805865749,2147483647,2147483647,2147483647,2147483647,-113,13,Swisscom,false,false
1429805865749,2147483647,2147483647,2147483647,2147483647,-113,13,Swisscom,false,false
1429805865749,2147483647,2147483647,2147483647,2147483647,-113,13,Swisscom,false,false
1429805865749,2147483647,2147483647,2147483647,2147483647,-113,13,Swisscom,false,false
1429805865749,2147483647,2147483647,2147483647,2147483647,-113,13,Swisscom,false,false
1429805865749,2147483647,2147483647,2147483647,2147483647,-113,13,Swisscom,false,false
1429805865749,2147483647,2147483647,2147483647,2147483647,-113,13,Swisscom,false,false
1429805865749,2147483647,2147483647,2147483647,2147483647,-113,13,Swisscom,false,false
1429805865749,2147483647,2147483647,2147483647,2147483647,-113,13,Swisscom,false,false
1429805865749,2147483647,2147483647,2147483647,2147483647,-113,13,Swisscom,false,false
1429805865749,2147483647,2147483647,2147483647,2147483647,-113,13,Swisscom,false,false
1429805865749,2147483647,2147483647,2147483647,2147483647,-113,13,Swisscom,false,false
1429805865749,2147483647,2147483647,2147483647,2147483647,-113,13,Swisscom,false,false
1429805925810,17113090,101,1,228,-104,13,Swisscom,true,false
1429805925810,176,2147483647,2147483647,2147483647,-108,13,Swisscom,false,false
1429805925810,52,2147483647,2147483647,2147483647,-113,13,Swisscom,false,false
1429805925810,124,2147483647,2147483647,2147483647,-115,13,Swisscom,false,false
1429805925810,2147483647,2147483647,2147483647,2147483647,-113,13,Swisscom,false,false
1429805925810,2147483647,2147483647,2147483647,2147483647,-113,13,Swisscom,false,false
1429805925810,2147483647,2147483647,2147483647,2147483647,-113,13,Swisscom,false,false
1429805925810,2147483647,2147483647,2147483647,2147483647,-113,13,Swisscom,false,false
1429805925810,2147483647,2147483647,2147483647,2147483647,-113,13,Swisscom,false,false
1429805925810,2147483647,2147483647,2147483647,2147483647,-113,13,Swisscom,false,false
1429805925810,2147483647,2147483647,2147483647,2147483647,-113,13,Swisscom,false,false
1429805925810,2147483647,2147483647,2147483647,2147483647,-113,13,Swisscom,false,false
1429805925810,2147483647,2147483647,2147483647,2147483647,-113,13,Swisscom,false,false
1429805925810,2147483647,2147483647,2147483647,2147483647,-113,13,Swisscom,false,false
1429805925810,2147483647,2147483647,2147483647,2147483647,-113,13,Swisscom,false,false
1429805925810,2147483647,2147483647,2147483647,2147483647,-113,13,Swisscom,false,false
1429805925810,2147483647,2147483647,2147483647,2147483647,-113,13,Swisscom,false,false
1429805925810,2147483647,2147483647,2147483647,2147483647,-113,13,Swisscom,false,false
1429805925810,2147483647,2147483647,2147483647,2147483647,-113,13,Swisscom,false,false
1429806002995,17113090,101,1,228,-103,13,Swisscom,true,false
1429806002995,176,2147483647,2147483647,2147483647,-107,13,Swisscom,false,false
1429806002995,52,2147483647,2147483647,2147483647,-113,13,Swisscom,false,false
1429806002995,175,2147483647,2147483647,2147483647,-114,13,Swisscom,false,false
1429806002995,2147483647,2147483647,2147483647,2147483647,-113,13,Swisscom,false,false
1429806002995,2147483647,2147483647,2147483647,2147483647,-113,13,Swisscom,false,false
1429806002995,2147483647,2147483647,2147483647,2147483647,-113,13,Swisscom,false,false
1429806002995,2147483647,2147483647,2147483647,2147483647,-113,13,Swisscom,false,false
1429806002995,2147483647,2147483647,2147483647,2147483647,-113,13,Swisscom,false,false
1429806002995,2147483647,2147483647,2147483647,2147483647,-113,13,Swisscom,false,false
1429806002995,2147483647,2147483647,2147483647,2147483647,-113,13,Swisscom,false,false
1429806002995,2147483647,2147483647,2147483647,2147483647,-113,13,Swisscom,false,false
1429806002995,2147483647,2147483647,2147483647,2147483647,-113,13,Swisscom,false,false
1429806002995,2147483647,2147483647,2147483647,2147483647,-113,13,Swisscom,false,false
1429806002995,2147483647,2147483647,2147483647,2147483647,-113,13,Swisscom,false,false
1429806002995,2147483647,2147483647,2147483647,2147483647,-113,13,Swisscom,false,false
1429806002995,2147483647,2147483647,2147483647,2147483647,-113,13,Swisscom,false,false
1429806002995,2147483647,2147483647,2147483647,2147483647,-113,13,Swisscom,false,false
1429806002995,2147483647,2147483647,2147483647,2147483647,-113,13,Swisscom,false,false
1429806063042,17113090,101,1,228,-103,13,Swisscom,true,false
1429806063042,176,2147483647,2147483647,2147483647,-108,13,Swisscom,false,false
1429806063042,83,2147483647,2147483647,2147483647,-115,13,Swisscom,false,false
1429806063042,175,2147483647,2147483647,2147483647,-116,13,Swisscom,false,false
1429806063042,124,2147483647,2147483647,2147483647,-120,13,Swisscom,false,false
1429806063042,2147483647,2147483647,2147483647,2147483647,-113,13,Swisscom,false,false
1429806063042,2147483647,2147483647,2147483647,2147483647,-113,13,Swisscom,false,false
1429806063042,2147483647,2147483647,2147483647,2147483647,-113,13,Swisscom,false,false
1429806063042,2147483647,2147483647,2147483647,2147483647,-113,13,Swisscom,false,false
1429806063042,2147483647,2147483647,2147483647,2147483647,-113,13,Swisscom,false,false
1429806063042,2147483647,2147483647,2147483647,2147483647,-113,13,Swisscom,false,false
1429806063042,2147483647,2147483647,2147483647,2147483647,-113,13,Swisscom,false,false
1429806063042,2147483647,2147483647,2147483647,2147483647,-113,13,Swisscom,false,false
1429806063042,2147483647,2147483647,2147483647,2147483647,-113,13,Swisscom,false,false
1429806063042,2147483647,2147483647,2147483647,2147483647,-113,13,Swisscom,false,false
1429806063042,2147483647,2147483647,2147483647,2147483647,-113,13,Swisscom,false,false
1429806063042,2147483647,2147483647,2147483647,2147483647,-113,13,Swisscom,false,false
1429806063042,2147483647,2147483647,2147483647,2147483647,-113,13,Swisscom,false,false
1429806063042,2147483647,2147483647,2147483647,2147483647,-113,13,Swisscom,false,false
1429806063042,2147483647,2147483647,2147483647,2147483647,-113,13,Swisscom,false,false
1429806123148,17113090,101,1,228,-104,13,Swisscom,true,false
1429806123148,176,2147483647,2147483647,2147483647,-107,13,Swisscom,false,false
1429806123148,175,2147483647,2147483647,2147483647,-114,13,Swisscom,false,false
1429806123148,52,2147483647,2147483647,2147483647,-115,13,Swisscom,false,false
1429806123148,124,2147483647,2147483647,2147483647,-118,13,Swisscom,false,false
1429806123148,2147483647,2147483647,2147483647,2147483647,-113,13,Swisscom,false,false
1429806123148,2147483647,2147483647,2147483647,2147483647,-113,13,Swisscom,false,false
1429806123148,2147483647,2147483647,2147483647,2147483647,-113,13,Swisscom,false,false
1429806123148,2147483647,2147483647,2147483647,2147483647,-113,13,Swisscom,false,false
1429806123148,2147483647,2147483647,2147483647,2147483647,-113,13,Swisscom,false,false
1429806123148,2147483647,2147483647,2147483647,2147483647,-113,13,Swisscom,false,false
1429806123148,2147483647,2147483647,2147483647,2147483647,-113,13,Swisscom,false,false
1429806123148,2147483647,2147483647,2147483647,2147483647,-113,13,Swisscom,false,false
1429806123148,2147483647,2147483647,2147483647,2147483647,-113,13,Swisscom,false,false
1429806123148,2147483647,2147483647,2147483647,2147483647,-113,13,Swisscom,false,false
1429806123148,2147483647,2147483647,2147483647,2147483647,-113,13,Swisscom,false,false
1429806123148,2147483647,2147483647,2147483647,2147483647,-113,13,Swisscom,false,false
1429806123148,2147483647,2147483647,2147483647,2147483647,-113,13,Swisscom,false,false
1429806123148,2147483647,2147483647,2147483647,2147483647,-113,13,Swisscom,false,false
1429806123148,2147483647,2147483647,2147483647,2147483647,-113,13,Swisscom,false,false
1429806184409,17113090,101,1,228,-105,13,Swisscom,true,false
1429806184409,52,2147483647,2147483647,2147483647,-113,13,Swisscom,false,false
1429806184409,176,2147483647,2147483647,2147483647,-112,13,Swisscom,false,false
1429806184409,2147483647,2147483647,2147483647,2147483647,-113,13,Swisscom,false,false
1429806184409,2147483647,2147483647,2147483647,2147483647,-113,13,Swisscom,false,false
1429806184409,2147483647,2147483647,2147483647,2147483647,-113,13,Swisscom,false,false
1429806184409,2147483647,2147483647,2147483647,2147483647,-113,13,Swisscom,false,false
1429806184409,2147483647,2147483647,2147483647,2147483647,-113,13,Swisscom,false,false
1429806184409,2147483647,2147483647,2147483647,2147483647,-113,13,Swisscom,false,false
1429806184409,2147483647,2147483647,2147483647,2147483647,-113,13,Swisscom,false,false
1429806184409,2147483647,2147483647,2147483647,2147483647,-113,13,Swisscom,false,false
1429806184409,2147483647,2147483647,2147483647,2147483647,-113,13,Swisscom,false,false
1429806184409,2147483647,2147483647,2147483647,2147483647,-113,13,Swisscom,false,false
1429806184409,2147483647,2147483647,2147483647,2147483647,-113,13,Swisscom,false,false
1429806184409,2147483647,2147483647,2147483647,2147483647,-113,13,Swisscom,false,false
1429806184409,2147483647,2147483647,2147483647,2147483647,-113,13,Swisscom,false,false
1429806184409,2147483647,2147483647,2147483647,2147483647,-113,13,Swisscom,false,false
1429806184409,2147483647,2147483647,2147483647,2147483647,-113,13,Swisscom,false,false
1429806244497,17113090,101,1,228,-104,13,Swisscom,true,false
1429806244497,176,2147483647,2147483647,2147483647,-117,13,Swisscom,false,false
1429806244497,175,2147483647,2147483647,2147483647,-118,13,Swisscom,false,false
1429806244497,2147483647,2147483647,2147483647,2147483647,-113,13,Swisscom,false,false
1429806244497,2147483647,2147483647,2147483647,2147483647,-113,13,Swisscom,false,false
1429806244497,2147483647,2147483647,2147483647,2147483647,-113,13,Swisscom,false,false
1429806244497,2147483647,2147483647,2147483647,2147483647,-113,13,Swisscom,false,false
1429806244497,2147483647,2147483647,2147483647,2147483647,-113,13,Swisscom,false,false
1429806244497,2147483647,2147483647,2147483647,2147483647,-113,13,Swisscom,false,false
1429806244497,2147483647,2147483647,2147483647,2147483647,-113,13,Swisscom,false,false
1429806244497,2147483647,2147483647,2147483647,2147483647,-113,13,Swisscom,false,false
1429806244497,2147483647,2147483647,2147483647,2147483647,-113,13,Swisscom,false,false
1429806244497,2147483647,2147483647,2147483647,2147483647,-113,13,Swisscom,false,false
1429806244497,2147483647,2147483647,2147483647,2147483647,-113,13,Swisscom,false,false
1429806244497,2147483647,2147483647,2147483647,2147483647,-113,13,Swisscom,false,false
1429806244497,2147483647,2147483647,2147483647,2147483647,-113,13,Swisscom,false,false
1429806244497,2147483647,2147483647,2147483647,2147483647,-113,13,Swisscom,false,false
1429806244497,2147483647,2147483647,2147483647,2147483647,-113,13,Swisscom,false,false
1429806304579,17113090,101,1,228,-104,13,Swisscom,true,false
1429806304579,176,2147483647,2147483647,2147483647,-113,13,Swisscom,false,false
1429806304579,380,2147483647,2147483647,2147483647,-116,13,Swisscom,false,false
1429806304579,175,2147483647,2147483647,2147483647,-118,13,Swisscom,false,false
1429806304579,2147483647,2147483647,2147483647,2147483647,-113,13,Swisscom,false,false
1429806304579,2147483647,2147483647,2147483647,2147483647,-113,13,Swisscom,false,false
1429806304579,2147483647,2147483647,2147483647,2147483647,-113,13,Swisscom,false,false
1429806304579,2147483647,2147483647,2147483647,2147483647,-113,13,Swisscom,false,false
1429806304579,2147483647,2147483647,2147483647,2147483647,-113,13,Swisscom,false,false
1429806304579,2147483647,2147483647,2147483647,2147483647,-113,13,Swisscom,false,false
1429806304579,2147483647,2147483647,2147483647,2147483647,-113,13,Swisscom,false,false
1429806304579,2147483647,2147483647,2147483647,2147483647,-113,13,Swisscom,false,false
1429806304579,2147483647,2147483647,2147483647,2147483647,-113,13,Swisscom,false,false
1429806304579,2147483647,2147483647,2147483647,2147483647,-113,13,Swisscom,false,false
1429806304579,2147483647,2147483647,2147483647,2147483647,-113,13,Swisscom,false,false
1429806304579,2147483647,2147483647,2147483647,2147483647,-113,13,Swisscom,false,false
1429806304579,2147483647,2147483647,2147483647,2147483647,-113,13,Swisscom,false,false
1429806304579,2147483647,2147483647,2147483647,2147483647,-113,13,Swisscom,false,false
1429806304579,2147483647,2147483647,2147483647,2147483647,-113,13,Swisscom,false,false
1429806364688,17113090,101,1,228,-105,13,Swisscom,true,false
1429806364688,175,2147483647,2147483647,2147483647,-117,13,Swisscom,false,false
1429806364688,176,2147483647,2147483647,2147483647,-117,13,Swisscom,false,false
1429806364688,2147483647,2147483647,2147483647,2147483647,-113,13,Swisscom,false,false
1429806364688,2147483647,2147483647,2147483647,2147483647,-113,13,Swisscom,false,false
1429806364688,2147483647,2147483647,2147483647,2147483647,-113,13,Swisscom,false,false
1429806364688,2147483647,2147483647,2147483647,2147483647,-113,13,Swisscom,false,false
1429806364688,2147483647,2147483647,2147483647,2147483647,-113,13,Swisscom,false,false
1429806364688,2147483647,2147483647,2147483647,2147483647,-113,13,Swisscom,false,false
1429806364688,2147483647,2147483647,2147483647,2147483647,-113,13,Swisscom,false,false
1429806364688,2147483647,2147483647,2147483647,2147483647,-113,13,Swisscom,false,false
1429806364688,2147483647,2147483647,2147483647,2147483647,-113,13,Swisscom,false,false
1429806364688,2147483647,2147483647,2147483647,2147483647,-113,13,Swisscom,false,false
1429806364688,2147483647,2147483647,2147483647,2147483647,-113,13,Swisscom,false,false
1429806364688,2147483647,2147483647,2147483647,2147483647,-113,13,Swisscom,false,false
1429806364688,2147483647,2147483647,2147483647,2147483647,-113,13,Swisscom,false,false
1429806364688,2147483647,2147483647,2147483647,2147483647,-113,13,Swisscom,false,false
1429806364688,2147483647,2147483647,2147483647,2147483647,-113,13,Swisscom,false,false
1429806424729,17113090,101,1,228,-104,13,Swisscom,true,false
1429806424729,176,2147483647,2147483647,2147483647,-118,13,Swisscom,false,false
1429806424729,175,2147483647,2147483647,2147483647,-121,13,Swisscom,false,false
1429806484833,17113090,101,1,228,-104,13,Swisscom,true,false
1429806484833,176,2147483647,2147483647,2147483647,-116,13,Swisscom,false,false
1429806484833,380,2147483647,2147483647,2147483647,-117,13,Swisscom,false,false
1429806484833,52,2147483647,2147483647,2147483647,-114,13,Swisscom,false,false
1429806484833,2147483647,2147483647,2147483647,2147483647,-113,13,Swisscom,false,false
1429806484833,2147483647,2147483647,2147483647,2147483647,-113,13,Swisscom,false,false
1429806484833,2147483647,2147483647,2147483647,2147483647,-113,13,Swisscom,false,false
1429806484833,2147483647,2147483647,2147483647,2147483647,-113,13,Swisscom,false,false
1429806484833,2147483647,2147483647,2147483647,2147483647,-113,13,Swisscom,false,false
1429806484833,2147483647,2147483647,2147483647,2147483647,-113,13,Swisscom,false,false
1429806484833,2147483647,2147483647,2147483647,2147483647,-113,13,Swisscom,false,false
1429806484833,2147483647,2147483647,2147483647,2147483647,-113,13,Swisscom,false,false
1429806484833,2147483647,2147483647,2147483647,2147483647,-113,13,Swisscom,false,false
1429806484833,2147483647,2147483647,2147483647,2147483647,-113,13,Swisscom,false,false
1429806484833,2147483647,2147483647,2147483647,2147483647,-113,13,Swisscom,false,false
1429806484833,2147483647,2147483647,2147483647,2147483647,-113,13,Swisscom,false,false
1429806484833,2147483647,2147483647,2147483647,2147483647,-113,13,Swisscom,false,false
1429806484833,2147483647,2147483647,2147483647,2147483647,-113,13,Swisscom,false,false
1429806484833,2147483647,2147483647,2147483647,2147483647,-113,13,Swisscom,false,false
1429806544918,17113090,101,1,228,-104,13,Swisscom,true,false
1429806544918,52,2147483647,2147483647,2147483647,-114,13,Swisscom,false,false
1429806544918,175,2147483647,2147483647,2147483647,-119,13,Swisscom,false,false
1429806544918,176,2147483647,2147483647,2147483647,-118,13,Swisscom,false,false
1429806544918,2147483647,2147483647,2147483647,2147483647,-113,13,Swisscom,false,false
1429806544918,2147483647,2147483647,2147483647,2147483647,-113,13,Swisscom,false,false
1429806544918,2147483647,2147483647,2147483647,2147483647,-113,13,Swisscom,false,false
1429806544918,2147483647,2147483647,2147483647,2147483647,-113,13,Swisscom,false,false
1429806544918,2147483647,2147483647,2147483647,2147483647,-113,13,Swisscom,false,false
1429806544918,2147483647,2147483647,2147483647,2147483647,-113,13,Swisscom,false,false
1429806544918,2147483647,2147483647,2147483647,2147483647,-113,13,Swisscom,false,false
1429806544918,2147483647,2147483647,2147483647,2147483647,-113,13,Swisscom,false,false
1429806544918,2147483647,2147483647,2147483647,2147483647,-113,13,Swisscom,false,false
1429806544918,2147483647,2147483647,2147483647,2147483647,-113,13,Swisscom,false,false
1429806544918,2147483647,2147483647,2147483647,2147483647,-113,13,Swisscom,false,false
1429806544918,2147483647,2147483647,2147483647,2147483647,-113,13,Swisscom,false,false
1429806544918,2147483647,2147483647,2147483647,2147483647,-113,13,Swisscom,false,false
1429806544918,2147483647,2147483647,2147483647,2147483647,-113,13,Swisscom,false,false
1429806544918,2147483647,2147483647,2147483647,2147483647,-113,13,Swisscom,false,false
1429806605027,17113090,101,1,228,-105,13,Swisscom,true,false
1429806605027,176,2147483647,2147483647,2147483647,-111,13,Swisscom,false,false
1429806605027,175,2147483647,2147483647,2147483647,-114,13,Swisscom,false,false
1429806605027,380,2147483647,2147483647,2147483647,-117,13,Swisscom,false,false
1429806605027,2147483647,2147483647,2147483647,2147483647,-113,13,Swisscom,false,false
1429806605027,2147483647,2147483647,2147483647,2147483647,-113,13,Swisscom,false,false
1429806605027,2147483647,2147483647,2147483647,2147483647,-113,13,Swisscom,false,false
1429806605027,2147483647,2147483647,2147483647,2147483647,-113,13,Swisscom,false,false
1429806605027,2147483647,2147483647,2147483647,2147483647,-113,13,Swisscom,false,false
1429806605027,2147483647,2147483647,2147483647,2147483647,-113,13,Swisscom,false,false
1429806605027,2147483647,2147483647,2147483647,2147483647,-113,13,Swisscom,false,false
1429806605027,2147483647,2147483647,2147483647,2147483647,-113,13,Swisscom,false,false
1429806605027,2147483647,2147483647,2147483647,2147483647,-113,13,Swisscom,false,false
1429806605027,2147483647,2147483647,2147483647,2147483647,-113,13,Swisscom,false,false
1429806605027,2147483647,2147483647,2147483647,2147483647,-113,13,Swisscom,false,false
1429806605027,2147483647,2147483647,2147483647,2147483647,-113,13,Swisscom,false,false
1429806605027,2147483647,2147483647,2147483647,2147483647,-113,13,Swisscom,false,false
1429806605027,2147483647,2147483647,2147483647,2147483647,-113,13,Swisscom,false,false
1429806605027,2147483647,2147483647,2147483647,2147483647,-113,13,Swisscom,false,false
1429806665119,17113090,101,1,228,-104,13,Swisscom,true,false
1429806665119,176,2147483647,2147483647,2147483647,-116,13,Swisscom,false,false
1429806665119,2147483647,2147483647,2147483647,2147483647,-113,13,Swisscom,false,false
1429806665119,2147483647,2147483647,2147483647,2147483647,-113,13,Swisscom,false,false
1429806665119,2147483647,2147483647,2147483647,2147483647,-113,13,Swisscom,false,false
1429806665119,2147483647,2147483647,2147483647,2147483647,-113,13,Swisscom,false,false
1429806665119,2147483647,2147483647,2147483647,2147483647,-113,13,Swisscom,false,false
1429806665119,2147483647,2147483647,2147483647,2147483647,-113,13,Swisscom,false,false
1429806665119,2147483647,2147483647,2147483647,2147483647,-113,13,Swisscom,false,false
1429806665119,2147483647,2147483647,2147483647,2147483647,-113,13,Swisscom,false,false
1429806665119,2147483647,2147483647,2147483647,2147483647,-113,13,Swisscom,false,false
1429806665119,2147483647,2147483647,2147483647,2147483647,-113,13,Swisscom,false,false
1429806665119,2147483647,2147483647,2147483647,2147483647,-113,13,Swisscom,false,false
1429806665119,2147483647,2147483647,2147483647,2147483647,-113,13,Swisscom,false,false
1429806665119,2147483647,2147483647,2147483647,2147483647,-113,13,Swisscom,false,false
1429806665119,2147483647,2147483647,2147483647,2147483647,-113,13,Swisscom,false,false
1429806665119,2147483647,2147483647,2147483647,2147483647,-113,13,Swisscom,false,false
1429806725207,17113090,101,1,228,-104,13,Swisscom,true,false
1429806725207,176,2147483647,2147483647,2147483647,-112,13,Swisscom,false,false
1429806725207,175,2147483647,2147483647,2147483647,-116,13,Swisscom,false,false
1429806725207,2147483647,2147483647,2147483647,2147483647,-113,13,Swisscom,false,false
1429806725207,2147483647,2147483647,2147483647,2147483647,-113,13,Swisscom,false,false
1429806725207,2147483647,2147483647,2147483647,2147483647,-113,13,Swisscom,false,false
1429806725207,2147483647,2147483647,2147483647,2147483647,-113,13,Swisscom,false,false
1429806725207,2147483647,2147483647,2147483647,2147483647,-113,13,Swisscom,false,false
1429806725207,2147483647,2147483647,2147483647,2147483647,-113,13,Swisscom,false,false
1429806725207,2147483647,2147483647,2147483647,2147483647,-113,13,Swisscom,false,false
1429806725207,2147483647,2147483647,2147483647,2147483647,-113,13,Swisscom,false,false
1429806725207,2147483647,2147483647,2147483647,2147483647,-113,13,Swisscom,false,false
1429806725207,2147483647,2147483647,2147483647,2147483647,-113,13,Swisscom,false,false
1429806725207,2147483647,2147483647,2147483647,2147483647,-113,13,Swisscom,false,false
1429806725207,2147483647,2147483647,2147483647,2147483647,-113,13,Swisscom,false,false
1429806725207,2147483647,2147483647,2147483647,2147483647,-113,13,Swisscom,false,false
1429806725207,2147483647,2147483647,2147483647,2147483647,-113,13,Swisscom,false,false
1429806725207,2147483647,2147483647,2147483647,2147483647,-113,13,Swisscom,false,false
1429806785338,17113090,101,1,228,-104,13,Swisscom,true,false
1429806785338,176,2147483647,2147483647,2147483647,-116,13,Swisscom,false,false
1429806785338,175,2147483647,2147483647,2147483647,-118,13,Swisscom,false,false
1429806785338,2147483647,2147483647,2147483647,2147483647,-113,13,Swisscom,false,false
1429806785338,2147483647,2147483647,2147483647,2147483647,-113,13,Swisscom,false,false
1429806785338,2147483647,2147483647,2147483647,2147483647,-113,13,Swisscom,false,false
1429806785338,2147483647,2147483647,2147483647,2147483647,-113,13,Swisscom,false,false
1429806785338,2147483647,2147483647,2147483647,2147483647,-113,13,Swisscom,false,false
1429806785338,2147483647,2147483647,2147483647,2147483647,-113,13,Swisscom,false,false
1429806785338,2147483647,2147483647,2147483647,2147483647,-113,13,Swisscom,false,false
1429806785338,2147483647,2147483647,2147483647,2147483647,-113,13,Swisscom,false,false
1429806785338,2147483647,2147483647,2147483647,2147483647,-113,13,Swisscom,false,false
1429806785338,2147483647,2147483647,2147483647,2147483647,-113,13,Swisscom,false,false
1429806785338,2147483647,2147483647,2147483647,2147483647,-113,13,Swisscom,false,false
1429806785338,2147483647,2147483647,2147483647,2147483647,-113,13,Swisscom,false,false
1429806785338,2147483647,2147483647,2147483647,2147483647,-113,13,Swisscom,false,false
1429806785338,2147483647,2147483647,2147483647,2147483647,-113,13,Swisscom,false,false
1429806785338,2147483647,2147483647,2147483647,2147483647,-113,13,Swisscom,false,false
1429806847837,17113090,101,1,228,-104,13,Swisscom,true,false
1429806847837,176,2147483647,2147483647,2147483647,-117,13,Swisscom,false,false
1429806847837,175,2147483647,2147483647,2147483647,-118,13,Swisscom,false,false
1429806847837,2147483647,2147483647,2147483647,2147483647,-113,13,Swisscom,false,false
1429806847837,2147483647,2147483647,2147483647,2147483647,-113,13,Swisscom,false,false
1429806847837,2147483647,2147483647,2147483647,2147483647,-113,13,Swisscom,false,false
1429806847837,2147483647,2147483647,2147483647,2147483647,-113,13,Swisscom,false,false
1429806847837,2147483647,2147483647,2147483647,2147483647,-113,13,Swisscom,false,false
1429806847837,2147483647,2147483647,2147483647,2147483647,-113,13,Swisscom,false,false
1429806847837,2147483647,2147483647,2147483647,2147483647,-113,13,Swisscom,false,false
1429806847837,2147483647,2147483647,2147483647,2147483647,-113,13,Swisscom,false,false
1429806847837,2147483647,2147483647,2147483647,2147483647,-113,13,Swisscom,false,false
1429806847837,2147483647,2147483647,2147483647,2147483647,-113,13,Swisscom,false,false
1429806847837,2147483647,2147483647,2147483647,2147483647,-113,13,Swisscom,false,false
1429806847837,2147483647,2147483647,2147483647,2147483647,-113,13,Swisscom,false,false
1429806847837,2147483647,2147483647,2147483647,2147483647,-113,13,Swisscom,false,false
1429806847837,2147483647,2147483647,2147483647,2147483647,-113,13,Swisscom,false,false
1429806847837,2147483647,2147483647,2147483647,2147483647,-113,13,Swisscom,false,false
1429806907959,17113090,101,1,228,-104,13,Swisscom,true,false
1429806907959,176,2147483647,2147483647,2147483647,-116,13,Swisscom,false,false
1429806907959,2147483647,2147483647,2147483647,2147483647,-113,13,Swisscom,false,false
1429806907959,2147483647,2147483647,2147483647,2147483647,-113,13,Swisscom,false,false
1429806907959,2147483647,2147483647,2147483647,2147483647,-113,13,Swisscom,false,false
1429806907959,2147483647,2147483647,2147483647,2147483647,-113,13,Swisscom,false,false
1429806907959,2147483647,2147483647,2147483647,2147483647,-113,13,Swisscom,false,false
1429806907959,2147483647,2147483647,2147483647,2147483647,-113,13,Swisscom,false,false
1429806907959,2147483647,2147483647,2147483647,2147483647,-113,13,Swisscom,false,false
1429806907959,2147483647,2147483647,2147483647,2147483647,-113,13,Swisscom,false,false
1429806907959,2147483647,2147483647,2147483647,2147483647,-113,13,Swisscom,false,false
1429806907959,2147483647,2147483647,2147483647,2147483647,-113,13,Swisscom,false,false
1429806907959,2147483647,2147483647,2147483647,2147483647,-113,13,Swisscom,false,false
1429806907959,2147483647,2147483647,2147483647,2147483647,-113,13,Swisscom,false,false
1429806907959,2147483647,2147483647,2147483647,2147483647,-113,13,Swisscom,false,false
1429806907959,2147483647,2147483647,2147483647,2147483647,-113,13,Swisscom,false,false
1429806907959,2147483647,2147483647,2147483647,2147483647,-113,13,Swisscom,false,false
1429806968065,17113090,101,1,228,-104,13,Swisscom,true,false
1429806968065,176,2147483647,2147483647,2147483647,-116,13,Swisscom,false,false
1429806968065,175,2147483647,2147483647,2147483647,-118,13,Swisscom,false,false
1429806968065,2147483647,2147483647,2147483647,2147483647,-113,13,Swisscom,false,false
1429806968065,2147483647,2147483647,2147483647,2147483647,-113,13,Swisscom,false,false
1429806968065,2147483647,2147483647,2147483647,2147483647,-113,13,Swisscom,false,false
1429806968065,2147483647,2147483647,2147483647,2147483647,-113,13,Swisscom,false,false
1429806968065,2147483647,2147483647,2147483647,2147483647,-113,13,Swisscom,false,false
1429806968065,2147483647,2147483647,2147483647,2147483647,-113,13,Swisscom,false,false
1429806968065,2147483647,2147483647,2147483647,2147483647,-113,13,Swisscom,false,false
1429806968065,2147483647,2147483647,2147483647,2147483647,-113,13,Swisscom,false,false
1429806968065,2147483647,2147483647,2147483647,2147483647,-113,13,Swisscom,false,false
1429806968065,2147483647,2147483647,2147483647,2147483647,-113,13,Swisscom,false,false
1429806968065,2147483647,2147483647,2147483647,2147483647,-113,13,Swisscom,false,false
1429806968065,2147483647,2147483647,2147483647,2147483647,-113,13,Swisscom,false,false
1429806968065,2147483647,2147483647,2147483647,2147483647,-113,13,Swisscom,false,false
1429806968065,2147483647,2147483647,2147483647,2147483647,-113,13,Swisscom,false,false
1429806968065,2147483647,2147483647,2147483647,2147483647,-113,13,Swisscom,false,false
1429807028157,17113090,101,1,228,-105,13,Swisscom,true,false
1429807028157,176,2147483647,2147483647,2147483647,-108,13,Swisscom,false,false
1429807028157,124,2147483647,2147483647,2147483647,-118,13,Swisscom,false,false
1429807028157,198,2147483647,2147483647,2147483647,-117,13,Swisscom,false,false
1429807028157,44,2147483647,2147483647,2147483647,-119,13,Swisscom,false,false
1429807028157,43,2147483647,2147483647,2147483647,-120,13,Swisscom,false,false
1429807028157,84,2147483647,2147483647,2147483647,-119,13,Swisscom,false,false
1429807028157,88,2147483647,2147483647,2147483647,-120,13,Swisscom,false,false
1429807028157,2147483647,2147483647,2147483647,2147483647,-113,13,Swisscom,false,false
1429807028157,2147483647,2147483647,2147483647,2147483647,-113,13,Swisscom,false,false
1429807028157,2147483647,2147483647,2147483647,2147483647,-113,13,Swisscom,false,false
1429807028157,2147483647,2147483647,2147483647,2147483647,-113,13,Swisscom,false,false
1429807028157,2147483647,2147483647,2147483647,2147483647,-113,13,Swisscom,false,false
1429807028157,2147483647,2147483647,2147483647,2147483647,-113,13,Swisscom,false,false
1429807028157,2147483647,2147483647,2147483647,2147483647,-113,13,Swisscom,false,false
1429807028157,2147483647,2147483647,2147483647,2147483647,-113,13,Swisscom,false,false
1429807028157,2147483647,2147483647,2147483647,2147483647,-113,13,Swisscom,false,false
1429807028157,2147483647,2147483647,2147483647,2147483647,-113,13,Swisscom,false,false
1429807028157,2147483647,2147483647,2147483647,2147483647,-113,13,Swisscom,false,false
1429807028157,2147483647,2147483647,2147483647,2147483647,-113,13,Swisscom,false,false
1429807028157,2147483647,2147483647,2147483647,2147483647,-113,13,Swisscom,false,false
1429807028157,2147483647,2147483647,2147483647,2147483647,-113,13,Swisscom,false,false
1429807028157,2147483647,2147483647,2147483647,2147483647,-113,13,Swisscom,false,false
1429807028157,2147483647,2147483647,2147483647,2147483647,0,13,Swisscom,false,false
1429807028157,2147483647,2147483647,2147483647,2147483647,0,13,Swisscom,false,false
1429807028157,2147483647,2147483647,2147483647,2147483647,0,13,Swisscom,false,false
1429807088198,17113090,101,1,228,-109,13,Swisscom,true,false
1429807088198,17113090,101,1,228,-109,13,Swisscom,true,false
1429807088198,380,2147483647,2147483647,2147483647,-115,13,Swisscom,false,false
1429807088198,83,2147483647,2147483647,2147483647,-118,13,Swisscom,false,false
1429807088198,52,2147483647,2147483647,2147483647,-115,13,Swisscom,false,false
1429807174732,17113090,101,1,228,-105,13,Swisscom,true,false
1429807174732,176,2147483647,2147483647,2147483647,-107,13,Swisscom,false,false
1429807174732,52,2147483647,2147483647,2147483647,-112,13,Swisscom,false,false
1429807174732,380,2147483647,2147483647,2147483647,-110,13,Swisscom,false,false
1429807174732,2147483647,2147483647,2147483647,2147483647,-113,13,Swisscom,false,false
1429807174732,2147483647,2147483647,2147483647,2147483647,-113,13,Swisscom,false,false
1429807174732,2147483647,2147483647,2147483647,2147483647,-113,13,Swisscom,false,false
1429807174732,2147483647,2147483647,2147483647,2147483647,-113,13,Swisscom,false,false
1429807174732,2147483647,2147483647,2147483647,2147483647,-113,13,Swisscom,false,false
1429807174732,2147483647,2147483647,2147483647,2147483647,-113,13,Swisscom,false,false
1429807174732,2147483647,2147483647,2147483647,2147483647,-113,13,Swisscom,false,false
1429807174732,2147483647,2147483647,2147483647,2147483647,-113,13,Swisscom,false,false
1429807174732,2147483647,2147483647,2147483647,2147483647,-113,13,Swisscom,false,false
1429807174732,2147483647,2147483647,2147483647,2147483647,-113,13,Swisscom,false,false
1429807174732,2147483647,2147483647,2147483647,2147483647,-113,13,Swisscom,false,false
1429807174732,2147483647,2147483647,2147483647,2147483647,-113,13,Swisscom,false,false
1429807174732,2147483647,2147483647,2147483647,2147483647,-113,13,Swisscom,false,false
1429807174732,2147483647,2147483647,2147483647,2147483647,-113,13,Swisscom,false,false
1429807174732,2147483647,2147483647,2147483647,2147483647,-113,13,Swisscom,false,false
1429807234947,17113090,101,1,228,-105,13,Swisscom,true,false
1429807234947,176,2147483647,2147483647,2147483647,-108,13,Swisscom,false,false
1429807234947,380,2147483647,2147483647,2147483647,-111,13,Swisscom,false,false
1429807234947,83,2147483647,2147483647,2147483647,-114,13,Swisscom,false,false
1429807234947,52,2147483647,2147483647,2147483647,-113,13,Swisscom,false,false
1429807234947,2147483647,2147483647,2147483647,2147483647,-113,13,Swisscom,false,false
1429807234947,2147483647,2147483647,2147483647,2147483647,-113,13,Swisscom,false,false
1429807234947,2147483647,2147483647,2147483647,2147483647,-113,13,Swisscom,false,false
1429807234947,2147483647,2147483647,2147483647,2147483647,-113,13,Swisscom,false,false
1429807234947,2147483647,2147483647,2147483647,2147483647,-113,13,Swisscom,false,false
1429807234947,2147483647,2147483647,2147483647,2147483647,-113,13,Swisscom,false,false
1429807234947,2147483647,2147483647,2147483647,2147483647,-113,13,Swisscom,false,false
1429807234947,2147483647,2147483647,2147483647,2147483647,-113,13,Swisscom,false,false
1429807234947,2147483647,2147483647,2147483647,2147483647,-113,13,Swisscom,false,false
1429807234947,2147483647,2147483647,2147483647,2147483647,-113,13,Swisscom,false,false
1429807234947,2147483647,2147483647,2147483647,2147483647,-113,13,Swisscom,false,false
1429807234947,2147483647,2147483647,2147483647,2147483647,-113,13,Swisscom,false,false
1429807234947,2147483647,2147483647,2147483647,2147483647,-113,13,Swisscom,false,false
1429807234947,2147483647,2147483647,2147483647,2147483647,-113,13,Swisscom,false,false
1429807234947,2147483647,2147483647,2147483647,2147483647,-113,13,Swisscom,false,false
1429807298502,17113090,101,1,228,-105,13,Swisscom,true,false
1429807298502,176,2147483647,2147483647,2147483647,-108,13,Swisscom,false,false
1429807298502,83,2147483647,2147483647,2147483647,-112,13,Swisscom,false,false
1429807298502,380,2147483647,2147483647,2147483647,-110,13,Swisscom,false,false
1429807298502,52,2147483647,2147483647,2147483647,-110,13,Swisscom,false,false
1429807298502,2147483647,2147483647,2147483647,2147483647,-113,13,Swisscom,false,false
1429807298502,2147483647,2147483647,2147483647,2147483647,-113,13,Swisscom,false,false
1429807298502,2147483647,2147483647,2147483647,2147483647,-113,13,Swisscom,false,false
1429807298502,2147483647,2147483647,2147483647,2147483647,-113,13,Swisscom,false,false
1429807298502,2147483647,2147483647,2147483647,2147483647,-113,13,Swisscom,false,false
1429807298502,2147483647,2147483647,2147483647,2147483647,-113,13,Swisscom,false,false
1429807298502,2147483647,2147483647,2147483647,2147483647,-113,13,Swisscom,false,false
1429807298502,2147483647,2147483647,2147483647,2147483647,-113,13,Swisscom,false,false
1429807298502,2147483647,2147483647,2147483647,2147483647,-113,13,Swisscom,false,false
1429807298502,2147483647,2147483647,2147483647,2147483647,-113,13,Swisscom,false,false
1429807298502,2147483647,2147483647,2147483647,2147483647,-113,13,Swisscom,false,false
1429807298502,2147483647,2147483647,2147483647,2147483647,-113,13,Swisscom,false,false
1429807298502,2147483647,2147483647,2147483647,2147483647,-113,13,Swisscom,false,false
1429807298502,2147483647,2147483647,2147483647,2147483647,-113,13,Swisscom,false,false
1429807298502,2147483647,2147483647,2147483647,2147483647,-113,13,Swisscom,false,false
1429807358589,17113090,101,1,228,-105,13,Swisscom,true,false
1429807358589,176,2147483647,2147483647,2147483647,-108,13,Swisscom,false,false
1429807358589,380,2147483647,2147483647,2147483647,-111,13,Swisscom,false,false
1429807358589,2147483647,2147483647,2147483647,2147483647,-113,13,Swisscom,false,false
1429807358589,2147483647,2147483647,2147483647,2147483647,-113,13,Swisscom,false,false
1429807358589,2147483647,2147483647,2147483647,2147483647,-113,13,Swisscom,false,false
1429807358589,2147483647,2147483647,2147483647,2147483647,-113,13,Swisscom,false,false
1429807358589,2147483647,2147483647,2147483647,2147483647,-113,13,Swisscom,false,false
1429807358589,2147483647,2147483647,2147483647,2147483647,-113,13,Swisscom,false,false
1429807358589,2147483647,2147483647,2147483647,2147483647,-113,13,Swisscom,false,false
1429807358589,2147483647,2147483647,2147483647,2147483647,-113,13,Swisscom,false,false
1429807358589,2147483647,2147483647,2147483647,2147483647,-113,13,Swisscom,false,false
1429807358589,2147483647,2147483647,2147483647,2147483647,-113,13,Swisscom,false,false
1429807358589,2147483647,2147483647,2147483647,2147483647,-113,13,Swisscom,false,false
1429807358589,2147483647,2147483647,2147483647,2147483647,-113,13,Swisscom,false,false
1429807358589,2147483647,2147483647,2147483647,2147483647,-113,13,Swisscom,false,false
1429807358589,2147483647,2147483647,2147483647,2147483647,-113,13,Swisscom,false,false
1429807358589,2147483647,2147483647,2147483647,2147483647,-113,13,Swisscom,false,false
1429807418774,17113090,101,1,228,-106,13,Swisscom,true,false
1429807418774,176,2147483647,2147483647,2147483647,-110,13,Swisscom,false,false
1429807418774,380,2147483647,2147483647,2147483647,-110,13,Swisscom,false,false
1429807418774,52,2147483647,2147483647,2147483647,-112,13,Swisscom,false,false
1429807418774,101,2147483647,2147483647,2147483647,-115,13,Swisscom,false,false
1429807418774,84,2147483647,2147483647,2147483647,-112,13,Swisscom,false,false
1429807418774,86,2147483647,2147483647,2147483647,-119,13,Swisscom,false,false
1429807418774,2147483647,2147483647,2147483647,2147483647,-113,13,Swisscom,false,false
1429807418774,2147483647,2147483647,2147483647,2147483647,-113,13,Swisscom,false,false
1429807418774,2147483647,2147483647,2147483647,2147483647,-113,13,Swisscom,false,false
1429807418774,2147483647,2147483647,2147483647,2147483647,-113,13,Swisscom,false,false
1429807418774,2147483647,2147483647,2147483647,2147483647,-113,13,Swisscom,false,false
1429807418774,2147483647,2147483647,2147483647,2147483647,-113,13,Swisscom,false,false
1429807418774,2147483647,2147483647,2147483647,2147483647,-113,13,Swisscom,false,false
1429807418774,2147483647,2147483647,2147483647,2147483647,-113,13,Swisscom,false,false
1429807418774,2147483647,2147483647,2147483647,2147483647,-113,13,Swisscom,false,false
1429807418774,2147483647,2147483647,2147483647,2147483647,-113,13,Swisscom,false,false
1429807418774,2147483647,2147483647,2147483647,2147483647,-113,13,Swisscom,false,false
1429807418774,2147483647,2147483647,2147483647,2147483647,-113,13,Swisscom,false,false
1429807418774,2147483647,2147483647,2147483647,2147483647,-113,13,Swisscom,false,false
1429807418774,2147483647,2147483647,2147483647,2147483647,-113,13,Swisscom,false,false
1429807418774,2147483647,2147483647,2147483647,2147483647,-113,13,Swisscom,false,false
1429807418774,2147483647,2147483647,2147483647,2147483647,0,13,Swisscom,false,false
1429807418774,2147483647,2147483647,2147483647,2147483647,0,13,Swisscom,false,false
1429807418774,2147483647,2147483647,2147483647,2147483647,0,13,Swisscom,false,false
1429807478828,17113090,101,1,228,-107,13,Swisscom,true,false
1429807478828,176,2147483647,2147483647,2147483647,-108,13,Swisscom,false,false
1429807478828,380,2147483647,2147483647,2147483647,-119,13,Swisscom,false,false
1429807478828,138,2147483647,2147483647,2147483647,-119,13,Swisscom,false,false
1429807478828,84,2147483647,2147483647,2147483647,-112,13,Swisscom,false,false
1429807478828,86,2147483647,2147483647,2147483647,-119,13,Swisscom,false,false
1429807478828,2147483647,2147483647,2147483647,2147483647,-113,13,Swisscom,false,false
1429807478828,2147483647,2147483647,2147483647,2147483647,-113,13,Swisscom,false,false
1429807478828,2147483647,2147483647,2147483647,2147483647,-113,13,Swisscom,false,false
1429807478828,2147483647,2147483647,2147483647,2147483647,-113,13,Swisscom,false,false
1429807478828,2147483647,2147483647,2147483647,2147483647,-113,13,Swisscom,false,false
1429807478828,2147483647,2147483647,2147483647,2147483647,-113,13,Swisscom,false,false
1429807478828,2147483647,2147483647,2147483647,2147483647,-113,13,Swisscom,false,false
1429807478828,2147483647,2147483647,2147483647,2147483647,-113,13,Swisscom,false,false
1429807478828,2147483647,2147483647,2147483647,2147483647,-113,13,Swisscom,false,false
1429807478828,2147483647,2147483647,2147483647,2147483647,-113,13,Swisscom,false,false
1429807478828,2147483647,2147483647,2147483647,2147483647,-113,13,Swisscom,false,false
1429807478828,2147483647,2147483647,2147483647,2147483647,-113,13,Swisscom,false,false
1429807478828,2147483647,2147483647,2147483647,2147483647,-113,13,Swisscom,false,false
1429807478828,2147483647,2147483647,2147483647,2147483647,-113,13,Swisscom,false,false
1429807478828,2147483647,2147483647,2147483647,2147483647,-113,13,Swisscom,false,false
1429807478828,2147483647,2147483647,2147483647,2147483647,0,13,Swisscom,false,false
1429807478828,2147483647,2147483647,2147483647,2147483647,0,13,Swisscom,false,false
1429807478828,2147483647,2147483647,2147483647,2147483647,0,13,Swisscom,false,false
1429807539161,17113090,101,1,228,-100,13,Swisscom,true,false
1429807539161,176,2147483647,2147483647,2147483647,-105,13,Swisscom,false,false
1429807539161,52,2147483647,2147483647,2147483647,-110,13,Swisscom,false,false
1429807539161,380,2147483647,2147483647,2147483647,-112,13,Swisscom,false,false
1429807539161,84,2147483647,2147483647,2147483647,-117,13,Swisscom,false,false
1429807539161,86,2147483647,2147483647,2147483647,-120,13,Swisscom,false,false
1429807539161,2147483647,2147483647,2147483647,2147483647,-113,13,Swisscom,false,false
1429807539161,2147483647,2147483647,2147483647,2147483647,-113,13,Swisscom,false,false
1429807539161,2147483647,2147483647,2147483647,2147483647,-113,13,Swisscom,false,false
1429807539161,2147483647,2147483647,2147483647,2147483647,-113,13,Swisscom,false,false
1429807539161,2147483647,2147483647,2147483647,2147483647,-113,13,Swisscom,false,false
1429807539161,2147483647,2147483647,2147483647,2147483647,-113,13,Swisscom,false,false
1429807539161,2147483647,2147483647,2147483647,2147483647,-113,13,Swisscom,false,false
1429807539161,2147483647,2147483647,2147483647,2147483647,-113,13,Swisscom,false,false
1429807539161,2147483647,2147483647,2147483647,2147483647,-113,13,Swisscom,false,false
1429807539161,2147483647,2147483647,2147483647,2147483647,-113,13,Swisscom,false,false
1429807539161,2147483647,2147483647,2147483647,2147483647,-113,13,Swisscom,false,false
1429807539161,2147483647,2147483647,2147483647,2147483647,-113,13,Swisscom,false,false
1429807539161,2147483647,2147483647,2147483647,2147483647,-113,13,Swisscom,false,false
1429807539161,2147483647,2147483647,2147483647,2147483647,-113,13,Swisscom,false,false
1429807539161,2147483647,2147483647,2147483647,2147483647,-113,13,Swisscom,false,false
1429807539161,2147483647,2147483647,2147483647,2147483647,0,13,Swisscom,false,false
1429807539161,2147483647,2147483647,2147483647,2147483647,0,13,Swisscom,false,false
1429807539161,2147483647,2147483647,2147483647,2147483647,0,13,Swisscom,false,false
1429807599172,17113090,101,1,228,-103,13,Swisscom,true,false
1429807599172,176,2147483647,2147483647,2147483647,-106,13,Swisscom,false,false
1429807599172,380,2147483647,2147483647,2147483647,-113,13,Swisscom,false,false
1429807599172,52,2147483647,2147483647,2147483647,-111,13,Swisscom,false,false
1429807599172,84,2147483647,2147483647,2147483647,-117,13,Swisscom,false,false
1429807599172,86,2147483647,2147483647,2147483647,-120,13,Swisscom,false,false
1429807599172,2147483647,2147483647,2147483647,2147483647,-113,13,Swisscom,false,false
1429807599172,2147483647,2147483647,2147483647,2147483647,-113,13,Swisscom,false,false
1429807599172,2147483647,2147483647,2147483647,2147483647,-113,13,Swisscom,false,false
1429807599172,2147483647,2147483647,2147483647,2147483647,-113,13,Swisscom,false,false
1429807599172,2147483647,2147483647,2147483647,2147483647,-113,13,Swisscom,false,false
1429807599172,2147483647,2147483647,2147483647,2147483647,-113,13,Swisscom,false,false
1429807599172,2147483647,2147483647,2147483647,2147483647,-113,13,Swisscom,false,false
1429807599172,2147483647,2147483647,2147483647,2147483647,-113,13,Swisscom,false,false
1429807599172,2147483647,2147483647,2147483647,2147483647,-113,13,Swisscom,false,false
1429807599172,2147483647,2147483647,2147483647,2147483647,-113,13,Swisscom,false,false
1429807599172,2147483647,2147483647,2147483647,2147483647,-113,13,Swisscom,false,false
1429807599172,2147483647,2147483647,2147483647,2147483647,-113,13,Swisscom,false,false
1429807599172,2147483647,2147483647,2147483647,2147483647,-113,13,Swisscom,false,false
1429807599172,2147483647,2147483647,2147483647,2147483647,-113,13,Swisscom,false,false
1429807599172,2147483647,2147483647,2147483647,2147483647,-113,13,Swisscom,false,false
1429807599172,2147483647,2147483647,2147483647,2147483647,0,13,Swisscom,false,false
1429807599172,2147483647,2147483647,2147483647,2147483647,0,13,Swisscom,false,false
1429807599172,2147483647,2147483647,2147483647,2147483647,0,13,Swisscom,false,false
1429807659559,17113090,101,1,228,-103,13,Swisscom,true,false
1429807659559,176,2147483647,2147483647,2147483647,-115,13,Swisscom,false,false
1429807659559,380,2147483647,2147483647,2147483647,-115,13,Swisscom,false,false
1429807659559,84,2147483647,2147483647,2147483647,-117,13,Swisscom,false,false
1429807659559,86,2147483647,2147483647,2147483647,-120,13,Swisscom,false,false
1429807659559,2147483647,2147483647,2147483647,2147483647,-113,13,Swisscom,false,false
1429807659559,2147483647,2147483647,2147483647,2147483647,-113,13,Swisscom,false,false
1429807659559,2147483647,2147483647,2147483647,2147483647,-113,13,Swisscom,false,false
1429807659559,2147483647,2147483647,2147483647,2147483647,-113,13,Swisscom,false,false
1429807659559,2147483647,2147483647,2147483647,2147483647,-113,13,Swisscom,false,false
1429807659559,2147483647,2147483647,2147483647,2147483647,-113,13,Swisscom,false,false
1429807659559,2147483647,2147483647,2147483647,2147483647,-113,13,Swisscom,false,false
1429807659559,2147483647,2147483647,2147483647,2147483647,-113,13,Swisscom,false,false
1429807659559,2147483647,2147483647,2147483647,2147483647,-113,13,Swisscom,false,false
1429807659559,2147483647,2147483647,2147483647,2147483647,-113,13,Swisscom,false,false
1429807659559,2147483647,2147483647,2147483647,2147483647,-113,13,Swisscom,false,false
1429807659559,2147483647,2147483647,2147483647,2147483647,-113,13,Swisscom,false,false
1429807659559,2147483647,2147483647,2147483647,2147483647,-113,13,Swisscom,false,false
1429807659559,2147483647,2147483647,2147483647,2147483647,-113,13,Swisscom,false,false
1429807659559,2147483647,2147483647,2147483647,2147483647,-113,13,Swisscom,false,false
1429807659559,2147483647,2147483647,2147483647,2147483647,0,13,Swisscom,false,false
1429807659559,2147483647,2147483647,2147483647,2147483647,0,13,Swisscom,false,false
1429807659559,2147483647,2147483647,2147483647,2147483647,0,13,Swisscom,false,false
1429807719803,17113090,101,1,228,-105,13,Swisscom,true,false
1429807719803,176,2147483647,2147483647,2147483647,-109,13,Swisscom,false,false
1429807719803,52,2147483647,2147483647,2147483647,-112,13,Swisscom,false,false
1429807719803,84,2147483647,2147483647,2147483647,-117,13,Swisscom,false,false
1429807719803,86,2147483647,2147483647,2147483647,-120,13,Swisscom,false,false
1429807719803,2147483647,2147483647,2147483647,2147483647,-113,13,Swisscom,false,false
1429807719803,2147483647,2147483647,2147483647,2147483647,-113,13,Swisscom,false,false
1429807719803,2147483647,2147483647,2147483647,2147483647,-113,13,Swisscom,false,false
1429807719803,2147483647,2147483647,2147483647,2147483647,-113,13,Swisscom,false,false
1429807719803,2147483647,2147483647,2147483647,2147483647,-113,13,Swisscom,false,false
1429807719803,2147483647,2147483647,2147483647,2147483647,-113,13,Swisscom,false,false
1429807719803,2147483647,2147483647,2147483647,2147483647,-113,13,Swisscom,false,false
1429807719803,2147483647,2147483647,2147483647,2147483647,-113,13,Swisscom,false,false
1429807719803,2147483647,2147483647,2147483647,2147483647,-113,13,Swisscom,false,false
1429807719803,2147483647,2147483647,2147483647,2147483647,-113,13,Swisscom,false,false
1429807719803,2147483647,2147483647,2147483647,2147483647,-113,13,Swisscom,false,false
1429807719803,2147483647,2147483647,2147483647,2147483647,-113,13,Swisscom,false,false
1429807719803,2147483647,2147483647,2147483647,2147483647,-113,13,Swisscom,false,false
1429807719803,2147483647,2147483647,2147483647,2147483647,-113,13,Swisscom,false,false
1429807719803,2147483647,2147483647,2147483647,2147483647,-113,13,Swisscom,false,false
1429807719803,2147483647,2147483647,2147483647,2147483647,0,13,Swisscom,false,false
1429807719803,2147483647,2147483647,2147483647,2147483647,0,13,Swisscom,false,false
1429807719803,2147483647,2147483647,2147483647,2147483647,0,13,Swisscom,false,false
1429807780045,17113090,101,1,228,-103,13,Swisscom,true,false
1429807780045,176,2147483647,2147483647,2147483647,-110,13,Swisscom,false,false
1429807780045,380,2147483647,2147483647,2147483647,-115,13,Swisscom,false,false
1429807780045,84,2147483647,2147483647,2147483647,-117,13,Swisscom,false,false
1429807780045,86,2147483647,2147483647,2147483647,-120,13,Swisscom,false,false
1429807780045,2147483647,2147483647,2147483647,2147483647,-113,13,Swisscom,false,false
1429807780045,2147483647,2147483647,2147483647,2147483647,-113,13,Swisscom,false,false
1429807780045,2147483647,2147483647,2147483647,2147483647,-113,13,Swisscom,false,false
1429807780045,2147483647,2147483647,2147483647,2147483647,-113,13,Swisscom,false,false
1429807780045,2147483647,2147483647,2147483647,2147483647,-113,13,Swisscom,false,false
1429807780045,2147483647,2147483647,2147483647,2147483647,-113,13,Swisscom,false,false
1429807780045,2147483647,2147483647,2147483647,2147483647,-113,13,Swisscom,false,false
1429807780045,2147483647,2147483647,2147483647,2147483647,-113,13,Swisscom,false,false
1429807780045,2147483647,2147483647,2147483647,2147483647,-113,13,Swisscom,false,false
1429807780045,2147483647,2147483647,2147483647,2147483647,-113,13,Swisscom,false,false
1429807780045,2147483647,2147483647,2147483647,2147483647,-113,13,Swisscom,false,false
1429807780045,2147483647,2147483647,2147483647,2147483647,-113,13,Swisscom,false,false
1429807780045,2147483647,2147483647,2147483647,2147483647,-113,13,Swisscom,false,false
1429807780045,2147483647,2147483647,2147483647,2147483647,-113,13,Swisscom,false,false
1429807780045,2147483647,2147483647,2147483647,2147483647,-113,13,Swisscom,false,false
1429807780045,2147483647,2147483647,2147483647,2147483647,0,13,Swisscom,false,false
1429807780045,2147483647,2147483647,2147483647,2147483647,0,13,Swisscom,false,false
1429807780045,2147483647,2147483647,2147483647,2147483647,0,13,Swisscom,false,false
1429807840318,17113090,101,1,228,-102,13,Swisscom,true,false
1429807840318,52,2147483647,2147483647,2147483647,-110,13,Swisscom,false,false
1429807840318,176,2147483647,2147483647,2147483647,-114,13,Swisscom,false,false
1429807840318,380,2147483647,2147483647,2147483647,-110,13,Swisscom,false,false
1429807840318,83,2147483647,2147483647,2147483647,-109,13,Swisscom,false,false
1429807840318,84,2147483647,2147483647,2147483647,-117,13,Swisscom,false,false
1429807840318,86,2147483647,2147483647,2147483647,-120,13,Swisscom,false,false
1429807840318,2147483647,2147483647,2147483647,2147483647,-113,13,Swisscom,false,false
1429807840318,2147483647,2147483647,2147483647,2147483647,-113,13,Swisscom,false,false
1429807840318,2147483647,2147483647,2147483647,2147483647,-113,13,Swisscom,false,false
1429807840318,2147483647,2147483647,2147483647,2147483647,-113,13,Swisscom,false,false
1429807840318,2147483647,2147483647,2147483647,2147483647,-113,13,Swisscom,false,false
1429807840318,2147483647,2147483647,2147483647,2147483647,-113,13,Swisscom,false,false
1429807840318,2147483647,2147483647,2147483647,2147483647,-113,13,Swisscom,false,false
1429807840318,2147483647,2147483647,2147483647,2147483647,-113,13,Swisscom,false,false
1429807840318,2147483647,2147483647,2147483647,2147483647,-113,13,Swisscom,false,false
1429807840318,2147483647,2147483647,2147483647,2147483647,-113,13,Swisscom,false,false
1429807840318,2147483647,2147483647,2147483647,2147483647,-113,13,Swisscom,false,false
1429807840318,2147483647,2147483647,2147483647,2147483647,-113,13,Swisscom,false,false
1429807840318,2147483647,2147483647,2147483647,2147483647,-113,13,Swisscom,false,false
1429807840318,2147483647,2147483647,2147483647,2147483647,-113,13,Swisscom,false,false
1429807840318,2147483647,2147483647,2147483647,2147483647,-113,13,Swisscom,false,false
1429807840318,2147483647,2147483647,2147483647,2147483647,0,13,Swisscom,false,false
1429807840318,2147483647,2147483647,2147483647,2147483647,0,13,Swisscom,false,false
1429807840318,2147483647,2147483647,2147483647,2147483647,0,13,Swisscom,false,false
1429807900499,17113090,101,1,228,-105,13,Swisscom,true,false
1429807900499,52,2147483647,2147483647,2147483647,-113,13,Swisscom,false,false
1429807900499,176,2147483647,2147483647,2147483647,-114,13,Swisscom,false,false
1429807900499,380,2147483647,2147483647,2147483647,-116,13,Swisscom,false,false
1429807900499,83,2147483647,2147483647,2147483647,-120,13,Swisscom,false,false
1429807900499,84,2147483647,2147483647,2147483647,-117,13,Swisscom,false,false
1429807900499,86,2147483647,2147483647,2147483647,-120,13,Swisscom,false,false
1429807900499,2147483647,2147483647,2147483647,2147483647,-113,13,Swisscom,false,false
1429807900499,2147483647,2147483647,2147483647,2147483647,-113,13,Swisscom,false,false
1429807900499,2147483647,2147483647,2147483647,2147483647,-113,13,Swisscom,false,false
1429807900499,2147483647,2147483647,2147483647,2147483647,-113,13,Swisscom,false,false
1429807900499,2147483647,2147483647,2147483647,2147483647,-113,13,Swisscom,false,false
1429807900499,2147483647,2147483647,2147483647,2147483647,-113,13,Swisscom,false,false
1429807900499,2147483647,2147483647,2147483647,2147483647,-113,13,Swisscom,false,false
1429807900499,2147483647,2147483647,2147483647,2147483647,-113,13,Swisscom,false,false
1429807900499,2147483647,2147483647,2147483647,2147483647,-113,13,Swisscom,false,false
1429807900499,2147483647,2147483647,2147483647,2147483647,-113,13,Swisscom,false,false
1429807900499,2147483647,2147483647,2147483647,2147483647,-113,13,Swisscom,false,false
1429807900499,2147483647,2147483647,2147483647,2147483647,-113,13,Swisscom,false,false
1429807900499,2147483647,2147483647,2147483647,2147483647,-113,13,Swisscom,false,false
1429807900499,2147483647,2147483647,2147483647,2147483647,-113,13,Swisscom,false,false
1429807900499,2147483647,2147483647,2147483647,2147483647,-113,13,Swisscom,false,false
1429807900499,2147483647,2147483647,2147483647,2147483647,0,13,Swisscom,false,false
1429807900499,2147483647,2147483647,2147483647,2147483647,0,13,Swisscom,false,false
1429807900499,2147483647,2147483647,2147483647,2147483647,0,13,Swisscom,false,false
1429807960717,17113090,101,1,228,-104,13,Swisscom,true,false
1429807960717,198,2147483647,2147483647,2147483647,-120,13,Swisscom,false,false
1429807960717,380,2147483647,2147483647,2147483647,-113,13,Swisscom,false,false
1429807960717,52,2147483647,2147483647,2147483647,-121,13,Swisscom,false,false
1429808021016,17113090,101,1,228,-105,13,Swisscom,true,false
1429808021016,176,2147483647,2147483647,2147483647,-111,13,Swisscom,false,false
1429808021016,380,2147483647,2147483647,2147483647,-114,13,Swisscom,false,false
1429808021016,124,2147483647,2147483647,2147483647,-117,13,Swisscom,false,false
1429808021016,2147483647,2147483647,2147483647,2147483647,-113,13,Swisscom,false,false
1429808021016,2147483647,2147483647,2147483647,2147483647,-113,13,Swisscom,false,false
1429808021016,2147483647,2147483647,2147483647,2147483647,-113,13,Swisscom,false,false
1429808021016,2147483647,2147483647,2147483647,2147483647,-113,13,Swisscom,false,false
1429808021016,2147483647,2147483647,2147483647,2147483647,-113,13,Swisscom,false,false
1429808021016,2147483647,2147483647,2147483647,2147483647,-113,13,Swisscom,false,false
1429808021016,2147483647,2147483647,2147483647,2147483647,-113,13,Swisscom,false,false
1429808021016,2147483647,2147483647,2147483647,2147483647,-113,13,Swisscom,false,false
1429808021016,2147483647,2147483647,2147483647,2147483647,-113,13,Swisscom,false,false
1429808021016,2147483647,2147483647,2147483647,2147483647,-113,13,Swisscom,false,false
1429808021016,2147483647,2147483647,2147483647,2147483647,-113,13,Swisscom,false,false
1429808021016,2147483647,2147483647,2147483647,2147483647,-113,13,Swisscom,false,false
1429808021016,2147483647,2147483647,2147483647,2147483647,-113,13,Swisscom,false,false
1429808021016,2147483647,2147483647,2147483647,2147483647,-113,13,Swisscom,false,false
1429808021016,2147483647,2147483647,2147483647,2147483647,-113,13,Swisscom,false,false
1429808081171,17113090,101,1,228,-104,13,Swisscom,true,false
1429808081171,176,2147483647,2147483647,2147483647,-109,13,Swisscom,false,false
1429808081171,52,2147483647,2147483647,2147483647,-107,13,Swisscom,false,false
1429808081171,2147483647,2147483647,2147483647,2147483647,-113,13,Swisscom,false,false
1429808081171,2147483647,2147483647,2147483647,2147483647,-113,13,Swisscom,false,false
1429808081171,2147483647,2147483647,2147483647,2147483647,-113,13,Swisscom,false,false
1429808081171,2147483647,2147483647,2147483647,2147483647,-113,13,Swisscom,false,false
1429808081171,2147483647,2147483647,2147483647,2147483647,-113,13,Swisscom,false,false
1429808081171,2147483647,2147483647,2147483647,2147483647,-113,13,Swisscom,false,false
1429808081171,2147483647,2147483647,2147483647,2147483647,-113,13,Swisscom,false,false
1429808081171,2147483647,2147483647,2147483647,2147483647,-113,13,Swisscom,false,false
1429808081171,2147483647,2147483647,2147483647,2147483647,-113,13,Swisscom,false,false
1429808081171,2147483647,2147483647,2147483647,2147483647,-113,13,Swisscom,false,false
1429808081171,2147483647,2147483647,2147483647,2147483647,-113,13,Swisscom,false,false
1429808081171,2147483647,2147483647,2147483647,2147483647,-113,13,Swisscom,false,false
1429808081171,2147483647,2147483647,2147483647,2147483647,-113,13,Swisscom,false,false
1429808081171,2147483647,2147483647,2147483647,2147483647,-113,13,Swisscom,false,false
1429808081171,2147483647,2147483647,2147483647,2147483647,-113,13,Swisscom,false,false
1429808141266,17113090,101,1,228,-103,13,Swisscom,true,false
1429808141266,176,2147483647,2147483647,2147483647,-107,13,Swisscom,false,false
1429808141266,124,2147483647,2147483647,2147483647,-114,13,Swisscom,false,false
1429808141266,52,2147483647,2147483647,2147483647,-109,13,Swisscom,false,false
1429808141266,380,2147483647,2147483647,2147483647,-115,13,Swisscom,false,false
1429808141266,2147483647,2147483647,2147483647,2147483647,-113,13,Swisscom,false,false
1429808141266,2147483647,2147483647,2147483647,2147483647,-113,13,Swisscom,false,false
1429808141266,2147483647,2147483647,2147483647,2147483647,-113,13,Swisscom,false,false
1429808141266,2147483647,2147483647,2147483647,2147483647,-113,13,Swisscom,false,false
1429808141266,2147483647,2147483647,2147483647,2147483647,-113,13,Swisscom,false,false
1429808141266,2147483647,2147483647,2147483647,2147483647,-113,13,Swisscom,false,false
1429808141266,2147483647,2147483647,2147483647,2147483647,-113,13,Swisscom,false,false
1429808141266,2147483647,2147483647,2147483647,2147483647,-113,13,Swisscom,false,false
1429808141266,2147483647,2147483647,2147483647,2147483647,-113,13,Swisscom,false,false
1429808141266,2147483647,2147483647,2147483647,2147483647,-113,13,Swisscom,false,false
1429808141266,2147483647,2147483647,2147483647,2147483647,-113,13,Swisscom,false,false
1429808141266,2147483647,2147483647,2147483647,2147483647,-113,13,Swisscom,false,false
1429808141266,2147483647,2147483647,2147483647,2147483647,-113,13,Swisscom,false,false
1429808141266,2147483647,2147483647,2147483647,2147483647,-113,13,Swisscom,false,false
1429808141266,2147483647,2147483647,2147483647,2147483647,-113,13,Swisscom,false,false
1429808201381,17113090,101,1,228,-104,13,Swisscom,true,false
1429808201381,176,2147483647,2147483647,2147483647,-109,13,Swisscom,false,false
1429808201381,52,2147483647,2147483647,2147483647,-108,13,Swisscom,false,false
1429808201381,380,2147483647,2147483647,2147483647,-114,13,Swisscom,false,false
1429808201381,2147483647,2147483647,2147483647,2147483647,-113,13,Swisscom,false,false
1429808201381,2147483647,2147483647,2147483647,2147483647,-113,13,Swisscom,false,false
1429808201381,2147483647,2147483647,2147483647,2147483647,-113,13,Swisscom,false,false
1429808201381,2147483647,2147483647,2147483647,2147483647,-113,13,Swisscom,false,false
1429808201381,2147483647,2147483647,2147483647,2147483647,-113,13,Swisscom,false,false
1429808201381,2147483647,2147483647,2147483647,2147483647,-113,13,Swisscom,false,false
1429808201381,2147483647,2147483647,2147483647,2147483647,-113,13,Swisscom,false,false
1429808201381,2147483647,2147483647,2147483647,2147483647,-113,13,Swisscom,false,false
1429808201381,2147483647,2147483647,2147483647,2147483647,-113,13,Swisscom,false,false
1429808201381,2147483647,2147483647,2147483647,2147483647,-113,13,Swisscom,false,false
1429808201381,2147483647,2147483647,2147483647,2147483647,-113,13,Swisscom,false,false
1429808201381,2147483647,2147483647,2147483647,2147483647,-113,13,Swisscom,false,false
1429808201381,2147483647,2147483647,2147483647,2147483647,-113,13,Swisscom,false,false
1429808201381,2147483647,2147483647,2147483647,2147483647,-113,13,Swisscom,false,false
1429808201381,2147483647,2147483647,2147483647,2147483647,-113,13,Swisscom,false,false
1429808261626,17113090,101,1,228,-105,13,Swisscom,true,false
1429808261626,52,2147483647,2147483647,2147483647,-111,13,Swisscom,false,false
1429808261626,176,2147483647,2147483647,2147483647,-111,13,Swisscom,false,false
1429808261626,380,2147483647,2147483647,2147483647,-117,13,Swisscom,false,false
1429808261626,83,2147483647,2147483647,2147483647,-117,13,Swisscom,false,false
1429808261626,2147483647,2147483647,2147483647,2147483647,-113,13,Swisscom,false,false
1429808261626,2147483647,2147483647,2147483647,2147483647,-113,13,Swisscom,false,false
1429808261626,2147483647,2147483647,2147483647,2147483647,-113,13,Swisscom,false,false
1429808261626,2147483647,2147483647,2147483647,2147483647,-113,13,Swisscom,false,false
1429808261626,2147483647,2147483647,2147483647,2147483647,-113,13,Swisscom,false,false
1429808261626,2147483647,2147483647,2147483647,2147483647,-113,13,Swisscom,false,false
1429808261626,2147483647,2147483647,2147483647,2147483647,-113,13,Swisscom,false,false
1429808261626,2147483647,2147483647,2147483647,2147483647,-113,13,Swisscom,false,false
1429808261626,2147483647,2147483647,2147483647,2147483647,-113,13,Swisscom,false,false
1429808261626,2147483647,2147483647,2147483647,2147483647,-113,13,Swisscom,false,false
1429808261626,2147483647,2147483647,2147483647,2147483647,-113,13,Swisscom,false,false
1429808261626,2147483647,2147483647,2147483647,2147483647,-113,13,Swisscom,false,false
1429808261626,2147483647,2147483647,2147483647,2147483647,-113,13,Swisscom,false,false
1429808261626,2147483647,2147483647,2147483647,2147483647,-113,13,Swisscom,false,false
1429808261626,2147483647,2147483647,2147483647,2147483647,-113,13,Swisscom,false,false
1429808330188,17113090,101,1,228,-104,13,Swisscom,true,false
1429808330188,52,2147483647,2147483647,2147483647,-110,13,Swisscom,false,false
1429808330188,176,2147483647,2147483647,2147483647,-113,13,Swisscom,false,false
1429808330188,380,2147483647,2147483647,2147483647,-115,13,Swisscom,false,false
1429808330188,2147483647,2147483647,2147483647,2147483647,-113,13,Swisscom,false,false
1429808330188,2147483647,2147483647,2147483647,2147483647,-113,13,Swisscom,false,false
1429808330188,2147483647,2147483647,2147483647,2147483647,-113,13,Swisscom,false,false
1429808330188,2147483647,2147483647,2147483647,2147483647,-113,13,Swisscom,false,false
1429808330188,2147483647,2147483647,2147483647,2147483647,-113,13,Swisscom,false,false
1429808330188,2147483647,2147483647,2147483647,2147483647,-113,13,Swisscom,false,false
1429808330188,2147483647,2147483647,2147483647,2147483647,-113,13,Swisscom,false,false
1429808330188,2147483647,2147483647,2147483647,2147483647,-113,13,Swisscom,false,false
1429808330188,2147483647,2147483647,2147483647,2147483647,-113,13,Swisscom,false,false
1429808330188,2147483647,2147483647,2147483647,2147483647,-113,13,Swisscom,false,false
1429808330188,2147483647,2147483647,2147483647,2147483647,-113,13,Swisscom,false,false
1429808330188,2147483647,2147483647,2147483647,2147483647,-113,13,Swisscom,false,false
1429808330188,2147483647,2147483647,2147483647,2147483647,-113,13,Swisscom,false,false
1429808330188,2147483647,2147483647,2147483647,2147483647,-113,13,Swisscom,false,false
1429808330188,2147483647,2147483647,2147483647,2147483647,-113,13,Swisscom,false,false
1429808390253,17113090,101,1,228,-103,13,Swisscom,true,false
1429808390253,52,2147483647,2147483647,2147483647,-110,13,Swisscom,false,false
1429808390253,176,2147483647,2147483647,2147483647,-112,13,Swisscom,false,false
1429808390253,380,2147483647,2147483647,2147483647,-116,13,Swisscom,false,false
1429808390253,101,2147483647,2147483647,2147483647,-116,13,Swisscom,false,false
1429808390253,2147483647,2147483647,2147483647,2147483647,-113,13,Swisscom,false,false
1429808390253,2147483647,2147483647,2147483647,2147483647,-113,13,Swisscom,false,false
1429808390253,2147483647,2147483647,2147483647,2147483647,-113,13,Swisscom,false,false
1429808390253,2147483647,2147483647,2147483647,2147483647,-113,13,Swisscom,false,false
1429808390253,2147483647,2147483647,2147483647,2147483647,-113,13,Swisscom,false,false
1429808390253,2147483647,2147483647,2147483647,2147483647,-113,13,Swisscom,false,false
1429808390253,2147483647,2147483647,2147483647,2147483647,-113,13,Swisscom,false,false
1429808390253,2147483647,2147483647,2147483647,2147483647,-113,13,Swisscom,false,false
1429808390253,2147483647,2147483647,2147483647,2147483647,-113,13,Swisscom,false,false
1429808390253,2147483647,2147483647,2147483647,2147483647,-113,13,Swisscom,false,false
1429808390253,2147483647,2147483647,2147483647,2147483647,-113,13,Swisscom,false,false
1429808390253,2147483647,2147483647,2147483647,2147483647,-113,13,Swisscom,false,false
1429808390253,2147483647,2147483647,2147483647,2147483647,-113,13,Swisscom,false,false
1429808390253,2147483647,2147483647,2147483647,2147483647,-113,13,Swisscom,false,false
1429808390253,2147483647,2147483647,2147483647,2147483647,-113,13,Swisscom,false,false
