1428990300633,com.google.android.deskclock,10035,23211,false,FOREGROUND,true
1428990316122,com.android.systemui,10012,4545,false,FOREGROUND,true
1428990318553,com.android.systemui,10012,4545,false,FOREGROUND,true
1428990321224,com.google.android.deskclock,10035,23211,false,FOREGROUND,true
1428990323610,com.google.android.deskclock,10035,23211,false,FOREGROUND,true
1428990328009,com.android.systemui,10012,4545,false,FOREGROUND,true
1428990900430,com.google.android.deskclock,10035,23211,false,FOREGROUND,true
1428990909174,com.google.android.deskclock,10035,23211,false,FOREGROUND,true
1428990911520,com.google.android.deskclock,10035,23211,false,FOREGROUND,true
1428990917466,com.android.systemui,10012,4545,false,FOREGROUND,true
1428991500570,com.google.android.deskclock,10035,23211,false,FOREGROUND,true
1428991508192,com.google.android.deskclock,10035,23211,false,FOREGROUND,true
1428991510694,com.google.android.deskclock,10035,23211,false,FOREGROUND,true
1428991514589,com.android.systemui,10012,4545,false,FOREGROUND,true
1428991518730,com.android.systemui,10012,4545,false,FOREGROUND,true
1428991522011,com.google.android.gm,10042,22896,true,FOREGROUND,true
1428991527912,com.google.android.googlequicksearchbox,10022,4385,true,FOREGROUND,true
1428991529395,com.google.android.googlequicksearchbox,10022,4385,true,FOREGROUND,true
1428991531271,com.google.android.googlequicksearchbox,10022,4385,true,FOREGROUND,true
1428991534788,com.google.android.gm,10042,22896,true,FOREGROUND,true
1428991544533,com.google.android.googlequicksearchbox,10022,4385,true,FOREGROUND,true
1428991545507,com.android.systemui,10012,4545,false,FOREGROUND,true
1428991552224,com.google.android.googlequicksearchbox,10022,4385,true,FOREGROUND,true
1428991552811,com.android.vending,10015,26743,true,FOREGROUND,true
1428991557205,com.google.android.googlequicksearchbox,10022,4385,true,FOREGROUND,true
1428991557990,com.android.systemui,10012,4545,false,FOREGROUND,true
1428991560078,com.google.android.googlequicksearchbox,10022,4385,true,FOREGROUND,true
1428991561872,com.google.android.youtube,10073,28584,true,FOREGROUND,true
1428991573116,com.android.systemui,10012,4545,false,FOREGROUND,true
1428992102454,com.google.android.deskclock,10035,23211,false,FOREGROUND,true
1428992107945,com.google.android.youtube,10073,28584,true,FOREGROUND,true
1428992234863,com.android.systemui,10012,4545,false,FOREGROUND,true
1428992235981,com.google.android.youtube,10073,28584,true,FOREGROUND,true
1428992256260,com.android.systemui,10012,4545,false,FOREGROUND,true
1428992258551,com.google.android.googlequicksearchbox,10022,4385,true,FOREGROUND,true
1428992259072,com.google.android.googlequicksearchbox,10022,4385,true,FOREGROUND,true
1428992260721,com.google.android.googlequicksearchbox,10022,4385,true,FOREGROUND,true
1428992260920,com.android.systemui,10012,4545,false,FOREGROUND,true
1428992486392,com.google.android.googlequicksearchbox,10022,4385,true,FOREGROUND,true
1428993375355,com.google.android.googlequicksearchbox,10022,4385,true,FOREGROUND,true
1428993400797,com.google.android.googlequicksearchbox,10022,4385,true,FOREGROUND,true
1428993438132,com.android.systemui,10012,4545,false,FOREGROUND,true
1428993440254,com.google.android.googlequicksearchbox,10022,4385,true,FOREGROUND,true
1428993487073,com.android.chrome,10032,25154,true,FOREGROUND,true
1428993857609,com.google.android.googlequicksearchbox,10022,4385,true,FOREGROUND,true
1428993880422,com.google.android.googlequicksearchbox,10022,4385,true,FOREGROUND,true
1428993882188,com.google.android.googlequicksearchbox,10022,4385,true,FOREGROUND,true
1428993882499,com.google.android.apps.inbox,10399,5389,true,FOREGROUND,true
1428993883016,com.google.android.googlequicksearchbox,10022,4385,true,BACKGROUND,true
1428993885318,com.google.android.googlequicksearchbox,10022,4385,true,FOREGROUND,true
1428993886083,com.google.android.googlequicksearchbox,10022,4385,true,FOREGROUND,true
1428993888811,com.google.android.gm,10042,997,true,FOREGROUND,true
1428993930115,com.google.android.googlequicksearchbox,10022,4385,true,FOREGROUND,true
1428993931661,com.google.android.googlequicksearchbox,10022,4385,true,FOREGROUND,true
1428993931822,com.android.systemui,10012,4545,false,FOREGROUND,true
1428996059827,com.google.android.googlequicksearchbox,10022,4385,true,FOREGROUND,true
1428996137423,com.google.android.googlequicksearchbox,10022,4385,true,FOREGROUND,true
1428996156599,com.android.systemui,10012,4545,false,FOREGROUND,true
1428996159852,com.google.android.gm,10042,997,true,FOREGROUND,true
1428996403243,com.google.android.googlequicksearchbox,10022,4385,true,FOREGROUND,true
1428996455989,com.google.android.googlequicksearchbox,10022,4385,true,FOREGROUND,true
1428996456144,com.android.systemui,10012,4545,false,FOREGROUND,true
1428996648135,com.android.systemui,10012,4545,false,FOREGROUND,true
1428996652434,com.google.android.talk,10051,26542,true,FOREGROUND,true
1428996653401,com.google.android.inputmethod.latin,10055,1070,true,VISIBLE,true
1428996663834,com.google.android.inputmethod.latin,10055,1070,true,VISIBLE,true
1428996663968,com.google.android.googlequicksearchbox,10022,4385,true,FOREGROUND,true
1428996664916,com.google.android.googlequicksearchbox,10022,4385,true,FOREGROUND,true
1428996665121,com.android.systemui,10012,4545,false,FOREGROUND,true
1428996961226,com.google.android.googlequicksearchbox,10022,4385,true,FOREGROUND,true
1428996988079,com.google.android.googlequicksearchbox,10022,4385,true,FOREGROUND,true
1428997278527,com.google.android.googlequicksearchbox,10022,4385,true,FOREGROUND,true
1428997414485,com.android.systemui,10012,4545,false,FOREGROUND,true
1428997419039,com.google.android.gm,10042,997,true,FOREGROUND,true
1428997420343,com.google.android.googlequicksearchbox,10022,4385,true,FOREGROUND,true
1428997515432,com.google.android.googlequicksearchbox,10022,4385,true,FOREGROUND,true
1428997515554,com.android.systemui,10012,4545,false,FOREGROUND,true
1429000683836,com.google.android.googlequicksearchbox,10022,4385,true,FOREGROUND,true
1429001207469,com.google.android.googlequicksearchbox,10022,4385,true,FOREGROUND,true
1429001246149,com.android.systemui,10012,4545,false,FOREGROUND,true
1429001247965,com.google.android.googlequicksearchbox,10022,4385,true,FOREGROUND,true
1429001249045,com.google.android.googlequicksearchbox,10022,4385,true,FOREGROUND,true
1429001249411,com.android.chrome,10032,25027,true,FOREGROUND,true
1429001250567,com.google.android.inputmethod.latin,10055,1070,true,VISIBLE,true
1429001252779,com.google.android.inputmethod.latin,10055,1070,true,VISIBLE,true
1429001311740,com.android.chrome,10032,25027,true,FOREGROUND,true
1429001315030,com.android.chrome,10032,25027,true,FOREGROUND,true
1429001329188,com.android.systemui,10012,4545,false,FOREGROUND,true
1429001331763,com.google.android.googlequicksearchbox,10022,4385,true,FOREGROUND,true
1429001332218,com.google.android.googlequicksearchbox,10022,4385,true,FOREGROUND,true
1429001333431,com.google.android.googlequicksearchbox,10022,4385,true,FOREGROUND,true
1429001333570,com.android.systemui,10012,4545,false,FOREGROUND,true
1429001408452,com.android.systemui,10012,4545,false,FOREGROUND,true
1429001410519,com.google.android.googlequicksearchbox,10022,4385,true,FOREGROUND,true
1429001411220,com.google.android.googlequicksearchbox,10022,4385,true,FOREGROUND,true
1429001416427,com.android.settings,1000,26353,true,FOREGROUND,true
1429001417980,com.android.settings,1000,26353,true,FOREGROUND,true
1429001419266,com.android.settings,1000,26353,true,FOREGROUND,true
1429001420924,com.android.settings,1000,26353,true,BACKGROUND,true
1429001423215,com.google.android.googlequicksearchbox,10022,4385,true,FOREGROUND,true
1429001423909,com.google.android.googlequicksearchbox,10022,4385,true,FOREGROUND,true
1429001424061,com.android.systemui,10012,4545,false,FOREGROUND,true
1429001487038,com.google.android.googlequicksearchbox,10022,4385,true,FOREGROUND,true
1429001549793,com.google.android.googlequicksearchbox,10022,4385,true,FOREGROUND,true
1429001650283,com.google.android.googlequicksearchbox,10022,4385,true,FOREGROUND,true
1429003531971,com.android.systemui,10012,4545,false,FOREGROUND,true
1429003533841,com.google.android.googlequicksearchbox,10022,4385,true,FOREGROUND,true
1429003534625,com.google.android.googlequicksearchbox,10022,4385,true,FOREGROUND,true
1429003534910,com.android.chrome,10032,26316,true,FOREGROUND,true
1429003565117,com.google.android.inputmethod.latin,10055,1070,true,VISIBLE,true
1429003566231,com.google.android.inputmethod.latin,10055,1070,true,PERCEPTIBLE,true
1429003569838,com.google.android.inputmethod.latin,10055,1070,true,VISIBLE,true
1429003570818,com.google.android.inputmethod.latin,10055,1070,true,PERCEPTIBLE,true
1429003572826,com.google.android.inputmethod.latin,10055,1070,true,VISIBLE,true
1429003576328,com.google.android.inputmethod.latin,10055,1070,true,PERCEPTIBLE,true
1429003587010,com.android.systemui,10012,4545,false,FOREGROUND,true
1429003588742,com.google.android.googlequicksearchbox,10022,4385,true,FOREGROUND,true
1429003589223,com.google.android.googlequicksearchbox,10022,4385,true,FOREGROUND,true
1429003590051,com.google.android.googlequicksearchbox,10022,4385,true,FOREGROUND,true
1429003590213,com.android.systemui,10012,4545,false,FOREGROUND,true
1429003618043,com.google.android.googlequicksearchbox,10022,4385,true,FOREGROUND,true
1429003916419,com.android.systemui,10012,4545,false,FOREGROUND,true
1429003918194,com.google.android.googlequicksearchbox,10022,4385,true,FOREGROUND,true
1429003919924,com.google.android.googlequicksearchbox,10022,4385,true,FOREGROUND,true
1429003920303,com.android.chrome,10032,31521,true,FOREGROUND,true
1429003932202,com.android.chrome,10032,31521,true,FOREGROUND,true
1429003932989,com.google.android.googlequicksearchbox,10022,4385,true,FOREGROUND,true
1429003933707,com.android.systemui,10012,4545,false,FOREGROUND,true
1429003935407,com.google.android.talk,10051,31579,true,FOREGROUND,true
1429003937461,com.google.android.googlequicksearchbox,10022,4385,true,FOREGROUND,true
1429003938062,com.google.android.googlequicksearchbox,10022,4385,true,FOREGROUND,true
1429003938221,com.android.systemui,10012,4545,false,FOREGROUND,true
1429004069316,com.google.android.googlequicksearchbox,10022,4385,true,FOREGROUND,true
1429004197421,com.google.android.googlequicksearchbox,10022,4385,true,FOREGROUND,true
1429004868862,com.google.android.googlequicksearchbox,10022,4385,true,FOREGROUND,true
1429004941700,com.android.systemui,10012,4545,false,FOREGROUND,true
1429004943669,com.google.android.googlequicksearchbox,10022,4385,true,FOREGROUND,true
1429004944786,com.google.android.talk,10051,31579,true,FOREGROUND,true
1429004949253,com.google.android.talk,10051,31579,true,FOREGROUND,true
1429004952050,com.google.android.talk,10051,31579,true,FOREGROUND,true
1429004952914,com.google.android.inputmethod.latin,10055,1070,true,VISIBLE,true
1429004954661,com.google.android.inputmethod.latin,10055,1070,true,VISIBLE,true
1429004955876,com.google.android.inputmethod.latin,10055,1070,true,VISIBLE,true
1429004957132,com.google.android.inputmethod.latin,10055,1070,true,VISIBLE,true
1429004957277,com.google.android.googlequicksearchbox,10022,4385,true,FOREGROUND,true
1429004960167,com.google.android.googlequicksearchbox,10022,4385,true,FOREGROUND,true
1429004960327,com.android.systemui,10012,4545,false,FOREGROUND,true
1429004968302,com.google.android.googlequicksearchbox,10022,4385,true,FOREGROUND,true
1429005071242,com.android.systemui,10012,4545,false,FOREGROUND,true
1429005078471,com.google.android.talk,10051,31579,true,FOREGROUND,true
1429005079013,com.google.android.talk,10051,31579,true,FOREGROUND,true
1429005087523,com.google.android.talk,10051,31579,true,FOREGROUND,true
1429005090763,com.google.android.googlequicksearchbox,10022,4385,true,FOREGROUND,true
1429005092013,com.google.android.googlequicksearchbox,10022,4385,true,FOREGROUND,true
1429005092158,com.android.systemui,10012,4545,false,FOREGROUND,true
1429005118158,com.android.systemui,10012,4545,false,FOREGROUND,true
1429005119951,com.google.android.googlequicksearchbox,10022,4385,true,FOREGROUND,true
1429005120858,com.google.android.talk,10051,31579,true,FOREGROUND,true
1429005122861,com.google.android.googlequicksearchbox,10022,4385,true,FOREGROUND,true
1429005124645,com.google.android.googlequicksearchbox,10022,4385,true,FOREGROUND,true
1429005124754,com.android.systemui,10012,4545,false,FOREGROUND,true
1429005225757,com.google.android.googlequicksearchbox,10022,4385,true,FOREGROUND,true
1429006205721,com.android.systemui,10012,4545,false,FOREGROUND,true
1429006207454,com.google.android.googlequicksearchbox,10022,4385,true,FOREGROUND,true
1429006218102,com.google.android.googlequicksearchbox,10022,4385,true,FOREGROUND,true
1429006221627,com.google.android.googlequicksearchbox,10022,4385,true,FOREGROUND,true
1429006223108,com.google.android.googlequicksearchbox,10022,4385,true,FOREGROUND,true
1429006223473,com.google.android.apps.inbox,10399,7087,true,FOREGROUND,true
1429006223911,com.google.android.googlequicksearchbox,10022,4385,true,BACKGROUND,true
1429006225932,com.google.android.googlequicksearchbox,10022,4385,true,FOREGROUND,true
1429006227608,com.google.android.googlequicksearchbox,10022,4385,true,FOREGROUND,true
1429006229760,com.google.android.apps.genie.geniewidget,10041,7282,true,FOREGROUND,true
1429006270040,com.android.chrome,10032,31521,true,FOREGROUND,true
1429006393994,com.google.android.apps.genie.geniewidget,10041,7282,true,FOREGROUND,true
1429006463925,com.android.chrome,10032,31521,true,FOREGROUND,true
1429006686724,com.android.systemui,10012,4545,false,FOREGROUND,true
1429006689213,com.google.android.googlequicksearchbox,10022,4385,true,FOREGROUND,true
1429006690199,com.google.android.googlequicksearchbox,10022,4385,true,FOREGROUND,true
1429006690435,com.android.systemui,10012,4545,false,FOREGROUND,true
1429006723828,com.android.systemui,10012,4545,false,FOREGROUND,true
1429006725705,com.google.android.googlequicksearchbox,10022,4385,true,FOREGROUND,true
1429006727364,com.google.android.googlequicksearchbox,10022,4385,true,FOREGROUND,true
1429006735258,com.june.think,10075,10205,true,FOREGROUND,true
1429006736856,com.june.think,10075,10205,true,FOREGROUND,true
1429006738046,com.june.think,10075,10205,true,FOREGROUND,true
1429006742851,com.google.android.inputmethod.latin,10055,1070,true,VISIBLE,true
1429006744668,com.google.android.inputmethod.latin,10055,1070,true,PERCEPTIBLE,true
1429006748009,com.google.android.inputmethod.latin,10055,1070,true,VISIBLE,true
1429006752095,com.google.android.inputmethod.latin,10055,1070,true,PERCEPTIBLE,true
1429006758576,com.google.android.inputmethod.latin,10055,1070,true,PERCEPTIBLE,true
1429006763801,com.google.android.inputmethod.latin,10055,1070,true,PERCEPTIBLE,true
1429006770849,com.google.android.inputmethod.latin,10055,1070,true,VISIBLE,true
1429006773443,com.google.android.inputmethod.latin,10055,1070,true,PERCEPTIBLE,true
1429006774372,com.june.think,10075,10205,true,FOREGROUND,true
1429006775982,com.june.think,10075,10205,true,FOREGROUND,true
1429006779671,com.google.android.inputmethod.latin,10055,1070,true,PERCEPTIBLE,true
1429006784485,com.google.android.inputmethod.latin,10055,1070,true,PERCEPTIBLE,true
1429006792330,com.google.android.inputmethod.latin,10055,1070,true,VISIBLE,true
1429006794537,com.google.android.inputmethod.latin,10055,1070,true,PERCEPTIBLE,true
1429006798978,com.google.android.inputmethod.latin,10055,1070,true,VISIBLE,true
1429006804834,com.google.android.googlequicksearchbox,10022,4385,true,FOREGROUND,true
1429006805724,com.google.android.googlequicksearchbox,10022,4385,true,FOREGROUND,true
1429006809614,com.google.android.apps.translate,10079,11069,true,FOREGROUND,true
1429006810415,com.google.android.apps.translate,10079,11069,true,FOREGROUND,true
1429006810517,com.google.android.inputmethod.latin,10055,1070,true,VISIBLE,true
1429006814466,com.google.android.inputmethod.latin,10055,1070,true,PERCEPTIBLE,true
1429006821986,com.google.android.googlequicksearchbox,10022,4385,true,FOREGROUND,true
1429006823152,com.android.systemui,10012,4545,false,FOREGROUND,true
1429006824461,com.june.think,10075,10205,true,FOREGROUND,true
1429006825506,com.google.android.inputmethod.latin,10055,1070,true,VISIBLE,true
1429006827414,com.google.android.inputmethod.latin,10055,1070,true,PERCEPTIBLE,true
1429006833352,com.google.android.googlequicksearchbox,10022,4385,true,FOREGROUND,true
1429006834361,com.android.systemui,10012,4545,false,FOREGROUND,true
1429006835354,com.google.android.apps.translate,10079,11069,true,FOREGROUND,true
1429006836698,com.google.android.apps.translate,10079,11069,true,FOREGROUND,true
1429006836763,com.google.android.inputmethod.latin,10055,1070,true,VISIBLE,true
1429006837782,com.google.android.inputmethod.latin,10055,1070,true,VISIBLE,true
1429006838029,com.google.android.inputmethod.latin,10055,1070,true,VISIBLE,true
1429006846526,com.google.android.inputmethod.latin,10055,1070,true,VISIBLE,true
1429006846769,com.google.android.inputmethod.latin,10055,1070,true,VISIBLE,true
1429006852891,com.google.android.apps.translate,10079,11069,true,FOREGROUND,true
1429006855687,com.android.systemui,10012,4545,false,FOREGROUND,true
1429006857522,com.google.android.googlequicksearchbox,10022,4385,true,FOREGROUND,true
1429006858584,com.google.android.googlequicksearchbox,10022,4385,true,FOREGROUND,true
1429006862191,com.google.android.apps.translate,10079,11795,true,FOREGROUND,true
1429006862634,com.google.android.googlequicksearchbox,10022,4385,true,FOREGROUND,true
1429006863324,com.android.systemui,10012,4545,false,FOREGROUND,true
1429006864781,com.google.android.googlequicksearchbox,10022,4385,true,FOREGROUND,true
1429006865252,com.google.android.googlequicksearchbox,10022,4385,true,FOREGROUND,true
1429006869228,com.june.think,10075,11952,true,FOREGROUND,true
1429006869515,com.june.think,10075,11952,true,FOREGROUND,true
1429006870742,com.june.think,10075,11952,true,FOREGROUND,true
1429006873343,com.google.android.inputmethod.latin,10055,1070,true,VISIBLE,true
1429006880457,com.google.android.inputmethod.latin,10055,1070,true,PERCEPTIBLE,true
1429006889531,com.google.android.inputmethod.latin,10055,1070,true,PERCEPTIBLE,true
1429006899341,com.google.android.inputmethod.latin,10055,1070,true,VISIBLE,true
1429006904767,com.google.android.inputmethod.latin,10055,1070,true,PERCEPTIBLE,true
1429006906680,com.google.android.inputmethod.latin,10055,1070,true,VISIBLE,true
1429006908639,com.google.android.inputmethod.latin,10055,1070,true,PERCEPTIBLE,true
1429006909727,com.google.android.apps.translate,10079,11795,true,FOREGROUND,true
1429006911583,com.google.android.apps.translate,10079,11795,true,FOREGROUND,true
1429006911649,com.google.android.inputmethod.latin,10055,1070,true,VISIBLE,true
1429006914166,com.google.android.inputmethod.latin,10055,1070,true,VISIBLE,true
1429006914314,com.google.android.inputmethod.latin,10055,1070,true,VISIBLE,true
1429006919619,com.android.systemui,10012,4545,false,FOREGROUND,true
1429006920407,com.june.think,10075,11952,true,FOREGROUND,true
1429006921079,com.google.android.inputmethod.latin,10055,1070,true,VISIBLE,true
1429006926195,com.google.android.inputmethod.latin,10055,1070,true,VISIBLE,true
1429006927090,com.june.think,10075,11952,true,FOREGROUND,true
1429006928679,com.june.think,10075,11952,true,FOREGROUND,true
1429006932633,com.google.android.inputmethod.latin,10055,1070,true,VISIBLE,true
1429006939597,com.google.android.inputmethod.latin,10055,1070,true,VISIBLE,true
1429006947133,com.google.android.inputmethod.latin,10055,1070,true,VISIBLE,true
1429006959509,com.june.think,10075,11952,true,FOREGROUND,true
1429006960515,com.june.think,10075,11952,true,FOREGROUND,true
1429006961857,com.june.think,10075,11952,true,FOREGROUND,true
1429006971403,com.android.systemui,10012,4545,false,FOREGROUND,true
1429006973203,com.google.android.googlequicksearchbox,10022,4385,true,FOREGROUND,true
1429006973753,com.google.android.googlequicksearchbox,10022,4385,true,FOREGROUND,true
1429006977227,ch.admin.meteoswiss,10276,13196,true,FOREGROUND,true
1429007025021,com.google.android.googlequicksearchbox,10022,4385,true,FOREGROUND,true
1429007026465,com.android.systemui,10012,4545,false,FOREGROUND,true
1429007027986,com.google.android.googlequicksearchbox,10022,4385,true,FOREGROUND,true
1429007028263,com.google.android.googlequicksearchbox,10022,4385,true,FOREGROUND,true
1429007028967,com.google.android.googlequicksearchbox,10022,4385,true,FOREGROUND,true
1429007029170,com.android.systemui,10012,4545,false,FOREGROUND,true
1429007046082,com.google.android.googlequicksearchbox,10022,4385,true,FOREGROUND,true
1429008558843,com.google.android.googlequicksearchbox,10022,4385,true,FOREGROUND,true
1429008950120,com.google.android.googlequicksearchbox,10022,4385,true,FOREGROUND,true
1429009262260,com.google.android.googlequicksearchbox,10022,4385,true,FOREGROUND,true
1429009321735,com.android.systemui,10012,4545,false,FOREGROUND,true
1429009323582,ch.unige.ping,10427,13680,true,FOREGROUND,true
1429009328679,com.google.android.googlequicksearchbox,10022,4385,true,FOREGROUND,true
1429009329550,com.google.android.googlequicksearchbox,10022,4385,true,FOREGROUND,true
1429009330327,com.google.android.googlequicksearchbox,10022,4385,true,FOREGROUND,true
1429009330472,com.android.systemui,10012,4545,false,FOREGROUND,true
1429019149026,com.android.systemui,10012,4545,false,FOREGROUND,true
1429019159074,com.google.android.googlequicksearchbox,10022,4385,true,FOREGROUND,true
1429019767582,com.google.android.googlequicksearchbox,10022,4385,true,FOREGROUND,true
1429019957894,com.google.android.googlequicksearchbox,10022,4385,true,FOREGROUND,true
1429019973698,com.google.android.googlequicksearchbox,10022,4385,true,FOREGROUND,true
1429020043177,com.android.systemui,10012,4545,false,FOREGROUND,true
1429020045353,ch.unige.ping,10427,13680,true,FOREGROUND,true
1429020050959,com.google.android.googlequicksearchbox,10022,4385,true,FOREGROUND,true
1429020052965,com.google.android.googlequicksearchbox,10022,4385,true,FOREGROUND,true
1429020053891,com.google.android.googlequicksearchbox,10022,4385,true,FOREGROUND,true
1429020054104,com.android.systemui,10012,4545,false,FOREGROUND,true
1429020102681,com.android.systemui,10012,4545,false,FOREGROUND,true
1429020106404,com.google.android.googlequicksearchbox,10022,4385,true,FOREGROUND,true
1429020117747,com.google.android.googlequicksearchbox,10022,4385,true,FOREGROUND,true
1429020118538,com.google.android.googlequicksearchbox,10022,4385,true,FOREGROUND,true
1429020118831,com.android.systemui,10012,4545,false,FOREGROUND,true
1429020166791,com.google.android.googlequicksearchbox,10022,4385,true,FOREGROUND,true
1429020251223,com.android.systemui,10012,4545,false,FOREGROUND,true
1429020254974,com.google.android.talk,10051,14054,true,FOREGROUND,true
1429020256364,com.google.android.googlequicksearchbox,10022,4385,true,FOREGROUND,true
1429020265906,com.google.android.googlequicksearchbox,10022,4385,true,FOREGROUND,true
1429020268061,com.google.android.googlequicksearchbox,10022,4385,true,FOREGROUND,true
1429020358410,com.android.systemui,10012,4545,false,FOREGROUND,true
1429020360553,com.google.android.googlequicksearchbox,10022,4385,true,FOREGROUND,true
1429020361360,com.google.android.talk,10051,14054,true,FOREGROUND,true
1429020363694,com.google.android.googlequicksearchbox,10022,4385,true,FOREGROUND,true
1429020365039,com.google.android.googlequicksearchbox,10022,4385,true,FOREGROUND,true
1429020365297,com.android.systemui,10012,4545,false,FOREGROUND,true
1429021038551,com.google.android.googlequicksearchbox,10022,4385,true,FOREGROUND,true
1429021046366,com.google.android.googlequicksearchbox,10022,4385,true,FOREGROUND,true
1429021124024,com.google.android.googlequicksearchbox,10022,4385,true,FOREGROUND,true
1429022543342,com.google.android.googlequicksearchbox,10022,4385,true,FOREGROUND,true
1429023241833,com.google.android.googlequicksearchbox,10022,4385,true,FOREGROUND,true
1429023303787,com.google.android.googlequicksearchbox,10022,4385,true,FOREGROUND,true
1429025053038,com.google.android.googlequicksearchbox,10022,4385,true,FOREGROUND,true
1429026059886,com.android.systemui,10012,4545,false,FOREGROUND,true
1429026061258,com.google.android.googlequicksearchbox,10022,4385,true,FOREGROUND,true
1429026070871,com.android.systemui,10012,4545,false,FOREGROUND,true
1429026073312,com.google.android.googlequicksearchbox,10022,4385,true,FOREGROUND,true
1429026075104,com.whatsapp,10082,30323,true,FOREGROUND,true
1429026077270,com.whatsapp,10082,30323,true,FOREGROUND,true
1429026082869,com.google.android.googlequicksearchbox,10022,4385,true,FOREGROUND,true
1429026083985,com.google.android.googlequicksearchbox,10022,4385,true,FOREGROUND,true
1429026084146,com.android.systemui,10012,4545,false,FOREGROUND,true
1429026233555,com.google.android.googlequicksearchbox,10022,4385,true,FOREGROUND,true
1429026242093,com.google.android.googlequicksearchbox,10022,4385,true,FOREGROUND,true
1429026550402,com.google.android.googlequicksearchbox,10022,4385,true,FOREGROUND,true
1429026853072,com.google.android.googlequicksearchbox,10022,4385,true,FOREGROUND,true
1429027018728,com.android.systemui,10012,4545,false,FOREGROUND,true
1429027021142,com.google.android.googlequicksearchbox,10022,4385,true,FOREGROUND,true
1429027047356,com.android.chrome,10032,6434,true,FOREGROUND,true
1429027138301,com.google.android.googlequicksearchbox,10022,4385,true,FOREGROUND,true
1429027139141,com.android.systemui,10012,4545,false,FOREGROUND,true
1429027142046,com.google.android.googlequicksearchbox,10022,4385,true,FOREGROUND,true
1429027142482,com.google.android.googlequicksearchbox,10022,4385,true,FOREGROUND,true
1429027143803,com.google.android.googlequicksearchbox,10022,4385,true,FOREGROUND,true
1429027143964,com.android.systemui,10012,4545,false,FOREGROUND,true
1429027207238,com.google.android.googlequicksearchbox,10022,4385,true,FOREGROUND,true
1429027433657,com.google.android.googlequicksearchbox,10022,4385,true,FOREGROUND,true
1429027870890,com.android.systemui,10012,4545,false,FOREGROUND,true
1429027872908,com.google.android.googlequicksearchbox,10022,4385,true,FOREGROUND,true
1429027896235,com.google.android.googlequicksearchbox,10022,4385,true,FOREGROUND,true
1429027898254,com.google.android.apps.plus,10066,18141,true,FOREGROUND,true
1429027898604,com.google.android.googlequicksearchbox,10022,4385,true,BACKGROUND,true
1429027905347,com.google.android.apps.plus,10066,18141,true,FOREGROUND,true
1429027905466,com.google.android.apps.plus,10066,18141,true,FOREGROUND,true
1429027906014,com.android.chrome,10032,24816,true,FOREGROUND,true
1429027941334,com.android.systemui,10012,4545,false,FOREGROUND,true
1429027943146,com.google.android.googlequicksearchbox,10022,4385,true,FOREGROUND,true
1429027944233,com.google.android.googlequicksearchbox,10022,4385,true,FOREGROUND,true
1429027948407,com.google.android.googlequicksearchbox,10022,4385,true,FOREGROUND,true
1429027948582,com.android.systemui,10012,4545,false,FOREGROUND,true
1429027974334,com.google.android.googlequicksearchbox,10022,4385,true,FOREGROUND,true
1429028109473,com.google.android.googlequicksearchbox,10022,4385,true,FOREGROUND,true
1429028290385,com.google.android.googlequicksearchbox,10022,4385,true,FOREGROUND,true
1429030853415,com.android.systemui,10012,4545,false,FOREGROUND,true
1429030855514,ch.unige.ping,10427,13680,true,FOREGROUND,true
1429030858998,com.google.android.googlequicksearchbox,10022,4385,true,FOREGROUND,true
1429030860219,com.google.android.googlequicksearchbox,10022,4385,true,FOREGROUND,true
1429030861006,com.google.android.googlequicksearchbox,10022,4385,true,FOREGROUND,true
1429030861147,com.android.systemui,10012,4545,false,FOREGROUND,true
1429032298464,com.android.systemui,10012,4545,false,FOREGROUND,true
1429032301050,com.google.android.apps.inbox,10399,7641,true,FOREGROUND,true
1429032326424,com.google.android.googlequicksearchbox,10022,4385,true,FOREGROUND,true
1429032625040,com.google.android.googlequicksearchbox,10022,4385,true,FOREGROUND,true
1429032625196,com.android.systemui,10012,4545,false,FOREGROUND,true
1429033804634,com.android.systemui,10012,4545,false,FOREGROUND,true
1429033807914,com.google.android.googlequicksearchbox,10022,4385,true,FOREGROUND,true
1429033834892,com.google.android.googlequicksearchbox,10022,4385,true,FOREGROUND,true
1429033835816,com.google.android.googlequicksearchbox,10022,4385,true,FOREGROUND,true
1429033835991,com.android.systemui,10012,4545,false,FOREGROUND,true
1429034554741,com.android.systemui,10012,4545,false,FOREGROUND,true
1429034556824,com.google.android.googlequicksearchbox,10022,4385,true,FOREGROUND,true
1429034560233,com.google.android.deskclock,10035,9950,false,FOREGROUND,true
1429034566337,com.google.android.googlequicksearchbox,10022,4385,true,FOREGROUND,true
1429034568912,com.whatsapp,10082,24742,true,FOREGROUND,true
1429034569935,com.google.android.googlequicksearchbox,10022,4385,true,FOREGROUND,true
1429034570977,com.google.android.googlequicksearchbox,10022,4385,true,FOREGROUND,true
1429034571130,com.android.systemui,10012,4545,false,FOREGROUND,true
1429035165838,com.google.android.deskclock,10035,9950,false,FOREGROUND,true
1429035190603,com.google.android.deskclock,10035,9950,false,FOREGROUND,true
1429035193165,com.google.android.deskclock,10035,9950,false,FOREGROUND,true
1429035194262,com.android.systemui,10012,4545,false,FOREGROUND,true
1429035194914,com.android.systemui,10012,4545,false,FOREGROUND,true
1429035196696,com.google.android.googlequicksearchbox,10022,4385,true,FOREGROUND,true
1429035235545,com.google.android.googlequicksearchbox,10022,4385,true,FOREGROUND,true
1429035235929,com.google.android.googlequicksearchbox,10022,4385,true,FOREGROUND,true
1429035239272,com.google.android.deskclock,10035,9950,false,FOREGROUND,true
1429035241693,com.android.systemui,10012,4545,false,FOREGROUND,true
1429035540862,com.google.android.deskclock,10035,9950,false,FOREGROUND,true
1429035543220,com.google.android.deskclock,10035,9950,false,FOREGROUND,true
1429035544270,com.android.systemui,10012,4545,false,FOREGROUND,true
1429035545529,com.android.systemui,10012,4545,false,FOREGROUND,true
1429035549192,com.google.android.deskclock,10035,9950,false,FOREGROUND,true
1429035581515,com.android.systemui,10012,4545,false,FOREGROUND,true
1429035939122,com.android.systemui,10012,4545,false,FOREGROUND,true
1429035941430,com.google.android.deskclock,10035,9950,false,FOREGROUND,true
1429035995674,com.google.android.deskclock,10035,9950,false,FOREGROUND,true
1429035997558,com.google.android.deskclock,10035,9950,false,FOREGROUND,true
1429036002448,com.google.android.googlequicksearchbox,10022,4385,true,FOREGROUND,true
1429036004175,com.google.android.googlequicksearchbox,10022,4385,true,FOREGROUND,true
1429036004306,com.android.systemui,10012,4545,false,FOREGROUND,true
1429037095345,com.android.systemui,10012,4545,false,FOREGROUND,true
1429037097329,com.google.android.googlequicksearchbox,10022,4385,true,FOREGROUND,true
1429037099117,com.google.android.googlequicksearchbox,10022,4385,true,FOREGROUND,true
1429037108504,com.june.think,10075,17864,true,FOREGROUND,true
1429037119498,com.june.think,10075,17864,true,FOREGROUND,true
1429037122555,com.june.think,10075,17864,true,FOREGROUND,true
1429037134145,com.google.android.inputmethod.latin,10055,1070,true,VISIBLE,true
1429037149578,com.google.android.inputmethod.latin,10055,1070,true,PERCEPTIBLE,true
1429037159630,com.google.android.inputmethod.latin,10055,1070,true,VISIBLE,true
1429037162214,com.google.android.inputmethod.latin,10055,1070,true,PERCEPTIBLE,true
1429037163216,com.google.android.inputmethod.latin,10055,1070,true,VISIBLE,true
1429037169867,com.google.android.inputmethod.latin,10055,1070,true,PERCEPTIBLE,true
1429037176884,com.google.android.inputmethod.latin,10055,1070,true,VISIBLE,true
1429037181110,com.google.android.inputmethod.latin,10055,1070,true,PERCEPTIBLE,true
1429037183042,com.google.android.inputmethod.latin,10055,1070,true,VISIBLE,true
1429037190642,com.google.android.inputmethod.latin,10055,1070,true,PERCEPTIBLE,true
1429037194938,com.google.android.googlequicksearchbox,10022,4385,true,FOREGROUND,true
1429037196100,com.google.android.googlequicksearchbox,10022,4385,true,FOREGROUND,true
1429037197020,com.google.android.googlequicksearchbox,10022,4385,true,FOREGROUND,true
1429037197268,com.android.systemui,10012,4545,false,FOREGROUND,true
1429039530321,com.android.systemui,10012,4545,false,FOREGROUND,true
1429039532566,com.google.android.googlequicksearchbox,10022,4385,true,FOREGROUND,true
1429039542272,com.google.android.googlequicksearchbox,10022,4385,true,FOREGROUND,true
1429039549662,com.june.think,10075,22490,true,FOREGROUND,true
1429039551107,com.june.think,10075,22490,true,FOREGROUND,true
1429039552494,com.june.think,10075,22490,true,FOREGROUND,true
1429039558073,com.google.android.inputmethod.latin,10055,1070,true,VISIBLE,true
1429039559058,com.google.android.inputmethod.latin,10055,1070,true,PERCEPTIBLE,true
1429039562149,com.google.android.googlequicksearchbox,10022,4385,true,FOREGROUND,true
1429039562962,com.google.android.googlequicksearchbox,10022,4385,true,FOREGROUND,true
1429039567752,com.google.android.apps.translate,10079,22945,true,FOREGROUND,true
1429039570842,com.google.android.apps.translate,10079,22945,true,FOREGROUND,true
1429039570933,com.google.android.inputmethod.latin,10055,1070,true,VISIBLE,true
1429039575512,com.google.android.inputmethod.latin,10055,1070,true,VISIBLE,true
1429039583133,com.google.android.inputmethod.latin,10055,1070,true,VISIBLE,true
1429039584493,com.june.think,10075,22490,true,FOREGROUND,true
1429039585281,com.google.android.inputmethod.latin,10055,1070,true,VISIBLE,true
1429039587846,com.google.android.inputmethod.latin,10055,1070,true,VISIBLE,true
1429039590870,com.google.android.inputmethod.latin,10055,1070,true,VISIBLE,true
1429039598140,com.google.android.inputmethod.latin,10055,1070,true,VISIBLE,true
1429039602630,com.google.android.inputmethod.latin,10055,1070,true,VISIBLE,true
1429039609829,com.google.android.inputmethod.latin,10055,1070,true,VISIBLE,true
1429039638379,com.google.android.inputmethod.latin,10055,1070,true,VISIBLE,true
1429039641401,com.google.android.inputmethod.latin,10055,1070,true,VISIBLE,true
1429039649599,com.google.android.inputmethod.latin,10055,1070,true,VISIBLE,true
1429039672867,com.google.android.inputmethod.latin,10055,1070,true,VISIBLE,true
1429039675207,com.google.android.inputmethod.latin,10055,1070,true,VISIBLE,true
1429039681488,com.google.android.inputmethod.latin,10055,1070,true,VISIBLE,true
1429039684134,com.google.android.inputmethod.latin,10055,1070,true,VISIBLE,true
1429039689840,com.google.android.inputmethod.latin,10055,1070,true,VISIBLE,true
1429039691894,com.google.android.inputmethod.latin,10055,1070,true,VISIBLE,true
1429039700681,com.google.android.inputmethod.latin,10055,1070,true,VISIBLE,true
1429039703059,com.android.systemui,10012,4545,false,FOREGROUND,true
1429039703927,com.google.android.apps.translate,10079,22945,true,FOREGROUND,true
1429039704798,com.google.android.apps.translate,10079,22945,true,FOREGROUND,true
1429039705447,com.google.android.apps.translate,10079,22945,true,FOREGROUND,true
1429039705568,com.google.android.inputmethod.latin,10055,1070,true,VISIBLE,true
1429039711164,com.google.android.inputmethod.latin,10055,1070,true,VISIBLE,true
1429039711712,com.google.android.apps.translate,10079,22945,true,FOREGROUND,true
1429039712235,com.android.systemui,10012,4545,false,FOREGROUND,true
1429039713185,com.june.think,10075,22490,true,FOREGROUND,true
1429039714086,com.google.android.inputmethod.latin,10055,1070,true,VISIBLE,true
1429039716105,com.google.android.inputmethod.latin,10055,1070,true,PERCEPTIBLE,true
1429039722309,com.google.android.inputmethod.latin,10055,1070,true,VISIBLE,true
1429039726180,com.google.android.inputmethod.latin,10055,1070,true,PERCEPTIBLE,true
1429039730976,com.google.android.inputmethod.latin,10055,1070,true,VISIBLE,true
1429039744415,com.google.android.inputmethod.latin,10055,1070,true,PERCEPTIBLE,true
1429039745177,com.google.android.apps.translate,10079,22945,true,FOREGROUND,true
1429039746104,com.google.android.apps.translate,10079,22945,true,FOREGROUND,true
1429039746208,com.google.android.inputmethod.latin,10055,1070,true,VISIBLE,true
1429039758269,com.google.android.inputmethod.latin,10055,1070,true,VISIBLE,true
1429039758994,com.android.systemui,10012,4545,false,FOREGROUND,true
1429039760041,com.june.think,10075,22490,true,FOREGROUND,true
1429039761437,com.google.android.inputmethod.latin,10055,1070,true,VISIBLE,true
1429039765998,com.google.android.inputmethod.latin,10055,1070,true,VISIBLE,true
1429039768967,com.google.android.inputmethod.latin,10055,1070,true,VISIBLE,true
1429039771050,com.google.android.inputmethod.latin,10055,1070,true,VISIBLE,true
1429039772563,com.google.android.inputmethod.latin,10055,1070,true,VISIBLE,true
1429039784206,com.android.systemui,10012,4545,false,FOREGROUND,true
1429039785329,com.google.android.apps.translate,10079,22945,true,FOREGROUND,true
1429039786212,com.google.android.apps.translate,10079,22945,true,FOREGROUND,true
1429039786967,com.google.android.apps.translate,10079,22945,true,FOREGROUND,true
1429039787068,com.google.android.inputmethod.latin,10055,1070,true,VISIBLE,true
1429039794764,com.google.android.inputmethod.latin,10055,1070,true,VISIBLE,true
1429039795724,com.june.think,10075,22490,true,FOREGROUND,true
1429039796846,com.google.android.inputmethod.latin,10055,1070,true,VISIBLE,true
1429039799618,com.google.android.inputmethod.latin,10055,1070,true,VISIBLE,true
1429039800543,com.june.think,10075,22490,true,FOREGROUND,true
1429039810298,com.june.think,10075,22490,true,FOREGROUND,true
1429039825570,com.google.android.inputmethod.latin,10055,1070,true,VISIBLE,true
1429039841014,com.google.android.inputmethod.latin,10055,1070,true,VISIBLE,true
1429039846387,com.google.android.inputmethod.latin,10055,1070,true,VISIBLE,true
1429039851983,com.google.android.inputmethod.latin,10055,1070,true,VISIBLE,true
1429039854810,com.google.android.inputmethod.latin,10055,1070,true,VISIBLE,true
1429039858007,com.google.android.inputmethod.latin,10055,1070,true,VISIBLE,true
1429039951881,com.google.android.inputmethod.latin,10055,1070,true,VISIBLE,true
1429039954001,com.google.android.inputmethod.latin,10055,1070,true,VISIBLE,true
1429039966096,com.google.android.inputmethod.latin,10055,1070,true,VISIBLE,true
1429039972702,com.google.android.inputmethod.latin,10055,1070,true,VISIBLE,true
1429039978083,com.google.android.inputmethod.latin,10055,1070,true,VISIBLE,true
1429040023080,com.google.android.inputmethod.latin,10055,1070,true,VISIBLE,true
1429040027620,com.google.android.inputmethod.latin,10055,1070,true,VISIBLE,true
1429040030930,com.google.android.inputmethod.latin,10055,1070,true,VISIBLE,true
1429040033080,com.google.android.inputmethod.latin,10055,1070,true,VISIBLE,true
1429040037163,com.google.android.inputmethod.latin,10055,1070,true,VISIBLE,true
1429040038942,com.google.android.inputmethod.latin,10055,1070,true,VISIBLE,true
1429040041051,com.google.android.inputmethod.latin,10055,1070,true,VISIBLE,true
1429040045964,com.google.android.inputmethod.latin,10055,1070,true,VISIBLE,true
1429040051513,com.google.android.inputmethod.latin,10055,1070,true,VISIBLE,true
1429040078101,com.google.android.inputmethod.latin,10055,1070,true,VISIBLE,true
1429040090779,com.google.android.inputmethod.latin,10055,1070,true,VISIBLE,true
1429040102374,com.google.android.inputmethod.latin,10055,1070,true,VISIBLE,true
1429040111471,com.google.android.inputmethod.latin,10055,1070,true,VISIBLE,true
1429040115912,com.google.android.inputmethod.latin,10055,1070,true,VISIBLE,true
1429040117922,com.google.android.inputmethod.latin,10055,1070,true,VISIBLE,true
1429040123727,com.google.android.inputmethod.latin,10055,1070,true,VISIBLE,true
1429040128319,com.google.android.inputmethod.latin,10055,1070,true,VISIBLE,true
1429040138221,com.google.android.inputmethod.latin,10055,1070,true,VISIBLE,true
1429040140930,com.google.android.inputmethod.latin,10055,1070,true,VISIBLE,true
1429040144699,com.google.android.inputmethod.latin,10055,1070,true,VISIBLE,true
1429040147131,com.google.android.inputmethod.latin,10055,1070,true,VISIBLE,true
1429040151093,com.google.android.inputmethod.latin,10055,1070,true,VISIBLE,true
1429040187315,com.google.android.inputmethod.latin,10055,1070,true,VISIBLE,true
1429040197566,com.google.android.inputmethod.latin,10055,1070,true,VISIBLE,true
1429040199104,com.google.android.inputmethod.latin,10055,1070,true,VISIBLE,true
1429040208513,com.google.android.inputmethod.latin,10055,1070,true,VISIBLE,true
1429040210060,com.google.android.inputmethod.latin,10055,1070,true,VISIBLE,true
1429040219985,com.google.android.inputmethod.latin,10055,1070,true,VISIBLE,true
1429040221379,com.google.android.inputmethod.latin,10055,1070,true,VISIBLE,true
1429040237934,com.android.systemui,10012,4545,false,FOREGROUND,true
1429040242389,com.google.android.googlequicksearchbox,10022,4385,true,FOREGROUND,true
1429040242827,com.google.android.googlequicksearchbox,10022,4385,true,FOREGROUND,true
1429040244318,com.google.android.googlequicksearchbox,10022,4385,true,FOREGROUND,true
1429040244463,com.android.systemui,10012,4545,false,FOREGROUND,true
1429046524215,com.google.android.googlequicksearchbox,10022,4385,true,FOREGROUND,true
1429048567463,com.google.android.googlequicksearchbox,10022,4385,true,FOREGROUND,true
1429048606491,com.google.android.googlequicksearchbox,10022,4385,true,FOREGROUND,true
