1428098408929,-1,-1,-1,-1,0,3,Movistar,true,false
1428098408929,-1,-1,-1,-1,0,3,Movistar,false,false
1428098408929,-1,-1,-1,-1,0,3,Movistar,false,false
1428098408929,-1,-1,-1,-1,0,3,Movistar,false,false
1428098408929,-1,-1,-1,-1,0,3,Movistar,false,false
1428098408929,-1,-1,-1,-1,0,3,Movistar,false,false
1428098408929,-1,-1,-1,-1,0,3,Movistar,false,false
1428098408929,-1,-1,-1,-1,0,3,Movistar,false,false
1428098486986,-1,-1,-1,-1,0,3,Movistar,true,false
1428098486986,-1,-1,-1,-1,0,3,Movistar,false,false
1428098486986,-1,-1,-1,-1,0,3,Movistar,false,false
1428098486986,-1,-1,-1,-1,0,3,Movistar,false,false
1428098486986,-1,-1,-1,-1,0,3,Movistar,false,false
1428098486986,-1,-1,-1,-1,0,3,Movistar,false,false
1428098486986,-1,-1,-1,-1,0,3,Movistar,false,false
1428098486986,-1,-1,-1,-1,0,3,Movistar,false,false
1428098550944,-1,-1,-1,-1,0,3,Movistar,true,false
1428098550944,-1,-1,-1,-1,0,3,Movistar,false,false
1428098550944,-1,-1,-1,-1,0,3,Movistar,false,false
1428098550944,-1,-1,-1,-1,0,3,Movistar,false,false
1428098550944,-1,-1,-1,-1,0,3,Movistar,false,false
1428098550944,-1,-1,-1,-1,0,3,Movistar,false,false
1428098550944,-1,-1,-1,-1,0,3,Movistar,false,false
1428098610945,-1,-1,-1,-1,0,3,Movistar,true,false
1428098610945,-1,-1,-1,-1,0,3,Movistar,false,false
1428098610945,-1,-1,-1,-1,0,3,Movistar,false,false
1428098610945,-1,-1,-1,-1,0,3,Movistar,false,false
1428098610945,-1,-1,-1,-1,0,3,Movistar,false,false
1428098610945,-1,-1,-1,-1,0,3,Movistar,false,false
1428098610945,-1,-1,-1,-1,0,3,Movistar,false,false
1428098676245,-1,-1,-1,-1,0,3,Movistar,true,false
1428098676245,-1,-1,-1,-1,0,3,Movistar,false,false
1428098676245,-1,-1,-1,-1,0,3,Movistar,false,false
1428098676245,-1,-1,-1,-1,0,3,Movistar,false,false
1428098676245,-1,-1,-1,-1,0,3,Movistar,false,false
1428098676245,-1,-1,-1,-1,0,3,Movistar,false,false
1428098676245,-1,-1,-1,-1,0,3,Movistar,false,false
1428098736349,-1,-1,-1,-1,0,3,Movistar,true,false
1428098736349,-1,-1,-1,-1,0,3,Movistar,false,false
1428098736349,-1,-1,-1,-1,0,3,Movistar,false,false
1428098736349,-1,-1,-1,-1,0,3,Movistar,false,false
1428098736349,-1,-1,-1,-1,0,3,Movistar,false,false
1428098736349,-1,-1,-1,-1,0,3,Movistar,false,false
1428098736349,-1,-1,-1,-1,0,3,Movistar,false,false
1428098802880,-1,-1,-1,-1,0,3,Movistar,true,false
1428098802880,-1,-1,-1,-1,0,3,Movistar,false,false
1428098802880,-1,-1,-1,-1,0,3,Movistar,false,false
1428098802880,-1,-1,-1,-1,0,3,Movistar,false,false
1428098802880,-1,-1,-1,-1,0,3,Movistar,false,false
1428098802880,-1,-1,-1,-1,0,3,Movistar,false,false
1428098802880,-1,-1,-1,-1,0,3,Movistar,false,false
1428098882279,-1,-1,-1,-1,0,3,Movistar,true,false
1428098882279,-1,-1,-1,-1,0,3,Movistar,false,false
1428098882279,-1,-1,-1,-1,0,3,Movistar,false,false
1428098882279,-1,-1,-1,-1,0,3,Movistar,false,false
1428098882279,-1,-1,-1,-1,0,3,Movistar,false,false
1428098882279,-1,-1,-1,-1,0,3,Movistar,false,false
1428098882279,-1,-1,-1,-1,0,3,Movistar,false,false
1428098942389,-1,-1,-1,-1,0,3,Movistar,true,false
1428098942389,-1,-1,-1,-1,0,3,Movistar,false,false
1428098942389,-1,-1,-1,-1,0,3,Movistar,false,false
1428098942389,-1,-1,-1,-1,0,3,Movistar,false,false
1428098942389,-1,-1,-1,-1,0,3,Movistar,false,false
1428098942389,-1,-1,-1,-1,0,3,Movistar,false,false
1428098942389,-1,-1,-1,-1,0,3,Movistar,false,false
1428099021494,-1,-1,-1,-1,0,3,Movistar,true,false
1428099021494,-1,-1,-1,-1,0,3,Movistar,false,false
1428099021494,-1,-1,-1,-1,0,3,Movistar,false,false
1428099021494,-1,-1,-1,-1,0,3,Movistar,false,false
1428099021494,-1,-1,-1,-1,0,3,Movistar,false,false
1428099021494,-1,-1,-1,-1,0,3,Movistar,false,false
1428099021494,-1,-1,-1,-1,0,3,Movistar,false,false
1428099106970,-1,-1,-1,-1,0,3,Movistar,true,false
1428099106970,-1,-1,-1,-1,0,3,Movistar,false,false
1428099106970,-1,-1,-1,-1,0,3,Movistar,false,false
1428099106970,-1,-1,-1,-1,0,3,Movistar,false,false
1428099106970,-1,-1,-1,-1,0,3,Movistar,false,false
1428099106970,-1,-1,-1,-1,0,3,Movistar,false,false
1428099106970,-1,-1,-1,-1,0,3,Movistar,false,false
1428099106970,-1,-1,-1,-1,0,3,Movistar,false,false
1428099167067,-1,-1,-1,-1,0,3,Movistar,true,false
1428099167067,-1,-1,-1,-1,0,3,Movistar,false,false
1428099167067,-1,-1,-1,-1,0,3,Movistar,false,false
1428099167067,-1,-1,-1,-1,0,3,Movistar,false,false
1428099167067,-1,-1,-1,-1,0,3,Movistar,false,false
1428099167067,-1,-1,-1,-1,0,3,Movistar,false,false
1428099167067,-1,-1,-1,-1,0,3,Movistar,false,false
1428099167067,-1,-1,-1,-1,0,3,Movistar,false,false
1428099227123,-1,-1,-1,-1,0,3,Movistar,true,false
1428099227123,-1,-1,-1,-1,0,3,Movistar,false,false
1428099227123,-1,-1,-1,-1,0,3,Movistar,false,false
1428099227123,-1,-1,-1,-1,0,3,Movistar,false,false
1428099227123,-1,-1,-1,-1,0,3,Movistar,false,false
1428099227123,-1,-1,-1,-1,0,3,Movistar,false,false
1428099227123,-1,-1,-1,-1,0,3,Movistar,false,false
1428099227123,-1,-1,-1,-1,0,3,Movistar,false,false
1428099287184,-1,-1,-1,-1,0,3,Movistar,true,false
1428099287184,-1,-1,-1,-1,0,3,Movistar,false,false
1428099287184,-1,-1,-1,-1,0,3,Movistar,false,false
1428099287184,-1,-1,-1,-1,0,3,Movistar,false,false
1428099287184,-1,-1,-1,-1,0,3,Movistar,false,false
1428099287184,-1,-1,-1,-1,0,3,Movistar,false,false
1428099287184,-1,-1,-1,-1,0,3,Movistar,false,false
1428099287184,-1,-1,-1,-1,0,3,Movistar,false,false
1428099352445,-1,-1,-1,-1,0,3,Movistar,true,false
1428099352445,-1,-1,-1,-1,0,3,Movistar,false,false
1428099352445,-1,-1,-1,-1,0,3,Movistar,false,false
1428099352445,-1,-1,-1,-1,0,3,Movistar,false,false
1428099352445,-1,-1,-1,-1,0,3,Movistar,false,false
1428099352445,-1,-1,-1,-1,0,3,Movistar,false,false
1428099352445,-1,-1,-1,-1,0,3,Movistar,false,false
1428099352445,-1,-1,-1,-1,0,3,Movistar,false,false
1428099412632,-1,-1,-1,-1,0,3,Movistar,true,false
1428099412632,-1,-1,-1,-1,0,3,Movistar,false,false
1428099412632,-1,-1,-1,-1,0,3,Movistar,false,false
1428099412632,-1,-1,-1,-1,0,3,Movistar,false,false
1428099412632,-1,-1,-1,-1,0,3,Movistar,false,false
1428099412632,-1,-1,-1,-1,0,3,Movistar,false,false
1428099412632,-1,-1,-1,-1,0,3,Movistar,false,false
1428099412632,-1,-1,-1,-1,0,3,Movistar,false,false
1428099473023,-1,-1,-1,-1,0,3,Movistar,true,false
1428099473023,-1,-1,-1,-1,0,3,Movistar,false,false
1428099473023,-1,-1,-1,-1,0,3,Movistar,false,false
1428099473023,-1,-1,-1,-1,0,3,Movistar,false,false
1428099473023,-1,-1,-1,-1,0,3,Movistar,false,false
1428099473023,-1,-1,-1,-1,0,3,Movistar,false,false
1428099473023,-1,-1,-1,-1,0,3,Movistar,false,false
1428099473023,-1,-1,-1,-1,0,3,Movistar,false,false
1428099533084,-1,-1,-1,-1,0,3,Movistar,true,false
1428099533084,-1,-1,-1,-1,0,3,Movistar,false,false
1428099533084,-1,-1,-1,-1,0,3,Movistar,false,false
1428099533084,-1,-1,-1,-1,0,3,Movistar,false,false
1428099533084,-1,-1,-1,-1,0,3,Movistar,false,false
1428099533084,-1,-1,-1,-1,0,3,Movistar,false,false
1428099533084,-1,-1,-1,-1,0,3,Movistar,false,false
1428099533084,-1,-1,-1,-1,0,3,Movistar,false,false
1428099593300,-1,-1,-1,-1,0,3,Movistar,true,false
1428099593300,-1,-1,-1,-1,0,3,Movistar,false,false
1428099593300,-1,-1,-1,-1,0,3,Movistar,false,false
1428099593300,-1,-1,-1,-1,0,3,Movistar,false,false
1428099593300,-1,-1,-1,-1,0,3,Movistar,false,false
1428099593300,-1,-1,-1,-1,0,3,Movistar,false,false
1428099593300,-1,-1,-1,-1,0,3,Movistar,false,false
1428099593300,-1,-1,-1,-1,0,3,Movistar,false,false
1428099653345,-1,-1,-1,-1,0,3,Movistar,true,false
1428099653345,-1,-1,-1,-1,0,3,Movistar,false,false
1428099653345,-1,-1,-1,-1,0,3,Movistar,false,false
1428099653345,-1,-1,-1,-1,0,3,Movistar,false,false
1428099653345,-1,-1,-1,-1,0,3,Movistar,false,false
1428099653345,-1,-1,-1,-1,0,3,Movistar,false,false
1428099653345,-1,-1,-1,-1,0,3,Movistar,false,false
1428099653345,-1,-1,-1,-1,0,3,Movistar,false,false
1428099713443,-1,-1,-1,-1,0,3,Movistar,true,false
1428099713443,-1,-1,-1,-1,0,3,Movistar,false,false
1428099713443,-1,-1,-1,-1,0,3,Movistar,false,false
1428099713443,-1,-1,-1,-1,0,3,Movistar,false,false
1428099713443,-1,-1,-1,-1,0,3,Movistar,false,false
1428099713443,-1,-1,-1,-1,0,3,Movistar,false,false
1428099713443,-1,-1,-1,-1,0,3,Movistar,false,false
1428099713443,-1,-1,-1,-1,0,3,Movistar,false,false
1428099777719,-1,-1,-1,-1,0,3,Movistar,true,false
1428099777719,-1,-1,-1,-1,0,3,Movistar,false,false
1428099777719,-1,-1,-1,-1,0,3,Movistar,false,false
1428099777719,-1,-1,-1,-1,0,3,Movistar,false,false
1428099777719,-1,-1,-1,-1,0,3,Movistar,false,false
1428099777719,-1,-1,-1,-1,0,3,Movistar,false,false
1428099777719,-1,-1,-1,-1,0,3,Movistar,false,false
1428099777719,-1,-1,-1,-1,0,3,Movistar,false,false
1428099840316,-1,-1,-1,-1,0,3,Movistar,true,false
1428099840316,-1,-1,-1,-1,0,3,Movistar,false,false
1428099840316,-1,-1,-1,-1,0,3,Movistar,false,false
1428099840316,-1,-1,-1,-1,0,3,Movistar,false,false
1428099840316,-1,-1,-1,-1,0,3,Movistar,false,false
1428099840316,-1,-1,-1,-1,0,3,Movistar,false,false
1428099840316,-1,-1,-1,-1,0,3,Movistar,false,false
1428099840316,-1,-1,-1,-1,0,3,Movistar,false,false
1428099900303,-1,-1,-1,-1,0,3,Movistar,true,false
1428099900303,-1,-1,-1,-1,0,3,Movistar,false,false
1428099900303,-1,-1,-1,-1,0,3,Movistar,false,false
1428099900303,-1,-1,-1,-1,0,3,Movistar,false,false
1428099900303,-1,-1,-1,-1,0,3,Movistar,false,false
1428099900303,-1,-1,-1,-1,0,3,Movistar,false,false
1428099900303,-1,-1,-1,-1,0,3,Movistar,false,false
1428099900303,-1,-1,-1,-1,0,3,Movistar,false,false
1428099963463,-1,-1,-1,-1,0,3,Movistar,true,false
1428099963463,-1,-1,-1,-1,0,3,Movistar,false,false
1428099963463,-1,-1,-1,-1,0,3,Movistar,false,false
1428099963463,-1,-1,-1,-1,0,3,Movistar,false,false
1428099963463,-1,-1,-1,-1,0,3,Movistar,false,false
1428099963463,-1,-1,-1,-1,0,3,Movistar,false,false
1428099963463,-1,-1,-1,-1,0,3,Movistar,false,false
1428099963463,-1,-1,-1,-1,0,3,Movistar,false,false
1428100023556,-1,-1,-1,-1,0,3,Movistar,true,false
1428100023556,-1,-1,-1,-1,0,3,Movistar,false,false
1428100023556,-1,-1,-1,-1,0,3,Movistar,false,false
1428100023556,-1,-1,-1,-1,0,3,Movistar,false,false
1428100023556,-1,-1,-1,-1,0,3,Movistar,false,false
1428100023556,-1,-1,-1,-1,0,3,Movistar,false,false
1428100023556,-1,-1,-1,-1,0,3,Movistar,false,false
1428100093213,-1,-1,-1,-1,0,3,Movistar,true,false
1428100093213,-1,-1,-1,-1,0,3,Movistar,false,false
1428100093213,-1,-1,-1,-1,0,3,Movistar,false,false
1428100093213,-1,-1,-1,-1,0,3,Movistar,false,false
1428100093213,-1,-1,-1,-1,0,3,Movistar,false,false
1428100093213,-1,-1,-1,-1,0,3,Movistar,false,false
1428100093213,-1,-1,-1,-1,0,3,Movistar,false,false
1428100154118,-1,-1,-1,-1,0,3,Movistar,true,false
1428100154118,-1,-1,-1,-1,0,3,Movistar,false,false
1428100154118,-1,-1,-1,-1,0,3,Movistar,false,false
1428100154118,-1,-1,-1,-1,0,3,Movistar,false,false
1428100154118,-1,-1,-1,-1,0,3,Movistar,false,false
1428100154118,-1,-1,-1,-1,0,3,Movistar,false,false
1428100154118,-1,-1,-1,-1,0,3,Movistar,false,false
1428100214706,-1,-1,-1,-1,0,3,Movistar,true,false
1428100214706,-1,-1,-1,-1,0,3,Movistar,false,false
1428100214706,-1,-1,-1,-1,0,3,Movistar,false,false
1428100214706,-1,-1,-1,-1,0,3,Movistar,false,false
1428100214706,-1,-1,-1,-1,0,3,Movistar,false,false
1428100214706,-1,-1,-1,-1,0,3,Movistar,false,false
1428100214706,-1,-1,-1,-1,0,3,Movistar,false,false
1428100274780,-1,-1,-1,-1,0,3,Movistar,true,false
1428100274780,-1,-1,-1,-1,0,3,Movistar,false,false
1428100274780,-1,-1,-1,-1,0,3,Movistar,false,false
1428100274780,-1,-1,-1,-1,0,3,Movistar,false,false
1428100274780,-1,-1,-1,-1,0,3,Movistar,false,false
1428100274780,-1,-1,-1,-1,0,3,Movistar,false,false
1428100274780,-1,-1,-1,-1,0,3,Movistar,false,false
1428100346346,-1,-1,-1,-1,0,3,Movistar,true,false
1428100346346,-1,-1,-1,-1,0,3,Movistar,false,false
1428100346346,-1,-1,-1,-1,0,3,Movistar,false,false
1428100346346,-1,-1,-1,-1,0,3,Movistar,false,false
1428100346346,-1,-1,-1,-1,0,3,Movistar,false,false
1428100346346,-1,-1,-1,-1,0,3,Movistar,false,false
1428100346346,-1,-1,-1,-1,0,3,Movistar,false,false
1428100406374,-1,-1,-1,-1,0,3,Movistar,true,false
1428100406374,-1,-1,-1,-1,0,3,Movistar,false,false
1428100406374,-1,-1,-1,-1,0,3,Movistar,false,false
1428100406374,-1,-1,-1,-1,0,3,Movistar,false,false
1428100406374,-1,-1,-1,-1,0,3,Movistar,false,false
1428100406374,-1,-1,-1,-1,0,3,Movistar,false,false
1428100406374,-1,-1,-1,-1,0,3,Movistar,false,false
1428100489509,-1,-1,-1,-1,0,3,Movistar,true,false
1428100489509,-1,-1,-1,-1,0,3,Movistar,false,false
1428100489509,-1,-1,-1,-1,0,3,Movistar,false,false
1428100489509,-1,-1,-1,-1,0,3,Movistar,false,false
1428100489509,-1,-1,-1,-1,0,3,Movistar,false,false
1428100549571,-1,-1,-1,-1,0,3,Movistar,true,false
1428100549571,-1,-1,-1,-1,0,3,Movistar,false,false
1428100549571,-1,-1,-1,-1,0,3,Movistar,false,false
1428100549571,-1,-1,-1,-1,0,3,Movistar,false,false
1428100549571,-1,-1,-1,-1,0,3,Movistar,false,false
1428100549571,-1,-1,-1,-1,0,3,Movistar,false,false
1428100549571,-1,-1,-1,-1,0,3,Movistar,false,false
1428100614883,-1,-1,-1,-1,0,3,Movistar,true,false
1428100614883,-1,-1,-1,-1,0,3,Movistar,false,false
1428100614883,-1,-1,-1,-1,0,3,Movistar,false,false
1428100614883,-1,-1,-1,-1,0,3,Movistar,false,false
1428100614883,-1,-1,-1,-1,0,3,Movistar,false,false
1428100614883,-1,-1,-1,-1,0,3,Movistar,false,false
1428100614883,-1,-1,-1,-1,0,3,Movistar,false,false
1428100686754,-1,-1,-1,-1,0,3,Movistar,true,false
1428100686754,-1,-1,-1,-1,0,3,Movistar,false,false
1428100686754,-1,-1,-1,-1,0,3,Movistar,false,false
1428100686754,-1,-1,-1,-1,0,3,Movistar,false,false
1428100686754,-1,-1,-1,-1,0,3,Movistar,false,false
1428100686754,-1,-1,-1,-1,0,3,Movistar,false,false
1428100686754,-1,-1,-1,-1,0,3,Movistar,false,false
1428100749499,-1,-1,-1,-1,0,3,Movistar,true,false
1428100749499,-1,-1,-1,-1,0,3,Movistar,false,false
1428100749499,-1,-1,-1,-1,0,3,Movistar,false,false
1428100749499,-1,-1,-1,-1,0,3,Movistar,false,false
1428100749499,-1,-1,-1,-1,0,3,Movistar,false,false
1428100749499,-1,-1,-1,-1,0,3,Movistar,false,false
1428100749499,-1,-1,-1,-1,0,3,Movistar,false,false
1428100809710,-1,-1,-1,-1,0,3,Movistar,true,false
1428100809710,-1,-1,-1,-1,0,3,Movistar,false,false
1428100809710,-1,-1,-1,-1,0,3,Movistar,false,false
1428100809710,-1,-1,-1,-1,0,3,Movistar,false,false
1428100809710,-1,-1,-1,-1,0,3,Movistar,false,false
1428100809710,-1,-1,-1,-1,0,3,Movistar,false,false
1428100809710,-1,-1,-1,-1,0,3,Movistar,false,false
1428100869774,-1,-1,-1,-1,0,3,Movistar,true,false
1428100869774,-1,-1,-1,-1,0,3,Movistar,false,false
1428100869774,-1,-1,-1,-1,0,3,Movistar,false,false
1428100869774,-1,-1,-1,-1,0,3,Movistar,false,false
1428100869774,-1,-1,-1,-1,0,3,Movistar,false,false
1428100869774,-1,-1,-1,-1,0,3,Movistar,false,false
1428100869774,-1,-1,-1,-1,0,3,Movistar,false,false
1428100930444,-1,-1,-1,-1,0,3,Movistar,true,false
1428100930444,-1,-1,-1,-1,0,3,Movistar,false,false
1428100930444,-1,-1,-1,-1,0,3,Movistar,false,false
1428100930444,-1,-1,-1,-1,0,3,Movistar,false,false
1428100930444,-1,-1,-1,-1,0,3,Movistar,false,false
1428100930444,-1,-1,-1,-1,0,3,Movistar,false,false
1428100930444,-1,-1,-1,-1,0,3,Movistar,false,false
1428101007422,-1,-1,-1,-1,0,3,Movistar,true,false
1428101007422,-1,-1,-1,-1,0,3,Movistar,false,false
1428101007422,-1,-1,-1,-1,0,3,Movistar,false,false
1428101007422,-1,-1,-1,-1,0,3,Movistar,false,false
1428101007422,-1,-1,-1,-1,0,3,Movistar,false,false
1428101007422,-1,-1,-1,-1,0,3,Movistar,false,false
1428101007422,-1,-1,-1,-1,0,3,Movistar,false,false
1428101067614,-1,-1,-1,-1,0,3,Movistar,true,false
1428101067614,-1,-1,-1,-1,0,3,Movistar,false,false
1428101067614,-1,-1,-1,-1,0,3,Movistar,false,false
1428101067614,-1,-1,-1,-1,0,3,Movistar,false,false
1428101067614,-1,-1,-1,-1,0,3,Movistar,false,false
1428101067614,-1,-1,-1,-1,0,3,Movistar,false,false
1428101067614,-1,-1,-1,-1,0,3,Movistar,false,false
1428101127710,-1,-1,-1,-1,0,3,Movistar,true,false
1428101127710,-1,-1,-1,-1,0,3,Movistar,false,false
1428101127710,-1,-1,-1,-1,0,3,Movistar,false,false
1428101127710,-1,-1,-1,-1,0,3,Movistar,false,false
1428101127710,-1,-1,-1,-1,0,3,Movistar,false,false
1428101127710,-1,-1,-1,-1,0,3,Movistar,false,false
1428101127710,-1,-1,-1,-1,0,3,Movistar,false,false
1428101187763,-1,-1,-1,-1,0,3,Movistar,true,false
1428101187763,-1,-1,-1,-1,0,3,Movistar,false,false
1428101187763,-1,-1,-1,-1,0,3,Movistar,false,false
1428101187763,-1,-1,-1,-1,0,3,Movistar,false,false
1428101187763,-1,-1,-1,-1,0,3,Movistar,false,false
1428101187763,-1,-1,-1,-1,0,3,Movistar,false,false
1428101187763,-1,-1,-1,-1,0,3,Movistar,false,false
1428101248698,-1,-1,-1,-1,0,3,Movistar,true,false
1428101248698,-1,-1,-1,-1,0,3,Movistar,false,false
1428101248698,-1,-1,-1,-1,0,3,Movistar,false,false
1428101248698,-1,-1,-1,-1,0,3,Movistar,false,false
1428101248698,-1,-1,-1,-1,0,3,Movistar,false,false
1428101248698,-1,-1,-1,-1,0,3,Movistar,false,false
1428101248698,-1,-1,-1,-1,0,3,Movistar,false,false
1428101323615,-1,-1,-1,-1,0,3,Movistar,true,false
1428101323615,-1,-1,-1,-1,0,3,Movistar,false,false
1428101323615,-1,-1,-1,-1,0,3,Movistar,false,false
1428101323615,-1,-1,-1,-1,0,3,Movistar,false,false
1428101323615,-1,-1,-1,-1,0,3,Movistar,false,false
1428101323615,-1,-1,-1,-1,0,3,Movistar,false,false
1428101323615,-1,-1,-1,-1,0,3,Movistar,false,false
1428101383629,-1,-1,-1,-1,0,3,Movistar,true,false
1428101383629,-1,-1,-1,-1,0,3,Movistar,false,false
1428101383629,-1,-1,-1,-1,0,3,Movistar,false,false
1428101383629,-1,-1,-1,-1,0,3,Movistar,false,false
1428101383629,-1,-1,-1,-1,0,3,Movistar,false,false
1428101383629,-1,-1,-1,-1,0,3,Movistar,false,false
1428101383629,-1,-1,-1,-1,0,3,Movistar,false,false
1428101443711,-1,-1,-1,-1,0,3,Movistar,true,false
1428101443711,-1,-1,-1,-1,0,3,Movistar,false,false
1428101443711,-1,-1,-1,-1,0,3,Movistar,false,false
1428101443711,-1,-1,-1,-1,0,3,Movistar,false,false
1428101443711,-1,-1,-1,-1,0,3,Movistar,false,false
1428101443711,-1,-1,-1,-1,0,3,Movistar,false,false
1428101443711,-1,-1,-1,-1,0,3,Movistar,false,false
1428101504027,-1,-1,-1,-1,0,3,Movistar,true,false
1428101504027,-1,-1,-1,-1,0,3,Movistar,false,false
1428101504027,-1,-1,-1,-1,0,3,Movistar,false,false
1428101504027,-1,-1,-1,-1,0,3,Movistar,false,false
1428101504027,-1,-1,-1,-1,0,3,Movistar,false,false
1428101504027,-1,-1,-1,-1,0,3,Movistar,false,false
1428101504027,-1,-1,-1,-1,0,3,Movistar,false,false
1428101564046,-1,-1,-1,-1,0,3,Movistar,true,false
1428101564046,-1,-1,-1,-1,0,3,Movistar,false,false
1428101564046,-1,-1,-1,-1,0,3,Movistar,false,false
1428101564046,-1,-1,-1,-1,0,3,Movistar,false,false
1428101564046,-1,-1,-1,-1,0,3,Movistar,false,false
1428101564046,-1,-1,-1,-1,0,3,Movistar,false,false
1428101564046,-1,-1,-1,-1,0,3,Movistar,false,false
1428101649711,-1,-1,-1,-1,0,3,Movistar,true,false
1428101723024,-1,-1,-1,-1,0,3,Movistar,true,false
1428101723024,-1,-1,-1,-1,0,3,Movistar,false,false
1428101723024,-1,-1,-1,-1,0,3,Movistar,false,false
1428101723024,-1,-1,-1,-1,0,3,Movistar,false,false
1428101723024,-1,-1,-1,-1,0,3,Movistar,false,false
1428101723024,-1,-1,-1,-1,0,3,Movistar,false,false
1428101723024,-1,-1,-1,-1,0,3,Movistar,false,false
1428101807016,-1,-1,-1,-1,0,3,Movistar,true,false
1428101807016,-1,-1,-1,-1,0,3,Movistar,false,false
1428101807016,-1,-1,-1,-1,0,3,Movistar,false,false
1428101807016,-1,-1,-1,-1,0,3,Movistar,false,false
1428101807016,-1,-1,-1,-1,0,3,Movistar,false,false
1428101807016,-1,-1,-1,-1,0,3,Movistar,false,false
1428101807016,-1,-1,-1,-1,0,3,Movistar,false,false
1428101867127,-1,-1,-1,-1,0,3,Movistar,true,false
1428101867127,-1,-1,-1,-1,0,3,Movistar,false,false
1428101867127,-1,-1,-1,-1,0,3,Movistar,false,false
1428101867127,-1,-1,-1,-1,0,3,Movistar,false,false
1428101867127,-1,-1,-1,-1,0,3,Movistar,false,false
1428101867127,-1,-1,-1,-1,0,3,Movistar,false,false
1428101867127,-1,-1,-1,-1,0,3,Movistar,false,false
1428101927202,-1,-1,-1,-1,0,3,Movistar,true,false
1428101927202,-1,-1,-1,-1,0,3,Movistar,false,false
1428101927202,-1,-1,-1,-1,0,3,Movistar,false,false
1428101927202,-1,-1,-1,-1,0,3,Movistar,false,false
1428101927202,-1,-1,-1,-1,0,3,Movistar,false,false
1428101927202,-1,-1,-1,-1,0,3,Movistar,false,false
1428101927202,-1,-1,-1,-1,0,3,Movistar,false,false
1428101987626,-1,-1,-1,-1,0,3,Movistar,true,false
1428101987626,-1,-1,-1,-1,0,3,Movistar,false,false
1428101987626,-1,-1,-1,-1,0,3,Movistar,false,false
1428101987626,-1,-1,-1,-1,0,3,Movistar,false,false
1428101987626,-1,-1,-1,-1,0,3,Movistar,false,false
1428101987626,-1,-1,-1,-1,0,3,Movistar,false,false
1428101987626,-1,-1,-1,-1,0,3,Movistar,false,false
1428102047763,-1,-1,-1,-1,0,3,Movistar,true,false
1428102047763,-1,-1,-1,-1,0,3,Movistar,false,false
1428102047763,-1,-1,-1,-1,0,3,Movistar,false,false
1428102047763,-1,-1,-1,-1,0,3,Movistar,false,false
1428102047763,-1,-1,-1,-1,0,3,Movistar,false,false
1428102047763,-1,-1,-1,-1,0,3,Movistar,false,false
1428102047763,-1,-1,-1,-1,0,3,Movistar,false,false
1428102110920,-1,-1,-1,-1,0,3,Movistar,true,false
1428102110920,-1,-1,-1,-1,0,3,Movistar,false,false
1428102110920,-1,-1,-1,-1,0,3,Movistar,false,false
1428102110920,-1,-1,-1,-1,0,3,Movistar,false,false
1428102110920,-1,-1,-1,-1,0,3,Movistar,false,false
1428102110920,-1,-1,-1,-1,0,3,Movistar,false,false
1428102110920,-1,-1,-1,-1,0,3,Movistar,false,false
1428102185728,-1,-1,-1,-1,0,3,Movistar,true,false
1428102185728,-1,-1,-1,-1,0,3,Movistar,false,false
1428102185728,-1,-1,-1,-1,0,3,Movistar,false,false
1428102185728,-1,-1,-1,-1,0,3,Movistar,false,false
1428102185728,-1,-1,-1,-1,0,3,Movistar,false,false
1428102185728,-1,-1,-1,-1,0,3,Movistar,false,false
1428102185728,-1,-1,-1,-1,0,3,Movistar,false,false
1428102258026,-1,-1,-1,-1,0,3,Movistar,true,false
1428102258026,-1,-1,-1,-1,0,3,Movistar,false,false
1428102258026,-1,-1,-1,-1,0,3,Movistar,false,false
1428102258026,-1,-1,-1,-1,0,3,Movistar,false,false
1428102258026,-1,-1,-1,-1,0,3,Movistar,false,false
1428102258026,-1,-1,-1,-1,0,3,Movistar,false,false
1428102258026,-1,-1,-1,-1,0,3,Movistar,false,false
1428102341167,-1,-1,-1,-1,0,3,Movistar,true,false
1428102341167,-1,-1,-1,-1,0,3,Movistar,false,false
1428102341167,-1,-1,-1,-1,0,3,Movistar,false,false
1428102341167,-1,-1,-1,-1,0,3,Movistar,false,false
1428102341167,-1,-1,-1,-1,0,3,Movistar,false,false
1428102341167,-1,-1,-1,-1,0,3,Movistar,false,false
1428102341167,-1,-1,-1,-1,0,3,Movistar,false,false
1428102401684,-1,-1,-1,-1,0,3,Movistar,true,false
1428102401684,-1,-1,-1,-1,0,3,Movistar,false,false
1428102401684,-1,-1,-1,-1,0,3,Movistar,false,false
1428102401684,-1,-1,-1,-1,0,3,Movistar,false,false
1428102401684,-1,-1,-1,-1,0,3,Movistar,false,false
1428102401684,-1,-1,-1,-1,0,3,Movistar,false,false
1428102401684,-1,-1,-1,-1,0,3,Movistar,false,false
1428102461763,-1,-1,-1,-1,0,3,Movistar,true,false
1428102461763,-1,-1,-1,-1,0,3,Movistar,false,false
1428102461763,-1,-1,-1,-1,0,3,Movistar,false,false
1428102461763,-1,-1,-1,-1,0,3,Movistar,false,false
1428102461763,-1,-1,-1,-1,0,3,Movistar,false,false
1428102461763,-1,-1,-1,-1,0,3,Movistar,false,false
1428102461763,-1,-1,-1,-1,0,3,Movistar,false,false
1428102521801,-1,-1,-1,-1,0,0,Movistar,true,false
1428102521801,-1,-1,-1,-1,0,0,Movistar,false,false
1428102521801,-1,-1,-1,-1,0,0,Movistar,false,false
1428102521801,-1,-1,-1,-1,0,0,Movistar,false,false
1428102521801,-1,-1,-1,-1,0,0,Movistar,false,false
1428102521801,-1,-1,-1,-1,0,0,Movistar,false,false
1428102603578,-1,-1,-1,-1,0,0,Movistar,true,false
1428102603578,-1,-1,-1,-1,0,0,Movistar,false,false
1428102603578,-1,-1,-1,-1,0,0,Movistar,false,false
1428102603578,-1,-1,-1,-1,0,0,Movistar,false,false
1428102603578,-1,-1,-1,-1,0,0,Movistar,false,false
1428102603578,-1,-1,-1,-1,0,0,Movistar,false,false
1428102603578,-1,-1,-1,-1,0,0,Movistar,false,false
1428102674612,-1,-1,-1,-1,0,0,Movistar,true,false
1428102674612,-1,-1,-1,-1,0,0,Movistar,false,false
1428102674612,-1,-1,-1,-1,0,0,Movistar,false,false
1428102674612,-1,-1,-1,-1,0,0,Movistar,false,false
1428102674612,-1,-1,-1,-1,0,0,Movistar,false,false
1428102674612,-1,-1,-1,-1,0,0,Movistar,false,false
1428102674612,-1,-1,-1,-1,0,0,Movistar,false,false
1428102746075,-1,-1,-1,-1,0,0,Movistar,true,false
1428102746075,-1,-1,-1,-1,0,0,Movistar,false,false
1428102746075,-1,-1,-1,-1,0,0,Movistar,false,false
1428102746075,-1,-1,-1,-1,0,0,Movistar,false,false
1428102746075,-1,-1,-1,-1,0,0,Movistar,false,false
1428102746075,-1,-1,-1,-1,0,0,Movistar,false,false
1428102746075,-1,-1,-1,-1,0,0,Movistar,false,false
1428102806184,-1,-1,-1,-1,0,0,Movistar,true,false
1428102806184,-1,-1,-1,-1,0,0,Movistar,false,false
1428102806184,-1,-1,-1,-1,0,0,Movistar,false,false
1428102806184,-1,-1,-1,-1,0,0,Movistar,false,false
1428102806184,-1,-1,-1,-1,0,0,Movistar,false,false
1428102806184,-1,-1,-1,-1,0,0,Movistar,false,false
1428102806184,-1,-1,-1,-1,0,0,Movistar,false,false
1428102867851,-1,-1,-1,-1,0,0,Movistar,true,false
1428102867851,-1,-1,-1,-1,0,0,Movistar,false,false
1428102867851,-1,-1,-1,-1,0,0,Movistar,false,false
1428102867851,-1,-1,-1,-1,0,0,Movistar,false,false
1428102867851,-1,-1,-1,-1,0,0,Movistar,false,false
1428102867851,-1,-1,-1,-1,0,0,Movistar,false,false
1428102867851,-1,-1,-1,-1,0,0,Movistar,false,false
1428102927915,-1,-1,-1,-1,0,0,Movistar,true,false
1428102927915,-1,-1,-1,-1,0,0,Movistar,false,false
1428102927915,-1,-1,-1,-1,0,0,Movistar,false,false
1428102927915,-1,-1,-1,-1,0,0,Movistar,false,false
1428102927915,-1,-1,-1,-1,0,0,Movistar,false,false
1428102987999,-1,-1,-1,-1,0,0,Movistar,true,false
1428102987999,-1,-1,-1,-1,0,0,Movistar,false,false
1428102987999,-1,-1,-1,-1,0,0,Movistar,false,false
1428102987999,-1,-1,-1,-1,0,0,Movistar,false,false
1428102987999,2147483647,2147483647,2147483647,2147483647,-71,0,Movistar,false,false
1428102987999,2147483647,2147483647,2147483647,2147483647,-89,0,Movistar,false,false
1428102987999,2147483647,2147483647,2147483647,2147483647,-101,0,Movistar,false,false
1428102987999,2147483647,2147483647,2147483647,2147483647,-105,0,Movistar,false,false
1428102987999,2147483647,2147483647,2147483647,2147483647,-107,0,Movistar,false,false
1428102987999,2147483647,2147483647,2147483647,2147483647,-107,0,Movistar,false,false
1428102987999,2147483647,2147483647,2147483647,2147483647,-109,0,Movistar,false,false
1428102987999,2147483647,2147483647,2147483647,2147483647,-109,0,Movistar,false,false
1428103056122,-1,-1,-1,-1,0,0,Movistar,true,false
1428103056122,-1,-1,-1,-1,0,0,Movistar,false,false
1428103056122,-1,-1,-1,-1,0,0,Movistar,false,false
1428103056122,-1,-1,-1,-1,0,0,Movistar,false,false
1428103056122,2147483647,2147483647,2147483647,2147483647,-79,0,Movistar,false,false
1428103056122,2147483647,2147483647,2147483647,2147483647,-101,0,Movistar,false,false
1428103056122,2147483647,2147483647,2147483647,2147483647,-105,0,Movistar,false,false
1428103056122,2147483647,2147483647,2147483647,2147483647,-105,0,Movistar,false,false
1428103056122,2147483647,2147483647,2147483647,2147483647,-105,0,Movistar,false,false
1428103056122,2147483647,2147483647,2147483647,2147483647,-107,0,Movistar,false,false
1428103056122,2147483647,2147483647,2147483647,2147483647,-107,0,Movistar,false,false
1428103056122,2147483647,2147483647,2147483647,2147483647,-109,0,Movistar,false,false
1428103118869,-1,-1,-1,-1,0,3,Movistar,true,false
1428103179359,-1,-1,-1,-1,0,3,Movistar,true,false
1428103179359,-1,-1,-1,-1,0,3,Movistar,false,false
1428103179359,-1,-1,-1,-1,0,3,Movistar,false,false
1428103179359,-1,-1,-1,-1,0,3,Movistar,false,false
1428103179359,-1,-1,-1,-1,0,3,Movistar,false,false
1428103179359,-1,-1,-1,-1,0,3,Movistar,false,false
1428103179359,-1,-1,-1,-1,0,3,Movistar,false,false
1428103179359,-1,-1,-1,-1,0,3,Movistar,false,false
1428103179359,2147483647,2147483647,2147483647,2147483647,-53,3,Movistar,false,false
1428103179359,2147483647,2147483647,2147483647,2147483647,-91,3,Movistar,false,false
1428103179359,2147483647,2147483647,2147483647,2147483647,-103,3,Movistar,false,false
1428103179359,2147483647,2147483647,2147483647,2147483647,-105,3,Movistar,false,false
1428103179359,2147483647,2147483647,2147483647,2147483647,-105,3,Movistar,false,false
1428103179359,2147483647,2147483647,2147483647,2147483647,-111,3,Movistar,false,false
1428103179359,2147483647,2147483647,2147483647,2147483647,-111,3,Movistar,false,false
1428103179359,2147483647,2147483647,2147483647,2147483647,-113,3,Movistar,false,false
1428103239493,20521492,8640,7,214,-121,13,Movistar,true,false
1428103239493,182,2147483647,2147483647,2147483647,-124,13,Movistar,false,false
1428103239493,2147483647,2147483647,2147483647,2147483647,-113,13,Movistar,false,false
1428103239493,2147483647,2147483647,2147483647,2147483647,-113,13,Movistar,false,false
1428103239493,2147483647,2147483647,2147483647,2147483647,-113,13,Movistar,false,false
1428103239493,2147483647,2147483647,2147483647,2147483647,-113,13,Movistar,false,false
1428103239493,2147483647,2147483647,2147483647,2147483647,-113,13,Movistar,false,false
1428103239493,2147483647,2147483647,2147483647,2147483647,-113,13,Movistar,false,false
1428103239493,2147483647,2147483647,2147483647,2147483647,-113,13,Movistar,false,false
1428103239493,2147483647,2147483647,2147483647,2147483647,-113,13,Movistar,false,false
1428103239493,2147483647,2147483647,2147483647,2147483647,-113,13,Movistar,false,false
1428103239493,2147483647,2147483647,2147483647,2147483647,-113,13,Movistar,false,false
1428103239493,2147483647,2147483647,2147483647,2147483647,-113,13,Movistar,false,false
1428103239493,2147483647,2147483647,2147483647,2147483647,-113,13,Movistar,false,false
1428103239493,2147483647,2147483647,2147483647,2147483647,-113,13,Movistar,false,false
1428103239493,2147483647,2147483647,2147483647,2147483647,-113,13,Movistar,false,false
1428103239493,2147483647,2147483647,2147483647,2147483647,-113,13,Movistar,false,false
1428103239493,-1,-1,-1,-1,0,13,Movistar,false,false
1428103239493,-1,-1,-1,-1,0,13,Movistar,false,false
1428103239493,-1,-1,-1,-1,0,13,Movistar,false,false
1428103239493,-1,-1,-1,-1,0,13,Movistar,false,false
1428103239493,-1,-1,-1,-1,0,13,Movistar,false,false
1428103239493,-1,-1,-1,-1,0,13,Movistar,false,false
1428103239493,-1,-1,-1,-1,0,13,Movistar,false,false
1428103239493,-1,-1,-1,-1,0,13,Movistar,false,false
1428103309977,20523018,8640,7,214,-108,13,Movistar,true,false
1428103309977,314,2147483647,2147483647,2147483647,-123,13,Movistar,false,false
1428103309977,2147483647,2147483647,2147483647,2147483647,-113,13,Movistar,false,false
1428103309977,2147483647,2147483647,2147483647,2147483647,-113,13,Movistar,false,false
1428103309977,2147483647,2147483647,2147483647,2147483647,-113,13,Movistar,false,false
1428103309977,2147483647,2147483647,2147483647,2147483647,-113,13,Movistar,false,false
1428103309977,2147483647,2147483647,2147483647,2147483647,-113,13,Movistar,false,false
1428103309977,2147483647,2147483647,2147483647,2147483647,-113,13,Movistar,false,false
1428103309977,2147483647,2147483647,2147483647,2147483647,-113,13,Movistar,false,false
1428103309977,2147483647,2147483647,2147483647,2147483647,-113,13,Movistar,false,false
1428103309977,2147483647,2147483647,2147483647,2147483647,-113,13,Movistar,false,false
1428103309977,2147483647,2147483647,2147483647,2147483647,-113,13,Movistar,false,false
1428103309977,2147483647,2147483647,2147483647,2147483647,-113,13,Movistar,false,false
1428103309977,2147483647,2147483647,2147483647,2147483647,-113,13,Movistar,false,false
1428103309977,2147483647,2147483647,2147483647,2147483647,-113,13,Movistar,false,false
1428103309977,2147483647,2147483647,2147483647,2147483647,-113,13,Movistar,false,false
1428103309977,2147483647,2147483647,2147483647,2147483647,-113,13,Movistar,false,false
1428103371102,20523018,8640,7,214,-106,13,Movistar,true,false
1428103371102,314,2147483647,2147483647,2147483647,-120,13,Movistar,false,false
1428103371102,251,2147483647,2147483647,2147483647,-119,13,Movistar,false,false
1428103371102,2147483647,2147483647,2147483647,2147483647,-113,13,Movistar,false,false
1428103371102,2147483647,2147483647,2147483647,2147483647,-113,13,Movistar,false,false
1428103371102,2147483647,2147483647,2147483647,2147483647,-113,13,Movistar,false,false
1428103371102,2147483647,2147483647,2147483647,2147483647,-113,13,Movistar,false,false
1428103371102,2147483647,2147483647,2147483647,2147483647,-113,13,Movistar,false,false
1428103371102,2147483647,2147483647,2147483647,2147483647,-113,13,Movistar,false,false
1428103371102,2147483647,2147483647,2147483647,2147483647,-113,13,Movistar,false,false
1428103371102,2147483647,2147483647,2147483647,2147483647,-113,13,Movistar,false,false
1428103371102,2147483647,2147483647,2147483647,2147483647,-113,13,Movistar,false,false
1428103371102,2147483647,2147483647,2147483647,2147483647,-113,13,Movistar,false,false
1428103371102,2147483647,2147483647,2147483647,2147483647,-113,13,Movistar,false,false
1428103371102,2147483647,2147483647,2147483647,2147483647,-113,13,Movistar,false,false
1428103371102,2147483647,2147483647,2147483647,2147483647,-113,13,Movistar,false,false
1428103371102,2147483647,2147483647,2147483647,2147483647,-113,13,Movistar,false,false
1428103371102,2147483647,2147483647,2147483647,2147483647,-113,13,Movistar,false,false
1428103432280,20523018,8640,7,214,-107,13,Movistar,true,false
1428103432280,2147483647,2147483647,2147483647,2147483647,-113,13,Movistar,false,false
1428103432280,2147483647,2147483647,2147483647,2147483647,-113,13,Movistar,false,false
1428103432280,2147483647,2147483647,2147483647,2147483647,-113,13,Movistar,false,false
1428103432280,2147483647,2147483647,2147483647,2147483647,-113,13,Movistar,false,false
1428103432280,2147483647,2147483647,2147483647,2147483647,-113,13,Movistar,false,false
1428103432280,2147483647,2147483647,2147483647,2147483647,-113,13,Movistar,false,false
1428103432280,2147483647,2147483647,2147483647,2147483647,-113,13,Movistar,false,false
1428103432280,2147483647,2147483647,2147483647,2147483647,-113,13,Movistar,false,false
1428103432280,2147483647,2147483647,2147483647,2147483647,-113,13,Movistar,false,false
1428103432280,2147483647,2147483647,2147483647,2147483647,-113,13,Movistar,false,false
1428103432280,2147483647,2147483647,2147483647,2147483647,-113,13,Movistar,false,false
1428103432280,2147483647,2147483647,2147483647,2147483647,-113,13,Movistar,false,false
1428103432280,2147483647,2147483647,2147483647,2147483647,-113,13,Movistar,false,false
1428103432280,2147483647,2147483647,2147483647,2147483647,-113,13,Movistar,false,false
1428103432280,2147483647,2147483647,2147483647,2147483647,-113,13,Movistar,false,false
1428103508170,20523018,8640,7,214,-110,13,Movistar,true,false
1428103508170,2147483647,2147483647,2147483647,2147483647,-113,13,Movistar,false,false
1428103508170,2147483647,2147483647,2147483647,2147483647,-113,13,Movistar,false,false
1428103508170,2147483647,2147483647,2147483647,2147483647,-113,13,Movistar,false,false
1428103508170,2147483647,2147483647,2147483647,2147483647,-113,13,Movistar,false,false
1428103508170,2147483647,2147483647,2147483647,2147483647,-113,13,Movistar,false,false
1428103508170,2147483647,2147483647,2147483647,2147483647,-113,13,Movistar,false,false
1428103508170,2147483647,2147483647,2147483647,2147483647,-113,13,Movistar,false,false
1428103508170,2147483647,2147483647,2147483647,2147483647,-113,13,Movistar,false,false
1428103508170,2147483647,2147483647,2147483647,2147483647,-113,13,Movistar,false,false
1428103508170,2147483647,2147483647,2147483647,2147483647,-113,13,Movistar,false,false
1428103508170,2147483647,2147483647,2147483647,2147483647,-113,13,Movistar,false,false
1428103508170,2147483647,2147483647,2147483647,2147483647,-113,13,Movistar,false,false
1428103508170,2147483647,2147483647,2147483647,2147483647,-113,13,Movistar,false,false
1428103508170,2147483647,2147483647,2147483647,2147483647,-113,13,Movistar,false,false
1428103508170,2147483647,2147483647,2147483647,2147483647,-113,13,Movistar,false,false
1428103572733,20523018,8640,7,214,-109,13,Movistar,true,false
1428103572733,399,2147483647,2147483647,2147483647,-125,13,Movistar,false,false
1428103572733,2147483647,2147483647,2147483647,2147483647,-113,13,Movistar,false,false
1428103572733,2147483647,2147483647,2147483647,2147483647,-113,13,Movistar,false,false
1428103572733,2147483647,2147483647,2147483647,2147483647,-113,13,Movistar,false,false
1428103572733,2147483647,2147483647,2147483647,2147483647,-113,13,Movistar,false,false
1428103572733,2147483647,2147483647,2147483647,2147483647,-113,13,Movistar,false,false
1428103572733,2147483647,2147483647,2147483647,2147483647,-113,13,Movistar,false,false
1428103572733,2147483647,2147483647,2147483647,2147483647,-113,13,Movistar,false,false
1428103572733,2147483647,2147483647,2147483647,2147483647,-113,13,Movistar,false,false
1428103572733,2147483647,2147483647,2147483647,2147483647,-113,13,Movistar,false,false
1428103572733,2147483647,2147483647,2147483647,2147483647,-113,13,Movistar,false,false
1428103572733,2147483647,2147483647,2147483647,2147483647,-113,13,Movistar,false,false
1428103572733,2147483647,2147483647,2147483647,2147483647,-113,13,Movistar,false,false
1428103572733,2147483647,2147483647,2147483647,2147483647,-113,13,Movistar,false,false
1428103572733,2147483647,2147483647,2147483647,2147483647,-113,13,Movistar,false,false
1428103572733,2147483647,2147483647,2147483647,2147483647,-113,13,Movistar,false,false
1428103634741,20523018,8640,7,214,-104,13,Movistar,true,false
1428103634741,314,2147483647,2147483647,2147483647,-120,13,Movistar,false,false
1428103634741,2147483647,2147483647,2147483647,2147483647,-113,13,Movistar,false,false
1428103634741,2147483647,2147483647,2147483647,2147483647,-113,13,Movistar,false,false
1428103634741,2147483647,2147483647,2147483647,2147483647,-113,13,Movistar,false,false
1428103634741,2147483647,2147483647,2147483647,2147483647,-113,13,Movistar,false,false
1428103634741,2147483647,2147483647,2147483647,2147483647,-113,13,Movistar,false,false
1428103634741,2147483647,2147483647,2147483647,2147483647,-113,13,Movistar,false,false
1428103634741,2147483647,2147483647,2147483647,2147483647,-113,13,Movistar,false,false
1428103634741,2147483647,2147483647,2147483647,2147483647,-113,13,Movistar,false,false
1428103634741,2147483647,2147483647,2147483647,2147483647,-113,13,Movistar,false,false
1428103634741,2147483647,2147483647,2147483647,2147483647,-113,13,Movistar,false,false
1428103634741,2147483647,2147483647,2147483647,2147483647,-113,13,Movistar,false,false
1428103634741,2147483647,2147483647,2147483647,2147483647,-113,13,Movistar,false,false
1428103634741,2147483647,2147483647,2147483647,2147483647,-113,13,Movistar,false,false
1428103634741,2147483647,2147483647,2147483647,2147483647,-113,13,Movistar,false,false
1428103634741,2147483647,2147483647,2147483647,2147483647,-113,13,Movistar,false,false
1428103698739,20523018,8640,7,214,-105,13,Movistar,true,false
1428103698739,2147483647,2147483647,2147483647,2147483647,-113,13,Movistar,false,false
1428103698739,2147483647,2147483647,2147483647,2147483647,-113,13,Movistar,false,false
1428103698739,2147483647,2147483647,2147483647,2147483647,-113,13,Movistar,false,false
1428103698739,2147483647,2147483647,2147483647,2147483647,-113,13,Movistar,false,false
1428103698739,2147483647,2147483647,2147483647,2147483647,-113,13,Movistar,false,false
1428103698739,2147483647,2147483647,2147483647,2147483647,-113,13,Movistar,false,false
1428103698739,2147483647,2147483647,2147483647,2147483647,-113,13,Movistar,false,false
1428103698739,2147483647,2147483647,2147483647,2147483647,-113,13,Movistar,false,false
1428103698739,2147483647,2147483647,2147483647,2147483647,-113,13,Movistar,false,false
1428103698739,2147483647,2147483647,2147483647,2147483647,-113,13,Movistar,false,false
1428103698739,2147483647,2147483647,2147483647,2147483647,-113,13,Movistar,false,false
1428103698739,2147483647,2147483647,2147483647,2147483647,-113,13,Movistar,false,false
1428103698739,2147483647,2147483647,2147483647,2147483647,-113,13,Movistar,false,false
1428103698739,2147483647,2147483647,2147483647,2147483647,-113,13,Movistar,false,false
1428103698739,2147483647,2147483647,2147483647,2147483647,-113,13,Movistar,false,false
1428103759930,20523018,8640,7,214,-107,13,Movistar,true,false
1428103759930,2147483647,2147483647,2147483647,2147483647,-113,13,Movistar,false,false
1428103759930,2147483647,2147483647,2147483647,2147483647,-113,13,Movistar,false,false
1428103759930,2147483647,2147483647,2147483647,2147483647,-113,13,Movistar,false,false
1428103759930,2147483647,2147483647,2147483647,2147483647,-113,13,Movistar,false,false
1428103759930,2147483647,2147483647,2147483647,2147483647,-113,13,Movistar,false,false
1428103759930,2147483647,2147483647,2147483647,2147483647,-113,13,Movistar,false,false
1428103759930,2147483647,2147483647,2147483647,2147483647,-113,13,Movistar,false,false
1428103759930,2147483647,2147483647,2147483647,2147483647,-113,13,Movistar,false,false
1428103759930,2147483647,2147483647,2147483647,2147483647,-113,13,Movistar,false,false
1428103759930,2147483647,2147483647,2147483647,2147483647,-113,13,Movistar,false,false
1428103759930,2147483647,2147483647,2147483647,2147483647,-113,13,Movistar,false,false
1428103759930,2147483647,2147483647,2147483647,2147483647,-113,13,Movistar,false,false
1428103759930,2147483647,2147483647,2147483647,2147483647,-113,13,Movistar,false,false
1428103759930,2147483647,2147483647,2147483647,2147483647,-113,13,Movistar,false,false
1428103759930,2147483647,2147483647,2147483647,2147483647,-113,13,Movistar,false,false
1428103821739,20523018,8640,7,214,-107,13,Movistar,true,false
1428103821739,2147483647,2147483647,2147483647,2147483647,-113,13,Movistar,false,false
1428103821739,2147483647,2147483647,2147483647,2147483647,-113,13,Movistar,false,false
1428103821739,2147483647,2147483647,2147483647,2147483647,-113,13,Movistar,false,false
1428103821739,2147483647,2147483647,2147483647,2147483647,-113,13,Movistar,false,false
1428103821739,2147483647,2147483647,2147483647,2147483647,-113,13,Movistar,false,false
1428103821739,2147483647,2147483647,2147483647,2147483647,-113,13,Movistar,false,false
1428103821739,2147483647,2147483647,2147483647,2147483647,-113,13,Movistar,false,false
1428103821739,2147483647,2147483647,2147483647,2147483647,-113,13,Movistar,false,false
1428103821739,2147483647,2147483647,2147483647,2147483647,-113,13,Movistar,false,false
1428103821739,2147483647,2147483647,2147483647,2147483647,-113,13,Movistar,false,false
1428103821739,2147483647,2147483647,2147483647,2147483647,-113,13,Movistar,false,false
1428103821739,2147483647,2147483647,2147483647,2147483647,-113,13,Movistar,false,false
1428103821739,2147483647,2147483647,2147483647,2147483647,-113,13,Movistar,false,false
1428103821739,2147483647,2147483647,2147483647,2147483647,-113,13,Movistar,false,false
1428103821739,2147483647,2147483647,2147483647,2147483647,-113,13,Movistar,false,false
1428103882913,20523018,8640,7,214,-335,13,Movistar,true,false
1428103944715,20523018,8640,7,214,-106,13,Movistar,true,false
1428103944715,251,2147483647,2147483647,2147483647,-124,13,Movistar,false,false
1428103944715,2147483647,2147483647,2147483647,2147483647,-113,13,Movistar,false,false
1428103944715,2147483647,2147483647,2147483647,2147483647,-113,13,Movistar,false,false
1428103944715,2147483647,2147483647,2147483647,2147483647,-113,13,Movistar,false,false
1428103944715,2147483647,2147483647,2147483647,2147483647,-113,13,Movistar,false,false
1428103944715,2147483647,2147483647,2147483647,2147483647,-113,13,Movistar,false,false
1428103944715,2147483647,2147483647,2147483647,2147483647,-113,13,Movistar,false,false
1428103944715,2147483647,2147483647,2147483647,2147483647,-113,13,Movistar,false,false
1428103944715,2147483647,2147483647,2147483647,2147483647,-113,13,Movistar,false,false
1428103944715,2147483647,2147483647,2147483647,2147483647,-113,13,Movistar,false,false
1428103944715,2147483647,2147483647,2147483647,2147483647,-113,13,Movistar,false,false
1428103944715,2147483647,2147483647,2147483647,2147483647,-113,13,Movistar,false,false
1428103944715,2147483647,2147483647,2147483647,2147483647,-113,13,Movistar,false,false
1428103944715,2147483647,2147483647,2147483647,2147483647,-113,13,Movistar,false,false
1428103944715,2147483647,2147483647,2147483647,2147483647,-113,13,Movistar,false,false
1428103944715,2147483647,2147483647,2147483647,2147483647,-113,13,Movistar,false,false
1428104006842,20523018,8640,7,214,-108,13,Movistar,true,false
1428104006842,251,2147483647,2147483647,2147483647,-122,13,Movistar,false,false
1428104006842,2147483647,2147483647,2147483647,2147483647,-113,13,Movistar,false,false
1428104006842,2147483647,2147483647,2147483647,2147483647,-113,13,Movistar,false,false
1428104006842,2147483647,2147483647,2147483647,2147483647,-113,13,Movistar,false,false
1428104006842,2147483647,2147483647,2147483647,2147483647,-113,13,Movistar,false,false
1428104006842,2147483647,2147483647,2147483647,2147483647,-113,13,Movistar,false,false
1428104006842,2147483647,2147483647,2147483647,2147483647,-113,13,Movistar,false,false
1428104006842,2147483647,2147483647,2147483647,2147483647,-113,13,Movistar,false,false
1428104006842,2147483647,2147483647,2147483647,2147483647,-113,13,Movistar,false,false
1428104006842,2147483647,2147483647,2147483647,2147483647,-113,13,Movistar,false,false
1428104006842,2147483647,2147483647,2147483647,2147483647,-113,13,Movistar,false,false
1428104006842,2147483647,2147483647,2147483647,2147483647,-113,13,Movistar,false,false
1428104006842,2147483647,2147483647,2147483647,2147483647,-113,13,Movistar,false,false
1428104006842,2147483647,2147483647,2147483647,2147483647,-113,13,Movistar,false,false
1428104006842,2147483647,2147483647,2147483647,2147483647,-113,13,Movistar,false,false
1428104006842,2147483647,2147483647,2147483647,2147483647,-113,13,Movistar,false,false
1428104067735,20523018,8640,7,214,-106,13,Movistar,true,false
1428104067735,251,2147483647,2147483647,2147483647,-119,13,Movistar,false,false
1428104067735,2147483647,2147483647,2147483647,2147483647,-113,13,Movistar,false,false
1428104067735,2147483647,2147483647,2147483647,2147483647,-113,13,Movistar,false,false
1428104067735,2147483647,2147483647,2147483647,2147483647,-113,13,Movistar,false,false
1428104067735,2147483647,2147483647,2147483647,2147483647,-113,13,Movistar,false,false
1428104067735,2147483647,2147483647,2147483647,2147483647,-113,13,Movistar,false,false
1428104067735,2147483647,2147483647,2147483647,2147483647,-113,13,Movistar,false,false
1428104067735,2147483647,2147483647,2147483647,2147483647,-113,13,Movistar,false,false
1428104067735,2147483647,2147483647,2147483647,2147483647,-113,13,Movistar,false,false
1428104067735,2147483647,2147483647,2147483647,2147483647,-113,13,Movistar,false,false
1428104067735,2147483647,2147483647,2147483647,2147483647,-113,13,Movistar,false,false
1428104067735,2147483647,2147483647,2147483647,2147483647,-113,13,Movistar,false,false
1428104067735,2147483647,2147483647,2147483647,2147483647,-113,13,Movistar,false,false
1428104067735,2147483647,2147483647,2147483647,2147483647,-113,13,Movistar,false,false
1428104067735,2147483647,2147483647,2147483647,2147483647,-113,13,Movistar,false,false
1428104067735,2147483647,2147483647,2147483647,2147483647,-113,13,Movistar,false,false
1428104129968,20523018,8640,7,214,-102,13,Movistar,true,false
1428104129968,251,2147483647,2147483647,2147483647,-117,13,Movistar,false,false
1428104129968,2147483647,2147483647,2147483647,2147483647,-113,13,Movistar,false,false
1428104129968,2147483647,2147483647,2147483647,2147483647,-113,13,Movistar,false,false
1428104129968,2147483647,2147483647,2147483647,2147483647,-113,13,Movistar,false,false
1428104129968,2147483647,2147483647,2147483647,2147483647,-113,13,Movistar,false,false
1428104129968,2147483647,2147483647,2147483647,2147483647,-113,13,Movistar,false,false
1428104129968,2147483647,2147483647,2147483647,2147483647,-113,13,Movistar,false,false
1428104129968,2147483647,2147483647,2147483647,2147483647,-113,13,Movistar,false,false
1428104129968,2147483647,2147483647,2147483647,2147483647,-113,13,Movistar,false,false
1428104129968,2147483647,2147483647,2147483647,2147483647,-113,13,Movistar,false,false
1428104129968,2147483647,2147483647,2147483647,2147483647,-113,13,Movistar,false,false
1428104129968,2147483647,2147483647,2147483647,2147483647,-113,13,Movistar,false,false
1428104129968,2147483647,2147483647,2147483647,2147483647,-113,13,Movistar,false,false
1428104129968,2147483647,2147483647,2147483647,2147483647,-113,13,Movistar,false,false
1428104129968,2147483647,2147483647,2147483647,2147483647,-113,13,Movistar,false,false
1428104129968,2147483647,2147483647,2147483647,2147483647,-113,13,Movistar,false,false
1428104189873,20523018,8640,7,214,-102,13,Movistar,true,false
1428104189873,251,2147483647,2147483647,2147483647,-115,13,Movistar,false,false
1428104189873,2147483647,2147483647,2147483647,2147483647,-113,13,Movistar,false,false
1428104189873,2147483647,2147483647,2147483647,2147483647,-113,13,Movistar,false,false
1428104189873,2147483647,2147483647,2147483647,2147483647,-113,13,Movistar,false,false
1428104189873,2147483647,2147483647,2147483647,2147483647,-113,13,Movistar,false,false
1428104189873,2147483647,2147483647,2147483647,2147483647,-113,13,Movistar,false,false
1428104189873,2147483647,2147483647,2147483647,2147483647,-113,13,Movistar,false,false
1428104189873,2147483647,2147483647,2147483647,2147483647,-113,13,Movistar,false,false
1428104189873,2147483647,2147483647,2147483647,2147483647,-113,13,Movistar,false,false
1428104189873,2147483647,2147483647,2147483647,2147483647,-113,13,Movistar,false,false
1428104189873,2147483647,2147483647,2147483647,2147483647,-113,13,Movistar,false,false
1428104189873,2147483647,2147483647,2147483647,2147483647,-113,13,Movistar,false,false
1428104189873,2147483647,2147483647,2147483647,2147483647,-113,13,Movistar,false,false
1428104189873,2147483647,2147483647,2147483647,2147483647,-113,13,Movistar,false,false
1428104189873,2147483647,2147483647,2147483647,2147483647,-113,13,Movistar,false,false
1428104189873,2147483647,2147483647,2147483647,2147483647,-113,13,Movistar,false,false
1428104249963,20521492,8640,7,214,-116,13,Movistar,true,false
1428104249963,182,2147483647,2147483647,2147483647,-115,13,Movistar,false,false
1428104249963,2147483647,2147483647,2147483647,2147483647,-113,13,Movistar,false,false
1428104249963,2147483647,2147483647,2147483647,2147483647,-113,13,Movistar,false,false
1428104249963,2147483647,2147483647,2147483647,2147483647,-113,13,Movistar,false,false
1428104249963,2147483647,2147483647,2147483647,2147483647,-113,13,Movistar,false,false
1428104249963,2147483647,2147483647,2147483647,2147483647,-113,13,Movistar,false,false
1428104249963,2147483647,2147483647,2147483647,2147483647,-113,13,Movistar,false,false
1428104249963,2147483647,2147483647,2147483647,2147483647,-113,13,Movistar,false,false
1428104249963,2147483647,2147483647,2147483647,2147483647,-113,13,Movistar,false,false
1428104249963,2147483647,2147483647,2147483647,2147483647,-113,13,Movistar,false,false
1428104249963,2147483647,2147483647,2147483647,2147483647,-113,13,Movistar,false,false
1428104249963,2147483647,2147483647,2147483647,2147483647,-113,13,Movistar,false,false
1428104249963,2147483647,2147483647,2147483647,2147483647,-113,13,Movistar,false,false
1428104249963,2147483647,2147483647,2147483647,2147483647,-113,13,Movistar,false,false
1428104249963,2147483647,2147483647,2147483647,2147483647,-113,13,Movistar,false,false
1428104249963,2147483647,2147483647,2147483647,2147483647,-113,13,Movistar,false,false
1428104249963,-1,-1,-1,-1,0,13,Movistar,false,false
1428104249963,-1,-1,-1,-1,0,13,Movistar,false,false
1428104249963,-1,-1,-1,-1,0,13,Movistar,false,false
1428104249963,-1,-1,-1,-1,0,13,Movistar,false,false
1428104249963,-1,-1,-1,-1,0,13,Movistar,false,false
1428104249963,-1,-1,-1,-1,0,13,Movistar,false,false
1428104249963,-1,-1,-1,-1,0,13,Movistar,false,false
1428104310062,-1,-1,-1,-1,0,3,Movistar,true,false
1428104310062,-1,-1,-1,-1,0,3,Movistar,false,false
1428104370075,-1,-1,-1,-1,0,3,Movistar,true,false
1428104370075,-1,-1,-1,-1,0,3,Movistar,false,false
1428104370075,-1,-1,-1,-1,0,3,Movistar,false,false
1428104370075,-1,-1,-1,-1,0,3,Movistar,false,false
1428104370075,-1,-1,-1,-1,0,3,Movistar,false,false
1428104370075,-1,-1,-1,-1,0,3,Movistar,false,false
1428104370075,2147483647,2147483647,2147483647,2147483647,-53,3,Movistar,false,false
1428104370075,2147483647,2147483647,2147483647,2147483647,-95,3,Movistar,false,false
1428104370075,2147483647,2147483647,2147483647,2147483647,-99,3,Movistar,false,false
1428104370075,2147483647,2147483647,2147483647,2147483647,-103,3,Movistar,false,false
1428104370075,2147483647,2147483647,2147483647,2147483647,-103,3,Movistar,false,false
1428104370075,2147483647,2147483647,2147483647,2147483647,-105,3,Movistar,false,false
1428104370075,2147483647,2147483647,2147483647,2147483647,-105,3,Movistar,false,false
1428104370075,2147483647,2147483647,2147483647,2147483647,-107,3,Movistar,false,false
1428104430165,-1,-1,-1,-1,0,3,Movistar,true,false
1428104430165,-1,-1,-1,-1,0,3,Movistar,false,false
1428104504643,20523018,8640,7,214,-85,13,Movistar,true,false
1428104504643,235,2147483647,2147483647,2147483647,-101,13,Movistar,false,false
1428104504643,2147483647,2147483647,2147483647,2147483647,-113,13,Movistar,false,false
1428104504643,2147483647,2147483647,2147483647,2147483647,-113,13,Movistar,false,false
1428104504643,2147483647,2147483647,2147483647,2147483647,-113,13,Movistar,false,false
1428104504643,2147483647,2147483647,2147483647,2147483647,-113,13,Movistar,false,false
1428104504643,2147483647,2147483647,2147483647,2147483647,-113,13,Movistar,false,false
1428104504643,2147483647,2147483647,2147483647,2147483647,-113,13,Movistar,false,false
1428104504643,2147483647,2147483647,2147483647,2147483647,-113,13,Movistar,false,false
1428104504643,2147483647,2147483647,2147483647,2147483647,-113,13,Movistar,false,false
1428104504643,2147483647,2147483647,2147483647,2147483647,-113,13,Movistar,false,false
1428104504643,2147483647,2147483647,2147483647,2147483647,-113,13,Movistar,false,false
1428104504643,2147483647,2147483647,2147483647,2147483647,-113,13,Movistar,false,false
1428104504643,2147483647,2147483647,2147483647,2147483647,-113,13,Movistar,false,false
1428104504643,2147483647,2147483647,2147483647,2147483647,-113,13,Movistar,false,false
1428104504643,2147483647,2147483647,2147483647,2147483647,-113,13,Movistar,false,false
1428104504643,2147483647,2147483647,2147483647,2147483647,-113,13,Movistar,false,false
1428104565729,20523018,8640,7,214,-75,13,Movistar,true,false
1428104565729,251,2147483647,2147483647,2147483647,-85,13,Movistar,false,false
1428104565729,2147483647,2147483647,2147483647,2147483647,-113,13,Movistar,false,false
1428104565729,2147483647,2147483647,2147483647,2147483647,-113,13,Movistar,false,false
1428104565729,2147483647,2147483647,2147483647,2147483647,-113,13,Movistar,false,false
1428104565729,2147483647,2147483647,2147483647,2147483647,-113,13,Movistar,false,false
1428104565729,2147483647,2147483647,2147483647,2147483647,-113,13,Movistar,false,false
1428104565729,2147483647,2147483647,2147483647,2147483647,-113,13,Movistar,false,false
1428104565729,2147483647,2147483647,2147483647,2147483647,-113,13,Movistar,false,false
1428104565729,2147483647,2147483647,2147483647,2147483647,-113,13,Movistar,false,false
1428104565729,2147483647,2147483647,2147483647,2147483647,-113,13,Movistar,false,false
1428104565729,2147483647,2147483647,2147483647,2147483647,-113,13,Movistar,false,false
1428104565729,2147483647,2147483647,2147483647,2147483647,-113,13,Movistar,false,false
1428104565729,2147483647,2147483647,2147483647,2147483647,-113,13,Movistar,false,false
1428104565729,2147483647,2147483647,2147483647,2147483647,-113,13,Movistar,false,false
1428104565729,2147483647,2147483647,2147483647,2147483647,-113,13,Movistar,false,false
1428104565729,2147483647,2147483647,2147483647,2147483647,-113,13,Movistar,false,false
1428104632604,20523018,8640,7,214,-69,13,Movistar,true,false
1428104632604,251,2147483647,2147483647,2147483647,-84,13,Movistar,false,false
1428104632604,235,2147483647,2147483647,2147483647,-84,13,Movistar,false,false
1428104632604,2147483647,2147483647,2147483647,2147483647,-113,13,Movistar,false,false
1428104632604,2147483647,2147483647,2147483647,2147483647,-113,13,Movistar,false,false
1428104632604,2147483647,2147483647,2147483647,2147483647,-113,13,Movistar,false,false
1428104632604,2147483647,2147483647,2147483647,2147483647,-113,13,Movistar,false,false
1428104632604,2147483647,2147483647,2147483647,2147483647,-113,13,Movistar,false,false
1428104632604,2147483647,2147483647,2147483647,2147483647,-113,13,Movistar,false,false
1428104632604,2147483647,2147483647,2147483647,2147483647,-113,13,Movistar,false,false
1428104632604,2147483647,2147483647,2147483647,2147483647,-113,13,Movistar,false,false
1428104632604,2147483647,2147483647,2147483647,2147483647,-113,13,Movistar,false,false
1428104632604,2147483647,2147483647,2147483647,2147483647,-113,13,Movistar,false,false
1428104632604,2147483647,2147483647,2147483647,2147483647,-113,13,Movistar,false,false
1428104632604,2147483647,2147483647,2147483647,2147483647,-113,13,Movistar,false,false
1428104632604,2147483647,2147483647,2147483647,2147483647,-113,13,Movistar,false,false
1428104632604,2147483647,2147483647,2147483647,2147483647,-113,13,Movistar,false,false
1428104632604,2147483647,2147483647,2147483647,2147483647,-113,13,Movistar,false,false
1428104692696,20523018,8640,7,214,-69,13,Movistar,true,false
1428104692696,251,2147483647,2147483647,2147483647,-81,13,Movistar,false,false
1428104692696,2147483647,2147483647,2147483647,2147483647,-113,13,Movistar,false,false
1428104692696,2147483647,2147483647,2147483647,2147483647,-113,13,Movistar,false,false
1428104692696,2147483647,2147483647,2147483647,2147483647,-113,13,Movistar,false,false
1428104692696,2147483647,2147483647,2147483647,2147483647,-113,13,Movistar,false,false
1428104692696,2147483647,2147483647,2147483647,2147483647,-113,13,Movistar,false,false
1428104692696,2147483647,2147483647,2147483647,2147483647,-113,13,Movistar,false,false
1428104692696,2147483647,2147483647,2147483647,2147483647,-113,13,Movistar,false,false
1428104692696,2147483647,2147483647,2147483647,2147483647,-113,13,Movistar,false,false
1428104692696,2147483647,2147483647,2147483647,2147483647,-113,13,Movistar,false,false
1428104692696,2147483647,2147483647,2147483647,2147483647,-113,13,Movistar,false,false
1428104692696,2147483647,2147483647,2147483647,2147483647,-113,13,Movistar,false,false
1428104692696,2147483647,2147483647,2147483647,2147483647,-113,13,Movistar,false,false
1428104692696,2147483647,2147483647,2147483647,2147483647,-113,13,Movistar,false,false
1428104692696,2147483647,2147483647,2147483647,2147483647,-113,13,Movistar,false,false
1428104692696,2147483647,2147483647,2147483647,2147483647,-113,13,Movistar,false,false
1428104752712,20523018,8640,7,214,-71,13,Movistar,true,false
1428104752712,227,2147483647,2147483647,2147483647,-85,13,Movistar,false,false
1428104752712,251,2147483647,2147483647,2147483647,-85,13,Movistar,false,false
1428104752712,2147483647,2147483647,2147483647,2147483647,-113,13,Movistar,false,false
1428104752712,2147483647,2147483647,2147483647,2147483647,-113,13,Movistar,false,false
1428104752712,2147483647,2147483647,2147483647,2147483647,-113,13,Movistar,false,false
1428104752712,2147483647,2147483647,2147483647,2147483647,-113,13,Movistar,false,false
1428104752712,2147483647,2147483647,2147483647,2147483647,-113,13,Movistar,false,false
1428104752712,2147483647,2147483647,2147483647,2147483647,-113,13,Movistar,false,false
1428104752712,2147483647,2147483647,2147483647,2147483647,-113,13,Movistar,false,false
1428104752712,2147483647,2147483647,2147483647,2147483647,-113,13,Movistar,false,false
1428104752712,2147483647,2147483647,2147483647,2147483647,-113,13,Movistar,false,false
1428104752712,2147483647,2147483647,2147483647,2147483647,-113,13,Movistar,false,false
1428104752712,2147483647,2147483647,2147483647,2147483647,-113,13,Movistar,false,false
1428104752712,2147483647,2147483647,2147483647,2147483647,-113,13,Movistar,false,false
1428104752712,2147483647,2147483647,2147483647,2147483647,-113,13,Movistar,false,false
1428104752712,2147483647,2147483647,2147483647,2147483647,-113,13,Movistar,false,false
1428104752712,2147483647,2147483647,2147483647,2147483647,-113,13,Movistar,false,false
1428104812991,20523018,8640,7,214,-69,13,Movistar,true,false
1428104812991,0,2147483647,2147483647,2147483647,-81,13,Movistar,false,false
1428104812991,314,2147483647,2147483647,2147483647,-87,13,Movistar,false,false
1428104812991,251,2147483647,2147483647,2147483647,-83,13,Movistar,false,false
1428104812991,227,2147483647,2147483647,2147483647,-85,13,Movistar,false,false
1428104812991,235,2147483647,2147483647,2147483647,-86,13,Movistar,false,false
1428104812991,377,2147483647,2147483647,2147483647,-89,13,Movistar,false,false
1428104812991,2147483647,2147483647,2147483647,2147483647,-113,13,Movistar,false,false
1428104812991,2147483647,2147483647,2147483647,2147483647,-113,13,Movistar,false,false
1428104812991,2147483647,2147483647,2147483647,2147483647,-113,13,Movistar,false,false
1428104812991,2147483647,2147483647,2147483647,2147483647,-113,13,Movistar,false,false
1428104812991,2147483647,2147483647,2147483647,2147483647,-113,13,Movistar,false,false
1428104812991,2147483647,2147483647,2147483647,2147483647,-113,13,Movistar,false,false
1428104812991,2147483647,2147483647,2147483647,2147483647,-113,13,Movistar,false,false
1428104812991,2147483647,2147483647,2147483647,2147483647,-113,13,Movistar,false,false
1428104812991,2147483647,2147483647,2147483647,2147483647,-113,13,Movistar,false,false
1428104812991,2147483647,2147483647,2147483647,2147483647,-113,13,Movistar,false,false
1428104812991,2147483647,2147483647,2147483647,2147483647,-113,13,Movistar,false,false
1428104812991,2147483647,2147483647,2147483647,2147483647,-113,13,Movistar,false,false
1428104812991,2147483647,2147483647,2147483647,2147483647,-113,13,Movistar,false,false
1428104812991,2147483647,2147483647,2147483647,2147483647,-113,13,Movistar,false,false
1428104812991,2147483647,2147483647,2147483647,2147483647,-113,13,Movistar,false,false
1428104881810,20523038,8640,7,214,-88,13,Movistar,true,false
1428104881810,243,2147483647,2147483647,2147483647,-89,13,Movistar,false,false
1428104881810,2147483647,2147483647,2147483647,2147483647,-113,13,Movistar,false,false
1428104881810,2147483647,2147483647,2147483647,2147483647,-113,13,Movistar,false,false
1428104881810,2147483647,2147483647,2147483647,2147483647,-113,13,Movistar,false,false
1428104881810,2147483647,2147483647,2147483647,2147483647,-113,13,Movistar,false,false
1428104881810,2147483647,2147483647,2147483647,2147483647,-113,13,Movistar,false,false
1428104881810,2147483647,2147483647,2147483647,2147483647,-113,13,Movistar,false,false
1428104881810,2147483647,2147483647,2147483647,2147483647,-113,13,Movistar,false,false
1428104881810,2147483647,2147483647,2147483647,2147483647,-113,13,Movistar,false,false
1428104881810,2147483647,2147483647,2147483647,2147483647,-113,13,Movistar,false,false
1428104881810,2147483647,2147483647,2147483647,2147483647,-113,13,Movistar,false,false
1428104881810,2147483647,2147483647,2147483647,2147483647,-113,13,Movistar,false,false
1428104881810,2147483647,2147483647,2147483647,2147483647,-113,13,Movistar,false,false
1428104881810,2147483647,2147483647,2147483647,2147483647,-113,13,Movistar,false,false
1428104881810,2147483647,2147483647,2147483647,2147483647,-113,13,Movistar,false,false
1428104881810,2147483647,2147483647,2147483647,2147483647,-113,13,Movistar,false,false
1428104965910,20523028,8640,7,214,-68,13,Movistar,true,false
1428104965910,243,2147483647,2147483647,2147483647,-80,13,Movistar,false,false
1428104965910,2147483647,2147483647,2147483647,2147483647,-113,13,Movistar,false,false
1428104965910,2147483647,2147483647,2147483647,2147483647,-113,13,Movistar,false,false
1428104965910,2147483647,2147483647,2147483647,2147483647,-113,13,Movistar,false,false
1428104965910,2147483647,2147483647,2147483647,2147483647,-113,13,Movistar,false,false
1428104965910,2147483647,2147483647,2147483647,2147483647,-113,13,Movistar,false,false
1428104965910,2147483647,2147483647,2147483647,2147483647,-113,13,Movistar,false,false
1428104965910,2147483647,2147483647,2147483647,2147483647,-113,13,Movistar,false,false
1428104965910,2147483647,2147483647,2147483647,2147483647,-113,13,Movistar,false,false
1428104965910,2147483647,2147483647,2147483647,2147483647,-113,13,Movistar,false,false
1428104965910,2147483647,2147483647,2147483647,2147483647,-113,13,Movistar,false,false
1428104965910,2147483647,2147483647,2147483647,2147483647,-113,13,Movistar,false,false
1428104965910,2147483647,2147483647,2147483647,2147483647,-113,13,Movistar,false,false
1428104965910,2147483647,2147483647,2147483647,2147483647,-113,13,Movistar,false,false
1428104965910,2147483647,2147483647,2147483647,2147483647,-113,13,Movistar,false,false
1428104965910,2147483647,2147483647,2147483647,2147483647,-113,13,Movistar,false,false
1428105027692,20523018,8640,7,214,-257,13,Movistar,true,false
1428105089072,20523028,8640,7,214,-81,13,Movistar,true,false
1428105089072,350,2147483647,2147483647,2147483647,-93,13,Movistar,false,false
1428105089072,131,2147483647,2147483647,2147483647,-100,13,Movistar,false,false
1428105089072,354,2147483647,2147483647,2147483647,-103,13,Movistar,false,false
1428105089072,2147483647,2147483647,2147483647,2147483647,-113,13,Movistar,false,false
1428105089072,2147483647,2147483647,2147483647,2147483647,-113,13,Movistar,false,false
1428105089072,2147483647,2147483647,2147483647,2147483647,-113,13,Movistar,false,false
1428105089072,2147483647,2147483647,2147483647,2147483647,-113,13,Movistar,false,false
1428105089072,2147483647,2147483647,2147483647,2147483647,-113,13,Movistar,false,false
1428105089072,2147483647,2147483647,2147483647,2147483647,-113,13,Movistar,false,false
1428105089072,2147483647,2147483647,2147483647,2147483647,-113,13,Movistar,false,false
1428105089072,2147483647,2147483647,2147483647,2147483647,-113,13,Movistar,false,false
1428105089072,2147483647,2147483647,2147483647,2147483647,-113,13,Movistar,false,false
1428105089072,2147483647,2147483647,2147483647,2147483647,-113,13,Movistar,false,false
1428105089072,2147483647,2147483647,2147483647,2147483647,-113,13,Movistar,false,false
1428105089072,2147483647,2147483647,2147483647,2147483647,-113,13,Movistar,false,false
1428105089072,2147483647,2147483647,2147483647,2147483647,-113,13,Movistar,false,false
1428105089072,2147483647,2147483647,2147483647,2147483647,-113,13,Movistar,false,false
1428105089072,2147483647,2147483647,2147483647,2147483647,-113,13,Movistar,false,false
1428105150731,20523028,8640,7,214,-83,13,Movistar,true,false
1428105150731,230,2147483647,2147483647,2147483647,-90,13,Movistar,false,false
1428105150731,229,2147483647,2147483647,2147483647,-93,13,Movistar,false,false
1428105150731,131,2147483647,2147483647,2147483647,-96,13,Movistar,false,false
1428105150731,326,2147483647,2147483647,2147483647,-96,13,Movistar,false,false
1428105150731,2147483647,2147483647,2147483647,2147483647,-113,13,Movistar,false,false
1428105150731,2147483647,2147483647,2147483647,2147483647,-113,13,Movistar,false,false
1428105150731,2147483647,2147483647,2147483647,2147483647,-113,13,Movistar,false,false
1428105150731,2147483647,2147483647,2147483647,2147483647,-113,13,Movistar,false,false
1428105150731,2147483647,2147483647,2147483647,2147483647,-113,13,Movistar,false,false
1428105150731,2147483647,2147483647,2147483647,2147483647,-113,13,Movistar,false,false
1428105150731,2147483647,2147483647,2147483647,2147483647,-113,13,Movistar,false,false
1428105150731,2147483647,2147483647,2147483647,2147483647,-113,13,Movistar,false,false
1428105150731,2147483647,2147483647,2147483647,2147483647,-113,13,Movistar,false,false
1428105150731,2147483647,2147483647,2147483647,2147483647,-113,13,Movistar,false,false
1428105150731,2147483647,2147483647,2147483647,2147483647,-113,13,Movistar,false,false
1428105150731,2147483647,2147483647,2147483647,2147483647,-113,13,Movistar,false,false
1428105150731,2147483647,2147483647,2147483647,2147483647,-113,13,Movistar,false,false
1428105150731,2147483647,2147483647,2147483647,2147483647,-113,13,Movistar,false,false
1428105150731,2147483647,2147483647,2147483647,2147483647,-113,13,Movistar,false,false
1428105223823,20523028,8640,7,214,-83,13,Movistar,true,false
1428105223823,350,2147483647,2147483647,2147483647,-92,13,Movistar,false,false
1428105223823,334,2147483647,2147483647,2147483647,-92,13,Movistar,false,false
1428105223823,326,2147483647,2147483647,2147483647,-93,13,Movistar,false,false
1428105223823,2147483647,2147483647,2147483647,2147483647,-113,13,Movistar,false,false
1428105223823,2147483647,2147483647,2147483647,2147483647,-113,13,Movistar,false,false
1428105223823,2147483647,2147483647,2147483647,2147483647,-113,13,Movistar,false,false
1428105223823,2147483647,2147483647,2147483647,2147483647,-113,13,Movistar,false,false
1428105223823,2147483647,2147483647,2147483647,2147483647,-113,13,Movistar,false,false
1428105223823,2147483647,2147483647,2147483647,2147483647,-113,13,Movistar,false,false
1428105223823,2147483647,2147483647,2147483647,2147483647,-113,13,Movistar,false,false
1428105223823,2147483647,2147483647,2147483647,2147483647,-113,13,Movistar,false,false
1428105223823,2147483647,2147483647,2147483647,2147483647,-113,13,Movistar,false,false
1428105223823,2147483647,2147483647,2147483647,2147483647,-113,13,Movistar,false,false
1428105223823,2147483647,2147483647,2147483647,2147483647,-113,13,Movistar,false,false
1428105223823,2147483647,2147483647,2147483647,2147483647,-113,13,Movistar,false,false
1428105223823,2147483647,2147483647,2147483647,2147483647,-113,13,Movistar,false,false
1428105223823,2147483647,2147483647,2147483647,2147483647,-113,13,Movistar,false,false
1428105223823,2147483647,2147483647,2147483647,2147483647,-113,13,Movistar,false,false
1428105286641,20520222,8640,7,214,-102,13,Movistar,true,false
1428105286641,1,2147483647,2147483647,2147483647,-106,13,Movistar,false,false
1428105286641,326,2147483647,2147483647,2147483647,-101,13,Movistar,false,false
1428105286641,397,2147483647,2147483647,2147483647,-101,13,Movistar,false,false
1428105286641,191,2147483647,2147483647,2147483647,-105,13,Movistar,false,false
1428105286641,2147483647,2147483647,2147483647,2147483647,-113,13,Movistar,false,false
1428105286641,2147483647,2147483647,2147483647,2147483647,-113,13,Movistar,false,false
1428105286641,2147483647,2147483647,2147483647,2147483647,-113,13,Movistar,false,false
1428105286641,2147483647,2147483647,2147483647,2147483647,-113,13,Movistar,false,false
1428105286641,2147483647,2147483647,2147483647,2147483647,-113,13,Movistar,false,false
1428105286641,2147483647,2147483647,2147483647,2147483647,-113,13,Movistar,false,false
1428105286641,2147483647,2147483647,2147483647,2147483647,-113,13,Movistar,false,false
1428105286641,2147483647,2147483647,2147483647,2147483647,-113,13,Movistar,false,false
1428105286641,2147483647,2147483647,2147483647,2147483647,-113,13,Movistar,false,false
1428105286641,2147483647,2147483647,2147483647,2147483647,-113,13,Movistar,false,false
1428105286641,2147483647,2147483647,2147483647,2147483647,-113,13,Movistar,false,false
1428105286641,2147483647,2147483647,2147483647,2147483647,-113,13,Movistar,false,false
1428105286641,2147483647,2147483647,2147483647,2147483647,-113,13,Movistar,false,false
1428105286641,2147483647,2147483647,2147483647,2147483647,-113,13,Movistar,false,false
1428105286641,2147483647,2147483647,2147483647,2147483647,-113,13,Movistar,false,false
1428105347753,20591646,8640,7,214,-89,13,Movistar,true,false
1428105347753,251,2147483647,2147483647,2147483647,-102,13,Movistar,false,false
1428105347753,335,2147483647,2147483647,2147483647,-97,13,Movistar,false,false
1428105347753,334,2147483647,2147483647,2147483647,-101,13,Movistar,false,false
1428105347753,229,2147483647,2147483647,2147483647,-100,13,Movistar,false,false
1428105347753,327,2147483647,2147483647,2147483647,-100,13,Movistar,false,false
1428105347753,2147483647,2147483647,2147483647,2147483647,-113,13,Movistar,false,false
1428105347753,2147483647,2147483647,2147483647,2147483647,-113,13,Movistar,false,false
1428105347753,2147483647,2147483647,2147483647,2147483647,-113,13,Movistar,false,false
1428105347753,2147483647,2147483647,2147483647,2147483647,-113,13,Movistar,false,false
1428105347753,2147483647,2147483647,2147483647,2147483647,-113,13,Movistar,false,false
1428105347753,2147483647,2147483647,2147483647,2147483647,-113,13,Movistar,false,false
1428105347753,2147483647,2147483647,2147483647,2147483647,-113,13,Movistar,false,false
1428105347753,2147483647,2147483647,2147483647,2147483647,-113,13,Movistar,false,false
1428105347753,2147483647,2147483647,2147483647,2147483647,-113,13,Movistar,false,false
1428105347753,2147483647,2147483647,2147483647,2147483647,-113,13,Movistar,false,false
1428105347753,2147483647,2147483647,2147483647,2147483647,-113,13,Movistar,false,false
1428105347753,2147483647,2147483647,2147483647,2147483647,-113,13,Movistar,false,false
1428105347753,2147483647,2147483647,2147483647,2147483647,-113,13,Movistar,false,false
1428105347753,2147483647,2147483647,2147483647,2147483647,-113,13,Movistar,false,false
1428105347753,2147483647,2147483647,2147483647,2147483647,-113,13,Movistar,false,false
1428105408937,20591646,8640,7,214,-87,13,Movistar,true,false
1428105408937,131,2147483647,2147483647,2147483647,-95,13,Movistar,false,false
1428105408937,327,2147483647,2147483647,2147483647,-90,13,Movistar,false,false
1428105408937,362,2147483647,2147483647,2147483647,-96,13,Movistar,false,false
1428105408937,245,2147483647,2147483647,2147483647,-93,13,Movistar,false,false
1428105408937,229,2147483647,2147483647,2147483647,-93,13,Movistar,false,false
1428105408937,2147483647,2147483647,2147483647,2147483647,-113,13,Movistar,false,false
1428105408937,2147483647,2147483647,2147483647,2147483647,-113,13,Movistar,false,false
1428105408937,2147483647,2147483647,2147483647,2147483647,-113,13,Movistar,false,false
1428105408937,2147483647,2147483647,2147483647,2147483647,-113,13,Movistar,false,false
1428105408937,2147483647,2147483647,2147483647,2147483647,-113,13,Movistar,false,false
1428105408937,2147483647,2147483647,2147483647,2147483647,-113,13,Movistar,false,false
1428105408937,2147483647,2147483647,2147483647,2147483647,-113,13,Movistar,false,false
1428105408937,2147483647,2147483647,2147483647,2147483647,-113,13,Movistar,false,false
1428105408937,2147483647,2147483647,2147483647,2147483647,-113,13,Movistar,false,false
1428105408937,2147483647,2147483647,2147483647,2147483647,-113,13,Movistar,false,false
1428105408937,2147483647,2147483647,2147483647,2147483647,-113,13,Movistar,false,false
1428105408937,2147483647,2147483647,2147483647,2147483647,-113,13,Movistar,false,false
1428105408937,2147483647,2147483647,2147483647,2147483647,-113,13,Movistar,false,false
1428105408937,2147483647,2147483647,2147483647,2147483647,-113,13,Movistar,false,false
1428105408937,2147483647,2147483647,2147483647,2147483647,-113,13,Movistar,false,false
1428105470124,20520714,8640,7,214,-80,13,Movistar,true,false
1428105470124,229,2147483647,2147483647,2147483647,-92,13,Movistar,false,false
1428105470124,230,2147483647,2147483647,2147483647,-91,13,Movistar,false,false
1428105470124,334,2147483647,2147483647,2147483647,-94,13,Movistar,false,false
1428105470124,306,2147483647,2147483647,2147483647,-94,13,Movistar,false,false
1428105470124,2147483647,2147483647,2147483647,2147483647,-113,13,Movistar,false,false
1428105470124,2147483647,2147483647,2147483647,2147483647,-113,13,Movistar,false,false
1428105470124,2147483647,2147483647,2147483647,2147483647,-113,13,Movistar,false,false
1428105470124,2147483647,2147483647,2147483647,2147483647,-113,13,Movistar,false,false
1428105470124,2147483647,2147483647,2147483647,2147483647,-113,13,Movistar,false,false
1428105470124,2147483647,2147483647,2147483647,2147483647,-113,13,Movistar,false,false
1428105470124,2147483647,2147483647,2147483647,2147483647,-113,13,Movistar,false,false
1428105470124,2147483647,2147483647,2147483647,2147483647,-113,13,Movistar,false,false
1428105470124,2147483647,2147483647,2147483647,2147483647,-113,13,Movistar,false,false
1428105470124,2147483647,2147483647,2147483647,2147483647,-113,13,Movistar,false,false
1428105470124,2147483647,2147483647,2147483647,2147483647,-113,13,Movistar,false,false
1428105470124,2147483647,2147483647,2147483647,2147483647,-113,13,Movistar,false,false
1428105470124,2147483647,2147483647,2147483647,2147483647,-113,13,Movistar,false,false
1428105470124,2147483647,2147483647,2147483647,2147483647,-113,13,Movistar,false,false
1428105470124,2147483647,2147483647,2147483647,2147483647,-113,13,Movistar,false,false
1428105530131,20520714,8640,7,214,-75,13,Movistar,true,false
1428105530131,230,2147483647,2147483647,2147483647,-83,13,Movistar,false,false
1428105530131,335,2147483647,2147483647,2147483647,-89,13,Movistar,false,false
1428105530131,2147483647,2147483647,2147483647,2147483647,-113,13,Movistar,false,false
1428105530131,2147483647,2147483647,2147483647,2147483647,-113,13,Movistar,false,false
1428105530131,2147483647,2147483647,2147483647,2147483647,-113,13,Movistar,false,false
1428105530131,2147483647,2147483647,2147483647,2147483647,-113,13,Movistar,false,false
1428105530131,2147483647,2147483647,2147483647,2147483647,-113,13,Movistar,false,false
1428105530131,2147483647,2147483647,2147483647,2147483647,-113,13,Movistar,false,false
1428105530131,2147483647,2147483647,2147483647,2147483647,-113,13,Movistar,false,false
1428105530131,2147483647,2147483647,2147483647,2147483647,-113,13,Movistar,false,false
1428105530131,2147483647,2147483647,2147483647,2147483647,-113,13,Movistar,false,false
1428105530131,2147483647,2147483647,2147483647,2147483647,-113,13,Movistar,false,false
1428105530131,2147483647,2147483647,2147483647,2147483647,-113,13,Movistar,false,false
1428105530131,2147483647,2147483647,2147483647,2147483647,-113,13,Movistar,false,false
1428105530131,2147483647,2147483647,2147483647,2147483647,-113,13,Movistar,false,false
1428105530131,2147483647,2147483647,2147483647,2147483647,-113,13,Movistar,false,false
1428105530131,2147483647,2147483647,2147483647,2147483647,-113,13,Movistar,false,false
1428105590709,20520714,8640,7,214,-87,13,Movistar,true,false
1428105590709,229,2147483647,2147483647,2147483647,-91,13,Movistar,false,false
1428105590709,335,2147483647,2147483647,2147483647,-95,13,Movistar,false,false
1428105590709,334,2147483647,2147483647,2147483647,-95,13,Movistar,false,false
1428105590709,230,2147483647,2147483647,2147483647,-93,13,Movistar,false,false
1428105590709,2147483647,2147483647,2147483647,2147483647,-113,13,Movistar,false,false
1428105590709,2147483647,2147483647,2147483647,2147483647,-113,13,Movistar,false,false
1428105590709,2147483647,2147483647,2147483647,2147483647,-113,13,Movistar,false,false
1428105590709,2147483647,2147483647,2147483647,2147483647,-113,13,Movistar,false,false
1428105590709,2147483647,2147483647,2147483647,2147483647,-113,13,Movistar,false,false
1428105590709,2147483647,2147483647,2147483647,2147483647,-113,13,Movistar,false,false
1428105590709,2147483647,2147483647,2147483647,2147483647,-113,13,Movistar,false,false
1428105590709,2147483647,2147483647,2147483647,2147483647,-113,13,Movistar,false,false
1428105590709,2147483647,2147483647,2147483647,2147483647,-113,13,Movistar,false,false
1428105590709,2147483647,2147483647,2147483647,2147483647,-113,13,Movistar,false,false
1428105590709,2147483647,2147483647,2147483647,2147483647,-113,13,Movistar,false,false
1428105590709,2147483647,2147483647,2147483647,2147483647,-113,13,Movistar,false,false
1428105590709,2147483647,2147483647,2147483647,2147483647,-113,13,Movistar,false,false
1428105590709,2147483647,2147483647,2147483647,2147483647,-113,13,Movistar,false,false
1428105590709,2147483647,2147483647,2147483647,2147483647,-113,13,Movistar,false,false
1428105650718,20520714,8640,7,214,-75,13,Movistar,true,false
1428105650718,229,2147483647,2147483647,2147483647,-84,13,Movistar,false,false
1428105650718,334,2147483647,2147483647,2147483647,-87,13,Movistar,false,false
1428105650718,230,2147483647,2147483647,2147483647,-88,13,Movistar,false,false
1428105650718,318,2147483647,2147483647,2147483647,-88,13,Movistar,false,false
1428105650718,131,2147483647,2147483647,2147483647,-91,13,Movistar,false,false
1428105650718,2147483647,2147483647,2147483647,2147483647,-113,13,Movistar,false,false
1428105650718,2147483647,2147483647,2147483647,2147483647,-113,13,Movistar,false,false
1428105650718,2147483647,2147483647,2147483647,2147483647,-113,13,Movistar,false,false
1428105650718,2147483647,2147483647,2147483647,2147483647,-113,13,Movistar,false,false
1428105650718,2147483647,2147483647,2147483647,2147483647,-113,13,Movistar,false,false
1428105650718,2147483647,2147483647,2147483647,2147483647,-113,13,Movistar,false,false
1428105650718,2147483647,2147483647,2147483647,2147483647,-113,13,Movistar,false,false
1428105650718,2147483647,2147483647,2147483647,2147483647,-113,13,Movistar,false,false
1428105650718,2147483647,2147483647,2147483647,2147483647,-113,13,Movistar,false,false
1428105650718,2147483647,2147483647,2147483647,2147483647,-113,13,Movistar,false,false
1428105650718,2147483647,2147483647,2147483647,2147483647,-113,13,Movistar,false,false
1428105650718,2147483647,2147483647,2147483647,2147483647,-113,13,Movistar,false,false
1428105650718,2147483647,2147483647,2147483647,2147483647,-113,13,Movistar,false,false
1428105650718,2147483647,2147483647,2147483647,2147483647,-113,13,Movistar,false,false
1428105650718,2147483647,2147483647,2147483647,2147483647,-113,13,Movistar,false,false
1428105710733,20520714,8640,7,214,-70,13,Movistar,true,false
1428105710733,335,2147483647,2147483647,2147483647,-75,13,Movistar,false,false
1428105710733,397,2147483647,2147483647,2147483647,-85,13,Movistar,false,false
1428105710733,334,2147483647,2147483647,2147483647,-83,13,Movistar,false,false
1428105710733,2147483647,2147483647,2147483647,2147483647,-113,13,Movistar,false,false
1428105710733,2147483647,2147483647,2147483647,2147483647,-113,13,Movistar,false,false
1428105710733,2147483647,2147483647,2147483647,2147483647,-113,13,Movistar,false,false
1428105710733,2147483647,2147483647,2147483647,2147483647,-113,13,Movistar,false,false
1428105710733,2147483647,2147483647,2147483647,2147483647,-113,13,Movistar,false,false
1428105710733,2147483647,2147483647,2147483647,2147483647,-113,13,Movistar,false,false
1428105710733,2147483647,2147483647,2147483647,2147483647,-113,13,Movistar,false,false
1428105710733,2147483647,2147483647,2147483647,2147483647,-113,13,Movistar,false,false
1428105710733,2147483647,2147483647,2147483647,2147483647,-113,13,Movistar,false,false
1428105710733,2147483647,2147483647,2147483647,2147483647,-113,13,Movistar,false,false
1428105710733,2147483647,2147483647,2147483647,2147483647,-113,13,Movistar,false,false
1428105710733,2147483647,2147483647,2147483647,2147483647,-113,13,Movistar,false,false
1428105710733,2147483647,2147483647,2147483647,2147483647,-113,13,Movistar,false,false
1428105710733,2147483647,2147483647,2147483647,2147483647,-113,13,Movistar,false,false
1428105710733,2147483647,2147483647,2147483647,2147483647,-113,13,Movistar,false,false
1428105773847,20520714,8640,7,214,-80,13,Movistar,true,false
1428105773847,229,2147483647,2147483647,2147483647,-88,13,Movistar,false,false
1428105773847,335,2147483647,2147483647,2147483647,-87,13,Movistar,false,false
1428105773847,397,2147483647,2147483647,2147483647,-92,13,Movistar,false,false
1428105773847,334,2147483647,2147483647,2147483647,-91,13,Movistar,false,false
1428105773847,251,2147483647,2147483647,2147483647,-91,13,Movistar,false,false
1428105773847,2147483647,2147483647,2147483647,2147483647,-113,13,Movistar,false,false
1428105773847,2147483647,2147483647,2147483647,2147483647,-113,13,Movistar,false,false
1428105773847,2147483647,2147483647,2147483647,2147483647,-113,13,Movistar,false,false
1428105773847,2147483647,2147483647,2147483647,2147483647,-113,13,Movistar,false,false
1428105773847,2147483647,2147483647,2147483647,2147483647,-113,13,Movistar,false,false
1428105773847,2147483647,2147483647,2147483647,2147483647,-113,13,Movistar,false,false
1428105773847,2147483647,2147483647,2147483647,2147483647,-113,13,Movistar,false,false
1428105773847,2147483647,2147483647,2147483647,2147483647,-113,13,Movistar,false,false
1428105773847,2147483647,2147483647,2147483647,2147483647,-113,13,Movistar,false,false
1428105773847,2147483647,2147483647,2147483647,2147483647,-113,13,Movistar,false,false
1428105773847,2147483647,2147483647,2147483647,2147483647,-113,13,Movistar,false,false
1428105773847,2147483647,2147483647,2147483647,2147483647,-113,13,Movistar,false,false
1428105773847,2147483647,2147483647,2147483647,2147483647,-113,13,Movistar,false,false
1428105773847,2147483647,2147483647,2147483647,2147483647,-113,13,Movistar,false,false
1428105773847,2147483647,2147483647,2147483647,2147483647,-113,13,Movistar,false,false
1428105834713,20520714,8640,7,214,-92,13,Movistar,true,false
1428105834713,229,2147483647,2147483647,2147483647,-92,13,Movistar,false,false
1428105834713,397,2147483647,2147483647,2147483647,-96,13,Movistar,false,false
1428105834713,251,2147483647,2147483647,2147483647,-94,13,Movistar,false,false
1428105834713,334,2147483647,2147483647,2147483647,-101,13,Movistar,false,false
1428105834713,2147483647,2147483647,2147483647,2147483647,-113,13,Movistar,false,false
1428105834713,2147483647,2147483647,2147483647,2147483647,-113,13,Movistar,false,false
1428105834713,2147483647,2147483647,2147483647,2147483647,-113,13,Movistar,false,false
1428105834713,2147483647,2147483647,2147483647,2147483647,-113,13,Movistar,false,false
1428105834713,2147483647,2147483647,2147483647,2147483647,-113,13,Movistar,false,false
1428105834713,2147483647,2147483647,2147483647,2147483647,-113,13,Movistar,false,false
1428105834713,2147483647,2147483647,2147483647,2147483647,-113,13,Movistar,false,false
1428105834713,2147483647,2147483647,2147483647,2147483647,-113,13,Movistar,false,false
1428105834713,2147483647,2147483647,2147483647,2147483647,-113,13,Movistar,false,false
1428105834713,2147483647,2147483647,2147483647,2147483647,-113,13,Movistar,false,false
1428105834713,2147483647,2147483647,2147483647,2147483647,-113,13,Movistar,false,false
1428105834713,2147483647,2147483647,2147483647,2147483647,-113,13,Movistar,false,false
1428105834713,2147483647,2147483647,2147483647,2147483647,-113,13,Movistar,false,false
1428105834713,2147483647,2147483647,2147483647,2147483647,-113,13,Movistar,false,false
1428105834713,2147483647,2147483647,2147483647,2147483647,-113,13,Movistar,false,false
1428105895565,20524318,8640,7,214,-76,13,Movistar,true,false
1428105895565,281,2147483647,2147483647,2147483647,-85,13,Movistar,false,false
1428105895565,327,2147483647,2147483647,2147483647,-80,13,Movistar,false,false
1428105895565,334,2147483647,2147483647,2147483647,-86,13,Movistar,false,false
1428105895565,335,2147483647,2147483647,2147483647,-85,13,Movistar,false,false
1428105895565,397,2147483647,2147483647,2147483647,-85,13,Movistar,false,false
1428105895565,229,2147483647,2147483647,2147483647,-88,13,Movistar,false,false
1428105895565,2147483647,2147483647,2147483647,2147483647,-113,13,Movistar,false,false
1428105895565,2147483647,2147483647,2147483647,2147483647,-113,13,Movistar,false,false
1428105895565,2147483647,2147483647,2147483647,2147483647,-113,13,Movistar,false,false
1428105895565,2147483647,2147483647,2147483647,2147483647,-113,13,Movistar,false,false
1428105895565,2147483647,2147483647,2147483647,2147483647,-113,13,Movistar,false,false
1428105895565,2147483647,2147483647,2147483647,2147483647,-113,13,Movistar,false,false
1428105895565,2147483647,2147483647,2147483647,2147483647,-113,13,Movistar,false,false
1428105895565,2147483647,2147483647,2147483647,2147483647,-113,13,Movistar,false,false
1428105895565,2147483647,2147483647,2147483647,2147483647,-113,13,Movistar,false,false
1428105895565,2147483647,2147483647,2147483647,2147483647,-113,13,Movistar,false,false
1428105895565,2147483647,2147483647,2147483647,2147483647,-113,13,Movistar,false,false
1428105895565,2147483647,2147483647,2147483647,2147483647,-113,13,Movistar,false,false
1428105895565,2147483647,2147483647,2147483647,2147483647,-113,13,Movistar,false,false
1428105895565,2147483647,2147483647,2147483647,2147483647,-113,13,Movistar,false,false
1428105895565,2147483647,2147483647,2147483647,2147483647,-113,13,Movistar,false,false
1428105955586,20524308,8640,7,214,-80,13,Movistar,true,false
1428105955586,289,2147483647,2147483647,2147483647,-85,13,Movistar,false,false
1428105955586,327,2147483647,2147483647,2147483647,-80,13,Movistar,false,false
1428105955586,229,2147483647,2147483647,2147483647,-85,13,Movistar,false,false
1428105955586,335,2147483647,2147483647,2147483647,-86,13,Movistar,false,false
1428105955586,191,2147483647,2147483647,2147483647,-88,13,Movistar,false,false
1428105955586,230,2147483647,2147483647,2147483647,-88,13,Movistar,false,false
1428105955586,2147483647,2147483647,2147483647,2147483647,-113,13,Movistar,false,false
1428105955586,2147483647,2147483647,2147483647,2147483647,-113,13,Movistar,false,false
1428105955586,2147483647,2147483647,2147483647,2147483647,-113,13,Movistar,false,false
1428105955586,2147483647,2147483647,2147483647,2147483647,-113,13,Movistar,false,false
1428105955586,2147483647,2147483647,2147483647,2147483647,-113,13,Movistar,false,false
1428105955586,2147483647,2147483647,2147483647,2147483647,-113,13,Movistar,false,false
1428105955586,2147483647,2147483647,2147483647,2147483647,-113,13,Movistar,false,false
1428105955586,2147483647,2147483647,2147483647,2147483647,-113,13,Movistar,false,false
1428105955586,2147483647,2147483647,2147483647,2147483647,-113,13,Movistar,false,false
1428105955586,2147483647,2147483647,2147483647,2147483647,-113,13,Movistar,false,false
1428105955586,2147483647,2147483647,2147483647,2147483647,-113,13,Movistar,false,false
1428105955586,2147483647,2147483647,2147483647,2147483647,-113,13,Movistar,false,false
1428105955586,2147483647,2147483647,2147483647,2147483647,-113,13,Movistar,false,false
1428105955586,2147483647,2147483647,2147483647,2147483647,-113,13,Movistar,false,false
1428105955586,2147483647,2147483647,2147483647,2147483647,-113,13,Movistar,false,false
1428106015624,20520714,8640,7,214,-78,13,Movistar,true,false
1428106015624,289,2147483647,2147483647,2147483647,-77,13,Movistar,false,false
1428106015624,335,2147483647,2147483647,2147483647,-84,13,Movistar,false,false
1428106015624,229,2147483647,2147483647,2147483647,-80,13,Movistar,false,false
1428106015624,334,2147483647,2147483647,2147483647,-84,13,Movistar,false,false
1428106015624,251,2147483647,2147483647,2147483647,-84,13,Movistar,false,false
1428106015624,397,2147483647,2147483647,2147483647,-83,13,Movistar,false,false
1428106015624,2147483647,2147483647,2147483647,2147483647,-113,13,Movistar,false,false
1428106015624,2147483647,2147483647,2147483647,2147483647,-113,13,Movistar,false,false
1428106015624,2147483647,2147483647,2147483647,2147483647,-113,13,Movistar,false,false
1428106015624,2147483647,2147483647,2147483647,2147483647,-113,13,Movistar,false,false
1428106015624,2147483647,2147483647,2147483647,2147483647,-113,13,Movistar,false,false
1428106015624,2147483647,2147483647,2147483647,2147483647,-113,13,Movistar,false,false
1428106015624,2147483647,2147483647,2147483647,2147483647,-113,13,Movistar,false,false
1428106015624,2147483647,2147483647,2147483647,2147483647,-113,13,Movistar,false,false
1428106015624,2147483647,2147483647,2147483647,2147483647,-113,13,Movistar,false,false
1428106015624,2147483647,2147483647,2147483647,2147483647,-113,13,Movistar,false,false
1428106015624,2147483647,2147483647,2147483647,2147483647,-113,13,Movistar,false,false
1428106015624,2147483647,2147483647,2147483647,2147483647,-113,13,Movistar,false,false
1428106015624,2147483647,2147483647,2147483647,2147483647,-113,13,Movistar,false,false
1428106015624,2147483647,2147483647,2147483647,2147483647,-113,13,Movistar,false,false
1428106015624,2147483647,2147483647,2147483647,2147483647,-113,13,Movistar,false,false
1428106075674,20520714,8640,7,214,-70,13,Movistar,true,false
1428106075674,335,2147483647,2147483647,2147483647,-75,13,Movistar,false,false
1428106075674,229,2147483647,2147483647,2147483647,-75,13,Movistar,false,false
1428106075674,334,2147483647,2147483647,2147483647,-78,13,Movistar,false,false
1428106075674,230,2147483647,2147483647,2147483647,-82,13,Movistar,false,false
1428106075674,397,2147483647,2147483647,2147483647,-83,13,Movistar,false,false
1428106075674,2147483647,2147483647,2147483647,2147483647,-113,13,Movistar,false,false
1428106075674,2147483647,2147483647,2147483647,2147483647,-113,13,Movistar,false,false
1428106075674,2147483647,2147483647,2147483647,2147483647,-113,13,Movistar,false,false
1428106075674,2147483647,2147483647,2147483647,2147483647,-113,13,Movistar,false,false
1428106075674,2147483647,2147483647,2147483647,2147483647,-113,13,Movistar,false,false
1428106075674,2147483647,2147483647,2147483647,2147483647,-113,13,Movistar,false,false
1428106075674,2147483647,2147483647,2147483647,2147483647,-113,13,Movistar,false,false
1428106075674,2147483647,2147483647,2147483647,2147483647,-113,13,Movistar,false,false
1428106075674,2147483647,2147483647,2147483647,2147483647,-113,13,Movistar,false,false
1428106075674,2147483647,2147483647,2147483647,2147483647,-113,13,Movistar,false,false
1428106075674,2147483647,2147483647,2147483647,2147483647,-113,13,Movistar,false,false
1428106075674,2147483647,2147483647,2147483647,2147483647,-113,13,Movistar,false,false
1428106075674,2147483647,2147483647,2147483647,2147483647,-113,13,Movistar,false,false
1428106075674,2147483647,2147483647,2147483647,2147483647,-113,13,Movistar,false,false
1428106075674,2147483647,2147483647,2147483647,2147483647,-113,13,Movistar,false,false
1428106135693,20520714,8640,7,214,-277,13,Movistar,true,false
1428106195668,20520714,8640,7,214,-73,13,Movistar,true,false
1428106195668,335,2147483647,2147483647,2147483647,-80,13,Movistar,false,false
1428106195668,229,2147483647,2147483647,2147483647,-82,13,Movistar,false,false
1428106195668,334,2147483647,2147483647,2147483647,-84,13,Movistar,false,false
1428106195668,397,2147483647,2147483647,2147483647,-87,13,Movistar,false,false
1428106195668,2147483647,2147483647,2147483647,2147483647,-113,13,Movistar,false,false
1428106195668,2147483647,2147483647,2147483647,2147483647,-113,13,Movistar,false,false
1428106195668,2147483647,2147483647,2147483647,2147483647,-113,13,Movistar,false,false
1428106195668,2147483647,2147483647,2147483647,2147483647,-113,13,Movistar,false,false
1428106195668,2147483647,2147483647,2147483647,2147483647,-113,13,Movistar,false,false
1428106195668,2147483647,2147483647,2147483647,2147483647,-113,13,Movistar,false,false
1428106195668,2147483647,2147483647,2147483647,2147483647,-113,13,Movistar,false,false
1428106195668,2147483647,2147483647,2147483647,2147483647,-113,13,Movistar,false,false
1428106195668,2147483647,2147483647,2147483647,2147483647,-113,13,Movistar,false,false
1428106195668,2147483647,2147483647,2147483647,2147483647,-113,13,Movistar,false,false
1428106195668,2147483647,2147483647,2147483647,2147483647,-113,13,Movistar,false,false
1428106195668,2147483647,2147483647,2147483647,2147483647,-113,13,Movistar,false,false
1428106195668,2147483647,2147483647,2147483647,2147483647,-113,13,Movistar,false,false
1428106195668,2147483647,2147483647,2147483647,2147483647,-113,13,Movistar,false,false
1428106195668,2147483647,2147483647,2147483647,2147483647,-113,13,Movistar,false,false
1428106256375,20520714,8640,7,214,-78,13,Movistar,true,false
1428106256375,230,2147483647,2147483647,2147483647,-88,13,Movistar,false,false
1428106256375,334,2147483647,2147483647,2147483647,-86,13,Movistar,false,false
1428106256375,335,2147483647,2147483647,2147483647,-84,13,Movistar,false,false
1428106256375,229,2147483647,2147483647,2147483647,-86,13,Movistar,false,false
1428106256375,2147483647,2147483647,2147483647,2147483647,-113,13,Movistar,false,false
1428106256375,2147483647,2147483647,2147483647,2147483647,-113,13,Movistar,false,false
1428106256375,2147483647,2147483647,2147483647,2147483647,-113,13,Movistar,false,false
1428106256375,2147483647,2147483647,2147483647,2147483647,-113,13,Movistar,false,false
1428106256375,2147483647,2147483647,2147483647,2147483647,-113,13,Movistar,false,false
1428106256375,2147483647,2147483647,2147483647,2147483647,-113,13,Movistar,false,false
1428106256375,2147483647,2147483647,2147483647,2147483647,-113,13,Movistar,false,false
1428106256375,2147483647,2147483647,2147483647,2147483647,-113,13,Movistar,false,false
1428106256375,2147483647,2147483647,2147483647,2147483647,-113,13,Movistar,false,false
1428106256375,2147483647,2147483647,2147483647,2147483647,-113,13,Movistar,false,false
1428106256375,2147483647,2147483647,2147483647,2147483647,-113,13,Movistar,false,false
1428106256375,2147483647,2147483647,2147483647,2147483647,-113,13,Movistar,false,false
1428106256375,2147483647,2147483647,2147483647,2147483647,-113,13,Movistar,false,false
1428106256375,2147483647,2147483647,2147483647,2147483647,-113,13,Movistar,false,false
1428106256375,2147483647,2147483647,2147483647,2147483647,-113,13,Movistar,false,false
1428106337580,20520714,8640,7,214,-89,13,Movistar,true,false
1428106337580,334,2147483647,2147483647,2147483647,-95,13,Movistar,false,false
1428106337580,335,2147483647,2147483647,2147483647,-96,13,Movistar,false,false
1428106337580,131,2147483647,2147483647,2147483647,-97,13,Movistar,false,false
1428106337580,2147483647,2147483647,2147483647,2147483647,-113,13,Movistar,false,false
1428106337580,2147483647,2147483647,2147483647,2147483647,-113,13,Movistar,false,false
1428106337580,2147483647,2147483647,2147483647,2147483647,-113,13,Movistar,false,false
1428106337580,2147483647,2147483647,2147483647,2147483647,-113,13,Movistar,false,false
1428106337580,2147483647,2147483647,2147483647,2147483647,-113,13,Movistar,false,false
1428106337580,2147483647,2147483647,2147483647,2147483647,-113,13,Movistar,false,false
1428106337580,2147483647,2147483647,2147483647,2147483647,-113,13,Movistar,false,false
1428106337580,2147483647,2147483647,2147483647,2147483647,-113,13,Movistar,false,false
1428106337580,2147483647,2147483647,2147483647,2147483647,-113,13,Movistar,false,false
1428106337580,2147483647,2147483647,2147483647,2147483647,-113,13,Movistar,false,false
1428106337580,2147483647,2147483647,2147483647,2147483647,-113,13,Movistar,false,false
1428106337580,2147483647,2147483647,2147483647,2147483647,-113,13,Movistar,false,false
1428106337580,2147483647,2147483647,2147483647,2147483647,-113,13,Movistar,false,false
1428106337580,2147483647,2147483647,2147483647,2147483647,-113,13,Movistar,false,false
1428106337580,2147483647,2147483647,2147483647,2147483647,-113,13,Movistar,false,false
1428106397548,20520714,8640,7,214,-81,13,Movistar,true,false
1428106397548,229,2147483647,2147483647,2147483647,-90,13,Movistar,false,false
1428106397548,230,2147483647,2147483647,2147483647,-92,13,Movistar,false,false
1428106397548,362,2147483647,2147483647,2147483647,-95,13,Movistar,false,false
1428106397548,334,2147483647,2147483647,2147483647,-93,13,Movistar,false,false
1428106397548,2147483647,2147483647,2147483647,2147483647,-113,13,Movistar,false,false
1428106397548,2147483647,2147483647,2147483647,2147483647,-113,13,Movistar,false,false
1428106397548,2147483647,2147483647,2147483647,2147483647,-113,13,Movistar,false,false
1428106397548,2147483647,2147483647,2147483647,2147483647,-113,13,Movistar,false,false
1428106397548,2147483647,2147483647,2147483647,2147483647,-113,13,Movistar,false,false
1428106397548,2147483647,2147483647,2147483647,2147483647,-113,13,Movistar,false,false
1428106397548,2147483647,2147483647,2147483647,2147483647,-113,13,Movistar,false,false
1428106397548,2147483647,2147483647,2147483647,2147483647,-113,13,Movistar,false,false
1428106397548,2147483647,2147483647,2147483647,2147483647,-113,13,Movistar,false,false
1428106397548,2147483647,2147483647,2147483647,2147483647,-113,13,Movistar,false,false
1428106397548,2147483647,2147483647,2147483647,2147483647,-113,13,Movistar,false,false
1428106397548,2147483647,2147483647,2147483647,2147483647,-113,13,Movistar,false,false
1428106397548,2147483647,2147483647,2147483647,2147483647,-113,13,Movistar,false,false
1428106397548,2147483647,2147483647,2147483647,2147483647,-113,13,Movistar,false,false
1428106397548,2147483647,2147483647,2147483647,2147483647,-113,13,Movistar,false,false
1428106468823,20520714,8640,7,214,-85,13,Movistar,true,false
1428106468823,230,2147483647,2147483647,2147483647,-89,13,Movistar,false,false
1428106468823,229,2147483647,2147483647,2147483647,-92,13,Movistar,false,false
1428106468823,334,2147483647,2147483647,2147483647,-95,13,Movistar,false,false
1428106468823,2147483647,2147483647,2147483647,2147483647,-113,13,Movistar,false,false
1428106468823,2147483647,2147483647,2147483647,2147483647,-113,13,Movistar,false,false
1428106468823,2147483647,2147483647,2147483647,2147483647,-113,13,Movistar,false,false
1428106468823,2147483647,2147483647,2147483647,2147483647,-113,13,Movistar,false,false
1428106468823,2147483647,2147483647,2147483647,2147483647,-113,13,Movistar,false,false
1428106468823,2147483647,2147483647,2147483647,2147483647,-113,13,Movistar,false,false
1428106468823,2147483647,2147483647,2147483647,2147483647,-113,13,Movistar,false,false
1428106468823,2147483647,2147483647,2147483647,2147483647,-113,13,Movistar,false,false
1428106468823,2147483647,2147483647,2147483647,2147483647,-113,13,Movistar,false,false
1428106468823,2147483647,2147483647,2147483647,2147483647,-113,13,Movistar,false,false
1428106468823,2147483647,2147483647,2147483647,2147483647,-113,13,Movistar,false,false
1428106468823,2147483647,2147483647,2147483647,2147483647,-113,13,Movistar,false,false
1428106468823,2147483647,2147483647,2147483647,2147483647,-113,13,Movistar,false,false
1428106468823,2147483647,2147483647,2147483647,2147483647,-113,13,Movistar,false,false
1428106468823,2147483647,2147483647,2147483647,2147483647,-113,13,Movistar,false,false
1428106532827,20520714,8640,7,214,-94,13,Movistar,true,false
1428106532827,334,2147483647,2147483647,2147483647,-97,13,Movistar,false,false
1428106532827,230,2147483647,2147483647,2147483647,-98,13,Movistar,false,false
1428106532827,2147483647,2147483647,2147483647,2147483647,-113,13,Movistar,false,false
1428106532827,2147483647,2147483647,2147483647,2147483647,-113,13,Movistar,false,false
1428106532827,2147483647,2147483647,2147483647,2147483647,-113,13,Movistar,false,false
1428106532827,2147483647,2147483647,2147483647,2147483647,-113,13,Movistar,false,false
1428106532827,2147483647,2147483647,2147483647,2147483647,-113,13,Movistar,false,false
1428106532827,2147483647,2147483647,2147483647,2147483647,-113,13,Movistar,false,false
1428106532827,2147483647,2147483647,2147483647,2147483647,-113,13,Movistar,false,false
1428106532827,2147483647,2147483647,2147483647,2147483647,-113,13,Movistar,false,false
1428106532827,2147483647,2147483647,2147483647,2147483647,-113,13,Movistar,false,false
1428106532827,2147483647,2147483647,2147483647,2147483647,-113,13,Movistar,false,false
1428106532827,2147483647,2147483647,2147483647,2147483647,-113,13,Movistar,false,false
1428106532827,2147483647,2147483647,2147483647,2147483647,-113,13,Movistar,false,false
1428106532827,2147483647,2147483647,2147483647,2147483647,-113,13,Movistar,false,false
1428106532827,2147483647,2147483647,2147483647,2147483647,-113,13,Movistar,false,false
1428106532827,2147483647,2147483647,2147483647,2147483647,-113,13,Movistar,false,false
1428106594675,20591646,8640,7,214,-72,13,Movistar,true,false
1428106594675,327,2147483647,2147483647,2147483647,-77,13,Movistar,false,false
1428106594675,335,2147483647,2147483647,2147483647,-80,13,Movistar,false,false
1428106594675,326,2147483647,2147483647,2147483647,-83,13,Movistar,false,false
1428106594675,229,2147483647,2147483647,2147483647,-87,13,Movistar,false,false
1428106594675,354,2147483647,2147483647,2147483647,-90,13,Movistar,false,false
1428106594675,2147483647,2147483647,2147483647,2147483647,-113,13,Movistar,false,false
1428106594675,2147483647,2147483647,2147483647,2147483647,-113,13,Movistar,false,false
1428106594675,2147483647,2147483647,2147483647,2147483647,-113,13,Movistar,false,false
1428106594675,2147483647,2147483647,2147483647,2147483647,-113,13,Movistar,false,false
1428106594675,2147483647,2147483647,2147483647,2147483647,-113,13,Movistar,false,false
1428106594675,2147483647,2147483647,2147483647,2147483647,-113,13,Movistar,false,false
1428106594675,2147483647,2147483647,2147483647,2147483647,-113,13,Movistar,false,false
1428106594675,2147483647,2147483647,2147483647,2147483647,-113,13,Movistar,false,false
1428106594675,2147483647,2147483647,2147483647,2147483647,-113,13,Movistar,false,false
1428106594675,2147483647,2147483647,2147483647,2147483647,-113,13,Movistar,false,false
1428106594675,2147483647,2147483647,2147483647,2147483647,-113,13,Movistar,false,false
1428106594675,2147483647,2147483647,2147483647,2147483647,-113,13,Movistar,false,false
1428106594675,2147483647,2147483647,2147483647,2147483647,-113,13,Movistar,false,false
1428106594675,2147483647,2147483647,2147483647,2147483647,-113,13,Movistar,false,false
1428106594675,2147483647,2147483647,2147483647,2147483647,-113,13,Movistar,false,false
1428106655842,20520714,8640,7,214,-90,13,Movistar,true,false
1428106655842,230,2147483647,2147483647,2147483647,-94,13,Movistar,false,false
1428106655842,229,2147483647,2147483647,2147483647,-94,13,Movistar,false,false
1428106655842,335,2147483647,2147483647,2147483647,-95,13,Movistar,false,false
1428106655842,397,2147483647,2147483647,2147483647,-100,13,Movistar,false,false
1428106655842,2147483647,2147483647,2147483647,2147483647,-113,13,Movistar,false,false
1428106655842,2147483647,2147483647,2147483647,2147483647,-113,13,Movistar,false,false
1428106655842,2147483647,2147483647,2147483647,2147483647,-113,13,Movistar,false,false
1428106655842,2147483647,2147483647,2147483647,2147483647,-113,13,Movistar,false,false
1428106655842,2147483647,2147483647,2147483647,2147483647,-113,13,Movistar,false,false
1428106655842,2147483647,2147483647,2147483647,2147483647,-113,13,Movistar,false,false
1428106655842,2147483647,2147483647,2147483647,2147483647,-113,13,Movistar,false,false
1428106655842,2147483647,2147483647,2147483647,2147483647,-113,13,Movistar,false,false
1428106655842,2147483647,2147483647,2147483647,2147483647,-113,13,Movistar,false,false
1428106655842,2147483647,2147483647,2147483647,2147483647,-113,13,Movistar,false,false
1428106655842,2147483647,2147483647,2147483647,2147483647,-113,13,Movistar,false,false
1428106655842,2147483647,2147483647,2147483647,2147483647,-113,13,Movistar,false,false
1428106655842,2147483647,2147483647,2147483647,2147483647,-113,13,Movistar,false,false
1428106655842,2147483647,2147483647,2147483647,2147483647,-113,13,Movistar,false,false
1428106655842,2147483647,2147483647,2147483647,2147483647,-113,13,Movistar,false,false
1428106717671,20520714,8640,7,214,-84,13,Movistar,true,false
1428106717671,230,2147483647,2147483647,2147483647,-88,13,Movistar,false,false
1428106717671,251,2147483647,2147483647,2147483647,-93,13,Movistar,false,false
1428106717671,229,2147483647,2147483647,2147483647,-93,13,Movistar,false,false
1428106717671,397,2147483647,2147483647,2147483647,-97,13,Movistar,false,false
1428106717671,334,2147483647,2147483647,2147483647,-98,13,Movistar,false,false
1428106717671,2147483647,2147483647,2147483647,2147483647,-113,13,Movistar,false,false
1428106717671,2147483647,2147483647,2147483647,2147483647,-113,13,Movistar,false,false
1428106717671,2147483647,2147483647,2147483647,2147483647,-113,13,Movistar,false,false
1428106717671,2147483647,2147483647,2147483647,2147483647,-113,13,Movistar,false,false
1428106717671,2147483647,2147483647,2147483647,2147483647,-113,13,Movistar,false,false
1428106717671,2147483647,2147483647,2147483647,2147483647,-113,13,Movistar,false,false
1428106717671,2147483647,2147483647,2147483647,2147483647,-113,13,Movistar,false,false
1428106717671,2147483647,2147483647,2147483647,2147483647,-113,13,Movistar,false,false
1428106717671,2147483647,2147483647,2147483647,2147483647,-113,13,Movistar,false,false
1428106717671,2147483647,2147483647,2147483647,2147483647,-113,13,Movistar,false,false
1428106717671,2147483647,2147483647,2147483647,2147483647,-113,13,Movistar,false,false
1428106717671,2147483647,2147483647,2147483647,2147483647,-113,13,Movistar,false,false
1428106717671,2147483647,2147483647,2147483647,2147483647,-113,13,Movistar,false,false
1428106717671,2147483647,2147483647,2147483647,2147483647,-113,13,Movistar,false,false
1428106717671,2147483647,2147483647,2147483647,2147483647,-113,13,Movistar,false,false
1428106778797,20591646,8640,7,214,-80,13,Movistar,true,false
1428106778797,334,2147483647,2147483647,2147483647,-85,13,Movistar,false,false
1428106778797,354,2147483647,2147483647,2147483647,-83,13,Movistar,false,false
1428106778797,281,2147483647,2147483647,2147483647,-87,13,Movistar,false,false
1428106778797,326,2147483647,2147483647,2147483647,-86,13,Movistar,false,false
1428106778797,2147483647,2147483647,2147483647,2147483647,-113,13,Movistar,false,false
1428106778797,2147483647,2147483647,2147483647,2147483647,-113,13,Movistar,false,false
1428106778797,2147483647,2147483647,2147483647,2147483647,-113,13,Movistar,false,false
1428106778797,2147483647,2147483647,2147483647,2147483647,-113,13,Movistar,false,false
1428106778797,2147483647,2147483647,2147483647,2147483647,-113,13,Movistar,false,false
1428106778797,2147483647,2147483647,2147483647,2147483647,-113,13,Movistar,false,false
1428106778797,2147483647,2147483647,2147483647,2147483647,-113,13,Movistar,false,false
1428106778797,2147483647,2147483647,2147483647,2147483647,-113,13,Movistar,false,false
1428106778797,2147483647,2147483647,2147483647,2147483647,-113,13,Movistar,false,false
1428106778797,2147483647,2147483647,2147483647,2147483647,-113,13,Movistar,false,false
1428106778797,2147483647,2147483647,2147483647,2147483647,-113,13,Movistar,false,false
1428106778797,2147483647,2147483647,2147483647,2147483647,-113,13,Movistar,false,false
1428106778797,2147483647,2147483647,2147483647,2147483647,-113,13,Movistar,false,false
1428106778797,2147483647,2147483647,2147483647,2147483647,-113,13,Movistar,false,false
1428106778797,2147483647,2147483647,2147483647,2147483647,-113,13,Movistar,false,false
1428106840825,20591646,8640,7,214,-86,13,Movistar,true,false
1428106840825,229,2147483647,2147483647,2147483647,-85,13,Movistar,false,false
1428106840825,334,2147483647,2147483647,2147483647,-89,13,Movistar,false,false
1428106840825,354,2147483647,2147483647,2147483647,-91,13,Movistar,false,false
1428106840825,326,2147483647,2147483647,2147483647,-91,13,Movistar,false,false
1428106840825,397,2147483647,2147483647,2147483647,-91,13,Movistar,false,false
1428106840825,327,2147483647,2147483647,2147483647,-91,13,Movistar,false,false
1428106840825,370,2147483647,2147483647,2147483647,-92,13,Movistar,false,false
1428106840825,2147483647,2147483647,2147483647,2147483647,-113,13,Movistar,false,false
1428106840825,2147483647,2147483647,2147483647,2147483647,-113,13,Movistar,false,false
1428106840825,2147483647,2147483647,2147483647,2147483647,-113,13,Movistar,false,false
1428106840825,2147483647,2147483647,2147483647,2147483647,-113,13,Movistar,false,false
1428106840825,2147483647,2147483647,2147483647,2147483647,-113,13,Movistar,false,false
1428106840825,2147483647,2147483647,2147483647,2147483647,-113,13,Movistar,false,false
1428106840825,2147483647,2147483647,2147483647,2147483647,-113,13,Movistar,false,false
1428106840825,2147483647,2147483647,2147483647,2147483647,-113,13,Movistar,false,false
1428106840825,2147483647,2147483647,2147483647,2147483647,-113,13,Movistar,false,false
1428106840825,2147483647,2147483647,2147483647,2147483647,-113,13,Movistar,false,false
1428106840825,2147483647,2147483647,2147483647,2147483647,-113,13,Movistar,false,false
1428106840825,2147483647,2147483647,2147483647,2147483647,-113,13,Movistar,false,false
1428106840825,2147483647,2147483647,2147483647,2147483647,-113,13,Movistar,false,false
1428106840825,2147483647,2147483647,2147483647,2147483647,-113,13,Movistar,false,false
1428106840825,2147483647,2147483647,2147483647,2147483647,-113,13,Movistar,false,false
1428106905794,20591626,8640,7,214,-84,13,Movistar,true,false
1428106905794,334,2147483647,2147483647,2147483647,-90,13,Movistar,false,false
1428106905794,327,2147483647,2147483647,2147483647,-80,13,Movistar,false,false
1428106905794,397,2147483647,2147483647,2147483647,-88,13,Movistar,false,false
1428106905794,2147483647,2147483647,2147483647,2147483647,-113,13,Movistar,false,false
1428106905794,2147483647,2147483647,2147483647,2147483647,-113,13,Movistar,false,false
1428106905794,2147483647,2147483647,2147483647,2147483647,-113,13,Movistar,false,false
1428106905794,2147483647,2147483647,2147483647,2147483647,-113,13,Movistar,false,false
1428106905794,2147483647,2147483647,2147483647,2147483647,-113,13,Movistar,false,false
1428106905794,2147483647,2147483647,2147483647,2147483647,-113,13,Movistar,false,false
1428106905794,2147483647,2147483647,2147483647,2147483647,-113,13,Movistar,false,false
1428106905794,2147483647,2147483647,2147483647,2147483647,-113,13,Movistar,false,false
1428106905794,2147483647,2147483647,2147483647,2147483647,-113,13,Movistar,false,false
1428106905794,2147483647,2147483647,2147483647,2147483647,-113,13,Movistar,false,false
1428106905794,2147483647,2147483647,2147483647,2147483647,-113,13,Movistar,false,false
1428106905794,2147483647,2147483647,2147483647,2147483647,-113,13,Movistar,false,false
1428106905794,2147483647,2147483647,2147483647,2147483647,-113,13,Movistar,false,false
1428106905794,2147483647,2147483647,2147483647,2147483647,-113,13,Movistar,false,false
1428106905794,2147483647,2147483647,2147483647,2147483647,-113,13,Movistar,false,false
1428106967693,20520714,8640,7,214,-84,13,Movistar,true,false
1428106967693,334,2147483647,2147483647,2147483647,-84,13,Movistar,false,false
1428106967693,2147483647,2147483647,2147483647,2147483647,-113,13,Movistar,false,false
1428106967693,2147483647,2147483647,2147483647,2147483647,-113,13,Movistar,false,false
1428106967693,2147483647,2147483647,2147483647,2147483647,-113,13,Movistar,false,false
1428106967693,2147483647,2147483647,2147483647,2147483647,-113,13,Movistar,false,false
1428106967693,2147483647,2147483647,2147483647,2147483647,-113,13,Movistar,false,false
1428106967693,2147483647,2147483647,2147483647,2147483647,-113,13,Movistar,false,false
1428106967693,2147483647,2147483647,2147483647,2147483647,-113,13,Movistar,false,false
1428106967693,2147483647,2147483647,2147483647,2147483647,-113,13,Movistar,false,false
1428106967693,2147483647,2147483647,2147483647,2147483647,-113,13,Movistar,false,false
1428106967693,2147483647,2147483647,2147483647,2147483647,-113,13,Movistar,false,false
1428106967693,2147483647,2147483647,2147483647,2147483647,-113,13,Movistar,false,false
1428106967693,2147483647,2147483647,2147483647,2147483647,-113,13,Movistar,false,false
1428106967693,2147483647,2147483647,2147483647,2147483647,-113,13,Movistar,false,false
1428106967693,2147483647,2147483647,2147483647,2147483647,-113,13,Movistar,false,false
1428106967693,2147483647,2147483647,2147483647,2147483647,-113,13,Movistar,false,false
1428107028772,20591626,8640,7,214,-86,13,Movistar,true,false
1428107028772,327,2147483647,2147483647,2147483647,-85,13,Movistar,false,false
1428107028772,335,2147483647,2147483647,2147483647,-90,13,Movistar,false,false
1428107028772,326,2147483647,2147483647,2147483647,-90,13,Movistar,false,false
1428107028772,397,2147483647,2147483647,2147483647,-90,13,Movistar,false,false
1428107028772,354,2147483647,2147483647,2147483647,-91,13,Movistar,false,false
1428107028772,2147483647,2147483647,2147483647,2147483647,-113,13,Movistar,false,false
1428107028772,2147483647,2147483647,2147483647,2147483647,-113,13,Movistar,false,false
1428107028772,2147483647,2147483647,2147483647,2147483647,-113,13,Movistar,false,false
1428107028772,2147483647,2147483647,2147483647,2147483647,-113,13,Movistar,false,false
1428107028772,2147483647,2147483647,2147483647,2147483647,-113,13,Movistar,false,false
1428107028772,2147483647,2147483647,2147483647,2147483647,-113,13,Movistar,false,false
1428107028772,2147483647,2147483647,2147483647,2147483647,-113,13,Movistar,false,false
1428107028772,2147483647,2147483647,2147483647,2147483647,-113,13,Movistar,false,false
1428107028772,2147483647,2147483647,2147483647,2147483647,-113,13,Movistar,false,false
1428107028772,2147483647,2147483647,2147483647,2147483647,-113,13,Movistar,false,false
1428107028772,2147483647,2147483647,2147483647,2147483647,-113,13,Movistar,false,false
1428107028772,2147483647,2147483647,2147483647,2147483647,-113,13,Movistar,false,false
1428107028772,2147483647,2147483647,2147483647,2147483647,-113,13,Movistar,false,false
1428107028772,2147483647,2147483647,2147483647,2147483647,-113,13,Movistar,false,false
1428107028772,2147483647,2147483647,2147483647,2147483647,-113,13,Movistar,false,false
1428107089859,20591626,8640,7,214,-85,13,Movistar,true,false
1428107089859,230,2147483647,2147483647,2147483647,-83,13,Movistar,false,false
1428107089859,326,2147483647,2147483647,2147483647,-88,13,Movistar,false,false
1428107089859,289,2147483647,2147483647,2147483647,-87,13,Movistar,false,false
1428107089859,397,2147483647,2147483647,2147483647,-88,13,Movistar,false,false
1428107089859,327,2147483647,2147483647,2147483647,-90,13,Movistar,false,false
1428107089859,354,2147483647,2147483647,2147483647,-91,13,Movistar,false,false
1428107089859,2147483647,2147483647,2147483647,2147483647,-113,13,Movistar,false,false
1428107089859,2147483647,2147483647,2147483647,2147483647,-113,13,Movistar,false,false
1428107089859,2147483647,2147483647,2147483647,2147483647,-113,13,Movistar,false,false
1428107089859,2147483647,2147483647,2147483647,2147483647,-113,13,Movistar,false,false
1428107089859,2147483647,2147483647,2147483647,2147483647,-113,13,Movistar,false,false
1428107089859,2147483647,2147483647,2147483647,2147483647,-113,13,Movistar,false,false
1428107089859,2147483647,2147483647,2147483647,2147483647,-113,13,Movistar,false,false
1428107089859,2147483647,2147483647,2147483647,2147483647,-113,13,Movistar,false,false
1428107089859,2147483647,2147483647,2147483647,2147483647,-113,13,Movistar,false,false
1428107089859,2147483647,2147483647,2147483647,2147483647,-113,13,Movistar,false,false
1428107089859,2147483647,2147483647,2147483647,2147483647,-113,13,Movistar,false,false
1428107089859,2147483647,2147483647,2147483647,2147483647,-113,13,Movistar,false,false
1428107089859,2147483647,2147483647,2147483647,2147483647,-113,13,Movistar,false,false
1428107089859,2147483647,2147483647,2147483647,2147483647,-113,13,Movistar,false,false
1428107089859,2147483647,2147483647,2147483647,2147483647,-113,13,Movistar,false,false
1428107150926,20591626,8640,7,214,-73,13,Movistar,true,false
1428107150926,230,2147483647,2147483647,2147483647,-79,13,Movistar,false,false
1428107150926,397,2147483647,2147483647,2147483647,-82,13,Movistar,false,false
1428107150926,334,2147483647,2147483647,2147483647,-85,13,Movistar,false,false
1428107150926,281,2147483647,2147483647,2147483647,-89,13,Movistar,false,false
1428107150926,2147483647,2147483647,2147483647,2147483647,-113,13,Movistar,false,false
1428107150926,2147483647,2147483647,2147483647,2147483647,-113,13,Movistar,false,false
1428107150926,2147483647,2147483647,2147483647,2147483647,-113,13,Movistar,false,false
1428107150926,2147483647,2147483647,2147483647,2147483647,-113,13,Movistar,false,false
1428107150926,2147483647,2147483647,2147483647,2147483647,-113,13,Movistar,false,false
1428107150926,2147483647,2147483647,2147483647,2147483647,-113,13,Movistar,false,false
1428107150926,2147483647,2147483647,2147483647,2147483647,-113,13,Movistar,false,false
1428107150926,2147483647,2147483647,2147483647,2147483647,-113,13,Movistar,false,false
1428107150926,2147483647,2147483647,2147483647,2147483647,-113,13,Movistar,false,false
1428107150926,2147483647,2147483647,2147483647,2147483647,-113,13,Movistar,false,false
1428107150926,2147483647,2147483647,2147483647,2147483647,-113,13,Movistar,false,false
1428107150926,2147483647,2147483647,2147483647,2147483647,-113,13,Movistar,false,false
1428107150926,2147483647,2147483647,2147483647,2147483647,-113,13,Movistar,false,false
1428107150926,2147483647,2147483647,2147483647,2147483647,-113,13,Movistar,false,false
1428107150926,2147483647,2147483647,2147483647,2147483647,-113,13,Movistar,false,false
1428107212738,20520714,8640,7,214,-88,13,Movistar,true,false
1428107212738,230,2147483647,2147483647,2147483647,-92,13,Movistar,false,false
1428107212738,334,2147483647,2147483647,2147483647,-99,13,Movistar,false,false
1428107212738,2147483647,2147483647,2147483647,2147483647,-113,13,Movistar,false,false
1428107212738,2147483647,2147483647,2147483647,2147483647,-113,13,Movistar,false,false
1428107212738,2147483647,2147483647,2147483647,2147483647,-113,13,Movistar,false,false
1428107212738,2147483647,2147483647,2147483647,2147483647,-113,13,Movistar,false,false
1428107212738,2147483647,2147483647,2147483647,2147483647,-113,13,Movistar,false,false
1428107212738,2147483647,2147483647,2147483647,2147483647,-113,13,Movistar,false,false
1428107212738,2147483647,2147483647,2147483647,2147483647,-113,13,Movistar,false,false
1428107212738,2147483647,2147483647,2147483647,2147483647,-113,13,Movistar,false,false
1428107212738,2147483647,2147483647,2147483647,2147483647,-113,13,Movistar,false,false
1428107212738,2147483647,2147483647,2147483647,2147483647,-113,13,Movistar,false,false
1428107212738,2147483647,2147483647,2147483647,2147483647,-113,13,Movistar,false,false
1428107212738,2147483647,2147483647,2147483647,2147483647,-113,13,Movistar,false,false
1428107212738,2147483647,2147483647,2147483647,2147483647,-113,13,Movistar,false,false
1428107212738,2147483647,2147483647,2147483647,2147483647,-113,13,Movistar,false,false
1428107212738,2147483647,2147483647,2147483647,2147483647,-113,13,Movistar,false,false
1428107273769,20520714,8640,7,214,-301,13,Movistar,true,false
1428107334866,20591646,8640,7,214,-103,13,Movistar,true,false
1428107334866,229,2147483647,2147483647,2147483647,-101,13,Movistar,false,false
1428107334866,326,2147483647,2147483647,2147483647,-98,13,Movistar,false,false
1428107334866,397,2147483647,2147483647,2147483647,-101,13,Movistar,false,false
1428107334866,334,2147483647,2147483647,2147483647,-102,13,Movistar,false,false
1428107334866,2147483647,2147483647,2147483647,2147483647,-113,13,Movistar,false,false
1428107334866,2147483647,2147483647,2147483647,2147483647,-113,13,Movistar,false,false
1428107334866,2147483647,2147483647,2147483647,2147483647,-113,13,Movistar,false,false
1428107334866,2147483647,2147483647,2147483647,2147483647,-113,13,Movistar,false,false
1428107334866,2147483647,2147483647,2147483647,2147483647,-113,13,Movistar,false,false
1428107334866,2147483647,2147483647,2147483647,2147483647,-113,13,Movistar,false,false
1428107334866,2147483647,2147483647,2147483647,2147483647,-113,13,Movistar,false,false
1428107334866,2147483647,2147483647,2147483647,2147483647,-113,13,Movistar,false,false
1428107334866,2147483647,2147483647,2147483647,2147483647,-113,13,Movistar,false,false
1428107334866,2147483647,2147483647,2147483647,2147483647,-113,13,Movistar,false,false
1428107334866,2147483647,2147483647,2147483647,2147483647,-113,13,Movistar,false,false
1428107334866,2147483647,2147483647,2147483647,2147483647,-113,13,Movistar,false,false
1428107334866,2147483647,2147483647,2147483647,2147483647,-113,13,Movistar,false,false
1428107334866,2147483647,2147483647,2147483647,2147483647,-113,13,Movistar,false,false
1428107334866,2147483647,2147483647,2147483647,2147483647,-113,13,Movistar,false,false
1428107395984,20523028,8640,7,214,-81,13,Movistar,true,false
1428107395984,281,2147483647,2147483647,2147483647,-89,13,Movistar,false,false
1428107395984,382,2147483647,2147483647,2147483647,-98,13,Movistar,false,false
1428107395984,230,2147483647,2147483647,2147483647,-108,13,Movistar,false,false
1428107395984,2147483647,2147483647,2147483647,2147483647,-113,13,Movistar,false,false
1428107395984,2147483647,2147483647,2147483647,2147483647,-113,13,Movistar,false,false
1428107395984,2147483647,2147483647,2147483647,2147483647,-113,13,Movistar,false,false
1428107395984,2147483647,2147483647,2147483647,2147483647,-113,13,Movistar,false,false
1428107395984,2147483647,2147483647,2147483647,2147483647,-113,13,Movistar,false,false
1428107395984,2147483647,2147483647,2147483647,2147483647,-113,13,Movistar,false,false
1428107395984,2147483647,2147483647,2147483647,2147483647,-113,13,Movistar,false,false
1428107395984,2147483647,2147483647,2147483647,2147483647,-113,13,Movistar,false,false
1428107395984,2147483647,2147483647,2147483647,2147483647,-113,13,Movistar,false,false
1428107395984,2147483647,2147483647,2147483647,2147483647,-113,13,Movistar,false,false
1428107395984,2147483647,2147483647,2147483647,2147483647,-113,13,Movistar,false,false
1428107395984,2147483647,2147483647,2147483647,2147483647,-113,13,Movistar,false,false
1428107395984,2147483647,2147483647,2147483647,2147483647,-113,13,Movistar,false,false
1428107395984,2147483647,2147483647,2147483647,2147483647,-113,13,Movistar,false,false
1428107395984,2147483647,2147483647,2147483647,2147483647,-113,13,Movistar,false,false
1428107457633,20523028,8640,7,214,-77,13,Movistar,true,false
1428107457633,243,2147483647,2147483647,2147483647,-82,13,Movistar,false,false
1428107457633,259,2147483647,2147483647,2147483647,-92,13,Movistar,false,false
1428107457633,2147483647,2147483647,2147483647,2147483647,-113,13,Movistar,false,false
1428107457633,2147483647,2147483647,2147483647,2147483647,-113,13,Movistar,false,false
1428107457633,2147483647,2147483647,2147483647,2147483647,-113,13,Movistar,false,false
1428107457633,2147483647,2147483647,2147483647,2147483647,-113,13,Movistar,false,false
1428107457633,2147483647,2147483647,2147483647,2147483647,-113,13,Movistar,false,false
1428107457633,2147483647,2147483647,2147483647,2147483647,-113,13,Movistar,false,false
1428107457633,2147483647,2147483647,2147483647,2147483647,-113,13,Movistar,false,false
1428107457633,2147483647,2147483647,2147483647,2147483647,-113,13,Movistar,false,false
1428107457633,2147483647,2147483647,2147483647,2147483647,-113,13,Movistar,false,false
1428107457633,2147483647,2147483647,2147483647,2147483647,-113,13,Movistar,false,false
1428107457633,2147483647,2147483647,2147483647,2147483647,-113,13,Movistar,false,false
1428107457633,2147483647,2147483647,2147483647,2147483647,-113,13,Movistar,false,false
1428107457633,2147483647,2147483647,2147483647,2147483647,-113,13,Movistar,false,false
1428107457633,2147483647,2147483647,2147483647,2147483647,-113,13,Movistar,false,false
1428107457633,2147483647,2147483647,2147483647,2147483647,-113,13,Movistar,false,false
1428107518924,20523028,8640,7,214,-79,13,Movistar,true,false
1428107518924,243,2147483647,2147483647,2147483647,-76,13,Movistar,false,false
1428107518924,2147483647,2147483647,2147483647,2147483647,-113,13,Movistar,false,false
1428107518924,2147483647,2147483647,2147483647,2147483647,-113,13,Movistar,false,false
1428107518924,2147483647,2147483647,2147483647,2147483647,-113,13,Movistar,false,false
1428107518924,2147483647,2147483647,2147483647,2147483647,-113,13,Movistar,false,false
1428107518924,2147483647,2147483647,2147483647,2147483647,-113,13,Movistar,false,false
1428107518924,2147483647,2147483647,2147483647,2147483647,-113,13,Movistar,false,false
1428107518924,2147483647,2147483647,2147483647,2147483647,-113,13,Movistar,false,false
1428107518924,2147483647,2147483647,2147483647,2147483647,-113,13,Movistar,false,false
1428107518924,2147483647,2147483647,2147483647,2147483647,-113,13,Movistar,false,false
1428107518924,2147483647,2147483647,2147483647,2147483647,-113,13,Movistar,false,false
1428107518924,2147483647,2147483647,2147483647,2147483647,-113,13,Movistar,false,false
1428107518924,2147483647,2147483647,2147483647,2147483647,-113,13,Movistar,false,false
1428107518924,2147483647,2147483647,2147483647,2147483647,-113,13,Movistar,false,false
1428107518924,2147483647,2147483647,2147483647,2147483647,-113,13,Movistar,false,false
1428107518924,2147483647,2147483647,2147483647,2147483647,-113,13,Movistar,false,false
1428107580003,20523018,8640,7,214,-73,13,Movistar,true,false
1428107580003,235,2147483647,2147483647,2147483647,-88,13,Movistar,false,false
1428107580003,289,2147483647,2147483647,2147483647,-90,13,Movistar,false,false
1428107580003,2147483647,2147483647,2147483647,2147483647,-113,13,Movistar,false,false
1428107580003,2147483647,2147483647,2147483647,2147483647,-113,13,Movistar,false,false
1428107580003,2147483647,2147483647,2147483647,2147483647,-113,13,Movistar,false,false
1428107580003,2147483647,2147483647,2147483647,2147483647,-113,13,Movistar,false,false
1428107580003,2147483647,2147483647,2147483647,2147483647,-113,13,Movistar,false,false
1428107580003,2147483647,2147483647,2147483647,2147483647,-113,13,Movistar,false,false
1428107580003,2147483647,2147483647,2147483647,2147483647,-113,13,Movistar,false,false
1428107580003,2147483647,2147483647,2147483647,2147483647,-113,13,Movistar,false,false
1428107580003,2147483647,2147483647,2147483647,2147483647,-113,13,Movistar,false,false
1428107580003,2147483647,2147483647,2147483647,2147483647,-113,13,Movistar,false,false
1428107580003,2147483647,2147483647,2147483647,2147483647,-113,13,Movistar,false,false
1428107580003,2147483647,2147483647,2147483647,2147483647,-113,13,Movistar,false,false
1428107580003,2147483647,2147483647,2147483647,2147483647,-113,13,Movistar,false,false
1428107580003,2147483647,2147483647,2147483647,2147483647,-113,13,Movistar,false,false
1428107580003,2147483647,2147483647,2147483647,2147483647,-113,13,Movistar,false,false
1428107641163,20523018,8640,7,214,-81,13,Movistar,true,false
1428107641163,251,2147483647,2147483647,2147483647,-100,13,Movistar,false,false
1428107641163,235,2147483647,2147483647,2147483647,-101,13,Movistar,false,false
1428107641163,314,2147483647,2147483647,2147483647,-103,13,Movistar,false,false
1428107641163,2147483647,2147483647,2147483647,2147483647,-113,13,Movistar,false,false
1428107641163,2147483647,2147483647,2147483647,2147483647,-113,13,Movistar,false,false
1428107641163,2147483647,2147483647,2147483647,2147483647,-113,13,Movistar,false,false
1428107641163,2147483647,2147483647,2147483647,2147483647,-113,13,Movistar,false,false
1428107641163,2147483647,2147483647,2147483647,2147483647,-113,13,Movistar,false,false
1428107641163,2147483647,2147483647,2147483647,2147483647,-113,13,Movistar,false,false
1428107641163,2147483647,2147483647,2147483647,2147483647,-113,13,Movistar,false,false
1428107641163,2147483647,2147483647,2147483647,2147483647,-113,13,Movistar,false,false
1428107641163,2147483647,2147483647,2147483647,2147483647,-113,13,Movistar,false,false
1428107641163,2147483647,2147483647,2147483647,2147483647,-113,13,Movistar,false,false
1428107641163,2147483647,2147483647,2147483647,2147483647,-113,13,Movistar,false,false
1428107641163,2147483647,2147483647,2147483647,2147483647,-113,13,Movistar,false,false
1428107641163,2147483647,2147483647,2147483647,2147483647,-113,13,Movistar,false,false
1428107641163,2147483647,2147483647,2147483647,2147483647,-113,13,Movistar,false,false
1428107641163,2147483647,2147483647,2147483647,2147483647,-113,13,Movistar,false,false
1428107702280,20523018,8640,7,214,-74,13,Movistar,true,false
1428107702280,314,2147483647,2147483647,2147483647,-92,13,Movistar,false,false
1428107702280,2147483647,2147483647,2147483647,2147483647,-113,13,Movistar,false,false
1428107702280,2147483647,2147483647,2147483647,2147483647,-113,13,Movistar,false,false
1428107702280,2147483647,2147483647,2147483647,2147483647,-113,13,Movistar,false,false
1428107702280,2147483647,2147483647,2147483647,2147483647,-113,13,Movistar,false,false
1428107702280,2147483647,2147483647,2147483647,2147483647,-113,13,Movistar,false,false
1428107702280,2147483647,2147483647,2147483647,2147483647,-113,13,Movistar,false,false
1428107702280,2147483647,2147483647,2147483647,2147483647,-113,13,Movistar,false,false
1428107702280,2147483647,2147483647,2147483647,2147483647,-113,13,Movistar,false,false
1428107702280,2147483647,2147483647,2147483647,2147483647,-113,13,Movistar,false,false
1428107702280,2147483647,2147483647,2147483647,2147483647,-113,13,Movistar,false,false
1428107702280,2147483647,2147483647,2147483647,2147483647,-113,13,Movistar,false,false
1428107702280,2147483647,2147483647,2147483647,2147483647,-113,13,Movistar,false,false
1428107702280,2147483647,2147483647,2147483647,2147483647,-113,13,Movistar,false,false
1428107702280,2147483647,2147483647,2147483647,2147483647,-113,13,Movistar,false,false
1428107702280,2147483647,2147483647,2147483647,2147483647,-113,13,Movistar,false,false
1428107763660,20523018,8640,7,214,-77,13,Movistar,true,false
1428107763660,314,2147483647,2147483647,2147483647,-95,13,Movistar,false,false
1428107763660,2147483647,2147483647,2147483647,2147483647,-113,13,Movistar,false,false
1428107763660,2147483647,2147483647,2147483647,2147483647,-113,13,Movistar,false,false
1428107763660,2147483647,2147483647,2147483647,2147483647,-113,13,Movistar,false,false
1428107763660,2147483647,2147483647,2147483647,2147483647,-113,13,Movistar,false,false
1428107763660,2147483647,2147483647,2147483647,2147483647,-113,13,Movistar,false,false
1428107763660,2147483647,2147483647,2147483647,2147483647,-113,13,Movistar,false,false
1428107763660,2147483647,2147483647,2147483647,2147483647,-113,13,Movistar,false,false
1428107763660,2147483647,2147483647,2147483647,2147483647,-113,13,Movistar,false,false
1428107763660,2147483647,2147483647,2147483647,2147483647,-113,13,Movistar,false,false
1428107763660,2147483647,2147483647,2147483647,2147483647,-113,13,Movistar,false,false
1428107763660,2147483647,2147483647,2147483647,2147483647,-113,13,Movistar,false,false
1428107763660,2147483647,2147483647,2147483647,2147483647,-113,13,Movistar,false,false
1428107763660,2147483647,2147483647,2147483647,2147483647,-113,13,Movistar,false,false
1428107763660,2147483647,2147483647,2147483647,2147483647,-113,13,Movistar,false,false
1428107763660,2147483647,2147483647,2147483647,2147483647,-113,13,Movistar,false,false
1428107825744,20523018,8640,7,214,-77,13,Movistar,true,false
1428107825744,314,2147483647,2147483647,2147483647,-98,13,Movistar,false,false
1428107825744,2147483647,2147483647,2147483647,2147483647,-113,13,Movistar,false,false
1428107825744,2147483647,2147483647,2147483647,2147483647,-113,13,Movistar,false,false
1428107825744,2147483647,2147483647,2147483647,2147483647,-113,13,Movistar,false,false
1428107825744,2147483647,2147483647,2147483647,2147483647,-113,13,Movistar,false,false
1428107825744,2147483647,2147483647,2147483647,2147483647,-113,13,Movistar,false,false
1428107825744,2147483647,2147483647,2147483647,2147483647,-113,13,Movistar,false,false
1428107825744,2147483647,2147483647,2147483647,2147483647,-113,13,Movistar,false,false
1428107825744,2147483647,2147483647,2147483647,2147483647,-113,13,Movistar,false,false
1428107825744,2147483647,2147483647,2147483647,2147483647,-113,13,Movistar,false,false
1428107825744,2147483647,2147483647,2147483647,2147483647,-113,13,Movistar,false,false
1428107825744,2147483647,2147483647,2147483647,2147483647,-113,13,Movistar,false,false
1428107825744,2147483647,2147483647,2147483647,2147483647,-113,13,Movistar,false,false
1428107825744,2147483647,2147483647,2147483647,2147483647,-113,13,Movistar,false,false
1428107825744,2147483647,2147483647,2147483647,2147483647,-113,13,Movistar,false,false
1428107825744,2147483647,2147483647,2147483647,2147483647,-113,13,Movistar,false,false
1428107887669,20523018,8640,7,214,-80,13,Movistar,true,false
1428107887669,2147483647,2147483647,2147483647,2147483647,-113,13,Movistar,false,false
1428107887669,2147483647,2147483647,2147483647,2147483647,-113,13,Movistar,false,false
1428107887669,2147483647,2147483647,2147483647,2147483647,-113,13,Movistar,false,false
1428107887669,2147483647,2147483647,2147483647,2147483647,-113,13,Movistar,false,false
1428107887669,2147483647,2147483647,2147483647,2147483647,-113,13,Movistar,false,false
1428107887669,2147483647,2147483647,2147483647,2147483647,-113,13,Movistar,false,false
1428107887669,2147483647,2147483647,2147483647,2147483647,-113,13,Movistar,false,false
1428107887669,2147483647,2147483647,2147483647,2147483647,-113,13,Movistar,false,false
1428107887669,2147483647,2147483647,2147483647,2147483647,-113,13,Movistar,false,false
1428107887669,2147483647,2147483647,2147483647,2147483647,-113,13,Movistar,false,false
1428107887669,2147483647,2147483647,2147483647,2147483647,-113,13,Movistar,false,false
1428107887669,2147483647,2147483647,2147483647,2147483647,-113,13,Movistar,false,false
1428107887669,2147483647,2147483647,2147483647,2147483647,-113,13,Movistar,false,false
1428107887669,2147483647,2147483647,2147483647,2147483647,-113,13,Movistar,false,false
1428107887669,2147483647,2147483647,2147483647,2147483647,-113,13,Movistar,false,false
1428107948976,20523018,8640,7,214,-94,13,Movistar,true,false
1428107948976,251,2147483647,2147483647,2147483647,-113,13,Movistar,false,false
1428107948976,2147483647,2147483647,2147483647,2147483647,-113,13,Movistar,false,false
1428107948976,2147483647,2147483647,2147483647,2147483647,-113,13,Movistar,false,false
1428107948976,2147483647,2147483647,2147483647,2147483647,-113,13,Movistar,false,false
1428107948976,2147483647,2147483647,2147483647,2147483647,-113,13,Movistar,false,false
1428107948976,2147483647,2147483647,2147483647,2147483647,-113,13,Movistar,false,false
1428107948976,2147483647,2147483647,2147483647,2147483647,-113,13,Movistar,false,false
1428107948976,2147483647,2147483647,2147483647,2147483647,-113,13,Movistar,false,false
1428107948976,2147483647,2147483647,2147483647,2147483647,-113,13,Movistar,false,false
1428107948976,2147483647,2147483647,2147483647,2147483647,-113,13,Movistar,false,false
1428107948976,2147483647,2147483647,2147483647,2147483647,-113,13,Movistar,false,false
1428107948976,2147483647,2147483647,2147483647,2147483647,-113,13,Movistar,false,false
1428107948976,2147483647,2147483647,2147483647,2147483647,-113,13,Movistar,false,false
1428107948976,2147483647,2147483647,2147483647,2147483647,-113,13,Movistar,false,false
1428107948976,2147483647,2147483647,2147483647,2147483647,-113,13,Movistar,false,false
1428107948976,2147483647,2147483647,2147483647,2147483647,-113,13,Movistar,false,false
1428108010133,20523018,8640,7,214,-101,13,Movistar,true,false
1428108010133,2147483647,2147483647,2147483647,2147483647,-113,13,Movistar,false,false
1428108010133,2147483647,2147483647,2147483647,2147483647,-113,13,Movistar,false,false
1428108010133,2147483647,2147483647,2147483647,2147483647,-113,13,Movistar,false,false
1428108010133,2147483647,2147483647,2147483647,2147483647,-113,13,Movistar,false,false
1428108010133,2147483647,2147483647,2147483647,2147483647,-113,13,Movistar,false,false
1428108010133,2147483647,2147483647,2147483647,2147483647,-113,13,Movistar,false,false
1428108010133,2147483647,2147483647,2147483647,2147483647,-113,13,Movistar,false,false
1428108010133,2147483647,2147483647,2147483647,2147483647,-113,13,Movistar,false,false
1428108010133,2147483647,2147483647,2147483647,2147483647,-113,13,Movistar,false,false
1428108010133,2147483647,2147483647,2147483647,2147483647,-113,13,Movistar,false,false
1428108010133,2147483647,2147483647,2147483647,2147483647,-113,13,Movistar,false,false
1428108010133,2147483647,2147483647,2147483647,2147483647,-113,13,Movistar,false,false
1428108010133,2147483647,2147483647,2147483647,2147483647,-113,13,Movistar,false,false
1428108010133,2147483647,2147483647,2147483647,2147483647,-113,13,Movistar,false,false
1428108010133,2147483647,2147483647,2147483647,2147483647,-113,13,Movistar,false,false
1428108071216,20523018,8640,7,214,-85,13,Movistar,true,false
1428108071216,2147483647,2147483647,2147483647,2147483647,-113,13,Movistar,false,false
1428108071216,2147483647,2147483647,2147483647,2147483647,-113,13,Movistar,false,false
1428108071216,2147483647,2147483647,2147483647,2147483647,-113,13,Movistar,false,false
1428108071216,2147483647,2147483647,2147483647,2147483647,-113,13,Movistar,false,false
1428108071216,2147483647,2147483647,2147483647,2147483647,-113,13,Movistar,false,false
1428108071216,2147483647,2147483647,2147483647,2147483647,-113,13,Movistar,false,false
1428108071216,2147483647,2147483647,2147483647,2147483647,-113,13,Movistar,false,false
1428108071216,2147483647,2147483647,2147483647,2147483647,-113,13,Movistar,false,false
1428108071216,2147483647,2147483647,2147483647,2147483647,-113,13,Movistar,false,false
1428108071216,2147483647,2147483647,2147483647,2147483647,-113,13,Movistar,false,false
1428108071216,2147483647,2147483647,2147483647,2147483647,-113,13,Movistar,false,false
1428108071216,2147483647,2147483647,2147483647,2147483647,-113,13,Movistar,false,false
1428108071216,2147483647,2147483647,2147483647,2147483647,-113,13,Movistar,false,false
1428108071216,2147483647,2147483647,2147483647,2147483647,-113,13,Movistar,false,false
1428108071216,2147483647,2147483647,2147483647,2147483647,-113,13,Movistar,false,false
1428108132302,20523018,8640,7,214,-112,13,Movistar,true,false
1428108132302,2147483647,2147483647,2147483647,2147483647,-113,13,Movistar,false,false
1428108132302,2147483647,2147483647,2147483647,2147483647,-113,13,Movistar,false,false
1428108132302,2147483647,2147483647,2147483647,2147483647,-113,13,Movistar,false,false
1428108132302,2147483647,2147483647,2147483647,2147483647,-113,13,Movistar,false,false
1428108132302,2147483647,2147483647,2147483647,2147483647,-113,13,Movistar,false,false
1428108132302,2147483647,2147483647,2147483647,2147483647,-113,13,Movistar,false,false
1428108132302,2147483647,2147483647,2147483647,2147483647,-113,13,Movistar,false,false
1428108132302,2147483647,2147483647,2147483647,2147483647,-113,13,Movistar,false,false
1428108132302,2147483647,2147483647,2147483647,2147483647,-113,13,Movistar,false,false
1428108132302,2147483647,2147483647,2147483647,2147483647,-113,13,Movistar,false,false
1428108132302,2147483647,2147483647,2147483647,2147483647,-113,13,Movistar,false,false
1428108132302,2147483647,2147483647,2147483647,2147483647,-113,13,Movistar,false,false
1428108132302,2147483647,2147483647,2147483647,2147483647,-113,13,Movistar,false,false
1428108132302,2147483647,2147483647,2147483647,2147483647,-113,13,Movistar,false,false
1428108132302,2147483647,2147483647,2147483647,2147483647,-113,13,Movistar,false,false
1428108132302,-1,-1,-1,-1,0,13,Movistar,false,false
1428108132302,-1,-1,-1,-1,0,13,Movistar,false,false
1428108132302,-1,-1,-1,-1,0,13,Movistar,false,false
1428108132302,-1,-1,-1,-1,0,13,Movistar,false,false
1428108193659,-1,-1,-1,-1,0,3,Movistar,true,false
1428108193659,-1,-1,-1,-1,0,3,Movistar,false,false
1428108193659,-1,-1,-1,-1,0,3,Movistar,false,false
1428108193659,-1,-1,-1,-1,0,3,Movistar,false,false
1428108193659,-1,-1,-1,-1,0,3,Movistar,false,false
1428108193659,-1,-1,-1,-1,0,3,Movistar,false,false
1428108193659,-1,-1,-1,-1,0,3,Movistar,false,false
1428108193659,2147483647,2147483647,2147483647,2147483647,-97,3,Movistar,false,false
1428108193659,2147483647,2147483647,2147483647,2147483647,-101,3,Movistar,false,false
1428108193659,2147483647,2147483647,2147483647,2147483647,-103,3,Movistar,false,false
1428108193659,2147483647,2147483647,2147483647,2147483647,-111,3,Movistar,false,false
1428108193659,2147483647,2147483647,2147483647,2147483647,-111,3,Movistar,false,false
1428108193659,2147483647,2147483647,2147483647,2147483647,-111,3,Movistar,false,false
1428108193659,2147483647,2147483647,2147483647,2147483647,-113,3,Movistar,false,false
1428108193659,2147483647,2147483647,2147483647,2147483647,-113,3,Movistar,false,false
1428108254703,-1,-1,-1,-1,0,3,Movistar,true,false
1428108254703,-1,-1,-1,-1,0,3,Movistar,false,false
1428108254703,-1,-1,-1,-1,0,3,Movistar,false,false
1428108254703,-1,-1,-1,-1,0,3,Movistar,false,false
1428108254703,-1,-1,-1,-1,0,3,Movistar,false,false
1428108254703,-1,-1,-1,-1,0,3,Movistar,false,false
1428108254703,-1,-1,-1,-1,0,3,Movistar,false,false
1428108254703,2147483647,2147483647,2147483647,2147483647,-97,3,Movistar,false,false
1428108254703,2147483647,2147483647,2147483647,2147483647,-101,3,Movistar,false,false
1428108254703,2147483647,2147483647,2147483647,2147483647,-103,3,Movistar,false,false
1428108254703,2147483647,2147483647,2147483647,2147483647,-111,3,Movistar,false,false
1428108254703,2147483647,2147483647,2147483647,2147483647,-111,3,Movistar,false,false
1428108254703,2147483647,2147483647,2147483647,2147483647,-111,3,Movistar,false,false
1428108254703,2147483647,2147483647,2147483647,2147483647,-113,3,Movistar,false,false
1428108254703,2147483647,2147483647,2147483647,2147483647,-113,3,Movistar,false,false
1428108315859,-1,-1,-1,-1,0,3,Movistar,true,false
1428108315859,-1,-1,-1,-1,0,3,Movistar,false,false
1428108315859,-1,-1,-1,-1,0,3,Movistar,false,false
1428108315859,-1,-1,-1,-1,0,3,Movistar,false,false
1428108315859,-1,-1,-1,-1,0,3,Movistar,false,false
1428108315859,-1,-1,-1,-1,0,3,Movistar,false,false
1428108315859,-1,-1,-1,-1,0,3,Movistar,false,false
1428108315859,2147483647,2147483647,2147483647,2147483647,-79,3,Movistar,false,false
1428108315859,2147483647,2147483647,2147483647,2147483647,-101,3,Movistar,false,false
1428108315859,2147483647,2147483647,2147483647,2147483647,-105,3,Movistar,false,false
1428108315859,2147483647,2147483647,2147483647,2147483647,-109,3,Movistar,false,false
1428108315859,2147483647,2147483647,2147483647,2147483647,-111,3,Movistar,false,false
1428108315859,2147483647,2147483647,2147483647,2147483647,-113,3,Movistar,false,false
1428108315859,2147483647,2147483647,2147483647,2147483647,-113,3,Movistar,false,false
1428108315859,2147483647,2147483647,2147483647,2147483647,-113,3,Movistar,false,false
1428108377672,20523018,8640,7,214,-102,13,Movistar,true,false
1428108377672,251,2147483647,2147483647,2147483647,-115,13,Movistar,false,false
1428108377672,2147483647,2147483647,2147483647,2147483647,-113,13,Movistar,false,false
1428108377672,2147483647,2147483647,2147483647,2147483647,-113,13,Movistar,false,false
1428108377672,2147483647,2147483647,2147483647,2147483647,-113,13,Movistar,false,false
1428108377672,2147483647,2147483647,2147483647,2147483647,-113,13,Movistar,false,false
1428108377672,2147483647,2147483647,2147483647,2147483647,-113,13,Movistar,false,false
1428108377672,2147483647,2147483647,2147483647,2147483647,-113,13,Movistar,false,false
1428108377672,2147483647,2147483647,2147483647,2147483647,-113,13,Movistar,false,false
1428108377672,2147483647,2147483647,2147483647,2147483647,-113,13,Movistar,false,false
1428108377672,2147483647,2147483647,2147483647,2147483647,-113,13,Movistar,false,false
1428108377672,2147483647,2147483647,2147483647,2147483647,-113,13,Movistar,false,false
1428108377672,2147483647,2147483647,2147483647,2147483647,-113,13,Movistar,false,false
1428108377672,2147483647,2147483647,2147483647,2147483647,-113,13,Movistar,false,false
1428108377672,2147483647,2147483647,2147483647,2147483647,-113,13,Movistar,false,false
1428108377672,2147483647,2147483647,2147483647,2147483647,-113,13,Movistar,false,false
1428108377672,2147483647,2147483647,2147483647,2147483647,-113,13,Movistar,false,false
1428108438744,20523018,8640,7,214,-96,13,Movistar,true,false
1428108438744,251,2147483647,2147483647,2147483647,-109,13,Movistar,false,false
1428108438744,2147483647,2147483647,2147483647,2147483647,-113,13,Movistar,false,false
1428108438744,2147483647,2147483647,2147483647,2147483647,-113,13,Movistar,false,false
1428108438744,2147483647,2147483647,2147483647,2147483647,-113,13,Movistar,false,false
1428108438744,2147483647,2147483647,2147483647,2147483647,-113,13,Movistar,false,false
1428108438744,2147483647,2147483647,2147483647,2147483647,-113,13,Movistar,false,false
1428108438744,2147483647,2147483647,2147483647,2147483647,-113,13,Movistar,false,false
1428108438744,2147483647,2147483647,2147483647,2147483647,-113,13,Movistar,false,false
1428108438744,2147483647,2147483647,2147483647,2147483647,-113,13,Movistar,false,false
1428108438744,2147483647,2147483647,2147483647,2147483647,-113,13,Movistar,false,false
1428108438744,2147483647,2147483647,2147483647,2147483647,-113,13,Movistar,false,false
1428108438744,2147483647,2147483647,2147483647,2147483647,-113,13,Movistar,false,false
1428108438744,2147483647,2147483647,2147483647,2147483647,-113,13,Movistar,false,false
1428108438744,2147483647,2147483647,2147483647,2147483647,-113,13,Movistar,false,false
1428108438744,2147483647,2147483647,2147483647,2147483647,-113,13,Movistar,false,false
1428108438744,2147483647,2147483647,2147483647,2147483647,-113,13,Movistar,false,false
1428108499799,20523018,8640,7,214,-112,13,Movistar,true,false
1428108499799,259,2147483647,2147483647,2147483647,-119,13,Movistar,false,false
1428108499799,143,2147483647,2147483647,2147483647,-122,13,Movistar,false,false
1428108499799,2147483647,2147483647,2147483647,2147483647,-113,13,Movistar,false,false
1428108499799,2147483647,2147483647,2147483647,2147483647,-113,13,Movistar,false,false
1428108499799,2147483647,2147483647,2147483647,2147483647,-113,13,Movistar,false,false
1428108499799,2147483647,2147483647,2147483647,2147483647,-113,13,Movistar,false,false
1428108499799,2147483647,2147483647,2147483647,2147483647,-113,13,Movistar,false,false
1428108499799,2147483647,2147483647,2147483647,2147483647,-113,13,Movistar,false,false
1428108499799,2147483647,2147483647,2147483647,2147483647,-113,13,Movistar,false,false
1428108499799,2147483647,2147483647,2147483647,2147483647,-113,13,Movistar,false,false
1428108499799,2147483647,2147483647,2147483647,2147483647,-113,13,Movistar,false,false
1428108499799,2147483647,2147483647,2147483647,2147483647,-113,13,Movistar,false,false
1428108499799,2147483647,2147483647,2147483647,2147483647,-113,13,Movistar,false,false
1428108499799,2147483647,2147483647,2147483647,2147483647,-113,13,Movistar,false,false
1428108499799,2147483647,2147483647,2147483647,2147483647,-113,13,Movistar,false,false
1428108499799,2147483647,2147483647,2147483647,2147483647,-113,13,Movistar,false,false
1428108499799,2147483647,2147483647,2147483647,2147483647,-113,13,Movistar,false,false
1428108574735,20523018,8640,7,214,-111,13,Movistar,true,false
1428108574735,259,2147483647,2147483647,2147483647,-119,13,Movistar,false,false
1428108574735,289,2147483647,2147483647,2147483647,-119,13,Movistar,false,false
1428108574735,143,2147483647,2147483647,2147483647,-122,13,Movistar,false,false
1428108574735,182,2147483647,2147483647,2147483647,-122,13,Movistar,false,false
1428108574735,2147483647,2147483647,2147483647,2147483647,-113,13,Movistar,false,false
1428108574735,2147483647,2147483647,2147483647,2147483647,-113,13,Movistar,false,false
1428108574735,2147483647,2147483647,2147483647,2147483647,-113,13,Movistar,false,false
1428108574735,2147483647,2147483647,2147483647,2147483647,-113,13,Movistar,false,false
1428108574735,2147483647,2147483647,2147483647,2147483647,-113,13,Movistar,false,false
1428108574735,2147483647,2147483647,2147483647,2147483647,-113,13,Movistar,false,false
1428108574735,2147483647,2147483647,2147483647,2147483647,-113,13,Movistar,false,false
1428108574735,2147483647,2147483647,2147483647,2147483647,-113,13,Movistar,false,false
1428108574735,2147483647,2147483647,2147483647,2147483647,-113,13,Movistar,false,false
1428108574735,2147483647,2147483647,2147483647,2147483647,-113,13,Movistar,false,false
1428108574735,2147483647,2147483647,2147483647,2147483647,-113,13,Movistar,false,false
1428108574735,2147483647,2147483647,2147483647,2147483647,-113,13,Movistar,false,false
1428108574735,2147483647,2147483647,2147483647,2147483647,-113,13,Movistar,false,false
1428108574735,2147483647,2147483647,2147483647,2147483647,-113,13,Movistar,false,false
1428108574735,2147483647,2147483647,2147483647,2147483647,-113,13,Movistar,false,false
1428108655856,20523018,8640,7,214,-111,13,Movistar,true,false
1428108655856,225,2147483647,2147483647,2147483647,-113,13,Movistar,false,false
1428108655856,230,2147483647,2147483647,2147483647,-119,13,Movistar,false,false
1428108655856,131,2147483647,2147483647,2147483647,-121,13,Movistar,false,false
1428108655856,289,2147483647,2147483647,2147483647,-121,13,Movistar,false,false
1428108655856,2147483647,2147483647,2147483647,2147483647,-113,13,Movistar,false,false
1428108655856,2147483647,2147483647,2147483647,2147483647,-113,13,Movistar,false,false
1428108655856,2147483647,2147483647,2147483647,2147483647,-113,13,Movistar,false,false
1428108655856,2147483647,2147483647,2147483647,2147483647,-113,13,Movistar,false,false
1428108655856,2147483647,2147483647,2147483647,2147483647,-113,13,Movistar,false,false
1428108655856,2147483647,2147483647,2147483647,2147483647,-113,13,Movistar,false,false
1428108655856,2147483647,2147483647,2147483647,2147483647,-113,13,Movistar,false,false
1428108655856,2147483647,2147483647,2147483647,2147483647,-113,13,Movistar,false,false
1428108655856,2147483647,2147483647,2147483647,2147483647,-113,13,Movistar,false,false
1428108655856,2147483647,2147483647,2147483647,2147483647,-113,13,Movistar,false,false
1428108655856,2147483647,2147483647,2147483647,2147483647,-113,13,Movistar,false,false
1428108655856,2147483647,2147483647,2147483647,2147483647,-113,13,Movistar,false,false
1428108655856,2147483647,2147483647,2147483647,2147483647,-113,13,Movistar,false,false
1428108655856,2147483647,2147483647,2147483647,2147483647,-113,13,Movistar,false,false
1428108655856,2147483647,2147483647,2147483647,2147483647,-113,13,Movistar,false,false
1428108655856,-1,-1,-1,-1,0,13,Movistar,false,false
1428108655856,-1,-1,-1,-1,0,13,Movistar,false,false
1428108655856,-1,-1,-1,-1,0,13,Movistar,false,false
1428108655856,-1,-1,-1,-1,0,13,Movistar,false,false
1428108717678,20523018,8640,7,214,-110,13,Movistar,true,false
1428108717678,225,2147483647,2147483647,2147483647,-118,13,Movistar,false,false
1428108717678,230,2147483647,2147483647,2147483647,-120,13,Movistar,false,false
1428108717678,2147483647,2147483647,2147483647,2147483647,-113,13,Movistar,false,false
1428108717678,2147483647,2147483647,2147483647,2147483647,-113,13,Movistar,false,false
1428108717678,2147483647,2147483647,2147483647,2147483647,-113,13,Movistar,false,false
1428108717678,2147483647,2147483647,2147483647,2147483647,-113,13,Movistar,false,false
1428108717678,2147483647,2147483647,2147483647,2147483647,-113,13,Movistar,false,false
1428108717678,2147483647,2147483647,2147483647,2147483647,-113,13,Movistar,false,false
1428108717678,2147483647,2147483647,2147483647,2147483647,-113,13,Movistar,false,false
1428108717678,2147483647,2147483647,2147483647,2147483647,-113,13,Movistar,false,false
1428108717678,2147483647,2147483647,2147483647,2147483647,-113,13,Movistar,false,false
1428108717678,2147483647,2147483647,2147483647,2147483647,-113,13,Movistar,false,false
1428108717678,2147483647,2147483647,2147483647,2147483647,-113,13,Movistar,false,false
1428108717678,2147483647,2147483647,2147483647,2147483647,-113,13,Movistar,false,false
1428108717678,2147483647,2147483647,2147483647,2147483647,-113,13,Movistar,false,false
1428108717678,2147483647,2147483647,2147483647,2147483647,-113,13,Movistar,false,false
1428108717678,2147483647,2147483647,2147483647,2147483647,-113,13,Movistar,false,false
1428108717678,-1,-1,-1,-1,0,13,Movistar,false,false
1428108717678,-1,-1,-1,-1,0,13,Movistar,false,false
1428108717678,-1,-1,-1,-1,0,13,Movistar,false,false
1428108717678,-1,-1,-1,-1,0,13,Movistar,false,false
1428108778757,20523018,8640,7,214,-112,13,Movistar,true,false
1428108778757,289,2147483647,2147483647,2147483647,-120,13,Movistar,false,false
1428108778757,259,2147483647,2147483647,2147483647,-119,13,Movistar,false,false
1428108778757,225,2147483647,2147483647,2147483647,-119,13,Movistar,false,false
1428108778757,230,2147483647,2147483647,2147483647,-126,13,Movistar,false,false
1428108778757,176,2147483647,2147483647,2147483647,-124,13,Movistar,false,false
1428108778757,2147483647,2147483647,2147483647,2147483647,-113,13,Movistar,false,false
1428108778757,2147483647,2147483647,2147483647,2147483647,-113,13,Movistar,false,false
1428108778757,2147483647,2147483647,2147483647,2147483647,-113,13,Movistar,false,false
1428108778757,2147483647,2147483647,2147483647,2147483647,-113,13,Movistar,false,false
1428108778757,2147483647,2147483647,2147483647,2147483647,-113,13,Movistar,false,false
1428108778757,2147483647,2147483647,2147483647,2147483647,-113,13,Movistar,false,false
1428108778757,2147483647,2147483647,2147483647,2147483647,-113,13,Movistar,false,false
1428108778757,2147483647,2147483647,2147483647,2147483647,-113,13,Movistar,false,false
1428108778757,2147483647,2147483647,2147483647,2147483647,-113,13,Movistar,false,false
1428108778757,2147483647,2147483647,2147483647,2147483647,-113,13,Movistar,false,false
1428108778757,2147483647,2147483647,2147483647,2147483647,-113,13,Movistar,false,false
1428108778757,2147483647,2147483647,2147483647,2147483647,-113,13,Movistar,false,false
1428108778757,2147483647,2147483647,2147483647,2147483647,-113,13,Movistar,false,false
1428108778757,2147483647,2147483647,2147483647,2147483647,-113,13,Movistar,false,false
1428108778757,2147483647,2147483647,2147483647,2147483647,-113,13,Movistar,false,false
1428108778757,-1,-1,-1,-1,0,13,Movistar,false,false
1428108778757,-1,-1,-1,-1,0,13,Movistar,false,false
1428108778757,-1,-1,-1,-1,0,13,Movistar,false,false
1428108778757,-1,-1,-1,-1,0,13,Movistar,false,false
1428108778757,-1,-1,-1,-1,0,13,Movistar,false,false
1428108778757,-1,-1,-1,-1,0,13,Movistar,false,false
1428108778757,-1,-1,-1,-1,0,13,Movistar,false,false
1428108839953,20523018,8640,7,214,-114,13,Movistar,true,false
1428108839953,225,2147483647,2147483647,2147483647,-114,13,Movistar,false,false
1428108839953,259,2147483647,2147483647,2147483647,-120,13,Movistar,false,false
1428108839953,131,2147483647,2147483647,2147483647,-122,13,Movistar,false,false
1428108839953,143,2147483647,2147483647,2147483647,-124,13,Movistar,false,false
1428108839953,2147483647,2147483647,2147483647,2147483647,-113,13,Movistar,false,false
1428108839953,2147483647,2147483647,2147483647,2147483647,-113,13,Movistar,false,false
1428108839953,2147483647,2147483647,2147483647,2147483647,-113,13,Movistar,false,false
1428108839953,2147483647,2147483647,2147483647,2147483647,-113,13,Movistar,false,false
1428108839953,2147483647,2147483647,2147483647,2147483647,-113,13,Movistar,false,false
1428108839953,2147483647,2147483647,2147483647,2147483647,-113,13,Movistar,false,false
1428108839953,2147483647,2147483647,2147483647,2147483647,-113,13,Movistar,false,false
1428108839953,2147483647,2147483647,2147483647,2147483647,-113,13,Movistar,false,false
1428108839953,2147483647,2147483647,2147483647,2147483647,-113,13,Movistar,false,false
1428108839953,2147483647,2147483647,2147483647,2147483647,-113,13,Movistar,false,false
1428108839953,2147483647,2147483647,2147483647,2147483647,-113,13,Movistar,false,false
1428108839953,2147483647,2147483647,2147483647,2147483647,-113,13,Movistar,false,false
1428108839953,2147483647,2147483647,2147483647,2147483647,-113,13,Movistar,false,false
1428108839953,2147483647,2147483647,2147483647,2147483647,-113,13,Movistar,false,false
1428108839953,2147483647,2147483647,2147483647,2147483647,-113,13,Movistar,false,false
1428108839953,-1,-1,-1,-1,0,13,Movistar,false,false
1428108839953,-1,-1,-1,-1,0,13,Movistar,false,false
1428108839953,-1,-1,-1,-1,0,13,Movistar,false,false
1428108839953,-1,-1,-1,-1,0,13,Movistar,false,false
1428108839953,-1,-1,-1,-1,0,13,Movistar,false,false
1428108839953,-1,-1,-1,-1,0,13,Movistar,false,false
1428108839953,-1,-1,-1,-1,0,13,Movistar,false,false
1428108901743,20523018,8640,7,214,-112,13,Movistar,true,false
1428108901743,259,2147483647,2147483647,2147483647,-120,13,Movistar,false,false
1428108901743,289,2147483647,2147483647,2147483647,-121,13,Movistar,false,false
1428108901743,227,2147483647,2147483647,2147483647,-123,13,Movistar,false,false
1428108901743,131,2147483647,2147483647,2147483647,-123,13,Movistar,false,false
1428108901743,230,2147483647,2147483647,2147483647,-123,13,Movistar,false,false
1428108901743,2147483647,2147483647,2147483647,2147483647,-113,13,Movistar,false,false
1428108901743,2147483647,2147483647,2147483647,2147483647,-113,13,Movistar,false,false
1428108901743,2147483647,2147483647,2147483647,2147483647,-113,13,Movistar,false,false
1428108901743,2147483647,2147483647,2147483647,2147483647,-113,13,Movistar,false,false
1428108901743,2147483647,2147483647,2147483647,2147483647,-113,13,Movistar,false,false
1428108901743,2147483647,2147483647,2147483647,2147483647,-113,13,Movistar,false,false
1428108901743,2147483647,2147483647,2147483647,2147483647,-113,13,Movistar,false,false
1428108901743,2147483647,2147483647,2147483647,2147483647,-113,13,Movistar,false,false
1428108901743,2147483647,2147483647,2147483647,2147483647,-113,13,Movistar,false,false
1428108901743,2147483647,2147483647,2147483647,2147483647,-113,13,Movistar,false,false
1428108901743,2147483647,2147483647,2147483647,2147483647,-113,13,Movistar,false,false
1428108901743,2147483647,2147483647,2147483647,2147483647,-113,13,Movistar,false,false
1428108901743,2147483647,2147483647,2147483647,2147483647,-113,13,Movistar,false,false
1428108901743,2147483647,2147483647,2147483647,2147483647,-113,13,Movistar,false,false
1428108901743,2147483647,2147483647,2147483647,2147483647,-113,13,Movistar,false,false
1428108901743,-1,-1,-1,-1,0,13,Movistar,false,false
1428108901743,-1,-1,-1,-1,0,13,Movistar,false,false
1428108901743,-1,-1,-1,-1,0,13,Movistar,false,false
1428108901743,-1,-1,-1,-1,0,13,Movistar,false,false
1428108901743,-1,-1,-1,-1,0,13,Movistar,false,false
1428108901743,-1,-1,-1,-1,0,13,Movistar,false,false
1428108901743,-1,-1,-1,-1,0,13,Movistar,false,false
1428108962948,20523018,8640,7,214,-114,13,Movistar,true,false
1428108962948,289,2147483647,2147483647,2147483647,-121,13,Movistar,false,false
1428108962948,2147483647,2147483647,2147483647,2147483647,-113,13,Movistar,false,false
1428108962948,2147483647,2147483647,2147483647,2147483647,-113,13,Movistar,false,false
1428108962948,2147483647,2147483647,2147483647,2147483647,-113,13,Movistar,false,false
1428108962948,2147483647,2147483647,2147483647,2147483647,-113,13,Movistar,false,false
1428108962948,2147483647,2147483647,2147483647,2147483647,-113,13,Movistar,false,false
1428108962948,2147483647,2147483647,2147483647,2147483647,-113,13,Movistar,false,false
1428108962948,2147483647,2147483647,2147483647,2147483647,-113,13,Movistar,false,false
1428108962948,2147483647,2147483647,2147483647,2147483647,-113,13,Movistar,false,false
1428108962948,2147483647,2147483647,2147483647,2147483647,-113,13,Movistar,false,false
1428108962948,2147483647,2147483647,2147483647,2147483647,-113,13,Movistar,false,false
1428108962948,2147483647,2147483647,2147483647,2147483647,-113,13,Movistar,false,false
1428108962948,2147483647,2147483647,2147483647,2147483647,-113,13,Movistar,false,false
1428108962948,2147483647,2147483647,2147483647,2147483647,-113,13,Movistar,false,false
1428108962948,2147483647,2147483647,2147483647,2147483647,-113,13,Movistar,false,false
1428108962948,2147483647,2147483647,2147483647,2147483647,-113,13,Movistar,false,false
1428108962948,-1,-1,-1,-1,0,13,Movistar,false,false
1428108962948,-1,-1,-1,-1,0,13,Movistar,false,false
1428108962948,-1,-1,-1,-1,0,13,Movistar,false,false
1428108962948,-1,-1,-1,-1,0,13,Movistar,false,false
1428108962948,-1,-1,-1,-1,0,13,Movistar,false,false
1428108962948,-1,-1,-1,-1,0,13,Movistar,false,false
1428108962948,-1,-1,-1,-1,0,13,Movistar,false,false
1428109024043,20523018,8640,7,214,-115,13,Movistar,true,false
1428109024043,230,2147483647,2147483647,2147483647,-122,13,Movistar,false,false
1428109024043,289,2147483647,2147483647,2147483647,-119,13,Movistar,false,false
1428109024043,2147483647,2147483647,2147483647,2147483647,-113,13,Movistar,false,false
1428109024043,2147483647,2147483647,2147483647,2147483647,-113,13,Movistar,false,false
1428109024043,2147483647,2147483647,2147483647,2147483647,-113,13,Movistar,false,false
1428109024043,2147483647,2147483647,2147483647,2147483647,-113,13,Movistar,false,false
1428109024043,2147483647,2147483647,2147483647,2147483647,-113,13,Movistar,false,false
1428109024043,2147483647,2147483647,2147483647,2147483647,-113,13,Movistar,false,false
1428109024043,2147483647,2147483647,2147483647,2147483647,-113,13,Movistar,false,false
1428109024043,2147483647,2147483647,2147483647,2147483647,-113,13,Movistar,false,false
1428109024043,2147483647,2147483647,2147483647,2147483647,-113,13,Movistar,false,false
1428109024043,2147483647,2147483647,2147483647,2147483647,-113,13,Movistar,false,false
1428109024043,2147483647,2147483647,2147483647,2147483647,-113,13,Movistar,false,false
1428109024043,2147483647,2147483647,2147483647,2147483647,-113,13,Movistar,false,false
1428109024043,2147483647,2147483647,2147483647,2147483647,-113,13,Movistar,false,false
1428109024043,2147483647,2147483647,2147483647,2147483647,-113,13,Movistar,false,false
1428109024043,2147483647,2147483647,2147483647,2147483647,-113,13,Movistar,false,false
1428109024043,-1,-1,-1,-1,0,13,Movistar,false,false
1428109024043,-1,-1,-1,-1,0,13,Movistar,false,false
1428109024043,-1,-1,-1,-1,0,13,Movistar,false,false
1428109024043,-1,-1,-1,-1,0,13,Movistar,false,false
1428109024043,-1,-1,-1,-1,0,13,Movistar,false,false
1428109024043,-1,-1,-1,-1,0,13,Movistar,false,false
1428109024043,-1,-1,-1,-1,0,13,Movistar,false,false
1428109085143,20523018,8640,7,214,-118,13,Movistar,true,false
1428109085143,259,2147483647,2147483647,2147483647,-121,13,Movistar,false,false
1428109085143,225,2147483647,2147483647,2147483647,-122,13,Movistar,false,false
1428109085143,289,2147483647,2147483647,2147483647,-123,13,Movistar,false,false
1428109085143,230,2147483647,2147483647,2147483647,-127,13,Movistar,false,false
1428109085143,2147483647,2147483647,2147483647,2147483647,-113,13,Movistar,false,false
1428109085143,2147483647,2147483647,2147483647,2147483647,-113,13,Movistar,false,false
1428109085143,2147483647,2147483647,2147483647,2147483647,-113,13,Movistar,false,false
1428109085143,2147483647,2147483647,2147483647,2147483647,-113,13,Movistar,false,false
1428109085143,2147483647,2147483647,2147483647,2147483647,-113,13,Movistar,false,false
1428109085143,2147483647,2147483647,2147483647,2147483647,-113,13,Movistar,false,false
1428109085143,2147483647,2147483647,2147483647,2147483647,-113,13,Movistar,false,false
1428109085143,2147483647,2147483647,2147483647,2147483647,-113,13,Movistar,false,false
1428109085143,2147483647,2147483647,2147483647,2147483647,-113,13,Movistar,false,false
1428109085143,2147483647,2147483647,2147483647,2147483647,-113,13,Movistar,false,false
1428109085143,2147483647,2147483647,2147483647,2147483647,-113,13,Movistar,false,false
1428109085143,2147483647,2147483647,2147483647,2147483647,-113,13,Movistar,false,false
1428109085143,2147483647,2147483647,2147483647,2147483647,-113,13,Movistar,false,false
1428109085143,2147483647,2147483647,2147483647,2147483647,-113,13,Movistar,false,false
1428109085143,2147483647,2147483647,2147483647,2147483647,-113,13,Movistar,false,false
1428109085143,-1,-1,-1,-1,0,13,Movistar,false,false
1428109085143,-1,-1,-1,-1,0,13,Movistar,false,false
1428109085143,-1,-1,-1,-1,0,13,Movistar,false,false
1428109085143,-1,-1,-1,-1,0,13,Movistar,false,false
1428109085143,-1,-1,-1,-1,0,13,Movistar,false,false
1428109085143,-1,-1,-1,-1,0,13,Movistar,false,false
1428109085143,-1,-1,-1,-1,0,13,Movistar,false,false
1428109146283,20523018,8640,7,214,-117,13,Movistar,true,false
1428109146283,259,2147483647,2147483647,2147483647,-122,13,Movistar,false,false
1428109146283,131,2147483647,2147483647,2147483647,-125,13,Movistar,false,false
1428109146283,143,2147483647,2147483647,2147483647,-126,13,Movistar,false,false
1428109146283,191,2147483647,2147483647,2147483647,-126,13,Movistar,false,false
1428109146283,2147483647,2147483647,2147483647,2147483647,-113,13,Movistar,false,false
1428109146283,2147483647,2147483647,2147483647,2147483647,-113,13,Movistar,false,false
1428109146283,2147483647,2147483647,2147483647,2147483647,-113,13,Movistar,false,false
1428109146283,2147483647,2147483647,2147483647,2147483647,-113,13,Movistar,false,false
1428109146283,2147483647,2147483647,2147483647,2147483647,-113,13,Movistar,false,false
1428109146283,2147483647,2147483647,2147483647,2147483647,-113,13,Movistar,false,false
1428109146283,2147483647,2147483647,2147483647,2147483647,-113,13,Movistar,false,false
1428109146283,2147483647,2147483647,2147483647,2147483647,-113,13,Movistar,false,false
1428109146283,2147483647,2147483647,2147483647,2147483647,-113,13,Movistar,false,false
1428109146283,2147483647,2147483647,2147483647,2147483647,-113,13,Movistar,false,false
1428109146283,2147483647,2147483647,2147483647,2147483647,-113,13,Movistar,false,false
1428109146283,2147483647,2147483647,2147483647,2147483647,-113,13,Movistar,false,false
1428109146283,2147483647,2147483647,2147483647,2147483647,-113,13,Movistar,false,false
1428109146283,2147483647,2147483647,2147483647,2147483647,-113,13,Movistar,false,false
1428109146283,2147483647,2147483647,2147483647,2147483647,-113,13,Movistar,false,false
1428109146283,-1,-1,-1,-1,0,13,Movistar,false,false
1428109146283,-1,-1,-1,-1,0,13,Movistar,false,false
1428109146283,-1,-1,-1,-1,0,13,Movistar,false,false
1428109146283,-1,-1,-1,-1,0,13,Movistar,false,false
1428109146283,-1,-1,-1,-1,0,13,Movistar,false,false
1428109146283,-1,-1,-1,-1,0,13,Movistar,false,false
1428109146283,-1,-1,-1,-1,0,13,Movistar,false,false
1428109146283,-1,-1,-1,-1,0,13,Movistar,false,false
1428109146283,-1,-1,-1,-1,0,13,Movistar,false,false
1428109146283,-1,-1,-1,-1,0,13,Movistar,false,false
1428109207675,-1,-1,-1,-1,0,3,Movistar,true,false
1428109207675,-1,-1,-1,-1,0,3,Movistar,false,false
1428109268744,-1,-1,-1,-1,0,3,Movistar,true,false
1428109268744,-1,-1,-1,-1,0,3,Movistar,false,false
1428109268744,-1,-1,-1,-1,0,3,Movistar,false,false
1428109268744,-1,-1,-1,-1,0,3,Movistar,false,false
1428109329941,20523018,8640,7,214,-109,13,Movistar,true,false
1428109329941,227,2147483647,2147483647,2147483647,-122,13,Movistar,false,false
1428109329941,289,2147483647,2147483647,2147483647,-121,13,Movistar,false,false
1428109329941,298,2147483647,2147483647,2147483647,-119,13,Movistar,false,false
1428109329941,2147483647,2147483647,2147483647,2147483647,-113,13,Movistar,false,false
1428109329941,2147483647,2147483647,2147483647,2147483647,-113,13,Movistar,false,false
1428109329941,2147483647,2147483647,2147483647,2147483647,-113,13,Movistar,false,false
1428109329941,2147483647,2147483647,2147483647,2147483647,-113,13,Movistar,false,false
1428109329941,2147483647,2147483647,2147483647,2147483647,-113,13,Movistar,false,false
1428109329941,2147483647,2147483647,2147483647,2147483647,-113,13,Movistar,false,false
1428109329941,2147483647,2147483647,2147483647,2147483647,-113,13,Movistar,false,false
1428109329941,2147483647,2147483647,2147483647,2147483647,-113,13,Movistar,false,false
1428109329941,2147483647,2147483647,2147483647,2147483647,-113,13,Movistar,false,false
1428109329941,2147483647,2147483647,2147483647,2147483647,-113,13,Movistar,false,false
1428109329941,2147483647,2147483647,2147483647,2147483647,-113,13,Movistar,false,false
1428109329941,2147483647,2147483647,2147483647,2147483647,-113,13,Movistar,false,false
1428109329941,2147483647,2147483647,2147483647,2147483647,-113,13,Movistar,false,false
1428109329941,2147483647,2147483647,2147483647,2147483647,-113,13,Movistar,false,false
1428109329941,2147483647,2147483647,2147483647,2147483647,-113,13,Movistar,false,false
1428109329941,-1,-1,-1,-1,0,13,Movistar,false,false
1428109329941,-1,-1,-1,-1,0,13,Movistar,false,false
1428109329941,-1,-1,-1,-1,0,13,Movistar,false,false
1428109329941,-1,-1,-1,-1,0,13,Movistar,false,false
1428109329941,-1,-1,-1,-1,0,13,Movistar,false,false
1428109329941,-1,-1,-1,-1,0,13,Movistar,false,false
1428109391681,20523018,8640,7,214,-112,13,Movistar,true,false
1428109391681,289,2147483647,2147483647,2147483647,-121,13,Movistar,false,false
1428109391681,182,2147483647,2147483647,2147483647,-125,13,Movistar,false,false
1428109391681,230,2147483647,2147483647,2147483647,-127,13,Movistar,false,false
1428109391681,2147483647,2147483647,2147483647,2147483647,-113,13,Movistar,false,false
1428109391681,2147483647,2147483647,2147483647,2147483647,-113,13,Movistar,false,false
1428109391681,2147483647,2147483647,2147483647,2147483647,-113,13,Movistar,false,false
1428109391681,2147483647,2147483647,2147483647,2147483647,-113,13,Movistar,false,false
1428109391681,2147483647,2147483647,2147483647,2147483647,-113,13,Movistar,false,false
1428109391681,2147483647,2147483647,2147483647,2147483647,-113,13,Movistar,false,false
1428109391681,2147483647,2147483647,2147483647,2147483647,-113,13,Movistar,false,false
1428109391681,2147483647,2147483647,2147483647,2147483647,-113,13,Movistar,false,false
1428109391681,2147483647,2147483647,2147483647,2147483647,-113,13,Movistar,false,false
1428109391681,2147483647,2147483647,2147483647,2147483647,-113,13,Movistar,false,false
1428109391681,2147483647,2147483647,2147483647,2147483647,-113,13,Movistar,false,false
1428109391681,2147483647,2147483647,2147483647,2147483647,-113,13,Movistar,false,false
1428109391681,2147483647,2147483647,2147483647,2147483647,-113,13,Movistar,false,false
1428109391681,2147483647,2147483647,2147483647,2147483647,-113,13,Movistar,false,false
1428109391681,2147483647,2147483647,2147483647,2147483647,-113,13,Movistar,false,false
1428109391681,-1,-1,-1,-1,0,13,Movistar,false,false
1428109391681,-1,-1,-1,-1,0,13,Movistar,false,false
1428109391681,-1,-1,-1,-1,0,13,Movistar,false,false
1428109391681,-1,-1,-1,-1,0,13,Movistar,false,false
1428109391681,-1,-1,-1,-1,0,13,Movistar,false,false
1428109391681,-1,-1,-1,-1,0,13,Movistar,false,false
1428109391681,-1,-1,-1,-1,0,13,Movistar,false,false
1428109452807,20523018,8640,7,214,-114,13,Movistar,true,false
1428109452807,289,2147483647,2147483647,2147483647,-123,13,Movistar,false,false
1428109452807,182,2147483647,2147483647,2147483647,-127,13,Movistar,false,false
1428109452807,2147483647,2147483647,2147483647,2147483647,-113,13,Movistar,false,false
1428109452807,2147483647,2147483647,2147483647,2147483647,-113,13,Movistar,false,false
1428109452807,2147483647,2147483647,2147483647,2147483647,-113,13,Movistar,false,false
1428109452807,2147483647,2147483647,2147483647,2147483647,-113,13,Movistar,false,false
1428109452807,2147483647,2147483647,2147483647,2147483647,-113,13,Movistar,false,false
1428109452807,2147483647,2147483647,2147483647,2147483647,-113,13,Movistar,false,false
1428109452807,2147483647,2147483647,2147483647,2147483647,-113,13,Movistar,false,false
1428109452807,2147483647,2147483647,2147483647,2147483647,-113,13,Movistar,false,false
1428109452807,2147483647,2147483647,2147483647,2147483647,-113,13,Movistar,false,false
1428109452807,2147483647,2147483647,2147483647,2147483647,-113,13,Movistar,false,false
1428109452807,2147483647,2147483647,2147483647,2147483647,-113,13,Movistar,false,false
1428109452807,2147483647,2147483647,2147483647,2147483647,-113,13,Movistar,false,false
1428109452807,2147483647,2147483647,2147483647,2147483647,-113,13,Movistar,false,false
1428109452807,2147483647,2147483647,2147483647,2147483647,-113,13,Movistar,false,false
1428109452807,2147483647,2147483647,2147483647,2147483647,-113,13,Movistar,false,false
1428109452807,-1,-1,-1,-1,0,13,Movistar,false,false
1428109452807,-1,-1,-1,-1,0,13,Movistar,false,false
1428109452807,-1,-1,-1,-1,0,13,Movistar,false,false
1428109452807,-1,-1,-1,-1,0,13,Movistar,false,false
1428109452807,-1,-1,-1,-1,0,13,Movistar,false,false
1428109452807,-1,-1,-1,-1,0,13,Movistar,false,false
1428109452807,-1,-1,-1,-1,0,13,Movistar,false,false
1428109452807,-1,-1,-1,-1,0,13,Movistar,false,false
1428109514716,20523018,8640,7,214,-355,13,Movistar,true,false
1428109575822,-1,-1,-1,-1,0,3,Movistar,true,false
1428109575822,-1,-1,-1,-1,0,3,Movistar,false,false
1428109575822,-1,-1,-1,-1,0,3,Movistar,false,false
1428109637753,-1,-1,-1,-1,0,3,Movistar,true,false
1428109637753,-1,-1,-1,-1,0,3,Movistar,false,false
1428109637753,-1,-1,-1,-1,0,3,Movistar,false,false
1428109637753,-1,-1,-1,-1,0,3,Movistar,false,false
1428109637753,-1,-1,-1,-1,0,3,Movistar,false,false
1428109637753,-1,-1,-1,-1,0,3,Movistar,false,false
1428109637753,-1,-1,-1,-1,0,3,Movistar,false,false
1428109637753,2147483647,2147483647,2147483647,2147483647,-99,3,Movistar,false,false
1428109637753,2147483647,2147483647,2147483647,2147483647,-103,3,Movistar,false,false
1428109637753,2147483647,2147483647,2147483647,2147483647,-109,3,Movistar,false,false
1428109637753,2147483647,2147483647,2147483647,2147483647,-109,3,Movistar,false,false
1428109637753,2147483647,2147483647,2147483647,2147483647,-111,3,Movistar,false,false
1428109637753,2147483647,2147483647,2147483647,2147483647,-111,3,Movistar,false,false
1428109637753,2147483647,2147483647,2147483647,2147483647,-111,3,Movistar,false,false
1428109637753,2147483647,2147483647,2147483647,2147483647,-113,3,Movistar,false,false
1428109698752,11833,833,7,214,-99,2,Movistar,true,false
1428109698752,11831,833,7,214,-93,2,Movistar,false,false
1428109698752,11834,833,7,214,-99,2,Movistar,false,false
1428109698752,13151,833,7,214,-97,2,Movistar,false,false
1428109698752,13784,833,7,214,-97,2,Movistar,false,false
1428109698752,11836,833,7,214,-107,2,Movistar,false,false
1428109759814,11831,833,7,214,-93,2,Movistar,true,false
1428109759814,13151,833,7,214,-99,2,Movistar,false,false
1428109759814,13784,833,7,214,-101,2,Movistar,false,false
1428109759814,-1,0,0,0,-95,2,Movistar,false,false
1428109759814,11833,833,7,214,-99,2,Movistar,false,false
1428109759814,11836,833,7,214,-105,2,Movistar,false,false
1428109759814,11386,833,7,214,-105,2,Movistar,false,false
1428109821682,-1,-1,-1,-1,0,3,Movistar,true,false
1428109821682,-1,-1,-1,-1,0,3,Movistar,false,false
1428109821682,-1,-1,-1,-1,0,3,Movistar,false,false
1428109821682,-1,-1,-1,-1,0,3,Movistar,false,false
1428109821682,-1,-1,-1,-1,0,3,Movistar,false,false
1428109821682,-1,-1,-1,-1,0,3,Movistar,false,false
1428109821682,-1,-1,-1,-1,0,3,Movistar,false,false
1428109821682,-1,-1,-1,-1,0,3,Movistar,false,false
1428109821682,2147483647,2147483647,2147483647,2147483647,-97,3,Movistar,false,false
1428109821682,2147483647,2147483647,2147483647,2147483647,-101,3,Movistar,false,false
1428109821682,2147483647,2147483647,2147483647,2147483647,-109,3,Movistar,false,false
1428109821682,2147483647,2147483647,2147483647,2147483647,-111,3,Movistar,false,false
1428109821682,2147483647,2147483647,2147483647,2147483647,-111,3,Movistar,false,false
1428109821682,2147483647,2147483647,2147483647,2147483647,-111,3,Movistar,false,false
1428109821682,2147483647,2147483647,2147483647,2147483647,-113,3,Movistar,false,false
1428109821682,2147483647,2147483647,2147483647,2147483647,-113,3,Movistar,false,false
1428109883041,-1,-1,-1,-1,0,3,Movistar,true,false
1428109883041,-1,-1,-1,-1,0,3,Movistar,false,false
1428109883041,-1,-1,-1,-1,0,3,Movistar,false,false
1428109883041,-1,-1,-1,-1,0,3,Movistar,false,false
1428109883041,-1,-1,-1,-1,0,3,Movistar,false,false
1428109883041,-1,-1,-1,-1,0,3,Movistar,false,false
1428109883041,-1,-1,-1,-1,0,3,Movistar,false,false
1428109883041,-1,-1,-1,-1,0,3,Movistar,false,false
1428109883041,2147483647,2147483647,2147483647,2147483647,-93,3,Movistar,false,false
1428109883041,2147483647,2147483647,2147483647,2147483647,-97,3,Movistar,false,false
1428109883041,2147483647,2147483647,2147483647,2147483647,-107,3,Movistar,false,false
1428109883041,2147483647,2147483647,2147483647,2147483647,-111,3,Movistar,false,false
1428109883041,2147483647,2147483647,2147483647,2147483647,-111,3,Movistar,false,false
1428109883041,2147483647,2147483647,2147483647,2147483647,-113,3,Movistar,false,false
1428109883041,2147483647,2147483647,2147483647,2147483647,-113,3,Movistar,false,false
1428109883041,2147483647,2147483647,2147483647,2147483647,-113,3,Movistar,false,false
1428109950020,-1,-1,-1,-1,0,3,Movistar,true,false
1428109950020,-1,-1,-1,-1,0,3,Movistar,false,false
1428109950020,-1,-1,-1,-1,0,3,Movistar,false,false
1428109950020,-1,-1,-1,-1,0,3,Movistar,false,false
1428109950020,-1,-1,-1,-1,0,3,Movistar,false,false
1428109950020,-1,-1,-1,-1,0,3,Movistar,false,false
1428109950020,-1,-1,-1,-1,0,3,Movistar,false,false
1428109950020,-1,-1,-1,-1,0,3,Movistar,false,false
1428109950020,-1,-1,-1,-1,0,3,Movistar,false,false
1428109950020,2147483647,2147483647,2147483647,2147483647,-77,3,Movistar,false,false
1428109950020,2147483647,2147483647,2147483647,2147483647,-93,3,Movistar,false,false
1428109950020,2147483647,2147483647,2147483647,2147483647,-109,3,Movistar,false,false
1428109950020,2147483647,2147483647,2147483647,2147483647,-111,3,Movistar,false,false
1428109950020,2147483647,2147483647,2147483647,2147483647,-111,3,Movistar,false,false
1428109950020,2147483647,2147483647,2147483647,2147483647,-111,3,Movistar,false,false
1428109950020,2147483647,2147483647,2147483647,2147483647,-113,3,Movistar,false,false
1428109950020,2147483647,2147483647,2147483647,2147483647,-113,3,Movistar,false,false
1428110011061,-1,-1,-1,-1,0,3,Movistar,true,false
1428110011061,-1,-1,-1,-1,0,3,Movistar,false,false
1428110011061,-1,-1,-1,-1,0,3,Movistar,false,false
1428110011061,-1,-1,-1,-1,0,3,Movistar,false,false
1428110011061,-1,-1,-1,-1,0,3,Movistar,false,false
1428110011061,-1,-1,-1,-1,0,3,Movistar,false,false
1428110011061,2147483647,2147483647,2147483647,2147483647,-83,3,Movistar,false,false
1428110011061,2147483647,2147483647,2147483647,2147483647,-93,3,Movistar,false,false
1428110011061,2147483647,2147483647,2147483647,2147483647,-95,3,Movistar,false,false
1428110011061,2147483647,2147483647,2147483647,2147483647,-109,3,Movistar,false,false
1428110011061,2147483647,2147483647,2147483647,2147483647,-111,3,Movistar,false,false
1428110011061,2147483647,2147483647,2147483647,2147483647,-111,3,Movistar,false,false
1428110011061,2147483647,2147483647,2147483647,2147483647,-113,3,Movistar,false,false
1428110011061,2147483647,2147483647,2147483647,2147483647,-113,3,Movistar,false,false
1428110075772,-1,-1,-1,-1,0,3,Movistar,true,false
1428110075772,-1,-1,-1,-1,0,3,Movistar,false,false
1428110075772,-1,-1,-1,-1,0,3,Movistar,false,false
1428110075772,-1,-1,-1,-1,0,3,Movistar,false,false
1428110075772,-1,-1,-1,-1,0,3,Movistar,false,false
1428110075772,-1,-1,-1,-1,0,3,Movistar,false,false
1428110075772,2147483647,2147483647,2147483647,2147483647,-93,3,Movistar,false,false
1428110075772,2147483647,2147483647,2147483647,2147483647,-95,3,Movistar,false,false
1428110075772,2147483647,2147483647,2147483647,2147483647,-97,3,Movistar,false,false
1428110075772,2147483647,2147483647,2147483647,2147483647,-111,3,Movistar,false,false
1428110075772,2147483647,2147483647,2147483647,2147483647,-111,3,Movistar,false,false
1428110075772,2147483647,2147483647,2147483647,2147483647,-113,3,Movistar,false,false
1428110075772,2147483647,2147483647,2147483647,2147483647,-113,3,Movistar,false,false
1428110075772,2147483647,2147483647,2147483647,2147483647,-113,3,Movistar,false,false
1428110142684,-1,-1,-1,-1,0,3,Movistar,true,false
1428110142684,-1,-1,-1,-1,0,3,Movistar,false,false
1428110142684,-1,-1,-1,-1,0,3,Movistar,false,false
1428110142684,-1,-1,-1,-1,0,3,Movistar,false,false
1428110142684,-1,-1,-1,-1,0,3,Movistar,false,false
1428110142684,-1,-1,-1,-1,0,3,Movistar,false,false
1428110142684,2147483647,2147483647,2147483647,2147483647,-81,3,Movistar,false,false
1428110142684,2147483647,2147483647,2147483647,2147483647,-91,3,Movistar,false,false
1428110142684,2147483647,2147483647,2147483647,2147483647,-99,3,Movistar,false,false
1428110142684,2147483647,2147483647,2147483647,2147483647,-111,3,Movistar,false,false
1428110142684,2147483647,2147483647,2147483647,2147483647,-111,3,Movistar,false,false
1428110142684,2147483647,2147483647,2147483647,2147483647,-113,3,Movistar,false,false
1428110142684,2147483647,2147483647,2147483647,2147483647,-113,3,Movistar,false,false
1428110142684,2147483647,2147483647,2147483647,2147483647,-113,3,Movistar,false,false
1428110202821,-1,-1,-1,-1,0,3,Movistar,true,false
1428110202821,-1,-1,-1,-1,0,3,Movistar,false,false
1428110202821,-1,-1,-1,-1,0,3,Movistar,false,false
1428110202821,-1,-1,-1,-1,0,3,Movistar,false,false
1428110202821,-1,-1,-1,-1,0,3,Movistar,false,false
1428110202821,-1,-1,-1,-1,0,3,Movistar,false,false
1428110202821,-1,-1,-1,-1,0,3,Movistar,false,false
1428110263927,-1,-1,-1,-1,0,3,Movistar,true,false
1428110263927,-1,-1,-1,-1,0,3,Movistar,false,false
1428110263927,-1,-1,-1,-1,0,3,Movistar,false,false
1428110263927,-1,-1,-1,-1,0,3,Movistar,false,false
1428110263927,-1,-1,-1,-1,0,3,Movistar,false,false
1428110263927,-1,-1,-1,-1,0,3,Movistar,false,false
1428110263927,-1,-1,-1,-1,0,3,Movistar,false,false
1428110263927,-1,-1,-1,-1,0,3,Movistar,false,false
1428110326716,-1,-1,-1,-1,0,3,Movistar,true,false
1428110326716,-1,-1,-1,-1,0,3,Movistar,false,false
1428110387709,20523018,8640,7,214,-108,13,Movistar,true,false
1428110387709,251,2147483647,2147483647,2147483647,-122,13,Movistar,false,false
1428110387709,289,2147483647,2147483647,2147483647,-127,13,Movistar,false,false
1428110387709,2147483647,2147483647,2147483647,2147483647,-113,13,Movistar,false,false
1428110387709,2147483647,2147483647,2147483647,2147483647,-113,13,Movistar,false,false
1428110387709,2147483647,2147483647,2147483647,2147483647,-113,13,Movistar,false,false
1428110387709,2147483647,2147483647,2147483647,2147483647,-113,13,Movistar,false,false
1428110387709,2147483647,2147483647,2147483647,2147483647,-113,13,Movistar,false,false
1428110387709,2147483647,2147483647,2147483647,2147483647,-113,13,Movistar,false,false
1428110387709,2147483647,2147483647,2147483647,2147483647,-113,13,Movistar,false,false
1428110387709,2147483647,2147483647,2147483647,2147483647,-113,13,Movistar,false,false
1428110387709,2147483647,2147483647,2147483647,2147483647,-113,13,Movistar,false,false
1428110387709,2147483647,2147483647,2147483647,2147483647,-113,13,Movistar,false,false
1428110387709,2147483647,2147483647,2147483647,2147483647,-113,13,Movistar,false,false
1428110387709,2147483647,2147483647,2147483647,2147483647,-113,13,Movistar,false,false
1428110387709,2147483647,2147483647,2147483647,2147483647,-113,13,Movistar,false,false
1428110387709,2147483647,2147483647,2147483647,2147483647,-113,13,Movistar,false,false
1428110387709,2147483647,2147483647,2147483647,2147483647,-113,13,Movistar,false,false
1428110451718,20523018,8640,7,214,-73,13,Movistar,true,false
1428110451718,251,2147483647,2147483647,2147483647,-80,13,Movistar,false,false
1428110451718,2147483647,2147483647,2147483647,2147483647,-113,13,Movistar,false,false
1428110451718,2147483647,2147483647,2147483647,2147483647,-113,13,Movistar,false,false
1428110451718,2147483647,2147483647,2147483647,2147483647,-113,13,Movistar,false,false
1428110451718,2147483647,2147483647,2147483647,2147483647,-113,13,Movistar,false,false
1428110451718,2147483647,2147483647,2147483647,2147483647,-113,13,Movistar,false,false
1428110451718,2147483647,2147483647,2147483647,2147483647,-113,13,Movistar,false,false
1428110451718,2147483647,2147483647,2147483647,2147483647,-113,13,Movistar,false,false
1428110451718,2147483647,2147483647,2147483647,2147483647,-113,13,Movistar,false,false
1428110451718,2147483647,2147483647,2147483647,2147483647,-113,13,Movistar,false,false
1428110451718,2147483647,2147483647,2147483647,2147483647,-113,13,Movistar,false,false
1428110451718,2147483647,2147483647,2147483647,2147483647,-113,13,Movistar,false,false
1428110451718,2147483647,2147483647,2147483647,2147483647,-113,13,Movistar,false,false
1428110451718,2147483647,2147483647,2147483647,2147483647,-113,13,Movistar,false,false
1428110451718,2147483647,2147483647,2147483647,2147483647,-113,13,Movistar,false,false
1428110451718,2147483647,2147483647,2147483647,2147483647,-113,13,Movistar,false,false
1428110512802,20523018,8640,7,214,-70,13,Movistar,true,false
1428110512802,314,2147483647,2147483647,2147483647,-97,13,Movistar,false,false
1428110512802,2147483647,2147483647,2147483647,2147483647,-113,13,Movistar,false,false
1428110512802,2147483647,2147483647,2147483647,2147483647,-113,13,Movistar,false,false
1428110512802,2147483647,2147483647,2147483647,2147483647,-113,13,Movistar,false,false
1428110512802,2147483647,2147483647,2147483647,2147483647,-113,13,Movistar,false,false
1428110512802,2147483647,2147483647,2147483647,2147483647,-113,13,Movistar,false,false
1428110512802,2147483647,2147483647,2147483647,2147483647,-113,13,Movistar,false,false
1428110512802,2147483647,2147483647,2147483647,2147483647,-113,13,Movistar,false,false
1428110512802,2147483647,2147483647,2147483647,2147483647,-113,13,Movistar,false,false
1428110512802,2147483647,2147483647,2147483647,2147483647,-113,13,Movistar,false,false
1428110512802,2147483647,2147483647,2147483647,2147483647,-113,13,Movistar,false,false
1428110512802,2147483647,2147483647,2147483647,2147483647,-113,13,Movistar,false,false
1428110512802,2147483647,2147483647,2147483647,2147483647,-113,13,Movistar,false,false
1428110512802,2147483647,2147483647,2147483647,2147483647,-113,13,Movistar,false,false
1428110512802,2147483647,2147483647,2147483647,2147483647,-113,13,Movistar,false,false
1428110512802,2147483647,2147483647,2147483647,2147483647,-113,13,Movistar,false,false
1428110573845,20523018,8640,7,214,-71,13,Movistar,true,false
1428110573845,314,2147483647,2147483647,2147483647,-96,13,Movistar,false,false
1428110573845,2147483647,2147483647,2147483647,2147483647,-113,13,Movistar,false,false
1428110573845,2147483647,2147483647,2147483647,2147483647,-113,13,Movistar,false,false
1428110573845,2147483647,2147483647,2147483647,2147483647,-113,13,Movistar,false,false
1428110573845,2147483647,2147483647,2147483647,2147483647,-113,13,Movistar,false,false
1428110573845,2147483647,2147483647,2147483647,2147483647,-113,13,Movistar,false,false
1428110573845,2147483647,2147483647,2147483647,2147483647,-113,13,Movistar,false,false
1428110573845,2147483647,2147483647,2147483647,2147483647,-113,13,Movistar,false,false
1428110573845,2147483647,2147483647,2147483647,2147483647,-113,13,Movistar,false,false
1428110573845,2147483647,2147483647,2147483647,2147483647,-113,13,Movistar,false,false
1428110573845,2147483647,2147483647,2147483647,2147483647,-113,13,Movistar,false,false
1428110573845,2147483647,2147483647,2147483647,2147483647,-113,13,Movistar,false,false
1428110573845,2147483647,2147483647,2147483647,2147483647,-113,13,Movistar,false,false
1428110573845,2147483647,2147483647,2147483647,2147483647,-113,13,Movistar,false,false
1428110573845,2147483647,2147483647,2147483647,2147483647,-113,13,Movistar,false,false
1428110573845,2147483647,2147483647,2147483647,2147483647,-113,13,Movistar,false,false
1428110636725,20523018,8640,7,214,-68,13,Movistar,true,false
1428110636725,235,2147483647,2147483647,2147483647,-83,13,Movistar,false,false
1428110636725,251,2147483647,2147483647,2147483647,-83,13,Movistar,false,false
1428110636725,314,2147483647,2147483647,2147483647,-91,13,Movistar,false,false
1428110636725,2147483647,2147483647,2147483647,2147483647,-113,13,Movistar,false,false
1428110636725,2147483647,2147483647,2147483647,2147483647,-113,13,Movistar,false,false
1428110636725,2147483647,2147483647,2147483647,2147483647,-113,13,Movistar,false,false
1428110636725,2147483647,2147483647,2147483647,2147483647,-113,13,Movistar,false,false
1428110636725,2147483647,2147483647,2147483647,2147483647,-113,13,Movistar,false,false
1428110636725,2147483647,2147483647,2147483647,2147483647,-113,13,Movistar,false,false
1428110636725,2147483647,2147483647,2147483647,2147483647,-113,13,Movistar,false,false
1428110636725,2147483647,2147483647,2147483647,2147483647,-113,13,Movistar,false,false
1428110636725,2147483647,2147483647,2147483647,2147483647,-113,13,Movistar,false,false
1428110636725,2147483647,2147483647,2147483647,2147483647,-113,13,Movistar,false,false
1428110636725,2147483647,2147483647,2147483647,2147483647,-113,13,Movistar,false,false
1428110636725,2147483647,2147483647,2147483647,2147483647,-113,13,Movistar,false,false
1428110636725,2147483647,2147483647,2147483647,2147483647,-113,13,Movistar,false,false
1428110636725,2147483647,2147483647,2147483647,2147483647,-113,13,Movistar,false,false
1428110636725,2147483647,2147483647,2147483647,2147483647,-113,13,Movistar,false,false
1428110697779,20523018,8640,7,214,-71,13,Movistar,true,false
1428110697779,314,2147483647,2147483647,2147483647,-90,13,Movistar,false,false
1428110697779,2147483647,2147483647,2147483647,2147483647,-113,13,Movistar,false,false
1428110697779,2147483647,2147483647,2147483647,2147483647,-113,13,Movistar,false,false
1428110697779,2147483647,2147483647,2147483647,2147483647,-113,13,Movistar,false,false
1428110697779,2147483647,2147483647,2147483647,2147483647,-113,13,Movistar,false,false
1428110697779,2147483647,2147483647,2147483647,2147483647,-113,13,Movistar,false,false
1428110697779,2147483647,2147483647,2147483647,2147483647,-113,13,Movistar,false,false
1428110697779,2147483647,2147483647,2147483647,2147483647,-113,13,Movistar,false,false
1428110697779,2147483647,2147483647,2147483647,2147483647,-113,13,Movistar,false,false
1428110697779,2147483647,2147483647,2147483647,2147483647,-113,13,Movistar,false,false
1428110697779,2147483647,2147483647,2147483647,2147483647,-113,13,Movistar,false,false
1428110697779,2147483647,2147483647,2147483647,2147483647,-113,13,Movistar,false,false
1428110697779,2147483647,2147483647,2147483647,2147483647,-113,13,Movistar,false,false
1428110697779,2147483647,2147483647,2147483647,2147483647,-113,13,Movistar,false,false
1428110697779,2147483647,2147483647,2147483647,2147483647,-113,13,Movistar,false,false
1428110697779,2147483647,2147483647,2147483647,2147483647,-113,13,Movistar,false,false
1428110759000,20523018,8640,7,214,-69,13,Movistar,true,false
1428110759000,116,2147483647,2147483647,2147483647,-93,13,Movistar,false,false
1428110759000,2147483647,2147483647,2147483647,2147483647,-113,13,Movistar,false,false
1428110759000,2147483647,2147483647,2147483647,2147483647,-113,13,Movistar,false,false
1428110759000,2147483647,2147483647,2147483647,2147483647,-113,13,Movistar,false,false
1428110759000,2147483647,2147483647,2147483647,2147483647,-113,13,Movistar,false,false
1428110759000,2147483647,2147483647,2147483647,2147483647,-113,13,Movistar,false,false
1428110759000,2147483647,2147483647,2147483647,2147483647,-113,13,Movistar,false,false
1428110759000,2147483647,2147483647,2147483647,2147483647,-113,13,Movistar,false,false
1428110759000,2147483647,2147483647,2147483647,2147483647,-113,13,Movistar,false,false
1428110759000,2147483647,2147483647,2147483647,2147483647,-113,13,Movistar,false,false
1428110759000,2147483647,2147483647,2147483647,2147483647,-113,13,Movistar,false,false
1428110759000,2147483647,2147483647,2147483647,2147483647,-113,13,Movistar,false,false
1428110759000,2147483647,2147483647,2147483647,2147483647,-113,13,Movistar,false,false
1428110759000,2147483647,2147483647,2147483647,2147483647,-113,13,Movistar,false,false
1428110759000,2147483647,2147483647,2147483647,2147483647,-113,13,Movistar,false,false
1428110759000,2147483647,2147483647,2147483647,2147483647,-113,13,Movistar,false,false
1428110820074,20523018,8640,7,214,-68,13,Movistar,true,false
1428110820074,251,2147483647,2147483647,2147483647,-85,13,Movistar,false,false
1428110820074,314,2147483647,2147483647,2147483647,-93,13,Movistar,false,false
1428110820074,2147483647,2147483647,2147483647,2147483647,-113,13,Movistar,false,false
1428110820074,2147483647,2147483647,2147483647,2147483647,-113,13,Movistar,false,false
1428110820074,2147483647,2147483647,2147483647,2147483647,-113,13,Movistar,false,false
1428110820074,2147483647,2147483647,2147483647,2147483647,-113,13,Movistar,false,false
1428110820074,2147483647,2147483647,2147483647,2147483647,-113,13,Movistar,false,false
1428110820074,2147483647,2147483647,2147483647,2147483647,-113,13,Movistar,false,false
1428110820074,2147483647,2147483647,2147483647,2147483647,-113,13,Movistar,false,false
1428110820074,2147483647,2147483647,2147483647,2147483647,-113,13,Movistar,false,false
1428110820074,2147483647,2147483647,2147483647,2147483647,-113,13,Movistar,false,false
1428110820074,2147483647,2147483647,2147483647,2147483647,-113,13,Movistar,false,false
1428110820074,2147483647,2147483647,2147483647,2147483647,-113,13,Movistar,false,false
1428110820074,2147483647,2147483647,2147483647,2147483647,-113,13,Movistar,false,false
1428110820074,2147483647,2147483647,2147483647,2147483647,-113,13,Movistar,false,false
1428110820074,2147483647,2147483647,2147483647,2147483647,-113,13,Movistar,false,false
1428110820074,2147483647,2147483647,2147483647,2147483647,-113,13,Movistar,false,false
1428110881192,20523018,8640,7,214,-99,13,Movistar,true,false
1428110881192,2147483647,2147483647,2147483647,2147483647,-113,13,Movistar,false,false
1428110881192,2147483647,2147483647,2147483647,2147483647,-113,13,Movistar,false,false
1428110881192,2147483647,2147483647,2147483647,2147483647,-113,13,Movistar,false,false
1428110881192,2147483647,2147483647,2147483647,2147483647,-113,13,Movistar,false,false
1428110881192,2147483647,2147483647,2147483647,2147483647,-113,13,Movistar,false,false
1428110881192,2147483647,2147483647,2147483647,2147483647,-113,13,Movistar,false,false
1428110881192,2147483647,2147483647,2147483647,2147483647,-113,13,Movistar,false,false
1428110881192,2147483647,2147483647,2147483647,2147483647,-113,13,Movistar,false,false
1428110881192,2147483647,2147483647,2147483647,2147483647,-113,13,Movistar,false,false
1428110881192,2147483647,2147483647,2147483647,2147483647,-113,13,Movistar,false,false
1428110881192,2147483647,2147483647,2147483647,2147483647,-113,13,Movistar,false,false
1428110881192,2147483647,2147483647,2147483647,2147483647,-113,13,Movistar,false,false
1428110881192,2147483647,2147483647,2147483647,2147483647,-113,13,Movistar,false,false
1428110881192,2147483647,2147483647,2147483647,2147483647,-113,13,Movistar,false,false
1428110881192,2147483647,2147483647,2147483647,2147483647,-113,13,Movistar,false,false
1428110942679,20523018,8640,7,214,-100,13,Movistar,true,false
1428110942679,251,2147483647,2147483647,2147483647,-114,13,Movistar,false,false
1428110942679,2147483647,2147483647,2147483647,2147483647,-113,13,Movistar,false,false
1428110942679,2147483647,2147483647,2147483647,2147483647,-113,13,Movistar,false,false
1428110942679,2147483647,2147483647,2147483647,2147483647,-113,13,Movistar,false,false
1428110942679,2147483647,2147483647,2147483647,2147483647,-113,13,Movistar,false,false
1428110942679,2147483647,2147483647,2147483647,2147483647,-113,13,Movistar,false,false
1428110942679,2147483647,2147483647,2147483647,2147483647,-113,13,Movistar,false,false
1428110942679,2147483647,2147483647,2147483647,2147483647,-113,13,Movistar,false,false
1428110942679,2147483647,2147483647,2147483647,2147483647,-113,13,Movistar,false,false
1428110942679,2147483647,2147483647,2147483647,2147483647,-113,13,Movistar,false,false
1428110942679,2147483647,2147483647,2147483647,2147483647,-113,13,Movistar,false,false
1428110942679,2147483647,2147483647,2147483647,2147483647,-113,13,Movistar,false,false
1428110942679,2147483647,2147483647,2147483647,2147483647,-113,13,Movistar,false,false
1428110942679,2147483647,2147483647,2147483647,2147483647,-113,13,Movistar,false,false
1428110942679,2147483647,2147483647,2147483647,2147483647,-113,13,Movistar,false,false
1428110942679,2147483647,2147483647,2147483647,2147483647,-113,13,Movistar,false,false
1428111003723,20523018,8640,7,214,-99,13,Movistar,true,false
1428111003723,2147483647,2147483647,2147483647,2147483647,-113,13,Movistar,false,false
1428111003723,2147483647,2147483647,2147483647,2147483647,-113,13,Movistar,false,false
1428111003723,2147483647,2147483647,2147483647,2147483647,-113,13,Movistar,false,false
1428111003723,2147483647,2147483647,2147483647,2147483647,-113,13,Movistar,false,false
1428111003723,2147483647,2147483647,2147483647,2147483647,-113,13,Movistar,false,false
1428111003723,2147483647,2147483647,2147483647,2147483647,-113,13,Movistar,false,false
1428111003723,2147483647,2147483647,2147483647,2147483647,-113,13,Movistar,false,false
1428111003723,2147483647,2147483647,2147483647,2147483647,-113,13,Movistar,false,false
1428111003723,2147483647,2147483647,2147483647,2147483647,-113,13,Movistar,false,false
1428111003723,2147483647,2147483647,2147483647,2147483647,-113,13,Movistar,false,false
1428111003723,2147483647,2147483647,2147483647,2147483647,-113,13,Movistar,false,false
1428111003723,2147483647,2147483647,2147483647,2147483647,-113,13,Movistar,false,false
1428111003723,2147483647,2147483647,2147483647,2147483647,-113,13,Movistar,false,false
1428111003723,2147483647,2147483647,2147483647,2147483647,-113,13,Movistar,false,false
1428111003723,2147483647,2147483647,2147483647,2147483647,-113,13,Movistar,false,false
1428111064848,20523018,8640,7,214,-101,13,Movistar,true,false
1428111064848,251,2147483647,2147483647,2147483647,-115,13,Movistar,false,false
1428111064848,2147483647,2147483647,2147483647,2147483647,-113,13,Movistar,false,false
1428111064848,2147483647,2147483647,2147483647,2147483647,-113,13,Movistar,false,false
1428111064848,2147483647,2147483647,2147483647,2147483647,-113,13,Movistar,false,false
1428111064848,2147483647,2147483647,2147483647,2147483647,-113,13,Movistar,false,false
1428111064848,2147483647,2147483647,2147483647,2147483647,-113,13,Movistar,false,false
1428111064848,2147483647,2147483647,2147483647,2147483647,-113,13,Movistar,false,false
1428111064848,2147483647,2147483647,2147483647,2147483647,-113,13,Movistar,false,false
1428111064848,2147483647,2147483647,2147483647,2147483647,-113,13,Movistar,false,false
1428111064848,2147483647,2147483647,2147483647,2147483647,-113,13,Movistar,false,false
1428111064848,2147483647,2147483647,2147483647,2147483647,-113,13,Movistar,false,false
1428111064848,2147483647,2147483647,2147483647,2147483647,-113,13,Movistar,false,false
1428111064848,2147483647,2147483647,2147483647,2147483647,-113,13,Movistar,false,false
1428111064848,2147483647,2147483647,2147483647,2147483647,-113,13,Movistar,false,false
1428111064848,2147483647,2147483647,2147483647,2147483647,-113,13,Movistar,false,false
1428111064848,2147483647,2147483647,2147483647,2147483647,-113,13,Movistar,false,false
1428111125995,20523018,8640,7,214,-100,13,Movistar,true,false
1428111125995,259,2147483647,2147483647,2147483647,-115,13,Movistar,false,false
1428111125995,2147483647,2147483647,2147483647,2147483647,-113,13,Movistar,false,false
1428111125995,2147483647,2147483647,2147483647,2147483647,-113,13,Movistar,false,false
1428111125995,2147483647,2147483647,2147483647,2147483647,-113,13,Movistar,false,false
1428111125995,2147483647,2147483647,2147483647,2147483647,-113,13,Movistar,false,false
1428111125995,2147483647,2147483647,2147483647,2147483647,-113,13,Movistar,false,false
1428111125995,2147483647,2147483647,2147483647,2147483647,-113,13,Movistar,false,false
1428111125995,2147483647,2147483647,2147483647,2147483647,-113,13,Movistar,false,false
1428111125995,2147483647,2147483647,2147483647,2147483647,-113,13,Movistar,false,false
1428111125995,2147483647,2147483647,2147483647,2147483647,-113,13,Movistar,false,false
1428111125995,2147483647,2147483647,2147483647,2147483647,-113,13,Movistar,false,false
1428111125995,2147483647,2147483647,2147483647,2147483647,-113,13,Movistar,false,false
1428111125995,2147483647,2147483647,2147483647,2147483647,-113,13,Movistar,false,false
1428111125995,2147483647,2147483647,2147483647,2147483647,-113,13,Movistar,false,false
1428111125995,2147483647,2147483647,2147483647,2147483647,-113,13,Movistar,false,false
1428111125995,2147483647,2147483647,2147483647,2147483647,-113,13,Movistar,false,false
1428111187107,20523018,8640,7,214,-103,13,Movistar,true,false
1428111187107,2147483647,2147483647,2147483647,2147483647,-113,13,Movistar,false,false
1428111187107,2147483647,2147483647,2147483647,2147483647,-113,13,Movistar,false,false
1428111187107,2147483647,2147483647,2147483647,2147483647,-113,13,Movistar,false,false
1428111187107,2147483647,2147483647,2147483647,2147483647,-113,13,Movistar,false,false
1428111187107,2147483647,2147483647,2147483647,2147483647,-113,13,Movistar,false,false
1428111187107,2147483647,2147483647,2147483647,2147483647,-113,13,Movistar,false,false
1428111187107,2147483647,2147483647,2147483647,2147483647,-113,13,Movistar,false,false
1428111187107,2147483647,2147483647,2147483647,2147483647,-113,13,Movistar,false,false
1428111187107,2147483647,2147483647,2147483647,2147483647,-113,13,Movistar,false,false
1428111187107,2147483647,2147483647,2147483647,2147483647,-113,13,Movistar,false,false
1428111187107,2147483647,2147483647,2147483647,2147483647,-113,13,Movistar,false,false
1428111187107,2147483647,2147483647,2147483647,2147483647,-113,13,Movistar,false,false
1428111187107,2147483647,2147483647,2147483647,2147483647,-113,13,Movistar,false,false
1428111187107,2147483647,2147483647,2147483647,2147483647,-113,13,Movistar,false,false
1428111187107,2147483647,2147483647,2147483647,2147483647,-113,13,Movistar,false,false
1428111248133,20523018,8640,7,214,-104,13,Movistar,true,false
1428111248133,259,2147483647,2147483647,2147483647,-122,13,Movistar,false,false
1428111248133,225,2147483647,2147483647,2147483647,-123,13,Movistar,false,false
1428111248133,2147483647,2147483647,2147483647,2147483647,-113,13,Movistar,false,false
1428111248133,2147483647,2147483647,2147483647,2147483647,-113,13,Movistar,false,false
1428111248133,2147483647,2147483647,2147483647,2147483647,-113,13,Movistar,false,false
1428111248133,2147483647,2147483647,2147483647,2147483647,-113,13,Movistar,false,false
1428111248133,2147483647,2147483647,2147483647,2147483647,-113,13,Movistar,false,false
1428111248133,2147483647,2147483647,2147483647,2147483647,-113,13,Movistar,false,false
1428111248133,2147483647,2147483647,2147483647,2147483647,-113,13,Movistar,false,false
1428111248133,2147483647,2147483647,2147483647,2147483647,-113,13,Movistar,false,false
1428111248133,2147483647,2147483647,2147483647,2147483647,-113,13,Movistar,false,false
1428111248133,2147483647,2147483647,2147483647,2147483647,-113,13,Movistar,false,false
1428111248133,2147483647,2147483647,2147483647,2147483647,-113,13,Movistar,false,false
1428111248133,2147483647,2147483647,2147483647,2147483647,-113,13,Movistar,false,false
1428111248133,2147483647,2147483647,2147483647,2147483647,-113,13,Movistar,false,false
1428111248133,2147483647,2147483647,2147483647,2147483647,-113,13,Movistar,false,false
1428111248133,2147483647,2147483647,2147483647,2147483647,-113,13,Movistar,false,false
1428111309677,20523018,8640,7,214,-112,13,Movistar,true,false
1428111309677,227,2147483647,2147483647,2147483647,-123,13,Movistar,false,false
1428111309677,143,2147483647,2147483647,2147483647,-123,13,Movistar,false,false
1428111309677,2147483647,2147483647,2147483647,2147483647,-113,13,Movistar,false,false
1428111309677,2147483647,2147483647,2147483647,2147483647,-113,13,Movistar,false,false
1428111309677,2147483647,2147483647,2147483647,2147483647,-113,13,Movistar,false,false
1428111309677,2147483647,2147483647,2147483647,2147483647,-113,13,Movistar,false,false
1428111309677,2147483647,2147483647,2147483647,2147483647,-113,13,Movistar,false,false
1428111309677,2147483647,2147483647,2147483647,2147483647,-113,13,Movistar,false,false
1428111309677,2147483647,2147483647,2147483647,2147483647,-113,13,Movistar,false,false
1428111309677,2147483647,2147483647,2147483647,2147483647,-113,13,Movistar,false,false
1428111309677,2147483647,2147483647,2147483647,2147483647,-113,13,Movistar,false,false
1428111309677,2147483647,2147483647,2147483647,2147483647,-113,13,Movistar,false,false
1428111309677,2147483647,2147483647,2147483647,2147483647,-113,13,Movistar,false,false
1428111309677,2147483647,2147483647,2147483647,2147483647,-113,13,Movistar,false,false
1428111309677,2147483647,2147483647,2147483647,2147483647,-113,13,Movistar,false,false
1428111309677,2147483647,2147483647,2147483647,2147483647,-113,13,Movistar,false,false
1428111309677,2147483647,2147483647,2147483647,2147483647,-113,13,Movistar,false,false
1428111370805,20523018,8640,7,214,-113,13,Movistar,true,false
1428111370805,259,2147483647,2147483647,2147483647,-121,13,Movistar,false,false
1428111370805,143,2147483647,2147483647,2147483647,-124,13,Movistar,false,false
1428111370805,230,2147483647,2147483647,2147483647,-126,13,Movistar,false,false
1428111370805,2147483647,2147483647,2147483647,2147483647,-113,13,Movistar,false,false
1428111370805,2147483647,2147483647,2147483647,2147483647,-113,13,Movistar,false,false
1428111370805,2147483647,2147483647,2147483647,2147483647,-113,13,Movistar,false,false
1428111370805,2147483647,2147483647,2147483647,2147483647,-113,13,Movistar,false,false
1428111370805,2147483647,2147483647,2147483647,2147483647,-113,13,Movistar,false,false
1428111370805,2147483647,2147483647,2147483647,2147483647,-113,13,Movistar,false,false
1428111370805,2147483647,2147483647,2147483647,2147483647,-113,13,Movistar,false,false
1428111370805,2147483647,2147483647,2147483647,2147483647,-113,13,Movistar,false,false
1428111370805,2147483647,2147483647,2147483647,2147483647,-113,13,Movistar,false,false
1428111370805,2147483647,2147483647,2147483647,2147483647,-113,13,Movistar,false,false
1428111370805,2147483647,2147483647,2147483647,2147483647,-113,13,Movistar,false,false
1428111370805,2147483647,2147483647,2147483647,2147483647,-113,13,Movistar,false,false
1428111370805,2147483647,2147483647,2147483647,2147483647,-113,13,Movistar,false,false
1428111370805,2147483647,2147483647,2147483647,2147483647,-113,13,Movistar,false,false
1428111370805,2147483647,2147483647,2147483647,2147483647,-113,13,Movistar,false,false
1428111370805,-1,-1,-1,-1,0,13,Movistar,false,false
1428111370805,-1,-1,-1,-1,0,13,Movistar,false,false
1428111370805,-1,-1,-1,-1,0,13,Movistar,false,false
1428111370805,-1,-1,-1,-1,0,13,Movistar,false,false
1428111370805,-1,-1,-1,-1,0,13,Movistar,false,false
1428111370805,-1,-1,-1,-1,0,13,Movistar,false,false
1428111431956,20523018,8640,7,214,-112,13,Movistar,true,false
1428111431956,225,2147483647,2147483647,2147483647,-122,13,Movistar,false,false
1428111431956,131,2147483647,2147483647,2147483647,-124,13,Movistar,false,false
1428111431956,2147483647,2147483647,2147483647,2147483647,-113,13,Movistar,false,false
1428111431956,2147483647,2147483647,2147483647,2147483647,-113,13,Movistar,false,false
1428111431956,2147483647,2147483647,2147483647,2147483647,-113,13,Movistar,false,false
1428111431956,2147483647,2147483647,2147483647,2147483647,-113,13,Movistar,false,false
1428111431956,2147483647,2147483647,2147483647,2147483647,-113,13,Movistar,false,false
1428111431956,2147483647,2147483647,2147483647,2147483647,-113,13,Movistar,false,false
1428111431956,2147483647,2147483647,2147483647,2147483647,-113,13,Movistar,false,false
1428111431956,2147483647,2147483647,2147483647,2147483647,-113,13,Movistar,false,false
1428111431956,2147483647,2147483647,2147483647,2147483647,-113,13,Movistar,false,false
1428111431956,2147483647,2147483647,2147483647,2147483647,-113,13,Movistar,false,false
1428111431956,2147483647,2147483647,2147483647,2147483647,-113,13,Movistar,false,false
1428111431956,2147483647,2147483647,2147483647,2147483647,-113,13,Movistar,false,false
1428111431956,2147483647,2147483647,2147483647,2147483647,-113,13,Movistar,false,false
1428111431956,2147483647,2147483647,2147483647,2147483647,-113,13,Movistar,false,false
1428111431956,2147483647,2147483647,2147483647,2147483647,-113,13,Movistar,false,false
1428111431956,-1,-1,-1,-1,0,13,Movistar,false,false
1428111431956,-1,-1,-1,-1,0,13,Movistar,false,false
1428111431956,-1,-1,-1,-1,0,13,Movistar,false,false
1428111431956,-1,-1,-1,-1,0,13,Movistar,false,false
1428111431956,-1,-1,-1,-1,0,13,Movistar,false,false
1428111431956,-1,-1,-1,-1,0,13,Movistar,false,false
1428111493133,20523018,8640,7,214,-107,13,Movistar,true,false
1428111493133,289,2147483647,2147483647,2147483647,-123,13,Movistar,false,false
1428111493133,2147483647,2147483647,2147483647,2147483647,-113,13,Movistar,false,false
1428111493133,2147483647,2147483647,2147483647,2147483647,-113,13,Movistar,false,false
1428111493133,2147483647,2147483647,2147483647,2147483647,-113,13,Movistar,false,false
1428111493133,2147483647,2147483647,2147483647,2147483647,-113,13,Movistar,false,false
1428111493133,2147483647,2147483647,2147483647,2147483647,-113,13,Movistar,false,false
1428111493133,2147483647,2147483647,2147483647,2147483647,-113,13,Movistar,false,false
1428111493133,2147483647,2147483647,2147483647,2147483647,-113,13,Movistar,false,false
1428111493133,2147483647,2147483647,2147483647,2147483647,-113,13,Movistar,false,false
1428111493133,2147483647,2147483647,2147483647,2147483647,-113,13,Movistar,false,false
1428111493133,2147483647,2147483647,2147483647,2147483647,-113,13,Movistar,false,false
1428111493133,2147483647,2147483647,2147483647,2147483647,-113,13,Movistar,false,false
1428111493133,2147483647,2147483647,2147483647,2147483647,-113,13,Movistar,false,false
1428111493133,2147483647,2147483647,2147483647,2147483647,-113,13,Movistar,false,false
1428111493133,2147483647,2147483647,2147483647,2147483647,-113,13,Movistar,false,false
1428111493133,2147483647,2147483647,2147483647,2147483647,-113,13,Movistar,false,false
1428111493133,-1,-1,-1,-1,0,13,Movistar,false,false
1428111493133,-1,-1,-1,-1,0,13,Movistar,false,false
1428111493133,-1,-1,-1,-1,0,13,Movistar,false,false
1428111493133,-1,-1,-1,-1,0,13,Movistar,false,false
1428111493133,-1,-1,-1,-1,0,13,Movistar,false,false
1428111493133,-1,-1,-1,-1,0,13,Movistar,false,false
1428111493133,-1,-1,-1,-1,0,13,Movistar,false,false
1428111554672,20523018,8640,7,214,-116,13,Movistar,true,false
1428111554672,230,2147483647,2147483647,2147483647,-122,13,Movistar,false,false
1428111554672,225,2147483647,2147483647,2147483647,-125,13,Movistar,false,false
1428111554672,2147483647,2147483647,2147483647,2147483647,-113,13,Movistar,false,false
1428111554672,2147483647,2147483647,2147483647,2147483647,-113,13,Movistar,false,false
1428111554672,2147483647,2147483647,2147483647,2147483647,-113,13,Movistar,false,false
1428111554672,2147483647,2147483647,2147483647,2147483647,-113,13,Movistar,false,false
1428111554672,2147483647,2147483647,2147483647,2147483647,-113,13,Movistar,false,false
1428111554672,2147483647,2147483647,2147483647,2147483647,-113,13,Movistar,false,false
1428111554672,2147483647,2147483647,2147483647,2147483647,-113,13,Movistar,false,false
1428111554672,2147483647,2147483647,2147483647,2147483647,-113,13,Movistar,false,false
1428111554672,2147483647,2147483647,2147483647,2147483647,-113,13,Movistar,false,false
1428111554672,2147483647,2147483647,2147483647,2147483647,-113,13,Movistar,false,false
1428111554672,2147483647,2147483647,2147483647,2147483647,-113,13,Movistar,false,false
1428111554672,2147483647,2147483647,2147483647,2147483647,-113,13,Movistar,false,false
1428111554672,2147483647,2147483647,2147483647,2147483647,-113,13,Movistar,false,false
1428111554672,2147483647,2147483647,2147483647,2147483647,-113,13,Movistar,false,false
1428111554672,2147483647,2147483647,2147483647,2147483647,-113,13,Movistar,false,false
1428111554672,-1,-1,-1,-1,0,13,Movistar,false,false
1428111554672,-1,-1,-1,-1,0,13,Movistar,false,false
1428111554672,-1,-1,-1,-1,0,13,Movistar,false,false
1428111554672,-1,-1,-1,-1,0,13,Movistar,false,false
1428111554672,-1,-1,-1,-1,0,13,Movistar,false,false
1428111554672,-1,-1,-1,-1,0,13,Movistar,false,false
1428111554672,-1,-1,-1,-1,0,13,Movistar,false,false
1428111615789,-1,-1,-1,-1,0,3,Movistar,true,false
1428111615789,-1,-1,-1,-1,0,3,Movistar,false,false
1428111615789,-1,-1,-1,-1,0,3,Movistar,false,false
1428111615789,-1,-1,-1,-1,0,3,Movistar,false,false
1428111676951,-1,-1,-1,-1,0,3,Movistar,true,false
1428111676951,-1,-1,-1,-1,0,3,Movistar,false,false
1428111676951,-1,-1,-1,-1,0,3,Movistar,false,false
1428111676951,-1,-1,-1,-1,0,3,Movistar,false,false
1428111738694,-1,-1,-1,-1,0,3,Movistar,true,false
1428111800670,-1,-1,-1,-1,0,3,Movistar,true,false
1428111800670,-1,-1,-1,-1,0,3,Movistar,false,false
1428111800670,-1,-1,-1,-1,0,3,Movistar,false,false
1428111800670,-1,-1,-1,-1,0,3,Movistar,false,false
1428111800670,-1,-1,-1,-1,0,3,Movistar,false,false
1428111800670,-1,-1,-1,-1,0,3,Movistar,false,false
1428111800670,-1,-1,-1,-1,0,3,Movistar,false,false
1428111800670,-1,-1,-1,-1,0,3,Movistar,false,false
1428111800670,2147483647,2147483647,2147483647,2147483647,-93,3,Movistar,false,false
1428111800670,2147483647,2147483647,2147483647,2147483647,-99,3,Movistar,false,false
1428111800670,2147483647,2147483647,2147483647,2147483647,-109,3,Movistar,false,false
1428111800670,2147483647,2147483647,2147483647,2147483647,-109,3,Movistar,false,false
1428111800670,2147483647,2147483647,2147483647,2147483647,-111,3,Movistar,false,false
1428111800670,2147483647,2147483647,2147483647,2147483647,-111,3,Movistar,false,false
1428111800670,2147483647,2147483647,2147483647,2147483647,-111,3,Movistar,false,false
1428111800670,2147483647,2147483647,2147483647,2147483647,-113,3,Movistar,false,false
1428111861763,20523018,8640,7,214,-114,13,Movistar,true,false
1428111861763,131,2147483647,2147483647,2147483647,-123,13,Movistar,false,false
1428111861763,2147483647,2147483647,2147483647,2147483647,-113,13,Movistar,false,false
1428111861763,2147483647,2147483647,2147483647,2147483647,-113,13,Movistar,false,false
1428111861763,2147483647,2147483647,2147483647,2147483647,-113,13,Movistar,false,false
1428111861763,2147483647,2147483647,2147483647,2147483647,-113,13,Movistar,false,false
1428111861763,2147483647,2147483647,2147483647,2147483647,-113,13,Movistar,false,false
1428111861763,2147483647,2147483647,2147483647,2147483647,-113,13,Movistar,false,false
1428111861763,2147483647,2147483647,2147483647,2147483647,-113,13,Movistar,false,false
1428111861763,2147483647,2147483647,2147483647,2147483647,-113,13,Movistar,false,false
1428111861763,2147483647,2147483647,2147483647,2147483647,-113,13,Movistar,false,false
1428111861763,2147483647,2147483647,2147483647,2147483647,-113,13,Movistar,false,false
1428111861763,2147483647,2147483647,2147483647,2147483647,-113,13,Movistar,false,false
1428111861763,2147483647,2147483647,2147483647,2147483647,-113,13,Movistar,false,false
1428111861763,2147483647,2147483647,2147483647,2147483647,-113,13,Movistar,false,false
1428111861763,2147483647,2147483647,2147483647,2147483647,-113,13,Movistar,false,false
1428111861763,2147483647,2147483647,2147483647,2147483647,-113,13,Movistar,false,false
1428111861763,-1,-1,-1,-1,0,13,Movistar,false,false
1428111861763,-1,-1,-1,-1,0,13,Movistar,false,false
1428111861763,-1,-1,-1,-1,0,13,Movistar,false,false
1428111861763,-1,-1,-1,-1,0,13,Movistar,false,false
1428111861763,-1,-1,-1,-1,0,13,Movistar,false,false
1428111861763,-1,-1,-1,-1,0,13,Movistar,false,false
1428111923682,20523018,8640,7,214,-110,13,Movistar,true,false
1428111923682,176,2147483647,2147483647,2147483647,-124,13,Movistar,false,false
1428111923682,259,2147483647,2147483647,2147483647,-125,13,Movistar,false,false
1428111923682,2147483647,2147483647,2147483647,2147483647,-113,13,Movistar,false,false
1428111923682,2147483647,2147483647,2147483647,2147483647,-113,13,Movistar,false,false
1428111923682,2147483647,2147483647,2147483647,2147483647,-113,13,Movistar,false,false
1428111923682,2147483647,2147483647,2147483647,2147483647,-113,13,Movistar,false,false
1428111923682,2147483647,2147483647,2147483647,2147483647,-113,13,Movistar,false,false
1428111923682,2147483647,2147483647,2147483647,2147483647,-113,13,Movistar,false,false
1428111923682,2147483647,2147483647,2147483647,2147483647,-113,13,Movistar,false,false
1428111923682,2147483647,2147483647,2147483647,2147483647,-113,13,Movistar,false,false
1428111923682,2147483647,2147483647,2147483647,2147483647,-113,13,Movistar,false,false
1428111923682,2147483647,2147483647,2147483647,2147483647,-113,13,Movistar,false,false
1428111923682,2147483647,2147483647,2147483647,2147483647,-113,13,Movistar,false,false
1428111923682,2147483647,2147483647,2147483647,2147483647,-113,13,Movistar,false,false
1428111923682,2147483647,2147483647,2147483647,2147483647,-113,13,Movistar,false,false
1428111923682,2147483647,2147483647,2147483647,2147483647,-113,13,Movistar,false,false
1428111923682,2147483647,2147483647,2147483647,2147483647,-113,13,Movistar,false,false
1428111923682,-1,-1,-1,-1,0,13,Movistar,false,false
1428111923682,-1,-1,-1,-1,0,13,Movistar,false,false
1428111923682,-1,-1,-1,-1,0,13,Movistar,false,false
1428111923682,-1,-1,-1,-1,0,13,Movistar,false,false
1428111923682,-1,-1,-1,-1,0,13,Movistar,false,false
1428111923682,-1,-1,-1,-1,0,13,Movistar,false,false
1428111984972,20523018,8640,7,214,-113,13,Movistar,true,false
1428111984972,131,2147483647,2147483647,2147483647,-126,13,Movistar,false,false
1428111984972,2147483647,2147483647,2147483647,2147483647,-113,13,Movistar,false,false
1428111984972,2147483647,2147483647,2147483647,2147483647,-113,13,Movistar,false,false
1428111984972,2147483647,2147483647,2147483647,2147483647,-113,13,Movistar,false,false
1428111984972,2147483647,2147483647,2147483647,2147483647,-113,13,Movistar,false,false
1428111984972,2147483647,2147483647,2147483647,2147483647,-113,13,Movistar,false,false
1428111984972,2147483647,2147483647,2147483647,2147483647,-113,13,Movistar,false,false
1428111984972,2147483647,2147483647,2147483647,2147483647,-113,13,Movistar,false,false
1428111984972,2147483647,2147483647,2147483647,2147483647,-113,13,Movistar,false,false
1428111984972,2147483647,2147483647,2147483647,2147483647,-113,13,Movistar,false,false
1428111984972,2147483647,2147483647,2147483647,2147483647,-113,13,Movistar,false,false
1428111984972,2147483647,2147483647,2147483647,2147483647,-113,13,Movistar,false,false
1428111984972,2147483647,2147483647,2147483647,2147483647,-113,13,Movistar,false,false
1428111984972,2147483647,2147483647,2147483647,2147483647,-113,13,Movistar,false,false
1428111984972,2147483647,2147483647,2147483647,2147483647,-113,13,Movistar,false,false
1428111984972,2147483647,2147483647,2147483647,2147483647,-113,13,Movistar,false,false
1428111984972,-1,-1,-1,-1,0,13,Movistar,false,false
1428111984972,-1,-1,-1,-1,0,13,Movistar,false,false
1428111984972,-1,-1,-1,-1,0,13,Movistar,false,false
1428111984972,-1,-1,-1,-1,0,13,Movistar,false,false
1428111984972,-1,-1,-1,-1,0,13,Movistar,false,false
1428111984972,-1,-1,-1,-1,0,13,Movistar,false,false
1428112046742,20523018,8640,7,214,-111,13,Movistar,true,false
1428112046742,259,2147483647,2147483647,2147483647,-117,13,Movistar,false,false
1428112046742,2147483647,2147483647,2147483647,2147483647,-113,13,Movistar,false,false
1428112046742,2147483647,2147483647,2147483647,2147483647,-113,13,Movistar,false,false
1428112046742,2147483647,2147483647,2147483647,2147483647,-113,13,Movistar,false,false
1428112046742,2147483647,2147483647,2147483647,2147483647,-113,13,Movistar,false,false
1428112046742,2147483647,2147483647,2147483647,2147483647,-113,13,Movistar,false,false
1428112046742,2147483647,2147483647,2147483647,2147483647,-113,13,Movistar,false,false
1428112046742,2147483647,2147483647,2147483647,2147483647,-113,13,Movistar,false,false
1428112046742,2147483647,2147483647,2147483647,2147483647,-113,13,Movistar,false,false
1428112046742,2147483647,2147483647,2147483647,2147483647,-113,13,Movistar,false,false
1428112046742,2147483647,2147483647,2147483647,2147483647,-113,13,Movistar,false,false
1428112046742,2147483647,2147483647,2147483647,2147483647,-113,13,Movistar,false,false
1428112046742,2147483647,2147483647,2147483647,2147483647,-113,13,Movistar,false,false
1428112046742,2147483647,2147483647,2147483647,2147483647,-113,13,Movistar,false,false
1428112046742,2147483647,2147483647,2147483647,2147483647,-113,13,Movistar,false,false
1428112046742,2147483647,2147483647,2147483647,2147483647,-113,13,Movistar,false,false
1428112046742,-1,-1,-1,-1,0,13,Movistar,false,false
1428112046742,-1,-1,-1,-1,0,13,Movistar,false,false
1428112046742,-1,-1,-1,-1,0,13,Movistar,false,false
1428112046742,-1,-1,-1,-1,0,13,Movistar,false,false
1428112046742,-1,-1,-1,-1,0,13,Movistar,false,false
1428112046742,-1,-1,-1,-1,0,13,Movistar,false,false
1428112107822,20523018,8640,7,214,-115,13,Movistar,true,false
1428112107822,259,2147483647,2147483647,2147483647,-124,13,Movistar,false,false
1428112107822,2147483647,2147483647,2147483647,2147483647,-113,13,Movistar,false,false
1428112107822,2147483647,2147483647,2147483647,2147483647,-113,13,Movistar,false,false
1428112107822,2147483647,2147483647,2147483647,2147483647,-113,13,Movistar,false,false
1428112107822,2147483647,2147483647,2147483647,2147483647,-113,13,Movistar,false,false
1428112107822,2147483647,2147483647,2147483647,2147483647,-113,13,Movistar,false,false
1428112107822,2147483647,2147483647,2147483647,2147483647,-113,13,Movistar,false,false
1428112107822,2147483647,2147483647,2147483647,2147483647,-113,13,Movistar,false,false
1428112107822,2147483647,2147483647,2147483647,2147483647,-113,13,Movistar,false,false
1428112107822,2147483647,2147483647,2147483647,2147483647,-113,13,Movistar,false,false
1428112107822,2147483647,2147483647,2147483647,2147483647,-113,13,Movistar,false,false
1428112107822,2147483647,2147483647,2147483647,2147483647,-113,13,Movistar,false,false
1428112107822,2147483647,2147483647,2147483647,2147483647,-113,13,Movistar,false,false
1428112107822,2147483647,2147483647,2147483647,2147483647,-113,13,Movistar,false,false
1428112107822,2147483647,2147483647,2147483647,2147483647,-113,13,Movistar,false,false
1428112107822,2147483647,2147483647,2147483647,2147483647,-113,13,Movistar,false,false
1428112107822,-1,-1,-1,-1,0,13,Movistar,false,false
1428112107822,-1,-1,-1,-1,0,13,Movistar,false,false
1428112107822,-1,-1,-1,-1,0,13,Movistar,false,false
1428112107822,-1,-1,-1,-1,0,13,Movistar,false,false
1428112107822,-1,-1,-1,-1,0,13,Movistar,false,false
1428112107822,-1,-1,-1,-1,0,13,Movistar,false,false
1428112169694,20523018,8640,7,214,-111,13,Movistar,true,false
1428112169694,259,2147483647,2147483647,2147483647,-122,13,Movistar,false,false
1428112169694,131,2147483647,2147483647,2147483647,-122,13,Movistar,false,false
1428112169694,2147483647,2147483647,2147483647,2147483647,-113,13,Movistar,false,false
1428112169694,2147483647,2147483647,2147483647,2147483647,-113,13,Movistar,false,false
1428112169694,2147483647,2147483647,2147483647,2147483647,-113,13,Movistar,false,false
1428112169694,2147483647,2147483647,2147483647,2147483647,-113,13,Movistar,false,false
1428112169694,2147483647,2147483647,2147483647,2147483647,-113,13,Movistar,false,false
1428112169694,2147483647,2147483647,2147483647,2147483647,-113,13,Movistar,false,false
1428112169694,2147483647,2147483647,2147483647,2147483647,-113,13,Movistar,false,false
1428112169694,2147483647,2147483647,2147483647,2147483647,-113,13,Movistar,false,false
1428112169694,2147483647,2147483647,2147483647,2147483647,-113,13,Movistar,false,false
1428112169694,2147483647,2147483647,2147483647,2147483647,-113,13,Movistar,false,false
1428112169694,2147483647,2147483647,2147483647,2147483647,-113,13,Movistar,false,false
1428112169694,2147483647,2147483647,2147483647,2147483647,-113,13,Movistar,false,false
1428112169694,2147483647,2147483647,2147483647,2147483647,-113,13,Movistar,false,false
1428112169694,2147483647,2147483647,2147483647,2147483647,-113,13,Movistar,false,false
1428112169694,2147483647,2147483647,2147483647,2147483647,-113,13,Movistar,false,false
1428112169694,-1,-1,-1,-1,0,13,Movistar,false,false
1428112169694,-1,-1,-1,-1,0,13,Movistar,false,false
1428112169694,-1,-1,-1,-1,0,13,Movistar,false,false
1428112169694,-1,-1,-1,-1,0,13,Movistar,false,false
1428112169694,-1,-1,-1,-1,0,13,Movistar,false,false
1428112169694,-1,-1,-1,-1,0,13,Movistar,false,false
1428112169694,-1,-1,-1,-1,0,13,Movistar,false,false
1428112169694,-1,-1,-1,-1,0,13,Movistar,false,false
1428112169694,-1,-1,-1,-1,0,13,Movistar,false,false
1428112169694,-1,-1,-1,-1,0,13,Movistar,false,false
1428112169694,-1,-1,-1,-1,0,13,Movistar,false,false
1428112231650,-1,-1,-1,-1,0,3,Movistar,true,false
1428112231650,-1,-1,-1,-1,0,3,Movistar,false,false
1428112231650,-1,-1,-1,-1,0,3,Movistar,false,false
1428112231650,-1,-1,-1,-1,0,3,Movistar,false,false
1428112231650,-1,-1,-1,-1,0,3,Movistar,false,false
1428112292861,-1,-1,-1,-1,0,3,Movistar,true,false
1428112292861,-1,-1,-1,-1,0,3,Movistar,false,false
1428112292861,-1,-1,-1,-1,0,3,Movistar,false,false
1428112292861,-1,-1,-1,-1,0,3,Movistar,false,false
1428112292861,-1,-1,-1,-1,0,3,Movistar,false,false
1428112292861,2147483647,2147483647,2147483647,2147483647,-77,3,Movistar,false,false
1428112292861,2147483647,2147483647,2147483647,2147483647,-95,3,Movistar,false,false
1428112292861,2147483647,2147483647,2147483647,2147483647,-97,3,Movistar,false,false
1428112292861,2147483647,2147483647,2147483647,2147483647,-111,3,Movistar,false,false
1428112292861,2147483647,2147483647,2147483647,2147483647,-111,3,Movistar,false,false
1428112292861,2147483647,2147483647,2147483647,2147483647,-113,3,Movistar,false,false
1428112292861,2147483647,2147483647,2147483647,2147483647,-113,3,Movistar,false,false
1428112292861,2147483647,2147483647,2147483647,2147483647,-113,3,Movistar,false,false
1428112353957,-1,-1,-1,-1,0,3,Movistar,true,false
1428112353957,-1,-1,-1,-1,0,3,Movistar,false,false
1428112353957,-1,-1,-1,-1,0,3,Movistar,false,false
1428112353957,-1,-1,-1,-1,0,3,Movistar,false,false
1428112353957,-1,-1,-1,-1,0,3,Movistar,false,false
1428112353957,2147483647,2147483647,2147483647,2147483647,-77,3,Movistar,false,false
1428112353957,2147483647,2147483647,2147483647,2147483647,-95,3,Movistar,false,false
1428112353957,2147483647,2147483647,2147483647,2147483647,-97,3,Movistar,false,false
1428112353957,2147483647,2147483647,2147483647,2147483647,-111,3,Movistar,false,false
1428112353957,2147483647,2147483647,2147483647,2147483647,-111,3,Movistar,false,false
1428112353957,2147483647,2147483647,2147483647,2147483647,-113,3,Movistar,false,false
1428112353957,2147483647,2147483647,2147483647,2147483647,-113,3,Movistar,false,false
1428112353957,2147483647,2147483647,2147483647,2147483647,-113,3,Movistar,false,false
1428112414939,-1,-1,-1,-1,0,3,Movistar,true,false
1428112414939,-1,-1,-1,-1,0,3,Movistar,false,false
1428112414939,-1,-1,-1,-1,0,3,Movistar,false,false
1428112414939,-1,-1,-1,-1,0,3,Movistar,false,false
1428112414939,-1,-1,-1,-1,0,3,Movistar,false,false
1428112414939,2147483647,2147483647,2147483647,2147483647,-77,3,Movistar,false,false
1428112414939,2147483647,2147483647,2147483647,2147483647,-95,3,Movistar,false,false
1428112414939,2147483647,2147483647,2147483647,2147483647,-97,3,Movistar,false,false
1428112414939,2147483647,2147483647,2147483647,2147483647,-111,3,Movistar,false,false
1428112414939,2147483647,2147483647,2147483647,2147483647,-111,3,Movistar,false,false
1428112414939,2147483647,2147483647,2147483647,2147483647,-113,3,Movistar,false,false
1428112414939,2147483647,2147483647,2147483647,2147483647,-113,3,Movistar,false,false
1428112414939,2147483647,2147483647,2147483647,2147483647,-113,3,Movistar,false,false
1428112476038,-1,-1,-1,-1,0,3,Movistar,true,false
1428112476038,-1,-1,-1,-1,0,3,Movistar,false,false
1428112476038,-1,-1,-1,-1,0,3,Movistar,false,false
1428112476038,-1,-1,-1,-1,0,3,Movistar,false,false
1428112476038,-1,-1,-1,-1,0,3,Movistar,false,false
1428112476038,-1,-1,-1,-1,0,3,Movistar,false,false
1428112476038,2147483647,2147483647,2147483647,2147483647,-69,3,Movistar,false,false
1428112476038,2147483647,2147483647,2147483647,2147483647,-93,3,Movistar,false,false
1428112476038,2147483647,2147483647,2147483647,2147483647,-99,3,Movistar,false,false
1428112476038,2147483647,2147483647,2147483647,2147483647,-111,3,Movistar,false,false
1428112476038,2147483647,2147483647,2147483647,2147483647,-113,3,Movistar,false,false
1428112476038,2147483647,2147483647,2147483647,2147483647,-113,3,Movistar,false,false
1428112476038,2147483647,2147483647,2147483647,2147483647,-113,3,Movistar,false,false
1428112476038,2147483647,2147483647,2147483647,2147483647,-113,3,Movistar,false,false
1428112537176,-1,-1,-1,-1,0,3,Movistar,true,false
1428112537176,-1,-1,-1,-1,0,3,Movistar,false,false
1428112537176,-1,-1,-1,-1,0,3,Movistar,false,false
1428112537176,-1,-1,-1,-1,0,3,Movistar,false,false
1428112537176,-1,-1,-1,-1,0,3,Movistar,false,false
1428112537176,-1,-1,-1,-1,0,3,Movistar,false,false
1428112537176,2147483647,2147483647,2147483647,2147483647,-73,3,Movistar,false,false
1428112537176,2147483647,2147483647,2147483647,2147483647,-95,3,Movistar,false,false
1428112537176,2147483647,2147483647,2147483647,2147483647,-101,3,Movistar,false,false
1428112537176,2147483647,2147483647,2147483647,2147483647,-111,3,Movistar,false,false
1428112537176,2147483647,2147483647,2147483647,2147483647,-113,3,Movistar,false,false
1428112537176,2147483647,2147483647,2147483647,2147483647,-113,3,Movistar,false,false
1428112537176,2147483647,2147483647,2147483647,2147483647,-113,3,Movistar,false,false
1428112537176,2147483647,2147483647,2147483647,2147483647,-113,3,Movistar,false,false
1428112598315,-1,-1,-1,-1,0,3,Movistar,true,false
1428112598315,-1,-1,-1,-1,0,3,Movistar,false,false
1428112598315,-1,-1,-1,-1,0,3,Movistar,false,false
1428112598315,-1,-1,-1,-1,0,3,Movistar,false,false
1428112598315,-1,-1,-1,-1,0,3,Movistar,false,false
1428112598315,-1,-1,-1,-1,0,3,Movistar,false,false
1428112598315,2147483647,2147483647,2147483647,2147483647,-83,3,Movistar,false,false
1428112598315,2147483647,2147483647,2147483647,2147483647,-101,3,Movistar,false,false
1428112598315,2147483647,2147483647,2147483647,2147483647,-103,3,Movistar,false,false
1428112598315,2147483647,2147483647,2147483647,2147483647,-113,3,Movistar,false,false
1428112598315,2147483647,2147483647,2147483647,2147483647,-113,3,Movistar,false,false
1428112598315,2147483647,2147483647,2147483647,2147483647,-113,3,Movistar,false,false
1428112598315,2147483647,2147483647,2147483647,2147483647,-113,3,Movistar,false,false
1428112598315,2147483647,2147483647,2147483647,2147483647,-113,3,Movistar,false,false
1428112659699,-1,-1,-1,-1,0,3,Movistar,true,false
1428112659699,-1,-1,-1,-1,0,3,Movistar,false,false
1428112659699,-1,-1,-1,-1,0,3,Movistar,false,false
1428112659699,-1,-1,-1,-1,0,3,Movistar,false,false
1428112659699,-1,-1,-1,-1,0,3,Movistar,false,false
1428112659699,-1,-1,-1,-1,0,3,Movistar,false,false
1428112659699,2147483647,2147483647,2147483647,2147483647,-97,3,Movistar,false,false
1428112659699,2147483647,2147483647,2147483647,2147483647,-101,3,Movistar,false,false
1428112659699,2147483647,2147483647,2147483647,2147483647,-103,3,Movistar,false,false
1428112659699,2147483647,2147483647,2147483647,2147483647,-113,3,Movistar,false,false
1428112659699,2147483647,2147483647,2147483647,2147483647,-113,3,Movistar,false,false
1428112659699,2147483647,2147483647,2147483647,2147483647,-113,3,Movistar,false,false
1428112659699,2147483647,2147483647,2147483647,2147483647,-113,3,Movistar,false,false
1428112659699,2147483647,2147483647,2147483647,2147483647,-113,3,Movistar,false,false
1428112720731,-1,-1,-1,-1,0,3,Movistar,true,false
1428112720731,-1,-1,-1,-1,0,3,Movistar,false,false
1428112720731,-1,-1,-1,-1,0,3,Movistar,false,false
1428112720731,-1,-1,-1,-1,0,3,Movistar,false,false
1428112720731,-1,-1,-1,-1,0,3,Movistar,false,false
1428112720731,-1,-1,-1,-1,0,3,Movistar,false,false
1428112720731,2147483647,2147483647,2147483647,2147483647,-97,3,Movistar,false,false
1428112720731,2147483647,2147483647,2147483647,2147483647,-101,3,Movistar,false,false
1428112720731,2147483647,2147483647,2147483647,2147483647,-103,3,Movistar,false,false
1428112720731,2147483647,2147483647,2147483647,2147483647,-113,3,Movistar,false,false
1428112720731,2147483647,2147483647,2147483647,2147483647,-113,3,Movistar,false,false
1428112720731,2147483647,2147483647,2147483647,2147483647,-113,3,Movistar,false,false
1428112720731,2147483647,2147483647,2147483647,2147483647,-113,3,Movistar,false,false
1428112720731,2147483647,2147483647,2147483647,2147483647,-113,3,Movistar,false,false
1428112781808,-1,-1,-1,-1,0,3,Movistar,true,false
1428112781808,-1,-1,-1,-1,0,3,Movistar,false,false
1428112781808,-1,-1,-1,-1,0,3,Movistar,false,false
1428112781808,-1,-1,-1,-1,0,3,Movistar,false,false
1428112781808,-1,-1,-1,-1,0,3,Movistar,false,false
1428112781808,-1,-1,-1,-1,0,3,Movistar,false,false
1428112781808,2147483647,2147483647,2147483647,2147483647,-97,3,Movistar,false,false
1428112781808,2147483647,2147483647,2147483647,2147483647,-101,3,Movistar,false,false
1428112781808,2147483647,2147483647,2147483647,2147483647,-103,3,Movistar,false,false
1428112781808,2147483647,2147483647,2147483647,2147483647,-113,3,Movistar,false,false
1428112781808,2147483647,2147483647,2147483647,2147483647,-113,3,Movistar,false,false
1428112781808,2147483647,2147483647,2147483647,2147483647,-113,3,Movistar,false,false
1428112781808,2147483647,2147483647,2147483647,2147483647,-113,3,Movistar,false,false
1428112781808,2147483647,2147483647,2147483647,2147483647,-113,3,Movistar,false,false
1428112843665,-1,-1,-1,-1,0,3,Movistar,true,false
1428112843665,-1,-1,-1,-1,0,3,Movistar,false,false
1428112843665,-1,-1,-1,-1,0,3,Movistar,false,false
1428112843665,-1,-1,-1,-1,0,3,Movistar,false,false
1428112843665,-1,-1,-1,-1,0,3,Movistar,false,false
1428112843665,-1,-1,-1,-1,0,3,Movistar,false,false
1428112843665,2147483647,2147483647,2147483647,2147483647,-97,3,Movistar,false,false
1428112843665,2147483647,2147483647,2147483647,2147483647,-101,3,Movistar,false,false
1428112843665,2147483647,2147483647,2147483647,2147483647,-103,3,Movistar,false,false
1428112843665,2147483647,2147483647,2147483647,2147483647,-113,3,Movistar,false,false
1428112843665,2147483647,2147483647,2147483647,2147483647,-113,3,Movistar,false,false
1428112843665,2147483647,2147483647,2147483647,2147483647,-113,3,Movistar,false,false
1428112843665,2147483647,2147483647,2147483647,2147483647,-113,3,Movistar,false,false
1428112843665,2147483647,2147483647,2147483647,2147483647,-113,3,Movistar,false,false
1428112904767,-1,-1,-1,-1,0,3,Movistar,true,false
1428112904767,-1,-1,-1,-1,0,3,Movistar,false,false
1428112904767,-1,-1,-1,-1,0,3,Movistar,false,false
1428112904767,-1,-1,-1,-1,0,3,Movistar,false,false
1428112904767,-1,-1,-1,-1,0,3,Movistar,false,false
1428112904767,-1,-1,-1,-1,0,3,Movistar,false,false
1428112904767,-1,-1,-1,-1,0,3,Movistar,false,false
1428112904767,2147483647,2147483647,2147483647,2147483647,-97,3,Movistar,false,false
1428112904767,2147483647,2147483647,2147483647,2147483647,-101,3,Movistar,false,false
1428112904767,2147483647,2147483647,2147483647,2147483647,-103,3,Movistar,false,false
1428112904767,2147483647,2147483647,2147483647,2147483647,-113,3,Movistar,false,false
1428112904767,2147483647,2147483647,2147483647,2147483647,-113,3,Movistar,false,false
1428112904767,2147483647,2147483647,2147483647,2147483647,-113,3,Movistar,false,false
1428112904767,2147483647,2147483647,2147483647,2147483647,-113,3,Movistar,false,false
1428112904767,2147483647,2147483647,2147483647,2147483647,-113,3,Movistar,false,false
1428112965842,-1,-1,-1,-1,0,3,Movistar,true,false
1428112965842,-1,-1,-1,-1,0,3,Movistar,false,false
1428112965842,-1,-1,-1,-1,0,3,Movistar,false,false
1428112965842,-1,-1,-1,-1,0,3,Movistar,false,false
1428112965842,-1,-1,-1,-1,0,3,Movistar,false,false
1428112965842,-1,-1,-1,-1,0,3,Movistar,false,false
1428112965842,-1,-1,-1,-1,0,3,Movistar,false,false
1428112965842,2147483647,2147483647,2147483647,2147483647,-97,3,Movistar,false,false
1428112965842,2147483647,2147483647,2147483647,2147483647,-101,3,Movistar,false,false
1428112965842,2147483647,2147483647,2147483647,2147483647,-103,3,Movistar,false,false
1428112965842,2147483647,2147483647,2147483647,2147483647,-113,3,Movistar,false,false
1428112965842,2147483647,2147483647,2147483647,2147483647,-113,3,Movistar,false,false
1428112965842,2147483647,2147483647,2147483647,2147483647,-113,3,Movistar,false,false
1428112965842,2147483647,2147483647,2147483647,2147483647,-113,3,Movistar,false,false
1428112965842,2147483647,2147483647,2147483647,2147483647,-113,3,Movistar,false,false
1428113026901,-1,-1,-1,-1,0,3,Movistar,true,false
1428113026901,-1,-1,-1,-1,0,3,Movistar,false,false
1428113026901,-1,-1,-1,-1,0,3,Movistar,false,false
1428113026901,-1,-1,-1,-1,0,3,Movistar,false,false
1428113026901,-1,-1,-1,-1,0,3,Movistar,false,false
1428113026901,-1,-1,-1,-1,0,3,Movistar,false,false
1428113026901,-1,-1,-1,-1,0,3,Movistar,false,false
1428113087997,20523018,8640,7,214,-343,13,Movistar,true,false
1428113149684,-1,-1,-1,-1,0,3,Movistar,true,false
1428113149684,-1,-1,-1,-1,0,3,Movistar,false,false
1428113149684,-1,-1,-1,-1,0,3,Movistar,false,false
1428113149684,-1,-1,-1,-1,0,3,Movistar,false,false
1428113149684,-1,-1,-1,-1,0,3,Movistar,false,false
1428113149684,-1,-1,-1,-1,0,3,Movistar,false,false
1428113149684,2147483647,2147483647,2147483647,2147483647,-77,3,Movistar,false,false
1428113149684,2147483647,2147483647,2147483647,2147483647,-97,3,Movistar,false,false
1428113149684,2147483647,2147483647,2147483647,2147483647,-105,3,Movistar,false,false
1428113149684,2147483647,2147483647,2147483647,2147483647,-111,3,Movistar,false,false
1428113149684,2147483647,2147483647,2147483647,2147483647,-113,3,Movistar,false,false
1428113149684,2147483647,2147483647,2147483647,2147483647,-113,3,Movistar,false,false
1428113149684,2147483647,2147483647,2147483647,2147483647,-113,3,Movistar,false,false
1428113149684,2147483647,2147483647,2147483647,2147483647,-113,3,Movistar,false,false
1428113211659,-1,-1,-1,-1,0,3,Movistar,true,false
1428113211659,-1,-1,-1,-1,0,3,Movistar,false,false
1428113211659,-1,-1,-1,-1,0,3,Movistar,false,false
1428113211659,-1,-1,-1,-1,0,3,Movistar,false,false
1428113211659,-1,-1,-1,-1,0,3,Movistar,false,false
1428113211659,-1,-1,-1,-1,0,3,Movistar,false,false
1428113211659,2147483647,2147483647,2147483647,2147483647,-79,3,Movistar,false,false
1428113211659,2147483647,2147483647,2147483647,2147483647,-97,3,Movistar,false,false
1428113211659,2147483647,2147483647,2147483647,2147483647,-103,3,Movistar,false,false
1428113211659,2147483647,2147483647,2147483647,2147483647,-111,3,Movistar,false,false
1428113211659,2147483647,2147483647,2147483647,2147483647,-111,3,Movistar,false,false
1428113211659,2147483647,2147483647,2147483647,2147483647,-113,3,Movistar,false,false
1428113211659,2147483647,2147483647,2147483647,2147483647,-113,3,Movistar,false,false
1428113211659,2147483647,2147483647,2147483647,2147483647,-113,3,Movistar,false,false
1428113272772,-1,-1,-1,-1,0,3,Movistar,true,false
1428113272772,-1,-1,-1,-1,0,3,Movistar,false,false
1428113272772,-1,-1,-1,-1,0,3,Movistar,false,false
1428113272772,-1,-1,-1,-1,0,3,Movistar,false,false
1428113272772,-1,-1,-1,-1,0,3,Movistar,false,false
1428113272772,-1,-1,-1,-1,0,3,Movistar,false,false
1428113272772,2147483647,2147483647,2147483647,2147483647,-57,3,Movistar,false,false
1428113272772,2147483647,2147483647,2147483647,2147483647,-95,3,Movistar,false,false
1428113272772,2147483647,2147483647,2147483647,2147483647,-103,3,Movistar,false,false
1428113272772,2147483647,2147483647,2147483647,2147483647,-111,3,Movistar,false,false
1428113272772,2147483647,2147483647,2147483647,2147483647,-113,3,Movistar,false,false
1428113272772,2147483647,2147483647,2147483647,2147483647,-113,3,Movistar,false,false
1428113272772,2147483647,2147483647,2147483647,2147483647,-113,3,Movistar,false,false
1428113272772,2147483647,2147483647,2147483647,2147483647,-113,3,Movistar,false,false
1428113333826,-1,-1,-1,-1,0,3,Movistar,true,false
1428113333826,-1,-1,-1,-1,0,3,Movistar,false,false
1428113333826,-1,-1,-1,-1,0,3,Movistar,false,false
1428113333826,-1,-1,-1,-1,0,3,Movistar,false,false
1428113333826,-1,-1,-1,-1,0,3,Movistar,false,false
1428113333826,-1,-1,-1,-1,0,3,Movistar,false,false
1428113333826,2147483647,2147483647,2147483647,2147483647,-93,3,Movistar,false,false
1428113333826,2147483647,2147483647,2147483647,2147483647,-101,3,Movistar,false,false
1428113333826,2147483647,2147483647,2147483647,2147483647,-109,3,Movistar,false,false
1428113333826,2147483647,2147483647,2147483647,2147483647,-111,3,Movistar,false,false
1428113333826,2147483647,2147483647,2147483647,2147483647,-113,3,Movistar,false,false
1428113333826,2147483647,2147483647,2147483647,2147483647,-113,3,Movistar,false,false
1428113333826,2147483647,2147483647,2147483647,2147483647,-113,3,Movistar,false,false
1428113333826,2147483647,2147483647,2147483647,2147483647,-113,3,Movistar,false,false
1428113395713,-1,-1,-1,-1,0,3,Movistar,true,false
1428113395713,-1,-1,-1,-1,0,3,Movistar,false,false
1428113395713,-1,-1,-1,-1,0,3,Movistar,false,false
1428113395713,-1,-1,-1,-1,0,3,Movistar,false,false
1428113395713,-1,-1,-1,-1,0,3,Movistar,false,false
1428113395713,-1,-1,-1,-1,0,3,Movistar,false,false
1428113395713,2147483647,2147483647,2147483647,2147483647,-79,3,Movistar,false,false
1428113395713,2147483647,2147483647,2147483647,2147483647,-95,3,Movistar,false,false
1428113395713,2147483647,2147483647,2147483647,2147483647,-101,3,Movistar,false,false
1428113395713,2147483647,2147483647,2147483647,2147483647,-111,3,Movistar,false,false
1428113395713,2147483647,2147483647,2147483647,2147483647,-111,3,Movistar,false,false
1428113395713,2147483647,2147483647,2147483647,2147483647,-113,3,Movistar,false,false
1428113395713,2147483647,2147483647,2147483647,2147483647,-113,3,Movistar,false,false
1428113395713,2147483647,2147483647,2147483647,2147483647,-113,3,Movistar,false,false
1428113456798,11833,833,7,214,-99,2,Movistar,true,false
1428113456798,11834,833,7,214,-101,2,Movistar,false,false
1428113456798,13151,833,7,214,-103,2,Movistar,false,false
1428113456798,-1,0,0,0,-97,2,Movistar,false,false
1428113456798,-1,0,0,0,-107,2,Movistar,false,false
1428113518642,11831,833,7,214,-97,2,Movistar,true,false
1428113518642,13151,833,7,214,-101,2,Movistar,false,false
1428113518642,-1,0,0,0,-107,2,Movistar,false,false
1428113583704,11831,833,7,214,-95,2,Movistar,true,false
1428113583704,-1,0,0,0,-101,2,Movistar,false,false
1428113583704,11834,833,7,214,-107,2,Movistar,false,false
1428113583704,13151,833,7,214,-107,2,Movistar,false,false
1428113644689,-1,-1,-1,-1,0,3,Movistar,true,false
1428113644689,-1,-1,-1,-1,0,3,Movistar,false,false
1428113644689,-1,-1,-1,-1,0,3,Movistar,false,false
1428113644689,-1,-1,-1,-1,0,3,Movistar,false,false
1428113644689,-1,-1,-1,-1,0,3,Movistar,false,false
1428113644689,-1,-1,-1,-1,0,3,Movistar,false,false
1428113644689,-1,-1,-1,-1,0,3,Movistar,false,false
1428113644689,2147483647,2147483647,2147483647,2147483647,-91,3,Movistar,false,false
1428113644689,2147483647,2147483647,2147483647,2147483647,-99,3,Movistar,false,false
1428113644689,2147483647,2147483647,2147483647,2147483647,-109,3,Movistar,false,false
1428113644689,2147483647,2147483647,2147483647,2147483647,-111,3,Movistar,false,false
1428113644689,2147483647,2147483647,2147483647,2147483647,-111,3,Movistar,false,false
1428113644689,2147483647,2147483647,2147483647,2147483647,-111,3,Movistar,false,false
1428113644689,2147483647,2147483647,2147483647,2147483647,-113,3,Movistar,false,false
1428113644689,2147483647,2147483647,2147483647,2147483647,-113,3,Movistar,false,false
1428113711815,-1,-1,-1,-1,0,3,Movistar,true,false
1428113711815,-1,-1,-1,-1,0,3,Movistar,false,false
1428113711815,-1,-1,-1,-1,0,3,Movistar,false,false
1428113711815,-1,-1,-1,-1,0,3,Movistar,false,false
1428113711815,-1,-1,-1,-1,0,3,Movistar,false,false
1428113711815,-1,-1,-1,-1,0,3,Movistar,false,false
1428113711815,-1,-1,-1,-1,0,3,Movistar,false,false
1428113711815,2147483647,2147483647,2147483647,2147483647,-95,3,Movistar,false,false
1428113711815,2147483647,2147483647,2147483647,2147483647,-103,3,Movistar,false,false
1428113711815,2147483647,2147483647,2147483647,2147483647,-105,3,Movistar,false,false
1428113711815,2147483647,2147483647,2147483647,2147483647,-109,3,Movistar,false,false
1428113711815,2147483647,2147483647,2147483647,2147483647,-111,3,Movistar,false,false
1428113711815,2147483647,2147483647,2147483647,2147483647,-111,3,Movistar,false,false
1428113711815,2147483647,2147483647,2147483647,2147483647,-113,3,Movistar,false,false
1428113711815,2147483647,2147483647,2147483647,2147483647,-113,3,Movistar,false,false
1428113772637,-1,-1,-1,-1,0,3,Movistar,true,false
1428113772637,-1,-1,-1,-1,0,3,Movistar,false,false
1428113772637,-1,-1,-1,-1,0,3,Movistar,false,false
1428113772637,-1,-1,-1,-1,0,3,Movistar,false,false
1428113772637,-1,-1,-1,-1,0,3,Movistar,false,false
1428113772637,-1,-1,-1,-1,0,3,Movistar,false,false
1428113772637,-1,-1,-1,-1,0,3,Movistar,false,false
1428113772637,2147483647,2147483647,2147483647,2147483647,-79,3,Movistar,false,false
1428113772637,2147483647,2147483647,2147483647,2147483647,-99,3,Movistar,false,false
1428113772637,2147483647,2147483647,2147483647,2147483647,-105,3,Movistar,false,false
1428113772637,2147483647,2147483647,2147483647,2147483647,-111,3,Movistar,false,false
1428113772637,2147483647,2147483647,2147483647,2147483647,-111,3,Movistar,false,false
1428113772637,2147483647,2147483647,2147483647,2147483647,-113,3,Movistar,false,false
1428113772637,2147483647,2147483647,2147483647,2147483647,-113,3,Movistar,false,false
1428113772637,2147483647,2147483647,2147483647,2147483647,-113,3,Movistar,false,false
1428113840709,-1,-1,-1,-1,0,3,Movistar,true,false
1428113840709,-1,-1,-1,-1,0,3,Movistar,false,false
1428113840709,-1,-1,-1,-1,0,3,Movistar,false,false
1428113840709,-1,-1,-1,-1,0,3,Movistar,false,false
1428113840709,-1,-1,-1,-1,0,3,Movistar,false,false
1428113840709,-1,-1,-1,-1,0,3,Movistar,false,false
1428113840709,2147483647,2147483647,2147483647,2147483647,-89,3,Movistar,false,false
1428113840709,2147483647,2147483647,2147483647,2147483647,-95,3,Movistar,false,false
1428113840709,2147483647,2147483647,2147483647,2147483647,-103,3,Movistar,false,false
1428113840709,2147483647,2147483647,2147483647,2147483647,-111,3,Movistar,false,false
1428113840709,2147483647,2147483647,2147483647,2147483647,-111,3,Movistar,false,false
1428113840709,2147483647,2147483647,2147483647,2147483647,-111,3,Movistar,false,false
1428113840709,2147483647,2147483647,2147483647,2147483647,-113,3,Movistar,false,false
1428113840709,2147483647,2147483647,2147483647,2147483647,-113,3,Movistar,false,false
1428113900699,-1,-1,-1,-1,0,3,Movistar,true,false
1428113900699,-1,-1,-1,-1,0,3,Movistar,false,false
1428113900699,-1,-1,-1,-1,0,3,Movistar,false,false
1428113900699,-1,-1,-1,-1,0,3,Movistar,false,false
1428113900699,-1,-1,-1,-1,0,3,Movistar,false,false
1428113900699,-1,-1,-1,-1,0,3,Movistar,false,false
1428113900699,2147483647,2147483647,2147483647,2147483647,-67,3,Movistar,false,false
1428113900699,2147483647,2147483647,2147483647,2147483647,-93,3,Movistar,false,false
1428113900699,2147483647,2147483647,2147483647,2147483647,-97,3,Movistar,false,false
1428113900699,2147483647,2147483647,2147483647,2147483647,-109,3,Movistar,false,false
1428113900699,2147483647,2147483647,2147483647,2147483647,-111,3,Movistar,false,false
1428113900699,2147483647,2147483647,2147483647,2147483647,-111,3,Movistar,false,false
1428113900699,2147483647,2147483647,2147483647,2147483647,-113,3,Movistar,false,false
1428113900699,2147483647,2147483647,2147483647,2147483647,-113,3,Movistar,false,false
1428113960730,-1,-1,-1,-1,0,3,Movistar,true,false
1428113960730,-1,-1,-1,-1,0,3,Movistar,false,false
1428113960730,-1,-1,-1,-1,0,3,Movistar,false,false
1428113960730,-1,-1,-1,-1,0,3,Movistar,false,false
1428113960730,-1,-1,-1,-1,0,3,Movistar,false,false
1428113960730,-1,-1,-1,-1,0,3,Movistar,false,false
1428113960730,2147483647,2147483647,2147483647,2147483647,-67,3,Movistar,false,false
1428113960730,2147483647,2147483647,2147483647,2147483647,-95,3,Movistar,false,false
1428113960730,2147483647,2147483647,2147483647,2147483647,-97,3,Movistar,false,false
1428113960730,2147483647,2147483647,2147483647,2147483647,-109,3,Movistar,false,false
1428113960730,2147483647,2147483647,2147483647,2147483647,-111,3,Movistar,false,false
1428113960730,2147483647,2147483647,2147483647,2147483647,-113,3,Movistar,false,false
1428113960730,2147483647,2147483647,2147483647,2147483647,-113,3,Movistar,false,false
1428113960730,2147483647,2147483647,2147483647,2147483647,-113,3,Movistar,false,false
1428114020744,-1,-1,-1,-1,0,3,Movistar,true,false
1428114080822,-1,-1,-1,-1,0,3,Movistar,true,false
1428114080822,-1,-1,-1,-1,0,3,Movistar,false,false
1428114080822,-1,-1,-1,-1,0,3,Movistar,false,false
1428114080822,-1,-1,-1,-1,0,3,Movistar,false,false
1428114080822,-1,-1,-1,-1,0,3,Movistar,false,false
1428114080822,-1,-1,-1,-1,0,3,Movistar,false,false
1428114080822,-1,-1,-1,-1,0,3,Movistar,false,false
1428114080822,2147483647,2147483647,2147483647,2147483647,-67,3,Movistar,false,false
1428114080822,2147483647,2147483647,2147483647,2147483647,-95,3,Movistar,false,false
1428114080822,2147483647,2147483647,2147483647,2147483647,-97,3,Movistar,false,false
1428114080822,2147483647,2147483647,2147483647,2147483647,-109,3,Movistar,false,false
1428114080822,2147483647,2147483647,2147483647,2147483647,-111,3,Movistar,false,false
1428114080822,2147483647,2147483647,2147483647,2147483647,-113,3,Movistar,false,false
1428114080822,2147483647,2147483647,2147483647,2147483647,-113,3,Movistar,false,false
1428114080822,2147483647,2147483647,2147483647,2147483647,-113,3,Movistar,false,false
1428114140829,-1,-1,-1,-1,0,3,Movistar,true,false
1428114140829,-1,-1,-1,-1,0,3,Movistar,false,false
1428114140829,-1,-1,-1,-1,0,3,Movistar,false,false
1428114140829,-1,-1,-1,-1,0,3,Movistar,false,false
1428114140829,-1,-1,-1,-1,0,3,Movistar,false,false
1428114140829,-1,-1,-1,-1,0,3,Movistar,false,false
1428114140829,-1,-1,-1,-1,0,3,Movistar,false,false
1428114140829,2147483647,2147483647,2147483647,2147483647,-57,3,Movistar,false,false
1428114140829,2147483647,2147483647,2147483647,2147483647,-97,3,Movistar,false,false
1428114140829,2147483647,2147483647,2147483647,2147483647,-99,3,Movistar,false,false
1428114140829,2147483647,2147483647,2147483647,2147483647,-111,3,Movistar,false,false
1428114140829,2147483647,2147483647,2147483647,2147483647,-111,3,Movistar,false,false
1428114140829,2147483647,2147483647,2147483647,2147483647,-113,3,Movistar,false,false
1428114140829,2147483647,2147483647,2147483647,2147483647,-113,3,Movistar,false,false
1428114140829,2147483647,2147483647,2147483647,2147483647,-113,3,Movistar,false,false
1428114201651,-1,-1,-1,-1,0,3,Movistar,true,false
1428114201651,-1,-1,-1,-1,0,3,Movistar,false,false
1428114201651,-1,-1,-1,-1,0,3,Movistar,false,false
1428114201651,-1,-1,-1,-1,0,3,Movistar,false,false
1428114201651,-1,-1,-1,-1,0,3,Movistar,false,false
1428114261706,-1,-1,-1,-1,0,3,Movistar,true,false
1428114261706,-1,-1,-1,-1,0,3,Movistar,false,false
1428114261706,-1,-1,-1,-1,0,3,Movistar,false,false
1428114261706,-1,-1,-1,-1,0,3,Movistar,false,false
1428114261706,-1,-1,-1,-1,0,3,Movistar,false,false
1428114261706,-1,-1,-1,-1,0,3,Movistar,false,false
1428114261706,2147483647,2147483647,2147483647,2147483647,-53,3,Movistar,false,false
1428114261706,2147483647,2147483647,2147483647,2147483647,-103,3,Movistar,false,false
1428114261706,2147483647,2147483647,2147483647,2147483647,-105,3,Movistar,false,false
1428114261706,2147483647,2147483647,2147483647,2147483647,-111,3,Movistar,false,false
1428114261706,2147483647,2147483647,2147483647,2147483647,-111,3,Movistar,false,false
1428114261706,2147483647,2147483647,2147483647,2147483647,-111,3,Movistar,false,false
1428114261706,2147483647,2147483647,2147483647,2147483647,-111,3,Movistar,false,false
1428114261706,2147483647,2147483647,2147483647,2147483647,-111,3,Movistar,false,false
1428114321737,-1,-1,-1,-1,0,3,Movistar,true,false
1428114321737,-1,-1,-1,-1,0,3,Movistar,false,false
1428114321737,-1,-1,-1,-1,0,3,Movistar,false,false
1428114321737,-1,-1,-1,-1,0,3,Movistar,false,false
1428114321737,-1,-1,-1,-1,0,3,Movistar,false,false
1428114321737,-1,-1,-1,-1,0,3,Movistar,false,false
1428114321737,2147483647,2147483647,2147483647,2147483647,-53,3,Movistar,false,false
1428114321737,2147483647,2147483647,2147483647,2147483647,-103,3,Movistar,false,false
1428114321737,2147483647,2147483647,2147483647,2147483647,-105,3,Movistar,false,false
1428114321737,2147483647,2147483647,2147483647,2147483647,-111,3,Movistar,false,false
1428114321737,2147483647,2147483647,2147483647,2147483647,-111,3,Movistar,false,false
1428114321737,2147483647,2147483647,2147483647,2147483647,-111,3,Movistar,false,false
1428114321737,2147483647,2147483647,2147483647,2147483647,-111,3,Movistar,false,false
1428114321737,2147483647,2147483647,2147483647,2147483647,-111,3,Movistar,false,false
1428114381775,-1,-1,-1,-1,0,3,Movistar,true,false
1428114381775,-1,-1,-1,-1,0,3,Movistar,false,false
1428114381775,-1,-1,-1,-1,0,3,Movistar,false,false
1428114381775,-1,-1,-1,-1,0,3,Movistar,false,false
1428114381775,-1,-1,-1,-1,0,3,Movistar,false,false
1428114381775,-1,-1,-1,-1,0,3,Movistar,false,false
1428114381775,2147483647,2147483647,2147483647,2147483647,-53,3,Movistar,false,false
1428114381775,2147483647,2147483647,2147483647,2147483647,-103,3,Movistar,false,false
1428114381775,2147483647,2147483647,2147483647,2147483647,-105,3,Movistar,false,false
1428114381775,2147483647,2147483647,2147483647,2147483647,-111,3,Movistar,false,false
1428114381775,2147483647,2147483647,2147483647,2147483647,-111,3,Movistar,false,false
1428114381775,2147483647,2147483647,2147483647,2147483647,-111,3,Movistar,false,false
1428114381775,2147483647,2147483647,2147483647,2147483647,-111,3,Movistar,false,false
1428114381775,2147483647,2147483647,2147483647,2147483647,-111,3,Movistar,false,false
1428114441821,-1,-1,-1,-1,0,3,Movistar,true,false
1428114441821,-1,-1,-1,-1,0,3,Movistar,false,false
1428114441821,-1,-1,-1,-1,0,3,Movistar,false,false
1428114441821,-1,-1,-1,-1,0,3,Movistar,false,false
1428114441821,-1,-1,-1,-1,0,3,Movistar,false,false
1428114441821,-1,-1,-1,-1,0,3,Movistar,false,false
1428114441821,2147483647,2147483647,2147483647,2147483647,-53,3,Movistar,false,false
1428114441821,2147483647,2147483647,2147483647,2147483647,-103,3,Movistar,false,false
1428114441821,2147483647,2147483647,2147483647,2147483647,-105,3,Movistar,false,false
1428114441821,2147483647,2147483647,2147483647,2147483647,-111,3,Movistar,false,false
1428114441821,2147483647,2147483647,2147483647,2147483647,-111,3,Movistar,false,false
1428114441821,2147483647,2147483647,2147483647,2147483647,-111,3,Movistar,false,false
1428114441821,2147483647,2147483647,2147483647,2147483647,-111,3,Movistar,false,false
1428114441821,2147483647,2147483647,2147483647,2147483647,-111,3,Movistar,false,false
1428114501962,-1,-1,-1,-1,0,3,Movistar,true,false
1428114501962,-1,-1,-1,-1,0,3,Movistar,false,false
1428114501962,-1,-1,-1,-1,0,3,Movistar,false,false
1428114501962,-1,-1,-1,-1,0,3,Movistar,false,false
1428114501962,-1,-1,-1,-1,0,3,Movistar,false,false
1428114501962,-1,-1,-1,-1,0,3,Movistar,false,false
1428114501962,2147483647,2147483647,2147483647,2147483647,-53,3,Movistar,false,false
1428114501962,2147483647,2147483647,2147483647,2147483647,-103,3,Movistar,false,false
1428114501962,2147483647,2147483647,2147483647,2147483647,-105,3,Movistar,false,false
1428114501962,2147483647,2147483647,2147483647,2147483647,-111,3,Movistar,false,false
1428114501962,2147483647,2147483647,2147483647,2147483647,-111,3,Movistar,false,false
1428114501962,2147483647,2147483647,2147483647,2147483647,-111,3,Movistar,false,false
1428114501962,2147483647,2147483647,2147483647,2147483647,-111,3,Movistar,false,false
1428114501962,2147483647,2147483647,2147483647,2147483647,-111,3,Movistar,false,false
1428114561996,-1,-1,-1,-1,0,3,Movistar,true,false
1428114561996,-1,-1,-1,-1,0,3,Movistar,false,false
1428114561996,-1,-1,-1,-1,0,3,Movistar,false,false
1428114561996,-1,-1,-1,-1,0,3,Movistar,false,false
1428114561996,-1,-1,-1,-1,0,3,Movistar,false,false
1428114561996,-1,-1,-1,-1,0,3,Movistar,false,false
1428114561996,2147483647,2147483647,2147483647,2147483647,-53,3,Movistar,false,false
1428114561996,2147483647,2147483647,2147483647,2147483647,-99,3,Movistar,false,false
1428114561996,2147483647,2147483647,2147483647,2147483647,-101,3,Movistar,false,false
1428114561996,2147483647,2147483647,2147483647,2147483647,-111,3,Movistar,false,false
1428114561996,2147483647,2147483647,2147483647,2147483647,-111,3,Movistar,false,false
1428114561996,2147483647,2147483647,2147483647,2147483647,-111,3,Movistar,false,false
1428114561996,2147483647,2147483647,2147483647,2147483647,-111,3,Movistar,false,false
1428114561996,2147483647,2147483647,2147483647,2147483647,-113,3,Movistar,false,false
1428114621966,-1,-1,-1,-1,0,3,Movistar,false,false
1428114621966,-1,-1,-1,-1,0,3,Movistar,false,false
1428114621966,2147483647,2147483647,2147483647,2147483647,-87,3,Movistar,false,false
1428114621966,2147483647,2147483647,2147483647,2147483647,-93,3,Movistar,false,false
1428114621966,2147483647,2147483647,2147483647,2147483647,-95,3,Movistar,false,false
1428114621966,2147483647,2147483647,2147483647,2147483647,-103,3,Movistar,false,false
1428114621966,2147483647,2147483647,2147483647,2147483647,-103,3,Movistar,false,false
1428114621966,2147483647,2147483647,2147483647,2147483647,-105,3,Movistar,false,false
1428114621966,2147483647,2147483647,2147483647,2147483647,-105,3,Movistar,false,false
1428114621966,2147483647,2147483647,2147483647,2147483647,-107,3,Movistar,false,false
1428114682627,-1,-1,-1,-1,0,3,Movistar,true,false
1428114682627,-1,-1,-1,-1,0,3,Movistar,false,false
1428114682627,-1,-1,-1,-1,0,3,Movistar,false,false
1428114682627,-1,-1,-1,-1,0,3,Movistar,false,false
1428114682627,-1,-1,-1,-1,0,3,Movistar,false,false
1428114682627,2147483647,2147483647,2147483647,2147483647,-81,3,Movistar,false,false
1428114682627,2147483647,2147483647,2147483647,2147483647,-95,3,Movistar,false,false
1428114682627,2147483647,2147483647,2147483647,2147483647,-107,3,Movistar,false,false
1428114682627,2147483647,2147483647,2147483647,2147483647,-111,3,Movistar,false,false
1428114682627,2147483647,2147483647,2147483647,2147483647,-111,3,Movistar,false,false
1428114682627,2147483647,2147483647,2147483647,2147483647,-111,3,Movistar,false,false
1428114682627,2147483647,2147483647,2147483647,2147483647,-113,3,Movistar,false,false
1428114682627,2147483647,2147483647,2147483647,2147483647,-113,3,Movistar,false,false
1428114742632,-1,-1,-1,-1,0,3,Movistar,true,false
1428114742632,-1,-1,-1,-1,0,3,Movistar,false,false
1428114742632,-1,-1,-1,-1,0,3,Movistar,false,false
1428114802694,-1,-1,-1,-1,0,3,Movistar,true,false
1428114802694,-1,-1,-1,-1,0,3,Movistar,false,false
1428114802694,-1,-1,-1,-1,0,3,Movistar,false,false
1428114802694,-1,-1,-1,-1,0,3,Movistar,false,false
1428114802694,-1,-1,-1,-1,0,3,Movistar,false,false
1428114863769,-1,-1,-1,-1,0,3,Movistar,true,false
1428114863769,-1,-1,-1,-1,0,3,Movistar,false,false
1428114863769,-1,-1,-1,-1,0,3,Movistar,false,false
1428114863769,-1,-1,-1,-1,0,3,Movistar,false,false
1428114924850,-1,-1,-1,-1,0,3,Movistar,true,false
1428114924850,-1,-1,-1,-1,0,3,Movistar,false,false
1428114924850,-1,-1,-1,-1,0,3,Movistar,false,false
1428114986720,-1,-1,-1,-1,0,3,Movistar,true,false
1428114986720,-1,-1,-1,-1,0,3,Movistar,false,false
1428114986720,-1,-1,-1,-1,0,3,Movistar,false,false
1428114986720,-1,-1,-1,-1,0,3,Movistar,false,false
1428114986720,-1,-1,-1,-1,0,3,Movistar,false,false
1428114986720,-1,-1,-1,-1,0,3,Movistar,false,false
1428114986720,2147483647,2147483647,2147483647,2147483647,-65,3,Movistar,false,false
1428114986720,2147483647,2147483647,2147483647,2147483647,-93,3,Movistar,false,false
1428114986720,2147483647,2147483647,2147483647,2147483647,-103,3,Movistar,false,false
1428114986720,2147483647,2147483647,2147483647,2147483647,-111,3,Movistar,false,false
1428114986720,2147483647,2147483647,2147483647,2147483647,-111,3,Movistar,false,false
1428114986720,2147483647,2147483647,2147483647,2147483647,-111,3,Movistar,false,false
1428114986720,2147483647,2147483647,2147483647,2147483647,-113,3,Movistar,false,false
1428114986720,2147483647,2147483647,2147483647,2147483647,-113,3,Movistar,false,false
1428115047981,-1,-1,-1,-1,0,3,Movistar,true,false
1428115047981,-1,-1,-1,-1,0,3,Movistar,false,false
1428115047981,-1,-1,-1,-1,0,3,Movistar,false,false
1428115047981,-1,-1,-1,-1,0,3,Movistar,false,false
1428115047981,-1,-1,-1,-1,0,3,Movistar,false,false
1428115047981,-1,-1,-1,-1,0,3,Movistar,false,false
1428115047981,2147483647,2147483647,2147483647,2147483647,-71,3,Movistar,false,false
1428115047981,2147483647,2147483647,2147483647,2147483647,-97,3,Movistar,false,false
1428115047981,2147483647,2147483647,2147483647,2147483647,-109,3,Movistar,false,false
1428115047981,2147483647,2147483647,2147483647,2147483647,-111,3,Movistar,false,false
1428115047981,2147483647,2147483647,2147483647,2147483647,-111,3,Movistar,false,false
1428115047981,2147483647,2147483647,2147483647,2147483647,-113,3,Movistar,false,false
1428115047981,2147483647,2147483647,2147483647,2147483647,-113,3,Movistar,false,false
1428115047981,2147483647,2147483647,2147483647,2147483647,-113,3,Movistar,false,false
1428115109670,-1,-1,-1,-1,0,3,Movistar,true,false
1428115109670,-1,-1,-1,-1,0,3,Movistar,false,false
1428115109670,-1,-1,-1,-1,0,3,Movistar,false,false
1428115109670,-1,-1,-1,-1,0,3,Movistar,false,false
1428115109670,2147483647,2147483647,2147483647,2147483647,-73,3,Movistar,false,false
1428115109670,2147483647,2147483647,2147483647,2147483647,-93,3,Movistar,false,false
1428115109670,2147483647,2147483647,2147483647,2147483647,-99,3,Movistar,false,false
1428115109670,2147483647,2147483647,2147483647,2147483647,-109,3,Movistar,false,false
1428115109670,2147483647,2147483647,2147483647,2147483647,-111,3,Movistar,false,false
1428115109670,2147483647,2147483647,2147483647,2147483647,-111,3,Movistar,false,false
1428115109670,2147483647,2147483647,2147483647,2147483647,-113,3,Movistar,false,false
1428115109670,2147483647,2147483647,2147483647,2147483647,-113,3,Movistar,false,false
1428115170697,-1,-1,-1,-1,0,3,Movistar,true,false
1428115231744,-1,-1,-1,-1,0,3,Movistar,true,false
1428115231744,-1,-1,-1,-1,0,3,Movistar,false,false
1428115231744,-1,-1,-1,-1,0,3,Movistar,false,false
1428115231744,-1,-1,-1,-1,0,3,Movistar,false,false
1428115231744,-1,-1,-1,-1,0,3,Movistar,false,false
1428115231744,2147483647,2147483647,2147483647,2147483647,-87,3,Movistar,false,false
1428115231744,2147483647,2147483647,2147483647,2147483647,-95,3,Movistar,false,false
1428115231744,2147483647,2147483647,2147483647,2147483647,-107,3,Movistar,false,false
1428115231744,2147483647,2147483647,2147483647,2147483647,-109,3,Movistar,false,false
1428115231744,2147483647,2147483647,2147483647,2147483647,-109,3,Movistar,false,false
1428115231744,2147483647,2147483647,2147483647,2147483647,-109,3,Movistar,false,false
1428115231744,2147483647,2147483647,2147483647,2147483647,-109,3,Movistar,false,false
1428115231744,2147483647,2147483647,2147483647,2147483647,-109,3,Movistar,false,false
1428115292784,-1,-1,-1,-1,0,3,Movistar,true,false
1428115292784,-1,-1,-1,-1,0,3,Movistar,false,false
1428115292784,-1,-1,-1,-1,0,3,Movistar,false,false
1428115292784,-1,-1,-1,-1,0,3,Movistar,false,false
1428115292784,2147483647,2147483647,2147483647,2147483647,-89,3,Movistar,false,false
1428115292784,2147483647,2147483647,2147483647,2147483647,-93,3,Movistar,false,false
1428115292784,2147483647,2147483647,2147483647,2147483647,-101,3,Movistar,false,false
1428115292784,2147483647,2147483647,2147483647,2147483647,-109,3,Movistar,false,false
1428115292784,2147483647,2147483647,2147483647,2147483647,-109,3,Movistar,false,false
1428115292784,2147483647,2147483647,2147483647,2147483647,-109,3,Movistar,false,false
1428115292784,2147483647,2147483647,2147483647,2147483647,-109,3,Movistar,false,false
1428115292784,2147483647,2147483647,2147483647,2147483647,-111,3,Movistar,false,false
1428115353963,-1,-1,-1,-1,0,3,Movistar,true,false
1428115353963,-1,-1,-1,-1,0,3,Movistar,false,false
1428115353963,-1,-1,-1,-1,0,3,Movistar,false,false
1428115353963,-1,-1,-1,-1,0,3,Movistar,false,false
1428115353963,2147483647,2147483647,2147483647,2147483647,-89,3,Movistar,false,false
1428115353963,2147483647,2147483647,2147483647,2147483647,-91,3,Movistar,false,false
1428115353963,2147483647,2147483647,2147483647,2147483647,-93,3,Movistar,false,false
1428115353963,2147483647,2147483647,2147483647,2147483647,-109,3,Movistar,false,false
1428115353963,2147483647,2147483647,2147483647,2147483647,-109,3,Movistar,false,false
1428115353963,2147483647,2147483647,2147483647,2147483647,-109,3,Movistar,false,false
1428115353963,2147483647,2147483647,2147483647,2147483647,-111,3,Movistar,false,false
1428115353963,2147483647,2147483647,2147483647,2147483647,-111,3,Movistar,false,false
1428115414052,-1,-1,-1,-1,0,3,Movistar,true,false
1428115414052,-1,-1,-1,-1,0,3,Movistar,false,false
1428115414052,-1,-1,-1,-1,0,3,Movistar,false,false
1428115414052,-1,-1,-1,-1,0,3,Movistar,false,false
1428115414052,2147483647,2147483647,2147483647,2147483647,-89,3,Movistar,false,false
1428115414052,2147483647,2147483647,2147483647,2147483647,-91,3,Movistar,false,false
1428115414052,2147483647,2147483647,2147483647,2147483647,-93,3,Movistar,false,false
1428115414052,2147483647,2147483647,2147483647,2147483647,-109,3,Movistar,false,false
1428115414052,2147483647,2147483647,2147483647,2147483647,-109,3,Movistar,false,false
1428115414052,2147483647,2147483647,2147483647,2147483647,-109,3,Movistar,false,false
1428115414052,2147483647,2147483647,2147483647,2147483647,-111,3,Movistar,false,false
1428115414052,2147483647,2147483647,2147483647,2147483647,-111,3,Movistar,false,false
1428115475156,-1,-1,-1,-1,0,3,Movistar,true,false
1428115475156,-1,-1,-1,-1,0,3,Movistar,false,false
1428115475156,-1,-1,-1,-1,0,3,Movistar,false,false
1428115475156,-1,-1,-1,-1,0,3,Movistar,false,false
1428115475156,2147483647,2147483647,2147483647,2147483647,-89,3,Movistar,false,false
1428115475156,2147483647,2147483647,2147483647,2147483647,-91,3,Movistar,false,false
1428115475156,2147483647,2147483647,2147483647,2147483647,-93,3,Movistar,false,false
1428115475156,2147483647,2147483647,2147483647,2147483647,-109,3,Movistar,false,false
1428115475156,2147483647,2147483647,2147483647,2147483647,-109,3,Movistar,false,false
1428115475156,2147483647,2147483647,2147483647,2147483647,-109,3,Movistar,false,false
1428115475156,2147483647,2147483647,2147483647,2147483647,-111,3,Movistar,false,false
1428115475156,2147483647,2147483647,2147483647,2147483647,-111,3,Movistar,false,false
1428115536754,-1,-1,-1,-1,0,3,Movistar,true,false
1428115536754,-1,-1,-1,-1,0,3,Movistar,false,false
1428115536754,-1,-1,-1,-1,0,3,Movistar,false,false
1428115536754,-1,-1,-1,-1,0,3,Movistar,false,false
1428115536754,2147483647,2147483647,2147483647,2147483647,-81,3,Movistar,false,false
1428115536754,2147483647,2147483647,2147483647,2147483647,-87,3,Movistar,false,false
1428115536754,2147483647,2147483647,2147483647,2147483647,-89,3,Movistar,false,false
1428115536754,2147483647,2147483647,2147483647,2147483647,-107,3,Movistar,false,false
1428115536754,2147483647,2147483647,2147483647,2147483647,-107,3,Movistar,false,false
1428115536754,2147483647,2147483647,2147483647,2147483647,-111,3,Movistar,false,false
1428115536754,2147483647,2147483647,2147483647,2147483647,-113,3,Movistar,false,false
1428115536754,2147483647,2147483647,2147483647,2147483647,-113,3,Movistar,false,false
1428115597871,-1,-1,-1,-1,0,3,Movistar,true,false
1428115597871,-1,-1,-1,-1,0,3,Movistar,false,false
1428115597871,-1,-1,-1,-1,0,3,Movistar,false,false
1428115597871,-1,-1,-1,-1,0,3,Movistar,false,false
1428115597871,2147483647,2147483647,2147483647,2147483647,-81,3,Movistar,false,false
1428115597871,2147483647,2147483647,2147483647,2147483647,-91,3,Movistar,false,false
1428115597871,2147483647,2147483647,2147483647,2147483647,-93,3,Movistar,false,false
1428115597871,2147483647,2147483647,2147483647,2147483647,-109,3,Movistar,false,false
1428115597871,2147483647,2147483647,2147483647,2147483647,-109,3,Movistar,false,false
1428115597871,2147483647,2147483647,2147483647,2147483647,-111,3,Movistar,false,false
1428115597871,2147483647,2147483647,2147483647,2147483647,-113,3,Movistar,false,false
1428115597871,2147483647,2147483647,2147483647,2147483647,-113,3,Movistar,false,false
1428115659022,-1,-1,-1,-1,0,3,Movistar,true,false
1428115659022,-1,-1,-1,-1,0,3,Movistar,false,false
1428115659022,-1,-1,-1,-1,0,3,Movistar,false,false
1428115659022,-1,-1,-1,-1,0,3,Movistar,false,false
1428115659022,-1,-1,-1,-1,0,3,Movistar,false,false
1428115659022,2147483647,2147483647,2147483647,2147483647,-81,3,Movistar,false,false
1428115659022,2147483647,2147483647,2147483647,2147483647,-89,3,Movistar,false,false
1428115659022,2147483647,2147483647,2147483647,2147483647,-91,3,Movistar,false,false
1428115659022,2147483647,2147483647,2147483647,2147483647,-109,3,Movistar,false,false
1428115659022,2147483647,2147483647,2147483647,2147483647,-109,3,Movistar,false,false
1428115659022,2147483647,2147483647,2147483647,2147483647,-111,3,Movistar,false,false
1428115659022,2147483647,2147483647,2147483647,2147483647,-113,3,Movistar,false,false
1428115659022,2147483647,2147483647,2147483647,2147483647,-113,3,Movistar,false,false
1428115726681,-1,-1,-1,-1,0,3,Movistar,true,false
1428115726681,-1,-1,-1,-1,0,3,Movistar,false,false
1428115726681,-1,-1,-1,-1,0,3,Movistar,false,false
1428115726681,-1,-1,-1,-1,0,3,Movistar,false,false
1428115726681,-1,-1,-1,-1,0,3,Movistar,false,false
1428115726681,-1,-1,-1,-1,0,3,Movistar,false,false
1428115726681,-1,-1,-1,-1,0,3,Movistar,false,false
1428115726681,2147483647,2147483647,2147483647,2147483647,-79,3,Movistar,false,false
1428115726681,2147483647,2147483647,2147483647,2147483647,-95,3,Movistar,false,false
1428115726681,2147483647,2147483647,2147483647,2147483647,-95,3,Movistar,false,false
1428115726681,2147483647,2147483647,2147483647,2147483647,-105,3,Movistar,false,false
1428115726681,2147483647,2147483647,2147483647,2147483647,-109,3,Movistar,false,false
1428115726681,2147483647,2147483647,2147483647,2147483647,-109,3,Movistar,false,false
1428115726681,2147483647,2147483647,2147483647,2147483647,-111,3,Movistar,false,false
1428115726681,2147483647,2147483647,2147483647,2147483647,-113,3,Movistar,false,false
1428115787764,-1,-1,-1,-1,0,3,Movistar,true,false
1428115787764,-1,-1,-1,-1,0,3,Movistar,false,false
1428115787764,-1,-1,-1,-1,0,3,Movistar,false,false
1428115787764,-1,-1,-1,-1,0,3,Movistar,false,false
1428115787764,-1,-1,-1,-1,0,3,Movistar,false,false
1428115787764,-1,-1,-1,-1,0,3,Movistar,false,false
1428115787764,-1,-1,-1,-1,0,3,Movistar,false,false
1428115787764,2147483647,2147483647,2147483647,2147483647,-77,3,Movistar,false,false
1428115787764,2147483647,2147483647,2147483647,2147483647,-97,3,Movistar,false,false
1428115787764,2147483647,2147483647,2147483647,2147483647,-99,3,Movistar,false,false
1428115787764,2147483647,2147483647,2147483647,2147483647,-107,3,Movistar,false,false
1428115787764,2147483647,2147483647,2147483647,2147483647,-111,3,Movistar,false,false
1428115787764,2147483647,2147483647,2147483647,2147483647,-111,3,Movistar,false,false
1428115787764,2147483647,2147483647,2147483647,2147483647,-113,3,Movistar,false,false
1428115787764,2147483647,2147483647,2147483647,2147483647,-113,3,Movistar,false,false
1428115848663,-1,-1,-1,-1,0,3,Movistar,true,false
1428115848663,-1,-1,-1,-1,0,3,Movistar,false,false
1428115848663,-1,-1,-1,-1,0,3,Movistar,false,false
1428115848663,-1,-1,-1,-1,0,3,Movistar,false,false
1428115848663,-1,-1,-1,-1,0,3,Movistar,false,false
1428115848663,-1,-1,-1,-1,0,3,Movistar,false,false
1428115848663,-1,-1,-1,-1,0,3,Movistar,false,false
1428115848663,-1,-1,-1,-1,0,3,Movistar,false,false
1428115848663,2147483647,2147483647,2147483647,2147483647,-93,3,Movistar,false,false
1428115848663,2147483647,2147483647,2147483647,2147483647,-95,3,Movistar,false,false
1428115848663,2147483647,2147483647,2147483647,2147483647,-111,3,Movistar,false,false
1428115848663,2147483647,2147483647,2147483647,2147483647,-111,3,Movistar,false,false
1428115848663,2147483647,2147483647,2147483647,2147483647,-111,3,Movistar,false,false
1428115848663,2147483647,2147483647,2147483647,2147483647,-113,3,Movistar,false,false
1428115848663,2147483647,2147483647,2147483647,2147483647,-113,3,Movistar,false,false
1428115848663,2147483647,2147483647,2147483647,2147483647,-113,3,Movistar,false,false
1428115909680,-1,-1,-1,-1,0,3,Movistar,true,false
1428115909680,-1,-1,-1,-1,0,3,Movistar,false,false
1428115909680,-1,-1,-1,-1,0,3,Movistar,false,false
1428115909680,-1,-1,-1,-1,0,3,Movistar,false,false
1428115971654,11833,833,7,214,-95,2,Movistar,true,false
1428115971654,11831,833,7,214,-89,2,Movistar,false,false
1428115971654,-1,0,0,0,-95,2,Movistar,false,false
1428115971654,-1,0,0,0,-101,2,Movistar,false,false
1428115971654,-1,0,0,0,-103,2,Movistar,false,false
1428116032832,20523018,8640,7,214,-106,13,Movistar,true,false
1428116032832,251,2147483647,2147483647,2147483647,-121,13,Movistar,false,false
1428116032832,289,2147483647,2147483647,2147483647,-123,13,Movistar,false,false
1428116032832,225,2147483647,2147483647,2147483647,-128,13,Movistar,false,false
1428116032832,2147483647,2147483647,2147483647,2147483647,-113,13,Movistar,false,false
1428116032832,2147483647,2147483647,2147483647,2147483647,-113,13,Movistar,false,false
1428116032832,2147483647,2147483647,2147483647,2147483647,-113,13,Movistar,false,false
1428116032832,2147483647,2147483647,2147483647,2147483647,-113,13,Movistar,false,false
1428116032832,2147483647,2147483647,2147483647,2147483647,-113,13,Movistar,false,false
1428116032832,2147483647,2147483647,2147483647,2147483647,-113,13,Movistar,false,false
1428116032832,2147483647,2147483647,2147483647,2147483647,-113,13,Movistar,false,false
1428116032832,2147483647,2147483647,2147483647,2147483647,-113,13,Movistar,false,false
1428116032832,2147483647,2147483647,2147483647,2147483647,-113,13,Movistar,false,false
1428116032832,2147483647,2147483647,2147483647,2147483647,-113,13,Movistar,false,false
1428116032832,2147483647,2147483647,2147483647,2147483647,-113,13,Movistar,false,false
1428116032832,2147483647,2147483647,2147483647,2147483647,-113,13,Movistar,false,false
1428116032832,2147483647,2147483647,2147483647,2147483647,-113,13,Movistar,false,false
1428116032832,2147483647,2147483647,2147483647,2147483647,-113,13,Movistar,false,false
1428116032832,2147483647,2147483647,2147483647,2147483647,-113,13,Movistar,false,false
1428116097684,20523018,8640,7,214,-104,13,Movistar,true,false
1428116097684,2147483647,2147483647,2147483647,2147483647,-113,13,Movistar,false,false
1428116097684,2147483647,2147483647,2147483647,2147483647,-113,13,Movistar,false,false
1428116097684,2147483647,2147483647,2147483647,2147483647,-113,13,Movistar,false,false
1428116097684,2147483647,2147483647,2147483647,2147483647,-113,13,Movistar,false,false
1428116097684,2147483647,2147483647,2147483647,2147483647,-113,13,Movistar,false,false
1428116097684,2147483647,2147483647,2147483647,2147483647,-113,13,Movistar,false,false
1428116097684,2147483647,2147483647,2147483647,2147483647,-113,13,Movistar,false,false
1428116097684,2147483647,2147483647,2147483647,2147483647,-113,13,Movistar,false,false
1428116097684,2147483647,2147483647,2147483647,2147483647,-113,13,Movistar,false,false
1428116097684,2147483647,2147483647,2147483647,2147483647,-113,13,Movistar,false,false
1428116097684,2147483647,2147483647,2147483647,2147483647,-113,13,Movistar,false,false
1428116097684,2147483647,2147483647,2147483647,2147483647,-113,13,Movistar,false,false
1428116097684,2147483647,2147483647,2147483647,2147483647,-113,13,Movistar,false,false
1428116097684,2147483647,2147483647,2147483647,2147483647,-113,13,Movistar,false,false
1428116097684,2147483647,2147483647,2147483647,2147483647,-113,13,Movistar,false,false
1428116158730,20523018,8640,7,214,-108,13,Movistar,true,false
1428116158730,251,2147483647,2147483647,2147483647,-121,13,Movistar,false,false
1428116158730,2147483647,2147483647,2147483647,2147483647,-113,13,Movistar,false,false
1428116158730,2147483647,2147483647,2147483647,2147483647,-113,13,Movistar,false,false
1428116158730,2147483647,2147483647,2147483647,2147483647,-113,13,Movistar,false,false
1428116158730,2147483647,2147483647,2147483647,2147483647,-113,13,Movistar,false,false
1428116158730,2147483647,2147483647,2147483647,2147483647,-113,13,Movistar,false,false
1428116158730,2147483647,2147483647,2147483647,2147483647,-113,13,Movistar,false,false
1428116158730,2147483647,2147483647,2147483647,2147483647,-113,13,Movistar,false,false
1428116158730,2147483647,2147483647,2147483647,2147483647,-113,13,Movistar,false,false
1428116158730,2147483647,2147483647,2147483647,2147483647,-113,13,Movistar,false,false
1428116158730,2147483647,2147483647,2147483647,2147483647,-113,13,Movistar,false,false
1428116158730,2147483647,2147483647,2147483647,2147483647,-113,13,Movistar,false,false
1428116158730,2147483647,2147483647,2147483647,2147483647,-113,13,Movistar,false,false
1428116158730,2147483647,2147483647,2147483647,2147483647,-113,13,Movistar,false,false
1428116158730,2147483647,2147483647,2147483647,2147483647,-113,13,Movistar,false,false
1428116158730,2147483647,2147483647,2147483647,2147483647,-113,13,Movistar,false,false
1428116219962,20523018,8640,7,214,-106,13,Movistar,true,false
1428116219962,2147483647,2147483647,2147483647,2147483647,-113,13,Movistar,false,false
1428116219962,2147483647,2147483647,2147483647,2147483647,-113,13,Movistar,false,false
1428116219962,2147483647,2147483647,2147483647,2147483647,-113,13,Movistar,false,false
1428116219962,2147483647,2147483647,2147483647,2147483647,-113,13,Movistar,false,false
1428116219962,2147483647,2147483647,2147483647,2147483647,-113,13,Movistar,false,false
1428116219962,2147483647,2147483647,2147483647,2147483647,-113,13,Movistar,false,false
1428116219962,2147483647,2147483647,2147483647,2147483647,-113,13,Movistar,false,false
1428116219962,2147483647,2147483647,2147483647,2147483647,-113,13,Movistar,false,false
1428116219962,2147483647,2147483647,2147483647,2147483647,-113,13,Movistar,false,false
1428116219962,2147483647,2147483647,2147483647,2147483647,-113,13,Movistar,false,false
1428116219962,2147483647,2147483647,2147483647,2147483647,-113,13,Movistar,false,false
1428116219962,2147483647,2147483647,2147483647,2147483647,-113,13,Movistar,false,false
1428116219962,2147483647,2147483647,2147483647,2147483647,-113,13,Movistar,false,false
1428116219962,2147483647,2147483647,2147483647,2147483647,-113,13,Movistar,false,false
1428116219962,2147483647,2147483647,2147483647,2147483647,-113,13,Movistar,false,false
1428116282667,20523018,8640,7,214,-355,13,Movistar,true,false
1428116343827,-1,-1,-1,-1,0,3,Movistar,true,false
1428116343827,-1,-1,-1,-1,0,3,Movistar,false,false
1428116343827,-1,-1,-1,-1,0,3,Movistar,false,false
1428116343827,-1,-1,-1,-1,0,3,Movistar,false,false
1428116343827,-1,-1,-1,-1,0,3,Movistar,false,false
1428116405734,-1,-1,-1,-1,0,3,Movistar,true,false
1428116405734,-1,-1,-1,-1,0,3,Movistar,false,false
1428116405734,-1,-1,-1,-1,0,3,Movistar,false,false
1428116405734,-1,-1,-1,-1,0,3,Movistar,false,false
1428116405734,-1,-1,-1,-1,0,3,Movistar,false,false
1428116405734,-1,-1,-1,-1,0,3,Movistar,false,false
1428116405734,-1,-1,-1,-1,0,3,Movistar,false,false
1428116405734,2147483647,2147483647,2147483647,2147483647,-83,3,Movistar,false,false
1428116405734,2147483647,2147483647,2147483647,2147483647,-95,3,Movistar,false,false
1428116405734,2147483647,2147483647,2147483647,2147483647,-97,3,Movistar,false,false
1428116405734,2147483647,2147483647,2147483647,2147483647,-105,3,Movistar,false,false
1428116405734,2147483647,2147483647,2147483647,2147483647,-113,3,Movistar,false,false
1428116405734,2147483647,2147483647,2147483647,2147483647,-113,3,Movistar,false,false
1428116405734,2147483647,2147483647,2147483647,2147483647,-113,3,Movistar,false,false
1428116405734,2147483647,2147483647,2147483647,2147483647,-113,3,Movistar,false,false
1428116467766,-1,-1,-1,-1,0,3,Movistar,true,false
1428116467766,-1,-1,-1,-1,0,3,Movistar,false,false
1428116467766,-1,-1,-1,-1,0,3,Movistar,false,false
1428116528873,-1,-1,-1,-1,0,3,Movistar,true,false
1428116528873,-1,-1,-1,-1,0,3,Movistar,false,false
1428116590697,-1,-1,-1,-1,0,3,Movistar,true,false
1428116590697,-1,-1,-1,-1,0,3,Movistar,false,false
1428116590697,-1,-1,-1,-1,0,3,Movistar,false,false
1428116590697,-1,-1,-1,-1,0,3,Movistar,false,false
1428116590697,-1,-1,-1,-1,0,3,Movistar,false,false
1428116651786,-1,-1,-1,-1,0,3,Movistar,true,false
1428116651786,-1,-1,-1,-1,0,3,Movistar,false,false
1428116651786,-1,-1,-1,-1,0,3,Movistar,false,false
1428116651786,-1,-1,-1,-1,0,3,Movistar,false,false
1428116651786,-1,-1,-1,-1,0,3,Movistar,false,false
1428116651786,-1,-1,-1,-1,0,3,Movistar,false,false
1428116651786,-1,-1,-1,-1,0,3,Movistar,false,false
1428116651786,-1,-1,-1,-1,0,3,Movistar,false,false
1428116651786,2147483647,2147483647,2147483647,2147483647,-53,3,Movistar,false,false
1428116651786,2147483647,2147483647,2147483647,2147483647,-87,3,Movistar,false,false
1428116651786,2147483647,2147483647,2147483647,2147483647,-93,3,Movistar,false,false
1428116651786,2147483647,2147483647,2147483647,2147483647,-105,3,Movistar,false,false
1428116651786,2147483647,2147483647,2147483647,2147483647,-109,3,Movistar,false,false
1428116651786,2147483647,2147483647,2147483647,2147483647,-109,3,Movistar,false,false
1428116651786,2147483647,2147483647,2147483647,2147483647,-109,3,Movistar,false,false
1428116651786,2147483647,2147483647,2147483647,2147483647,-111,3,Movistar,false,false
1428116713687,-1,-1,-1,-1,0,3,Movistar,true,false
1428116713687,-1,-1,-1,-1,0,3,Movistar,false,false
1428116713687,-1,-1,-1,-1,0,3,Movistar,false,false
1428116713687,-1,-1,-1,-1,0,3,Movistar,false,false
1428116713687,-1,-1,-1,-1,0,3,Movistar,false,false
1428116713687,2147483647,2147483647,2147483647,2147483647,-93,3,Movistar,false,false
1428116713687,2147483647,2147483647,2147483647,2147483647,-103,3,Movistar,false,false
1428116713687,2147483647,2147483647,2147483647,2147483647,-107,3,Movistar,false,false
1428116713687,2147483647,2147483647,2147483647,2147483647,-109,3,Movistar,false,false
1428116713687,2147483647,2147483647,2147483647,2147483647,-109,3,Movistar,false,false
1428116713687,2147483647,2147483647,2147483647,2147483647,-113,3,Movistar,false,false
1428116713687,2147483647,2147483647,2147483647,2147483647,-113,3,Movistar,false,false
1428116713687,2147483647,2147483647,2147483647,2147483647,-113,3,Movistar,false,false
1428116774662,-1,-1,-1,-1,0,3,Movistar,true,false
1428116774662,-1,-1,-1,-1,0,3,Movistar,false,false
1428116774662,-1,-1,-1,-1,0,3,Movistar,false,false
1428116774662,-1,-1,-1,-1,0,3,Movistar,false,false
1428116774662,-1,-1,-1,-1,0,3,Movistar,false,false
1428116774662,-1,-1,-1,-1,0,3,Movistar,false,false
1428116774662,-1,-1,-1,-1,0,3,Movistar,false,false
1428116774662,2147483647,2147483647,2147483647,2147483647,-53,3,Movistar,false,false
1428116774662,2147483647,2147483647,2147483647,2147483647,-101,3,Movistar,false,false
1428116774662,2147483647,2147483647,2147483647,2147483647,-105,3,Movistar,false,false
1428116774662,2147483647,2147483647,2147483647,2147483647,-109,3,Movistar,false,false
1428116774662,2147483647,2147483647,2147483647,2147483647,-111,3,Movistar,false,false
1428116774662,2147483647,2147483647,2147483647,2147483647,-111,3,Movistar,false,false
1428116774662,2147483647,2147483647,2147483647,2147483647,-111,3,Movistar,false,false
1428116774662,2147483647,2147483647,2147483647,2147483647,-113,3,Movistar,false,false
1428116835727,20523018,8640,7,214,-108,13,Movistar,true,false
1428116835727,289,2147483647,2147483647,2147483647,-117,13,Movistar,false,false
1428116835727,259,2147483647,2147483647,2147483647,-117,13,Movistar,false,false
1428116835727,182,2147483647,2147483647,2147483647,-123,13,Movistar,false,false
1428116835727,225,2147483647,2147483647,2147483647,-120,13,Movistar,false,false
1428116835727,230,2147483647,2147483647,2147483647,-125,13,Movistar,false,false
1428116896770,20523018,8640,7,214,-86,13,Movistar,true,false
1428116896770,0,2147483647,2147483647,2147483647,-97,13,Movistar,false,false
1428116896770,251,2147483647,2147483647,2147483647,-107,13,Movistar,false,false
1428116896770,2147483647,2147483647,2147483647,2147483647,-113,13,Movistar,false,false
1428116896770,2147483647,2147483647,2147483647,2147483647,-113,13,Movistar,false,false
1428116896770,2147483647,2147483647,2147483647,2147483647,-113,13,Movistar,false,false
1428116896770,2147483647,2147483647,2147483647,2147483647,-113,13,Movistar,false,false
1428116896770,2147483647,2147483647,2147483647,2147483647,-113,13,Movistar,false,false
1428116896770,2147483647,2147483647,2147483647,2147483647,-113,13,Movistar,false,false
1428116896770,2147483647,2147483647,2147483647,2147483647,-113,13,Movistar,false,false
1428116896770,2147483647,2147483647,2147483647,2147483647,-113,13,Movistar,false,false
1428116896770,2147483647,2147483647,2147483647,2147483647,-113,13,Movistar,false,false
1428116896770,2147483647,2147483647,2147483647,2147483647,-113,13,Movistar,false,false
1428116896770,2147483647,2147483647,2147483647,2147483647,-113,13,Movistar,false,false
1428116896770,2147483647,2147483647,2147483647,2147483647,-113,13,Movistar,false,false
1428116896770,2147483647,2147483647,2147483647,2147483647,-113,13,Movistar,false,false
1428116896770,2147483647,2147483647,2147483647,2147483647,-113,13,Movistar,false,false
1428116896770,2147483647,2147483647,2147483647,2147483647,-113,13,Movistar,false,false
1428116956776,20523018,8640,7,214,-88,13,Movistar,true,false
1428116956776,0,2147483647,2147483647,2147483647,-95,13,Movistar,false,false
1428116956776,251,2147483647,2147483647,2147483647,-101,13,Movistar,false,false
1428116956776,2147483647,2147483647,2147483647,2147483647,-113,13,Movistar,false,false
1428116956776,2147483647,2147483647,2147483647,2147483647,-113,13,Movistar,false,false
1428116956776,2147483647,2147483647,2147483647,2147483647,-113,13,Movistar,false,false
1428116956776,2147483647,2147483647,2147483647,2147483647,-113,13,Movistar,false,false
1428116956776,2147483647,2147483647,2147483647,2147483647,-113,13,Movistar,false,false
1428116956776,2147483647,2147483647,2147483647,2147483647,-113,13,Movistar,false,false
1428116956776,2147483647,2147483647,2147483647,2147483647,-113,13,Movistar,false,false
1428116956776,2147483647,2147483647,2147483647,2147483647,-113,13,Movistar,false,false
1428116956776,2147483647,2147483647,2147483647,2147483647,-113,13,Movistar,false,false
1428116956776,2147483647,2147483647,2147483647,2147483647,-113,13,Movistar,false,false
1428116956776,2147483647,2147483647,2147483647,2147483647,-113,13,Movistar,false,false
1428116956776,2147483647,2147483647,2147483647,2147483647,-113,13,Movistar,false,false
1428116956776,2147483647,2147483647,2147483647,2147483647,-113,13,Movistar,false,false
1428116956776,2147483647,2147483647,2147483647,2147483647,-113,13,Movistar,false,false
1428116956776,2147483647,2147483647,2147483647,2147483647,-113,13,Movistar,false,false
1428117016803,20523018,8640,7,214,-85,13,Movistar,true,false
1428117016803,251,2147483647,2147483647,2147483647,-103,13,Movistar,false,false
1428117016803,2147483647,2147483647,2147483647,2147483647,-113,13,Movistar,false,false
1428117016803,2147483647,2147483647,2147483647,2147483647,-113,13,Movistar,false,false
1428117016803,2147483647,2147483647,2147483647,2147483647,-113,13,Movistar,false,false
1428117016803,2147483647,2147483647,2147483647,2147483647,-113,13,Movistar,false,false
1428117016803,2147483647,2147483647,2147483647,2147483647,-113,13,Movistar,false,false
1428117016803,2147483647,2147483647,2147483647,2147483647,-113,13,Movistar,false,false
1428117016803,2147483647,2147483647,2147483647,2147483647,-113,13,Movistar,false,false
1428117016803,2147483647,2147483647,2147483647,2147483647,-113,13,Movistar,false,false
1428117016803,2147483647,2147483647,2147483647,2147483647,-113,13,Movistar,false,false
1428117016803,2147483647,2147483647,2147483647,2147483647,-113,13,Movistar,false,false
1428117016803,2147483647,2147483647,2147483647,2147483647,-113,13,Movistar,false,false
1428117016803,2147483647,2147483647,2147483647,2147483647,-113,13,Movistar,false,false
1428117016803,2147483647,2147483647,2147483647,2147483647,-113,13,Movistar,false,false
1428117016803,2147483647,2147483647,2147483647,2147483647,-113,13,Movistar,false,false
1428117016803,2147483647,2147483647,2147483647,2147483647,-113,13,Movistar,false,false
1428117077843,20523018,8640,7,214,-79,13,Movistar,true,false
1428117077843,377,2147483647,2147483647,2147483647,-95,13,Movistar,false,false
1428117077843,251,2147483647,2147483647,2147483647,-98,13,Movistar,false,false
1428117077843,2147483647,2147483647,2147483647,2147483647,-113,13,Movistar,false,false
1428117077843,2147483647,2147483647,2147483647,2147483647,-113,13,Movistar,false,false
1428117077843,2147483647,2147483647,2147483647,2147483647,-113,13,Movistar,false,false
1428117077843,2147483647,2147483647,2147483647,2147483647,-113,13,Movistar,false,false
1428117077843,2147483647,2147483647,2147483647,2147483647,-113,13,Movistar,false,false
1428117077843,2147483647,2147483647,2147483647,2147483647,-113,13,Movistar,false,false
1428117077843,2147483647,2147483647,2147483647,2147483647,-113,13,Movistar,false,false
1428117077843,2147483647,2147483647,2147483647,2147483647,-113,13,Movistar,false,false
1428117077843,2147483647,2147483647,2147483647,2147483647,-113,13,Movistar,false,false
1428117077843,2147483647,2147483647,2147483647,2147483647,-113,13,Movistar,false,false
1428117077843,2147483647,2147483647,2147483647,2147483647,-113,13,Movistar,false,false
1428117077843,2147483647,2147483647,2147483647,2147483647,-113,13,Movistar,false,false
1428117077843,2147483647,2147483647,2147483647,2147483647,-113,13,Movistar,false,false
1428117077843,2147483647,2147483647,2147483647,2147483647,-113,13,Movistar,false,false
1428117077843,2147483647,2147483647,2147483647,2147483647,-113,13,Movistar,false,false
1428117138937,20523018,8640,7,214,-82,13,Movistar,true,false
1428117138937,251,2147483647,2147483647,2147483647,-96,13,Movistar,false,false
1428117138937,116,2147483647,2147483647,2147483647,-104,13,Movistar,false,false
1428117138937,2147483647,2147483647,2147483647,2147483647,-113,13,Movistar,false,false
1428117138937,2147483647,2147483647,2147483647,2147483647,-113,13,Movistar,false,false
1428117138937,2147483647,2147483647,2147483647,2147483647,-113,13,Movistar,false,false
1428117138937,2147483647,2147483647,2147483647,2147483647,-113,13,Movistar,false,false
1428117138937,2147483647,2147483647,2147483647,2147483647,-113,13,Movistar,false,false
1428117138937,2147483647,2147483647,2147483647,2147483647,-113,13,Movistar,false,false
1428117138937,2147483647,2147483647,2147483647,2147483647,-113,13,Movistar,false,false
1428117138937,2147483647,2147483647,2147483647,2147483647,-113,13,Movistar,false,false
1428117138937,2147483647,2147483647,2147483647,2147483647,-113,13,Movistar,false,false
1428117138937,2147483647,2147483647,2147483647,2147483647,-113,13,Movistar,false,false
1428117138937,2147483647,2147483647,2147483647,2147483647,-113,13,Movistar,false,false
1428117138937,2147483647,2147483647,2147483647,2147483647,-113,13,Movistar,false,false
1428117138937,2147483647,2147483647,2147483647,2147483647,-113,13,Movistar,false,false
1428117138937,2147483647,2147483647,2147483647,2147483647,-113,13,Movistar,false,false
1428117138937,2147483647,2147483647,2147483647,2147483647,-113,13,Movistar,false,false
1428117210976,20523018,8640,7,214,-75,13,Movistar,true,false
1428117210976,314,2147483647,2147483647,2147483647,-88,13,Movistar,false,false
1428117210976,235,2147483647,2147483647,2147483647,-96,13,Movistar,false,false
1428117210976,2147483647,2147483647,2147483647,2147483647,-113,13,Movistar,false,false
1428117210976,2147483647,2147483647,2147483647,2147483647,-113,13,Movistar,false,false
1428117210976,2147483647,2147483647,2147483647,2147483647,-113,13,Movistar,false,false
1428117210976,2147483647,2147483647,2147483647,2147483647,-113,13,Movistar,false,false
1428117210976,2147483647,2147483647,2147483647,2147483647,-113,13,Movistar,false,false
1428117210976,2147483647,2147483647,2147483647,2147483647,-113,13,Movistar,false,false
1428117210976,2147483647,2147483647,2147483647,2147483647,-113,13,Movistar,false,false
1428117210976,2147483647,2147483647,2147483647,2147483647,-113,13,Movistar,false,false
1428117210976,2147483647,2147483647,2147483647,2147483647,-113,13,Movistar,false,false
1428117210976,2147483647,2147483647,2147483647,2147483647,-113,13,Movistar,false,false
1428117210976,2147483647,2147483647,2147483647,2147483647,-113,13,Movistar,false,false
1428117210976,2147483647,2147483647,2147483647,2147483647,-113,13,Movistar,false,false
1428117210976,2147483647,2147483647,2147483647,2147483647,-113,13,Movistar,false,false
1428117210976,2147483647,2147483647,2147483647,2147483647,-113,13,Movistar,false,false
1428117210976,2147483647,2147483647,2147483647,2147483647,-113,13,Movistar,false,false
1428117272087,20523018,8640,7,214,-76,13,Movistar,true,false
1428117272087,314,2147483647,2147483647,2147483647,-93,13,Movistar,false,false
1428117272087,289,2147483647,2147483647,2147483647,-96,13,Movistar,false,false
1428117272087,2147483647,2147483647,2147483647,2147483647,-113,13,Movistar,false,false
1428117272087,2147483647,2147483647,2147483647,2147483647,-113,13,Movistar,false,false
1428117272087,2147483647,2147483647,2147483647,2147483647,-113,13,Movistar,false,false
1428117272087,2147483647,2147483647,2147483647,2147483647,-113,13,Movistar,false,false
1428117272087,2147483647,2147483647,2147483647,2147483647,-113,13,Movistar,false,false
1428117272087,2147483647,2147483647,2147483647,2147483647,-113,13,Movistar,false,false
1428117272087,2147483647,2147483647,2147483647,2147483647,-113,13,Movistar,false,false
1428117272087,2147483647,2147483647,2147483647,2147483647,-113,13,Movistar,false,false
1428117272087,2147483647,2147483647,2147483647,2147483647,-113,13,Movistar,false,false
1428117272087,2147483647,2147483647,2147483647,2147483647,-113,13,Movistar,false,false
1428117272087,2147483647,2147483647,2147483647,2147483647,-113,13,Movistar,false,false
1428117272087,2147483647,2147483647,2147483647,2147483647,-113,13,Movistar,false,false
1428117272087,2147483647,2147483647,2147483647,2147483647,-113,13,Movistar,false,false
1428117272087,2147483647,2147483647,2147483647,2147483647,-113,13,Movistar,false,false
1428117272087,2147483647,2147483647,2147483647,2147483647,-113,13,Movistar,false,false
1428117333672,20523018,8640,7,214,-79,13,Movistar,true,false
1428117333672,251,2147483647,2147483647,2147483647,-89,13,Movistar,false,false
1428117333672,2147483647,2147483647,2147483647,2147483647,-113,13,Movistar,false,false
1428117333672,2147483647,2147483647,2147483647,2147483647,-113,13,Movistar,false,false
1428117333672,2147483647,2147483647,2147483647,2147483647,-113,13,Movistar,false,false
1428117333672,2147483647,2147483647,2147483647,2147483647,-113,13,Movistar,false,false
1428117333672,2147483647,2147483647,2147483647,2147483647,-113,13,Movistar,false,false
1428117333672,2147483647,2147483647,2147483647,2147483647,-113,13,Movistar,false,false
1428117333672,2147483647,2147483647,2147483647,2147483647,-113,13,Movistar,false,false
1428117333672,2147483647,2147483647,2147483647,2147483647,-113,13,Movistar,false,false
1428117333672,2147483647,2147483647,2147483647,2147483647,-113,13,Movistar,false,false
1428117333672,2147483647,2147483647,2147483647,2147483647,-113,13,Movistar,false,false
1428117333672,2147483647,2147483647,2147483647,2147483647,-113,13,Movistar,false,false
1428117333672,2147483647,2147483647,2147483647,2147483647,-113,13,Movistar,false,false
1428117333672,2147483647,2147483647,2147483647,2147483647,-113,13,Movistar,false,false
1428117333672,2147483647,2147483647,2147483647,2147483647,-113,13,Movistar,false,false
1428117333672,2147483647,2147483647,2147483647,2147483647,-113,13,Movistar,false,false
1428117394644,20523018,8640,7,214,-273,13,Movistar,true,false
1428117455689,20523018,8640,7,214,-77,13,Movistar,true,false
1428117455689,251,2147483647,2147483647,2147483647,-94,13,Movistar,false,false
1428117455689,2147483647,2147483647,2147483647,2147483647,-113,13,Movistar,false,false
1428117455689,2147483647,2147483647,2147483647,2147483647,-113,13,Movistar,false,false
1428117455689,2147483647,2147483647,2147483647,2147483647,-113,13,Movistar,false,false
1428117455689,2147483647,2147483647,2147483647,2147483647,-113,13,Movistar,false,false
1428117455689,2147483647,2147483647,2147483647,2147483647,-113,13,Movistar,false,false
1428117455689,2147483647,2147483647,2147483647,2147483647,-113,13,Movistar,false,false
1428117455689,2147483647,2147483647,2147483647,2147483647,-113,13,Movistar,false,false
1428117455689,2147483647,2147483647,2147483647,2147483647,-113,13,Movistar,false,false
1428117455689,2147483647,2147483647,2147483647,2147483647,-113,13,Movistar,false,false
1428117455689,2147483647,2147483647,2147483647,2147483647,-113,13,Movistar,false,false
1428117455689,2147483647,2147483647,2147483647,2147483647,-113,13,Movistar,false,false
1428117455689,2147483647,2147483647,2147483647,2147483647,-113,13,Movistar,false,false
1428117455689,2147483647,2147483647,2147483647,2147483647,-113,13,Movistar,false,false
1428117455689,2147483647,2147483647,2147483647,2147483647,-113,13,Movistar,false,false
1428117455689,2147483647,2147483647,2147483647,2147483647,-113,13,Movistar,false,false
1428117516784,20523018,8640,7,214,-78,13,Movistar,true,false
1428117516784,251,2147483647,2147483647,2147483647,-89,13,Movistar,false,false
1428117516784,2147483647,2147483647,2147483647,2147483647,-113,13,Movistar,false,false
1428117516784,2147483647,2147483647,2147483647,2147483647,-113,13,Movistar,false,false
1428117516784,2147483647,2147483647,2147483647,2147483647,-113,13,Movistar,false,false
1428117516784,2147483647,2147483647,2147483647,2147483647,-113,13,Movistar,false,false
1428117516784,2147483647,2147483647,2147483647,2147483647,-113,13,Movistar,false,false
1428117516784,2147483647,2147483647,2147483647,2147483647,-113,13,Movistar,false,false
1428117516784,2147483647,2147483647,2147483647,2147483647,-113,13,Movistar,false,false
1428117516784,2147483647,2147483647,2147483647,2147483647,-113,13,Movistar,false,false
1428117516784,2147483647,2147483647,2147483647,2147483647,-113,13,Movistar,false,false
1428117516784,2147483647,2147483647,2147483647,2147483647,-113,13,Movistar,false,false
1428117516784,2147483647,2147483647,2147483647,2147483647,-113,13,Movistar,false,false
1428117516784,2147483647,2147483647,2147483647,2147483647,-113,13,Movistar,false,false
1428117516784,2147483647,2147483647,2147483647,2147483647,-113,13,Movistar,false,false
1428117516784,2147483647,2147483647,2147483647,2147483647,-113,13,Movistar,false,false
1428117516784,2147483647,2147483647,2147483647,2147483647,-113,13,Movistar,false,false
1428117577819,20523018,8640,7,214,-76,13,Movistar,true,false
1428117577819,235,2147483647,2147483647,2147483647,-91,13,Movistar,false,false
1428117577819,116,2147483647,2147483647,2147483647,-99,13,Movistar,false,false
1428117577819,2147483647,2147483647,2147483647,2147483647,-113,13,Movistar,false,false
1428117577819,2147483647,2147483647,2147483647,2147483647,-113,13,Movistar,false,false
1428117577819,2147483647,2147483647,2147483647,2147483647,-113,13,Movistar,false,false
1428117577819,2147483647,2147483647,2147483647,2147483647,-113,13,Movistar,false,false
1428117577819,2147483647,2147483647,2147483647,2147483647,-113,13,Movistar,false,false
1428117577819,2147483647,2147483647,2147483647,2147483647,-113,13,Movistar,false,false
1428117577819,2147483647,2147483647,2147483647,2147483647,-113,13,Movistar,false,false
1428117577819,2147483647,2147483647,2147483647,2147483647,-113,13,Movistar,false,false
1428117577819,2147483647,2147483647,2147483647,2147483647,-113,13,Movistar,false,false
1428117577819,2147483647,2147483647,2147483647,2147483647,-113,13,Movistar,false,false
1428117577819,2147483647,2147483647,2147483647,2147483647,-113,13,Movistar,false,false
1428117577819,2147483647,2147483647,2147483647,2147483647,-113,13,Movistar,false,false
1428117577819,2147483647,2147483647,2147483647,2147483647,-113,13,Movistar,false,false
1428117577819,2147483647,2147483647,2147483647,2147483647,-113,13,Movistar,false,false
1428117577819,2147483647,2147483647,2147483647,2147483647,-113,13,Movistar,false,false
1428117638905,20523018,8640,7,214,-80,13,Movistar,true,false
1428117638905,2147483647,2147483647,2147483647,2147483647,-113,13,Movistar,false,false
1428117638905,2147483647,2147483647,2147483647,2147483647,-113,13,Movistar,false,false
1428117638905,2147483647,2147483647,2147483647,2147483647,-113,13,Movistar,false,false
1428117638905,2147483647,2147483647,2147483647,2147483647,-113,13,Movistar,false,false
1428117638905,2147483647,2147483647,2147483647,2147483647,-113,13,Movistar,false,false
1428117638905,2147483647,2147483647,2147483647,2147483647,-113,13,Movistar,false,false
1428117638905,2147483647,2147483647,2147483647,2147483647,-113,13,Movistar,false,false
1428117638905,2147483647,2147483647,2147483647,2147483647,-113,13,Movistar,false,false
1428117638905,2147483647,2147483647,2147483647,2147483647,-113,13,Movistar,false,false
1428117638905,2147483647,2147483647,2147483647,2147483647,-113,13,Movistar,false,false
1428117638905,2147483647,2147483647,2147483647,2147483647,-113,13,Movistar,false,false
1428117638905,2147483647,2147483647,2147483647,2147483647,-113,13,Movistar,false,false
1428117638905,2147483647,2147483647,2147483647,2147483647,-113,13,Movistar,false,false
1428117638905,2147483647,2147483647,2147483647,2147483647,-113,13,Movistar,false,false
1428117638905,2147483647,2147483647,2147483647,2147483647,-113,13,Movistar,false,false
1428117699990,20523018,8640,7,214,-79,13,Movistar,true,false
1428117699990,251,2147483647,2147483647,2147483647,-90,13,Movistar,false,false
1428117699990,235,2147483647,2147483647,2147483647,-95,13,Movistar,false,false
1428117699990,2147483647,2147483647,2147483647,2147483647,-113,13,Movistar,false,false
1428117699990,2147483647,2147483647,2147483647,2147483647,-113,13,Movistar,false,false
1428117699990,2147483647,2147483647,2147483647,2147483647,-113,13,Movistar,false,false
1428117699990,2147483647,2147483647,2147483647,2147483647,-113,13,Movistar,false,false
1428117699990,2147483647,2147483647,2147483647,2147483647,-113,13,Movistar,false,false
1428117699990,2147483647,2147483647,2147483647,2147483647,-113,13,Movistar,false,false
1428117699990,2147483647,2147483647,2147483647,2147483647,-113,13,Movistar,false,false
1428117699990,2147483647,2147483647,2147483647,2147483647,-113,13,Movistar,false,false
1428117699990,2147483647,2147483647,2147483647,2147483647,-113,13,Movistar,false,false
1428117699990,2147483647,2147483647,2147483647,2147483647,-113,13,Movistar,false,false
1428117699990,2147483647,2147483647,2147483647,2147483647,-113,13,Movistar,false,false
1428117699990,2147483647,2147483647,2147483647,2147483647,-113,13,Movistar,false,false
1428117699990,2147483647,2147483647,2147483647,2147483647,-113,13,Movistar,false,false
1428117699990,2147483647,2147483647,2147483647,2147483647,-113,13,Movistar,false,false
1428117699990,2147483647,2147483647,2147483647,2147483647,-113,13,Movistar,false,false
1428117760976,20523018,8640,7,214,-76,13,Movistar,true,false
1428117760976,251,2147483647,2147483647,2147483647,-90,13,Movistar,false,false
1428117760976,314,2147483647,2147483647,2147483647,-103,13,Movistar,false,false
1428117760976,2147483647,2147483647,2147483647,2147483647,-113,13,Movistar,false,false
1428117760976,2147483647,2147483647,2147483647,2147483647,-113,13,Movistar,false,false
1428117760976,2147483647,2147483647,2147483647,2147483647,-113,13,Movistar,false,false
1428117760976,2147483647,2147483647,2147483647,2147483647,-113,13,Movistar,false,false
1428117760976,2147483647,2147483647,2147483647,2147483647,-113,13,Movistar,false,false
1428117760976,2147483647,2147483647,2147483647,2147483647,-113,13,Movistar,false,false
1428117760976,2147483647,2147483647,2147483647,2147483647,-113,13,Movistar,false,false
1428117760976,2147483647,2147483647,2147483647,2147483647,-113,13,Movistar,false,false
1428117760976,2147483647,2147483647,2147483647,2147483647,-113,13,Movistar,false,false
1428117760976,2147483647,2147483647,2147483647,2147483647,-113,13,Movistar,false,false
1428117760976,2147483647,2147483647,2147483647,2147483647,-113,13,Movistar,false,false
1428117760976,2147483647,2147483647,2147483647,2147483647,-113,13,Movistar,false,false
1428117760976,2147483647,2147483647,2147483647,2147483647,-113,13,Movistar,false,false
1428117760976,2147483647,2147483647,2147483647,2147483647,-113,13,Movistar,false,false
1428117760976,2147483647,2147483647,2147483647,2147483647,-113,13,Movistar,false,false
1428117822064,20523018,8640,7,214,-70,13,Movistar,true,false
1428117822064,251,2147483647,2147483647,2147483647,-82,13,Movistar,false,false
1428117822064,2147483647,2147483647,2147483647,2147483647,-113,13,Movistar,false,false
1428117822064,2147483647,2147483647,2147483647,2147483647,-113,13,Movistar,false,false
1428117822064,2147483647,2147483647,2147483647,2147483647,-113,13,Movistar,false,false
1428117822064,2147483647,2147483647,2147483647,2147483647,-113,13,Movistar,false,false
1428117822064,2147483647,2147483647,2147483647,2147483647,-113,13,Movistar,false,false
1428117822064,2147483647,2147483647,2147483647,2147483647,-113,13,Movistar,false,false
1428117822064,2147483647,2147483647,2147483647,2147483647,-113,13,Movistar,false,false
1428117822064,2147483647,2147483647,2147483647,2147483647,-113,13,Movistar,false,false
1428117822064,2147483647,2147483647,2147483647,2147483647,-113,13,Movistar,false,false
1428117822064,2147483647,2147483647,2147483647,2147483647,-113,13,Movistar,false,false
1428117822064,2147483647,2147483647,2147483647,2147483647,-113,13,Movistar,false,false
1428117822064,2147483647,2147483647,2147483647,2147483647,-113,13,Movistar,false,false
1428117822064,2147483647,2147483647,2147483647,2147483647,-113,13,Movistar,false,false
1428117822064,2147483647,2147483647,2147483647,2147483647,-113,13,Movistar,false,false
1428117822064,2147483647,2147483647,2147483647,2147483647,-113,13,Movistar,false,false
1428117883649,20523018,8640,7,214,-73,13,Movistar,true,false
1428117883649,2147483647,2147483647,2147483647,2147483647,-113,13,Movistar,false,false
1428117883649,2147483647,2147483647,2147483647,2147483647,-113,13,Movistar,false,false
1428117883649,2147483647,2147483647,2147483647,2147483647,-113,13,Movistar,false,false
1428117883649,2147483647,2147483647,2147483647,2147483647,-113,13,Movistar,false,false
1428117883649,2147483647,2147483647,2147483647,2147483647,-113,13,Movistar,false,false
1428117883649,2147483647,2147483647,2147483647,2147483647,-113,13,Movistar,false,false
1428117883649,2147483647,2147483647,2147483647,2147483647,-113,13,Movistar,false,false
1428117883649,2147483647,2147483647,2147483647,2147483647,-113,13,Movistar,false,false
1428117883649,2147483647,2147483647,2147483647,2147483647,-113,13,Movistar,false,false
1428117883649,2147483647,2147483647,2147483647,2147483647,-113,13,Movistar,false,false
1428117883649,2147483647,2147483647,2147483647,2147483647,-113,13,Movistar,false,false
1428117883649,2147483647,2147483647,2147483647,2147483647,-113,13,Movistar,false,false
1428117883649,2147483647,2147483647,2147483647,2147483647,-113,13,Movistar,false,false
1428117883649,2147483647,2147483647,2147483647,2147483647,-113,13,Movistar,false,false
1428117883649,2147483647,2147483647,2147483647,2147483647,-113,13,Movistar,false,false
1428117944674,20523018,8640,7,214,-73,13,Movistar,true,false
1428117944674,235,2147483647,2147483647,2147483647,-91,13,Movistar,false,false
1428117944674,2147483647,2147483647,2147483647,2147483647,-113,13,Movistar,false,false
1428117944674,2147483647,2147483647,2147483647,2147483647,-113,13,Movistar,false,false
1428117944674,2147483647,2147483647,2147483647,2147483647,-113,13,Movistar,false,false
1428117944674,2147483647,2147483647,2147483647,2147483647,-113,13,Movistar,false,false
1428117944674,2147483647,2147483647,2147483647,2147483647,-113,13,Movistar,false,false
1428117944674,2147483647,2147483647,2147483647,2147483647,-113,13,Movistar,false,false
1428117944674,2147483647,2147483647,2147483647,2147483647,-113,13,Movistar,false,false
1428117944674,2147483647,2147483647,2147483647,2147483647,-113,13,Movistar,false,false
1428117944674,2147483647,2147483647,2147483647,2147483647,-113,13,Movistar,false,false
1428117944674,2147483647,2147483647,2147483647,2147483647,-113,13,Movistar,false,false
1428117944674,2147483647,2147483647,2147483647,2147483647,-113,13,Movistar,false,false
1428117944674,2147483647,2147483647,2147483647,2147483647,-113,13,Movistar,false,false
1428117944674,2147483647,2147483647,2147483647,2147483647,-113,13,Movistar,false,false
1428117944674,2147483647,2147483647,2147483647,2147483647,-113,13,Movistar,false,false
1428117944674,2147483647,2147483647,2147483647,2147483647,-113,13,Movistar,false,false
1428118005803,20523018,8640,7,214,-71,13,Movistar,true,false
1428118005803,0,2147483647,2147483647,2147483647,-99,13,Movistar,false,false
1428118005803,2147483647,2147483647,2147483647,2147483647,-113,13,Movistar,false,false
1428118005803,2147483647,2147483647,2147483647,2147483647,-113,13,Movistar,false,false
1428118005803,2147483647,2147483647,2147483647,2147483647,-113,13,Movistar,false,false
1428118005803,2147483647,2147483647,2147483647,2147483647,-113,13,Movistar,false,false
1428118005803,2147483647,2147483647,2147483647,2147483647,-113,13,Movistar,false,false
1428118005803,2147483647,2147483647,2147483647,2147483647,-113,13,Movistar,false,false
1428118005803,2147483647,2147483647,2147483647,2147483647,-113,13,Movistar,false,false
1428118005803,2147483647,2147483647,2147483647,2147483647,-113,13,Movistar,false,false
1428118005803,2147483647,2147483647,2147483647,2147483647,-113,13,Movistar,false,false
1428118005803,2147483647,2147483647,2147483647,2147483647,-113,13,Movistar,false,false
1428118005803,2147483647,2147483647,2147483647,2147483647,-113,13,Movistar,false,false
1428118005803,2147483647,2147483647,2147483647,2147483647,-113,13,Movistar,false,false
1428118005803,2147483647,2147483647,2147483647,2147483647,-113,13,Movistar,false,false
1428118005803,2147483647,2147483647,2147483647,2147483647,-113,13,Movistar,false,false
1428118005803,2147483647,2147483647,2147483647,2147483647,-113,13,Movistar,false,false
1428118065986,20523018,8640,7,214,-81,13,Movistar,true,false
1428118065986,251,2147483647,2147483647,2147483647,-93,13,Movistar,false,false
1428118065986,2147483647,2147483647,2147483647,2147483647,-113,13,Movistar,false,false
1428118065986,2147483647,2147483647,2147483647,2147483647,-113,13,Movistar,false,false
1428118065986,2147483647,2147483647,2147483647,2147483647,-113,13,Movistar,false,false
1428118065986,2147483647,2147483647,2147483647,2147483647,-113,13,Movistar,false,false
1428118065986,2147483647,2147483647,2147483647,2147483647,-113,13,Movistar,false,false
1428118065986,2147483647,2147483647,2147483647,2147483647,-113,13,Movistar,false,false
1428118065986,2147483647,2147483647,2147483647,2147483647,-113,13,Movistar,false,false
1428118065986,2147483647,2147483647,2147483647,2147483647,-113,13,Movistar,false,false
1428118065986,2147483647,2147483647,2147483647,2147483647,-113,13,Movistar,false,false
1428118065986,2147483647,2147483647,2147483647,2147483647,-113,13,Movistar,false,false
1428118065986,2147483647,2147483647,2147483647,2147483647,-113,13,Movistar,false,false
1428118065986,2147483647,2147483647,2147483647,2147483647,-113,13,Movistar,false,false
1428118065986,2147483647,2147483647,2147483647,2147483647,-113,13,Movistar,false,false
1428118065986,2147483647,2147483647,2147483647,2147483647,-113,13,Movistar,false,false
1428118065986,2147483647,2147483647,2147483647,2147483647,-113,13,Movistar,false,false
1428118125999,20523018,8640,7,214,-78,13,Movistar,true,false
1428118125999,251,2147483647,2147483647,2147483647,-94,13,Movistar,false,false
1428118125999,2147483647,2147483647,2147483647,2147483647,-113,13,Movistar,false,false
1428118125999,2147483647,2147483647,2147483647,2147483647,-113,13,Movistar,false,false
1428118125999,2147483647,2147483647,2147483647,2147483647,-113,13,Movistar,false,false
1428118125999,2147483647,2147483647,2147483647,2147483647,-113,13,Movistar,false,false
1428118125999,2147483647,2147483647,2147483647,2147483647,-113,13,Movistar,false,false
1428118125999,2147483647,2147483647,2147483647,2147483647,-113,13,Movistar,false,false
1428118125999,2147483647,2147483647,2147483647,2147483647,-113,13,Movistar,false,false
1428118125999,2147483647,2147483647,2147483647,2147483647,-113,13,Movistar,false,false
1428118125999,2147483647,2147483647,2147483647,2147483647,-113,13,Movistar,false,false
1428118125999,2147483647,2147483647,2147483647,2147483647,-113,13,Movistar,false,false
1428118125999,2147483647,2147483647,2147483647,2147483647,-113,13,Movistar,false,false
1428118125999,2147483647,2147483647,2147483647,2147483647,-113,13,Movistar,false,false
1428118125999,2147483647,2147483647,2147483647,2147483647,-113,13,Movistar,false,false
1428118125999,2147483647,2147483647,2147483647,2147483647,-113,13,Movistar,false,false
1428118125999,2147483647,2147483647,2147483647,2147483647,-113,13,Movistar,false,false
1428118192760,20523018,8640,7,214,-74,13,Movistar,true,false
1428118192760,2147483647,2147483647,2147483647,2147483647,-113,13,Movistar,false,false
1428118192760,2147483647,2147483647,2147483647,2147483647,-113,13,Movistar,false,false
1428118192760,2147483647,2147483647,2147483647,2147483647,-113,13,Movistar,false,false
1428118192760,2147483647,2147483647,2147483647,2147483647,-113,13,Movistar,false,false
1428118192760,2147483647,2147483647,2147483647,2147483647,-113,13,Movistar,false,false
1428118192760,2147483647,2147483647,2147483647,2147483647,-113,13,Movistar,false,false
1428118192760,2147483647,2147483647,2147483647,2147483647,-113,13,Movistar,false,false
1428118192760,2147483647,2147483647,2147483647,2147483647,-113,13,Movistar,false,false
1428118192760,2147483647,2147483647,2147483647,2147483647,-113,13,Movistar,false,false
1428118192760,2147483647,2147483647,2147483647,2147483647,-113,13,Movistar,false,false
1428118192760,2147483647,2147483647,2147483647,2147483647,-113,13,Movistar,false,false
1428118192760,2147483647,2147483647,2147483647,2147483647,-113,13,Movistar,false,false
1428118192760,2147483647,2147483647,2147483647,2147483647,-113,13,Movistar,false,false
1428118192760,2147483647,2147483647,2147483647,2147483647,-113,13,Movistar,false,false
1428118192760,2147483647,2147483647,2147483647,2147483647,-113,13,Movistar,false,false
1428118253810,20523018,8640,7,214,-74,13,Movistar,true,false
1428118253810,0,2147483647,2147483647,2147483647,-83,13,Movistar,false,false
1428118253810,2147483647,2147483647,2147483647,2147483647,-113,13,Movistar,false,false
1428118253810,2147483647,2147483647,2147483647,2147483647,-113,13,Movistar,false,false
1428118253810,2147483647,2147483647,2147483647,2147483647,-113,13,Movistar,false,false
1428118253810,2147483647,2147483647,2147483647,2147483647,-113,13,Movistar,false,false
1428118253810,2147483647,2147483647,2147483647,2147483647,-113,13,Movistar,false,false
1428118253810,2147483647,2147483647,2147483647,2147483647,-113,13,Movistar,false,false
1428118253810,2147483647,2147483647,2147483647,2147483647,-113,13,Movistar,false,false
1428118253810,2147483647,2147483647,2147483647,2147483647,-113,13,Movistar,false,false
1428118253810,2147483647,2147483647,2147483647,2147483647,-113,13,Movistar,false,false
1428118253810,2147483647,2147483647,2147483647,2147483647,-113,13,Movistar,false,false
1428118253810,2147483647,2147483647,2147483647,2147483647,-113,13,Movistar,false,false
1428118253810,2147483647,2147483647,2147483647,2147483647,-113,13,Movistar,false,false
1428118253810,2147483647,2147483647,2147483647,2147483647,-113,13,Movistar,false,false
1428118253810,2147483647,2147483647,2147483647,2147483647,-113,13,Movistar,false,false
1428118253810,2147483647,2147483647,2147483647,2147483647,-113,13,Movistar,false,false
1428118315660,20523018,8640,7,214,-77,13,Movistar,true,false
1428118315660,0,2147483647,2147483647,2147483647,-83,13,Movistar,false,false
1428118315660,2147483647,2147483647,2147483647,2147483647,-113,13,Movistar,false,false
1428118315660,2147483647,2147483647,2147483647,2147483647,-113,13,Movistar,false,false
1428118315660,2147483647,2147483647,2147483647,2147483647,-113,13,Movistar,false,false
1428118315660,2147483647,2147483647,2147483647,2147483647,-113,13,Movistar,false,false
1428118315660,2147483647,2147483647,2147483647,2147483647,-113,13,Movistar,false,false
1428118315660,2147483647,2147483647,2147483647,2147483647,-113,13,Movistar,false,false
1428118315660,2147483647,2147483647,2147483647,2147483647,-113,13,Movistar,false,false
1428118315660,2147483647,2147483647,2147483647,2147483647,-113,13,Movistar,false,false
1428118315660,2147483647,2147483647,2147483647,2147483647,-113,13,Movistar,false,false
1428118315660,2147483647,2147483647,2147483647,2147483647,-113,13,Movistar,false,false
1428118315660,2147483647,2147483647,2147483647,2147483647,-113,13,Movistar,false,false
1428118315660,2147483647,2147483647,2147483647,2147483647,-113,13,Movistar,false,false
1428118315660,2147483647,2147483647,2147483647,2147483647,-113,13,Movistar,false,false
1428118315660,2147483647,2147483647,2147483647,2147483647,-113,13,Movistar,false,false
1428118315660,2147483647,2147483647,2147483647,2147483647,-113,13,Movistar,false,false
1428118376774,20523018,8640,7,214,-72,13,Movistar,true,false
1428118376774,251,2147483647,2147483647,2147483647,-89,13,Movistar,false,false
1428118376774,2147483647,2147483647,2147483647,2147483647,-113,13,Movistar,false,false
1428118376774,2147483647,2147483647,2147483647,2147483647,-113,13,Movistar,false,false
1428118376774,2147483647,2147483647,2147483647,2147483647,-113,13,Movistar,false,false
1428118376774,2147483647,2147483647,2147483647,2147483647,-113,13,Movistar,false,false
1428118376774,2147483647,2147483647,2147483647,2147483647,-113,13,Movistar,false,false
1428118376774,2147483647,2147483647,2147483647,2147483647,-113,13,Movistar,false,false
1428118376774,2147483647,2147483647,2147483647,2147483647,-113,13,Movistar,false,false
1428118376774,2147483647,2147483647,2147483647,2147483647,-113,13,Movistar,false,false
1428118376774,2147483647,2147483647,2147483647,2147483647,-113,13,Movistar,false,false
1428118376774,2147483647,2147483647,2147483647,2147483647,-113,13,Movistar,false,false
1428118376774,2147483647,2147483647,2147483647,2147483647,-113,13,Movistar,false,false
1428118376774,2147483647,2147483647,2147483647,2147483647,-113,13,Movistar,false,false
1428118376774,2147483647,2147483647,2147483647,2147483647,-113,13,Movistar,false,false
1428118376774,2147483647,2147483647,2147483647,2147483647,-113,13,Movistar,false,false
1428118376774,2147483647,2147483647,2147483647,2147483647,-113,13,Movistar,false,false
1428118437870,20523018,8640,7,214,-78,13,Movistar,true,false
1428118437870,251,2147483647,2147483647,2147483647,-88,13,Movistar,false,false
1428118437870,235,2147483647,2147483647,2147483647,-97,13,Movistar,false,false
1428118437870,2147483647,2147483647,2147483647,2147483647,-113,13,Movistar,false,false
1428118437870,2147483647,2147483647,2147483647,2147483647,-113,13,Movistar,false,false
1428118437870,2147483647,2147483647,2147483647,2147483647,-113,13,Movistar,false,false
1428118437870,2147483647,2147483647,2147483647,2147483647,-113,13,Movistar,false,false
1428118437870,2147483647,2147483647,2147483647,2147483647,-113,13,Movistar,false,false
1428118437870,2147483647,2147483647,2147483647,2147483647,-113,13,Movistar,false,false
1428118437870,2147483647,2147483647,2147483647,2147483647,-113,13,Movistar,false,false
1428118437870,2147483647,2147483647,2147483647,2147483647,-113,13,Movistar,false,false
1428118437870,2147483647,2147483647,2147483647,2147483647,-113,13,Movistar,false,false
1428118437870,2147483647,2147483647,2147483647,2147483647,-113,13,Movistar,false,false
1428118437870,2147483647,2147483647,2147483647,2147483647,-113,13,Movistar,false,false
1428118437870,2147483647,2147483647,2147483647,2147483647,-113,13,Movistar,false,false
1428118437870,2147483647,2147483647,2147483647,2147483647,-113,13,Movistar,false,false
1428118437870,2147483647,2147483647,2147483647,2147483647,-113,13,Movistar,false,false
1428118437870,2147483647,2147483647,2147483647,2147483647,-113,13,Movistar,false,false
1428118499009,20523018,8640,7,214,-76,13,Movistar,true,false
1428118499009,251,2147483647,2147483647,2147483647,-88,13,Movistar,false,false
1428118499009,2147483647,2147483647,2147483647,2147483647,-113,13,Movistar,false,false
1428118499009,2147483647,2147483647,2147483647,2147483647,-113,13,Movistar,false,false
1428118499009,2147483647,2147483647,2147483647,2147483647,-113,13,Movistar,false,false
1428118499009,2147483647,2147483647,2147483647,2147483647,-113,13,Movistar,false,false
1428118499009,2147483647,2147483647,2147483647,2147483647,-113,13,Movistar,false,false
1428118499009,2147483647,2147483647,2147483647,2147483647,-113,13,Movistar,false,false
1428118499009,2147483647,2147483647,2147483647,2147483647,-113,13,Movistar,false,false
1428118499009,2147483647,2147483647,2147483647,2147483647,-113,13,Movistar,false,false
1428118499009,2147483647,2147483647,2147483647,2147483647,-113,13,Movistar,false,false
1428118499009,2147483647,2147483647,2147483647,2147483647,-113,13,Movistar,false,false
1428118499009,2147483647,2147483647,2147483647,2147483647,-113,13,Movistar,false,false
1428118499009,2147483647,2147483647,2147483647,2147483647,-113,13,Movistar,false,false
1428118499009,2147483647,2147483647,2147483647,2147483647,-113,13,Movistar,false,false
1428118499009,2147483647,2147483647,2147483647,2147483647,-113,13,Movistar,false,false
1428118499009,2147483647,2147483647,2147483647,2147483647,-113,13,Movistar,false,false
1428118560704,20523018,8640,7,214,-73,13,Movistar,true,false
1428118560704,2147483647,2147483647,2147483647,2147483647,-113,13,Movistar,false,false
1428118560704,2147483647,2147483647,2147483647,2147483647,-113,13,Movistar,false,false
1428118560704,2147483647,2147483647,2147483647,2147483647,-113,13,Movistar,false,false
1428118560704,2147483647,2147483647,2147483647,2147483647,-113,13,Movistar,false,false
1428118560704,2147483647,2147483647,2147483647,2147483647,-113,13,Movistar,false,false
1428118560704,2147483647,2147483647,2147483647,2147483647,-113,13,Movistar,false,false
1428118560704,2147483647,2147483647,2147483647,2147483647,-113,13,Movistar,false,false
1428118560704,2147483647,2147483647,2147483647,2147483647,-113,13,Movistar,false,false
1428118560704,2147483647,2147483647,2147483647,2147483647,-113,13,Movistar,false,false
1428118560704,2147483647,2147483647,2147483647,2147483647,-113,13,Movistar,false,false
1428118560704,2147483647,2147483647,2147483647,2147483647,-113,13,Movistar,false,false
1428118560704,2147483647,2147483647,2147483647,2147483647,-113,13,Movistar,false,false
1428118560704,2147483647,2147483647,2147483647,2147483647,-113,13,Movistar,false,false
1428118560704,2147483647,2147483647,2147483647,2147483647,-113,13,Movistar,false,false
1428118560704,2147483647,2147483647,2147483647,2147483647,-113,13,Movistar,false,false
1428118625687,20523018,8640,7,214,-72,13,Movistar,true,false
1428118625687,251,2147483647,2147483647,2147483647,-85,13,Movistar,false,false
1428118625687,0,2147483647,2147483647,2147483647,-84,13,Movistar,false,false
1428118625687,2147483647,2147483647,2147483647,2147483647,-113,13,Movistar,false,false
1428118625687,2147483647,2147483647,2147483647,2147483647,-113,13,Movistar,false,false
1428118625687,2147483647,2147483647,2147483647,2147483647,-113,13,Movistar,false,false
1428118625687,2147483647,2147483647,2147483647,2147483647,-113,13,Movistar,false,false
1428118625687,2147483647,2147483647,2147483647,2147483647,-113,13,Movistar,false,false
1428118625687,2147483647,2147483647,2147483647,2147483647,-113,13,Movistar,false,false
1428118625687,2147483647,2147483647,2147483647,2147483647,-113,13,Movistar,false,false
1428118625687,2147483647,2147483647,2147483647,2147483647,-113,13,Movistar,false,false
1428118625687,2147483647,2147483647,2147483647,2147483647,-113,13,Movistar,false,false
1428118625687,2147483647,2147483647,2147483647,2147483647,-113,13,Movistar,false,false
1428118625687,2147483647,2147483647,2147483647,2147483647,-113,13,Movistar,false,false
1428118625687,2147483647,2147483647,2147483647,2147483647,-113,13,Movistar,false,false
1428118625687,2147483647,2147483647,2147483647,2147483647,-113,13,Movistar,false,false
1428118625687,2147483647,2147483647,2147483647,2147483647,-113,13,Movistar,false,false
1428118625687,2147483647,2147483647,2147483647,2147483647,-113,13,Movistar,false,false
1428118686790,20523018,8640,7,214,-69,13,Movistar,true,false
1428118686790,116,2147483647,2147483647,2147483647,-91,13,Movistar,false,false
1428118686790,2147483647,2147483647,2147483647,2147483647,-113,13,Movistar,false,false
1428118686790,2147483647,2147483647,2147483647,2147483647,-113,13,Movistar,false,false
1428118686790,2147483647,2147483647,2147483647,2147483647,-113,13,Movistar,false,false
1428118686790,2147483647,2147483647,2147483647,2147483647,-113,13,Movistar,false,false
1428118686790,2147483647,2147483647,2147483647,2147483647,-113,13,Movistar,false,false
1428118686790,2147483647,2147483647,2147483647,2147483647,-113,13,Movistar,false,false
1428118686790,2147483647,2147483647,2147483647,2147483647,-113,13,Movistar,false,false
1428118686790,2147483647,2147483647,2147483647,2147483647,-113,13,Movistar,false,false
1428118686790,2147483647,2147483647,2147483647,2147483647,-113,13,Movistar,false,false
1428118686790,2147483647,2147483647,2147483647,2147483647,-113,13,Movistar,false,false
1428118686790,2147483647,2147483647,2147483647,2147483647,-113,13,Movistar,false,false
1428118686790,2147483647,2147483647,2147483647,2147483647,-113,13,Movistar,false,false
1428118686790,2147483647,2147483647,2147483647,2147483647,-113,13,Movistar,false,false
1428118686790,2147483647,2147483647,2147483647,2147483647,-113,13,Movistar,false,false
1428118686790,2147483647,2147483647,2147483647,2147483647,-113,13,Movistar,false,false
1428118747938,20523018,8640,7,214,-73,13,Movistar,true,false
1428118747938,235,2147483647,2147483647,2147483647,-85,13,Movistar,false,false
1428118747938,2147483647,2147483647,2147483647,2147483647,-113,13,Movistar,false,false
1428118747938,2147483647,2147483647,2147483647,2147483647,-113,13,Movistar,false,false
1428118747938,2147483647,2147483647,2147483647,2147483647,-113,13,Movistar,false,false
1428118747938,2147483647,2147483647,2147483647,2147483647,-113,13,Movistar,false,false
1428118747938,2147483647,2147483647,2147483647,2147483647,-113,13,Movistar,false,false
1428118747938,2147483647,2147483647,2147483647,2147483647,-113,13,Movistar,false,false
1428118747938,2147483647,2147483647,2147483647,2147483647,-113,13,Movistar,false,false
1428118747938,2147483647,2147483647,2147483647,2147483647,-113,13,Movistar,false,false
1428118747938,2147483647,2147483647,2147483647,2147483647,-113,13,Movistar,false,false
1428118747938,2147483647,2147483647,2147483647,2147483647,-113,13,Movistar,false,false
1428118747938,2147483647,2147483647,2147483647,2147483647,-113,13,Movistar,false,false
1428118747938,2147483647,2147483647,2147483647,2147483647,-113,13,Movistar,false,false
1428118747938,2147483647,2147483647,2147483647,2147483647,-113,13,Movistar,false,false
1428118747938,2147483647,2147483647,2147483647,2147483647,-113,13,Movistar,false,false
1428118747938,2147483647,2147483647,2147483647,2147483647,-113,13,Movistar,false,false
1428118809121,20523018,8640,7,214,-72,13,Movistar,true,false
1428118809121,251,2147483647,2147483647,2147483647,-84,13,Movistar,false,false
1428118809121,2147483647,2147483647,2147483647,2147483647,-113,13,Movistar,false,false
1428118809121,2147483647,2147483647,2147483647,2147483647,-113,13,Movistar,false,false
1428118809121,2147483647,2147483647,2147483647,2147483647,-113,13,Movistar,false,false
1428118809121,2147483647,2147483647,2147483647,2147483647,-113,13,Movistar,false,false
1428118809121,2147483647,2147483647,2147483647,2147483647,-113,13,Movistar,false,false
1428118809121,2147483647,2147483647,2147483647,2147483647,-113,13,Movistar,false,false
1428118809121,2147483647,2147483647,2147483647,2147483647,-113,13,Movistar,false,false
1428118809121,2147483647,2147483647,2147483647,2147483647,-113,13,Movistar,false,false
1428118809121,2147483647,2147483647,2147483647,2147483647,-113,13,Movistar,false,false
1428118809121,2147483647,2147483647,2147483647,2147483647,-113,13,Movistar,false,false
1428118809121,2147483647,2147483647,2147483647,2147483647,-113,13,Movistar,false,false
1428118809121,2147483647,2147483647,2147483647,2147483647,-113,13,Movistar,false,false
1428118809121,2147483647,2147483647,2147483647,2147483647,-113,13,Movistar,false,false
1428118809121,2147483647,2147483647,2147483647,2147483647,-113,13,Movistar,false,false
1428118809121,2147483647,2147483647,2147483647,2147483647,-113,13,Movistar,false,false
1428118870150,20523018,8640,7,214,-73,13,Movistar,true,false
1428118870150,251,2147483647,2147483647,2147483647,-84,13,Movistar,false,false
1428118870150,2147483647,2147483647,2147483647,2147483647,-113,13,Movistar,false,false
1428118870150,2147483647,2147483647,2147483647,2147483647,-113,13,Movistar,false,false
1428118870150,2147483647,2147483647,2147483647,2147483647,-113,13,Movistar,false,false
1428118870150,2147483647,2147483647,2147483647,2147483647,-113,13,Movistar,false,false
1428118870150,2147483647,2147483647,2147483647,2147483647,-113,13,Movistar,false,false
1428118870150,2147483647,2147483647,2147483647,2147483647,-113,13,Movistar,false,false
1428118870150,2147483647,2147483647,2147483647,2147483647,-113,13,Movistar,false,false
1428118870150,2147483647,2147483647,2147483647,2147483647,-113,13,Movistar,false,false
1428118870150,2147483647,2147483647,2147483647,2147483647,-113,13,Movistar,false,false
1428118870150,2147483647,2147483647,2147483647,2147483647,-113,13,Movistar,false,false
1428118870150,2147483647,2147483647,2147483647,2147483647,-113,13,Movistar,false,false
1428118870150,2147483647,2147483647,2147483647,2147483647,-113,13,Movistar,false,false
1428118870150,2147483647,2147483647,2147483647,2147483647,-113,13,Movistar,false,false
1428118870150,2147483647,2147483647,2147483647,2147483647,-113,13,Movistar,false,false
1428118870150,2147483647,2147483647,2147483647,2147483647,-113,13,Movistar,false,false
1428118934716,20523018,8640,7,214,-69,13,Movistar,true,false
1428118934716,2147483647,2147483647,2147483647,2147483647,-113,13,Movistar,false,false
1428118934716,2147483647,2147483647,2147483647,2147483647,-113,13,Movistar,false,false
1428118934716,2147483647,2147483647,2147483647,2147483647,-113,13,Movistar,false,false
1428118934716,2147483647,2147483647,2147483647,2147483647,-113,13,Movistar,false,false
1428118934716,2147483647,2147483647,2147483647,2147483647,-113,13,Movistar,false,false
1428118934716,2147483647,2147483647,2147483647,2147483647,-113,13,Movistar,false,false
1428118934716,2147483647,2147483647,2147483647,2147483647,-113,13,Movistar,false,false
1428118934716,2147483647,2147483647,2147483647,2147483647,-113,13,Movistar,false,false
1428118934716,2147483647,2147483647,2147483647,2147483647,-113,13,Movistar,false,false
1428118934716,2147483647,2147483647,2147483647,2147483647,-113,13,Movistar,false,false
1428118934716,2147483647,2147483647,2147483647,2147483647,-113,13,Movistar,false,false
1428118934716,2147483647,2147483647,2147483647,2147483647,-113,13,Movistar,false,false
1428118934716,2147483647,2147483647,2147483647,2147483647,-113,13,Movistar,false,false
1428118934716,2147483647,2147483647,2147483647,2147483647,-113,13,Movistar,false,false
1428118934716,2147483647,2147483647,2147483647,2147483647,-113,13,Movistar,false,false
1428118994862,20523018,8640,7,214,-71,13,Movistar,true,false
1428118994862,251,2147483647,2147483647,2147483647,-84,13,Movistar,false,false
1428118994862,116,2147483647,2147483647,2147483647,-92,13,Movistar,false,false
1428118994862,2147483647,2147483647,2147483647,2147483647,-113,13,Movistar,false,false
1428118994862,2147483647,2147483647,2147483647,2147483647,-113,13,Movistar,false,false
1428118994862,2147483647,2147483647,2147483647,2147483647,-113,13,Movistar,false,false
1428118994862,2147483647,2147483647,2147483647,2147483647,-113,13,Movistar,false,false
1428118994862,2147483647,2147483647,2147483647,2147483647,-113,13,Movistar,false,false
1428118994862,2147483647,2147483647,2147483647,2147483647,-113,13,Movistar,false,false
1428118994862,2147483647,2147483647,2147483647,2147483647,-113,13,Movistar,false,false
1428118994862,2147483647,2147483647,2147483647,2147483647,-113,13,Movistar,false,false
1428118994862,2147483647,2147483647,2147483647,2147483647,-113,13,Movistar,false,false
1428118994862,2147483647,2147483647,2147483647,2147483647,-113,13,Movistar,false,false
1428118994862,2147483647,2147483647,2147483647,2147483647,-113,13,Movistar,false,false
1428118994862,2147483647,2147483647,2147483647,2147483647,-113,13,Movistar,false,false
1428118994862,2147483647,2147483647,2147483647,2147483647,-113,13,Movistar,false,false
1428118994862,2147483647,2147483647,2147483647,2147483647,-113,13,Movistar,false,false
1428118994862,2147483647,2147483647,2147483647,2147483647,-113,13,Movistar,false,false
1428119054990,20523018,8640,7,214,-68,13,Movistar,true,false
1428119054990,116,2147483647,2147483647,2147483647,-89,13,Movistar,false,false
1428119054990,2147483647,2147483647,2147483647,2147483647,-113,13,Movistar,false,false
1428119054990,2147483647,2147483647,2147483647,2147483647,-113,13,Movistar,false,false
1428119054990,2147483647,2147483647,2147483647,2147483647,-113,13,Movistar,false,false
1428119054990,2147483647,2147483647,2147483647,2147483647,-113,13,Movistar,false,false
1428119054990,2147483647,2147483647,2147483647,2147483647,-113,13,Movistar,false,false
1428119054990,2147483647,2147483647,2147483647,2147483647,-113,13,Movistar,false,false
1428119054990,2147483647,2147483647,2147483647,2147483647,-113,13,Movistar,false,false
1428119054990,2147483647,2147483647,2147483647,2147483647,-113,13,Movistar,false,false
1428119054990,2147483647,2147483647,2147483647,2147483647,-113,13,Movistar,false,false
1428119054990,2147483647,2147483647,2147483647,2147483647,-113,13,Movistar,false,false
1428119054990,2147483647,2147483647,2147483647,2147483647,-113,13,Movistar,false,false
1428119054990,2147483647,2147483647,2147483647,2147483647,-113,13,Movistar,false,false
1428119054990,2147483647,2147483647,2147483647,2147483647,-113,13,Movistar,false,false
1428119054990,2147483647,2147483647,2147483647,2147483647,-113,13,Movistar,false,false
1428119054990,2147483647,2147483647,2147483647,2147483647,-113,13,Movistar,false,false
1428119115650,20523018,8640,7,214,-74,13,Movistar,true,false
1428119115650,2147483647,2147483647,2147483647,2147483647,-113,13,Movistar,false,false
1428119115650,2147483647,2147483647,2147483647,2147483647,-113,13,Movistar,false,false
1428119115650,2147483647,2147483647,2147483647,2147483647,-113,13,Movistar,false,false
1428119115650,2147483647,2147483647,2147483647,2147483647,-113,13,Movistar,false,false
1428119115650,2147483647,2147483647,2147483647,2147483647,-113,13,Movistar,false,false
1428119115650,2147483647,2147483647,2147483647,2147483647,-113,13,Movistar,false,false
1428119115650,2147483647,2147483647,2147483647,2147483647,-113,13,Movistar,false,false
1428119115650,2147483647,2147483647,2147483647,2147483647,-113,13,Movistar,false,false
1428119115650,2147483647,2147483647,2147483647,2147483647,-113,13,Movistar,false,false
1428119115650,2147483647,2147483647,2147483647,2147483647,-113,13,Movistar,false,false
1428119115650,2147483647,2147483647,2147483647,2147483647,-113,13,Movistar,false,false
1428119115650,2147483647,2147483647,2147483647,2147483647,-113,13,Movistar,false,false
1428119115650,2147483647,2147483647,2147483647,2147483647,-113,13,Movistar,false,false
1428119115650,2147483647,2147483647,2147483647,2147483647,-113,13,Movistar,false,false
1428119115650,2147483647,2147483647,2147483647,2147483647,-113,13,Movistar,false,false
1428119175717,20523018,8640,7,214,-68,13,Movistar,true,false
1428119175717,251,2147483647,2147483647,2147483647,-79,13,Movistar,false,false
1428119175717,0,2147483647,2147483647,2147483647,-82,13,Movistar,false,false
1428119175717,2147483647,2147483647,2147483647,2147483647,-113,13,Movistar,false,false
1428119175717,2147483647,2147483647,2147483647,2147483647,-113,13,Movistar,false,false
1428119175717,2147483647,2147483647,2147483647,2147483647,-113,13,Movistar,false,false
1428119175717,2147483647,2147483647,2147483647,2147483647,-113,13,Movistar,false,false
1428119175717,2147483647,2147483647,2147483647,2147483647,-113,13,Movistar,false,false
1428119175717,2147483647,2147483647,2147483647,2147483647,-113,13,Movistar,false,false
1428119175717,2147483647,2147483647,2147483647,2147483647,-113,13,Movistar,false,false
1428119175717,2147483647,2147483647,2147483647,2147483647,-113,13,Movistar,false,false
1428119175717,2147483647,2147483647,2147483647,2147483647,-113,13,Movistar,false,false
1428119175717,2147483647,2147483647,2147483647,2147483647,-113,13,Movistar,false,false
1428119175717,2147483647,2147483647,2147483647,2147483647,-113,13,Movistar,false,false
1428119175717,2147483647,2147483647,2147483647,2147483647,-113,13,Movistar,false,false
1428119175717,2147483647,2147483647,2147483647,2147483647,-113,13,Movistar,false,false
1428119175717,2147483647,2147483647,2147483647,2147483647,-113,13,Movistar,false,false
1428119175717,2147483647,2147483647,2147483647,2147483647,-113,13,Movistar,false,false
1428119235829,20523018,8640,7,214,-100,13,Movistar,true,false
1428119235829,251,2147483647,2147483647,2147483647,-119,13,Movistar,false,false
1428119235829,2147483647,2147483647,2147483647,2147483647,-113,13,Movistar,false,false
1428119235829,2147483647,2147483647,2147483647,2147483647,-113,13,Movistar,false,false
1428119235829,2147483647,2147483647,2147483647,2147483647,-113,13,Movistar,false,false
1428119235829,2147483647,2147483647,2147483647,2147483647,-113,13,Movistar,false,false
1428119235829,2147483647,2147483647,2147483647,2147483647,-113,13,Movistar,false,false
1428119235829,2147483647,2147483647,2147483647,2147483647,-113,13,Movistar,false,false
1428119235829,2147483647,2147483647,2147483647,2147483647,-113,13,Movistar,false,false
1428119235829,2147483647,2147483647,2147483647,2147483647,-113,13,Movistar,false,false
1428119235829,2147483647,2147483647,2147483647,2147483647,-113,13,Movistar,false,false
1428119235829,2147483647,2147483647,2147483647,2147483647,-113,13,Movistar,false,false
1428119235829,2147483647,2147483647,2147483647,2147483647,-113,13,Movistar,false,false
1428119235829,2147483647,2147483647,2147483647,2147483647,-113,13,Movistar,false,false
1428119235829,2147483647,2147483647,2147483647,2147483647,-113,13,Movistar,false,false
1428119235829,2147483647,2147483647,2147483647,2147483647,-113,13,Movistar,false,false
1428119235829,2147483647,2147483647,2147483647,2147483647,-113,13,Movistar,false,false
1428119295781,20523018,8640,7,214,-111,13,Movistar,true,false
1428119295781,259,2147483647,2147483647,2147483647,-118,13,Movistar,false,false
1428119295781,2147483647,2147483647,2147483647,2147483647,-113,13,Movistar,false,false
1428119295781,2147483647,2147483647,2147483647,2147483647,-113,13,Movistar,false,false
1428119295781,2147483647,2147483647,2147483647,2147483647,-113,13,Movistar,false,false
1428119295781,2147483647,2147483647,2147483647,2147483647,-113,13,Movistar,false,false
1428119295781,2147483647,2147483647,2147483647,2147483647,-113,13,Movistar,false,false
1428119295781,2147483647,2147483647,2147483647,2147483647,-113,13,Movistar,false,false
1428119295781,2147483647,2147483647,2147483647,2147483647,-113,13,Movistar,false,false
1428119295781,2147483647,2147483647,2147483647,2147483647,-113,13,Movistar,false,false
1428119295781,2147483647,2147483647,2147483647,2147483647,-113,13,Movistar,false,false
1428119295781,2147483647,2147483647,2147483647,2147483647,-113,13,Movistar,false,false
1428119295781,2147483647,2147483647,2147483647,2147483647,-113,13,Movistar,false,false
1428119295781,2147483647,2147483647,2147483647,2147483647,-113,13,Movistar,false,false
1428119295781,2147483647,2147483647,2147483647,2147483647,-113,13,Movistar,false,false
1428119295781,2147483647,2147483647,2147483647,2147483647,-113,13,Movistar,false,false
1428119295781,2147483647,2147483647,2147483647,2147483647,-113,13,Movistar,false,false
1428119295781,-1,-1,-1,-1,0,13,Movistar,false,false
1428119295781,-1,-1,-1,-1,0,13,Movistar,false,false
1428119295781,-1,-1,-1,-1,0,13,Movistar,false,false
1428119295781,-1,-1,-1,-1,0,13,Movistar,false,false
1428119295781,-1,-1,-1,-1,0,13,Movistar,false,false
1428119355830,20523018,8640,7,214,-111,13,Movistar,true,false
1428119355830,259,2147483647,2147483647,2147483647,-119,13,Movistar,false,false
1428119355830,182,2147483647,2147483647,2147483647,-122,13,Movistar,false,false
1428119355830,2147483647,2147483647,2147483647,2147483647,-113,13,Movistar,false,false
1428119355830,2147483647,2147483647,2147483647,2147483647,-113,13,Movistar,false,false
1428119355830,2147483647,2147483647,2147483647,2147483647,-113,13,Movistar,false,false
1428119355830,2147483647,2147483647,2147483647,2147483647,-113,13,Movistar,false,false
1428119355830,2147483647,2147483647,2147483647,2147483647,-113,13,Movistar,false,false
1428119355830,2147483647,2147483647,2147483647,2147483647,-113,13,Movistar,false,false
1428119355830,2147483647,2147483647,2147483647,2147483647,-113,13,Movistar,false,false
1428119355830,2147483647,2147483647,2147483647,2147483647,-113,13,Movistar,false,false
1428119355830,2147483647,2147483647,2147483647,2147483647,-113,13,Movistar,false,false
1428119355830,2147483647,2147483647,2147483647,2147483647,-113,13,Movistar,false,false
1428119355830,2147483647,2147483647,2147483647,2147483647,-113,13,Movistar,false,false
1428119355830,2147483647,2147483647,2147483647,2147483647,-113,13,Movistar,false,false
1428119355830,2147483647,2147483647,2147483647,2147483647,-113,13,Movistar,false,false
1428119355830,2147483647,2147483647,2147483647,2147483647,-113,13,Movistar,false,false
1428119355830,2147483647,2147483647,2147483647,2147483647,-113,13,Movistar,false,false
1428119355830,-1,-1,-1,-1,0,13,Movistar,false,false
1428119355830,-1,-1,-1,-1,0,13,Movistar,false,false
1428119355830,-1,-1,-1,-1,0,13,Movistar,false,false
1428119355830,-1,-1,-1,-1,0,13,Movistar,false,false
1428119355830,-1,-1,-1,-1,0,13,Movistar,false,false
1428119355830,-1,-1,-1,-1,0,13,Movistar,false,false
1428119415939,20523018,8640,7,214,-115,13,Movistar,true,false
1428119415939,259,2147483647,2147483647,2147483647,-119,13,Movistar,false,false
1428119415939,131,2147483647,2147483647,2147483647,-122,13,Movistar,false,false
1428119415939,2147483647,2147483647,2147483647,2147483647,-113,13,Movistar,false,false
1428119415939,2147483647,2147483647,2147483647,2147483647,-113,13,Movistar,false,false
1428119415939,2147483647,2147483647,2147483647,2147483647,-113,13,Movistar,false,false
1428119415939,2147483647,2147483647,2147483647,2147483647,-113,13,Movistar,false,false
1428119415939,2147483647,2147483647,2147483647,2147483647,-113,13,Movistar,false,false
1428119415939,2147483647,2147483647,2147483647,2147483647,-113,13,Movistar,false,false
1428119415939,2147483647,2147483647,2147483647,2147483647,-113,13,Movistar,false,false
1428119415939,2147483647,2147483647,2147483647,2147483647,-113,13,Movistar,false,false
1428119415939,2147483647,2147483647,2147483647,2147483647,-113,13,Movistar,false,false
1428119415939,2147483647,2147483647,2147483647,2147483647,-113,13,Movistar,false,false
1428119415939,2147483647,2147483647,2147483647,2147483647,-113,13,Movistar,false,false
1428119415939,2147483647,2147483647,2147483647,2147483647,-113,13,Movistar,false,false
1428119415939,2147483647,2147483647,2147483647,2147483647,-113,13,Movistar,false,false
1428119415939,2147483647,2147483647,2147483647,2147483647,-113,13,Movistar,false,false
1428119415939,2147483647,2147483647,2147483647,2147483647,-113,13,Movistar,false,false
1428119415939,-1,-1,-1,-1,0,13,Movistar,false,false
1428119415939,-1,-1,-1,-1,0,13,Movistar,false,false
1428119415939,-1,-1,-1,-1,0,13,Movistar,false,false
1428119415939,-1,-1,-1,-1,0,13,Movistar,false,false
1428119415939,-1,-1,-1,-1,0,13,Movistar,false,false
1428119415939,-1,-1,-1,-1,0,13,Movistar,false,false
1428119415939,-1,-1,-1,-1,0,13,Movistar,false,false
1428119415939,-1,-1,-1,-1,0,13,Movistar,false,false
1428119415939,-1,-1,-1,-1,0,13,Movistar,false,false
1428119415939,-1,-1,-1,-1,0,13,Movistar,false,false
1428119476659,20523018,8640,7,214,-110,13,Movistar,true,false
1428119476659,259,2147483647,2147483647,2147483647,-120,13,Movistar,false,false
1428119476659,131,2147483647,2147483647,2147483647,-122,13,Movistar,false,false
1428119476659,350,2147483647,2147483647,2147483647,-124,13,Movistar,false,false
1428119476659,2147483647,2147483647,2147483647,2147483647,-113,13,Movistar,false,false
1428119476659,2147483647,2147483647,2147483647,2147483647,-113,13,Movistar,false,false
1428119476659,2147483647,2147483647,2147483647,2147483647,-113,13,Movistar,false,false
1428119476659,2147483647,2147483647,2147483647,2147483647,-113,13,Movistar,false,false
1428119476659,2147483647,2147483647,2147483647,2147483647,-113,13,Movistar,false,false
1428119476659,2147483647,2147483647,2147483647,2147483647,-113,13,Movistar,false,false
1428119476659,2147483647,2147483647,2147483647,2147483647,-113,13,Movistar,false,false
1428119476659,2147483647,2147483647,2147483647,2147483647,-113,13,Movistar,false,false
1428119476659,2147483647,2147483647,2147483647,2147483647,-113,13,Movistar,false,false
1428119476659,2147483647,2147483647,2147483647,2147483647,-113,13,Movistar,false,false
1428119476659,2147483647,2147483647,2147483647,2147483647,-113,13,Movistar,false,false
1428119476659,2147483647,2147483647,2147483647,2147483647,-113,13,Movistar,false,false
1428119476659,2147483647,2147483647,2147483647,2147483647,-113,13,Movistar,false,false
1428119476659,2147483647,2147483647,2147483647,2147483647,-113,13,Movistar,false,false
1428119476659,2147483647,2147483647,2147483647,2147483647,-113,13,Movistar,false,false
1428119476659,-1,-1,-1,-1,0,13,Movistar,false,false
1428119476659,-1,-1,-1,-1,0,13,Movistar,false,false
1428119476659,-1,-1,-1,-1,0,13,Movistar,false,false
1428119476659,-1,-1,-1,-1,0,13,Movistar,false,false
1428119476659,-1,-1,-1,-1,0,13,Movistar,false,false
1428119476659,-1,-1,-1,-1,0,13,Movistar,false,false
1428119476659,-1,-1,-1,-1,0,13,Movistar,false,false
1428119476659,-1,-1,-1,-1,0,13,Movistar,false,false
1428119476659,-1,-1,-1,-1,0,13,Movistar,false,false
1428119476659,-1,-1,-1,-1,0,13,Movistar,false,false
1428119536699,20523018,8640,7,214,-116,13,Movistar,true,false
1428119536699,259,2147483647,2147483647,2147483647,-120,13,Movistar,false,false
1428119536699,289,2147483647,2147483647,2147483647,-124,13,Movistar,false,false
1428119536699,2147483647,2147483647,2147483647,2147483647,-113,13,Movistar,false,false
1428119536699,2147483647,2147483647,2147483647,2147483647,-113,13,Movistar,false,false
1428119536699,2147483647,2147483647,2147483647,2147483647,-113,13,Movistar,false,false
1428119536699,2147483647,2147483647,2147483647,2147483647,-113,13,Movistar,false,false
1428119536699,2147483647,2147483647,2147483647,2147483647,-113,13,Movistar,false,false
1428119536699,2147483647,2147483647,2147483647,2147483647,-113,13,Movistar,false,false
1428119536699,2147483647,2147483647,2147483647,2147483647,-113,13,Movistar,false,false
1428119536699,2147483647,2147483647,2147483647,2147483647,-113,13,Movistar,false,false
1428119536699,2147483647,2147483647,2147483647,2147483647,-113,13,Movistar,false,false
1428119536699,2147483647,2147483647,2147483647,2147483647,-113,13,Movistar,false,false
1428119536699,2147483647,2147483647,2147483647,2147483647,-113,13,Movistar,false,false
1428119536699,2147483647,2147483647,2147483647,2147483647,-113,13,Movistar,false,false
1428119536699,2147483647,2147483647,2147483647,2147483647,-113,13,Movistar,false,false
1428119536699,2147483647,2147483647,2147483647,2147483647,-113,13,Movistar,false,false
1428119536699,2147483647,2147483647,2147483647,2147483647,-113,13,Movistar,false,false
1428119536699,-1,-1,-1,-1,0,13,Movistar,false,false
1428119536699,-1,-1,-1,-1,0,13,Movistar,false,false
1428119536699,-1,-1,-1,-1,0,13,Movistar,false,false
1428119536699,-1,-1,-1,-1,0,13,Movistar,false,false
1428119536699,-1,-1,-1,-1,0,13,Movistar,false,false
1428119536699,-1,-1,-1,-1,0,13,Movistar,false,false
1428119536699,-1,-1,-1,-1,0,13,Movistar,false,false
1428119536699,-1,-1,-1,-1,0,13,Movistar,false,false
1428119536699,-1,-1,-1,-1,0,13,Movistar,false,false
1428119596709,20523018,8640,7,214,-116,13,Movistar,true,false
1428119596709,289,2147483647,2147483647,2147483647,-123,13,Movistar,false,false
1428119596709,131,2147483647,2147483647,2147483647,-125,13,Movistar,false,false
1428119596709,182,2147483647,2147483647,2147483647,-127,13,Movistar,false,false
1428119596709,2147483647,2147483647,2147483647,2147483647,-113,13,Movistar,false,false
1428119596709,2147483647,2147483647,2147483647,2147483647,-113,13,Movistar,false,false
1428119596709,2147483647,2147483647,2147483647,2147483647,-113,13,Movistar,false,false
1428119596709,2147483647,2147483647,2147483647,2147483647,-113,13,Movistar,false,false
1428119596709,2147483647,2147483647,2147483647,2147483647,-113,13,Movistar,false,false
1428119596709,2147483647,2147483647,2147483647,2147483647,-113,13,Movistar,false,false
1428119596709,2147483647,2147483647,2147483647,2147483647,-113,13,Movistar,false,false
1428119596709,2147483647,2147483647,2147483647,2147483647,-113,13,Movistar,false,false
1428119596709,2147483647,2147483647,2147483647,2147483647,-113,13,Movistar,false,false
1428119596709,2147483647,2147483647,2147483647,2147483647,-113,13,Movistar,false,false
1428119596709,2147483647,2147483647,2147483647,2147483647,-113,13,Movistar,false,false
1428119596709,2147483647,2147483647,2147483647,2147483647,-113,13,Movistar,false,false
1428119596709,2147483647,2147483647,2147483647,2147483647,-113,13,Movistar,false,false
1428119596709,2147483647,2147483647,2147483647,2147483647,-113,13,Movistar,false,false
1428119596709,2147483647,2147483647,2147483647,2147483647,-113,13,Movistar,false,false
1428119596709,-1,-1,-1,-1,0,13,Movistar,false,false
1428119596709,-1,-1,-1,-1,0,13,Movistar,false,false
1428119596709,-1,-1,-1,-1,0,13,Movistar,false,false
1428119596709,-1,-1,-1,-1,0,13,Movistar,false,false
1428119596709,-1,-1,-1,-1,0,13,Movistar,false,false
1428119596709,-1,-1,-1,-1,0,13,Movistar,false,false
1428119596709,-1,-1,-1,-1,0,13,Movistar,false,false
1428119596709,-1,-1,-1,-1,0,13,Movistar,false,false
1428119658288,20523018,8640,7,214,-111,13,Movistar,true,false
1428119658288,225,2147483647,2147483647,2147483647,-123,13,Movistar,false,false
1428119658288,259,2147483647,2147483647,2147483647,-122,13,Movistar,false,false
1428119658288,131,2147483647,2147483647,2147483647,-121,13,Movistar,false,false
1428119658288,182,2147483647,2147483647,2147483647,-122,13,Movistar,false,false
1428119658288,289,2147483647,2147483647,2147483647,-121,13,Movistar,false,false
1428119658288,2147483647,2147483647,2147483647,2147483647,-113,13,Movistar,false,false
1428119658288,2147483647,2147483647,2147483647,2147483647,-113,13,Movistar,false,false
1428119658288,2147483647,2147483647,2147483647,2147483647,-113,13,Movistar,false,false
1428119658288,2147483647,2147483647,2147483647,2147483647,-113,13,Movistar,false,false
1428119658288,2147483647,2147483647,2147483647,2147483647,-113,13,Movistar,false,false
1428119658288,2147483647,2147483647,2147483647,2147483647,-113,13,Movistar,false,false
1428119658288,2147483647,2147483647,2147483647,2147483647,-113,13,Movistar,false,false
1428119658288,2147483647,2147483647,2147483647,2147483647,-113,13,Movistar,false,false
1428119658288,2147483647,2147483647,2147483647,2147483647,-113,13,Movistar,false,false
1428119658288,2147483647,2147483647,2147483647,2147483647,-113,13,Movistar,false,false
1428119658288,2147483647,2147483647,2147483647,2147483647,-113,13,Movistar,false,false
1428119658288,2147483647,2147483647,2147483647,2147483647,-113,13,Movistar,false,false
1428119658288,2147483647,2147483647,2147483647,2147483647,-113,13,Movistar,false,false
1428119658288,2147483647,2147483647,2147483647,2147483647,-113,13,Movistar,false,false
1428119658288,2147483647,2147483647,2147483647,2147483647,-113,13,Movistar,false,false
1428119658288,-1,-1,-1,-1,0,13,Movistar,false,false
1428119658288,-1,-1,-1,-1,0,13,Movistar,false,false
1428119658288,-1,-1,-1,-1,0,13,Movistar,false,false
1428119658288,-1,-1,-1,-1,0,13,Movistar,false,false
1428119658288,-1,-1,-1,-1,0,13,Movistar,false,false
1428119658288,-1,-1,-1,-1,0,13,Movistar,false,false
1428119658288,-1,-1,-1,-1,0,13,Movistar,false,false
1428119658288,-1,-1,-1,-1,0,13,Movistar,false,false
1428119658288,-1,-1,-1,-1,0,13,Movistar,false,false
1428119658288,-1,-1,-1,-1,0,13,Movistar,false,false
1428119718686,20523018,8640,7,214,-114,13,Movistar,true,false
1428119718686,289,2147483647,2147483647,2147483647,-119,13,Movistar,false,false
1428119718686,131,2147483647,2147483647,2147483647,-120,13,Movistar,false,false
1428119718686,225,2147483647,2147483647,2147483647,-124,13,Movistar,false,false
1428119718686,2147483647,2147483647,2147483647,2147483647,-113,13,Movistar,false,false
1428119718686,2147483647,2147483647,2147483647,2147483647,-113,13,Movistar,false,false
1428119718686,2147483647,2147483647,2147483647,2147483647,-113,13,Movistar,false,false
1428119718686,2147483647,2147483647,2147483647,2147483647,-113,13,Movistar,false,false
1428119718686,2147483647,2147483647,2147483647,2147483647,-113,13,Movistar,false,false
1428119718686,2147483647,2147483647,2147483647,2147483647,-113,13,Movistar,false,false
1428119718686,2147483647,2147483647,2147483647,2147483647,-113,13,Movistar,false,false
1428119718686,2147483647,2147483647,2147483647,2147483647,-113,13,Movistar,false,false
1428119718686,2147483647,2147483647,2147483647,2147483647,-113,13,Movistar,false,false
1428119718686,2147483647,2147483647,2147483647,2147483647,-113,13,Movistar,false,false
1428119718686,2147483647,2147483647,2147483647,2147483647,-113,13,Movistar,false,false
1428119718686,2147483647,2147483647,2147483647,2147483647,-113,13,Movistar,false,false
1428119718686,2147483647,2147483647,2147483647,2147483647,-113,13,Movistar,false,false
1428119718686,2147483647,2147483647,2147483647,2147483647,-113,13,Movistar,false,false
1428119718686,2147483647,2147483647,2147483647,2147483647,-113,13,Movistar,false,false
1428119718686,-1,-1,-1,-1,0,13,Movistar,false,false
1428119718686,-1,-1,-1,-1,0,13,Movistar,false,false
1428119718686,-1,-1,-1,-1,0,13,Movistar,false,false
1428119718686,-1,-1,-1,-1,0,13,Movistar,false,false
1428119718686,-1,-1,-1,-1,0,13,Movistar,false,false
1428119718686,-1,-1,-1,-1,0,13,Movistar,false,false
1428119718686,-1,-1,-1,-1,0,13,Movistar,false,false
1428119718686,-1,-1,-1,-1,0,13,Movistar,false,false
1428119718686,-1,-1,-1,-1,0,13,Movistar,false,false
1428119718686,-1,-1,-1,-1,0,13,Movistar,false,false
1428119779694,20523018,8640,7,214,-109,13,Movistar,true,false
1428119779694,131,2147483647,2147483647,2147483647,-118,13,Movistar,false,false
1428119779694,2147483647,2147483647,2147483647,2147483647,-113,13,Movistar,false,false
1428119779694,2147483647,2147483647,2147483647,2147483647,-113,13,Movistar,false,false
1428119779694,2147483647,2147483647,2147483647,2147483647,-113,13,Movistar,false,false
1428119779694,2147483647,2147483647,2147483647,2147483647,-113,13,Movistar,false,false
1428119779694,2147483647,2147483647,2147483647,2147483647,-113,13,Movistar,false,false
1428119779694,2147483647,2147483647,2147483647,2147483647,-113,13,Movistar,false,false
1428119779694,2147483647,2147483647,2147483647,2147483647,-113,13,Movistar,false,false
1428119779694,2147483647,2147483647,2147483647,2147483647,-113,13,Movistar,false,false
1428119779694,2147483647,2147483647,2147483647,2147483647,-113,13,Movistar,false,false
1428119779694,2147483647,2147483647,2147483647,2147483647,-113,13,Movistar,false,false
1428119779694,2147483647,2147483647,2147483647,2147483647,-113,13,Movistar,false,false
1428119779694,2147483647,2147483647,2147483647,2147483647,-113,13,Movistar,false,false
1428119779694,2147483647,2147483647,2147483647,2147483647,-113,13,Movistar,false,false
1428119779694,2147483647,2147483647,2147483647,2147483647,-113,13,Movistar,false,false
1428119779694,2147483647,2147483647,2147483647,2147483647,-113,13,Movistar,false,false
1428119779694,-1,-1,-1,-1,0,13,Movistar,false,false
1428119779694,-1,-1,-1,-1,0,13,Movistar,false,false
1428119779694,-1,-1,-1,-1,0,13,Movistar,false,false
1428119779694,-1,-1,-1,-1,0,13,Movistar,false,false
1428119779694,-1,-1,-1,-1,0,13,Movistar,false,false
1428119779694,-1,-1,-1,-1,0,13,Movistar,false,false
1428119779694,-1,-1,-1,-1,0,13,Movistar,false,false
1428119779694,-1,-1,-1,-1,0,13,Movistar,false,false
1428119779694,-1,-1,-1,-1,0,13,Movistar,false,false
1428119840739,20523018,8640,7,214,-112,13,Movistar,true,false
1428119840739,289,2147483647,2147483647,2147483647,-121,13,Movistar,false,false
1428119840739,227,2147483647,2147483647,2147483647,-125,13,Movistar,false,false
1428119840739,191,2147483647,2147483647,2147483647,-122,13,Movistar,false,false
1428119840739,2147483647,2147483647,2147483647,2147483647,-113,13,Movistar,false,false
1428119840739,2147483647,2147483647,2147483647,2147483647,-113,13,Movistar,false,false
1428119840739,2147483647,2147483647,2147483647,2147483647,-113,13,Movistar,false,false
1428119840739,2147483647,2147483647,2147483647,2147483647,-113,13,Movistar,false,false
1428119840739,2147483647,2147483647,2147483647,2147483647,-113,13,Movistar,false,false
1428119840739,2147483647,2147483647,2147483647,2147483647,-113,13,Movistar,false,false
1428119840739,2147483647,2147483647,2147483647,2147483647,-113,13,Movistar,false,false
1428119840739,2147483647,2147483647,2147483647,2147483647,-113,13,Movistar,false,false
1428119840739,2147483647,2147483647,2147483647,2147483647,-113,13,Movistar,false,false
1428119840739,2147483647,2147483647,2147483647,2147483647,-113,13,Movistar,false,false
1428119840739,2147483647,2147483647,2147483647,2147483647,-113,13,Movistar,false,false
1428119840739,2147483647,2147483647,2147483647,2147483647,-113,13,Movistar,false,false
1428119840739,2147483647,2147483647,2147483647,2147483647,-113,13,Movistar,false,false
1428119840739,2147483647,2147483647,2147483647,2147483647,-113,13,Movistar,false,false
1428119840739,2147483647,2147483647,2147483647,2147483647,-113,13,Movistar,false,false
1428119840739,-1,-1,-1,-1,0,13,Movistar,false,false
1428119840739,-1,-1,-1,-1,0,13,Movistar,false,false
1428119840739,-1,-1,-1,-1,0,13,Movistar,false,false
1428119840739,-1,-1,-1,-1,0,13,Movistar,false,false
1428119840739,-1,-1,-1,-1,0,13,Movistar,false,false
1428119840739,-1,-1,-1,-1,0,13,Movistar,false,false
1428119840739,-1,-1,-1,-1,0,13,Movistar,false,false
1428119840739,-1,-1,-1,-1,0,13,Movistar,false,false
1428119840739,-1,-1,-1,-1,0,13,Movistar,false,false
1428119901986,20523018,8640,7,214,-111,13,Movistar,true,false
1428119901986,225,2147483647,2147483647,2147483647,-120,13,Movistar,false,false
1428119901986,227,2147483647,2147483647,2147483647,-122,13,Movistar,false,false
1428119901986,259,2147483647,2147483647,2147483647,-123,13,Movistar,false,false
1428119901986,289,2147483647,2147483647,2147483647,-125,13,Movistar,false,false
1428119901986,2147483647,2147483647,2147483647,2147483647,-113,13,Movistar,false,false
1428119901986,2147483647,2147483647,2147483647,2147483647,-113,13,Movistar,false,false
1428119901986,2147483647,2147483647,2147483647,2147483647,-113,13,Movistar,false,false
1428119901986,2147483647,2147483647,2147483647,2147483647,-113,13,Movistar,false,false
1428119901986,2147483647,2147483647,2147483647,2147483647,-113,13,Movistar,false,false
1428119901986,2147483647,2147483647,2147483647,2147483647,-113,13,Movistar,false,false
1428119901986,2147483647,2147483647,2147483647,2147483647,-113,13,Movistar,false,false
1428119901986,2147483647,2147483647,2147483647,2147483647,-113,13,Movistar,false,false
1428119901986,2147483647,2147483647,2147483647,2147483647,-113,13,Movistar,false,false
1428119901986,2147483647,2147483647,2147483647,2147483647,-113,13,Movistar,false,false
1428119901986,2147483647,2147483647,2147483647,2147483647,-113,13,Movistar,false,false
1428119901986,2147483647,2147483647,2147483647,2147483647,-113,13,Movistar,false,false
1428119901986,2147483647,2147483647,2147483647,2147483647,-113,13,Movistar,false,false
1428119901986,2147483647,2147483647,2147483647,2147483647,-113,13,Movistar,false,false
1428119901986,2147483647,2147483647,2147483647,2147483647,-113,13,Movistar,false,false
1428119901986,-1,-1,-1,-1,0,13,Movistar,false,false
1428119901986,-1,-1,-1,-1,0,13,Movistar,false,false
1428119901986,-1,-1,-1,-1,0,13,Movistar,false,false
1428119901986,-1,-1,-1,-1,0,13,Movistar,false,false
1428119901986,-1,-1,-1,-1,0,13,Movistar,false,false
1428119901986,-1,-1,-1,-1,0,13,Movistar,false,false
1428119901986,-1,-1,-1,-1,0,13,Movistar,false,false
1428119901986,-1,-1,-1,-1,0,13,Movistar,false,false
1428119963100,20523018,8640,7,214,-112,13,Movistar,true,false
1428119963100,259,2147483647,2147483647,2147483647,-122,13,Movistar,false,false
1428119963100,225,2147483647,2147483647,2147483647,-120,13,Movistar,false,false
1428119963100,2147483647,2147483647,2147483647,2147483647,-113,13,Movistar,false,false
1428119963100,2147483647,2147483647,2147483647,2147483647,-113,13,Movistar,false,false
1428119963100,2147483647,2147483647,2147483647,2147483647,-113,13,Movistar,false,false
1428119963100,2147483647,2147483647,2147483647,2147483647,-113,13,Movistar,false,false
1428119963100,2147483647,2147483647,2147483647,2147483647,-113,13,Movistar,false,false
1428119963100,2147483647,2147483647,2147483647,2147483647,-113,13,Movistar,false,false
1428119963100,2147483647,2147483647,2147483647,2147483647,-113,13,Movistar,false,false
1428119963100,2147483647,2147483647,2147483647,2147483647,-113,13,Movistar,false,false
1428119963100,2147483647,2147483647,2147483647,2147483647,-113,13,Movistar,false,false
1428119963100,2147483647,2147483647,2147483647,2147483647,-113,13,Movistar,false,false
1428119963100,2147483647,2147483647,2147483647,2147483647,-113,13,Movistar,false,false
1428119963100,2147483647,2147483647,2147483647,2147483647,-113,13,Movistar,false,false
1428119963100,2147483647,2147483647,2147483647,2147483647,-113,13,Movistar,false,false
1428119963100,2147483647,2147483647,2147483647,2147483647,-113,13,Movistar,false,false
1428119963100,2147483647,2147483647,2147483647,2147483647,-113,13,Movistar,false,false
1428119963100,-1,-1,-1,-1,0,13,Movistar,false,false
1428119963100,-1,-1,-1,-1,0,13,Movistar,false,false
1428119963100,-1,-1,-1,-1,0,13,Movistar,false,false
1428119963100,-1,-1,-1,-1,0,13,Movistar,false,false
1428119963100,-1,-1,-1,-1,0,13,Movistar,false,false
1428119963100,-1,-1,-1,-1,0,13,Movistar,false,false
1428119963100,-1,-1,-1,-1,0,13,Movistar,false,false
1428119963100,-1,-1,-1,-1,0,13,Movistar,false,false
1428120024194,20523018,8640,7,214,-113,13,Movistar,true,false
1428120024194,289,2147483647,2147483647,2147483647,-122,13,Movistar,false,false
1428120024194,225,2147483647,2147483647,2147483647,-121,13,Movistar,false,false
1428120024194,131,2147483647,2147483647,2147483647,-124,13,Movistar,false,false
1428120024194,259,2147483647,2147483647,2147483647,-122,13,Movistar,false,false
1428120024194,2147483647,2147483647,2147483647,2147483647,-113,13,Movistar,false,false
1428120024194,2147483647,2147483647,2147483647,2147483647,-113,13,Movistar,false,false
1428120024194,2147483647,2147483647,2147483647,2147483647,-113,13,Movistar,false,false
1428120024194,2147483647,2147483647,2147483647,2147483647,-113,13,Movistar,false,false
1428120024194,2147483647,2147483647,2147483647,2147483647,-113,13,Movistar,false,false
1428120024194,2147483647,2147483647,2147483647,2147483647,-113,13,Movistar,false,false
1428120024194,2147483647,2147483647,2147483647,2147483647,-113,13,Movistar,false,false
1428120024194,2147483647,2147483647,2147483647,2147483647,-113,13,Movistar,false,false
1428120024194,2147483647,2147483647,2147483647,2147483647,-113,13,Movistar,false,false
1428120024194,2147483647,2147483647,2147483647,2147483647,-113,13,Movistar,false,false
1428120024194,2147483647,2147483647,2147483647,2147483647,-113,13,Movistar,false,false
1428120024194,2147483647,2147483647,2147483647,2147483647,-113,13,Movistar,false,false
1428120024194,2147483647,2147483647,2147483647,2147483647,-113,13,Movistar,false,false
1428120024194,2147483647,2147483647,2147483647,2147483647,-113,13,Movistar,false,false
1428120024194,2147483647,2147483647,2147483647,2147483647,-113,13,Movistar,false,false
1428120024194,-1,-1,-1,-1,0,13,Movistar,false,false
1428120024194,-1,-1,-1,-1,0,13,Movistar,false,false
1428120024194,-1,-1,-1,-1,0,13,Movistar,false,false
1428120024194,-1,-1,-1,-1,0,13,Movistar,false,false
1428120024194,-1,-1,-1,-1,0,13,Movistar,false,false
1428120024194,-1,-1,-1,-1,0,13,Movistar,false,false
1428120024194,-1,-1,-1,-1,0,13,Movistar,false,false
1428120024194,-1,-1,-1,-1,0,13,Movistar,false,false
1428120085180,20523018,8640,7,214,-113,13,Movistar,true,false
1428120085180,143,2147483647,2147483647,2147483647,-122,13,Movistar,false,false
1428120085180,225,2147483647,2147483647,2147483647,-125,13,Movistar,false,false
1428120085180,259,2147483647,2147483647,2147483647,-119,13,Movistar,false,false
1428120085180,2147483647,2147483647,2147483647,2147483647,-113,13,Movistar,false,false
1428120085180,2147483647,2147483647,2147483647,2147483647,-113,13,Movistar,false,false
1428120085180,2147483647,2147483647,2147483647,2147483647,-113,13,Movistar,false,false
1428120085180,2147483647,2147483647,2147483647,2147483647,-113,13,Movistar,false,false
1428120085180,2147483647,2147483647,2147483647,2147483647,-113,13,Movistar,false,false
1428120085180,2147483647,2147483647,2147483647,2147483647,-113,13,Movistar,false,false
1428120085180,2147483647,2147483647,2147483647,2147483647,-113,13,Movistar,false,false
1428120085180,2147483647,2147483647,2147483647,2147483647,-113,13,Movistar,false,false
1428120085180,2147483647,2147483647,2147483647,2147483647,-113,13,Movistar,false,false
1428120085180,2147483647,2147483647,2147483647,2147483647,-113,13,Movistar,false,false
1428120085180,2147483647,2147483647,2147483647,2147483647,-113,13,Movistar,false,false
1428120085180,2147483647,2147483647,2147483647,2147483647,-113,13,Movistar,false,false
1428120085180,2147483647,2147483647,2147483647,2147483647,-113,13,Movistar,false,false
1428120085180,2147483647,2147483647,2147483647,2147483647,-113,13,Movistar,false,false
1428120085180,2147483647,2147483647,2147483647,2147483647,-113,13,Movistar,false,false
1428120085180,-1,-1,-1,-1,0,13,Movistar,false,false
1428120085180,-1,-1,-1,-1,0,13,Movistar,false,false
1428120085180,-1,-1,-1,-1,0,13,Movistar,false,false
1428120085180,-1,-1,-1,-1,0,13,Movistar,false,false
1428120085180,-1,-1,-1,-1,0,13,Movistar,false,false
1428120085180,-1,-1,-1,-1,0,13,Movistar,false,false
1428120085180,-1,-1,-1,-1,0,13,Movistar,false,false
1428120085180,-1,-1,-1,-1,0,13,Movistar,false,false
1428120146300,20523018,8640,7,214,-111,13,Movistar,true,false
1428120146300,289,2147483647,2147483647,2147483647,-121,13,Movistar,false,false
1428120146300,143,2147483647,2147483647,2147483647,-124,13,Movistar,false,false
1428120146300,2147483647,2147483647,2147483647,2147483647,-113,13,Movistar,false,false
1428120146300,2147483647,2147483647,2147483647,2147483647,-113,13,Movistar,false,false
1428120146300,2147483647,2147483647,2147483647,2147483647,-113,13,Movistar,false,false
1428120146300,2147483647,2147483647,2147483647,2147483647,-113,13,Movistar,false,false
1428120146300,2147483647,2147483647,2147483647,2147483647,-113,13,Movistar,false,false
1428120146300,2147483647,2147483647,2147483647,2147483647,-113,13,Movistar,false,false
1428120146300,2147483647,2147483647,2147483647,2147483647,-113,13,Movistar,false,false
1428120146300,2147483647,2147483647,2147483647,2147483647,-113,13,Movistar,false,false
1428120146300,2147483647,2147483647,2147483647,2147483647,-113,13,Movistar,false,false
1428120146300,2147483647,2147483647,2147483647,2147483647,-113,13,Movistar,false,false
1428120146300,2147483647,2147483647,2147483647,2147483647,-113,13,Movistar,false,false
1428120146300,2147483647,2147483647,2147483647,2147483647,-113,13,Movistar,false,false
1428120146300,2147483647,2147483647,2147483647,2147483647,-113,13,Movistar,false,false
1428120146300,2147483647,2147483647,2147483647,2147483647,-113,13,Movistar,false,false
1428120146300,2147483647,2147483647,2147483647,2147483647,-113,13,Movistar,false,false
1428120146300,-1,-1,-1,-1,0,13,Movistar,false,false
1428120146300,-1,-1,-1,-1,0,13,Movistar,false,false
1428120146300,-1,-1,-1,-1,0,13,Movistar,false,false
1428120146300,-1,-1,-1,-1,0,13,Movistar,false,false
1428120146300,-1,-1,-1,-1,0,13,Movistar,false,false
1428120146300,-1,-1,-1,-1,0,13,Movistar,false,false
1428120146300,-1,-1,-1,-1,0,13,Movistar,false,false
1428120146300,-1,-1,-1,-1,0,13,Movistar,false,false
1428120207769,20523018,8640,7,214,-109,13,Movistar,true,false
1428120207769,131,2147483647,2147483647,2147483647,-120,13,Movistar,false,false
1428120207769,227,2147483647,2147483647,2147483647,-123,13,Movistar,false,false
1428120207769,289,2147483647,2147483647,2147483647,-122,13,Movistar,false,false
1428120207769,2147483647,2147483647,2147483647,2147483647,-113,13,Movistar,false,false
1428120207769,2147483647,2147483647,2147483647,2147483647,-113,13,Movistar,false,false
1428120207769,2147483647,2147483647,2147483647,2147483647,-113,13,Movistar,false,false
1428120207769,2147483647,2147483647,2147483647,2147483647,-113,13,Movistar,false,false
1428120207769,2147483647,2147483647,2147483647,2147483647,-113,13,Movistar,false,false
1428120207769,2147483647,2147483647,2147483647,2147483647,-113,13,Movistar,false,false
1428120207769,2147483647,2147483647,2147483647,2147483647,-113,13,Movistar,false,false
1428120207769,2147483647,2147483647,2147483647,2147483647,-113,13,Movistar,false,false
1428120207769,2147483647,2147483647,2147483647,2147483647,-113,13,Movistar,false,false
1428120207769,2147483647,2147483647,2147483647,2147483647,-113,13,Movistar,false,false
1428120207769,2147483647,2147483647,2147483647,2147483647,-113,13,Movistar,false,false
1428120207769,2147483647,2147483647,2147483647,2147483647,-113,13,Movistar,false,false
1428120207769,2147483647,2147483647,2147483647,2147483647,-113,13,Movistar,false,false
1428120207769,2147483647,2147483647,2147483647,2147483647,-113,13,Movistar,false,false
1428120207769,2147483647,2147483647,2147483647,2147483647,-113,13,Movistar,false,false
1428120207769,-1,-1,-1,-1,0,13,Movistar,false,false
1428120207769,-1,-1,-1,-1,0,13,Movistar,false,false
1428120207769,-1,-1,-1,-1,0,13,Movistar,false,false
1428120207769,-1,-1,-1,-1,0,13,Movistar,false,false
1428120207769,-1,-1,-1,-1,0,13,Movistar,false,false
1428120207769,-1,-1,-1,-1,0,13,Movistar,false,false
1428120207769,-1,-1,-1,-1,0,13,Movistar,false,false
1428120207769,-1,-1,-1,-1,0,13,Movistar,false,false
1428120268818,20523018,8640,7,214,-111,13,Movistar,true,false
1428120268818,143,2147483647,2147483647,2147483647,-124,13,Movistar,false,false
1428120268818,2147483647,2147483647,2147483647,2147483647,-113,13,Movistar,false,false
1428120268818,2147483647,2147483647,2147483647,2147483647,-113,13,Movistar,false,false
1428120268818,2147483647,2147483647,2147483647,2147483647,-113,13,Movistar,false,false
1428120268818,2147483647,2147483647,2147483647,2147483647,-113,13,Movistar,false,false
1428120268818,2147483647,2147483647,2147483647,2147483647,-113,13,Movistar,false,false
1428120268818,2147483647,2147483647,2147483647,2147483647,-113,13,Movistar,false,false
1428120268818,2147483647,2147483647,2147483647,2147483647,-113,13,Movistar,false,false
1428120268818,2147483647,2147483647,2147483647,2147483647,-113,13,Movistar,false,false
1428120268818,2147483647,2147483647,2147483647,2147483647,-113,13,Movistar,false,false
1428120268818,2147483647,2147483647,2147483647,2147483647,-113,13,Movistar,false,false
1428120268818,2147483647,2147483647,2147483647,2147483647,-113,13,Movistar,false,false
1428120268818,2147483647,2147483647,2147483647,2147483647,-113,13,Movistar,false,false
1428120268818,2147483647,2147483647,2147483647,2147483647,-113,13,Movistar,false,false
1428120268818,2147483647,2147483647,2147483647,2147483647,-113,13,Movistar,false,false
1428120268818,2147483647,2147483647,2147483647,2147483647,-113,13,Movistar,false,false
1428120268818,-1,-1,-1,-1,0,13,Movistar,false,false
1428120268818,-1,-1,-1,-1,0,13,Movistar,false,false
1428120268818,-1,-1,-1,-1,0,13,Movistar,false,false
1428120268818,-1,-1,-1,-1,0,13,Movistar,false,false
1428120268818,-1,-1,-1,-1,0,13,Movistar,false,false
1428120268818,-1,-1,-1,-1,0,13,Movistar,false,false
1428120268818,-1,-1,-1,-1,0,13,Movistar,false,false
1428120268818,-1,-1,-1,-1,0,13,Movistar,false,false
1428120330630,20523018,8640,7,214,-116,13,Movistar,true,false
1428120330630,225,2147483647,2147483647,2147483647,-121,13,Movistar,false,false
1428120330630,230,2147483647,2147483647,2147483647,-128,13,Movistar,false,false
1428120330630,131,2147483647,2147483647,2147483647,-127,13,Movistar,false,false
1428120330630,2147483647,2147483647,2147483647,2147483647,-113,13,Movistar,false,false
1428120330630,2147483647,2147483647,2147483647,2147483647,-113,13,Movistar,false,false
1428120330630,2147483647,2147483647,2147483647,2147483647,-113,13,Movistar,false,false
1428120330630,2147483647,2147483647,2147483647,2147483647,-113,13,Movistar,false,false
1428120330630,2147483647,2147483647,2147483647,2147483647,-113,13,Movistar,false,false
1428120330630,2147483647,2147483647,2147483647,2147483647,-113,13,Movistar,false,false
1428120330630,2147483647,2147483647,2147483647,2147483647,-113,13,Movistar,false,false
1428120330630,2147483647,2147483647,2147483647,2147483647,-113,13,Movistar,false,false
1428120330630,2147483647,2147483647,2147483647,2147483647,-113,13,Movistar,false,false
1428120330630,2147483647,2147483647,2147483647,2147483647,-113,13,Movistar,false,false
1428120330630,2147483647,2147483647,2147483647,2147483647,-113,13,Movistar,false,false
1428120330630,2147483647,2147483647,2147483647,2147483647,-113,13,Movistar,false,false
1428120330630,2147483647,2147483647,2147483647,2147483647,-113,13,Movistar,false,false
1428120330630,2147483647,2147483647,2147483647,2147483647,-113,13,Movistar,false,false
1428120330630,2147483647,2147483647,2147483647,2147483647,-113,13,Movistar,false,false
1428120330630,-1,-1,-1,-1,0,13,Movistar,false,false
1428120330630,-1,-1,-1,-1,0,13,Movistar,false,false
1428120330630,-1,-1,-1,-1,0,13,Movistar,false,false
1428120330630,-1,-1,-1,-1,0,13,Movistar,false,false
1428120330630,-1,-1,-1,-1,0,13,Movistar,false,false
1428120330630,-1,-1,-1,-1,0,13,Movistar,false,false
1428120330630,-1,-1,-1,-1,0,13,Movistar,false,false
1428120330630,-1,-1,-1,-1,0,13,Movistar,false,false
1428120390660,20523018,8640,7,214,-112,13,Movistar,true,false
1428120390660,289,2147483647,2147483647,2147483647,-120,13,Movistar,false,false
1428120390660,143,2147483647,2147483647,2147483647,-126,13,Movistar,false,false
1428120390660,2147483647,2147483647,2147483647,2147483647,-113,13,Movistar,false,false
1428120390660,2147483647,2147483647,2147483647,2147483647,-113,13,Movistar,false,false
1428120390660,2147483647,2147483647,2147483647,2147483647,-113,13,Movistar,false,false
1428120390660,2147483647,2147483647,2147483647,2147483647,-113,13,Movistar,false,false
1428120390660,2147483647,2147483647,2147483647,2147483647,-113,13,Movistar,false,false
1428120390660,2147483647,2147483647,2147483647,2147483647,-113,13,Movistar,false,false
1428120390660,2147483647,2147483647,2147483647,2147483647,-113,13,Movistar,false,false
1428120390660,2147483647,2147483647,2147483647,2147483647,-113,13,Movistar,false,false
1428120390660,2147483647,2147483647,2147483647,2147483647,-113,13,Movistar,false,false
1428120390660,2147483647,2147483647,2147483647,2147483647,-113,13,Movistar,false,false
1428120390660,2147483647,2147483647,2147483647,2147483647,-113,13,Movistar,false,false
1428120390660,2147483647,2147483647,2147483647,2147483647,-113,13,Movistar,false,false
1428120390660,2147483647,2147483647,2147483647,2147483647,-113,13,Movistar,false,false
1428120390660,2147483647,2147483647,2147483647,2147483647,-113,13,Movistar,false,false
1428120390660,2147483647,2147483647,2147483647,2147483647,-113,13,Movistar,false,false
1428120390660,-1,-1,-1,-1,0,13,Movistar,false,false
1428120390660,-1,-1,-1,-1,0,13,Movistar,false,false
1428120390660,-1,-1,-1,-1,0,13,Movistar,false,false
1428120390660,-1,-1,-1,-1,0,13,Movistar,false,false
1428120390660,-1,-1,-1,-1,0,13,Movistar,false,false
1428120390660,-1,-1,-1,-1,0,13,Movistar,false,false
1428120390660,-1,-1,-1,-1,0,13,Movistar,false,false
1428120452675,20523018,8640,7,214,-108,13,Movistar,true,false
1428120452675,2147483647,2147483647,2147483647,2147483647,-113,13,Movistar,false,false
1428120452675,2147483647,2147483647,2147483647,2147483647,-113,13,Movistar,false,false
1428120452675,2147483647,2147483647,2147483647,2147483647,-113,13,Movistar,false,false
1428120452675,2147483647,2147483647,2147483647,2147483647,-113,13,Movistar,false,false
1428120452675,2147483647,2147483647,2147483647,2147483647,-113,13,Movistar,false,false
1428120452675,2147483647,2147483647,2147483647,2147483647,-113,13,Movistar,false,false
1428120452675,2147483647,2147483647,2147483647,2147483647,-113,13,Movistar,false,false
1428120452675,2147483647,2147483647,2147483647,2147483647,-113,13,Movistar,false,false
1428120452675,2147483647,2147483647,2147483647,2147483647,-113,13,Movistar,false,false
1428120452675,2147483647,2147483647,2147483647,2147483647,-113,13,Movistar,false,false
1428120452675,2147483647,2147483647,2147483647,2147483647,-113,13,Movistar,false,false
1428120452675,2147483647,2147483647,2147483647,2147483647,-113,13,Movistar,false,false
1428120452675,2147483647,2147483647,2147483647,2147483647,-113,13,Movistar,false,false
1428120452675,2147483647,2147483647,2147483647,2147483647,-113,13,Movistar,false,false
1428120452675,2147483647,2147483647,2147483647,2147483647,-113,13,Movistar,false,false
1428120452675,-1,-1,-1,-1,0,13,Movistar,false,false
1428120452675,-1,-1,-1,-1,0,13,Movistar,false,false
1428120452675,-1,-1,-1,-1,0,13,Movistar,false,false
1428120452675,-1,-1,-1,-1,0,13,Movistar,false,false
1428120452675,-1,-1,-1,-1,0,13,Movistar,false,false
1428120452675,-1,-1,-1,-1,0,13,Movistar,false,false
1428120452675,-1,-1,-1,-1,0,13,Movistar,false,false
1428120513791,20523018,8640,7,214,-100,13,Movistar,true,false
1428120513791,251,2147483647,2147483647,2147483647,-121,13,Movistar,false,false
1428120513791,2147483647,2147483647,2147483647,2147483647,-113,13,Movistar,false,false
1428120513791,2147483647,2147483647,2147483647,2147483647,-113,13,Movistar,false,false
1428120513791,2147483647,2147483647,2147483647,2147483647,-113,13,Movistar,false,false
1428120513791,2147483647,2147483647,2147483647,2147483647,-113,13,Movistar,false,false
1428120513791,2147483647,2147483647,2147483647,2147483647,-113,13,Movistar,false,false
1428120513791,2147483647,2147483647,2147483647,2147483647,-113,13,Movistar,false,false
1428120513791,2147483647,2147483647,2147483647,2147483647,-113,13,Movistar,false,false
1428120513791,2147483647,2147483647,2147483647,2147483647,-113,13,Movistar,false,false
1428120513791,2147483647,2147483647,2147483647,2147483647,-113,13,Movistar,false,false
1428120513791,2147483647,2147483647,2147483647,2147483647,-113,13,Movistar,false,false
1428120513791,2147483647,2147483647,2147483647,2147483647,-113,13,Movistar,false,false
1428120513791,2147483647,2147483647,2147483647,2147483647,-113,13,Movistar,false,false
1428120513791,2147483647,2147483647,2147483647,2147483647,-113,13,Movistar,false,false
1428120513791,2147483647,2147483647,2147483647,2147483647,-113,13,Movistar,false,false
1428120513791,2147483647,2147483647,2147483647,2147483647,-113,13,Movistar,false,false
1428120513791,-1,-1,-1,-1,0,13,Movistar,false,false
1428120513791,-1,-1,-1,-1,0,13,Movistar,false,false
1428120513791,-1,-1,-1,-1,0,13,Movistar,false,false
1428120513791,-1,-1,-1,-1,0,13,Movistar,false,false
1428120513791,-1,-1,-1,-1,0,13,Movistar,false,false
1428120513791,-1,-1,-1,-1,0,13,Movistar,false,false
1428120513791,-1,-1,-1,-1,0,13,Movistar,false,false
1428120574955,20523018,8640,7,214,-97,13,Movistar,true,false
1428120574955,2147483647,2147483647,2147483647,2147483647,-113,13,Movistar,false,false
1428120574955,2147483647,2147483647,2147483647,2147483647,-113,13,Movistar,false,false
1428120574955,2147483647,2147483647,2147483647,2147483647,-113,13,Movistar,false,false
1428120574955,2147483647,2147483647,2147483647,2147483647,-113,13,Movistar,false,false
1428120574955,2147483647,2147483647,2147483647,2147483647,-113,13,Movistar,false,false
1428120574955,2147483647,2147483647,2147483647,2147483647,-113,13,Movistar,false,false
1428120574955,2147483647,2147483647,2147483647,2147483647,-113,13,Movistar,false,false
1428120574955,2147483647,2147483647,2147483647,2147483647,-113,13,Movistar,false,false
1428120574955,2147483647,2147483647,2147483647,2147483647,-113,13,Movistar,false,false
1428120574955,2147483647,2147483647,2147483647,2147483647,-113,13,Movistar,false,false
1428120574955,2147483647,2147483647,2147483647,2147483647,-113,13,Movistar,false,false
1428120574955,2147483647,2147483647,2147483647,2147483647,-113,13,Movistar,false,false
1428120574955,2147483647,2147483647,2147483647,2147483647,-113,13,Movistar,false,false
1428120574955,2147483647,2147483647,2147483647,2147483647,-113,13,Movistar,false,false
1428120574955,2147483647,2147483647,2147483647,2147483647,-113,13,Movistar,false,false
1428120574955,-1,-1,-1,-1,0,13,Movistar,false,false
1428120574955,-1,-1,-1,-1,0,13,Movistar,false,false
1428120574955,-1,-1,-1,-1,0,13,Movistar,false,false
1428120574955,-1,-1,-1,-1,0,13,Movistar,false,false
1428120574955,-1,-1,-1,-1,0,13,Movistar,false,false
1428120574955,-1,-1,-1,-1,0,13,Movistar,false,false
1428120574955,-1,-1,-1,-1,0,13,Movistar,false,false
1428120636127,20523018,8640,7,214,-68,13,Movistar,true,false
1428120636127,2147483647,2147483647,2147483647,2147483647,-113,13,Movistar,false,false
1428120636127,2147483647,2147483647,2147483647,2147483647,-113,13,Movistar,false,false
1428120636127,2147483647,2147483647,2147483647,2147483647,-113,13,Movistar,false,false
1428120636127,2147483647,2147483647,2147483647,2147483647,-113,13,Movistar,false,false
1428120636127,2147483647,2147483647,2147483647,2147483647,-113,13,Movistar,false,false
1428120636127,2147483647,2147483647,2147483647,2147483647,-113,13,Movistar,false,false
1428120636127,2147483647,2147483647,2147483647,2147483647,-113,13,Movistar,false,false
1428120636127,2147483647,2147483647,2147483647,2147483647,-113,13,Movistar,false,false
1428120636127,2147483647,2147483647,2147483647,2147483647,-113,13,Movistar,false,false
1428120636127,2147483647,2147483647,2147483647,2147483647,-113,13,Movistar,false,false
1428120636127,2147483647,2147483647,2147483647,2147483647,-113,13,Movistar,false,false
1428120636127,2147483647,2147483647,2147483647,2147483647,-113,13,Movistar,false,false
1428120636127,2147483647,2147483647,2147483647,2147483647,-113,13,Movistar,false,false
1428120636127,2147483647,2147483647,2147483647,2147483647,-113,13,Movistar,false,false
1428120636127,2147483647,2147483647,2147483647,2147483647,-113,13,Movistar,false,false
1428120636127,-1,-1,-1,-1,0,13,Movistar,false,false
1428120636127,-1,-1,-1,-1,0,13,Movistar,false,false
1428120636127,-1,-1,-1,-1,0,13,Movistar,false,false
1428120636127,-1,-1,-1,-1,0,13,Movistar,false,false
1428120636127,-1,-1,-1,-1,0,13,Movistar,false,false
1428120636127,-1,-1,-1,-1,0,13,Movistar,false,false
1428120636127,-1,-1,-1,-1,0,13,Movistar,false,false
1428120697185,20523018,8640,7,214,-74,13,Movistar,true,false
1428120697185,273,2147483647,2147483647,2147483647,-81,13,Movistar,false,false
1428120697185,251,2147483647,2147483647,2147483647,-86,13,Movistar,false,false
1428120697185,2147483647,2147483647,2147483647,2147483647,-113,13,Movistar,false,false
1428120697185,2147483647,2147483647,2147483647,2147483647,-113,13,Movistar,false,false
1428120697185,2147483647,2147483647,2147483647,2147483647,-113,13,Movistar,false,false
1428120697185,2147483647,2147483647,2147483647,2147483647,-113,13,Movistar,false,false
1428120697185,2147483647,2147483647,2147483647,2147483647,-113,13,Movistar,false,false
1428120697185,2147483647,2147483647,2147483647,2147483647,-113,13,Movistar,false,false
1428120697185,2147483647,2147483647,2147483647,2147483647,-113,13,Movistar,false,false
1428120697185,2147483647,2147483647,2147483647,2147483647,-113,13,Movistar,false,false
1428120697185,2147483647,2147483647,2147483647,2147483647,-113,13,Movistar,false,false
1428120697185,2147483647,2147483647,2147483647,2147483647,-113,13,Movistar,false,false
1428120697185,2147483647,2147483647,2147483647,2147483647,-113,13,Movistar,false,false
1428120697185,2147483647,2147483647,2147483647,2147483647,-113,13,Movistar,false,false
1428120697185,2147483647,2147483647,2147483647,2147483647,-113,13,Movistar,false,false
1428120697185,2147483647,2147483647,2147483647,2147483647,-113,13,Movistar,false,false
1428120697185,2147483647,2147483647,2147483647,2147483647,-113,13,Movistar,false,false
1428120697185,-1,-1,-1,-1,0,13,Movistar,false,false
1428120697185,-1,-1,-1,-1,0,13,Movistar,false,false
1428120697185,-1,-1,-1,-1,0,13,Movistar,false,false
1428120697185,-1,-1,-1,-1,0,13,Movistar,false,false
1428120697185,-1,-1,-1,-1,0,13,Movistar,false,false
1428120697185,-1,-1,-1,-1,0,13,Movistar,false,false
1428120697185,-1,-1,-1,-1,0,13,Movistar,false,false
1428120757270,20523018,8640,7,214,-271,13,Movistar,true,false
1428120817277,20523018,8640,7,214,-77,13,Movistar,true,false
1428120817277,251,2147483647,2147483647,2147483647,-93,13,Movistar,false,false
1428120817277,314,2147483647,2147483647,2147483647,-98,13,Movistar,false,false
1428120817277,2147483647,2147483647,2147483647,2147483647,-113,13,Movistar,false,false
1428120817277,2147483647,2147483647,2147483647,2147483647,-113,13,Movistar,false,false
1428120817277,2147483647,2147483647,2147483647,2147483647,-113,13,Movistar,false,false
1428120817277,2147483647,2147483647,2147483647,2147483647,-113,13,Movistar,false,false
1428120817277,2147483647,2147483647,2147483647,2147483647,-113,13,Movistar,false,false
1428120817277,2147483647,2147483647,2147483647,2147483647,-113,13,Movistar,false,false
1428120817277,2147483647,2147483647,2147483647,2147483647,-113,13,Movistar,false,false
1428120817277,2147483647,2147483647,2147483647,2147483647,-113,13,Movistar,false,false
1428120817277,2147483647,2147483647,2147483647,2147483647,-113,13,Movistar,false,false
1428120817277,2147483647,2147483647,2147483647,2147483647,-113,13,Movistar,false,false
1428120817277,2147483647,2147483647,2147483647,2147483647,-113,13,Movistar,false,false
1428120817277,2147483647,2147483647,2147483647,2147483647,-113,13,Movistar,false,false
1428120817277,2147483647,2147483647,2147483647,2147483647,-113,13,Movistar,false,false
1428120817277,2147483647,2147483647,2147483647,2147483647,-113,13,Movistar,false,false
1428120817277,2147483647,2147483647,2147483647,2147483647,-113,13,Movistar,false,false
1428120817277,-1,-1,-1,-1,0,13,Movistar,false,false
1428120817277,-1,-1,-1,-1,0,13,Movistar,false,false
1428120817277,-1,-1,-1,-1,0,13,Movistar,false,false
1428120817277,-1,-1,-1,-1,0,13,Movistar,false,false
1428120817277,-1,-1,-1,-1,0,13,Movistar,false,false
1428120817277,-1,-1,-1,-1,0,13,Movistar,false,false
1428120817277,-1,-1,-1,-1,0,13,Movistar,false,false
1428120877700,20523018,8640,7,214,-80,13,Movistar,true,false
1428120877700,0,2147483647,2147483647,2147483647,-90,13,Movistar,false,false
1428120877700,251,2147483647,2147483647,2147483647,-96,13,Movistar,false,false
1428120877700,235,2147483647,2147483647,2147483647,-95,13,Movistar,false,false
1428120877700,314,2147483647,2147483647,2147483647,-98,13,Movistar,false,false
1428120877700,313,2147483647,2147483647,2147483647,-106,13,Movistar,false,false
1428120877700,2147483647,2147483647,2147483647,2147483647,-113,13,Movistar,false,false
1428120877700,2147483647,2147483647,2147483647,2147483647,-113,13,Movistar,false,false
1428120877700,2147483647,2147483647,2147483647,2147483647,-113,13,Movistar,false,false
1428120877700,2147483647,2147483647,2147483647,2147483647,-113,13,Movistar,false,false
1428120877700,2147483647,2147483647,2147483647,2147483647,-113,13,Movistar,false,false
1428120877700,2147483647,2147483647,2147483647,2147483647,-113,13,Movistar,false,false
1428120877700,2147483647,2147483647,2147483647,2147483647,-113,13,Movistar,false,false
1428120877700,2147483647,2147483647,2147483647,2147483647,-113,13,Movistar,false,false
1428120877700,2147483647,2147483647,2147483647,2147483647,-113,13,Movistar,false,false
1428120877700,2147483647,2147483647,2147483647,2147483647,-113,13,Movistar,false,false
1428120877700,2147483647,2147483647,2147483647,2147483647,-113,13,Movistar,false,false
1428120877700,2147483647,2147483647,2147483647,2147483647,-113,13,Movistar,false,false
1428120877700,2147483647,2147483647,2147483647,2147483647,-113,13,Movistar,false,false
1428120877700,2147483647,2147483647,2147483647,2147483647,-113,13,Movistar,false,false
1428120877700,2147483647,2147483647,2147483647,2147483647,-113,13,Movistar,false,false
1428120877700,-1,-1,-1,-1,0,13,Movistar,false,false
1428120877700,-1,-1,-1,-1,0,13,Movistar,false,false
1428120877700,-1,-1,-1,-1,0,13,Movistar,false,false
1428120877700,-1,-1,-1,-1,0,13,Movistar,false,false
1428120877700,-1,-1,-1,-1,0,13,Movistar,false,false
1428120877700,-1,-1,-1,-1,0,13,Movistar,false,false
1428120877700,-1,-1,-1,-1,0,13,Movistar,false,false
1428120938681,20523018,8640,7,214,-79,13,Movistar,true,false
1428120938681,251,2147483647,2147483647,2147483647,-95,13,Movistar,false,false
1428120938681,0,2147483647,2147483647,2147483647,-95,13,Movistar,false,false
1428120938681,2147483647,2147483647,2147483647,2147483647,-113,13,Movistar,false,false
1428120938681,2147483647,2147483647,2147483647,2147483647,-113,13,Movistar,false,false
1428120938681,2147483647,2147483647,2147483647,2147483647,-113,13,Movistar,false,false
1428120938681,2147483647,2147483647,2147483647,2147483647,-113,13,Movistar,false,false
1428120938681,2147483647,2147483647,2147483647,2147483647,-113,13,Movistar,false,false
1428120938681,2147483647,2147483647,2147483647,2147483647,-113,13,Movistar,false,false
1428120938681,2147483647,2147483647,2147483647,2147483647,-113,13,Movistar,false,false
1428120938681,2147483647,2147483647,2147483647,2147483647,-113,13,Movistar,false,false
1428120938681,2147483647,2147483647,2147483647,2147483647,-113,13,Movistar,false,false
1428120938681,2147483647,2147483647,2147483647,2147483647,-113,13,Movistar,false,false
1428120938681,2147483647,2147483647,2147483647,2147483647,-113,13,Movistar,false,false
1428120938681,2147483647,2147483647,2147483647,2147483647,-113,13,Movistar,false,false
1428120938681,2147483647,2147483647,2147483647,2147483647,-113,13,Movistar,false,false
1428120938681,2147483647,2147483647,2147483647,2147483647,-113,13,Movistar,false,false
1428120938681,2147483647,2147483647,2147483647,2147483647,-113,13,Movistar,false,false
1428120938681,-1,-1,-1,-1,0,13,Movistar,false,false
1428120938681,-1,-1,-1,-1,0,13,Movistar,false,false
1428120938681,-1,-1,-1,-1,0,13,Movistar,false,false
1428120938681,-1,-1,-1,-1,0,13,Movistar,false,false
1428120938681,-1,-1,-1,-1,0,13,Movistar,false,false
1428120938681,-1,-1,-1,-1,0,13,Movistar,false,false
1428120938681,-1,-1,-1,-1,0,13,Movistar,false,false
1428120999754,20523018,8640,7,214,-79,13,Movistar,true,false
1428120999754,251,2147483647,2147483647,2147483647,-90,13,Movistar,false,false
1428120999754,0,2147483647,2147483647,2147483647,-91,13,Movistar,false,false
1428120999754,235,2147483647,2147483647,2147483647,-97,13,Movistar,false,false
1428120999754,314,2147483647,2147483647,2147483647,-100,13,Movistar,false,false
1428120999754,2147483647,2147483647,2147483647,2147483647,-113,13,Movistar,false,false
1428120999754,2147483647,2147483647,2147483647,2147483647,-113,13,Movistar,false,false
1428120999754,2147483647,2147483647,2147483647,2147483647,-113,13,Movistar,false,false
1428120999754,2147483647,2147483647,2147483647,2147483647,-113,13,Movistar,false,false
1428120999754,2147483647,2147483647,2147483647,2147483647,-113,13,Movistar,false,false
1428120999754,2147483647,2147483647,2147483647,2147483647,-113,13,Movistar,false,false
1428120999754,2147483647,2147483647,2147483647,2147483647,-113,13,Movistar,false,false
1428120999754,2147483647,2147483647,2147483647,2147483647,-113,13,Movistar,false,false
1428120999754,2147483647,2147483647,2147483647,2147483647,-113,13,Movistar,false,false
1428120999754,2147483647,2147483647,2147483647,2147483647,-113,13,Movistar,false,false
1428120999754,2147483647,2147483647,2147483647,2147483647,-113,13,Movistar,false,false
1428120999754,2147483647,2147483647,2147483647,2147483647,-113,13,Movistar,false,false
1428120999754,2147483647,2147483647,2147483647,2147483647,-113,13,Movistar,false,false
1428120999754,2147483647,2147483647,2147483647,2147483647,-113,13,Movistar,false,false
1428120999754,2147483647,2147483647,2147483647,2147483647,-113,13,Movistar,false,false
1428120999754,-1,-1,-1,-1,0,13,Movistar,false,false
1428120999754,-1,-1,-1,-1,0,13,Movistar,false,false
1428120999754,-1,-1,-1,-1,0,13,Movistar,false,false
1428120999754,-1,-1,-1,-1,0,13,Movistar,false,false
1428120999754,-1,-1,-1,-1,0,13,Movistar,false,false
1428120999754,-1,-1,-1,-1,0,13,Movistar,false,false
1428120999754,-1,-1,-1,-1,0,13,Movistar,false,false
1428121060996,20523018,8640,7,214,-78,13,Movistar,true,false
1428121060996,0,2147483647,2147483647,2147483647,-97,13,Movistar,false,false
1428121060996,251,2147483647,2147483647,2147483647,-91,13,Movistar,false,false
1428121060996,314,2147483647,2147483647,2147483647,-104,13,Movistar,false,false
1428121060996,313,2147483647,2147483647,2147483647,-105,13,Movistar,false,false
1428121060996,2147483647,2147483647,2147483647,2147483647,-113,13,Movistar,false,false
1428121060996,2147483647,2147483647,2147483647,2147483647,-113,13,Movistar,false,false
1428121060996,2147483647,2147483647,2147483647,2147483647,-113,13,Movistar,false,false
1428121060996,2147483647,2147483647,2147483647,2147483647,-113,13,Movistar,false,false
1428121060996,2147483647,2147483647,2147483647,2147483647,-113,13,Movistar,false,false
1428121060996,2147483647,2147483647,2147483647,2147483647,-113,13,Movistar,false,false
1428121060996,2147483647,2147483647,2147483647,2147483647,-113,13,Movistar,false,false
1428121060996,2147483647,2147483647,2147483647,2147483647,-113,13,Movistar,false,false
1428121060996,2147483647,2147483647,2147483647,2147483647,-113,13,Movistar,false,false
1428121060996,2147483647,2147483647,2147483647,2147483647,-113,13,Movistar,false,false
1428121060996,2147483647,2147483647,2147483647,2147483647,-113,13,Movistar,false,false
1428121060996,2147483647,2147483647,2147483647,2147483647,-113,13,Movistar,false,false
1428121060996,2147483647,2147483647,2147483647,2147483647,-113,13,Movistar,false,false
1428121060996,2147483647,2147483647,2147483647,2147483647,-113,13,Movistar,false,false
1428121060996,2147483647,2147483647,2147483647,2147483647,-113,13,Movistar,false,false
1428121060996,-1,-1,-1,-1,0,13,Movistar,false,false
1428121060996,-1,-1,-1,-1,0,13,Movistar,false,false
1428121060996,-1,-1,-1,-1,0,13,Movistar,false,false
1428121060996,-1,-1,-1,-1,0,13,Movistar,false,false
1428121060996,-1,-1,-1,-1,0,13,Movistar,false,false
1428121060996,-1,-1,-1,-1,0,13,Movistar,false,false
1428121060996,-1,-1,-1,-1,0,13,Movistar,false,false
1428121125830,20523018,8640,7,214,-78,13,Movistar,true,false
1428121125830,0,2147483647,2147483647,2147483647,-99,13,Movistar,false,false
1428121125830,314,2147483647,2147483647,2147483647,-100,13,Movistar,false,false
1428121125830,2147483647,2147483647,2147483647,2147483647,-113,13,Movistar,false,false
1428121125830,2147483647,2147483647,2147483647,2147483647,-113,13,Movistar,false,false
1428121125830,2147483647,2147483647,2147483647,2147483647,-113,13,Movistar,false,false
1428121125830,2147483647,2147483647,2147483647,2147483647,-113,13,Movistar,false,false
1428121125830,2147483647,2147483647,2147483647,2147483647,-113,13,Movistar,false,false
1428121125830,2147483647,2147483647,2147483647,2147483647,-113,13,Movistar,false,false
1428121125830,2147483647,2147483647,2147483647,2147483647,-113,13,Movistar,false,false
1428121125830,2147483647,2147483647,2147483647,2147483647,-113,13,Movistar,false,false
1428121125830,2147483647,2147483647,2147483647,2147483647,-113,13,Movistar,false,false
1428121125830,2147483647,2147483647,2147483647,2147483647,-113,13,Movistar,false,false
1428121125830,2147483647,2147483647,2147483647,2147483647,-113,13,Movistar,false,false
1428121125830,2147483647,2147483647,2147483647,2147483647,-113,13,Movistar,false,false
1428121125830,2147483647,2147483647,2147483647,2147483647,-113,13,Movistar,false,false
1428121125830,2147483647,2147483647,2147483647,2147483647,-113,13,Movistar,false,false
1428121125830,2147483647,2147483647,2147483647,2147483647,-113,13,Movistar,false,false
1428121125830,-1,-1,-1,-1,0,13,Movistar,false,false
1428121125830,-1,-1,-1,-1,0,13,Movistar,false,false
1428121125830,-1,-1,-1,-1,0,13,Movistar,false,false
1428121125830,-1,-1,-1,-1,0,13,Movistar,false,false
1428121125830,-1,-1,-1,-1,0,13,Movistar,false,false
1428121125830,-1,-1,-1,-1,0,13,Movistar,false,false
1428121125830,-1,-1,-1,-1,0,13,Movistar,false,false
1428121186998,20523018,8640,7,214,-78,13,Movistar,true,false
1428121186998,251,2147483647,2147483647,2147483647,-86,13,Movistar,false,false
1428121186998,0,2147483647,2147483647,2147483647,-89,13,Movistar,false,false
1428121186998,314,2147483647,2147483647,2147483647,-90,13,Movistar,false,false
1428121186998,235,2147483647,2147483647,2147483647,-90,13,Movistar,false,false
1428121186998,2147483647,2147483647,2147483647,2147483647,-113,13,Movistar,false,false
1428121186998,2147483647,2147483647,2147483647,2147483647,-113,13,Movistar,false,false
1428121186998,2147483647,2147483647,2147483647,2147483647,-113,13,Movistar,false,false
1428121186998,2147483647,2147483647,2147483647,2147483647,-113,13,Movistar,false,false
1428121186998,2147483647,2147483647,2147483647,2147483647,-113,13,Movistar,false,false
1428121186998,2147483647,2147483647,2147483647,2147483647,-113,13,Movistar,false,false
1428121186998,2147483647,2147483647,2147483647,2147483647,-113,13,Movistar,false,false
1428121186998,2147483647,2147483647,2147483647,2147483647,-113,13,Movistar,false,false
1428121186998,2147483647,2147483647,2147483647,2147483647,-113,13,Movistar,false,false
1428121186998,2147483647,2147483647,2147483647,2147483647,-113,13,Movistar,false,false
1428121186998,2147483647,2147483647,2147483647,2147483647,-113,13,Movistar,false,false
1428121186998,2147483647,2147483647,2147483647,2147483647,-113,13,Movistar,false,false
1428121186998,2147483647,2147483647,2147483647,2147483647,-113,13,Movistar,false,false
1428121186998,2147483647,2147483647,2147483647,2147483647,-113,13,Movistar,false,false
1428121186998,2147483647,2147483647,2147483647,2147483647,-113,13,Movistar,false,false
1428121186998,-1,-1,-1,-1,0,13,Movistar,false,false
1428121186998,-1,-1,-1,-1,0,13,Movistar,false,false
1428121186998,-1,-1,-1,-1,0,13,Movistar,false,false
1428121186998,-1,-1,-1,-1,0,13,Movistar,false,false
1428121186998,-1,-1,-1,-1,0,13,Movistar,false,false
1428121186998,-1,-1,-1,-1,0,13,Movistar,false,false
1428121186998,-1,-1,-1,-1,0,13,Movistar,false,false
1428121248702,20523018,8640,7,214,-76,13,Movistar,true,false
1428121248702,0,2147483647,2147483647,2147483647,-87,13,Movistar,false,false
1428121248702,314,2147483647,2147483647,2147483647,-98,13,Movistar,false,false
1428121248702,235,2147483647,2147483647,2147483647,-95,13,Movistar,false,false
1428121248702,2147483647,2147483647,2147483647,2147483647,-113,13,Movistar,false,false
1428121248702,2147483647,2147483647,2147483647,2147483647,-113,13,Movistar,false,false
1428121248702,2147483647,2147483647,2147483647,2147483647,-113,13,Movistar,false,false
1428121248702,2147483647,2147483647,2147483647,2147483647,-113,13,Movistar,false,false
1428121248702,2147483647,2147483647,2147483647,2147483647,-113,13,Movistar,false,false
1428121248702,2147483647,2147483647,2147483647,2147483647,-113,13,Movistar,false,false
1428121248702,2147483647,2147483647,2147483647,2147483647,-113,13,Movistar,false,false
1428121248702,2147483647,2147483647,2147483647,2147483647,-113,13,Movistar,false,false
1428121248702,2147483647,2147483647,2147483647,2147483647,-113,13,Movistar,false,false
1428121248702,2147483647,2147483647,2147483647,2147483647,-113,13,Movistar,false,false
1428121248702,2147483647,2147483647,2147483647,2147483647,-113,13,Movistar,false,false
1428121248702,2147483647,2147483647,2147483647,2147483647,-113,13,Movistar,false,false
1428121248702,2147483647,2147483647,2147483647,2147483647,-113,13,Movistar,false,false
1428121248702,2147483647,2147483647,2147483647,2147483647,-113,13,Movistar,false,false
1428121248702,2147483647,2147483647,2147483647,2147483647,-113,13,Movistar,false,false
1428121248702,-1,-1,-1,-1,0,13,Movistar,false,false
1428121248702,-1,-1,-1,-1,0,13,Movistar,false,false
1428121248702,-1,-1,-1,-1,0,13,Movistar,false,false
1428121248702,-1,-1,-1,-1,0,13,Movistar,false,false
1428121248702,-1,-1,-1,-1,0,13,Movistar,false,false
1428121248702,-1,-1,-1,-1,0,13,Movistar,false,false
1428121248702,-1,-1,-1,-1,0,13,Movistar,false,false
1428121309853,20523018,8640,7,214,-72,13,Movistar,true,false
1428121309853,235,2147483647,2147483647,2147483647,-88,13,Movistar,false,false
1428121309853,314,2147483647,2147483647,2147483647,-93,13,Movistar,false,false
1428121309853,2147483647,2147483647,2147483647,2147483647,-113,13,Movistar,false,false
1428121309853,2147483647,2147483647,2147483647,2147483647,-113,13,Movistar,false,false
1428121309853,2147483647,2147483647,2147483647,2147483647,-113,13,Movistar,false,false
1428121309853,2147483647,2147483647,2147483647,2147483647,-113,13,Movistar,false,false
1428121309853,2147483647,2147483647,2147483647,2147483647,-113,13,Movistar,false,false
1428121309853,2147483647,2147483647,2147483647,2147483647,-113,13,Movistar,false,false
1428121309853,2147483647,2147483647,2147483647,2147483647,-113,13,Movistar,false,false
1428121309853,2147483647,2147483647,2147483647,2147483647,-113,13,Movistar,false,false
1428121309853,2147483647,2147483647,2147483647,2147483647,-113,13,Movistar,false,false
1428121309853,2147483647,2147483647,2147483647,2147483647,-113,13,Movistar,false,false
1428121309853,2147483647,2147483647,2147483647,2147483647,-113,13,Movistar,false,false
1428121309853,2147483647,2147483647,2147483647,2147483647,-113,13,Movistar,false,false
1428121309853,2147483647,2147483647,2147483647,2147483647,-113,13,Movistar,false,false
1428121309853,2147483647,2147483647,2147483647,2147483647,-113,13,Movistar,false,false
1428121309853,2147483647,2147483647,2147483647,2147483647,-113,13,Movistar,false,false
1428121309853,-1,-1,-1,-1,0,13,Movistar,false,false
1428121309853,-1,-1,-1,-1,0,13,Movistar,false,false
1428121309853,-1,-1,-1,-1,0,13,Movistar,false,false
1428121309853,-1,-1,-1,-1,0,13,Movistar,false,false
1428121309853,-1,-1,-1,-1,0,13,Movistar,false,false
1428121309853,-1,-1,-1,-1,0,13,Movistar,false,false
1428121309853,-1,-1,-1,-1,0,13,Movistar,false,false
1428121370945,20523018,8640,7,214,-67,13,Movistar,true,false
1428121370945,0,2147483647,2147483647,2147483647,-74,13,Movistar,false,false
1428121370945,314,2147483647,2147483647,2147483647,-90,13,Movistar,false,false
1428121370945,2147483647,2147483647,2147483647,2147483647,-113,13,Movistar,false,false
1428121370945,2147483647,2147483647,2147483647,2147483647,-113,13,Movistar,false,false
1428121370945,2147483647,2147483647,2147483647,2147483647,-113,13,Movistar,false,false
1428121370945,2147483647,2147483647,2147483647,2147483647,-113,13,Movistar,false,false
1428121370945,2147483647,2147483647,2147483647,2147483647,-113,13,Movistar,false,false
1428121370945,2147483647,2147483647,2147483647,2147483647,-113,13,Movistar,false,false
1428121370945,2147483647,2147483647,2147483647,2147483647,-113,13,Movistar,false,false
1428121370945,2147483647,2147483647,2147483647,2147483647,-113,13,Movistar,false,false
1428121370945,2147483647,2147483647,2147483647,2147483647,-113,13,Movistar,false,false
1428121370945,2147483647,2147483647,2147483647,2147483647,-113,13,Movistar,false,false
1428121370945,2147483647,2147483647,2147483647,2147483647,-113,13,Movistar,false,false
1428121370945,2147483647,2147483647,2147483647,2147483647,-113,13,Movistar,false,false
1428121370945,2147483647,2147483647,2147483647,2147483647,-113,13,Movistar,false,false
1428121370945,2147483647,2147483647,2147483647,2147483647,-113,13,Movistar,false,false
1428121370945,2147483647,2147483647,2147483647,2147483647,-113,13,Movistar,false,false
1428121370945,-1,-1,-1,-1,0,13,Movistar,false,false
1428121370945,-1,-1,-1,-1,0,13,Movistar,false,false
1428121370945,-1,-1,-1,-1,0,13,Movistar,false,false
1428121370945,-1,-1,-1,-1,0,13,Movistar,false,false
1428121370945,-1,-1,-1,-1,0,13,Movistar,false,false
1428121370945,-1,-1,-1,-1,0,13,Movistar,false,false
1428121370945,-1,-1,-1,-1,0,13,Movistar,false,false
1428121432646,20523018,8640,7,214,-74,13,Movistar,true,false
1428121432646,0,2147483647,2147483647,2147483647,-79,13,Movistar,false,false
1428121432646,251,2147483647,2147483647,2147483647,-91,13,Movistar,false,false
1428121432646,314,2147483647,2147483647,2147483647,-92,13,Movistar,false,false
1428121432646,313,2147483647,2147483647,2147483647,-91,13,Movistar,false,false
1428121432646,2147483647,2147483647,2147483647,2147483647,-113,13,Movistar,false,false
1428121432646,2147483647,2147483647,2147483647,2147483647,-113,13,Movistar,false,false
1428121432646,2147483647,2147483647,2147483647,2147483647,-113,13,Movistar,false,false
1428121432646,2147483647,2147483647,2147483647,2147483647,-113,13,Movistar,false,false
1428121432646,2147483647,2147483647,2147483647,2147483647,-113,13,Movistar,false,false
1428121432646,2147483647,2147483647,2147483647,2147483647,-113,13,Movistar,false,false
1428121432646,2147483647,2147483647,2147483647,2147483647,-113,13,Movistar,false,false
1428121432646,2147483647,2147483647,2147483647,2147483647,-113,13,Movistar,false,false
1428121432646,2147483647,2147483647,2147483647,2147483647,-113,13,Movistar,false,false
1428121432646,2147483647,2147483647,2147483647,2147483647,-113,13,Movistar,false,false
1428121432646,2147483647,2147483647,2147483647,2147483647,-113,13,Movistar,false,false
1428121432646,2147483647,2147483647,2147483647,2147483647,-113,13,Movistar,false,false
1428121432646,2147483647,2147483647,2147483647,2147483647,-113,13,Movistar,false,false
1428121432646,2147483647,2147483647,2147483647,2147483647,-113,13,Movistar,false,false
1428121432646,2147483647,2147483647,2147483647,2147483647,-113,13,Movistar,false,false
1428121432646,-1,-1,-1,-1,0,13,Movistar,false,false
1428121432646,-1,-1,-1,-1,0,13,Movistar,false,false
1428121432646,-1,-1,-1,-1,0,13,Movistar,false,false
1428121432646,-1,-1,-1,-1,0,13,Movistar,false,false
1428121432646,-1,-1,-1,-1,0,13,Movistar,false,false
1428121432646,-1,-1,-1,-1,0,13,Movistar,false,false
1428121432646,-1,-1,-1,-1,0,13,Movistar,false,false
1428121492662,20523018,8640,7,214,-72,13,Movistar,true,false
1428121492662,314,2147483647,2147483647,2147483647,-86,13,Movistar,false,false
1428121492662,313,2147483647,2147483647,2147483647,-88,13,Movistar,false,false
1428121492662,251,2147483647,2147483647,2147483647,-92,13,Movistar,false,false
1428121492662,2147483647,2147483647,2147483647,2147483647,-113,13,Movistar,false,false
1428121492662,2147483647,2147483647,2147483647,2147483647,-113,13,Movistar,false,false
1428121492662,2147483647,2147483647,2147483647,2147483647,-113,13,Movistar,false,false
1428121492662,2147483647,2147483647,2147483647,2147483647,-113,13,Movistar,false,false
1428121492662,2147483647,2147483647,2147483647,2147483647,-113,13,Movistar,false,false
1428121492662,2147483647,2147483647,2147483647,2147483647,-113,13,Movistar,false,false
1428121492662,2147483647,2147483647,2147483647,2147483647,-113,13,Movistar,false,false
1428121492662,2147483647,2147483647,2147483647,2147483647,-113,13,Movistar,false,false
1428121492662,2147483647,2147483647,2147483647,2147483647,-113,13,Movistar,false,false
1428121492662,2147483647,2147483647,2147483647,2147483647,-113,13,Movistar,false,false
1428121492662,2147483647,2147483647,2147483647,2147483647,-113,13,Movistar,false,false
1428121492662,2147483647,2147483647,2147483647,2147483647,-113,13,Movistar,false,false
1428121492662,2147483647,2147483647,2147483647,2147483647,-113,13,Movistar,false,false
1428121492662,2147483647,2147483647,2147483647,2147483647,-113,13,Movistar,false,false
1428121492662,2147483647,2147483647,2147483647,2147483647,-113,13,Movistar,false,false
1428121492662,-1,-1,-1,-1,0,13,Movistar,false,false
1428121492662,-1,-1,-1,-1,0,13,Movistar,false,false
1428121492662,-1,-1,-1,-1,0,13,Movistar,false,false
1428121492662,-1,-1,-1,-1,0,13,Movistar,false,false
1428121492662,-1,-1,-1,-1,0,13,Movistar,false,false
1428121492662,-1,-1,-1,-1,0,13,Movistar,false,false
1428121492662,-1,-1,-1,-1,0,13,Movistar,false,false
1428121552685,20523018,8640,7,214,-72,13,Movistar,true,false
1428121552685,314,2147483647,2147483647,2147483647,-86,13,Movistar,false,false
1428121552685,2147483647,2147483647,2147483647,2147483647,-113,13,Movistar,false,false
1428121552685,2147483647,2147483647,2147483647,2147483647,-113,13,Movistar,false,false
1428121552685,2147483647,2147483647,2147483647,2147483647,-113,13,Movistar,false,false
1428121552685,2147483647,2147483647,2147483647,2147483647,-113,13,Movistar,false,false
1428121552685,2147483647,2147483647,2147483647,2147483647,-113,13,Movistar,false,false
1428121552685,2147483647,2147483647,2147483647,2147483647,-113,13,Movistar,false,false
1428121552685,2147483647,2147483647,2147483647,2147483647,-113,13,Movistar,false,false
1428121552685,2147483647,2147483647,2147483647,2147483647,-113,13,Movistar,false,false
1428121552685,2147483647,2147483647,2147483647,2147483647,-113,13,Movistar,false,false
1428121552685,2147483647,2147483647,2147483647,2147483647,-113,13,Movistar,false,false
1428121552685,2147483647,2147483647,2147483647,2147483647,-113,13,Movistar,false,false
1428121552685,2147483647,2147483647,2147483647,2147483647,-113,13,Movistar,false,false
1428121552685,2147483647,2147483647,2147483647,2147483647,-113,13,Movistar,false,false
1428121552685,2147483647,2147483647,2147483647,2147483647,-113,13,Movistar,false,false
1428121552685,2147483647,2147483647,2147483647,2147483647,-113,13,Movistar,false,false
1428121552685,-1,-1,-1,-1,0,13,Movistar,false,false
1428121552685,-1,-1,-1,-1,0,13,Movistar,false,false
1428121552685,-1,-1,-1,-1,0,13,Movistar,false,false
1428121552685,-1,-1,-1,-1,0,13,Movistar,false,false
1428121552685,-1,-1,-1,-1,0,13,Movistar,false,false
1428121552685,-1,-1,-1,-1,0,13,Movistar,false,false
1428121552685,-1,-1,-1,-1,0,13,Movistar,false,false
1428121612732,20523018,8640,7,214,-68,13,Movistar,true,false
1428121612732,314,2147483647,2147483647,2147483647,-86,13,Movistar,false,false
1428121612732,2147483647,2147483647,2147483647,2147483647,-113,13,Movistar,false,false
1428121612732,2147483647,2147483647,2147483647,2147483647,-113,13,Movistar,false,false
1428121612732,2147483647,2147483647,2147483647,2147483647,-113,13,Movistar,false,false
1428121612732,2147483647,2147483647,2147483647,2147483647,-113,13,Movistar,false,false
1428121612732,2147483647,2147483647,2147483647,2147483647,-113,13,Movistar,false,false
1428121612732,2147483647,2147483647,2147483647,2147483647,-113,13,Movistar,false,false
1428121612732,2147483647,2147483647,2147483647,2147483647,-113,13,Movistar,false,false
1428121612732,2147483647,2147483647,2147483647,2147483647,-113,13,Movistar,false,false
1428121612732,2147483647,2147483647,2147483647,2147483647,-113,13,Movistar,false,false
1428121612732,2147483647,2147483647,2147483647,2147483647,-113,13,Movistar,false,false
1428121612732,2147483647,2147483647,2147483647,2147483647,-113,13,Movistar,false,false
1428121612732,2147483647,2147483647,2147483647,2147483647,-113,13,Movistar,false,false
1428121612732,2147483647,2147483647,2147483647,2147483647,-113,13,Movistar,false,false
1428121612732,2147483647,2147483647,2147483647,2147483647,-113,13,Movistar,false,false
1428121612732,2147483647,2147483647,2147483647,2147483647,-113,13,Movistar,false,false
1428121612732,-1,-1,-1,-1,0,13,Movistar,false,false
1428121612732,-1,-1,-1,-1,0,13,Movistar,false,false
1428121612732,-1,-1,-1,-1,0,13,Movistar,false,false
1428121612732,-1,-1,-1,-1,0,13,Movistar,false,false
1428121612732,-1,-1,-1,-1,0,13,Movistar,false,false
1428121612732,-1,-1,-1,-1,0,13,Movistar,false,false
1428121612732,-1,-1,-1,-1,0,13,Movistar,false,false
1428121717700,20523018,8640,7,214,-72,13,Movistar,true,false
1428121717700,0,2147483647,2147483647,2147483647,-81,13,Movistar,false,false
1428121717700,314,2147483647,2147483647,2147483647,-90,13,Movistar,false,false
1428121717700,2147483647,2147483647,2147483647,2147483647,-113,13,Movistar,false,false
1428121717700,2147483647,2147483647,2147483647,2147483647,-113,13,Movistar,false,false
1428121717700,2147483647,2147483647,2147483647,2147483647,-113,13,Movistar,false,false
1428121717700,2147483647,2147483647,2147483647,2147483647,-113,13,Movistar,false,false
1428121717700,2147483647,2147483647,2147483647,2147483647,-113,13,Movistar,false,false
1428121717700,2147483647,2147483647,2147483647,2147483647,-113,13,Movistar,false,false
1428121717700,2147483647,2147483647,2147483647,2147483647,-113,13,Movistar,false,false
1428121717700,2147483647,2147483647,2147483647,2147483647,-113,13,Movistar,false,false
1428121717700,2147483647,2147483647,2147483647,2147483647,-113,13,Movistar,false,false
1428121717700,2147483647,2147483647,2147483647,2147483647,-113,13,Movistar,false,false
1428121717700,2147483647,2147483647,2147483647,2147483647,-113,13,Movistar,false,false
1428121717700,2147483647,2147483647,2147483647,2147483647,-113,13,Movistar,false,false
1428121717700,2147483647,2147483647,2147483647,2147483647,-113,13,Movistar,false,false
1428121717700,2147483647,2147483647,2147483647,2147483647,-113,13,Movistar,false,false
1428121717700,2147483647,2147483647,2147483647,2147483647,-113,13,Movistar,false,false
1428121717700,-1,-1,-1,-1,0,13,Movistar,false,false
1428121717700,-1,-1,-1,-1,0,13,Movistar,false,false
1428121717700,-1,-1,-1,-1,0,13,Movistar,false,false
1428121717700,-1,-1,-1,-1,0,13,Movistar,false,false
1428121717700,-1,-1,-1,-1,0,13,Movistar,false,false
1428121717700,-1,-1,-1,-1,0,13,Movistar,false,false
1428121717700,-1,-1,-1,-1,0,13,Movistar,false,false
1428121815715,20523018,8640,7,214,-70,13,Movistar,true,false
1428121815715,0,2147483647,2147483647,2147483647,-77,13,Movistar,false,false
1428121815715,251,2147483647,2147483647,2147483647,-84,13,Movistar,false,false
1428121815715,314,2147483647,2147483647,2147483647,-88,13,Movistar,false,false
1428121815715,2147483647,2147483647,2147483647,2147483647,-113,13,Movistar,false,false
1428121815715,2147483647,2147483647,2147483647,2147483647,-113,13,Movistar,false,false
1428121815715,2147483647,2147483647,2147483647,2147483647,-113,13,Movistar,false,false
1428121815715,2147483647,2147483647,2147483647,2147483647,-113,13,Movistar,false,false
1428121815715,2147483647,2147483647,2147483647,2147483647,-113,13,Movistar,false,false
1428121815715,2147483647,2147483647,2147483647,2147483647,-113,13,Movistar,false,false
1428121815715,2147483647,2147483647,2147483647,2147483647,-113,13,Movistar,false,false
1428121815715,2147483647,2147483647,2147483647,2147483647,-113,13,Movistar,false,false
1428121815715,2147483647,2147483647,2147483647,2147483647,-113,13,Movistar,false,false
1428121815715,2147483647,2147483647,2147483647,2147483647,-113,13,Movistar,false,false
1428121815715,2147483647,2147483647,2147483647,2147483647,-113,13,Movistar,false,false
1428121815715,2147483647,2147483647,2147483647,2147483647,-113,13,Movistar,false,false
1428121815715,2147483647,2147483647,2147483647,2147483647,-113,13,Movistar,false,false
1428121815715,2147483647,2147483647,2147483647,2147483647,-113,13,Movistar,false,false
1428121815715,2147483647,2147483647,2147483647,2147483647,-113,13,Movistar,false,false
1428121815715,-1,-1,-1,-1,0,13,Movistar,false,false
1428121815715,-1,-1,-1,-1,0,13,Movistar,false,false
1428121815715,-1,-1,-1,-1,0,13,Movistar,false,false
1428121815715,-1,-1,-1,-1,0,13,Movistar,false,false
1428121815715,-1,-1,-1,-1,0,13,Movistar,false,false
1428121815715,-1,-1,-1,-1,0,13,Movistar,false,false
1428121815715,-1,-1,-1,-1,0,13,Movistar,false,false
1428121875742,20523018,8640,7,214,-74,13,Movistar,true,false
1428121875742,251,2147483647,2147483647,2147483647,-88,13,Movistar,false,false
1428121875742,314,2147483647,2147483647,2147483647,-92,13,Movistar,false,false
1428121875742,2147483647,2147483647,2147483647,2147483647,-113,13,Movistar,false,false
1428121875742,2147483647,2147483647,2147483647,2147483647,-113,13,Movistar,false,false
1428121875742,2147483647,2147483647,2147483647,2147483647,-113,13,Movistar,false,false
1428121875742,2147483647,2147483647,2147483647,2147483647,-113,13,Movistar,false,false
1428121875742,2147483647,2147483647,2147483647,2147483647,-113,13,Movistar,false,false
1428121875742,2147483647,2147483647,2147483647,2147483647,-113,13,Movistar,false,false
1428121875742,2147483647,2147483647,2147483647,2147483647,-113,13,Movistar,false,false
1428121875742,2147483647,2147483647,2147483647,2147483647,-113,13,Movistar,false,false
1428121875742,2147483647,2147483647,2147483647,2147483647,-113,13,Movistar,false,false
1428121875742,2147483647,2147483647,2147483647,2147483647,-113,13,Movistar,false,false
1428121875742,2147483647,2147483647,2147483647,2147483647,-113,13,Movistar,false,false
1428121875742,2147483647,2147483647,2147483647,2147483647,-113,13,Movistar,false,false
1428121875742,2147483647,2147483647,2147483647,2147483647,-113,13,Movistar,false,false
1428121875742,2147483647,2147483647,2147483647,2147483647,-113,13,Movistar,false,false
1428121875742,2147483647,2147483647,2147483647,2147483647,-113,13,Movistar,false,false
1428121875742,-1,-1,-1,-1,0,13,Movistar,false,false
1428121875742,-1,-1,-1,-1,0,13,Movistar,false,false
1428121875742,-1,-1,-1,-1,0,13,Movistar,false,false
1428121875742,-1,-1,-1,-1,0,13,Movistar,false,false
1428121875742,-1,-1,-1,-1,0,13,Movistar,false,false
1428121875742,-1,-1,-1,-1,0,13,Movistar,false,false
1428121875742,-1,-1,-1,-1,0,13,Movistar,false,false
1428121935796,20523018,8640,7,214,-69,13,Movistar,true,false
1428121935796,251,2147483647,2147483647,2147483647,-84,13,Movistar,false,false
1428121935796,314,2147483647,2147483647,2147483647,-89,13,Movistar,false,false
1428121935796,2147483647,2147483647,2147483647,2147483647,-113,13,Movistar,false,false
1428121935796,2147483647,2147483647,2147483647,2147483647,-113,13,Movistar,false,false
1428121935796,2147483647,2147483647,2147483647,2147483647,-113,13,Movistar,false,false
1428121935796,2147483647,2147483647,2147483647,2147483647,-113,13,Movistar,false,false
1428121935796,2147483647,2147483647,2147483647,2147483647,-113,13,Movistar,false,false
1428121935796,2147483647,2147483647,2147483647,2147483647,-113,13,Movistar,false,false
1428121935796,2147483647,2147483647,2147483647,2147483647,-113,13,Movistar,false,false
1428121935796,2147483647,2147483647,2147483647,2147483647,-113,13,Movistar,false,false
1428121935796,2147483647,2147483647,2147483647,2147483647,-113,13,Movistar,false,false
1428121935796,2147483647,2147483647,2147483647,2147483647,-113,13,Movistar,false,false
1428121935796,2147483647,2147483647,2147483647,2147483647,-113,13,Movistar,false,false
1428121935796,2147483647,2147483647,2147483647,2147483647,-113,13,Movistar,false,false
1428121935796,2147483647,2147483647,2147483647,2147483647,-113,13,Movistar,false,false
1428121935796,2147483647,2147483647,2147483647,2147483647,-113,13,Movistar,false,false
1428121935796,2147483647,2147483647,2147483647,2147483647,-113,13,Movistar,false,false
1428121935796,-1,-1,-1,-1,0,13,Movistar,false,false
1428121935796,-1,-1,-1,-1,0,13,Movistar,false,false
1428121935796,-1,-1,-1,-1,0,13,Movistar,false,false
1428121935796,-1,-1,-1,-1,0,13,Movistar,false,false
1428121935796,-1,-1,-1,-1,0,13,Movistar,false,false
1428121935796,-1,-1,-1,-1,0,13,Movistar,false,false
1428121935796,-1,-1,-1,-1,0,13,Movistar,false,false
1428122002680,20523018,8640,7,214,-67,13,Movistar,true,false
1428122002680,251,2147483647,2147483647,2147483647,-82,13,Movistar,false,false
1428122002680,314,2147483647,2147483647,2147483647,-84,13,Movistar,false,false
1428122002680,2147483647,2147483647,2147483647,2147483647,-113,13,Movistar,false,false
1428122002680,2147483647,2147483647,2147483647,2147483647,-113,13,Movistar,false,false
1428122002680,2147483647,2147483647,2147483647,2147483647,-113,13,Movistar,false,false
1428122002680,2147483647,2147483647,2147483647,2147483647,-113,13,Movistar,false,false
1428122002680,2147483647,2147483647,2147483647,2147483647,-113,13,Movistar,false,false
1428122002680,2147483647,2147483647,2147483647,2147483647,-113,13,Movistar,false,false
1428122002680,2147483647,2147483647,2147483647,2147483647,-113,13,Movistar,false,false
1428122002680,2147483647,2147483647,2147483647,2147483647,-113,13,Movistar,false,false
1428122002680,2147483647,2147483647,2147483647,2147483647,-113,13,Movistar,false,false
1428122002680,2147483647,2147483647,2147483647,2147483647,-113,13,Movistar,false,false
1428122002680,2147483647,2147483647,2147483647,2147483647,-113,13,Movistar,false,false
1428122002680,2147483647,2147483647,2147483647,2147483647,-113,13,Movistar,false,false
1428122002680,2147483647,2147483647,2147483647,2147483647,-113,13,Movistar,false,false
1428122002680,2147483647,2147483647,2147483647,2147483647,-113,13,Movistar,false,false
1428122002680,2147483647,2147483647,2147483647,2147483647,-113,13,Movistar,false,false
1428122002680,-1,-1,-1,-1,0,13,Movistar,false,false
1428122002680,-1,-1,-1,-1,0,13,Movistar,false,false
1428122002680,-1,-1,-1,-1,0,13,Movistar,false,false
1428122002680,-1,-1,-1,-1,0,13,Movistar,false,false
1428122002680,-1,-1,-1,-1,0,13,Movistar,false,false
1428122002680,-1,-1,-1,-1,0,13,Movistar,false,false
1428122002680,-1,-1,-1,-1,0,13,Movistar,false,false
1428122062753,20523018,8640,7,214,-74,13,Movistar,true,false
1428122062753,0,2147483647,2147483647,2147483647,-94,13,Movistar,false,false
1428122062753,251,2147483647,2147483647,2147483647,-87,13,Movistar,false,false
1428122062753,314,2147483647,2147483647,2147483647,-100,13,Movistar,false,false
1428122122781,20523018,8640,7,214,-67,13,Movistar,true,false
1428122122781,314,2147483647,2147483647,2147483647,-82,13,Movistar,false,false
1428122122781,251,2147483647,2147483647,2147483647,-83,13,Movistar,false,false
1428122122781,2147483647,2147483647,2147483647,2147483647,-113,13,Movistar,false,false
1428122122781,2147483647,2147483647,2147483647,2147483647,-113,13,Movistar,false,false
1428122122781,2147483647,2147483647,2147483647,2147483647,-113,13,Movistar,false,false
1428122122781,2147483647,2147483647,2147483647,2147483647,-113,13,Movistar,false,false
1428122122781,2147483647,2147483647,2147483647,2147483647,-113,13,Movistar,false,false
1428122122781,2147483647,2147483647,2147483647,2147483647,-113,13,Movistar,false,false
1428122122781,2147483647,2147483647,2147483647,2147483647,-113,13,Movistar,false,false
1428122122781,2147483647,2147483647,2147483647,2147483647,-113,13,Movistar,false,false
1428122122781,2147483647,2147483647,2147483647,2147483647,-113,13,Movistar,false,false
1428122122781,2147483647,2147483647,2147483647,2147483647,-113,13,Movistar,false,false
1428122122781,2147483647,2147483647,2147483647,2147483647,-113,13,Movistar,false,false
1428122122781,2147483647,2147483647,2147483647,2147483647,-113,13,Movistar,false,false
1428122122781,2147483647,2147483647,2147483647,2147483647,-113,13,Movistar,false,false
1428122122781,2147483647,2147483647,2147483647,2147483647,-113,13,Movistar,false,false
1428122122781,2147483647,2147483647,2147483647,2147483647,-113,13,Movistar,false,false
1428122182861,20523018,8640,7,214,-67,13,Movistar,true,false
1428122182861,251,2147483647,2147483647,2147483647,-83,13,Movistar,false,false
1428122182861,314,2147483647,2147483647,2147483647,-86,13,Movistar,false,false
1428122182861,2147483647,2147483647,2147483647,2147483647,-113,13,Movistar,false,false
1428122182861,2147483647,2147483647,2147483647,2147483647,-113,13,Movistar,false,false
1428122182861,2147483647,2147483647,2147483647,2147483647,-113,13,Movistar,false,false
1428122182861,2147483647,2147483647,2147483647,2147483647,-113,13,Movistar,false,false
1428122182861,2147483647,2147483647,2147483647,2147483647,-113,13,Movistar,false,false
1428122182861,2147483647,2147483647,2147483647,2147483647,-113,13,Movistar,false,false
1428122182861,2147483647,2147483647,2147483647,2147483647,-113,13,Movistar,false,false
1428122182861,2147483647,2147483647,2147483647,2147483647,-113,13,Movistar,false,false
1428122182861,2147483647,2147483647,2147483647,2147483647,-113,13,Movistar,false,false
1428122182861,2147483647,2147483647,2147483647,2147483647,-113,13,Movistar,false,false
1428122182861,2147483647,2147483647,2147483647,2147483647,-113,13,Movistar,false,false
1428122182861,2147483647,2147483647,2147483647,2147483647,-113,13,Movistar,false,false
1428122182861,2147483647,2147483647,2147483647,2147483647,-113,13,Movistar,false,false
1428122182861,2147483647,2147483647,2147483647,2147483647,-113,13,Movistar,false,false
1428122182861,2147483647,2147483647,2147483647,2147483647,-113,13,Movistar,false,false
1428122242849,20523018,8640,7,214,-69,13,Movistar,true,false
1428122242849,251,2147483647,2147483647,2147483647,-84,13,Movistar,false,false
1428122242849,314,2147483647,2147483647,2147483647,-87,13,Movistar,false,false
1428122242849,116,2147483647,2147483647,2147483647,-90,13,Movistar,false,false
1428122242849,2147483647,2147483647,2147483647,2147483647,-113,13,Movistar,false,false
1428122242849,2147483647,2147483647,2147483647,2147483647,-113,13,Movistar,false,false
1428122242849,2147483647,2147483647,2147483647,2147483647,-113,13,Movistar,false,false
1428122242849,2147483647,2147483647,2147483647,2147483647,-113,13,Movistar,false,false
1428122242849,2147483647,2147483647,2147483647,2147483647,-113,13,Movistar,false,false
1428122242849,2147483647,2147483647,2147483647,2147483647,-113,13,Movistar,false,false
1428122242849,2147483647,2147483647,2147483647,2147483647,-113,13,Movistar,false,false
1428122242849,2147483647,2147483647,2147483647,2147483647,-113,13,Movistar,false,false
1428122242849,2147483647,2147483647,2147483647,2147483647,-113,13,Movistar,false,false
1428122242849,2147483647,2147483647,2147483647,2147483647,-113,13,Movistar,false,false
1428122242849,2147483647,2147483647,2147483647,2147483647,-113,13,Movistar,false,false
1428122242849,2147483647,2147483647,2147483647,2147483647,-113,13,Movistar,false,false
1428122242849,2147483647,2147483647,2147483647,2147483647,-113,13,Movistar,false,false
1428122242849,2147483647,2147483647,2147483647,2147483647,-113,13,Movistar,false,false
1428122242849,2147483647,2147483647,2147483647,2147483647,-113,13,Movistar,false,false
1428122302878,20523018,8640,7,214,-71,13,Movistar,true,false
1428122302878,0,2147483647,2147483647,2147483647,-82,13,Movistar,false,false
1428122302878,251,2147483647,2147483647,2147483647,-84,13,Movistar,false,false
1428122302878,314,2147483647,2147483647,2147483647,-91,13,Movistar,false,false
1428122302878,116,2147483647,2147483647,2147483647,-97,13,Movistar,false,false
1428122302878,235,2147483647,2147483647,2147483647,-92,13,Movistar,false,false
1428122302878,2147483647,2147483647,2147483647,2147483647,-113,13,Movistar,false,false
1428122302878,2147483647,2147483647,2147483647,2147483647,-113,13,Movistar,false,false
1428122302878,2147483647,2147483647,2147483647,2147483647,-113,13,Movistar,false,false
1428122302878,2147483647,2147483647,2147483647,2147483647,-113,13,Movistar,false,false
1428122302878,2147483647,2147483647,2147483647,2147483647,-113,13,Movistar,false,false
1428122302878,2147483647,2147483647,2147483647,2147483647,-113,13,Movistar,false,false
1428122302878,2147483647,2147483647,2147483647,2147483647,-113,13,Movistar,false,false
1428122302878,2147483647,2147483647,2147483647,2147483647,-113,13,Movistar,false,false
1428122302878,2147483647,2147483647,2147483647,2147483647,-113,13,Movistar,false,false
1428122302878,2147483647,2147483647,2147483647,2147483647,-113,13,Movistar,false,false
1428122302878,2147483647,2147483647,2147483647,2147483647,-113,13,Movistar,false,false
1428122302878,2147483647,2147483647,2147483647,2147483647,-113,13,Movistar,false,false
1428122302878,2147483647,2147483647,2147483647,2147483647,-113,13,Movistar,false,false
1428122302878,2147483647,2147483647,2147483647,2147483647,-113,13,Movistar,false,false
1428122302878,2147483647,2147483647,2147483647,2147483647,-113,13,Movistar,false,false
1428122363020,20523018,8640,7,214,-70,13,Movistar,true,false
1428122363020,0,2147483647,2147483647,2147483647,-90,13,Movistar,false,false
1428122363020,251,2147483647,2147483647,2147483647,-84,13,Movistar,false,false
1428122363020,116,2147483647,2147483647,2147483647,-97,13,Movistar,false,false
1428122363020,182,2147483647,2147483647,2147483647,-88,13,Movistar,false,false
1428122436611,20523018,8640,7,214,-71,13,Movistar,true,false
1428122436611,0,2147483647,2147483647,2147483647,-85,13,Movistar,false,false
1428122436611,251,2147483647,2147483647,2147483647,-89,13,Movistar,false,false
1428122436611,314,2147483647,2147483647,2147483647,-96,13,Movistar,false,false
1428122436611,116,2147483647,2147483647,2147483647,-104,13,Movistar,false,false
1428122496567,20523018,8640,7,214,-73,13,Movistar,true,false
1428122496567,251,2147483647,2147483647,2147483647,-85,13,Movistar,false,false
1428122496567,314,2147483647,2147483647,2147483647,-93,13,Movistar,false,false
1428122496567,2147483647,2147483647,2147483647,2147483647,-113,13,Movistar,false,false
1428122496567,2147483647,2147483647,2147483647,2147483647,-113,13,Movistar,false,false
1428122496567,2147483647,2147483647,2147483647,2147483647,-113,13,Movistar,false,false
1428122496567,2147483647,2147483647,2147483647,2147483647,-113,13,Movistar,false,false
1428122496567,2147483647,2147483647,2147483647,2147483647,-113,13,Movistar,false,false
1428122496567,2147483647,2147483647,2147483647,2147483647,-113,13,Movistar,false,false
1428122496567,2147483647,2147483647,2147483647,2147483647,-113,13,Movistar,false,false
1428122496567,2147483647,2147483647,2147483647,2147483647,-113,13,Movistar,false,false
1428122496567,2147483647,2147483647,2147483647,2147483647,-113,13,Movistar,false,false
1428122496567,2147483647,2147483647,2147483647,2147483647,-113,13,Movistar,false,false
1428122496567,2147483647,2147483647,2147483647,2147483647,-113,13,Movistar,false,false
1428122496567,2147483647,2147483647,2147483647,2147483647,-113,13,Movistar,false,false
1428122496567,2147483647,2147483647,2147483647,2147483647,-113,13,Movistar,false,false
1428122496567,2147483647,2147483647,2147483647,2147483647,-113,13,Movistar,false,false
1428122496567,2147483647,2147483647,2147483647,2147483647,-113,13,Movistar,false,false
1428122557652,20523018,8640,7,214,-263,13,Movistar,true,false
1428122747832,11831,833,7,214,-95,2,Movistar,true,false
1428122747832,13151,833,7,214,-99,2,Movistar,false,false
1428122747832,-1,0,0,0,-107,2,Movistar,false,false
1428122747832,-1,0,0,0,-107,2,Movistar,false,false
1428122870720,-1,-1,-1,-1,0,3,Movistar,true,false
1428122870720,-1,-1,-1,-1,0,3,Movistar,false,false
1428122870720,-1,-1,-1,-1,0,3,Movistar,false,false
1428122870720,-1,-1,-1,-1,0,3,Movistar,false,false
1428122870720,2147483647,2147483647,2147483647,2147483647,-101,3,Movistar,false,false
1428122870720,2147483647,2147483647,2147483647,2147483647,-111,3,Movistar,false,false
1428122870720,2147483647,2147483647,2147483647,2147483647,-113,3,Movistar,false,false
1428122870720,2147483647,2147483647,2147483647,2147483647,-113,3,Movistar,false,false
1428122870720,2147483647,2147483647,2147483647,2147483647,-113,3,Movistar,false,false
1428122870720,2147483647,2147483647,2147483647,2147483647,-113,3,Movistar,false,false
1428122870720,2147483647,2147483647,2147483647,2147483647,-113,3,Movistar,false,false
1428122870720,2147483647,2147483647,2147483647,2147483647,-113,3,Movistar,false,false
1428122931811,-1,-1,-1,-1,0,3,Movistar,true,false
1428122931811,-1,-1,-1,-1,0,3,Movistar,false,false
1428122931811,-1,-1,-1,-1,0,3,Movistar,false,false
1428122931811,-1,-1,-1,-1,0,3,Movistar,false,false
1428122931811,-1,-1,-1,-1,0,3,Movistar,false,false
1428122931811,-1,-1,-1,-1,0,3,Movistar,false,false
1428122931811,-1,-1,-1,-1,0,3,Movistar,false,false
1428122931811,2147483647,2147483647,2147483647,2147483647,-89,3,Movistar,false,false
1428122931811,2147483647,2147483647,2147483647,2147483647,-101,3,Movistar,false,false
1428122931811,2147483647,2147483647,2147483647,2147483647,-109,3,Movistar,false,false
1428122931811,2147483647,2147483647,2147483647,2147483647,-109,3,Movistar,false,false
1428122931811,2147483647,2147483647,2147483647,2147483647,-109,3,Movistar,false,false
1428122931811,2147483647,2147483647,2147483647,2147483647,-111,3,Movistar,false,false
1428122931811,2147483647,2147483647,2147483647,2147483647,-113,3,Movistar,false,false
1428122931811,2147483647,2147483647,2147483647,2147483647,-113,3,Movistar,false,false
1428123113862,-1,-1,-1,-1,0,3,Movistar,true,false
1428123113862,-1,-1,-1,-1,0,3,Movistar,false,false
1428123113862,-1,-1,-1,-1,0,3,Movistar,false,false
1428123173869,20523018,8640,7,214,-117,13,Movistar,true,false
1428123173869,2147483647,2147483647,2147483647,2147483647,-113,13,Movistar,false,false
1428123173869,2147483647,2147483647,2147483647,2147483647,-113,13,Movistar,false,false
1428123173869,2147483647,2147483647,2147483647,2147483647,-113,13,Movistar,false,false
1428123173869,2147483647,2147483647,2147483647,2147483647,-113,13,Movistar,false,false
1428123173869,2147483647,2147483647,2147483647,2147483647,-113,13,Movistar,false,false
1428123173869,2147483647,2147483647,2147483647,2147483647,-113,13,Movistar,false,false
1428123173869,2147483647,2147483647,2147483647,2147483647,-113,13,Movistar,false,false
1428123173869,2147483647,2147483647,2147483647,2147483647,-113,13,Movistar,false,false
1428123173869,2147483647,2147483647,2147483647,2147483647,-113,13,Movistar,false,false
1428123173869,2147483647,2147483647,2147483647,2147483647,-113,13,Movistar,false,false
1428123173869,2147483647,2147483647,2147483647,2147483647,-113,13,Movistar,false,false
1428123173869,2147483647,2147483647,2147483647,2147483647,-113,13,Movistar,false,false
1428123173869,2147483647,2147483647,2147483647,2147483647,-113,13,Movistar,false,false
1428123173869,2147483647,2147483647,2147483647,2147483647,-113,13,Movistar,false,false
1428123173869,2147483647,2147483647,2147483647,2147483647,-113,13,Movistar,false,false
1428123173869,-1,-1,-1,-1,0,13,Movistar,false,false
1428123173869,-1,-1,-1,-1,0,13,Movistar,false,false
1428123235378,-1,-1,-1,-1,0,3,Movistar,true,false
1428123235378,-1,-1,-1,-1,0,3,Movistar,false,false
1428123235378,-1,-1,-1,-1,0,3,Movistar,false,false
1428123296758,-1,-1,-1,-1,0,3,Movistar,true,false
1428123296758,-1,-1,-1,-1,0,3,Movistar,false,false
1428123296758,-1,-1,-1,-1,0,3,Movistar,false,false
1428123296758,-1,-1,-1,-1,0,3,Movistar,false,false
1428123357973,-1,-1,-1,-1,0,3,Movistar,true,false
1428123357973,-1,-1,-1,-1,0,3,Movistar,false,false
1428123357973,-1,-1,-1,-1,0,3,Movistar,false,false
1428123357973,-1,-1,-1,-1,0,3,Movistar,false,false
1428123418998,-1,-1,-1,-1,0,3,Movistar,true,false
1428123418998,-1,-1,-1,-1,0,3,Movistar,false,false
1428123418998,-1,-1,-1,-1,0,3,Movistar,false,false
1428123418998,-1,-1,-1,-1,0,3,Movistar,false,false
1428123418998,-1,-1,-1,-1,0,3,Movistar,false,false
1428123480837,-1,-1,-1,-1,0,3,Movistar,true,false
1428123480837,-1,-1,-1,-1,0,3,Movistar,false,false
1428123480837,-1,-1,-1,-1,0,3,Movistar,false,false
1428123480837,-1,-1,-1,-1,0,3,Movistar,false,false
1428123480837,-1,-1,-1,-1,0,3,Movistar,false,false
1428123480837,2147483647,2147483647,2147483647,2147483647,-53,3,Movistar,false,false
1428123480837,2147483647,2147483647,2147483647,2147483647,-91,3,Movistar,false,false
1428123480837,2147483647,2147483647,2147483647,2147483647,-95,3,Movistar,false,false
1428123480837,2147483647,2147483647,2147483647,2147483647,-97,3,Movistar,false,false
1428123480837,2147483647,2147483647,2147483647,2147483647,-101,3,Movistar,false,false
1428123480837,2147483647,2147483647,2147483647,2147483647,-103,3,Movistar,false,false
1428123480837,2147483647,2147483647,2147483647,2147483647,-103,3,Movistar,false,false
1428123480837,2147483647,2147483647,2147483647,2147483647,-109,3,Movistar,false,false
1428123541944,-1,-1,-1,-1,0,3,Movistar,true,false
1428123541944,-1,-1,-1,-1,0,3,Movistar,false,false
1428123541944,-1,-1,-1,-1,0,3,Movistar,false,false
1428123541944,-1,-1,-1,-1,0,3,Movistar,false,false
1428123541944,-1,-1,-1,-1,0,3,Movistar,false,false
1428123541944,2147483647,2147483647,2147483647,2147483647,-71,3,Movistar,false,false
1428123541944,2147483647,2147483647,2147483647,2147483647,-89,3,Movistar,false,false
1428123541944,2147483647,2147483647,2147483647,2147483647,-93,3,Movistar,false,false
1428123541944,2147483647,2147483647,2147483647,2147483647,-97,3,Movistar,false,false
1428123541944,2147483647,2147483647,2147483647,2147483647,-99,3,Movistar,false,false
1428123541944,2147483647,2147483647,2147483647,2147483647,-101,3,Movistar,false,false
1428123541944,2147483647,2147483647,2147483647,2147483647,-105,3,Movistar,false,false
1428123541944,2147483647,2147483647,2147483647,2147483647,-109,3,Movistar,false,false
1428123603105,-1,-1,-1,-1,0,3,Movistar,true,false
1428123603105,-1,-1,-1,-1,0,3,Movistar,false,false
1428123663031,-1,-1,-1,-1,0,3,Movistar,true,false
1428123663031,-1,-1,-1,-1,0,3,Movistar,false,false
1428123663031,-1,-1,-1,-1,0,3,Movistar,false,false
1428123723046,-1,-1,-1,-1,0,3,Movistar,true,false
1428123723046,-1,-1,-1,-1,0,3,Movistar,false,false
1428123723046,-1,-1,-1,-1,0,3,Movistar,false,false
1428123723046,-1,-1,-1,-1,0,3,Movistar,false,false
1428123723046,-1,-1,-1,-1,0,3,Movistar,false,false
1428123723046,-1,-1,-1,-1,0,3,Movistar,false,false
1428123723046,-1,-1,-1,-1,0,3,Movistar,false,false
1428123783589,-1,-1,-1,-1,0,3,Movistar,true,false
1428123783589,-1,-1,-1,-1,0,3,Movistar,false,false
1428123783589,-1,-1,-1,-1,0,3,Movistar,false,false
1428123783589,-1,-1,-1,-1,0,3,Movistar,false,false
1428123783589,-1,-1,-1,-1,0,3,Movistar,false,false
1428123783589,-1,-1,-1,-1,0,3,Movistar,false,false
1428123783589,-1,-1,-1,-1,0,3,Movistar,false,false
1428123843656,-1,-1,-1,-1,0,3,Movistar,true,false
1428123843656,-1,-1,-1,-1,0,3,Movistar,false,false
1428123843656,-1,-1,-1,-1,0,3,Movistar,false,false
1428123843656,-1,-1,-1,-1,0,3,Movistar,false,false
1428123843656,-1,-1,-1,-1,0,3,Movistar,false,false
1428123843656,-1,-1,-1,-1,0,3,Movistar,false,false
1428123903706,-1,-1,-1,-1,0,3,Movistar,true,false
1428123903706,-1,-1,-1,-1,0,3,Movistar,false,false
1428123903706,-1,-1,-1,-1,0,3,Movistar,false,false
1428123903706,-1,-1,-1,-1,0,3,Movistar,false,false
1428123903706,-1,-1,-1,-1,0,3,Movistar,false,false
1428123903706,-1,-1,-1,-1,0,3,Movistar,false,false
1428123963710,-1,-1,-1,-1,0,3,Movistar,true,false
1428123963710,-1,-1,-1,-1,0,3,Movistar,false,false
1428123963710,-1,-1,-1,-1,0,3,Movistar,false,false
1428123963710,-1,-1,-1,-1,0,3,Movistar,false,false
1428123963710,-1,-1,-1,-1,0,3,Movistar,false,false
1428123963710,-1,-1,-1,-1,0,3,Movistar,false,false
1428124023899,-1,-1,-1,-1,0,3,Movistar,true,false
1428124023899,-1,-1,-1,-1,0,3,Movistar,false,false
1428124023899,-1,-1,-1,-1,0,3,Movistar,false,false
1428124023899,-1,-1,-1,-1,0,3,Movistar,false,false
1428124023899,-1,-1,-1,-1,0,3,Movistar,false,false
1428124023899,-1,-1,-1,-1,0,3,Movistar,false,false
1428124083962,-1,-1,-1,-1,0,3,Movistar,true,false
1428124083962,-1,-1,-1,-1,0,3,Movistar,false,false
1428124083962,-1,-1,-1,-1,0,3,Movistar,false,false
1428124083962,-1,-1,-1,-1,0,3,Movistar,false,false
1428124083962,-1,-1,-1,-1,0,3,Movistar,false,false
1428124083962,-1,-1,-1,-1,0,3,Movistar,false,false
1428124143891,-1,-1,-1,-1,0,3,Movistar,true,false
1428124143891,-1,-1,-1,-1,0,3,Movistar,false,false
1428124143891,-1,-1,-1,-1,0,3,Movistar,false,false
1428124143891,-1,-1,-1,-1,0,3,Movistar,false,false
1428124143891,-1,-1,-1,-1,0,3,Movistar,false,false
1428124204054,-1,-1,-1,-1,0,3,Movistar,true,false
1428124204054,-1,-1,-1,-1,0,3,Movistar,false,false
1428124204054,-1,-1,-1,-1,0,3,Movistar,false,false
1428124204054,-1,-1,-1,-1,0,3,Movistar,false,false
1428124204054,-1,-1,-1,-1,0,3,Movistar,false,false
1428124264414,-1,-1,-1,-1,0,3,Movistar,true,false
1428124264414,-1,-1,-1,-1,0,3,Movistar,false,false
1428124264414,-1,-1,-1,-1,0,3,Movistar,false,false
1428124264414,-1,-1,-1,-1,0,3,Movistar,false,false
1428124264414,-1,-1,-1,-1,0,3,Movistar,false,false
1428124324575,-1,-1,-1,-1,0,3,Movistar,true,false
1428124324575,-1,-1,-1,-1,0,3,Movistar,false,false
1428124324575,-1,-1,-1,-1,0,3,Movistar,false,false
1428124324575,-1,-1,-1,-1,0,3,Movistar,false,false
1428124324575,-1,-1,-1,-1,0,3,Movistar,false,false
1428124384720,-1,-1,-1,-1,0,3,Movistar,true,false
1428124384720,-1,-1,-1,-1,0,3,Movistar,false,false
1428124384720,-1,-1,-1,-1,0,3,Movistar,false,false
1428124384720,-1,-1,-1,-1,0,3,Movistar,false,false
1428124384720,-1,-1,-1,-1,0,3,Movistar,false,false
1428124444953,-1,-1,-1,-1,0,3,Movistar,true,false
1428124444953,-1,-1,-1,-1,0,3,Movistar,false,false
1428124444953,-1,-1,-1,-1,0,3,Movistar,false,false
1428124444953,-1,-1,-1,-1,0,3,Movistar,false,false
1428124444953,-1,-1,-1,-1,0,3,Movistar,false,false
1428124505042,-1,-1,-1,-1,0,3,Movistar,true,false
1428124505042,-1,-1,-1,-1,0,3,Movistar,false,false
1428124505042,-1,-1,-1,-1,0,3,Movistar,false,false
1428124505042,-1,-1,-1,-1,0,3,Movistar,false,false
1428124505042,-1,-1,-1,-1,0,3,Movistar,false,false
1428124565117,-1,-1,-1,-1,0,3,Movistar,true,false
1428124565117,-1,-1,-1,-1,0,3,Movistar,false,false
1428124565117,-1,-1,-1,-1,0,3,Movistar,false,false
1428124565117,-1,-1,-1,-1,0,3,Movistar,false,false
1428124565117,-1,-1,-1,-1,0,3,Movistar,false,false
1428124625258,-1,-1,-1,-1,0,3,Movistar,true,false
1428124625258,-1,-1,-1,-1,0,3,Movistar,false,false
1428124625258,-1,-1,-1,-1,0,3,Movistar,false,false
1428124625258,-1,-1,-1,-1,0,3,Movistar,false,false
1428124625258,-1,-1,-1,-1,0,3,Movistar,false,false
1428124688580,-1,-1,-1,-1,0,3,Movistar,true,false
1428124688580,-1,-1,-1,-1,0,3,Movistar,false,false
1428124688580,-1,-1,-1,-1,0,3,Movistar,false,false
1428124688580,-1,-1,-1,-1,0,3,Movistar,false,false
1428124750949,-1,-1,-1,-1,0,3,Movistar,true,false
1428124750949,-1,-1,-1,-1,0,3,Movistar,false,false
1428124750949,-1,-1,-1,-1,0,3,Movistar,false,false
1428124750949,-1,-1,-1,-1,0,3,Movistar,false,false
1428124810990,-1,-1,-1,-1,0,3,Movistar,true,false
1428124810990,-1,-1,-1,-1,0,3,Movistar,false,false
1428124810990,-1,-1,-1,-1,0,3,Movistar,false,false
1428124810990,-1,-1,-1,-1,0,3,Movistar,false,false
1428124810990,-1,-1,-1,-1,0,3,Movistar,false,false
1428124810990,-1,-1,-1,-1,0,3,Movistar,false,false
1428124871041,-1,-1,-1,-1,0,3,Movistar,true,false
1428124871041,-1,-1,-1,-1,0,3,Movistar,false,false
1428124871041,-1,-1,-1,-1,0,3,Movistar,false,false
1428124871041,-1,-1,-1,-1,0,3,Movistar,false,false
1428124871041,-1,-1,-1,-1,0,3,Movistar,false,false
1428124871041,-1,-1,-1,-1,0,3,Movistar,false,false
1428124871041,2147483647,2147483647,2147483647,2147483647,-53,3,Movistar,false,false
1428124871041,2147483647,2147483647,2147483647,2147483647,-93,3,Movistar,false,false
1428124871041,2147483647,2147483647,2147483647,2147483647,-95,3,Movistar,false,false
1428124871041,2147483647,2147483647,2147483647,2147483647,-101,3,Movistar,false,false
1428124871041,2147483647,2147483647,2147483647,2147483647,-101,3,Movistar,false,false
1428124871041,2147483647,2147483647,2147483647,2147483647,-101,3,Movistar,false,false
1428124871041,2147483647,2147483647,2147483647,2147483647,-105,3,Movistar,false,false
1428124871041,2147483647,2147483647,2147483647,2147483647,-109,3,Movistar,false,false
1428124931225,-1,-1,-1,-1,0,3,Movistar,true,false
1428124931225,-1,-1,-1,-1,0,3,Movistar,false,false
1428124931225,-1,-1,-1,-1,0,3,Movistar,false,false
1428124931225,-1,-1,-1,-1,0,3,Movistar,false,false
1428124931225,-1,-1,-1,-1,0,3,Movistar,false,false
1428124931225,-1,-1,-1,-1,0,3,Movistar,false,false
1428124931225,2147483647,2147483647,2147483647,2147483647,-53,3,Movistar,false,false
1428124931225,2147483647,2147483647,2147483647,2147483647,-91,3,Movistar,false,false
1428124931225,2147483647,2147483647,2147483647,2147483647,-93,3,Movistar,false,false
1428124931225,2147483647,2147483647,2147483647,2147483647,-93,3,Movistar,false,false
1428124931225,2147483647,2147483647,2147483647,2147483647,-99,3,Movistar,false,false
1428124931225,2147483647,2147483647,2147483647,2147483647,-103,3,Movistar,false,false
1428124931225,2147483647,2147483647,2147483647,2147483647,-107,3,Movistar,false,false
1428124931225,2147483647,2147483647,2147483647,2147483647,-109,3,Movistar,false,false
1428124992465,-1,-1,-1,-1,0,3,Movistar,true,false
1428124992465,-1,-1,-1,-1,0,3,Movistar,false,false
1428124992465,-1,-1,-1,-1,0,3,Movistar,false,false
1428124992465,-1,-1,-1,-1,0,3,Movistar,false,false
1428124992465,-1,-1,-1,-1,0,3,Movistar,false,false
1428124992465,-1,-1,-1,-1,0,3,Movistar,false,false
1428124992465,2147483647,2147483647,2147483647,2147483647,-53,3,Movistar,false,false
1428124992465,2147483647,2147483647,2147483647,2147483647,-91,3,Movistar,false,false
1428124992465,2147483647,2147483647,2147483647,2147483647,-91,3,Movistar,false,false
1428124992465,2147483647,2147483647,2147483647,2147483647,-93,3,Movistar,false,false
1428124992465,2147483647,2147483647,2147483647,2147483647,-99,3,Movistar,false,false
1428124992465,2147483647,2147483647,2147483647,2147483647,-103,3,Movistar,false,false
1428124992465,2147483647,2147483647,2147483647,2147483647,-107,3,Movistar,false,false
1428124992465,2147483647,2147483647,2147483647,2147483647,-109,3,Movistar,false,false
1428125052545,-1,-1,-1,-1,0,3,Movistar,true,false
1428125052545,-1,-1,-1,-1,0,3,Movistar,false,false
1428125052545,-1,-1,-1,-1,0,3,Movistar,false,false
1428125052545,-1,-1,-1,-1,0,3,Movistar,false,false
1428125052545,-1,-1,-1,-1,0,3,Movistar,false,false
1428125052545,-1,-1,-1,-1,0,3,Movistar,false,false
1428125052545,2147483647,2147483647,2147483647,2147483647,-61,3,Movistar,false,false
1428125052545,2147483647,2147483647,2147483647,2147483647,-87,3,Movistar,false,false
1428125052545,2147483647,2147483647,2147483647,2147483647,-91,3,Movistar,false,false
1428125052545,2147483647,2147483647,2147483647,2147483647,-93,3,Movistar,false,false
1428125052545,2147483647,2147483647,2147483647,2147483647,-97,3,Movistar,false,false
1428125052545,2147483647,2147483647,2147483647,2147483647,-103,3,Movistar,false,false
1428125052545,2147483647,2147483647,2147483647,2147483647,-107,3,Movistar,false,false
1428125052545,2147483647,2147483647,2147483647,2147483647,-109,3,Movistar,false,false
1428125112601,-1,-1,-1,-1,0,3,Movistar,true,false
1428125112601,-1,-1,-1,-1,0,3,Movistar,false,false
1428125112601,-1,-1,-1,-1,0,3,Movistar,false,false
1428125112601,-1,-1,-1,-1,0,3,Movistar,false,false
1428125112601,-1,-1,-1,-1,0,3,Movistar,false,false
1428125174606,-1,-1,-1,-1,0,3,Movistar,true,false
1428125174606,-1,-1,-1,-1,0,3,Movistar,false,false
1428125174606,-1,-1,-1,-1,0,3,Movistar,false,false
1428125174606,-1,-1,-1,-1,0,3,Movistar,false,false
1428125174606,-1,-1,-1,-1,0,3,Movistar,false,false
1428125174606,2147483647,2147483647,2147483647,2147483647,-67,3,Movistar,false,false
1428125174606,2147483647,2147483647,2147483647,2147483647,-89,3,Movistar,false,false
1428125174606,2147483647,2147483647,2147483647,2147483647,-93,3,Movistar,false,false
1428125174606,2147483647,2147483647,2147483647,2147483647,-93,3,Movistar,false,false
1428125174606,2147483647,2147483647,2147483647,2147483647,-99,3,Movistar,false,false
1428125174606,2147483647,2147483647,2147483647,2147483647,-107,3,Movistar,false,false
1428125174606,2147483647,2147483647,2147483647,2147483647,-107,3,Movistar,false,false
1428125174606,2147483647,2147483647,2147483647,2147483647,-109,3,Movistar,false,false
1428125234649,-1,-1,-1,-1,0,3,Movistar,true,false
1428125234649,-1,-1,-1,-1,0,3,Movistar,false,false
1428125234649,-1,-1,-1,-1,0,3,Movistar,false,false
1428125234649,-1,-1,-1,-1,0,3,Movistar,false,false
1428125234649,-1,-1,-1,-1,0,3,Movistar,false,false
1428125234649,-1,-1,-1,-1,0,3,Movistar,false,false
1428125294718,-1,-1,-1,-1,0,3,Movistar,true,false
1428125294718,-1,-1,-1,-1,0,3,Movistar,false,false
1428125294718,-1,-1,-1,-1,0,3,Movistar,false,false
1428125294718,-1,-1,-1,-1,0,3,Movistar,false,false
1428125294718,-1,-1,-1,-1,0,3,Movistar,false,false
1428125294718,-1,-1,-1,-1,0,3,Movistar,false,false
1428125364577,-1,-1,-1,-1,0,3,Movistar,true,false
1428125364577,-1,-1,-1,-1,0,3,Movistar,false,false
1428125364577,-1,-1,-1,-1,0,3,Movistar,false,false
1428125364577,-1,-1,-1,-1,0,3,Movistar,false,false
1428125364577,-1,-1,-1,-1,0,3,Movistar,false,false
1428125364577,-1,-1,-1,-1,0,3,Movistar,false,false
1428125364577,-1,-1,-1,-1,0,3,Movistar,false,false
1428125424672,-1,-1,-1,-1,0,3,Movistar,true,false
1428125424672,-1,-1,-1,-1,0,3,Movistar,false,false
1428125424672,-1,-1,-1,-1,0,3,Movistar,false,false
1428125424672,-1,-1,-1,-1,0,3,Movistar,false,false
1428125424672,-1,-1,-1,-1,0,3,Movistar,false,false
1428125424672,-1,-1,-1,-1,0,3,Movistar,false,false
1428125424672,-1,-1,-1,-1,0,3,Movistar,false,false
1428125424672,2147483647,2147483647,2147483647,2147483647,-55,3,Movistar,false,false
1428125424672,2147483647,2147483647,2147483647,2147483647,-85,3,Movistar,false,false
1428125424672,2147483647,2147483647,2147483647,2147483647,-97,3,Movistar,false,false
1428125424672,2147483647,2147483647,2147483647,2147483647,-103,3,Movistar,false,false
1428125424672,2147483647,2147483647,2147483647,2147483647,-103,3,Movistar,false,false
1428125424672,2147483647,2147483647,2147483647,2147483647,-107,3,Movistar,false,false
1428125424672,2147483647,2147483647,2147483647,2147483647,-111,3,Movistar,false,false
1428125424672,2147483647,2147483647,2147483647,2147483647,-111,3,Movistar,false,false
1428125484765,-1,-1,-1,-1,0,3,Movistar,true,false
1428125484765,-1,-1,-1,-1,0,3,Movistar,false,false
1428125484765,-1,-1,-1,-1,0,3,Movistar,false,false
1428125484765,-1,-1,-1,-1,0,3,Movistar,false,false
1428125484765,-1,-1,-1,-1,0,3,Movistar,false,false
1428125484765,-1,-1,-1,-1,0,3,Movistar,false,false
1428125484765,-1,-1,-1,-1,0,3,Movistar,false,false
1428125484765,2147483647,2147483647,2147483647,2147483647,-55,3,Movistar,false,false
1428125484765,2147483647,2147483647,2147483647,2147483647,-85,3,Movistar,false,false
1428125484765,2147483647,2147483647,2147483647,2147483647,-97,3,Movistar,false,false
1428125484765,2147483647,2147483647,2147483647,2147483647,-103,3,Movistar,false,false
1428125484765,2147483647,2147483647,2147483647,2147483647,-103,3,Movistar,false,false
1428125484765,2147483647,2147483647,2147483647,2147483647,-107,3,Movistar,false,false
1428125484765,2147483647,2147483647,2147483647,2147483647,-111,3,Movistar,false,false
1428125484765,2147483647,2147483647,2147483647,2147483647,-111,3,Movistar,false,false
1428125544800,-1,-1,-1,-1,0,3,Movistar,true,false
1428125544800,-1,-1,-1,-1,0,3,Movistar,false,false
1428125544800,-1,-1,-1,-1,0,3,Movistar,false,false
1428125544800,-1,-1,-1,-1,0,3,Movistar,false,false
1428125544800,-1,-1,-1,-1,0,3,Movistar,false,false
1428125544800,-1,-1,-1,-1,0,3,Movistar,false,false
1428125544800,-1,-1,-1,-1,0,3,Movistar,false,false
1428125544800,2147483647,2147483647,2147483647,2147483647,-55,3,Movistar,false,false
1428125544800,2147483647,2147483647,2147483647,2147483647,-85,3,Movistar,false,false
1428125544800,2147483647,2147483647,2147483647,2147483647,-97,3,Movistar,false,false
1428125544800,2147483647,2147483647,2147483647,2147483647,-103,3,Movistar,false,false
1428125544800,2147483647,2147483647,2147483647,2147483647,-103,3,Movistar,false,false
1428125544800,2147483647,2147483647,2147483647,2147483647,-107,3,Movistar,false,false
1428125544800,2147483647,2147483647,2147483647,2147483647,-111,3,Movistar,false,false
1428125544800,2147483647,2147483647,2147483647,2147483647,-111,3,Movistar,false,false
1428125610100,-1,-1,-1,-1,0,3,Movistar,true,false
1428125610100,-1,-1,-1,-1,0,3,Movistar,false,false
1428125610100,-1,-1,-1,-1,0,3,Movistar,false,false
1428125610100,-1,-1,-1,-1,0,3,Movistar,false,false
1428125610100,-1,-1,-1,-1,0,3,Movistar,false,false
1428125610100,-1,-1,-1,-1,0,3,Movistar,false,false
1428125610100,-1,-1,-1,-1,0,3,Movistar,false,false
1428125610100,2147483647,2147483647,2147483647,2147483647,-55,3,Movistar,false,false
1428125610100,2147483647,2147483647,2147483647,2147483647,-85,3,Movistar,false,false
1428125610100,2147483647,2147483647,2147483647,2147483647,-97,3,Movistar,false,false
1428125610100,2147483647,2147483647,2147483647,2147483647,-103,3,Movistar,false,false
1428125610100,2147483647,2147483647,2147483647,2147483647,-103,3,Movistar,false,false
1428125610100,2147483647,2147483647,2147483647,2147483647,-107,3,Movistar,false,false
1428125610100,2147483647,2147483647,2147483647,2147483647,-111,3,Movistar,false,false
1428125610100,2147483647,2147483647,2147483647,2147483647,-111,3,Movistar,false,false
1428125670167,-1,-1,-1,-1,0,3,Movistar,true,false
1428125670167,-1,-1,-1,-1,0,3,Movistar,false,false
1428125670167,-1,-1,-1,-1,0,3,Movistar,false,false
1428125670167,-1,-1,-1,-1,0,3,Movistar,false,false
1428125670167,-1,-1,-1,-1,0,3,Movistar,false,false
1428125670167,-1,-1,-1,-1,0,3,Movistar,false,false
1428125670167,-1,-1,-1,-1,0,3,Movistar,false,false
1428125670167,2147483647,2147483647,2147483647,2147483647,-55,3,Movistar,false,false
1428125670167,2147483647,2147483647,2147483647,2147483647,-85,3,Movistar,false,false
1428125670167,2147483647,2147483647,2147483647,2147483647,-97,3,Movistar,false,false
1428125670167,2147483647,2147483647,2147483647,2147483647,-103,3,Movistar,false,false
1428125670167,2147483647,2147483647,2147483647,2147483647,-103,3,Movistar,false,false
1428125670167,2147483647,2147483647,2147483647,2147483647,-107,3,Movistar,false,false
1428125670167,2147483647,2147483647,2147483647,2147483647,-111,3,Movistar,false,false
1428125670167,2147483647,2147483647,2147483647,2147483647,-111,3,Movistar,false,false
1428125730838,-1,-1,-1,-1,0,3,Movistar,true,false
1428125730838,-1,-1,-1,-1,0,3,Movistar,false,false
1428125730838,-1,-1,-1,-1,0,3,Movistar,false,false
1428125730838,-1,-1,-1,-1,0,3,Movistar,false,false
1428125730838,-1,-1,-1,-1,0,3,Movistar,false,false
1428125730838,-1,-1,-1,-1,0,3,Movistar,false,false
1428125730838,-1,-1,-1,-1,0,3,Movistar,false,false
1428125730838,2147483647,2147483647,2147483647,2147483647,-55,3,Movistar,false,false
1428125730838,2147483647,2147483647,2147483647,2147483647,-85,3,Movistar,false,false
1428125730838,2147483647,2147483647,2147483647,2147483647,-97,3,Movistar,false,false
1428125730838,2147483647,2147483647,2147483647,2147483647,-103,3,Movistar,false,false
1428125730838,2147483647,2147483647,2147483647,2147483647,-103,3,Movistar,false,false
1428125730838,2147483647,2147483647,2147483647,2147483647,-107,3,Movistar,false,false
1428125730838,2147483647,2147483647,2147483647,2147483647,-111,3,Movistar,false,false
1428125730838,2147483647,2147483647,2147483647,2147483647,-111,3,Movistar,false,false
1428125790780,-1,-1,-1,-1,0,3,Movistar,true,false
1428125790780,-1,-1,-1,-1,0,3,Movistar,false,false
1428125790780,-1,-1,-1,-1,0,3,Movistar,false,false
1428125790780,-1,-1,-1,-1,0,3,Movistar,false,false
1428125790780,-1,-1,-1,-1,0,3,Movistar,false,false
1428125790780,-1,-1,-1,-1,0,3,Movistar,false,false
1428125790780,-1,-1,-1,-1,0,3,Movistar,false,false
1428125790780,2147483647,2147483647,2147483647,2147483647,-55,3,Movistar,false,false
1428125790780,2147483647,2147483647,2147483647,2147483647,-85,3,Movistar,false,false
1428125790780,2147483647,2147483647,2147483647,2147483647,-97,3,Movistar,false,false
1428125790780,2147483647,2147483647,2147483647,2147483647,-103,3,Movistar,false,false
1428125790780,2147483647,2147483647,2147483647,2147483647,-103,3,Movistar,false,false
1428125790780,2147483647,2147483647,2147483647,2147483647,-107,3,Movistar,false,false
1428125790780,2147483647,2147483647,2147483647,2147483647,-111,3,Movistar,false,false
1428125790780,2147483647,2147483647,2147483647,2147483647,-111,3,Movistar,false,false
1428125850856,-1,-1,-1,-1,0,3,Movistar,true,false
1428125850856,-1,-1,-1,-1,0,3,Movistar,false,false
1428125850856,-1,-1,-1,-1,0,3,Movistar,false,false
1428125850856,-1,-1,-1,-1,0,3,Movistar,false,false
1428125850856,-1,-1,-1,-1,0,3,Movistar,false,false
1428125850856,-1,-1,-1,-1,0,3,Movistar,false,false
1428125850856,-1,-1,-1,-1,0,3,Movistar,false,false
1428125850856,2147483647,2147483647,2147483647,2147483647,-55,3,Movistar,false,false
1428125850856,2147483647,2147483647,2147483647,2147483647,-85,3,Movistar,false,false
1428125850856,2147483647,2147483647,2147483647,2147483647,-97,3,Movistar,false,false
1428125850856,2147483647,2147483647,2147483647,2147483647,-103,3,Movistar,false,false
1428125850856,2147483647,2147483647,2147483647,2147483647,-103,3,Movistar,false,false
1428125850856,2147483647,2147483647,2147483647,2147483647,-107,3,Movistar,false,false
1428125850856,2147483647,2147483647,2147483647,2147483647,-111,3,Movistar,false,false
1428125850856,2147483647,2147483647,2147483647,2147483647,-111,3,Movistar,false,false
1428125910909,-1,-1,-1,-1,0,3,Movistar,true,false
1428125910909,-1,-1,-1,-1,0,3,Movistar,false,false
1428125910909,-1,-1,-1,-1,0,3,Movistar,false,false
1428125910909,-1,-1,-1,-1,0,3,Movistar,false,false
1428125910909,-1,-1,-1,-1,0,3,Movistar,false,false
1428125910909,-1,-1,-1,-1,0,3,Movistar,false,false
1428125910909,-1,-1,-1,-1,0,3,Movistar,false,false
1428125910909,2147483647,2147483647,2147483647,2147483647,-55,3,Movistar,false,false
1428125910909,2147483647,2147483647,2147483647,2147483647,-85,3,Movistar,false,false
1428125910909,2147483647,2147483647,2147483647,2147483647,-97,3,Movistar,false,false
1428125910909,2147483647,2147483647,2147483647,2147483647,-103,3,Movistar,false,false
1428125910909,2147483647,2147483647,2147483647,2147483647,-103,3,Movistar,false,false
1428125910909,2147483647,2147483647,2147483647,2147483647,-107,3,Movistar,false,false
1428125910909,2147483647,2147483647,2147483647,2147483647,-111,3,Movistar,false,false
1428125910909,2147483647,2147483647,2147483647,2147483647,-111,3,Movistar,false,false
1428125970970,-1,-1,-1,-1,0,3,Movistar,true,false
1428125970970,-1,-1,-1,-1,0,3,Movistar,false,false
1428125970970,-1,-1,-1,-1,0,3,Movistar,false,false
1428125970970,-1,-1,-1,-1,0,3,Movistar,false,false
1428125970970,-1,-1,-1,-1,0,3,Movistar,false,false
1428125970970,-1,-1,-1,-1,0,3,Movistar,false,false
1428125970970,-1,-1,-1,-1,0,3,Movistar,false,false
1428125970970,2147483647,2147483647,2147483647,2147483647,-81,3,Movistar,false,false
1428125970970,2147483647,2147483647,2147483647,2147483647,-85,3,Movistar,false,false
1428125970970,2147483647,2147483647,2147483647,2147483647,-99,3,Movistar,false,false
1428125970970,2147483647,2147483647,2147483647,2147483647,-103,3,Movistar,false,false
1428125970970,2147483647,2147483647,2147483647,2147483647,-105,3,Movistar,false,false
1428125970970,2147483647,2147483647,2147483647,2147483647,-105,3,Movistar,false,false
1428125970970,2147483647,2147483647,2147483647,2147483647,-111,3,Movistar,false,false
1428125970970,2147483647,2147483647,2147483647,2147483647,-113,3,Movistar,false,false
1428126030992,-1,-1,-1,-1,0,3,Movistar,true,false
1428126030992,-1,-1,-1,-1,0,3,Movistar,false,false
1428126030992,-1,-1,-1,-1,0,3,Movistar,false,false
1428126030992,-1,-1,-1,-1,0,3,Movistar,false,false
1428126030992,-1,-1,-1,-1,0,3,Movistar,false,false
1428126030992,-1,-1,-1,-1,0,3,Movistar,false,false
1428126030992,-1,-1,-1,-1,0,3,Movistar,false,false
1428126030992,2147483647,2147483647,2147483647,2147483647,-81,3,Movistar,false,false
1428126030992,2147483647,2147483647,2147483647,2147483647,-85,3,Movistar,false,false
1428126030992,2147483647,2147483647,2147483647,2147483647,-99,3,Movistar,false,false
1428126030992,2147483647,2147483647,2147483647,2147483647,-103,3,Movistar,false,false
1428126030992,2147483647,2147483647,2147483647,2147483647,-105,3,Movistar,false,false
1428126030992,2147483647,2147483647,2147483647,2147483647,-105,3,Movistar,false,false
1428126030992,2147483647,2147483647,2147483647,2147483647,-111,3,Movistar,false,false
1428126030992,2147483647,2147483647,2147483647,2147483647,-113,3,Movistar,false,false
1428126091060,-1,-1,-1,-1,0,3,Movistar,true,false
1428126091060,-1,-1,-1,-1,0,3,Movistar,false,false
1428126091060,-1,-1,-1,-1,0,3,Movistar,false,false
1428126091060,-1,-1,-1,-1,0,3,Movistar,false,false
1428126091060,-1,-1,-1,-1,0,3,Movistar,false,false
1428126091060,-1,-1,-1,-1,0,3,Movistar,false,false
1428126091060,-1,-1,-1,-1,0,3,Movistar,false,false
1428126091060,2147483647,2147483647,2147483647,2147483647,-55,3,Movistar,false,false
1428126091060,2147483647,2147483647,2147483647,2147483647,-85,3,Movistar,false,false
1428126091060,2147483647,2147483647,2147483647,2147483647,-97,3,Movistar,false,false
1428126091060,2147483647,2147483647,2147483647,2147483647,-101,3,Movistar,false,false
1428126091060,2147483647,2147483647,2147483647,2147483647,-105,3,Movistar,false,false
1428126091060,2147483647,2147483647,2147483647,2147483647,-107,3,Movistar,false,false
1428126091060,2147483647,2147483647,2147483647,2147483647,-111,3,Movistar,false,false
1428126091060,2147483647,2147483647,2147483647,2147483647,-111,3,Movistar,false,false
1428126151185,-1,-1,-1,-1,0,3,Movistar,true,false
1428126151185,-1,-1,-1,-1,0,3,Movistar,false,false
1428126151185,-1,-1,-1,-1,0,3,Movistar,false,false
1428126151185,-1,-1,-1,-1,0,3,Movistar,false,false
1428126151185,-1,-1,-1,-1,0,3,Movistar,false,false
1428126151185,-1,-1,-1,-1,0,3,Movistar,false,false
1428126151185,-1,-1,-1,-1,0,3,Movistar,false,false
1428126151185,2147483647,2147483647,2147483647,2147483647,-55,3,Movistar,false,false
1428126151185,2147483647,2147483647,2147483647,2147483647,-85,3,Movistar,false,false
1428126151185,2147483647,2147483647,2147483647,2147483647,-97,3,Movistar,false,false
1428126151185,2147483647,2147483647,2147483647,2147483647,-101,3,Movistar,false,false
1428126151185,2147483647,2147483647,2147483647,2147483647,-105,3,Movistar,false,false
1428126151185,2147483647,2147483647,2147483647,2147483647,-107,3,Movistar,false,false
1428126151185,2147483647,2147483647,2147483647,2147483647,-111,3,Movistar,false,false
1428126151185,2147483647,2147483647,2147483647,2147483647,-111,3,Movistar,false,false
1428126211182,-1,-1,-1,-1,0,3,Movistar,true,false
1428126211182,-1,-1,-1,-1,0,3,Movistar,false,false
1428126211182,-1,-1,-1,-1,0,3,Movistar,false,false
1428126211182,-1,-1,-1,-1,0,3,Movistar,false,false
1428126211182,-1,-1,-1,-1,0,3,Movistar,false,false
1428126211182,-1,-1,-1,-1,0,3,Movistar,false,false
1428126211182,-1,-1,-1,-1,0,3,Movistar,false,false
1428126211182,2147483647,2147483647,2147483647,2147483647,-81,3,Movistar,false,false
1428126211182,2147483647,2147483647,2147483647,2147483647,-85,3,Movistar,false,false
1428126211182,2147483647,2147483647,2147483647,2147483647,-99,3,Movistar,false,false
1428126211182,2147483647,2147483647,2147483647,2147483647,-101,3,Movistar,false,false
1428126211182,2147483647,2147483647,2147483647,2147483647,-105,3,Movistar,false,false
1428126211182,2147483647,2147483647,2147483647,2147483647,-107,3,Movistar,false,false
1428126211182,2147483647,2147483647,2147483647,2147483647,-111,3,Movistar,false,false
1428126211182,2147483647,2147483647,2147483647,2147483647,-113,3,Movistar,false,false
1428126271302,-1,-1,-1,-1,0,3,Movistar,true,false
1428126271302,-1,-1,-1,-1,0,3,Movistar,false,false
1428126271302,-1,-1,-1,-1,0,3,Movistar,false,false
1428126271302,-1,-1,-1,-1,0,3,Movistar,false,false
1428126271302,-1,-1,-1,-1,0,3,Movistar,false,false
1428126271302,-1,-1,-1,-1,0,3,Movistar,false,false
1428126271302,-1,-1,-1,-1,0,3,Movistar,false,false
1428126271302,2147483647,2147483647,2147483647,2147483647,-81,3,Movistar,false,false
1428126271302,2147483647,2147483647,2147483647,2147483647,-85,3,Movistar,false,false
1428126271302,2147483647,2147483647,2147483647,2147483647,-99,3,Movistar,false,false
1428126271302,2147483647,2147483647,2147483647,2147483647,-101,3,Movistar,false,false
1428126271302,2147483647,2147483647,2147483647,2147483647,-105,3,Movistar,false,false
1428126271302,2147483647,2147483647,2147483647,2147483647,-107,3,Movistar,false,false
1428126271302,2147483647,2147483647,2147483647,2147483647,-111,3,Movistar,false,false
1428126271302,2147483647,2147483647,2147483647,2147483647,-113,3,Movistar,false,false
1428126331347,-1,-1,-1,-1,0,3,Movistar,true,false
1428126331347,-1,-1,-1,-1,0,3,Movistar,false,false
1428126331347,-1,-1,-1,-1,0,3,Movistar,false,false
1428126331347,-1,-1,-1,-1,0,3,Movistar,false,false
1428126331347,-1,-1,-1,-1,0,3,Movistar,false,false
1428126331347,-1,-1,-1,-1,0,3,Movistar,false,false
1428126331347,-1,-1,-1,-1,0,3,Movistar,false,false
1428126331347,2147483647,2147483647,2147483647,2147483647,-81,3,Movistar,false,false
1428126331347,2147483647,2147483647,2147483647,2147483647,-85,3,Movistar,false,false
1428126331347,2147483647,2147483647,2147483647,2147483647,-99,3,Movistar,false,false
1428126331347,2147483647,2147483647,2147483647,2147483647,-101,3,Movistar,false,false
1428126331347,2147483647,2147483647,2147483647,2147483647,-105,3,Movistar,false,false
1428126331347,2147483647,2147483647,2147483647,2147483647,-107,3,Movistar,false,false
1428126331347,2147483647,2147483647,2147483647,2147483647,-111,3,Movistar,false,false
1428126331347,2147483647,2147483647,2147483647,2147483647,-113,3,Movistar,false,false
1428126391631,-1,-1,-1,-1,0,3,Movistar,true,false
1428126391631,-1,-1,-1,-1,0,3,Movistar,false,false
1428126391631,-1,-1,-1,-1,0,3,Movistar,false,false
1428126391631,-1,-1,-1,-1,0,3,Movistar,false,false
1428126391631,-1,-1,-1,-1,0,3,Movistar,false,false
1428126391631,-1,-1,-1,-1,0,3,Movistar,false,false
1428126391631,-1,-1,-1,-1,0,3,Movistar,false,false
1428126391631,2147483647,2147483647,2147483647,2147483647,-81,3,Movistar,false,false
1428126391631,2147483647,2147483647,2147483647,2147483647,-85,3,Movistar,false,false
1428126391631,2147483647,2147483647,2147483647,2147483647,-99,3,Movistar,false,false
1428126391631,2147483647,2147483647,2147483647,2147483647,-101,3,Movistar,false,false
1428126391631,2147483647,2147483647,2147483647,2147483647,-105,3,Movistar,false,false
1428126391631,2147483647,2147483647,2147483647,2147483647,-107,3,Movistar,false,false
1428126391631,2147483647,2147483647,2147483647,2147483647,-111,3,Movistar,false,false
1428126391631,2147483647,2147483647,2147483647,2147483647,-113,3,Movistar,false,false
1428126451610,-1,-1,-1,-1,0,3,Movistar,true,false
1428126451610,-1,-1,-1,-1,0,3,Movistar,false,false
1428126451610,-1,-1,-1,-1,0,3,Movistar,false,false
1428126451610,-1,-1,-1,-1,0,3,Movistar,false,false
1428126451610,-1,-1,-1,-1,0,3,Movistar,false,false
1428126451610,-1,-1,-1,-1,0,3,Movistar,false,false
1428126451610,2147483647,2147483647,2147483647,2147483647,-81,3,Movistar,false,false
1428126451610,2147483647,2147483647,2147483647,2147483647,-85,3,Movistar,false,false
1428126451610,2147483647,2147483647,2147483647,2147483647,-99,3,Movistar,false,false
1428126451610,2147483647,2147483647,2147483647,2147483647,-101,3,Movistar,false,false
1428126451610,2147483647,2147483647,2147483647,2147483647,-105,3,Movistar,false,false
1428126451610,2147483647,2147483647,2147483647,2147483647,-107,3,Movistar,false,false
1428126451610,2147483647,2147483647,2147483647,2147483647,-111,3,Movistar,false,false
1428126451610,2147483647,2147483647,2147483647,2147483647,-113,3,Movistar,false,false
1428126516852,-1,-1,-1,-1,0,3,Movistar,true,false
1428126516852,-1,-1,-1,-1,0,3,Movistar,false,false
1428126516852,-1,-1,-1,-1,0,3,Movistar,false,false
1428126516852,-1,-1,-1,-1,0,3,Movistar,false,false
1428126516852,-1,-1,-1,-1,0,3,Movistar,false,false
1428126516852,2147483647,2147483647,2147483647,2147483647,-81,3,Movistar,false,false
1428126516852,2147483647,2147483647,2147483647,2147483647,-103,3,Movistar,false,false
1428126516852,2147483647,2147483647,2147483647,2147483647,-105,3,Movistar,false,false
1428126516852,2147483647,2147483647,2147483647,2147483647,-107,3,Movistar,false,false
1428126516852,2147483647,2147483647,2147483647,2147483647,-107,3,Movistar,false,false
1428126516852,2147483647,2147483647,2147483647,2147483647,-109,3,Movistar,false,false
1428126516852,2147483647,2147483647,2147483647,2147483647,-111,3,Movistar,false,false
1428126516852,2147483647,2147483647,2147483647,2147483647,-111,3,Movistar,false,false
1428126576847,-1,-1,-1,-1,0,3,Movistar,true,false
1428126576847,-1,-1,-1,-1,0,3,Movistar,false,false
1428126576847,-1,-1,-1,-1,0,3,Movistar,false,false
1428126576847,-1,-1,-1,-1,0,3,Movistar,false,false
1428126576847,-1,-1,-1,-1,0,3,Movistar,false,false
1428126576847,-1,-1,-1,-1,0,3,Movistar,false,false
1428126637830,-1,-1,-1,-1,0,3,Movistar,true,false
1428126637830,-1,-1,-1,-1,0,3,Movistar,false,false
1428126637830,-1,-1,-1,-1,0,3,Movistar,false,false
1428126637830,-1,-1,-1,-1,0,3,Movistar,false,false
1428126637830,-1,-1,-1,-1,0,3,Movistar,false,false
1428126637830,-1,-1,-1,-1,0,3,Movistar,false,false
1428126637830,-1,-1,-1,-1,0,3,Movistar,false,false
1428126637830,2147483647,2147483647,2147483647,2147483647,-87,3,Movistar,false,false
1428126637830,2147483647,2147483647,2147483647,2147483647,-101,3,Movistar,false,false
1428126637830,2147483647,2147483647,2147483647,2147483647,-107,3,Movistar,false,false
1428126637830,2147483647,2147483647,2147483647,2147483647,-107,3,Movistar,false,false
1428126637830,2147483647,2147483647,2147483647,2147483647,-109,3,Movistar,false,false
1428126637830,2147483647,2147483647,2147483647,2147483647,-111,3,Movistar,false,false
1428126637830,2147483647,2147483647,2147483647,2147483647,-111,3,Movistar,false,false
1428126637830,2147483647,2147483647,2147483647,2147483647,-113,3,Movistar,false,false
1428126697868,-1,-1,-1,-1,0,3,Movistar,true,false
1428126697868,-1,-1,-1,-1,0,3,Movistar,false,false
1428126697868,-1,-1,-1,-1,0,3,Movistar,false,false
1428126761628,11831,833,7,214,-93,2,Movistar,true,false
1428126761628,11833,833,7,214,-93,2,Movistar,false,false
1428126761628,13151,833,7,214,-97,2,Movistar,false,false
1428126761628,13784,833,7,214,-95,2,Movistar,false,false
1428126761628,-1,0,0,0,-99,2,Movistar,false,false
1428126761628,-1,0,0,0,-99,2,Movistar,false,false
1428126761628,-1,0,0,0,-103,2,Movistar,false,false
1428126821659,-1,-1,-1,-1,0,3,Movistar,true,false
1428126821659,-1,-1,-1,-1,0,3,Movistar,false,false
1428126821659,-1,-1,-1,-1,0,3,Movistar,false,false
1428126821659,-1,-1,-1,-1,0,3,Movistar,false,false
1428126821659,-1,-1,-1,-1,0,3,Movistar,false,false
1428126893616,-1,-1,-1,-1,0,3,Movistar,true,false
1428126893616,-1,-1,-1,-1,0,3,Movistar,false,false
1428126893616,-1,-1,-1,-1,0,3,Movistar,false,false
1428126893616,-1,-1,-1,-1,0,3,Movistar,false,false
1428126893616,-1,-1,-1,-1,0,3,Movistar,false,false
1428126959966,-1,-1,-1,-1,0,3,Movistar,true,false
1428126959966,-1,-1,-1,-1,0,3,Movistar,false,false
1428126959966,-1,-1,-1,-1,0,3,Movistar,false,false
1428126959966,-1,-1,-1,-1,0,3,Movistar,false,false
1428126959966,-1,-1,-1,-1,0,3,Movistar,false,false
1428126959966,-1,-1,-1,-1,0,3,Movistar,false,false
1428127039154,-1,-1,-1,-1,0,3,Movistar,true,false
1428127039154,-1,-1,-1,-1,0,3,Movistar,false,false
1428127039154,-1,-1,-1,-1,0,3,Movistar,false,false
1428127039154,-1,-1,-1,-1,0,3,Movistar,false,false
1428127039154,-1,-1,-1,-1,0,3,Movistar,false,false
1428127039154,-1,-1,-1,-1,0,3,Movistar,false,false
1428127099148,-1,-1,-1,-1,0,3,Movistar,true,false
1428127159239,-1,-1,-1,-1,0,3,Movistar,true,false
1428127159239,-1,-1,-1,-1,0,3,Movistar,false,false
1428127159239,-1,-1,-1,-1,0,3,Movistar,false,false
1428127159239,-1,-1,-1,-1,0,3,Movistar,false,false
1428127159239,-1,-1,-1,-1,0,3,Movistar,false,false
1428127159239,-1,-1,-1,-1,0,3,Movistar,false,false
1428127159239,2147483647,2147483647,2147483647,2147483647,-67,3,Movistar,false,false
1428127159239,2147483647,2147483647,2147483647,2147483647,-95,3,Movistar,false,false
1428127159239,2147483647,2147483647,2147483647,2147483647,-97,3,Movistar,false,false
1428127159239,2147483647,2147483647,2147483647,2147483647,-99,3,Movistar,false,false
1428127159239,2147483647,2147483647,2147483647,2147483647,-103,3,Movistar,false,false
1428127159239,2147483647,2147483647,2147483647,2147483647,-109,3,Movistar,false,false
1428127159239,2147483647,2147483647,2147483647,2147483647,-111,3,Movistar,false,false
1428127159239,2147483647,2147483647,2147483647,2147483647,-111,3,Movistar,false,false
1428127222724,-1,-1,-1,-1,0,3,Movistar,true,false
1428127222724,-1,-1,-1,-1,0,3,Movistar,false,false
1428127222724,-1,-1,-1,-1,0,3,Movistar,false,false
1428127222724,2147483647,2147483647,2147483647,2147483647,-53,3,Movistar,false,false
1428127222724,2147483647,2147483647,2147483647,2147483647,-87,3,Movistar,false,false
1428127222724,2147483647,2147483647,2147483647,2147483647,-95,3,Movistar,false,false
1428127222724,2147483647,2147483647,2147483647,2147483647,-97,3,Movistar,false,false
1428127222724,2147483647,2147483647,2147483647,2147483647,-101,3,Movistar,false,false
1428127222724,2147483647,2147483647,2147483647,2147483647,-107,3,Movistar,false,false
1428127222724,2147483647,2147483647,2147483647,2147483647,-109,3,Movistar,false,false
1428127222724,2147483647,2147483647,2147483647,2147483647,-109,3,Movistar,false,false
1428127282741,-1,-1,-1,-1,0,3,Movistar,true,false
1428127282741,-1,-1,-1,-1,0,3,Movistar,false,false
1428127282741,-1,-1,-1,-1,0,3,Movistar,false,false
1428127282741,-1,-1,-1,-1,0,3,Movistar,false,false
1428127282741,-1,-1,-1,-1,0,3,Movistar,false,false
1428127282741,-1,-1,-1,-1,0,3,Movistar,false,false
1428127343122,-1,-1,-1,-1,0,3,Movistar,true,false
1428127343122,-1,-1,-1,-1,0,3,Movistar,false,false
1428127343122,-1,-1,-1,-1,0,3,Movistar,false,false
1428127343122,-1,-1,-1,-1,0,3,Movistar,false,false
1428127343122,-1,-1,-1,-1,0,3,Movistar,false,false
1428127343122,-1,-1,-1,-1,0,3,Movistar,false,false
1428127404615,-1,-1,-1,-1,0,3,Movistar,true,false
1428127404615,-1,-1,-1,-1,0,3,Movistar,false,false
1428127404615,-1,-1,-1,-1,0,3,Movistar,false,false
1428127404615,-1,-1,-1,-1,0,3,Movistar,false,false
1428127404615,-1,-1,-1,-1,0,3,Movistar,false,false
1428127404615,-1,-1,-1,-1,0,3,Movistar,false,false
1428127481823,-1,-1,-1,-1,0,3,Movistar,true,false
1428127481823,-1,-1,-1,-1,0,3,Movistar,false,false
1428127481823,-1,-1,-1,-1,0,3,Movistar,false,false
1428127481823,-1,-1,-1,-1,0,3,Movistar,false,false
1428127481823,-1,-1,-1,-1,0,3,Movistar,false,false
1428127481823,-1,-1,-1,-1,0,3,Movistar,false,false
1428127543168,-1,-1,-1,-1,0,3,Movistar,true,false
1428127543168,-1,-1,-1,-1,0,3,Movistar,false,false
1428127543168,-1,-1,-1,-1,0,3,Movistar,false,false
1428127543168,-1,-1,-1,-1,0,3,Movistar,false,false
1428127543168,-1,-1,-1,-1,0,3,Movistar,false,false
1428127543168,-1,-1,-1,-1,0,3,Movistar,false,false
1428127604334,-1,-1,-1,-1,0,3,Movistar,true,false
1428127604334,-1,-1,-1,-1,0,3,Movistar,false,false
1428127604334,-1,-1,-1,-1,0,3,Movistar,false,false
1428127604334,-1,-1,-1,-1,0,3,Movistar,false,false
1428127604334,-1,-1,-1,-1,0,3,Movistar,false,false
1428127604334,-1,-1,-1,-1,0,3,Movistar,false,false
1428127604334,-1,-1,-1,-1,0,3,Movistar,false,false
1428127664370,-1,-1,-1,-1,0,3,Movistar,true,false
1428127664370,-1,-1,-1,-1,0,3,Movistar,false,false
1428127664370,-1,-1,-1,-1,0,3,Movistar,false,false
1428127664370,-1,-1,-1,-1,0,3,Movistar,false,false
1428127664370,-1,-1,-1,-1,0,3,Movistar,false,false
1428127664370,-1,-1,-1,-1,0,3,Movistar,false,false
1428127664370,-1,-1,-1,-1,0,3,Movistar,false,false
1428127730868,-1,-1,-1,-1,0,3,Movistar,true,false
1428127730868,-1,-1,-1,-1,0,3,Movistar,false,false
1428127730868,-1,-1,-1,-1,0,3,Movistar,false,false
1428127730868,-1,-1,-1,-1,0,3,Movistar,false,false
1428127730868,-1,-1,-1,-1,0,3,Movistar,false,false
1428127730868,-1,-1,-1,-1,0,3,Movistar,false,false
1428127730868,-1,-1,-1,-1,0,3,Movistar,false,false
1428127791219,-1,-1,-1,-1,0,3,Movistar,true,false
1428127791219,-1,-1,-1,-1,0,3,Movistar,false,false
1428127791219,-1,-1,-1,-1,0,3,Movistar,false,false
1428127791219,-1,-1,-1,-1,0,3,Movistar,false,false
1428127791219,-1,-1,-1,-1,0,3,Movistar,false,false
1428127791219,-1,-1,-1,-1,0,3,Movistar,false,false
1428127791219,-1,-1,-1,-1,0,3,Movistar,false,false
1428127851190,-1,-1,-1,-1,0,3,Movistar,true,false
1428127851190,-1,-1,-1,-1,0,3,Movistar,false,false
1428127851190,-1,-1,-1,-1,0,3,Movistar,false,false
1428127851190,-1,-1,-1,-1,0,3,Movistar,false,false
1428127851190,-1,-1,-1,-1,0,3,Movistar,false,false
1428127851190,-1,-1,-1,-1,0,3,Movistar,false,false
1428127851190,-1,-1,-1,-1,0,3,Movistar,false,false
1428127927925,-1,-1,-1,-1,0,3,Movistar,true,false
1428127927925,-1,-1,-1,-1,0,3,Movistar,false,false
1428127927925,-1,-1,-1,-1,0,3,Movistar,false,false
1428127927925,-1,-1,-1,-1,0,3,Movistar,false,false
1428127927925,-1,-1,-1,-1,0,3,Movistar,false,false
1428127927925,-1,-1,-1,-1,0,3,Movistar,false,false
1428127987986,-1,-1,-1,-1,0,3,Movistar,true,false
1428127987986,-1,-1,-1,-1,0,3,Movistar,false,false
1428127987986,-1,-1,-1,-1,0,3,Movistar,false,false
1428127987986,-1,-1,-1,-1,0,3,Movistar,false,false
1428127987986,-1,-1,-1,-1,0,3,Movistar,false,false
1428127987986,-1,-1,-1,-1,0,3,Movistar,false,false
1428128047998,-1,-1,-1,-1,0,3,Movistar,true,false
1428128047998,-1,-1,-1,-1,0,3,Movistar,false,false
1428128047998,-1,-1,-1,-1,0,3,Movistar,false,false
1428128047998,-1,-1,-1,-1,0,3,Movistar,false,false
1428128047998,-1,-1,-1,-1,0,3,Movistar,false,false
1428128047998,-1,-1,-1,-1,0,3,Movistar,false,false
1428128108933,-1,-1,-1,-1,0,3,Movistar,true,false
1428128108933,-1,-1,-1,-1,0,3,Movistar,false,false
1428128108933,-1,-1,-1,-1,0,3,Movistar,false,false
1428128108933,-1,-1,-1,-1,0,3,Movistar,false,false
1428128108933,-1,-1,-1,-1,0,3,Movistar,false,false
1428128108933,-1,-1,-1,-1,0,3,Movistar,false,false
1428128173264,-1,-1,-1,-1,0,3,Movistar,true,false
1428128173264,-1,-1,-1,-1,0,3,Movistar,false,false
1428128173264,-1,-1,-1,-1,0,3,Movistar,false,false
1428128173264,-1,-1,-1,-1,0,3,Movistar,false,false
1428128173264,-1,-1,-1,-1,0,3,Movistar,false,false
1428128173264,-1,-1,-1,-1,0,3,Movistar,false,false
1428128253448,-1,-1,-1,-1,0,3,Movistar,true,false
1428128253448,-1,-1,-1,-1,0,3,Movistar,false,false
1428128253448,-1,-1,-1,-1,0,3,Movistar,false,false
1428128253448,-1,-1,-1,-1,0,3,Movistar,false,false
1428128253448,-1,-1,-1,-1,0,3,Movistar,false,false
1428128253448,-1,-1,-1,-1,0,3,Movistar,false,false
1428128318361,-1,-1,-1,-1,0,3,Movistar,true,false
1428128318361,-1,-1,-1,-1,0,3,Movistar,false,false
1428128318361,-1,-1,-1,-1,0,3,Movistar,false,false
1428128318361,-1,-1,-1,-1,0,3,Movistar,false,false
1428128318361,-1,-1,-1,-1,0,3,Movistar,false,false
1428128318361,-1,-1,-1,-1,0,3,Movistar,false,false
1428128390691,-1,-1,-1,-1,0,3,Movistar,true,false
1428128390691,-1,-1,-1,-1,0,3,Movistar,false,false
1428128390691,-1,-1,-1,-1,0,3,Movistar,false,false
1428128390691,-1,-1,-1,-1,0,3,Movistar,false,false
1428128390691,-1,-1,-1,-1,0,3,Movistar,false,false
1428128390691,-1,-1,-1,-1,0,3,Movistar,false,false
1428128450872,-1,-1,-1,-1,0,3,Movistar,true,false
1428128450872,-1,-1,-1,-1,0,3,Movistar,false,false
1428128450872,-1,-1,-1,-1,0,3,Movistar,false,false
1428128450872,-1,-1,-1,-1,0,3,Movistar,false,false
1428128450872,-1,-1,-1,-1,0,3,Movistar,false,false
1428128450872,-1,-1,-1,-1,0,3,Movistar,false,false
1428128450872,-1,-1,-1,-1,0,3,Movistar,false,false
1428128511063,-1,-1,-1,-1,0,3,Movistar,true,false
1428128511063,-1,-1,-1,-1,0,3,Movistar,false,false
1428128511063,-1,-1,-1,-1,0,3,Movistar,false,false
1428128511063,-1,-1,-1,-1,0,3,Movistar,false,false
1428128511063,-1,-1,-1,-1,0,3,Movistar,false,false
1428128511063,-1,-1,-1,-1,0,3,Movistar,false,false
1428128511063,-1,-1,-1,-1,0,3,Movistar,false,false
1428128571159,-1,-1,-1,-1,0,3,Movistar,true,false
1428128571159,-1,-1,-1,-1,0,3,Movistar,false,false
1428128571159,-1,-1,-1,-1,0,3,Movistar,false,false
1428128571159,-1,-1,-1,-1,0,3,Movistar,false,false
1428128571159,-1,-1,-1,-1,0,3,Movistar,false,false
1428128571159,-1,-1,-1,-1,0,3,Movistar,false,false
1428128631278,-1,-1,-1,-1,0,3,Movistar,true,false
1428128631278,-1,-1,-1,-1,0,3,Movistar,false,false
1428128631278,-1,-1,-1,-1,0,3,Movistar,false,false
1428128631278,-1,-1,-1,-1,0,3,Movistar,false,false
1428128631278,-1,-1,-1,-1,0,3,Movistar,false,false
1428128631278,-1,-1,-1,-1,0,3,Movistar,false,false
1428128698806,-1,-1,-1,-1,0,3,Movistar,true,false
1428128698806,-1,-1,-1,-1,0,3,Movistar,false,false
1428128698806,-1,-1,-1,-1,0,3,Movistar,false,false
1428128698806,-1,-1,-1,-1,0,3,Movistar,false,false
1428128698806,-1,-1,-1,-1,0,3,Movistar,false,false
1428128698806,-1,-1,-1,-1,0,3,Movistar,false,false
1428128698806,-1,-1,-1,-1,0,3,Movistar,false,false
1428128758909,-1,-1,-1,-1,0,3,Movistar,true,false
1428128758909,-1,-1,-1,-1,0,3,Movistar,false,false
1428128758909,-1,-1,-1,-1,0,3,Movistar,false,false
1428128758909,-1,-1,-1,-1,0,3,Movistar,false,false
1428128758909,-1,-1,-1,-1,0,3,Movistar,false,false
1428128758909,-1,-1,-1,-1,0,3,Movistar,false,false
1428128758909,-1,-1,-1,-1,0,3,Movistar,false,false
1428128819094,-1,-1,-1,-1,0,3,Movistar,true,false
1428128819094,-1,-1,-1,-1,0,3,Movistar,false,false
1428128819094,-1,-1,-1,-1,0,3,Movistar,false,false
1428128819094,-1,-1,-1,-1,0,3,Movistar,false,false
1428128819094,-1,-1,-1,-1,0,3,Movistar,false,false
1428128819094,-1,-1,-1,-1,0,3,Movistar,false,false
1428128819094,-1,-1,-1,-1,0,3,Movistar,false,false
1428128879217,-1,-1,-1,-1,0,3,Movistar,true,false
1428128879217,-1,-1,-1,-1,0,3,Movistar,false,false
1428128879217,-1,-1,-1,-1,0,3,Movistar,false,false
1428128879217,-1,-1,-1,-1,0,3,Movistar,false,false
1428128879217,-1,-1,-1,-1,0,3,Movistar,false,false
1428128879217,-1,-1,-1,-1,0,3,Movistar,false,false
1428128879217,-1,-1,-1,-1,0,3,Movistar,false,false
1428128939759,-1,-1,-1,-1,0,3,Movistar,true,false
1428128939759,-1,-1,-1,-1,0,3,Movistar,false,false
1428128939759,-1,-1,-1,-1,0,3,Movistar,false,false
1428128939759,-1,-1,-1,-1,0,3,Movistar,false,false
1428128939759,-1,-1,-1,-1,0,3,Movistar,false,false
1428128939759,-1,-1,-1,-1,0,3,Movistar,false,false
1428128939759,-1,-1,-1,-1,0,3,Movistar,false,false
1428128999873,-1,-1,-1,-1,0,3,Movistar,true,false
1428128999873,-1,-1,-1,-1,0,3,Movistar,false,false
1428128999873,-1,-1,-1,-1,0,3,Movistar,false,false
1428128999873,-1,-1,-1,-1,0,3,Movistar,false,false
1428128999873,-1,-1,-1,-1,0,3,Movistar,false,false
1428128999873,-1,-1,-1,-1,0,3,Movistar,false,false
1428128999873,-1,-1,-1,-1,0,3,Movistar,false,false
1428129059860,-1,-1,-1,-1,0,3,Movistar,true,false
1428129059860,-1,-1,-1,-1,0,3,Movistar,false,false
1428129059860,-1,-1,-1,-1,0,3,Movistar,false,false
1428129059860,-1,-1,-1,-1,0,3,Movistar,false,false
1428129059860,-1,-1,-1,-1,0,3,Movistar,false,false
1428129059860,-1,-1,-1,-1,0,3,Movistar,false,false
1428129119944,-1,-1,-1,-1,0,3,Movistar,true,false
1428129119944,-1,-1,-1,-1,0,3,Movistar,false,false
1428129119944,-1,-1,-1,-1,0,3,Movistar,false,false
1428129119944,-1,-1,-1,-1,0,3,Movistar,false,false
1428129119944,-1,-1,-1,-1,0,3,Movistar,false,false
1428129119944,-1,-1,-1,-1,0,3,Movistar,false,false
1428129180166,-1,-1,-1,-1,0,3,Movistar,true,false
1428129180166,-1,-1,-1,-1,0,3,Movistar,false,false
1428129180166,-1,-1,-1,-1,0,3,Movistar,false,false
1428129180166,-1,-1,-1,-1,0,3,Movistar,false,false
1428129180166,-1,-1,-1,-1,0,3,Movistar,false,false
1428129180166,-1,-1,-1,-1,0,3,Movistar,false,false
1428129240261,-1,-1,-1,-1,0,3,Movistar,true,false
1428129240261,-1,-1,-1,-1,0,3,Movistar,false,false
1428129240261,-1,-1,-1,-1,0,3,Movistar,false,false
1428129240261,-1,-1,-1,-1,0,3,Movistar,false,false
1428129240261,-1,-1,-1,-1,0,3,Movistar,false,false
1428129240261,-1,-1,-1,-1,0,3,Movistar,false,false
1428129300407,-1,-1,-1,-1,0,3,Movistar,true,false
1428129300407,-1,-1,-1,-1,0,3,Movistar,false,false
1428129300407,-1,-1,-1,-1,0,3,Movistar,false,false
1428129300407,-1,-1,-1,-1,0,3,Movistar,false,false
1428129300407,-1,-1,-1,-1,0,3,Movistar,false,false
1428129300407,-1,-1,-1,-1,0,3,Movistar,false,false
1428129365602,-1,-1,-1,-1,0,3,Movistar,true,false
1428130056283,-1,-1,-1,-1,0,3,Movistar,true,false
1428130056283,-1,-1,-1,-1,0,3,Movistar,true,false
1428130401813,-1,-1,-1,-1,0,3,Movistar,true,false
1428130401813,-1,-1,-1,-1,0,3,Movistar,true,false
1428130401813,-1,-1,-1,-1,0,3,Movistar,false,false
1428130401813,-1,-1,-1,-1,0,3,Movistar,false,false
1428130401813,-1,-1,-1,-1,0,3,Movistar,false,false
1428130401813,-1,-1,-1,-1,0,3,Movistar,false,false
1428130492533,-1,-1,-1,-1,0,3,Movistar,true,false
1428130492533,-1,-1,-1,-1,0,3,Movistar,false,false
1428130492533,-1,-1,-1,-1,0,3,Movistar,false,false
1428130492533,-1,-1,-1,-1,0,3,Movistar,false,false
1428130492533,-1,-1,-1,-1,0,3,Movistar,false,false
1428130552647,-1,-1,-1,-1,0,3,Movistar,true,false
1428130552647,-1,-1,-1,-1,0,3,Movistar,false,false
1428130552647,-1,-1,-1,-1,0,3,Movistar,false,false
1428130552647,-1,-1,-1,-1,0,3,Movistar,false,false
1428130552647,-1,-1,-1,-1,0,3,Movistar,false,false
1428130612682,-1,-1,-1,-1,0,3,Movistar,true,false
1428130612682,-1,-1,-1,-1,0,3,Movistar,false,false
1428130612682,-1,-1,-1,-1,0,3,Movistar,false,false
1428130612682,-1,-1,-1,-1,0,3,Movistar,false,false
1428130612682,-1,-1,-1,-1,0,3,Movistar,false,false
1428130672782,-1,-1,-1,-1,0,3,Movistar,true,false
1428130672782,-1,-1,-1,-1,0,3,Movistar,false,false
1428130672782,-1,-1,-1,-1,0,3,Movistar,false,false
1428130672782,-1,-1,-1,-1,0,3,Movistar,false,false
1428130672782,-1,-1,-1,-1,0,3,Movistar,false,false
1428130732795,-1,-1,-1,-1,0,3,Movistar,true,false
1428130732795,-1,-1,-1,-1,0,3,Movistar,false,false
1428130732795,-1,-1,-1,-1,0,3,Movistar,false,false
1428130732795,-1,-1,-1,-1,0,3,Movistar,false,false
1428130732795,-1,-1,-1,-1,0,3,Movistar,false,false
1428130800831,-1,-1,-1,-1,0,0,Movistar,true,false
1428130800831,-1,-1,-1,-1,0,0,Movistar,false,false
1428130800831,-1,-1,-1,-1,0,0,Movistar,false,false
1428130800831,-1,-1,-1,-1,0,0,Movistar,false,false
1428130800831,-1,-1,-1,-1,0,0,Movistar,false,false
1428130902748,-1,-1,-1,-1,0,0,Movistar,true,false
1428130902748,-1,-1,-1,-1,0,0,Movistar,false,false
1428130902748,-1,-1,-1,-1,0,0,Movistar,false,false
1428130902748,-1,-1,-1,-1,0,0,Movistar,false,false
1428130902748,-1,-1,-1,-1,0,0,Movistar,false,false
1428130962872,-1,-1,-1,-1,0,0,Movistar,true,false
1428130962872,-1,-1,-1,-1,0,0,Movistar,false,false
1428130962872,-1,-1,-1,-1,0,0,Movistar,false,false
1428130962872,-1,-1,-1,-1,0,0,Movistar,false,false
1428130962872,-1,-1,-1,-1,0,0,Movistar,false,false
1428131022900,-1,-1,-1,-1,0,0,Movistar,true,false
1428131022900,-1,-1,-1,-1,0,0,Movistar,false,false
1428131022900,-1,-1,-1,-1,0,0,Movistar,false,false
1428131022900,-1,-1,-1,-1,0,0,Movistar,false,false
1428131022900,-1,-1,-1,-1,0,0,Movistar,false,false
1428131086795,-1,-1,-1,-1,0,0,Movistar,true,false
1428131086795,-1,-1,-1,-1,0,0,Movistar,false,false
1428131086795,-1,-1,-1,-1,0,0,Movistar,false,false
1428131086795,-1,-1,-1,-1,0,0,Movistar,false,false
1428131086795,-1,-1,-1,-1,0,0,Movistar,false,false
1428131150701,-1,-1,-1,-1,0,0,Movistar,true,false
1428131150701,-1,-1,-1,-1,0,0,Movistar,false,false
1428131150701,-1,-1,-1,-1,0,0,Movistar,false,false
1428131150701,-1,-1,-1,-1,0,0,Movistar,false,false
1428131150701,-1,-1,-1,-1,0,0,Movistar,false,false
1428131210719,-1,-1,-1,-1,0,0,Movistar,true,false
1428131210719,-1,-1,-1,-1,0,0,Movistar,false,false
1428131210719,-1,-1,-1,-1,0,0,Movistar,false,false
1428131210719,-1,-1,-1,-1,0,0,Movistar,false,false
1428131210719,-1,-1,-1,-1,0,0,Movistar,false,false
1428131270751,-1,-1,-1,-1,0,0,Movistar,true,false
1428131270751,-1,-1,-1,-1,0,0,Movistar,false,false
1428131270751,-1,-1,-1,-1,0,0,Movistar,false,false
1428131270751,-1,-1,-1,-1,0,0,Movistar,false,false
1428131270751,-1,-1,-1,-1,0,0,Movistar,false,false
1428131331860,-1,-1,-1,-1,0,0,Movistar,true,false
1428131331860,-1,-1,-1,-1,0,0,Movistar,false,false
1428131331860,-1,-1,-1,-1,0,0,Movistar,false,false
1428131331860,-1,-1,-1,-1,0,0,Movistar,false,false
1428131331860,-1,-1,-1,-1,0,0,Movistar,false,false
1428131403785,-1,-1,-1,-1,0,0,Movistar,true,false
1428131403785,-1,-1,-1,-1,0,0,Movistar,false,false
1428131403785,-1,-1,-1,-1,0,0,Movistar,false,false
1428131403785,-1,-1,-1,-1,0,0,Movistar,false,false
1428131403785,-1,-1,-1,-1,0,0,Movistar,false,false
1428131463870,-1,-1,-1,-1,0,0,Movistar,true,false
1428131463870,-1,-1,-1,-1,0,0,Movistar,false,false
1428131463870,-1,-1,-1,-1,0,0,Movistar,false,false
1428131463870,-1,-1,-1,-1,0,0,Movistar,false,false
1428131463870,-1,-1,-1,-1,0,0,Movistar,false,false
1428131523943,-1,-1,-1,-1,0,0,Movistar,true,false
1428131523943,-1,-1,-1,-1,0,0,Movistar,false,false
1428131523943,-1,-1,-1,-1,0,0,Movistar,false,false
1428131523943,-1,-1,-1,-1,0,0,Movistar,false,false
1428131523943,-1,-1,-1,-1,0,0,Movistar,false,false
1428131586210,-1,-1,-1,-1,0,0,Movistar,true,false
1428131586210,-1,-1,-1,-1,0,0,Movistar,false,false
1428131586210,-1,-1,-1,-1,0,0,Movistar,false,false
1428131586210,-1,-1,-1,-1,0,0,Movistar,false,false
1428131586210,-1,-1,-1,-1,0,0,Movistar,false,false
1428131648347,-1,-1,-1,-1,0,0,Movistar,true,false
1428131648347,-1,-1,-1,-1,0,0,Movistar,false,false
1428131648347,-1,-1,-1,-1,0,0,Movistar,false,false
1428131648347,-1,-1,-1,-1,0,0,Movistar,false,false
1428131648347,-1,-1,-1,-1,0,0,Movistar,false,false
1428131710491,-1,-1,-1,-1,0,0,Movistar,true,false
1428131710491,-1,-1,-1,-1,0,0,Movistar,false,false
1428131710491,-1,-1,-1,-1,0,0,Movistar,false,false
1428131710491,-1,-1,-1,-1,0,0,Movistar,false,false
1428131710491,-1,-1,-1,-1,0,0,Movistar,false,false
1428131776490,-1,-1,-1,-1,0,0,Movistar,true,false
1428131776490,-1,-1,-1,-1,0,0,Movistar,false,false
1428131776490,-1,-1,-1,-1,0,0,Movistar,false,false
1428131776490,-1,-1,-1,-1,0,0,Movistar,false,false
1428131776490,-1,-1,-1,-1,0,0,Movistar,false,false
1428131841784,-1,-1,-1,-1,0,0,Movistar,true,false
1428131841784,-1,-1,-1,-1,0,0,Movistar,false,false
1428131841784,-1,-1,-1,-1,0,0,Movistar,false,false
1428131841784,-1,-1,-1,-1,0,0,Movistar,false,false
1428131841784,-1,-1,-1,-1,0,0,Movistar,false,false
1428131903910,-1,-1,-1,-1,0,0,Movistar,true,false
1428131903910,-1,-1,-1,-1,0,0,Movistar,false,false
1428131903910,-1,-1,-1,-1,0,0,Movistar,false,false
1428131903910,-1,-1,-1,-1,0,0,Movistar,false,false
1428131903910,-1,-1,-1,-1,0,0,Movistar,false,false
1428131903910,-1,-1,-1,-1,0,0,Movistar,false,false
1428131966776,-1,-1,-1,-1,0,0,Movistar,true,false
1428131966776,-1,-1,-1,-1,0,0,Movistar,false,false
1428131966776,-1,-1,-1,-1,0,0,Movistar,false,false
1428131966776,-1,-1,-1,-1,0,0,Movistar,false,false
1428131966776,-1,-1,-1,-1,0,0,Movistar,false,false
1428131966776,-1,-1,-1,-1,0,0,Movistar,false,false
1428132028797,-1,-1,-1,-1,0,0,Movistar,true,false
1428132028797,-1,-1,-1,-1,0,0,Movistar,false,false
1428132028797,-1,-1,-1,-1,0,0,Movistar,false,false
1428132028797,-1,-1,-1,-1,0,0,Movistar,false,false
1428132028797,-1,-1,-1,-1,0,0,Movistar,false,false
1428132028797,-1,-1,-1,-1,0,0,Movistar,false,false
1428132090778,-1,-1,-1,-1,0,0,Movistar,true,false
1428132090778,-1,-1,-1,-1,0,0,Movistar,false,false
1428132090778,-1,-1,-1,-1,0,0,Movistar,false,false
1428132090778,-1,-1,-1,-1,0,0,Movistar,false,false
1428132090778,-1,-1,-1,-1,0,0,Movistar,false,false
1428132090778,-1,-1,-1,-1,0,0,Movistar,false,false
1428132150821,-1,-1,-1,-1,0,0,Movistar,true,false
1428132150821,-1,-1,-1,-1,0,0,Movistar,false,false
1428132150821,-1,-1,-1,-1,0,0,Movistar,false,false
1428132150821,-1,-1,-1,-1,0,0,Movistar,false,false
1428132150821,-1,-1,-1,-1,0,0,Movistar,false,false
1428132150821,-1,-1,-1,-1,0,0,Movistar,false,false
1428132218238,-1,-1,-1,-1,0,0,Movistar,true,false
1428132218238,-1,-1,-1,-1,0,0,Movistar,false,false
1428132218238,-1,-1,-1,-1,0,0,Movistar,false,false
1428132218238,-1,-1,-1,-1,0,0,Movistar,false,false
1428132218238,-1,-1,-1,-1,0,0,Movistar,false,false
1428132218238,-1,-1,-1,-1,0,0,Movistar,false,false
1428132280249,-1,-1,-1,-1,0,0,Movistar,true,false
1428132280249,-1,-1,-1,-1,0,0,Movistar,false,false
1428132280249,-1,-1,-1,-1,0,0,Movistar,false,false
1428132280249,-1,-1,-1,-1,0,0,Movistar,false,false
1428132280249,-1,-1,-1,-1,0,0,Movistar,false,false
1428132342393,-1,-1,-1,-1,0,0,Movistar,true,false
1428132342393,-1,-1,-1,-1,0,0,Movistar,false,false
1428132342393,-1,-1,-1,-1,0,0,Movistar,false,false
1428132342393,-1,-1,-1,-1,0,0,Movistar,false,false
1428132342393,-1,-1,-1,-1,0,0,Movistar,false,false
1428132402755,-1,-1,-1,-1,0,0,Movistar,true,false
1428132402755,-1,-1,-1,-1,0,0,Movistar,false,false
1428132402755,-1,-1,-1,-1,0,0,Movistar,false,false
1428132402755,-1,-1,-1,-1,0,0,Movistar,false,false
1428132402755,-1,-1,-1,-1,0,0,Movistar,false,false
1428132462805,-1,-1,-1,-1,0,0,Movistar,true,false
1428132462805,-1,-1,-1,-1,0,0,Movistar,false,false
1428132462805,-1,-1,-1,-1,0,0,Movistar,false,false
1428132462805,-1,-1,-1,-1,0,0,Movistar,false,false
1428132462805,-1,-1,-1,-1,0,0,Movistar,false,false
1428132522885,-1,-1,-1,-1,0,0,Movistar,true,false
1428132522885,-1,-1,-1,-1,0,0,Movistar,false,false
1428132522885,-1,-1,-1,-1,0,0,Movistar,false,false
1428132522885,-1,-1,-1,-1,0,0,Movistar,false,false
1428132522885,-1,-1,-1,-1,0,0,Movistar,false,false
1428133235382,-1,-1,-1,-1,0,0,Movistar,true,false
1428133235382,-1,-1,-1,-1,0,0,Movistar,false,false
1428133235382,-1,-1,-1,-1,0,0,Movistar,false,false
1428133235382,-1,-1,-1,-1,0,0,Movistar,false,false
1428133235382,-1,-1,-1,-1,0,0,Movistar,false,false
1428133235382,-1,-1,-1,-1,0,0,Movistar,false,false
1428133295431,-1,-1,-1,-1,0,0,Movistar,true,false
1428133295431,-1,-1,-1,-1,0,0,Movistar,false,false
1428133295431,-1,-1,-1,-1,0,0,Movistar,false,false
1428133295431,-1,-1,-1,-1,0,0,Movistar,false,false
1428133295431,-1,-1,-1,-1,0,0,Movistar,false,false
1428133295431,-1,-1,-1,-1,0,0,Movistar,false,false
1428133355516,-1,-1,-1,-1,0,0,Movistar,true,false
1428133355516,-1,-1,-1,-1,0,0,Movistar,false,false
1428133355516,-1,-1,-1,-1,0,0,Movistar,false,false
1428133355516,-1,-1,-1,-1,0,0,Movistar,false,false
1428133355516,-1,-1,-1,-1,0,0,Movistar,false,false
1428133355516,-1,-1,-1,-1,0,0,Movistar,false,false
1428133419453,-1,-1,-1,-1,0,0,Movistar,true,false
1428133419453,-1,-1,-1,-1,0,0,Movistar,false,false
1428133419453,-1,-1,-1,-1,0,0,Movistar,false,false
1428133419453,-1,-1,-1,-1,0,0,Movistar,false,false
1428133419453,-1,-1,-1,-1,0,0,Movistar,false,false
1428133419453,-1,-1,-1,-1,0,0,Movistar,false,false
1428133479545,-1,-1,-1,-1,0,0,Movistar,true,false
1428133479545,-1,-1,-1,-1,0,0,Movistar,false,false
1428133479545,-1,-1,-1,-1,0,0,Movistar,false,false
1428133479545,-1,-1,-1,-1,0,0,Movistar,false,false
1428133479545,-1,-1,-1,-1,0,0,Movistar,false,false
1428133479545,-1,-1,-1,-1,0,0,Movistar,false,false
1428133539673,-1,-1,-1,-1,0,0,Movistar,true,false
1428133539673,-1,-1,-1,-1,0,0,Movistar,false,false
1428133539673,-1,-1,-1,-1,0,0,Movistar,false,false
1428133539673,-1,-1,-1,-1,0,0,Movistar,false,false
1428133539673,-1,-1,-1,-1,0,0,Movistar,false,false
1428133539673,-1,-1,-1,-1,0,0,Movistar,false,false
1428133620465,-1,-1,-1,-1,0,0,Movistar,true,false
1428133620465,-1,-1,-1,-1,0,0,Movistar,false,false
1428133620465,-1,-1,-1,-1,0,0,Movistar,false,false
1428133620465,-1,-1,-1,-1,0,0,Movistar,false,false
1428133620465,-1,-1,-1,-1,0,0,Movistar,false,false
1428133620465,-1,-1,-1,-1,0,0,Movistar,false,false
1428133620465,2147483647,2147483647,2147483647,2147483647,-83,0,Movistar,false,false
1428133620465,2147483647,2147483647,2147483647,2147483647,-91,0,Movistar,false,false
1428133620465,2147483647,2147483647,2147483647,2147483647,-91,0,Movistar,false,false
1428133620465,2147483647,2147483647,2147483647,2147483647,-93,0,Movistar,false,false
1428133620465,2147483647,2147483647,2147483647,2147483647,-99,0,Movistar,false,false
1428133620465,2147483647,2147483647,2147483647,2147483647,-101,0,Movistar,false,false
1428133620465,2147483647,2147483647,2147483647,2147483647,-107,0,Movistar,false,false
1428133620465,2147483647,2147483647,2147483647,2147483647,-109,0,Movistar,false,false
1428133704255,-1,-1,-1,-1,0,0,Movistar,true,false
1428133704255,-1,-1,-1,-1,0,0,Movistar,false,false
1428133704255,-1,-1,-1,-1,0,0,Movistar,false,false
1428133704255,-1,-1,-1,-1,0,0,Movistar,false,false
1428133704255,-1,-1,-1,-1,0,0,Movistar,false,false
1428133704255,-1,-1,-1,-1,0,0,Movistar,false,false
1428133704255,2147483647,2147483647,2147483647,2147483647,-83,0,Movistar,false,false
1428133704255,2147483647,2147483647,2147483647,2147483647,-91,0,Movistar,false,false
1428133704255,2147483647,2147483647,2147483647,2147483647,-91,0,Movistar,false,false
1428133704255,2147483647,2147483647,2147483647,2147483647,-93,0,Movistar,false,false
1428133704255,2147483647,2147483647,2147483647,2147483647,-99,0,Movistar,false,false
1428133704255,2147483647,2147483647,2147483647,2147483647,-101,0,Movistar,false,false
1428133704255,2147483647,2147483647,2147483647,2147483647,-107,0,Movistar,false,false
1428133704255,2147483647,2147483647,2147483647,2147483647,-109,0,Movistar,false,false
1428133764264,-1,-1,-1,-1,0,0,Movistar,true,false
1428133764264,-1,-1,-1,-1,0,0,Movistar,false,false
1428133764264,-1,-1,-1,-1,0,0,Movistar,false,false
1428133764264,-1,-1,-1,-1,0,0,Movistar,false,false
1428133764264,-1,-1,-1,-1,0,0,Movistar,false,false
1428133764264,-1,-1,-1,-1,0,0,Movistar,false,false
1428133764264,2147483647,2147483647,2147483647,2147483647,-83,0,Movistar,false,false
1428133764264,2147483647,2147483647,2147483647,2147483647,-91,0,Movistar,false,false
1428133764264,2147483647,2147483647,2147483647,2147483647,-91,0,Movistar,false,false
1428133764264,2147483647,2147483647,2147483647,2147483647,-93,0,Movistar,false,false
1428133764264,2147483647,2147483647,2147483647,2147483647,-99,0,Movistar,false,false
1428133764264,2147483647,2147483647,2147483647,2147483647,-101,0,Movistar,false,false
1428133764264,2147483647,2147483647,2147483647,2147483647,-107,0,Movistar,false,false
1428133764264,2147483647,2147483647,2147483647,2147483647,-109,0,Movistar,false,false
1428133824347,-1,-1,-1,-1,0,0,Movistar,true,false
1428133824347,-1,-1,-1,-1,0,0,Movistar,false,false
1428133824347,-1,-1,-1,-1,0,0,Movistar,false,false
1428133824347,-1,-1,-1,-1,0,0,Movistar,false,false
1428133824347,-1,-1,-1,-1,0,0,Movistar,false,false
1428133824347,-1,-1,-1,-1,0,0,Movistar,false,false
1428133824347,2147483647,2147483647,2147483647,2147483647,-83,0,Movistar,false,false
1428133824347,2147483647,2147483647,2147483647,2147483647,-91,0,Movistar,false,false
1428133824347,2147483647,2147483647,2147483647,2147483647,-91,0,Movistar,false,false
1428133824347,2147483647,2147483647,2147483647,2147483647,-93,0,Movistar,false,false
1428133824347,2147483647,2147483647,2147483647,2147483647,-99,0,Movistar,false,false
1428133824347,2147483647,2147483647,2147483647,2147483647,-101,0,Movistar,false,false
1428133824347,2147483647,2147483647,2147483647,2147483647,-107,0,Movistar,false,false
1428133824347,2147483647,2147483647,2147483647,2147483647,-109,0,Movistar,false,false
1428133825154,-1,-1,-1,-1,0,0,Movistar,true,false
1428133825154,-1,-1,-1,-1,0,0,Movistar,false,false
1428133825154,-1,-1,-1,-1,0,0,Movistar,false,false
1428133825154,-1,-1,-1,-1,0,0,Movistar,false,false
1428133825154,-1,-1,-1,-1,0,0,Movistar,false,false
1428133825154,-1,-1,-1,-1,0,0,Movistar,false,false
1428133825154,2147483647,2147483647,2147483647,2147483647,-83,0,Movistar,false,false
1428133825154,2147483647,2147483647,2147483647,2147483647,-91,0,Movistar,false,false
1428133825154,2147483647,2147483647,2147483647,2147483647,-91,0,Movistar,false,false
1428133825154,2147483647,2147483647,2147483647,2147483647,-93,0,Movistar,false,false
1428133825154,2147483647,2147483647,2147483647,2147483647,-99,0,Movistar,false,false
1428133825154,2147483647,2147483647,2147483647,2147483647,-101,0,Movistar,false,false
1428133825154,2147483647,2147483647,2147483647,2147483647,-107,0,Movistar,false,false
1428133825154,2147483647,2147483647,2147483647,2147483647,-109,0,Movistar,false,false
1428133885172,-1,-1,-1,-1,0,0,Movistar,true,false
1428133945219,-1,-1,-1,-1,0,0,Movistar,true,false
1428133945219,-1,-1,-1,-1,0,0,Movistar,false,false
1428134009728,-1,-1,-1,-1,0,0,Movistar,true,false
1428134009728,-1,-1,-1,-1,0,0,Movistar,false,false
1428134079725,-1,-1,-1,-1,0,0,Movistar,true,false
1428134079725,-1,-1,-1,-1,0,0,Movistar,false,false
1428134079725,2147483647,2147483647,2147483647,2147483647,-55,0,Movistar,false,false
1428134079725,2147483647,2147483647,2147483647,2147483647,-99,0,Movistar,false,false
1428134079725,2147483647,2147483647,2147483647,2147483647,-105,0,Movistar,false,false
1428134079725,2147483647,2147483647,2147483647,2147483647,-107,0,Movistar,false,false
1428134079725,2147483647,2147483647,2147483647,2147483647,-111,0,Movistar,false,false
1428134079725,2147483647,2147483647,2147483647,2147483647,-111,0,Movistar,false,false
1428134079725,2147483647,2147483647,2147483647,2147483647,-113,0,Movistar,false,false
1428134079725,2147483647,2147483647,2147483647,2147483647,-113,0,Movistar,false,false
1428134139778,-1,-1,-1,-1,0,0,Movistar,true,false
1428134139778,-1,-1,-1,-1,0,0,Movistar,false,false
1428134139778,2147483647,2147483647,2147483647,2147483647,-55,0,Movistar,false,false
1428134139778,2147483647,2147483647,2147483647,2147483647,-99,0,Movistar,false,false
1428134139778,2147483647,2147483647,2147483647,2147483647,-105,0,Movistar,false,false
1428134139778,2147483647,2147483647,2147483647,2147483647,-107,0,Movistar,false,false
1428134139778,2147483647,2147483647,2147483647,2147483647,-111,0,Movistar,false,false
1428134139778,2147483647,2147483647,2147483647,2147483647,-111,0,Movistar,false,false
1428134139778,2147483647,2147483647,2147483647,2147483647,-113,0,Movistar,false,false
1428134139778,2147483647,2147483647,2147483647,2147483647,-113,0,Movistar,false,false
1428134199905,-1,-1,-1,-1,0,0,Movistar,true,false
1428134199905,-1,-1,-1,-1,0,0,Movistar,false,false
1428134199905,-1,-1,-1,-1,0,0,Movistar,false,false
1428134199905,-1,-1,-1,-1,0,0,Movistar,false,false
1428134199905,-1,-1,-1,-1,0,0,Movistar,false,false
1428134199905,-1,-1,-1,-1,0,0,Movistar,false,false
1428134199905,-1,-1,-1,-1,0,0,Movistar,false,false
1428134199905,-1,-1,-1,-1,0,0,Movistar,false,false
1428134199905,2147483647,2147483647,2147483647,2147483647,-83,0,Movistar,false,false
1428134199905,2147483647,2147483647,2147483647,2147483647,-93,0,Movistar,false,false
1428134199905,2147483647,2147483647,2147483647,2147483647,-95,0,Movistar,false,false
1428134199905,2147483647,2147483647,2147483647,2147483647,-97,0,Movistar,false,false
1428134199905,2147483647,2147483647,2147483647,2147483647,-101,0,Movistar,false,false
1428134199905,2147483647,2147483647,2147483647,2147483647,-103,0,Movistar,false,false
1428134199905,2147483647,2147483647,2147483647,2147483647,-103,0,Movistar,false,false
1428134199905,2147483647,2147483647,2147483647,2147483647,-109,0,Movistar,false,false
1428134261157,-1,-1,-1,-1,0,3,Movistar,true,false
1428134261157,-1,-1,-1,-1,0,3,Movistar,false,false
1428134321167,-1,-1,-1,-1,0,3,Movistar,true,false
1428134321167,-1,-1,-1,-1,0,3,Movistar,false,false
1428134321167,-1,-1,-1,-1,0,3,Movistar,false,false
1428134321167,-1,-1,-1,-1,0,3,Movistar,false,false
1428134321167,-1,-1,-1,-1,0,3,Movistar,false,false
1428134321167,-1,-1,-1,-1,0,3,Movistar,false,false
1428134321167,2147483647,2147483647,2147483647,2147483647,-83,3,Movistar,false,false
1428134321167,2147483647,2147483647,2147483647,2147483647,-97,3,Movistar,false,false
1428134321167,2147483647,2147483647,2147483647,2147483647,-99,3,Movistar,false,false
1428134321167,2147483647,2147483647,2147483647,2147483647,-103,3,Movistar,false,false
1428134321167,2147483647,2147483647,2147483647,2147483647,-107,3,Movistar,false,false
1428134321167,2147483647,2147483647,2147483647,2147483647,-107,3,Movistar,false,false
1428134321167,2147483647,2147483647,2147483647,2147483647,-111,3,Movistar,false,false
1428134321167,2147483647,2147483647,2147483647,2147483647,-113,3,Movistar,false,false
1428134381277,-1,-1,-1,-1,0,3,Movistar,true,false
1428134381277,-1,-1,-1,-1,0,3,Movistar,false,false
1428134381277,-1,-1,-1,-1,0,3,Movistar,false,false
1428134381277,-1,-1,-1,-1,0,3,Movistar,false,false
1428134381277,-1,-1,-1,-1,0,3,Movistar,false,false
1428134381277,-1,-1,-1,-1,0,3,Movistar,false,false
1428134381277,2147483647,2147483647,2147483647,2147483647,-83,3,Movistar,false,false
1428134381277,2147483647,2147483647,2147483647,2147483647,-97,3,Movistar,false,false
1428134381277,2147483647,2147483647,2147483647,2147483647,-99,3,Movistar,false,false
1428134381277,2147483647,2147483647,2147483647,2147483647,-103,3,Movistar,false,false
1428134381277,2147483647,2147483647,2147483647,2147483647,-107,3,Movistar,false,false
1428134381277,2147483647,2147483647,2147483647,2147483647,-107,3,Movistar,false,false
1428134381277,2147483647,2147483647,2147483647,2147483647,-111,3,Movistar,false,false
1428134381277,2147483647,2147483647,2147483647,2147483647,-113,3,Movistar,false,false
1428134441328,-1,-1,-1,-1,0,3,Movistar,true,false
1428134441328,-1,-1,-1,-1,0,3,Movistar,false,false
1428134441328,-1,-1,-1,-1,0,3,Movistar,false,false
1428134441328,-1,-1,-1,-1,0,3,Movistar,false,false
1428134441328,-1,-1,-1,-1,0,3,Movistar,false,false
1428134441328,2147483647,2147483647,2147483647,2147483647,-85,3,Movistar,false,false
1428134441328,2147483647,2147483647,2147483647,2147483647,-101,3,Movistar,false,false
1428134441328,2147483647,2147483647,2147483647,2147483647,-101,3,Movistar,false,false
1428134441328,2147483647,2147483647,2147483647,2147483647,-103,3,Movistar,false,false
1428134441328,2147483647,2147483647,2147483647,2147483647,-107,3,Movistar,false,false
1428134441328,2147483647,2147483647,2147483647,2147483647,-107,3,Movistar,false,false
1428134441328,2147483647,2147483647,2147483647,2147483647,-111,3,Movistar,false,false
1428134441328,2147483647,2147483647,2147483647,2147483647,-113,3,Movistar,false,false
1428134520952,-1,-1,-1,-1,0,3,Movistar,true,false
1428134520952,-1,-1,-1,-1,0,3,Movistar,false,false
1428134520952,-1,-1,-1,-1,0,3,Movistar,false,false
1428134520952,-1,-1,-1,-1,0,3,Movistar,false,false
1428134520952,2147483647,2147483647,2147483647,2147483647,-85,3,Movistar,false,false
1428134520952,2147483647,2147483647,2147483647,2147483647,-101,3,Movistar,false,false
1428134520952,2147483647,2147483647,2147483647,2147483647,-101,3,Movistar,false,false
1428134520952,2147483647,2147483647,2147483647,2147483647,-103,3,Movistar,false,false
1428134520952,2147483647,2147483647,2147483647,2147483647,-107,3,Movistar,false,false
1428134520952,2147483647,2147483647,2147483647,2147483647,-107,3,Movistar,false,false
1428134520952,2147483647,2147483647,2147483647,2147483647,-111,3,Movistar,false,false
1428134520952,2147483647,2147483647,2147483647,2147483647,-113,3,Movistar,false,false
1428134581032,-1,-1,-1,-1,0,3,Movistar,true,false
1428134581032,-1,-1,-1,-1,0,3,Movistar,false,false
1428134581032,-1,-1,-1,-1,0,3,Movistar,false,false
1428134581032,-1,-1,-1,-1,0,3,Movistar,false,false
1428134581032,2147483647,2147483647,2147483647,2147483647,-89,3,Movistar,false,false
1428134581032,2147483647,2147483647,2147483647,2147483647,-101,3,Movistar,false,false
1428134581032,2147483647,2147483647,2147483647,2147483647,-105,3,Movistar,false,false
1428134581032,2147483647,2147483647,2147483647,2147483647,-105,3,Movistar,false,false
1428134581032,2147483647,2147483647,2147483647,2147483647,-107,3,Movistar,false,false
1428134581032,2147483647,2147483647,2147483647,2147483647,-109,3,Movistar,false,false
1428134581032,2147483647,2147483647,2147483647,2147483647,-111,3,Movistar,false,false
1428134581032,2147483647,2147483647,2147483647,2147483647,-113,3,Movistar,false,false
1428134641047,-1,-1,-1,-1,0,3,Movistar,true,false
1428134641047,-1,-1,-1,-1,0,3,Movistar,false,false
1428134641047,-1,-1,-1,-1,0,3,Movistar,false,false
1428134641047,-1,-1,-1,-1,0,3,Movistar,false,false
1428134641047,2147483647,2147483647,2147483647,2147483647,-87,3,Movistar,false,false
1428134641047,2147483647,2147483647,2147483647,2147483647,-101,3,Movistar,false,false
1428134641047,2147483647,2147483647,2147483647,2147483647,-105,3,Movistar,false,false
1428134641047,2147483647,2147483647,2147483647,2147483647,-105,3,Movistar,false,false
1428134641047,2147483647,2147483647,2147483647,2147483647,-107,3,Movistar,false,false
1428134641047,2147483647,2147483647,2147483647,2147483647,-107,3,Movistar,false,false
1428134641047,2147483647,2147483647,2147483647,2147483647,-111,3,Movistar,false,false
1428134641047,2147483647,2147483647,2147483647,2147483647,-111,3,Movistar,false,false
1428134701137,-1,-1,-1,-1,0,3,Movistar,true,false
1428134701137,-1,-1,-1,-1,0,3,Movistar,false,false
1428134701137,-1,-1,-1,-1,0,3,Movistar,false,false
1428134701137,-1,-1,-1,-1,0,3,Movistar,false,false
1428134701137,2147483647,2147483647,2147483647,2147483647,-87,3,Movistar,false,false
1428134701137,2147483647,2147483647,2147483647,2147483647,-101,3,Movistar,false,false
1428134701137,2147483647,2147483647,2147483647,2147483647,-105,3,Movistar,false,false
1428134701137,2147483647,2147483647,2147483647,2147483647,-105,3,Movistar,false,false
1428134701137,2147483647,2147483647,2147483647,2147483647,-107,3,Movistar,false,false
1428134701137,2147483647,2147483647,2147483647,2147483647,-107,3,Movistar,false,false
1428134701137,2147483647,2147483647,2147483647,2147483647,-111,3,Movistar,false,false
1428134701137,2147483647,2147483647,2147483647,2147483647,-111,3,Movistar,false,false
1428134761155,-1,-1,-1,-1,0,3,Movistar,true,false
1428134761155,-1,-1,-1,-1,0,3,Movistar,false,false
1428134761155,-1,-1,-1,-1,0,3,Movistar,false,false
1428134761155,-1,-1,-1,-1,0,3,Movistar,false,false
1428134761155,-1,-1,-1,-1,0,3,Movistar,false,false
1428134761155,-1,-1,-1,-1,0,3,Movistar,false,false
1428134761155,-1,-1,-1,-1,0,3,Movistar,false,false
1428134761155,2147483647,2147483647,2147483647,2147483647,-83,3,Movistar,false,false
1428134761155,2147483647,2147483647,2147483647,2147483647,-85,3,Movistar,false,false
1428134761155,2147483647,2147483647,2147483647,2147483647,-99,3,Movistar,false,false
1428134761155,2147483647,2147483647,2147483647,2147483647,-103,3,Movistar,false,false
1428134761155,2147483647,2147483647,2147483647,2147483647,-105,3,Movistar,false,false
1428134761155,2147483647,2147483647,2147483647,2147483647,-105,3,Movistar,false,false
1428134761155,2147483647,2147483647,2147483647,2147483647,-105,3,Movistar,false,false
1428134761155,2147483647,2147483647,2147483647,2147483647,-109,3,Movistar,false,false
1428134821185,-1,-1,-1,-1,0,3,Movistar,true,false
1428134821185,-1,-1,-1,-1,0,3,Movistar,false,false
1428134821185,-1,-1,-1,-1,0,3,Movistar,false,false
1428134821185,-1,-1,-1,-1,0,3,Movistar,false,false
1428134821185,2147483647,2147483647,2147483647,2147483647,-95,3,Movistar,false,false
1428134821185,2147483647,2147483647,2147483647,2147483647,-103,3,Movistar,false,false
1428134821185,2147483647,2147483647,2147483647,2147483647,-105,3,Movistar,false,false
1428134821185,2147483647,2147483647,2147483647,2147483647,-107,3,Movistar,false,false
1428134821185,2147483647,2147483647,2147483647,2147483647,-107,3,Movistar,false,false
1428134821185,2147483647,2147483647,2147483647,2147483647,-109,3,Movistar,false,false
1428134821185,2147483647,2147483647,2147483647,2147483647,-109,3,Movistar,false,false
1428134821185,2147483647,2147483647,2147483647,2147483647,-111,3,Movistar,false,false
1428134881299,11831,833,7,214,-91,2,Movistar,true,false
1428134881299,13151,833,7,214,-97,2,Movistar,false,false
1428134881299,11833,833,7,214,-99,2,Movistar,false,false
1428134881299,30212,831,7,214,-103,2,Movistar,false,false
1428134881299,11834,833,7,214,-105,2,Movistar,false,false
1428134881299,11832,833,7,214,-105,2,Movistar,false,false
1428134881299,11735,831,7,214,-105,2,Movistar,false,false
1428134941328,11831,833,7,214,-93,2,Movistar,true,false
1428134941328,13151,833,7,214,-99,2,Movistar,false,false
1428134941328,11735,831,7,214,-101,2,Movistar,false,false
1428134941328,-1,0,0,0,-101,2,Movistar,false,false
1428134941328,-1,0,0,0,-103,2,Movistar,false,false
1428134941328,-1,0,0,0,-105,2,Movistar,false,false
1428134941328,-1,0,0,0,-105,2,Movistar,false,false
1428135001394,-1,-1,-1,-1,0,3,Movistar,true,false
1428135001394,-1,-1,-1,-1,0,3,Movistar,false,false
1428135001394,-1,-1,-1,-1,0,3,Movistar,false,false
1428135001394,-1,-1,-1,-1,0,3,Movistar,false,false
1428135001394,-1,-1,-1,-1,0,3,Movistar,false,false
1428135001394,2147483647,2147483647,2147483647,2147483647,-95,3,Movistar,false,false
1428135001394,2147483647,2147483647,2147483647,2147483647,-97,3,Movistar,false,false
1428135001394,2147483647,2147483647,2147483647,2147483647,-103,3,Movistar,false,false
1428135001394,2147483647,2147483647,2147483647,2147483647,-105,3,Movistar,false,false
1428135001394,2147483647,2147483647,2147483647,2147483647,-107,3,Movistar,false,false
1428135001394,2147483647,2147483647,2147483647,2147483647,-109,3,Movistar,false,false
1428135001394,2147483647,2147483647,2147483647,2147483647,-111,3,Movistar,false,false
1428135001394,2147483647,2147483647,2147483647,2147483647,-111,3,Movistar,false,false
1428135061389,-1,-1,-1,-1,0,3,Movistar,true,false
1428135061389,-1,-1,-1,-1,0,3,Movistar,false,false
1428135061389,-1,-1,-1,-1,0,3,Movistar,false,false
1428135061389,-1,-1,-1,-1,0,3,Movistar,false,false
1428135061389,-1,-1,-1,-1,0,3,Movistar,false,false
1428135061389,2147483647,2147483647,2147483647,2147483647,-89,3,Movistar,false,false
1428135061389,2147483647,2147483647,2147483647,2147483647,-101,3,Movistar,false,false
1428135061389,2147483647,2147483647,2147483647,2147483647,-107,3,Movistar,false,false
1428135061389,2147483647,2147483647,2147483647,2147483647,-109,3,Movistar,false,false
1428135061389,2147483647,2147483647,2147483647,2147483647,-109,3,Movistar,false,false
1428135061389,2147483647,2147483647,2147483647,2147483647,-111,3,Movistar,false,false
1428135061389,2147483647,2147483647,2147483647,2147483647,-111,3,Movistar,false,false
1428135061389,2147483647,2147483647,2147483647,2147483647,-111,3,Movistar,false,false
1428135121423,-1,-1,-1,-1,0,3,Movistar,true,false
1428135121423,-1,-1,-1,-1,0,3,Movistar,false,false
1428135121423,-1,-1,-1,-1,0,3,Movistar,false,false
1428135121423,-1,-1,-1,-1,0,3,Movistar,false,false
1428135121423,-1,-1,-1,-1,0,3,Movistar,false,false
1428135121423,-1,-1,-1,-1,0,3,Movistar,false,false
1428135121423,-1,-1,-1,-1,0,3,Movistar,false,false
1428135121423,2147483647,2147483647,2147483647,2147483647,-83,3,Movistar,false,false
1428135121423,2147483647,2147483647,2147483647,2147483647,-101,3,Movistar,false,false
1428135121423,2147483647,2147483647,2147483647,2147483647,-103,3,Movistar,false,false
1428135121423,2147483647,2147483647,2147483647,2147483647,-103,3,Movistar,false,false
1428135121423,2147483647,2147483647,2147483647,2147483647,-103,3,Movistar,false,false
1428135121423,2147483647,2147483647,2147483647,2147483647,-105,3,Movistar,false,false
1428135121423,2147483647,2147483647,2147483647,2147483647,-109,3,Movistar,false,false
1428135121423,2147483647,2147483647,2147483647,2147483647,-111,3,Movistar,false,false
1428135181600,-1,-1,-1,-1,0,3,Movistar,true,false
1428135181600,-1,-1,-1,-1,0,3,Movistar,false,false
1428135181600,-1,-1,-1,-1,0,3,Movistar,false,false
1428135181600,-1,-1,-1,-1,0,3,Movistar,false,false
1428135181600,-1,-1,-1,-1,0,3,Movistar,false,false
1428135181600,-1,-1,-1,-1,0,3,Movistar,false,false
1428135181600,-1,-1,-1,-1,0,3,Movistar,false,false
1428135181600,2147483647,2147483647,2147483647,2147483647,-83,3,Movistar,false,false
1428135181600,2147483647,2147483647,2147483647,2147483647,-91,3,Movistar,false,false
1428135181600,2147483647,2147483647,2147483647,2147483647,-95,3,Movistar,false,false
1428135181600,2147483647,2147483647,2147483647,2147483647,-101,3,Movistar,false,false
1428135181600,2147483647,2147483647,2147483647,2147483647,-101,3,Movistar,false,false
1428135181600,2147483647,2147483647,2147483647,2147483647,-107,3,Movistar,false,false
1428135181600,2147483647,2147483647,2147483647,2147483647,-107,3,Movistar,false,false
1428135181600,2147483647,2147483647,2147483647,2147483647,-113,3,Movistar,false,false
1428135241783,-1,-1,-1,-1,0,3,Movistar,true,false
1428135241783,-1,-1,-1,-1,0,3,Movistar,false,false
1428135241783,-1,-1,-1,-1,0,3,Movistar,false,false
1428135241783,-1,-1,-1,-1,0,3,Movistar,false,false
1428135241783,-1,-1,-1,-1,0,3,Movistar,false,false
1428135241783,-1,-1,-1,-1,0,3,Movistar,false,false
1428135301719,-1,-1,-1,-1,0,3,Movistar,true,false
1428135301719,-1,-1,-1,-1,0,3,Movistar,false,false
1428135301719,-1,-1,-1,-1,0,3,Movistar,false,false
1428135301719,-1,-1,-1,-1,0,3,Movistar,false,false
1428135301719,-1,-1,-1,-1,0,3,Movistar,false,false
1428135301719,-1,-1,-1,-1,0,3,Movistar,false,false
1428135361728,-1,-1,-1,-1,0,3,Movistar,true,false
1428135361728,-1,-1,-1,-1,0,3,Movistar,false,false
1428135361728,-1,-1,-1,-1,0,3,Movistar,false,false
1428135361728,-1,-1,-1,-1,0,3,Movistar,false,false
1428135361728,-1,-1,-1,-1,0,3,Movistar,false,false
1428135361728,-1,-1,-1,-1,0,3,Movistar,false,false
1428135421924,-1,-1,-1,-1,0,3,Movistar,true,false
1428135421924,-1,-1,-1,-1,0,3,Movistar,false,false
1428135421924,-1,-1,-1,-1,0,3,Movistar,false,false
1428135421924,-1,-1,-1,-1,0,3,Movistar,false,false
1428135421924,-1,-1,-1,-1,0,3,Movistar,false,false
1428135421924,-1,-1,-1,-1,0,3,Movistar,false,false
1428135483014,-1,-1,-1,-1,0,3,Movistar,true,false
1428135483014,-1,-1,-1,-1,0,3,Movistar,false,false
1428135483014,-1,-1,-1,-1,0,3,Movistar,false,false
1428135483014,-1,-1,-1,-1,0,3,Movistar,false,false
1428135483014,-1,-1,-1,-1,0,3,Movistar,false,false
1428135483014,-1,-1,-1,-1,0,3,Movistar,false,false
1428135543030,-1,-1,-1,-1,0,3,Movistar,true,false
1428135543030,-1,-1,-1,-1,0,3,Movistar,false,false
1428135543030,-1,-1,-1,-1,0,3,Movistar,false,false
1428135543030,-1,-1,-1,-1,0,3,Movistar,false,false
1428135543030,-1,-1,-1,-1,0,3,Movistar,false,false
1428135543030,-1,-1,-1,-1,0,3,Movistar,false,false
1428135603105,-1,-1,-1,-1,0,3,Movistar,true,false
1428135603105,-1,-1,-1,-1,0,3,Movistar,false,false
1428135603105,-1,-1,-1,-1,0,3,Movistar,false,false
1428135603105,-1,-1,-1,-1,0,3,Movistar,false,false
1428135603105,-1,-1,-1,-1,0,3,Movistar,false,false
1428135603105,-1,-1,-1,-1,0,3,Movistar,false,false
1428135603105,2147483647,2147483647,2147483647,2147483647,-85,3,Movistar,false,false
1428135603105,2147483647,2147483647,2147483647,2147483647,-91,3,Movistar,false,false
1428135603105,2147483647,2147483647,2147483647,2147483647,-91,3,Movistar,false,false
1428135603105,2147483647,2147483647,2147483647,2147483647,-105,3,Movistar,false,false
1428135603105,2147483647,2147483647,2147483647,2147483647,-107,3,Movistar,false,false
1428135603105,2147483647,2147483647,2147483647,2147483647,-107,3,Movistar,false,false
1428135603105,2147483647,2147483647,2147483647,2147483647,-107,3,Movistar,false,false
1428135603105,2147483647,2147483647,2147483647,2147483647,-109,3,Movistar,false,false
1428135663132,-1,-1,-1,-1,0,3,Movistar,true,false
1428135663132,-1,-1,-1,-1,0,3,Movistar,false,false
1428135663132,-1,-1,-1,-1,0,3,Movistar,false,false
1428135663132,-1,-1,-1,-1,0,3,Movistar,false,false
1428135663132,-1,-1,-1,-1,0,3,Movistar,false,false
1428135663132,-1,-1,-1,-1,0,3,Movistar,false,false
1428135663132,2147483647,2147483647,2147483647,2147483647,-85,3,Movistar,false,false
1428135663132,2147483647,2147483647,2147483647,2147483647,-91,3,Movistar,false,false
1428135663132,2147483647,2147483647,2147483647,2147483647,-91,3,Movistar,false,false
1428135663132,2147483647,2147483647,2147483647,2147483647,-105,3,Movistar,false,false
1428135663132,2147483647,2147483647,2147483647,2147483647,-107,3,Movistar,false,false
1428135663132,2147483647,2147483647,2147483647,2147483647,-107,3,Movistar,false,false
1428135663132,2147483647,2147483647,2147483647,2147483647,-107,3,Movistar,false,false
1428135663132,2147483647,2147483647,2147483647,2147483647,-109,3,Movistar,false,false
1428135723189,-1,-1,-1,-1,0,3,Movistar,true,false
1428135723189,-1,-1,-1,-1,0,3,Movistar,false,false
1428135723189,-1,-1,-1,-1,0,3,Movistar,false,false
1428135723189,-1,-1,-1,-1,0,3,Movistar,false,false
1428135723189,-1,-1,-1,-1,0,3,Movistar,false,false
1428135723189,-1,-1,-1,-1,0,3,Movistar,false,false
1428135723189,-1,-1,-1,-1,0,3,Movistar,false,false
1428135723189,2147483647,2147483647,2147483647,2147483647,-85,3,Movistar,false,false
1428135723189,2147483647,2147483647,2147483647,2147483647,-91,3,Movistar,false,false
1428135723189,2147483647,2147483647,2147483647,2147483647,-91,3,Movistar,false,false
1428135723189,2147483647,2147483647,2147483647,2147483647,-105,3,Movistar,false,false
1428135723189,2147483647,2147483647,2147483647,2147483647,-107,3,Movistar,false,false
1428135723189,2147483647,2147483647,2147483647,2147483647,-107,3,Movistar,false,false
1428135723189,2147483647,2147483647,2147483647,2147483647,-107,3,Movistar,false,false
1428135723189,2147483647,2147483647,2147483647,2147483647,-109,3,Movistar,false,false
1428135783286,-1,-1,-1,-1,0,3,Movistar,true,false
1428135783286,-1,-1,-1,-1,0,3,Movistar,false,false
1428135783286,-1,-1,-1,-1,0,3,Movistar,false,false
1428135783286,-1,-1,-1,-1,0,3,Movistar,false,false
1428135783286,-1,-1,-1,-1,0,3,Movistar,false,false
1428135783286,-1,-1,-1,-1,0,3,Movistar,false,false
1428135783286,2147483647,2147483647,2147483647,2147483647,-85,3,Movistar,false,false
1428135783286,2147483647,2147483647,2147483647,2147483647,-91,3,Movistar,false,false
1428135783286,2147483647,2147483647,2147483647,2147483647,-91,3,Movistar,false,false
1428135783286,2147483647,2147483647,2147483647,2147483647,-105,3,Movistar,false,false
1428135783286,2147483647,2147483647,2147483647,2147483647,-105,3,Movistar,false,false
1428135783286,2147483647,2147483647,2147483647,2147483647,-105,3,Movistar,false,false
1428135783286,2147483647,2147483647,2147483647,2147483647,-107,3,Movistar,false,false
1428135783286,2147483647,2147483647,2147483647,2147483647,-109,3,Movistar,false,false
1428135845468,-1,-1,-1,-1,0,3,Movistar,true,false
1428135845468,-1,-1,-1,-1,0,3,Movistar,false,false
1428135845468,-1,-1,-1,-1,0,3,Movistar,false,false
1428135845468,-1,-1,-1,-1,0,3,Movistar,false,false
1428135845468,-1,-1,-1,-1,0,3,Movistar,false,false
1428135845468,-1,-1,-1,-1,0,3,Movistar,false,false
1428135845468,2147483647,2147483647,2147483647,2147483647,-85,3,Movistar,false,false
1428135845468,2147483647,2147483647,2147483647,2147483647,-91,3,Movistar,false,false
1428135845468,2147483647,2147483647,2147483647,2147483647,-91,3,Movistar,false,false
1428135845468,2147483647,2147483647,2147483647,2147483647,-105,3,Movistar,false,false
1428135845468,2147483647,2147483647,2147483647,2147483647,-105,3,Movistar,false,false
1428135845468,2147483647,2147483647,2147483647,2147483647,-105,3,Movistar,false,false
1428135845468,2147483647,2147483647,2147483647,2147483647,-107,3,Movistar,false,false
1428135845468,2147483647,2147483647,2147483647,2147483647,-109,3,Movistar,false,false
1428135912585,-1,-1,-1,-1,0,3,Movistar,true,false
1428135912585,-1,-1,-1,-1,0,3,Movistar,false,false
1428135912585,-1,-1,-1,-1,0,3,Movistar,false,false
1428135912585,-1,-1,-1,-1,0,3,Movistar,false,false
1428135912585,-1,-1,-1,-1,0,3,Movistar,false,false
1428135912585,-1,-1,-1,-1,0,3,Movistar,false,false
1428135912585,2147483647,2147483647,2147483647,2147483647,-85,3,Movistar,false,false
1428135912585,2147483647,2147483647,2147483647,2147483647,-91,3,Movistar,false,false
1428135912585,2147483647,2147483647,2147483647,2147483647,-91,3,Movistar,false,false
1428135912585,2147483647,2147483647,2147483647,2147483647,-105,3,Movistar,false,false
1428135912585,2147483647,2147483647,2147483647,2147483647,-105,3,Movistar,false,false
1428135912585,2147483647,2147483647,2147483647,2147483647,-105,3,Movistar,false,false
1428135912585,2147483647,2147483647,2147483647,2147483647,-107,3,Movistar,false,false
1428135912585,2147483647,2147483647,2147483647,2147483647,-109,3,Movistar,false,false
1428135974703,-1,-1,-1,-1,0,3,Movistar,true,false
1428135974703,-1,-1,-1,-1,0,3,Movistar,false,false
1428135974703,-1,-1,-1,-1,0,3,Movistar,false,false
1428135974703,-1,-1,-1,-1,0,3,Movistar,false,false
1428135974703,-1,-1,-1,-1,0,3,Movistar,false,false
1428135974703,-1,-1,-1,-1,0,3,Movistar,false,false
1428135974703,2147483647,2147483647,2147483647,2147483647,-85,3,Movistar,false,false
1428135974703,2147483647,2147483647,2147483647,2147483647,-91,3,Movistar,false,false
1428135974703,2147483647,2147483647,2147483647,2147483647,-91,3,Movistar,false,false
1428135974703,2147483647,2147483647,2147483647,2147483647,-105,3,Movistar,false,false
1428135974703,2147483647,2147483647,2147483647,2147483647,-105,3,Movistar,false,false
1428135974703,2147483647,2147483647,2147483647,2147483647,-105,3,Movistar,false,false
1428135974703,2147483647,2147483647,2147483647,2147483647,-107,3,Movistar,false,false
1428135974703,2147483647,2147483647,2147483647,2147483647,-109,3,Movistar,false,false
1428136038161,-1,-1,-1,-1,0,3,Movistar,true,false
1428136038161,-1,-1,-1,-1,0,3,Movistar,false,false
1428136038161,-1,-1,-1,-1,0,3,Movistar,false,false
1428136038161,-1,-1,-1,-1,0,3,Movistar,false,false
1428136038161,-1,-1,-1,-1,0,3,Movistar,false,false
1428136038161,-1,-1,-1,-1,0,3,Movistar,false,false
1428136038161,2147483647,2147483647,2147483647,2147483647,-85,3,Movistar,false,false
1428136038161,2147483647,2147483647,2147483647,2147483647,-91,3,Movistar,false,false
1428136038161,2147483647,2147483647,2147483647,2147483647,-91,3,Movistar,false,false
1428136038161,2147483647,2147483647,2147483647,2147483647,-105,3,Movistar,false,false
1428136038161,2147483647,2147483647,2147483647,2147483647,-105,3,Movistar,false,false
1428136038161,2147483647,2147483647,2147483647,2147483647,-105,3,Movistar,false,false
1428136038161,2147483647,2147483647,2147483647,2147483647,-107,3,Movistar,false,false
1428136038161,2147483647,2147483647,2147483647,2147483647,-109,3,Movistar,false,false
1428136098272,-1,-1,-1,-1,0,3,Movistar,true,false
1428136098272,-1,-1,-1,-1,0,3,Movistar,false,false
1428136098272,-1,-1,-1,-1,0,3,Movistar,false,false
1428136098272,-1,-1,-1,-1,0,3,Movistar,false,false
1428136098272,-1,-1,-1,-1,0,3,Movistar,false,false
1428136158450,-1,-1,-1,-1,0,3,Movistar,true,false
1428136158450,-1,-1,-1,-1,0,3,Movistar,false,false
1428136158450,-1,-1,-1,-1,0,3,Movistar,false,false
1428136158450,-1,-1,-1,-1,0,3,Movistar,false,false
1428136218535,-1,-1,-1,-1,0,3,Movistar,true,false
1428136218535,-1,-1,-1,-1,0,3,Movistar,false,false
1428136218535,-1,-1,-1,-1,0,3,Movistar,false,false
1428136218535,-1,-1,-1,-1,0,3,Movistar,false,false
1428136218535,-1,-1,-1,-1,0,3,Movistar,false,false
1428136278565,-1,-1,-1,-1,0,3,Movistar,true,false
1428136278565,-1,-1,-1,-1,0,3,Movistar,false,false
1428136278565,-1,-1,-1,-1,0,3,Movistar,false,false
1428136278565,-1,-1,-1,-1,0,3,Movistar,false,false
1428136278565,-1,-1,-1,-1,0,3,Movistar,false,false
1428136338591,-1,-1,-1,-1,0,3,Movistar,true,false
1428136338591,-1,-1,-1,-1,0,3,Movistar,false,false
1428136338591,-1,-1,-1,-1,0,3,Movistar,false,false
1428136338591,-1,-1,-1,-1,0,3,Movistar,false,false
1428136338591,-1,-1,-1,-1,0,3,Movistar,false,false
1428136398703,-1,-1,-1,-1,0,3,Movistar,true,false
1428136398703,-1,-1,-1,-1,0,3,Movistar,false,false
1428136398703,-1,-1,-1,-1,0,3,Movistar,false,false
1428136398703,-1,-1,-1,-1,0,3,Movistar,false,false
1428136398703,-1,-1,-1,-1,0,3,Movistar,false,false
1428136458871,-1,-1,-1,-1,0,3,Movistar,true,false
1428136458871,-1,-1,-1,-1,0,3,Movistar,false,false
1428136458871,-1,-1,-1,-1,0,3,Movistar,false,false
1428136458871,-1,-1,-1,-1,0,3,Movistar,false,false
1428136458871,-1,-1,-1,-1,0,3,Movistar,false,false
1428136520514,-1,-1,-1,-1,0,3,Movistar,true,false
1428136520514,-1,-1,-1,-1,0,3,Movistar,false,false
1428136520514,-1,-1,-1,-1,0,3,Movistar,false,false
1428136520514,-1,-1,-1,-1,0,3,Movistar,false,false
1428136520514,-1,-1,-1,-1,0,3,Movistar,false,false
1428136580619,-1,-1,-1,-1,0,3,Movistar,true,false
1428136580619,-1,-1,-1,-1,0,3,Movistar,false,false
1428136580619,-1,-1,-1,-1,0,3,Movistar,false,false
1428136580619,-1,-1,-1,-1,0,3,Movistar,false,false
1428136580619,-1,-1,-1,-1,0,3,Movistar,false,false
1428136641955,-1,-1,-1,-1,0,3,Movistar,true,false
1428136641955,-1,-1,-1,-1,0,3,Movistar,false,false
1428136641955,-1,-1,-1,-1,0,3,Movistar,false,false
1428136641955,-1,-1,-1,-1,0,3,Movistar,false,false
1428136641955,-1,-1,-1,-1,0,3,Movistar,false,false
1428136702085,-1,-1,-1,-1,0,3,Movistar,true,false
1428136702085,-1,-1,-1,-1,0,3,Movistar,false,false
1428136702085,-1,-1,-1,-1,0,3,Movistar,false,false
1428136702085,-1,-1,-1,-1,0,3,Movistar,false,false
1428136702085,-1,-1,-1,-1,0,3,Movistar,false,false
1428136702085,-1,-1,-1,-1,0,3,Movistar,false,false
1428136762121,-1,-1,-1,-1,0,3,Movistar,true,false
1428136762121,-1,-1,-1,-1,0,3,Movistar,false,false
1428136762121,-1,-1,-1,-1,0,3,Movistar,false,false
1428136762121,-1,-1,-1,-1,0,3,Movistar,false,false
1428136762121,-1,-1,-1,-1,0,3,Movistar,false,false
1428136762121,-1,-1,-1,-1,0,3,Movistar,false,false
1428136827938,-1,-1,-1,-1,0,3,Movistar,true,false
1428136827938,-1,-1,-1,-1,0,3,Movistar,false,false
1428136827938,-1,-1,-1,-1,0,3,Movistar,false,false
1428136827938,-1,-1,-1,-1,0,3,Movistar,false,false
1428136827938,-1,-1,-1,-1,0,3,Movistar,false,false
1428136827938,-1,-1,-1,-1,0,3,Movistar,false,false
1428136887977,-1,-1,-1,-1,0,3,Movistar,true,false
1428136887977,-1,-1,-1,-1,0,3,Movistar,false,false
1428136887977,-1,-1,-1,-1,0,3,Movistar,false,false
1428136887977,-1,-1,-1,-1,0,3,Movistar,false,false
1428136887977,-1,-1,-1,-1,0,3,Movistar,false,false
1428136887977,-1,-1,-1,-1,0,3,Movistar,false,false
1428136887977,2147483647,2147483647,2147483647,2147483647,-87,3,Movistar,false,false
1428136887977,2147483647,2147483647,2147483647,2147483647,-95,3,Movistar,false,false
1428136887977,2147483647,2147483647,2147483647,2147483647,-95,3,Movistar,false,false
1428136887977,2147483647,2147483647,2147483647,2147483647,-99,3,Movistar,false,false
1428136887977,2147483647,2147483647,2147483647,2147483647,-101,3,Movistar,false,false
1428136887977,2147483647,2147483647,2147483647,2147483647,-103,3,Movistar,false,false
1428136887977,2147483647,2147483647,2147483647,2147483647,-105,3,Movistar,false,false
1428136887977,2147483647,2147483647,2147483647,2147483647,-107,3,Movistar,false,false
1428136948717,-1,-1,-1,-1,0,3,Movistar,true,false
1428136948717,-1,-1,-1,-1,0,3,Movistar,false,false
1428136948717,-1,-1,-1,-1,0,3,Movistar,false,false
1428136948717,-1,-1,-1,-1,0,3,Movistar,false,false
1428136948717,-1,-1,-1,-1,0,3,Movistar,false,false
1428136948717,-1,-1,-1,-1,0,3,Movistar,false,false
1428136948717,2147483647,2147483647,2147483647,2147483647,-87,3,Movistar,false,false
1428136948717,2147483647,2147483647,2147483647,2147483647,-95,3,Movistar,false,false
1428136948717,2147483647,2147483647,2147483647,2147483647,-95,3,Movistar,false,false
1428136948717,2147483647,2147483647,2147483647,2147483647,-99,3,Movistar,false,false
1428136948717,2147483647,2147483647,2147483647,2147483647,-101,3,Movistar,false,false
1428136948717,2147483647,2147483647,2147483647,2147483647,-103,3,Movistar,false,false
1428136948717,2147483647,2147483647,2147483647,2147483647,-105,3,Movistar,false,false
1428136948717,2147483647,2147483647,2147483647,2147483647,-107,3,Movistar,false,false
1428137008696,-1,-1,-1,-1,0,3,Movistar,true,false
1428137008696,-1,-1,-1,-1,0,3,Movistar,false,false
1428137008696,-1,-1,-1,-1,0,3,Movistar,false,false
1428137008696,-1,-1,-1,-1,0,3,Movistar,false,false
1428137008696,-1,-1,-1,-1,0,3,Movistar,false,false
1428137068702,-1,-1,-1,-1,0,3,Movistar,true,false
1428137068702,-1,-1,-1,-1,0,3,Movistar,false,false
1428137068702,-1,-1,-1,-1,0,3,Movistar,false,false
1428137068702,-1,-1,-1,-1,0,3,Movistar,false,false
1428137068702,-1,-1,-1,-1,0,3,Movistar,false,false
1428137128823,-1,-1,-1,-1,0,3,Movistar,true,false
1428137128823,-1,-1,-1,-1,0,3,Movistar,false,false
1428137128823,-1,-1,-1,-1,0,3,Movistar,false,false
1428137128823,-1,-1,-1,-1,0,3,Movistar,false,false
1428137128823,-1,-1,-1,-1,0,3,Movistar,false,false
1428137128823,-1,-1,-1,-1,0,3,Movistar,false,false
1428137209271,-1,-1,-1,-1,0,3,Movistar,true,false
1428137209271,-1,-1,-1,-1,0,3,Movistar,false,false
1428137209271,-1,-1,-1,-1,0,3,Movistar,false,false
1428137209271,-1,-1,-1,-1,0,3,Movistar,false,false
1428137209271,-1,-1,-1,-1,0,3,Movistar,false,false
1428137209271,-1,-1,-1,-1,0,3,Movistar,false,false
1428137209271,2147483647,2147483647,2147483647,2147483647,-79,3,Movistar,false,false
1428137209271,2147483647,2147483647,2147483647,2147483647,-91,3,Movistar,false,false
1428137209271,2147483647,2147483647,2147483647,2147483647,-97,3,Movistar,false,false
1428137209271,2147483647,2147483647,2147483647,2147483647,-103,3,Movistar,false,false
1428137209271,2147483647,2147483647,2147483647,2147483647,-107,3,Movistar,false,false
1428137209271,2147483647,2147483647,2147483647,2147483647,-107,3,Movistar,false,false
1428137209271,2147483647,2147483647,2147483647,2147483647,-109,3,Movistar,false,false
1428137209271,2147483647,2147483647,2147483647,2147483647,-111,3,Movistar,false,false
1428137269383,-1,-1,-1,-1,0,3,Movistar,true,false
1428137269383,-1,-1,-1,-1,0,3,Movistar,false,false
1428137269383,-1,-1,-1,-1,0,3,Movistar,false,false
1428137269383,-1,-1,-1,-1,0,3,Movistar,false,false
1428137269383,-1,-1,-1,-1,0,3,Movistar,false,false
1428137269383,-1,-1,-1,-1,0,3,Movistar,false,false
1428137269383,2147483647,2147483647,2147483647,2147483647,-79,3,Movistar,false,false
1428137269383,2147483647,2147483647,2147483647,2147483647,-91,3,Movistar,false,false
1428137269383,2147483647,2147483647,2147483647,2147483647,-97,3,Movistar,false,false
1428137269383,2147483647,2147483647,2147483647,2147483647,-103,3,Movistar,false,false
1428137269383,2147483647,2147483647,2147483647,2147483647,-107,3,Movistar,false,false
1428137269383,2147483647,2147483647,2147483647,2147483647,-107,3,Movistar,false,false
1428137269383,2147483647,2147483647,2147483647,2147483647,-109,3,Movistar,false,false
1428137269383,2147483647,2147483647,2147483647,2147483647,-111,3,Movistar,false,false
1428137329607,-1,-1,-1,-1,0,3,Movistar,true,false
1428137329607,-1,-1,-1,-1,0,3,Movistar,false,false
1428137329607,-1,-1,-1,-1,0,3,Movistar,false,false
1428137329607,-1,-1,-1,-1,0,3,Movistar,false,false
1428137329607,-1,-1,-1,-1,0,3,Movistar,false,false
1428137329607,-1,-1,-1,-1,0,3,Movistar,false,false
1428137329607,2147483647,2147483647,2147483647,2147483647,-81,3,Movistar,false,false
1428137329607,2147483647,2147483647,2147483647,2147483647,-93,3,Movistar,false,false
1428137329607,2147483647,2147483647,2147483647,2147483647,-95,3,Movistar,false,false
1428137329607,2147483647,2147483647,2147483647,2147483647,-103,3,Movistar,false,false
1428137329607,2147483647,2147483647,2147483647,2147483647,-103,3,Movistar,false,false
1428137329607,2147483647,2147483647,2147483647,2147483647,-105,3,Movistar,false,false
1428137329607,2147483647,2147483647,2147483647,2147483647,-107,3,Movistar,false,false
1428137329607,2147483647,2147483647,2147483647,2147483647,-107,3,Movistar,false,false
1428137389909,-1,-1,-1,-1,0,3,Movistar,true,false
1428137389909,-1,-1,-1,-1,0,3,Movistar,false,false
1428137389909,-1,-1,-1,-1,0,3,Movistar,false,false
1428137389909,-1,-1,-1,-1,0,3,Movistar,false,false
1428137389909,-1,-1,-1,-1,0,3,Movistar,false,false
1428137389909,-1,-1,-1,-1,0,3,Movistar,false,false
1428137449997,-1,-1,-1,-1,0,3,Movistar,true,false
1428137449997,-1,-1,-1,-1,0,3,Movistar,false,false
1428137449997,-1,-1,-1,-1,0,3,Movistar,false,false
1428137449997,-1,-1,-1,-1,0,3,Movistar,false,false
1428137449997,-1,-1,-1,-1,0,3,Movistar,false,false
1428137449997,-1,-1,-1,-1,0,3,Movistar,false,false
1428137449997,-1,-1,-1,-1,0,3,Movistar,false,false
1428137509965,-1,-1,-1,-1,0,3,Movistar,true,false
1428137509965,-1,-1,-1,-1,0,3,Movistar,false,false
1428137509965,-1,-1,-1,-1,0,3,Movistar,false,false
1428137509965,2147483647,2147483647,2147483647,2147483647,-81,3,Movistar,false,false
1428137509965,2147483647,2147483647,2147483647,2147483647,-101,3,Movistar,false,false
1428137509965,2147483647,2147483647,2147483647,2147483647,-101,3,Movistar,false,false
1428137509965,2147483647,2147483647,2147483647,2147483647,-107,3,Movistar,false,false
1428137509965,2147483647,2147483647,2147483647,2147483647,-109,3,Movistar,false,false
1428137509965,2147483647,2147483647,2147483647,2147483647,-109,3,Movistar,false,false
1428137509965,2147483647,2147483647,2147483647,2147483647,-111,3,Movistar,false,false
1428137509965,2147483647,2147483647,2147483647,2147483647,-111,3,Movistar,false,false
1428137547437,-1,-1,-1,-1,0,3,Movistar,true,false
1428137547437,-1,-1,-1,-1,0,3,Movistar,false,false
1428137547437,-1,-1,-1,-1,0,3,Movistar,false,false
1428137547437,-1,-1,-1,-1,0,3,Movistar,false,false
1428137547437,-1,-1,-1,-1,0,3,Movistar,false,false
1428137547679,-1,-1,-1,-1,0,3,Movistar,true,false
1428137547679,-1,-1,-1,-1,0,3,Movistar,false,false
1428137547679,-1,-1,-1,-1,0,3,Movistar,false,false
1428137547679,-1,-1,-1,-1,0,3,Movistar,false,false
1428137547679,-1,-1,-1,-1,0,3,Movistar,false,false
1428137550971,-1,-1,-1,-1,0,3,Movistar,true,false
1428137550971,-1,-1,-1,-1,0,3,Movistar,false,false
1428137550971,-1,-1,-1,-1,0,3,Movistar,false,false
1428137550971,-1,-1,-1,-1,0,3,Movistar,false,false
1428137550971,-1,-1,-1,-1,0,3,Movistar,false,false
1428137551219,-1,-1,-1,-1,0,3,Movistar,true,false
1428137551219,-1,-1,-1,-1,0,3,Movistar,false,false
1428137551219,-1,-1,-1,-1,0,3,Movistar,false,false
1428137551219,-1,-1,-1,-1,0,3,Movistar,false,false
1428137551219,-1,-1,-1,-1,0,3,Movistar,false,false
1428137557970,-1,-1,-1,-1,0,3,Movistar,true,false
1428137557970,-1,-1,-1,-1,0,3,Movistar,false,false
1428137557970,-1,-1,-1,-1,0,3,Movistar,false,false
1428137557970,-1,-1,-1,-1,0,3,Movistar,false,false
1428137557970,-1,-1,-1,-1,0,3,Movistar,false,false
1428137575331,-1,-1,-1,-1,0,3,Movistar,true,false
1428137575331,-1,-1,-1,-1,0,3,Movistar,false,false
1428137575331,-1,-1,-1,-1,0,3,Movistar,false,false
1428137575331,-1,-1,-1,-1,0,3,Movistar,false,false
1428137575331,-1,-1,-1,-1,0,3,Movistar,false,false
1428137575331,-1,-1,-1,-1,0,3,Movistar,false,false
1428137575331,2147483647,2147483647,2147483647,2147483647,-93,3,Movistar,false,false
1428137575331,2147483647,2147483647,2147483647,2147483647,-105,3,Movistar,false,false
1428137575331,2147483647,2147483647,2147483647,2147483647,-107,3,Movistar,false,false
1428137575331,2147483647,2147483647,2147483647,2147483647,-107,3,Movistar,false,false
1428137575331,2147483647,2147483647,2147483647,2147483647,-107,3,Movistar,false,false
1428137575331,2147483647,2147483647,2147483647,2147483647,-109,3,Movistar,false,false
1428137575331,2147483647,2147483647,2147483647,2147483647,-111,3,Movistar,false,false
1428137575331,2147483647,2147483647,2147483647,2147483647,-111,3,Movistar,false,false
1428137586179,11833,833,7,214,-97,2,Movistar,true,false
1428137586179,-1,0,0,0,-89,2,Movistar,false,false
1428137588060,11833,833,7,214,-113,2,Movistar,true,false
1428137588060,-1,0,0,0,-101,2,Movistar,false,false
1428137588060,-1,0,0,0,-101,2,Movistar,false,false
1428137588060,-1,0,0,0,-105,2,Movistar,false,false
1428137600740,-1,-1,-1,-1,0,3,Movistar,true,false
1428137600740,-1,-1,-1,-1,0,3,Movistar,false,false
1428137600740,-1,-1,-1,-1,0,3,Movistar,false,false
1428137600740,-1,-1,-1,-1,0,3,Movistar,false,false
1428137600740,-1,-1,-1,-1,0,3,Movistar,false,false
1428137600740,-1,-1,-1,-1,0,3,Movistar,false,false
1428137600740,-1,-1,-1,-1,0,3,Movistar,false,false
1428137600740,-1,-1,-1,-1,0,3,Movistar,false,false
1428137601253,-1,-1,-1,-1,0,3,Movistar,true,false
1428137601253,-1,-1,-1,-1,0,3,Movistar,false,false
1428137601253,-1,-1,-1,-1,0,3,Movistar,false,false
1428137601253,-1,-1,-1,-1,0,3,Movistar,false,false
1428137601253,-1,-1,-1,-1,0,3,Movistar,false,false
1428137601253,-1,-1,-1,-1,0,3,Movistar,false,false
1428137601253,-1,-1,-1,-1,0,3,Movistar,false,false
1428137601253,-1,-1,-1,-1,0,3,Movistar,false,false
1428137661350,-1,-1,-1,-1,0,3,Movistar,true,false
1428137661350,-1,-1,-1,-1,0,3,Movistar,false,false
1428137661350,-1,-1,-1,-1,0,3,Movistar,false,false
1428137661350,-1,-1,-1,-1,0,3,Movistar,false,false
1428137661350,-1,-1,-1,-1,0,3,Movistar,false,false
1428137661350,-1,-1,-1,-1,0,3,Movistar,false,false
1428137661350,-1,-1,-1,-1,0,3,Movistar,false,false
1428137722458,-1,-1,-1,-1,0,3,Movistar,true,false
1428137722458,-1,-1,-1,-1,0,3,Movistar,false,false
1428137722458,-1,-1,-1,-1,0,3,Movistar,false,false
1428137722458,-1,-1,-1,-1,0,3,Movistar,false,false
1428137722458,-1,-1,-1,-1,0,3,Movistar,false,false
1428137722458,-1,-1,-1,-1,0,3,Movistar,false,false
1428137722458,-1,-1,-1,-1,0,3,Movistar,false,false
1428137782672,-1,-1,-1,-1,0,3,Movistar,true,false
1428137782672,-1,-1,-1,-1,0,3,Movistar,false,false
1428137782672,-1,-1,-1,-1,0,3,Movistar,false,false
1428137782672,-1,-1,-1,-1,0,3,Movistar,false,false
1428137782672,-1,-1,-1,-1,0,3,Movistar,false,false
1428137782672,-1,-1,-1,-1,0,3,Movistar,false,false
1428137782672,-1,-1,-1,-1,0,3,Movistar,false,false
1428137807842,-1,-1,-1,-1,0,3,Movistar,true,false
1428137807842,-1,-1,-1,-1,0,3,Movistar,false,false
1428137807842,-1,-1,-1,-1,0,3,Movistar,false,false
1428137807842,-1,-1,-1,-1,0,3,Movistar,false,false
1428137807842,-1,-1,-1,-1,0,3,Movistar,false,false
1428137807842,-1,-1,-1,-1,0,3,Movistar,false,false
1428137807842,-1,-1,-1,-1,0,3,Movistar,false,false
1428137809111,-1,-1,-1,-1,0,3,Movistar,true,false
1428137809111,-1,-1,-1,-1,0,3,Movistar,false,false
1428137809111,-1,-1,-1,-1,0,3,Movistar,false,false
1428137809111,-1,-1,-1,-1,0,3,Movistar,false,false
1428137809111,-1,-1,-1,-1,0,3,Movistar,false,false
1428137809111,-1,-1,-1,-1,0,3,Movistar,false,false
1428137809111,-1,-1,-1,-1,0,3,Movistar,false,false
1428137869159,-1,-1,-1,-1,0,3,Movistar,true,false
1428137869159,-1,-1,-1,-1,0,3,Movistar,false,false
1428137869159,-1,-1,-1,-1,0,3,Movistar,false,false
1428137869159,-1,-1,-1,-1,0,3,Movistar,false,false
1428137869159,-1,-1,-1,-1,0,3,Movistar,false,false
1428137869159,-1,-1,-1,-1,0,3,Movistar,false,false
1428137869159,-1,-1,-1,-1,0,3,Movistar,false,false
1428137935710,-1,-1,-1,-1,0,3,Movistar,true,false
1428137935710,-1,-1,-1,-1,0,3,Movistar,false,false
1428137935710,-1,-1,-1,-1,0,3,Movistar,false,false
1428137935710,-1,-1,-1,-1,0,3,Movistar,false,false
1428137935710,-1,-1,-1,-1,0,3,Movistar,false,false
1428137935710,-1,-1,-1,-1,0,3,Movistar,false,false
1428137935710,-1,-1,-1,-1,0,3,Movistar,false,false
1428137997930,-1,-1,-1,-1,0,3,Movistar,true,false
1428137997930,-1,-1,-1,-1,0,3,Movistar,false,false
1428137997930,-1,-1,-1,-1,0,3,Movistar,false,false
1428137997930,-1,-1,-1,-1,0,3,Movistar,false,false
1428137997930,-1,-1,-1,-1,0,3,Movistar,false,false
1428137997930,-1,-1,-1,-1,0,3,Movistar,false,false
1428137997930,-1,-1,-1,-1,0,3,Movistar,false,false
1428138064984,-1,-1,-1,-1,0,3,Movistar,true,false
1428138064984,-1,-1,-1,-1,0,3,Movistar,false,false
1428138064984,-1,-1,-1,-1,0,3,Movistar,false,false
1428138064984,-1,-1,-1,-1,0,3,Movistar,false,false
1428138064984,-1,-1,-1,-1,0,3,Movistar,false,false
1428138064984,-1,-1,-1,-1,0,3,Movistar,false,false
1428138064984,-1,-1,-1,-1,0,3,Movistar,false,false
1428138125888,-1,-1,-1,-1,0,3,Movistar,true,false
1428138125888,-1,-1,-1,-1,0,3,Movistar,false,false
1428138125888,-1,-1,-1,-1,0,3,Movistar,false,false
1428138125888,-1,-1,-1,-1,0,3,Movistar,false,false
1428138125888,-1,-1,-1,-1,0,3,Movistar,false,false
1428138125888,-1,-1,-1,-1,0,3,Movistar,false,false
1428138125888,-1,-1,-1,-1,0,3,Movistar,false,false
1428138187192,-1,-1,-1,-1,0,3,Movistar,true,false
1428138187192,-1,-1,-1,-1,0,3,Movistar,false,false
1428138187192,-1,-1,-1,-1,0,3,Movistar,false,false
1428138187192,-1,-1,-1,-1,0,3,Movistar,false,false
1428138187192,-1,-1,-1,-1,0,3,Movistar,false,false
1428138187192,-1,-1,-1,-1,0,3,Movistar,false,false
1428138187192,-1,-1,-1,-1,0,3,Movistar,false,false
1428138247281,-1,-1,-1,-1,0,3,Movistar,true,false
1428138247281,-1,-1,-1,-1,0,3,Movistar,false,false
1428138247281,-1,-1,-1,-1,0,3,Movistar,false,false
1428138247281,-1,-1,-1,-1,0,3,Movistar,false,false
1428138247281,-1,-1,-1,-1,0,3,Movistar,false,false
1428138247281,-1,-1,-1,-1,0,3,Movistar,false,false
1428138247281,-1,-1,-1,-1,0,3,Movistar,false,false
1428138307382,-1,-1,-1,-1,0,3,Movistar,true,false
1428138307382,-1,-1,-1,-1,0,3,Movistar,false,false
1428138307382,-1,-1,-1,-1,0,3,Movistar,false,false
1428138307382,-1,-1,-1,-1,0,3,Movistar,false,false
1428138307382,-1,-1,-1,-1,0,3,Movistar,false,false
1428138307382,-1,-1,-1,-1,0,3,Movistar,false,false
1428138307382,-1,-1,-1,-1,0,3,Movistar,false,false
1428138367439,-1,-1,-1,-1,0,3,Movistar,true,false
1428138367439,-1,-1,-1,-1,0,3,Movistar,false,false
1428138367439,-1,-1,-1,-1,0,3,Movistar,false,false
1428138367439,-1,-1,-1,-1,0,3,Movistar,false,false
1428138367439,-1,-1,-1,-1,0,3,Movistar,false,false
1428138367439,-1,-1,-1,-1,0,3,Movistar,false,false
1428138367439,-1,-1,-1,-1,0,3,Movistar,false,false
1428138427496,-1,-1,-1,-1,0,3,Movistar,true,false
1428138427496,-1,-1,-1,-1,0,3,Movistar,false,false
1428138427496,-1,-1,-1,-1,0,3,Movistar,false,false
1428138427496,-1,-1,-1,-1,0,3,Movistar,false,false
1428138427496,-1,-1,-1,-1,0,3,Movistar,false,false
1428138427496,-1,-1,-1,-1,0,3,Movistar,false,false
1428138427496,-1,-1,-1,-1,0,3,Movistar,false,false
1428138487701,-1,-1,-1,-1,0,3,Movistar,true,false
1428138487701,-1,-1,-1,-1,0,3,Movistar,false,false
1428138487701,-1,-1,-1,-1,0,3,Movistar,false,false
1428138487701,-1,-1,-1,-1,0,3,Movistar,false,false
1428138487701,-1,-1,-1,-1,0,3,Movistar,false,false
1428138487701,-1,-1,-1,-1,0,3,Movistar,false,false
1428138547699,-1,-1,-1,-1,0,3,Movistar,true,false
1428138547699,-1,-1,-1,-1,0,3,Movistar,false,false
1428138547699,-1,-1,-1,-1,0,3,Movistar,false,false
1428138547699,-1,-1,-1,-1,0,3,Movistar,false,false
1428138547699,-1,-1,-1,-1,0,3,Movistar,false,false
1428138607756,-1,-1,-1,-1,0,3,Movistar,true,false
1428138607756,-1,-1,-1,-1,0,3,Movistar,false,false
1428138607756,-1,-1,-1,-1,0,3,Movistar,false,false
1428138607756,-1,-1,-1,-1,0,3,Movistar,false,false
1428138607756,-1,-1,-1,-1,0,3,Movistar,false,false
1428138607756,2147483647,2147483647,2147483647,2147483647,-85,3,Movistar,false,false
1428138607756,2147483647,2147483647,2147483647,2147483647,-85,3,Movistar,false,false
1428138607756,2147483647,2147483647,2147483647,2147483647,-91,3,Movistar,false,false
1428138607756,2147483647,2147483647,2147483647,2147483647,-99,3,Movistar,false,false
1428138607756,2147483647,2147483647,2147483647,2147483647,-105,3,Movistar,false,false
1428138607756,2147483647,2147483647,2147483647,2147483647,-105,3,Movistar,false,false
1428138607756,2147483647,2147483647,2147483647,2147483647,-105,3,Movistar,false,false
1428138607756,2147483647,2147483647,2147483647,2147483647,-107,3,Movistar,false,false
1428138667845,-1,-1,-1,-1,0,3,Movistar,true,false
1428138667845,-1,-1,-1,-1,0,3,Movistar,false,false
1428138667845,-1,-1,-1,-1,0,3,Movistar,false,false
1428138667845,-1,-1,-1,-1,0,3,Movistar,false,false
1428138667845,-1,-1,-1,-1,0,3,Movistar,false,false
1428138667845,-1,-1,-1,-1,0,3,Movistar,false,false
1428138667845,2147483647,2147483647,2147483647,2147483647,-85,3,Movistar,false,false
1428138667845,2147483647,2147483647,2147483647,2147483647,-85,3,Movistar,false,false
1428138667845,2147483647,2147483647,2147483647,2147483647,-91,3,Movistar,false,false
1428138667845,2147483647,2147483647,2147483647,2147483647,-99,3,Movistar,false,false
1428138667845,2147483647,2147483647,2147483647,2147483647,-105,3,Movistar,false,false
1428138667845,2147483647,2147483647,2147483647,2147483647,-105,3,Movistar,false,false
1428138667845,2147483647,2147483647,2147483647,2147483647,-105,3,Movistar,false,false
1428138667845,2147483647,2147483647,2147483647,2147483647,-107,3,Movistar,false,false
1428138728079,-1,-1,-1,-1,0,3,Movistar,true,false
1428138728079,-1,-1,-1,-1,0,3,Movistar,false,false
1428138728079,-1,-1,-1,-1,0,3,Movistar,false,false
1428138728079,-1,-1,-1,-1,0,3,Movistar,false,false
1428138728079,-1,-1,-1,-1,0,3,Movistar,false,false
1428138728079,-1,-1,-1,-1,0,3,Movistar,false,false
1428138728079,2147483647,2147483647,2147483647,2147483647,-85,3,Movistar,false,false
1428138728079,2147483647,2147483647,2147483647,2147483647,-85,3,Movistar,false,false
1428138728079,2147483647,2147483647,2147483647,2147483647,-89,3,Movistar,false,false
1428138728079,2147483647,2147483647,2147483647,2147483647,-101,3,Movistar,false,false
1428138728079,2147483647,2147483647,2147483647,2147483647,-105,3,Movistar,false,false
1428138728079,2147483647,2147483647,2147483647,2147483647,-105,3,Movistar,false,false
1428138728079,2147483647,2147483647,2147483647,2147483647,-107,3,Movistar,false,false
1428138728079,2147483647,2147483647,2147483647,2147483647,-107,3,Movistar,false,false
1428138788157,-1,-1,-1,-1,0,3,Movistar,true,false
1428138788157,-1,-1,-1,-1,0,3,Movistar,false,false
1428138788157,-1,-1,-1,-1,0,3,Movistar,false,false
1428138788157,-1,-1,-1,-1,0,3,Movistar,false,false
1428138788157,-1,-1,-1,-1,0,3,Movistar,false,false
1428138788157,-1,-1,-1,-1,0,3,Movistar,false,false
1428138788157,2147483647,2147483647,2147483647,2147483647,-83,3,Movistar,false,false
1428138788157,2147483647,2147483647,2147483647,2147483647,-87,3,Movistar,false,false
1428138788157,2147483647,2147483647,2147483647,2147483647,-87,3,Movistar,false,false
1428138788157,2147483647,2147483647,2147483647,2147483647,-103,3,Movistar,false,false
1428138788157,2147483647,2147483647,2147483647,2147483647,-103,3,Movistar,false,false
1428138788157,2147483647,2147483647,2147483647,2147483647,-105,3,Movistar,false,false
1428138788157,2147483647,2147483647,2147483647,2147483647,-105,3,Movistar,false,false
1428138788157,2147483647,2147483647,2147483647,2147483647,-107,3,Movistar,false,false
1428138848209,-1,-1,-1,-1,0,3,Movistar,true,false
1428138848209,-1,-1,-1,-1,0,3,Movistar,false,false
1428138848209,-1,-1,-1,-1,0,3,Movistar,false,false
1428138848209,-1,-1,-1,-1,0,3,Movistar,false,false
1428138848209,-1,-1,-1,-1,0,3,Movistar,false,false
1428138848209,-1,-1,-1,-1,0,3,Movistar,false,false
1428138848209,2147483647,2147483647,2147483647,2147483647,-85,3,Movistar,false,false
1428138848209,2147483647,2147483647,2147483647,2147483647,-85,3,Movistar,false,false
1428138848209,2147483647,2147483647,2147483647,2147483647,-87,3,Movistar,false,false
1428138848209,2147483647,2147483647,2147483647,2147483647,-101,3,Movistar,false,false
1428138848209,2147483647,2147483647,2147483647,2147483647,-105,3,Movistar,false,false
1428138848209,2147483647,2147483647,2147483647,2147483647,-107,3,Movistar,false,false
1428138848209,2147483647,2147483647,2147483647,2147483647,-107,3,Movistar,false,false
1428138848209,2147483647,2147483647,2147483647,2147483647,-107,3,Movistar,false,false
1428138908304,-1,-1,-1,-1,0,3,Movistar,true,false
1428138908304,-1,-1,-1,-1,0,3,Movistar,false,false
1428138908304,-1,-1,-1,-1,0,3,Movistar,false,false
1428138908304,-1,-1,-1,-1,0,3,Movistar,false,false
1428138908304,-1,-1,-1,-1,0,3,Movistar,false,false
1428138908304,-1,-1,-1,-1,0,3,Movistar,false,false
1428138908304,2147483647,2147483647,2147483647,2147483647,-85,3,Movistar,false,false
1428138908304,2147483647,2147483647,2147483647,2147483647,-85,3,Movistar,false,false
1428138908304,2147483647,2147483647,2147483647,2147483647,-87,3,Movistar,false,false
1428138908304,2147483647,2147483647,2147483647,2147483647,-101,3,Movistar,false,false
1428138908304,2147483647,2147483647,2147483647,2147483647,-105,3,Movistar,false,false
1428138908304,2147483647,2147483647,2147483647,2147483647,-107,3,Movistar,false,false
1428138908304,2147483647,2147483647,2147483647,2147483647,-107,3,Movistar,false,false
1428138908304,2147483647,2147483647,2147483647,2147483647,-107,3,Movistar,false,false
1428138968353,-1,-1,-1,-1,0,3,Movistar,true,false
1428138968353,-1,-1,-1,-1,0,3,Movistar,false,false
1428138968353,-1,-1,-1,-1,0,3,Movistar,false,false
1428138968353,-1,-1,-1,-1,0,3,Movistar,false,false
1428138968353,-1,-1,-1,-1,0,3,Movistar,false,false
1428138968353,2147483647,2147483647,2147483647,2147483647,-85,3,Movistar,false,false
1428138968353,2147483647,2147483647,2147483647,2147483647,-85,3,Movistar,false,false
1428138968353,2147483647,2147483647,2147483647,2147483647,-87,3,Movistar,false,false
1428138968353,2147483647,2147483647,2147483647,2147483647,-103,3,Movistar,false,false
1428138968353,2147483647,2147483647,2147483647,2147483647,-105,3,Movistar,false,false
1428138968353,2147483647,2147483647,2147483647,2147483647,-107,3,Movistar,false,false
1428138968353,2147483647,2147483647,2147483647,2147483647,-107,3,Movistar,false,false
1428138968353,2147483647,2147483647,2147483647,2147483647,-109,3,Movistar,false,false
1428139028462,-1,-1,-1,-1,0,3,Movistar,true,false
1428139028462,-1,-1,-1,-1,0,3,Movistar,false,false
1428139028462,-1,-1,-1,-1,0,3,Movistar,false,false
1428139028462,-1,-1,-1,-1,0,3,Movistar,false,false
1428139028462,-1,-1,-1,-1,0,3,Movistar,false,false
1428139028462,2147483647,2147483647,2147483647,2147483647,-87,3,Movistar,false,false
1428139028462,2147483647,2147483647,2147483647,2147483647,-87,3,Movistar,false,false
1428139028462,2147483647,2147483647,2147483647,2147483647,-87,3,Movistar,false,false
1428139028462,2147483647,2147483647,2147483647,2147483647,-103,3,Movistar,false,false
1428139028462,2147483647,2147483647,2147483647,2147483647,-105,3,Movistar,false,false
1428139028462,2147483647,2147483647,2147483647,2147483647,-107,3,Movistar,false,false
1428139028462,2147483647,2147483647,2147483647,2147483647,-107,3,Movistar,false,false
1428139028462,2147483647,2147483647,2147483647,2147483647,-109,3,Movistar,false,false
1428139088530,-1,-1,-1,-1,0,3,Movistar,true,false
1428139088530,-1,-1,-1,-1,0,3,Movistar,false,false
1428139088530,-1,-1,-1,-1,0,3,Movistar,false,false
1428139088530,-1,-1,-1,-1,0,3,Movistar,false,false
1428139088530,-1,-1,-1,-1,0,3,Movistar,false,false
1428139088530,2147483647,2147483647,2147483647,2147483647,-85,3,Movistar,false,false
1428139088530,2147483647,2147483647,2147483647,2147483647,-87,3,Movistar,false,false
1428139088530,2147483647,2147483647,2147483647,2147483647,-87,3,Movistar,false,false
1428139088530,2147483647,2147483647,2147483647,2147483647,-101,3,Movistar,false,false
1428139088530,2147483647,2147483647,2147483647,2147483647,-105,3,Movistar,false,false
1428139088530,2147483647,2147483647,2147483647,2147483647,-107,3,Movistar,false,false
1428139088530,2147483647,2147483647,2147483647,2147483647,-109,3,Movistar,false,false
1428139088530,2147483647,2147483647,2147483647,2147483647,-109,3,Movistar,false,false
1428139169205,-1,-1,-1,-1,0,3,Movistar,true,false
1428139169205,-1,-1,-1,-1,0,3,Movistar,false,false
1428139169205,-1,-1,-1,-1,0,3,Movistar,false,false
1428139169205,-1,-1,-1,-1,0,3,Movistar,false,false
1428139169205,-1,-1,-1,-1,0,3,Movistar,false,false
1428139169205,-1,-1,-1,-1,0,3,Movistar,false,false
1428139169205,2147483647,2147483647,2147483647,2147483647,-85,3,Movistar,false,false
1428139169205,2147483647,2147483647,2147483647,2147483647,-87,3,Movistar,false,false
1428139169205,2147483647,2147483647,2147483647,2147483647,-87,3,Movistar,false,false
1428139169205,2147483647,2147483647,2147483647,2147483647,-101,3,Movistar,false,false
1428139169205,2147483647,2147483647,2147483647,2147483647,-105,3,Movistar,false,false
1428139169205,2147483647,2147483647,2147483647,2147483647,-107,3,Movistar,false,false
1428139169205,2147483647,2147483647,2147483647,2147483647,-109,3,Movistar,false,false
1428139169205,2147483647,2147483647,2147483647,2147483647,-109,3,Movistar,false,false
1428139229660,-1,-1,-1,-1,0,3,Movistar,true,false
1428139229660,-1,-1,-1,-1,0,3,Movistar,false,false
1428139229660,-1,-1,-1,-1,0,3,Movistar,false,false
1428139229660,-1,-1,-1,-1,0,3,Movistar,false,false
1428139229660,-1,-1,-1,-1,0,3,Movistar,false,false
1428139229660,-1,-1,-1,-1,0,3,Movistar,false,false
1428139229660,2147483647,2147483647,2147483647,2147483647,-85,3,Movistar,false,false
1428139229660,2147483647,2147483647,2147483647,2147483647,-87,3,Movistar,false,false
1428139229660,2147483647,2147483647,2147483647,2147483647,-87,3,Movistar,false,false
1428139229660,2147483647,2147483647,2147483647,2147483647,-101,3,Movistar,false,false
1428139229660,2147483647,2147483647,2147483647,2147483647,-105,3,Movistar,false,false
1428139229660,2147483647,2147483647,2147483647,2147483647,-107,3,Movistar,false,false
1428139229660,2147483647,2147483647,2147483647,2147483647,-109,3,Movistar,false,false
1428139229660,2147483647,2147483647,2147483647,2147483647,-109,3,Movistar,false,false
1428139289743,-1,-1,-1,-1,0,3,Movistar,true,false
1428139289743,-1,-1,-1,-1,0,3,Movistar,false,false
1428139289743,-1,-1,-1,-1,0,3,Movistar,false,false
1428139289743,-1,-1,-1,-1,0,3,Movistar,false,false
1428139289743,-1,-1,-1,-1,0,3,Movistar,false,false
1428139289743,2147483647,2147483647,2147483647,2147483647,-85,3,Movistar,false,false
1428139289743,2147483647,2147483647,2147483647,2147483647,-87,3,Movistar,false,false
1428139289743,2147483647,2147483647,2147483647,2147483647,-87,3,Movistar,false,false
1428139289743,2147483647,2147483647,2147483647,2147483647,-101,3,Movistar,false,false
1428139289743,2147483647,2147483647,2147483647,2147483647,-105,3,Movistar,false,false
1428139289743,2147483647,2147483647,2147483647,2147483647,-107,3,Movistar,false,false
1428139289743,2147483647,2147483647,2147483647,2147483647,-109,3,Movistar,false,false
1428139289743,2147483647,2147483647,2147483647,2147483647,-109,3,Movistar,false,false
1428139371909,-1,-1,-1,-1,0,3,Movistar,true,false
1428139371909,-1,-1,-1,-1,0,3,Movistar,false,false
1428139371909,-1,-1,-1,-1,0,3,Movistar,false,false
1428139371909,-1,-1,-1,-1,0,3,Movistar,false,false
1428139371909,-1,-1,-1,-1,0,3,Movistar,false,false
1428139371909,2147483647,2147483647,2147483647,2147483647,-85,3,Movistar,false,false
1428139371909,2147483647,2147483647,2147483647,2147483647,-87,3,Movistar,false,false
1428139371909,2147483647,2147483647,2147483647,2147483647,-87,3,Movistar,false,false
1428139371909,2147483647,2147483647,2147483647,2147483647,-101,3,Movistar,false,false
1428139371909,2147483647,2147483647,2147483647,2147483647,-105,3,Movistar,false,false
1428139371909,2147483647,2147483647,2147483647,2147483647,-107,3,Movistar,false,false
1428139371909,2147483647,2147483647,2147483647,2147483647,-109,3,Movistar,false,false
1428139371909,2147483647,2147483647,2147483647,2147483647,-109,3,Movistar,false,false
1428139431985,-1,-1,-1,-1,0,3,Movistar,true,false
1428139431985,-1,-1,-1,-1,0,3,Movistar,false,false
1428139431985,-1,-1,-1,-1,0,3,Movistar,false,false
1428139431985,-1,-1,-1,-1,0,3,Movistar,false,false
1428139431985,-1,-1,-1,-1,0,3,Movistar,false,false
1428139431985,-1,-1,-1,-1,0,3,Movistar,false,false
1428139431985,2147483647,2147483647,2147483647,2147483647,-85,3,Movistar,false,false
1428139431985,2147483647,2147483647,2147483647,2147483647,-87,3,Movistar,false,false
1428139431985,2147483647,2147483647,2147483647,2147483647,-87,3,Movistar,false,false
1428139431985,2147483647,2147483647,2147483647,2147483647,-101,3,Movistar,false,false
1428139431985,2147483647,2147483647,2147483647,2147483647,-105,3,Movistar,false,false
1428139431985,2147483647,2147483647,2147483647,2147483647,-107,3,Movistar,false,false
1428139431985,2147483647,2147483647,2147483647,2147483647,-109,3,Movistar,false,false
1428139431985,2147483647,2147483647,2147483647,2147483647,-109,3,Movistar,false,false
1428139492572,-1,-1,-1,-1,0,3,Movistar,true,false
1428139492572,-1,-1,-1,-1,0,3,Movistar,false,false
1428139492572,-1,-1,-1,-1,0,3,Movistar,false,false
1428139492572,-1,-1,-1,-1,0,3,Movistar,false,false
1428139492572,-1,-1,-1,-1,0,3,Movistar,false,false
1428139492572,-1,-1,-1,-1,0,3,Movistar,false,false
1428139492572,2147483647,2147483647,2147483647,2147483647,-85,3,Movistar,false,false
1428139492572,2147483647,2147483647,2147483647,2147483647,-87,3,Movistar,false,false
1428139492572,2147483647,2147483647,2147483647,2147483647,-87,3,Movistar,false,false
1428139492572,2147483647,2147483647,2147483647,2147483647,-101,3,Movistar,false,false
1428139492572,2147483647,2147483647,2147483647,2147483647,-105,3,Movistar,false,false
1428139492572,2147483647,2147483647,2147483647,2147483647,-107,3,Movistar,false,false
1428139492572,2147483647,2147483647,2147483647,2147483647,-109,3,Movistar,false,false
1428139492572,2147483647,2147483647,2147483647,2147483647,-109,3,Movistar,false,false
1428139576425,-1,-1,-1,-1,0,3,Movistar,true,false
1428139576425,-1,-1,-1,-1,0,3,Movistar,false,false
1428139576425,-1,-1,-1,-1,0,3,Movistar,false,false
1428139576425,-1,-1,-1,-1,0,3,Movistar,false,false
1428139576425,-1,-1,-1,-1,0,3,Movistar,false,false
1428139576425,-1,-1,-1,-1,0,3,Movistar,false,false
1428139576425,2147483647,2147483647,2147483647,2147483647,-85,3,Movistar,false,false
1428139576425,2147483647,2147483647,2147483647,2147483647,-87,3,Movistar,false,false
1428139576425,2147483647,2147483647,2147483647,2147483647,-87,3,Movistar,false,false
1428139576425,2147483647,2147483647,2147483647,2147483647,-101,3,Movistar,false,false
1428139576425,2147483647,2147483647,2147483647,2147483647,-105,3,Movistar,false,false
1428139576425,2147483647,2147483647,2147483647,2147483647,-107,3,Movistar,false,false
1428139576425,2147483647,2147483647,2147483647,2147483647,-109,3,Movistar,false,false
1428139576425,2147483647,2147483647,2147483647,2147483647,-109,3,Movistar,false,false
1428139644488,-1,-1,-1,-1,0,3,Movistar,true,false
1428139704650,-1,-1,-1,-1,0,3,Movistar,true,false
1428139704650,-1,-1,-1,-1,0,3,Movistar,false,false
1428139704650,-1,-1,-1,-1,0,3,Movistar,false,false
1428139704650,-1,-1,-1,-1,0,3,Movistar,false,false
1428139704650,-1,-1,-1,-1,0,3,Movistar,false,false
1428139704650,-1,-1,-1,-1,0,3,Movistar,false,false
1428139704650,2147483647,2147483647,2147483647,2147483647,-85,3,Movistar,false,false
1428139704650,2147483647,2147483647,2147483647,2147483647,-87,3,Movistar,false,false
1428139704650,2147483647,2147483647,2147483647,2147483647,-87,3,Movistar,false,false
1428139704650,2147483647,2147483647,2147483647,2147483647,-101,3,Movistar,false,false
1428139704650,2147483647,2147483647,2147483647,2147483647,-105,3,Movistar,false,false
1428139704650,2147483647,2147483647,2147483647,2147483647,-107,3,Movistar,false,false
1428139704650,2147483647,2147483647,2147483647,2147483647,-109,3,Movistar,false,false
1428139704650,2147483647,2147483647,2147483647,2147483647,-109,3,Movistar,false,false
1428139770223,-1,-1,-1,-1,0,3,Movistar,true,false
1428139770223,-1,-1,-1,-1,0,3,Movistar,false,false
1428139770223,-1,-1,-1,-1,0,3,Movistar,false,false
1428139770223,-1,-1,-1,-1,0,3,Movistar,false,false
1428139770223,-1,-1,-1,-1,0,3,Movistar,false,false
1428139770223,-1,-1,-1,-1,0,3,Movistar,false,false
1428139770223,2147483647,2147483647,2147483647,2147483647,-85,3,Movistar,false,false
1428139770223,2147483647,2147483647,2147483647,2147483647,-87,3,Movistar,false,false
1428139770223,2147483647,2147483647,2147483647,2147483647,-87,3,Movistar,false,false
1428139770223,2147483647,2147483647,2147483647,2147483647,-101,3,Movistar,false,false
1428139770223,2147483647,2147483647,2147483647,2147483647,-105,3,Movistar,false,false
1428139770223,2147483647,2147483647,2147483647,2147483647,-107,3,Movistar,false,false
1428139770223,2147483647,2147483647,2147483647,2147483647,-109,3,Movistar,false,false
1428139770223,2147483647,2147483647,2147483647,2147483647,-109,3,Movistar,false,false
1428139830353,-1,-1,-1,-1,0,3,Movistar,true,false
1428139830353,-1,-1,-1,-1,0,3,Movistar,false,false
1428139830353,-1,-1,-1,-1,0,3,Movistar,false,false
1428139830353,-1,-1,-1,-1,0,3,Movistar,false,false
1428139830353,-1,-1,-1,-1,0,3,Movistar,false,false
1428139830353,-1,-1,-1,-1,0,3,Movistar,false,false
1428139830353,2147483647,2147483647,2147483647,2147483647,-85,3,Movistar,false,false
1428139830353,2147483647,2147483647,2147483647,2147483647,-87,3,Movistar,false,false
1428139830353,2147483647,2147483647,2147483647,2147483647,-87,3,Movistar,false,false
1428139830353,2147483647,2147483647,2147483647,2147483647,-101,3,Movistar,false,false
1428139830353,2147483647,2147483647,2147483647,2147483647,-105,3,Movistar,false,false
1428139830353,2147483647,2147483647,2147483647,2147483647,-107,3,Movistar,false,false
1428139830353,2147483647,2147483647,2147483647,2147483647,-109,3,Movistar,false,false
1428139830353,2147483647,2147483647,2147483647,2147483647,-109,3,Movistar,false,false
1428139890441,-1,-1,-1,-1,0,3,Movistar,true,false
1428139890441,-1,-1,-1,-1,0,3,Movistar,false,false
1428139890441,-1,-1,-1,-1,0,3,Movistar,false,false
1428139890441,-1,-1,-1,-1,0,3,Movistar,false,false
1428139890441,-1,-1,-1,-1,0,3,Movistar,false,false
1428139890441,-1,-1,-1,-1,0,3,Movistar,false,false
1428139890441,2147483647,2147483647,2147483647,2147483647,-85,3,Movistar,false,false
1428139890441,2147483647,2147483647,2147483647,2147483647,-87,3,Movistar,false,false
1428139890441,2147483647,2147483647,2147483647,2147483647,-87,3,Movistar,false,false
1428139890441,2147483647,2147483647,2147483647,2147483647,-101,3,Movistar,false,false
1428139890441,2147483647,2147483647,2147483647,2147483647,-105,3,Movistar,false,false
1428139890441,2147483647,2147483647,2147483647,2147483647,-107,3,Movistar,false,false
1428139890441,2147483647,2147483647,2147483647,2147483647,-109,3,Movistar,false,false
1428139890441,2147483647,2147483647,2147483647,2147483647,-109,3,Movistar,false,false
1428139950541,-1,-1,-1,-1,0,3,Movistar,true,false
1428139950541,-1,-1,-1,-1,0,3,Movistar,false,false
1428139950541,-1,-1,-1,-1,0,3,Movistar,false,false
1428139950541,-1,-1,-1,-1,0,3,Movistar,false,false
1428139950541,-1,-1,-1,-1,0,3,Movistar,false,false
1428139950541,-1,-1,-1,-1,0,3,Movistar,false,false
1428139950541,2147483647,2147483647,2147483647,2147483647,-85,3,Movistar,false,false
1428139950541,2147483647,2147483647,2147483647,2147483647,-87,3,Movistar,false,false
1428139950541,2147483647,2147483647,2147483647,2147483647,-87,3,Movistar,false,false
1428139950541,2147483647,2147483647,2147483647,2147483647,-101,3,Movistar,false,false
1428139950541,2147483647,2147483647,2147483647,2147483647,-105,3,Movistar,false,false
1428139950541,2147483647,2147483647,2147483647,2147483647,-107,3,Movistar,false,false
1428139950541,2147483647,2147483647,2147483647,2147483647,-109,3,Movistar,false,false
1428139950541,2147483647,2147483647,2147483647,2147483647,-109,3,Movistar,false,false
1428140010572,-1,-1,-1,-1,0,3,Movistar,true,false
1428140010572,-1,-1,-1,-1,0,3,Movistar,false,false
1428140010572,-1,-1,-1,-1,0,3,Movistar,false,false
1428140010572,-1,-1,-1,-1,0,3,Movistar,false,false
1428140010572,-1,-1,-1,-1,0,3,Movistar,false,false
1428140010572,-1,-1,-1,-1,0,3,Movistar,false,false
1428140010572,2147483647,2147483647,2147483647,2147483647,-85,3,Movistar,false,false
1428140010572,2147483647,2147483647,2147483647,2147483647,-87,3,Movistar,false,false
1428140010572,2147483647,2147483647,2147483647,2147483647,-87,3,Movistar,false,false
1428140010572,2147483647,2147483647,2147483647,2147483647,-101,3,Movistar,false,false
1428140010572,2147483647,2147483647,2147483647,2147483647,-105,3,Movistar,false,false
1428140010572,2147483647,2147483647,2147483647,2147483647,-107,3,Movistar,false,false
1428140010572,2147483647,2147483647,2147483647,2147483647,-109,3,Movistar,false,false
1428140010572,2147483647,2147483647,2147483647,2147483647,-109,3,Movistar,false,false
1428140075862,-1,-1,-1,-1,0,3,Movistar,true,false
1428140075862,-1,-1,-1,-1,0,3,Movistar,false,false
1428140075862,-1,-1,-1,-1,0,3,Movistar,false,false
1428140075862,-1,-1,-1,-1,0,3,Movistar,false,false
1428140075862,-1,-1,-1,-1,0,3,Movistar,false,false
1428140075862,-1,-1,-1,-1,0,3,Movistar,false,false
1428140075862,2147483647,2147483647,2147483647,2147483647,-85,3,Movistar,false,false
1428140075862,2147483647,2147483647,2147483647,2147483647,-87,3,Movistar,false,false
1428140075862,2147483647,2147483647,2147483647,2147483647,-87,3,Movistar,false,false
1428140075862,2147483647,2147483647,2147483647,2147483647,-101,3,Movistar,false,false
1428140075862,2147483647,2147483647,2147483647,2147483647,-105,3,Movistar,false,false
1428140075862,2147483647,2147483647,2147483647,2147483647,-107,3,Movistar,false,false
1428140075862,2147483647,2147483647,2147483647,2147483647,-109,3,Movistar,false,false
1428140075862,2147483647,2147483647,2147483647,2147483647,-109,3,Movistar,false,false
1428140135953,-1,-1,-1,-1,0,3,Movistar,true,false
1428140135953,-1,-1,-1,-1,0,3,Movistar,false,false
1428140135953,-1,-1,-1,-1,0,3,Movistar,false,false
1428140135953,-1,-1,-1,-1,0,3,Movistar,false,false
1428140135953,-1,-1,-1,-1,0,3,Movistar,false,false
1428140135953,-1,-1,-1,-1,0,3,Movistar,false,false
1428140135953,2147483647,2147483647,2147483647,2147483647,-85,3,Movistar,false,false
1428140135953,2147483647,2147483647,2147483647,2147483647,-87,3,Movistar,false,false
1428140135953,2147483647,2147483647,2147483647,2147483647,-87,3,Movistar,false,false
1428140135953,2147483647,2147483647,2147483647,2147483647,-101,3,Movistar,false,false
1428140135953,2147483647,2147483647,2147483647,2147483647,-105,3,Movistar,false,false
1428140135953,2147483647,2147483647,2147483647,2147483647,-107,3,Movistar,false,false
1428140135953,2147483647,2147483647,2147483647,2147483647,-109,3,Movistar,false,false
1428140135953,2147483647,2147483647,2147483647,2147483647,-109,3,Movistar,false,false
1428140196007,-1,-1,-1,-1,0,3,Movistar,true,false
1428140196007,-1,-1,-1,-1,0,3,Movistar,false,false
1428140196007,-1,-1,-1,-1,0,3,Movistar,false,false
1428140196007,-1,-1,-1,-1,0,3,Movistar,false,false
1428140196007,-1,-1,-1,-1,0,3,Movistar,false,false
1428140196007,-1,-1,-1,-1,0,3,Movistar,false,false
1428140196007,2147483647,2147483647,2147483647,2147483647,-85,3,Movistar,false,false
1428140196007,2147483647,2147483647,2147483647,2147483647,-87,3,Movistar,false,false
1428140196007,2147483647,2147483647,2147483647,2147483647,-87,3,Movistar,false,false
1428140196007,2147483647,2147483647,2147483647,2147483647,-101,3,Movistar,false,false
1428140196007,2147483647,2147483647,2147483647,2147483647,-105,3,Movistar,false,false
1428140196007,2147483647,2147483647,2147483647,2147483647,-107,3,Movistar,false,false
1428140196007,2147483647,2147483647,2147483647,2147483647,-109,3,Movistar,false,false
1428140196007,2147483647,2147483647,2147483647,2147483647,-109,3,Movistar,false,false
1428140258663,-1,-1,-1,-1,0,3,Movistar,true,false
1428140258663,-1,-1,-1,-1,0,3,Movistar,false,false
1428140258663,-1,-1,-1,-1,0,3,Movistar,false,false
1428140258663,-1,-1,-1,-1,0,3,Movistar,false,false
1428140258663,-1,-1,-1,-1,0,3,Movistar,false,false
1428140258663,-1,-1,-1,-1,0,3,Movistar,false,false
1428140258663,2147483647,2147483647,2147483647,2147483647,-85,3,Movistar,false,false
1428140258663,2147483647,2147483647,2147483647,2147483647,-87,3,Movistar,false,false
1428140258663,2147483647,2147483647,2147483647,2147483647,-87,3,Movistar,false,false
1428140258663,2147483647,2147483647,2147483647,2147483647,-101,3,Movistar,false,false
1428140258663,2147483647,2147483647,2147483647,2147483647,-105,3,Movistar,false,false
1428140258663,2147483647,2147483647,2147483647,2147483647,-107,3,Movistar,false,false
1428140258663,2147483647,2147483647,2147483647,2147483647,-109,3,Movistar,false,false
1428140258663,2147483647,2147483647,2147483647,2147483647,-109,3,Movistar,false,false
1428140330124,-1,-1,-1,-1,0,3,Movistar,true,false
1428140330124,-1,-1,-1,-1,0,3,Movistar,false,false
1428140330124,-1,-1,-1,-1,0,3,Movistar,false,false
1428140330124,-1,-1,-1,-1,0,3,Movistar,false,false
1428140330124,-1,-1,-1,-1,0,3,Movistar,false,false
1428140330124,-1,-1,-1,-1,0,3,Movistar,false,false
1428140330124,2147483647,2147483647,2147483647,2147483647,-85,3,Movistar,false,false
1428140330124,2147483647,2147483647,2147483647,2147483647,-87,3,Movistar,false,false
1428140330124,2147483647,2147483647,2147483647,2147483647,-87,3,Movistar,false,false
1428140330124,2147483647,2147483647,2147483647,2147483647,-101,3,Movistar,false,false
1428140330124,2147483647,2147483647,2147483647,2147483647,-105,3,Movistar,false,false
1428140330124,2147483647,2147483647,2147483647,2147483647,-107,3,Movistar,false,false
1428140330124,2147483647,2147483647,2147483647,2147483647,-109,3,Movistar,false,false
1428140330124,2147483647,2147483647,2147483647,2147483647,-109,3,Movistar,false,false
1428140392323,-1,-1,-1,-1,0,3,Movistar,true,false
1428140392323,-1,-1,-1,-1,0,3,Movistar,false,false
1428140392323,-1,-1,-1,-1,0,3,Movistar,false,false
1428140392323,-1,-1,-1,-1,0,3,Movistar,false,false
1428140392323,-1,-1,-1,-1,0,3,Movistar,false,false
1428140392323,-1,-1,-1,-1,0,3,Movistar,false,false
1428140392323,2147483647,2147483647,2147483647,2147483647,-85,3,Movistar,false,false
1428140392323,2147483647,2147483647,2147483647,2147483647,-87,3,Movistar,false,false
1428140392323,2147483647,2147483647,2147483647,2147483647,-87,3,Movistar,false,false
1428140392323,2147483647,2147483647,2147483647,2147483647,-101,3,Movistar,false,false
1428140392323,2147483647,2147483647,2147483647,2147483647,-105,3,Movistar,false,false
1428140392323,2147483647,2147483647,2147483647,2147483647,-107,3,Movistar,false,false
1428140392323,2147483647,2147483647,2147483647,2147483647,-109,3,Movistar,false,false
1428140392323,2147483647,2147483647,2147483647,2147483647,-109,3,Movistar,false,false
1428140458267,-1,-1,-1,-1,0,3,Movistar,true,false
1428140458267,-1,-1,-1,-1,0,3,Movistar,false,false
1428140458267,-1,-1,-1,-1,0,3,Movistar,false,false
1428140458267,-1,-1,-1,-1,0,3,Movistar,false,false
1428140458267,-1,-1,-1,-1,0,3,Movistar,false,false
1428140458267,-1,-1,-1,-1,0,3,Movistar,false,false
1428140458267,2147483647,2147483647,2147483647,2147483647,-85,3,Movistar,false,false
1428140458267,2147483647,2147483647,2147483647,2147483647,-87,3,Movistar,false,false
1428140458267,2147483647,2147483647,2147483647,2147483647,-87,3,Movistar,false,false
1428140458267,2147483647,2147483647,2147483647,2147483647,-101,3,Movistar,false,false
1428140458267,2147483647,2147483647,2147483647,2147483647,-105,3,Movistar,false,false
1428140458267,2147483647,2147483647,2147483647,2147483647,-107,3,Movistar,false,false
1428140458267,2147483647,2147483647,2147483647,2147483647,-109,3,Movistar,false,false
1428140458267,2147483647,2147483647,2147483647,2147483647,-109,3,Movistar,false,false
1428140518551,-1,-1,-1,-1,0,3,Movistar,true,false
1428140518551,-1,-1,-1,-1,0,3,Movistar,false,false
1428140518551,-1,-1,-1,-1,0,3,Movistar,false,false
1428140518551,-1,-1,-1,-1,0,3,Movistar,false,false
1428140518551,-1,-1,-1,-1,0,3,Movistar,false,false
1428140518551,-1,-1,-1,-1,0,3,Movistar,false,false
1428140518551,2147483647,2147483647,2147483647,2147483647,-85,3,Movistar,false,false
1428140518551,2147483647,2147483647,2147483647,2147483647,-87,3,Movistar,false,false
1428140518551,2147483647,2147483647,2147483647,2147483647,-87,3,Movistar,false,false
1428140518551,2147483647,2147483647,2147483647,2147483647,-101,3,Movistar,false,false
1428140518551,2147483647,2147483647,2147483647,2147483647,-105,3,Movistar,false,false
1428140518551,2147483647,2147483647,2147483647,2147483647,-107,3,Movistar,false,false
1428140518551,2147483647,2147483647,2147483647,2147483647,-109,3,Movistar,false,false
1428140518551,2147483647,2147483647,2147483647,2147483647,-109,3,Movistar,false,false
1428140578700,-1,-1,-1,-1,0,3,Movistar,true,false
1428140578700,-1,-1,-1,-1,0,3,Movistar,false,false
1428140578700,-1,-1,-1,-1,0,3,Movistar,false,false
1428140578700,-1,-1,-1,-1,0,3,Movistar,false,false
1428140578700,-1,-1,-1,-1,0,3,Movistar,false,false
1428140578700,-1,-1,-1,-1,0,3,Movistar,false,false
1428140578700,2147483647,2147483647,2147483647,2147483647,-85,3,Movistar,false,false
1428140578700,2147483647,2147483647,2147483647,2147483647,-87,3,Movistar,false,false
1428140578700,2147483647,2147483647,2147483647,2147483647,-87,3,Movistar,false,false
1428140578700,2147483647,2147483647,2147483647,2147483647,-101,3,Movistar,false,false
1428140578700,2147483647,2147483647,2147483647,2147483647,-105,3,Movistar,false,false
1428140578700,2147483647,2147483647,2147483647,2147483647,-107,3,Movistar,false,false
1428140578700,2147483647,2147483647,2147483647,2147483647,-109,3,Movistar,false,false
1428140578700,2147483647,2147483647,2147483647,2147483647,-109,3,Movistar,false,false
1428140640222,-1,-1,-1,-1,0,3,Movistar,true,false
1428140640222,-1,-1,-1,-1,0,3,Movistar,false,false
1428140640222,-1,-1,-1,-1,0,3,Movistar,false,false
1428140640222,-1,-1,-1,-1,0,3,Movistar,false,false
1428140640222,-1,-1,-1,-1,0,3,Movistar,false,false
1428140640222,-1,-1,-1,-1,0,3,Movistar,false,false
1428140640222,2147483647,2147483647,2147483647,2147483647,-85,3,Movistar,false,false
1428140640222,2147483647,2147483647,2147483647,2147483647,-87,3,Movistar,false,false
1428140640222,2147483647,2147483647,2147483647,2147483647,-87,3,Movistar,false,false
1428140640222,2147483647,2147483647,2147483647,2147483647,-101,3,Movistar,false,false
1428140640222,2147483647,2147483647,2147483647,2147483647,-105,3,Movistar,false,false
1428140640222,2147483647,2147483647,2147483647,2147483647,-107,3,Movistar,false,false
1428140640222,2147483647,2147483647,2147483647,2147483647,-109,3,Movistar,false,false
1428140640222,2147483647,2147483647,2147483647,2147483647,-109,3,Movistar,false,false
1428140700271,-1,-1,-1,-1,0,3,Movistar,true,false
1428140700271,-1,-1,-1,-1,0,3,Movistar,false,false
1428140700271,-1,-1,-1,-1,0,3,Movistar,false,false
1428140700271,-1,-1,-1,-1,0,3,Movistar,false,false
1428140700271,-1,-1,-1,-1,0,3,Movistar,false,false
1428140700271,-1,-1,-1,-1,0,3,Movistar,false,false
1428140700271,2147483647,2147483647,2147483647,2147483647,-85,3,Movistar,false,false
1428140700271,2147483647,2147483647,2147483647,2147483647,-87,3,Movistar,false,false
1428140700271,2147483647,2147483647,2147483647,2147483647,-87,3,Movistar,false,false
1428140700271,2147483647,2147483647,2147483647,2147483647,-101,3,Movistar,false,false
1428140700271,2147483647,2147483647,2147483647,2147483647,-105,3,Movistar,false,false
1428140700271,2147483647,2147483647,2147483647,2147483647,-107,3,Movistar,false,false
1428140700271,2147483647,2147483647,2147483647,2147483647,-109,3,Movistar,false,false
1428140700271,2147483647,2147483647,2147483647,2147483647,-109,3,Movistar,false,false
1428140761213,-1,-1,-1,-1,0,3,Movistar,true,false
1428140823307,-1,-1,-1,-1,0,3,Movistar,true,false
1428140823307,-1,-1,-1,-1,0,3,Movistar,false,false
1428140823307,-1,-1,-1,-1,0,3,Movistar,false,false
1428140823307,-1,-1,-1,-1,0,3,Movistar,false,false
1428140823307,-1,-1,-1,-1,0,3,Movistar,false,false
1428140823307,-1,-1,-1,-1,0,3,Movistar,false,false
1428140823307,2147483647,2147483647,2147483647,2147483647,-85,3,Movistar,false,false
1428140823307,2147483647,2147483647,2147483647,2147483647,-85,3,Movistar,false,false
1428140823307,2147483647,2147483647,2147483647,2147483647,-87,3,Movistar,false,false
1428140823307,2147483647,2147483647,2147483647,2147483647,-97,3,Movistar,false,false
1428140823307,2147483647,2147483647,2147483647,2147483647,-105,3,Movistar,false,false
1428140823307,2147483647,2147483647,2147483647,2147483647,-105,3,Movistar,false,false
1428140823307,2147483647,2147483647,2147483647,2147483647,-109,3,Movistar,false,false
1428140823307,2147483647,2147483647,2147483647,2147483647,-111,3,Movistar,false,false
1428140889431,-1,-1,-1,-1,0,3,Movistar,true,false
1428140889431,-1,-1,-1,-1,0,3,Movistar,false,false
1428140889431,-1,-1,-1,-1,0,3,Movistar,false,false
1428140889431,-1,-1,-1,-1,0,3,Movistar,false,false
1428140889431,-1,-1,-1,-1,0,3,Movistar,false,false
1428140889431,-1,-1,-1,-1,0,3,Movistar,false,false
1428140889431,2147483647,2147483647,2147483647,2147483647,-85,3,Movistar,false,false
1428140889431,2147483647,2147483647,2147483647,2147483647,-85,3,Movistar,false,false
1428140889431,2147483647,2147483647,2147483647,2147483647,-87,3,Movistar,false,false
1428140889431,2147483647,2147483647,2147483647,2147483647,-97,3,Movistar,false,false
1428140889431,2147483647,2147483647,2147483647,2147483647,-105,3,Movistar,false,false
1428140889431,2147483647,2147483647,2147483647,2147483647,-105,3,Movistar,false,false
1428140889431,2147483647,2147483647,2147483647,2147483647,-109,3,Movistar,false,false
1428140889431,2147483647,2147483647,2147483647,2147483647,-111,3,Movistar,false,false
1428140949514,-1,-1,-1,-1,0,3,Movistar,true,false
1428140949514,-1,-1,-1,-1,0,3,Movistar,false,false
1428140949514,-1,-1,-1,-1,0,3,Movistar,false,false
1428140949514,-1,-1,-1,-1,0,3,Movistar,false,false
1428140949514,-1,-1,-1,-1,0,3,Movistar,false,false
1428140949514,-1,-1,-1,-1,0,3,Movistar,false,false
1428140949514,2147483647,2147483647,2147483647,2147483647,-85,3,Movistar,false,false
1428140949514,2147483647,2147483647,2147483647,2147483647,-85,3,Movistar,false,false
1428140949514,2147483647,2147483647,2147483647,2147483647,-87,3,Movistar,false,false
1428140949514,2147483647,2147483647,2147483647,2147483647,-97,3,Movistar,false,false
1428140949514,2147483647,2147483647,2147483647,2147483647,-105,3,Movistar,false,false
1428140949514,2147483647,2147483647,2147483647,2147483647,-105,3,Movistar,false,false
1428140949514,2147483647,2147483647,2147483647,2147483647,-109,3,Movistar,false,false
1428140949514,2147483647,2147483647,2147483647,2147483647,-111,3,Movistar,false,false
1428141011684,-1,-1,-1,-1,0,3,Movistar,true,false
1428141011684,-1,-1,-1,-1,0,3,Movistar,false,false
1428141011684,-1,-1,-1,-1,0,3,Movistar,false,false
1428141011684,-1,-1,-1,-1,0,3,Movistar,false,false
1428141011684,-1,-1,-1,-1,0,3,Movistar,false,false
1428141011684,-1,-1,-1,-1,0,3,Movistar,false,false
1428141011684,2147483647,2147483647,2147483647,2147483647,-85,3,Movistar,false,false
1428141011684,2147483647,2147483647,2147483647,2147483647,-85,3,Movistar,false,false
1428141011684,2147483647,2147483647,2147483647,2147483647,-87,3,Movistar,false,false
1428141011684,2147483647,2147483647,2147483647,2147483647,-97,3,Movistar,false,false
1428141011684,2147483647,2147483647,2147483647,2147483647,-105,3,Movistar,false,false
1428141011684,2147483647,2147483647,2147483647,2147483647,-105,3,Movistar,false,false
1428141011684,2147483647,2147483647,2147483647,2147483647,-109,3,Movistar,false,false
1428141011684,2147483647,2147483647,2147483647,2147483647,-111,3,Movistar,false,false
1428141074613,-1,-1,-1,-1,0,3,Movistar,true,false
1428141074613,-1,-1,-1,-1,0,3,Movistar,false,false
1428141074613,-1,-1,-1,-1,0,3,Movistar,false,false
1428141074613,-1,-1,-1,-1,0,3,Movistar,false,false
1428141074613,-1,-1,-1,-1,0,3,Movistar,false,false
1428141074613,-1,-1,-1,-1,0,3,Movistar,false,false
1428141074613,2147483647,2147483647,2147483647,2147483647,-85,3,Movistar,false,false
1428141074613,2147483647,2147483647,2147483647,2147483647,-85,3,Movistar,false,false
1428141074613,2147483647,2147483647,2147483647,2147483647,-87,3,Movistar,false,false
1428141074613,2147483647,2147483647,2147483647,2147483647,-97,3,Movistar,false,false
1428141074613,2147483647,2147483647,2147483647,2147483647,-105,3,Movistar,false,false
1428141074613,2147483647,2147483647,2147483647,2147483647,-105,3,Movistar,false,false
1428141074613,2147483647,2147483647,2147483647,2147483647,-109,3,Movistar,false,false
1428141074613,2147483647,2147483647,2147483647,2147483647,-111,3,Movistar,false,false
1428141136624,-1,-1,-1,-1,0,3,Movistar,true,false
1428141136624,-1,-1,-1,-1,0,3,Movistar,false,false
1428141136624,-1,-1,-1,-1,0,3,Movistar,false,false
1428141136624,-1,-1,-1,-1,0,3,Movistar,false,false
1428141136624,-1,-1,-1,-1,0,3,Movistar,false,false
1428141136624,-1,-1,-1,-1,0,3,Movistar,false,false
1428141136624,2147483647,2147483647,2147483647,2147483647,-85,3,Movistar,false,false
1428141136624,2147483647,2147483647,2147483647,2147483647,-85,3,Movistar,false,false
1428141136624,2147483647,2147483647,2147483647,2147483647,-87,3,Movistar,false,false
1428141136624,2147483647,2147483647,2147483647,2147483647,-97,3,Movistar,false,false
1428141136624,2147483647,2147483647,2147483647,2147483647,-105,3,Movistar,false,false
1428141136624,2147483647,2147483647,2147483647,2147483647,-105,3,Movistar,false,false
1428141136624,2147483647,2147483647,2147483647,2147483647,-109,3,Movistar,false,false
1428141136624,2147483647,2147483647,2147483647,2147483647,-111,3,Movistar,false,false
1428141198824,-1,-1,-1,-1,0,3,Movistar,true,false
1428141198824,-1,-1,-1,-1,0,3,Movistar,false,false
1428141198824,-1,-1,-1,-1,0,3,Movistar,false,false
1428141198824,-1,-1,-1,-1,0,3,Movistar,false,false
1428141198824,-1,-1,-1,-1,0,3,Movistar,false,false
1428141198824,2147483647,2147483647,2147483647,2147483647,-85,3,Movistar,false,false
1428141198824,2147483647,2147483647,2147483647,2147483647,-85,3,Movistar,false,false
1428141198824,2147483647,2147483647,2147483647,2147483647,-87,3,Movistar,false,false
1428141198824,2147483647,2147483647,2147483647,2147483647,-97,3,Movistar,false,false
1428141198824,2147483647,2147483647,2147483647,2147483647,-105,3,Movistar,false,false
1428141198824,2147483647,2147483647,2147483647,2147483647,-105,3,Movistar,false,false
1428141198824,2147483647,2147483647,2147483647,2147483647,-109,3,Movistar,false,false
1428141198824,2147483647,2147483647,2147483647,2147483647,-111,3,Movistar,false,false
1428141265707,-1,-1,-1,-1,0,3,Movistar,true,false
1428141265707,-1,-1,-1,-1,0,3,Movistar,false,false
1428141265707,-1,-1,-1,-1,0,3,Movistar,false,false
1428141265707,-1,-1,-1,-1,0,3,Movistar,false,false
1428141265707,-1,-1,-1,-1,0,3,Movistar,false,false
1428141265707,2147483647,2147483647,2147483647,2147483647,-85,3,Movistar,false,false
1428141265707,2147483647,2147483647,2147483647,2147483647,-85,3,Movistar,false,false
1428141265707,2147483647,2147483647,2147483647,2147483647,-87,3,Movistar,false,false
1428141265707,2147483647,2147483647,2147483647,2147483647,-97,3,Movistar,false,false
1428141265707,2147483647,2147483647,2147483647,2147483647,-105,3,Movistar,false,false
1428141265707,2147483647,2147483647,2147483647,2147483647,-105,3,Movistar,false,false
1428141265707,2147483647,2147483647,2147483647,2147483647,-109,3,Movistar,false,false
1428141265707,2147483647,2147483647,2147483647,2147483647,-111,3,Movistar,false,false
1428141325834,-1,-1,-1,-1,0,3,Movistar,true,false
1428141325834,-1,-1,-1,-1,0,3,Movistar,false,false
1428141325834,-1,-1,-1,-1,0,3,Movistar,false,false
1428141325834,-1,-1,-1,-1,0,3,Movistar,false,false
1428141325834,-1,-1,-1,-1,0,3,Movistar,false,false
1428141325834,2147483647,2147483647,2147483647,2147483647,-85,3,Movistar,false,false
1428141325834,2147483647,2147483647,2147483647,2147483647,-85,3,Movistar,false,false
1428141325834,2147483647,2147483647,2147483647,2147483647,-87,3,Movistar,false,false
1428141325834,2147483647,2147483647,2147483647,2147483647,-97,3,Movistar,false,false
1428141325834,2147483647,2147483647,2147483647,2147483647,-105,3,Movistar,false,false
1428141325834,2147483647,2147483647,2147483647,2147483647,-105,3,Movistar,false,false
1428141325834,2147483647,2147483647,2147483647,2147483647,-109,3,Movistar,false,false
1428141325834,2147483647,2147483647,2147483647,2147483647,-111,3,Movistar,false,false
1428141385984,-1,-1,-1,-1,0,3,Movistar,true,false
1428141385984,-1,-1,-1,-1,0,3,Movistar,false,false
1428141385984,-1,-1,-1,-1,0,3,Movistar,false,false
1428141385984,-1,-1,-1,-1,0,3,Movistar,false,false
1428141385984,-1,-1,-1,-1,0,3,Movistar,false,false
1428141385984,2147483647,2147483647,2147483647,2147483647,-85,3,Movistar,false,false
1428141385984,2147483647,2147483647,2147483647,2147483647,-85,3,Movistar,false,false
1428141385984,2147483647,2147483647,2147483647,2147483647,-87,3,Movistar,false,false
1428141385984,2147483647,2147483647,2147483647,2147483647,-97,3,Movistar,false,false
1428141385984,2147483647,2147483647,2147483647,2147483647,-105,3,Movistar,false,false
1428141385984,2147483647,2147483647,2147483647,2147483647,-105,3,Movistar,false,false
1428141385984,2147483647,2147483647,2147483647,2147483647,-109,3,Movistar,false,false
1428141385984,2147483647,2147483647,2147483647,2147483647,-111,3,Movistar,false,false
1428141446045,-1,-1,-1,-1,0,3,Movistar,true,false
1428141446045,-1,-1,-1,-1,0,3,Movistar,false,false
1428141446045,-1,-1,-1,-1,0,3,Movistar,false,false
1428141446045,-1,-1,-1,-1,0,3,Movistar,false,false
1428141446045,-1,-1,-1,-1,0,3,Movistar,false,false
1428141446045,2147483647,2147483647,2147483647,2147483647,-85,3,Movistar,false,false
1428141446045,2147483647,2147483647,2147483647,2147483647,-85,3,Movistar,false,false
1428141446045,2147483647,2147483647,2147483647,2147483647,-87,3,Movistar,false,false
1428141446045,2147483647,2147483647,2147483647,2147483647,-97,3,Movistar,false,false
1428141446045,2147483647,2147483647,2147483647,2147483647,-105,3,Movistar,false,false
1428141446045,2147483647,2147483647,2147483647,2147483647,-105,3,Movistar,false,false
1428141446045,2147483647,2147483647,2147483647,2147483647,-109,3,Movistar,false,false
1428141446045,2147483647,2147483647,2147483647,2147483647,-111,3,Movistar,false,false
1428141506143,-1,-1,-1,-1,0,3,Movistar,true,false
1428141506143,-1,-1,-1,-1,0,3,Movistar,false,false
1428141506143,-1,-1,-1,-1,0,3,Movistar,false,false
1428141506143,-1,-1,-1,-1,0,3,Movistar,false,false
1428141506143,-1,-1,-1,-1,0,3,Movistar,false,false
1428141506143,2147483647,2147483647,2147483647,2147483647,-85,3,Movistar,false,false
1428141506143,2147483647,2147483647,2147483647,2147483647,-85,3,Movistar,false,false
1428141506143,2147483647,2147483647,2147483647,2147483647,-87,3,Movistar,false,false
1428141506143,2147483647,2147483647,2147483647,2147483647,-97,3,Movistar,false,false
1428141506143,2147483647,2147483647,2147483647,2147483647,-105,3,Movistar,false,false
1428141506143,2147483647,2147483647,2147483647,2147483647,-105,3,Movistar,false,false
1428141506143,2147483647,2147483647,2147483647,2147483647,-109,3,Movistar,false,false
1428141506143,2147483647,2147483647,2147483647,2147483647,-111,3,Movistar,false,false
1428141566600,-1,-1,-1,-1,0,3,Movistar,true,false
1428141566600,-1,-1,-1,-1,0,3,Movistar,false,false
1428141566600,-1,-1,-1,-1,0,3,Movistar,false,false
1428141566600,-1,-1,-1,-1,0,3,Movistar,false,false
1428141566600,-1,-1,-1,-1,0,3,Movistar,false,false
1428141626685,-1,-1,-1,-1,0,3,Movistar,true,false
1428141626685,-1,-1,-1,-1,0,3,Movistar,false,false
1428141626685,-1,-1,-1,-1,0,3,Movistar,false,false
1428141626685,-1,-1,-1,-1,0,3,Movistar,false,false
1428141626685,-1,-1,-1,-1,0,3,Movistar,false,false
1428141686777,-1,-1,-1,-1,0,3,Movistar,true,false
1428141686777,-1,-1,-1,-1,0,3,Movistar,false,false
1428141686777,-1,-1,-1,-1,0,3,Movistar,false,false
1428141686777,-1,-1,-1,-1,0,3,Movistar,false,false
1428141686777,-1,-1,-1,-1,0,3,Movistar,false,false
1428141767440,-1,-1,-1,-1,0,3,Movistar,true,false
1428141767440,-1,-1,-1,-1,0,3,Movistar,false,false
1428141767440,-1,-1,-1,-1,0,3,Movistar,false,false
1428141767440,-1,-1,-1,-1,0,3,Movistar,false,false
1428141767440,-1,-1,-1,-1,0,3,Movistar,false,false
1428141827900,-1,-1,-1,-1,0,3,Movistar,true,false
1428141827900,-1,-1,-1,-1,0,3,Movistar,false,false
1428141827900,-1,-1,-1,-1,0,3,Movistar,false,false
1428141827900,-1,-1,-1,-1,0,3,Movistar,false,false
1428141827900,-1,-1,-1,-1,0,3,Movistar,false,false
1428141888398,-1,-1,-1,-1,0,3,Movistar,true,false
1428141951965,-1,-1,-1,-1,0,3,Movistar,true,false
1428141951965,-1,-1,-1,-1,0,3,Movistar,false,false
1428141951965,-1,-1,-1,-1,0,3,Movistar,false,false
1428141951965,-1,-1,-1,-1,0,3,Movistar,false,false
1428141951965,-1,-1,-1,-1,0,3,Movistar,false,false
1428142012163,-1,-1,-1,-1,0,3,Movistar,true,false
1428142012163,-1,-1,-1,-1,0,3,Movistar,false,false
1428142012163,-1,-1,-1,-1,0,3,Movistar,false,false
1428142012163,-1,-1,-1,-1,0,3,Movistar,false,false
1428142012163,-1,-1,-1,-1,0,3,Movistar,false,false
1428142072240,-1,-1,-1,-1,0,3,Movistar,true,false
1428142072240,-1,-1,-1,-1,0,3,Movistar,false,false
1428142072240,-1,-1,-1,-1,0,3,Movistar,false,false
1428142072240,-1,-1,-1,-1,0,3,Movistar,false,false
1428142072240,-1,-1,-1,-1,0,3,Movistar,false,false
1428142144082,-1,-1,-1,-1,0,3,Movistar,true,false
1428142144082,-1,-1,-1,-1,0,3,Movistar,false,false
1428142144082,-1,-1,-1,-1,0,3,Movistar,false,false
1428142144082,-1,-1,-1,-1,0,3,Movistar,false,false
1428142144082,-1,-1,-1,-1,0,3,Movistar,false,false
1428142204188,-1,-1,-1,-1,0,3,Movistar,true,false
1428142204188,-1,-1,-1,-1,0,3,Movistar,false,false
1428142204188,-1,-1,-1,-1,0,3,Movistar,false,false
1428142204188,-1,-1,-1,-1,0,3,Movistar,false,false
1428142204188,-1,-1,-1,-1,0,3,Movistar,false,false
1428142264248,-1,-1,-1,-1,0,3,Movistar,true,false
1428142264248,-1,-1,-1,-1,0,3,Movistar,false,false
1428142264248,-1,-1,-1,-1,0,3,Movistar,false,false
1428142264248,-1,-1,-1,-1,0,3,Movistar,false,false
1428142264248,-1,-1,-1,-1,0,3,Movistar,false,false
1428142326470,-1,-1,-1,-1,0,3,Movistar,true,false
1428142326470,-1,-1,-1,-1,0,3,Movistar,false,false
1428142326470,-1,-1,-1,-1,0,3,Movistar,false,false
1428142326470,-1,-1,-1,-1,0,3,Movistar,false,false
1428142326470,-1,-1,-1,-1,0,3,Movistar,false,false
1428142406625,-1,-1,-1,-1,0,3,Movistar,true,false
1428142406625,-1,-1,-1,-1,0,3,Movistar,false,false
1428142406625,-1,-1,-1,-1,0,3,Movistar,false,false
1428142406625,-1,-1,-1,-1,0,3,Movistar,false,false
1428142406625,-1,-1,-1,-1,0,3,Movistar,false,false
1428142466663,-1,-1,-1,-1,0,3,Movistar,true,false
1428142466663,-1,-1,-1,-1,0,3,Movistar,false,false
1428142466663,-1,-1,-1,-1,0,3,Movistar,false,false
1428142466663,-1,-1,-1,-1,0,3,Movistar,false,false
1428142466663,-1,-1,-1,-1,0,3,Movistar,false,false
1428142528920,-1,-1,-1,-1,0,3,Movistar,true,false
1428142528920,-1,-1,-1,-1,0,3,Movistar,false,false
1428142528920,-1,-1,-1,-1,0,3,Movistar,false,false
1428142528920,-1,-1,-1,-1,0,3,Movistar,false,false
1428142528920,-1,-1,-1,-1,0,3,Movistar,false,false
1428142589004,-1,-1,-1,-1,0,3,Movistar,true,false
1428142589004,-1,-1,-1,-1,0,3,Movistar,false,false
1428142589004,-1,-1,-1,-1,0,3,Movistar,false,false
1428142589004,-1,-1,-1,-1,0,3,Movistar,false,false
1428142589004,-1,-1,-1,-1,0,3,Movistar,false,false
1428142669223,-1,-1,-1,-1,0,3,Movistar,true,false
1428142669223,-1,-1,-1,-1,0,3,Movistar,false,false
1428142669223,-1,-1,-1,-1,0,3,Movistar,false,false
1428142669223,-1,-1,-1,-1,0,3,Movistar,false,false
1428142669223,-1,-1,-1,-1,0,3,Movistar,false,false
1428142729333,-1,-1,-1,-1,0,3,Movistar,true,false
1428142729333,-1,-1,-1,-1,0,3,Movistar,false,false
1428142729333,-1,-1,-1,-1,0,3,Movistar,false,false
1428142729333,-1,-1,-1,-1,0,3,Movistar,false,false
1428142729333,-1,-1,-1,-1,0,3,Movistar,false,false
1428142791051,-1,-1,-1,-1,0,3,Movistar,true,false
1428142791051,-1,-1,-1,-1,0,3,Movistar,false,false
1428142791051,-1,-1,-1,-1,0,3,Movistar,false,false
1428142791051,-1,-1,-1,-1,0,3,Movistar,false,false
1428142791051,-1,-1,-1,-1,0,3,Movistar,false,false
1428142851160,-1,-1,-1,-1,0,3,Movistar,true,false
1428142851160,-1,-1,-1,-1,0,3,Movistar,false,false
1428142851160,-1,-1,-1,-1,0,3,Movistar,false,false
1428142851160,-1,-1,-1,-1,0,3,Movistar,false,false
1428142851160,-1,-1,-1,-1,0,3,Movistar,false,false
1428142911314,-1,-1,-1,-1,0,3,Movistar,true,false
1428142911314,-1,-1,-1,-1,0,3,Movistar,false,false
1428142911314,-1,-1,-1,-1,0,3,Movistar,false,false
1428142911314,-1,-1,-1,-1,0,3,Movistar,false,false
1428142911314,-1,-1,-1,-1,0,3,Movistar,false,false
1428142971441,-1,-1,-1,-1,0,3,Movistar,true,false
1428142971441,-1,-1,-1,-1,0,3,Movistar,false,false
1428142971441,-1,-1,-1,-1,0,3,Movistar,false,false
1428142971441,-1,-1,-1,-1,0,3,Movistar,false,false
1428142971441,-1,-1,-1,-1,0,3,Movistar,false,false
1428143033275,-1,-1,-1,-1,0,3,Movistar,true,false
1428143093585,-1,-1,-1,-1,0,3,Movistar,true,false
1428143093585,-1,-1,-1,-1,0,3,Movistar,false,false
1428143093585,-1,-1,-1,-1,0,3,Movistar,false,false
1428143093585,-1,-1,-1,-1,0,3,Movistar,false,false
1428143093585,-1,-1,-1,-1,0,3,Movistar,false,false
1428143093585,2147483647,2147483647,2147483647,2147483647,-83,3,Movistar,false,false
1428143093585,2147483647,2147483647,2147483647,2147483647,-87,3,Movistar,false,false
1428143093585,2147483647,2147483647,2147483647,2147483647,-95,3,Movistar,false,false
1428143093585,2147483647,2147483647,2147483647,2147483647,-97,3,Movistar,false,false
1428143093585,2147483647,2147483647,2147483647,2147483647,-103,3,Movistar,false,false
1428143093585,2147483647,2147483647,2147483647,2147483647,-107,3,Movistar,false,false
1428143093585,2147483647,2147483647,2147483647,2147483647,-107,3,Movistar,false,false
1428143093585,2147483647,2147483647,2147483647,2147483647,-111,3,Movistar,false,false
1428143178627,-1,-1,-1,-1,0,3,Movistar,true,false
1428143178627,-1,-1,-1,-1,0,3,Movistar,false,false
1428143178627,-1,-1,-1,-1,0,3,Movistar,false,false
1428143178627,-1,-1,-1,-1,0,3,Movistar,false,false
1428143178627,-1,-1,-1,-1,0,3,Movistar,false,false
1428143178627,2147483647,2147483647,2147483647,2147483647,-83,3,Movistar,false,false
1428143178627,2147483647,2147483647,2147483647,2147483647,-87,3,Movistar,false,false
1428143178627,2147483647,2147483647,2147483647,2147483647,-95,3,Movistar,false,false
1428143178627,2147483647,2147483647,2147483647,2147483647,-97,3,Movistar,false,false
1428143178627,2147483647,2147483647,2147483647,2147483647,-103,3,Movistar,false,false
1428143178627,2147483647,2147483647,2147483647,2147483647,-107,3,Movistar,false,false
1428143178627,2147483647,2147483647,2147483647,2147483647,-107,3,Movistar,false,false
1428143178627,2147483647,2147483647,2147483647,2147483647,-111,3,Movistar,false,false
1428143245061,-1,-1,-1,-1,0,3,Movistar,true,false
1428143245061,-1,-1,-1,-1,0,3,Movistar,false,false
1428143245061,-1,-1,-1,-1,0,3,Movistar,false,false
1428143245061,-1,-1,-1,-1,0,3,Movistar,false,false
1428143245061,-1,-1,-1,-1,0,3,Movistar,false,false
1428143245061,2147483647,2147483647,2147483647,2147483647,-83,3,Movistar,false,false
1428143245061,2147483647,2147483647,2147483647,2147483647,-87,3,Movistar,false,false
1428143245061,2147483647,2147483647,2147483647,2147483647,-95,3,Movistar,false,false
1428143245061,2147483647,2147483647,2147483647,2147483647,-97,3,Movistar,false,false
1428143245061,2147483647,2147483647,2147483647,2147483647,-103,3,Movistar,false,false
1428143245061,2147483647,2147483647,2147483647,2147483647,-107,3,Movistar,false,false
1428143245061,2147483647,2147483647,2147483647,2147483647,-107,3,Movistar,false,false
1428143245061,2147483647,2147483647,2147483647,2147483647,-111,3,Movistar,false,false
1428143311641,-1,-1,-1,-1,0,3,Movistar,true,false
1428143311641,-1,-1,-1,-1,0,3,Movistar,false,false
1428143311641,-1,-1,-1,-1,0,3,Movistar,false,false
1428143311641,-1,-1,-1,-1,0,3,Movistar,false,false
1428143311641,-1,-1,-1,-1,0,3,Movistar,false,false
1428143311641,2147483647,2147483647,2147483647,2147483647,-83,3,Movistar,false,false
1428143311641,2147483647,2147483647,2147483647,2147483647,-87,3,Movistar,false,false
1428143311641,2147483647,2147483647,2147483647,2147483647,-95,3,Movistar,false,false
1428143311641,2147483647,2147483647,2147483647,2147483647,-97,3,Movistar,false,false
1428143311641,2147483647,2147483647,2147483647,2147483647,-103,3,Movistar,false,false
1428143311641,2147483647,2147483647,2147483647,2147483647,-107,3,Movistar,false,false
1428143311641,2147483647,2147483647,2147483647,2147483647,-107,3,Movistar,false,false
1428143311641,2147483647,2147483647,2147483647,2147483647,-111,3,Movistar,false,false
1428143371643,-1,-1,-1,-1,0,3,Movistar,true,false
1428143371643,-1,-1,-1,-1,0,3,Movistar,false,false
1428143371643,-1,-1,-1,-1,0,3,Movistar,false,false
1428143371643,-1,-1,-1,-1,0,3,Movistar,false,false
1428143371643,-1,-1,-1,-1,0,3,Movistar,false,false
1428143371643,2147483647,2147483647,2147483647,2147483647,-83,3,Movistar,false,false
1428143371643,2147483647,2147483647,2147483647,2147483647,-87,3,Movistar,false,false
1428143371643,2147483647,2147483647,2147483647,2147483647,-95,3,Movistar,false,false
1428143371643,2147483647,2147483647,2147483647,2147483647,-97,3,Movistar,false,false
1428143371643,2147483647,2147483647,2147483647,2147483647,-103,3,Movistar,false,false
1428143371643,2147483647,2147483647,2147483647,2147483647,-107,3,Movistar,false,false
1428143371643,2147483647,2147483647,2147483647,2147483647,-107,3,Movistar,false,false
1428143371643,2147483647,2147483647,2147483647,2147483647,-111,3,Movistar,false,false
1428143431841,-1,-1,-1,-1,0,3,Movistar,true,false
1428143431841,-1,-1,-1,-1,0,3,Movistar,false,false
1428143431841,-1,-1,-1,-1,0,3,Movistar,false,false
1428143431841,-1,-1,-1,-1,0,3,Movistar,false,false
1428143431841,-1,-1,-1,-1,0,3,Movistar,false,false
1428143431841,2147483647,2147483647,2147483647,2147483647,-83,3,Movistar,false,false
1428143431841,2147483647,2147483647,2147483647,2147483647,-87,3,Movistar,false,false
1428143431841,2147483647,2147483647,2147483647,2147483647,-95,3,Movistar,false,false
1428143431841,2147483647,2147483647,2147483647,2147483647,-97,3,Movistar,false,false
1428143431841,2147483647,2147483647,2147483647,2147483647,-103,3,Movistar,false,false
1428143431841,2147483647,2147483647,2147483647,2147483647,-107,3,Movistar,false,false
1428143431841,2147483647,2147483647,2147483647,2147483647,-107,3,Movistar,false,false
1428143431841,2147483647,2147483647,2147483647,2147483647,-111,3,Movistar,false,false
1428143512555,-1,-1,-1,-1,0,3,Movistar,true,false
1428143512555,-1,-1,-1,-1,0,3,Movistar,false,false
1428143512555,-1,-1,-1,-1,0,3,Movistar,false,false
1428143512555,-1,-1,-1,-1,0,3,Movistar,false,false
1428143512555,-1,-1,-1,-1,0,3,Movistar,false,false
1428143512555,2147483647,2147483647,2147483647,2147483647,-83,3,Movistar,false,false
1428143512555,2147483647,2147483647,2147483647,2147483647,-87,3,Movistar,false,false
1428143512555,2147483647,2147483647,2147483647,2147483647,-95,3,Movistar,false,false
1428143512555,2147483647,2147483647,2147483647,2147483647,-97,3,Movistar,false,false
1428143512555,2147483647,2147483647,2147483647,2147483647,-103,3,Movistar,false,false
1428143512555,2147483647,2147483647,2147483647,2147483647,-107,3,Movistar,false,false
1428143512555,2147483647,2147483647,2147483647,2147483647,-107,3,Movistar,false,false
1428143512555,2147483647,2147483647,2147483647,2147483647,-111,3,Movistar,false,false
1428143581541,-1,-1,-1,-1,0,3,Movistar,true,false
1428143581541,-1,-1,-1,-1,0,3,Movistar,false,false
1428143581541,-1,-1,-1,-1,0,3,Movistar,false,false
1428143581541,-1,-1,-1,-1,0,3,Movistar,false,false
1428143581541,-1,-1,-1,-1,0,3,Movistar,false,false
1428143581541,2147483647,2147483647,2147483647,2147483647,-83,3,Movistar,false,false
1428143581541,2147483647,2147483647,2147483647,2147483647,-87,3,Movistar,false,false
1428143581541,2147483647,2147483647,2147483647,2147483647,-95,3,Movistar,false,false
1428143581541,2147483647,2147483647,2147483647,2147483647,-97,3,Movistar,false,false
1428143581541,2147483647,2147483647,2147483647,2147483647,-103,3,Movistar,false,false
1428143581541,2147483647,2147483647,2147483647,2147483647,-107,3,Movistar,false,false
1428143581541,2147483647,2147483647,2147483647,2147483647,-107,3,Movistar,false,false
1428143581541,2147483647,2147483647,2147483647,2147483647,-111,3,Movistar,false,false
1428143664418,-1,-1,-1,-1,0,3,Movistar,true,false
1428143664418,-1,-1,-1,-1,0,3,Movistar,false,false
1428143664418,-1,-1,-1,-1,0,3,Movistar,false,false
1428143664418,-1,-1,-1,-1,0,3,Movistar,false,false
1428143664418,-1,-1,-1,-1,0,3,Movistar,false,false
1428143664418,2147483647,2147483647,2147483647,2147483647,-83,3,Movistar,false,false
1428143664418,2147483647,2147483647,2147483647,2147483647,-87,3,Movistar,false,false
1428143664418,2147483647,2147483647,2147483647,2147483647,-95,3,Movistar,false,false
1428143664418,2147483647,2147483647,2147483647,2147483647,-97,3,Movistar,false,false
1428143664418,2147483647,2147483647,2147483647,2147483647,-103,3,Movistar,false,false
1428143664418,2147483647,2147483647,2147483647,2147483647,-107,3,Movistar,false,false
1428143664418,2147483647,2147483647,2147483647,2147483647,-107,3,Movistar,false,false
1428143664418,2147483647,2147483647,2147483647,2147483647,-111,3,Movistar,false,false
1428143725220,-1,-1,-1,-1,0,3,Movistar,true,false
1428143725220,-1,-1,-1,-1,0,3,Movistar,false,false
1428143725220,-1,-1,-1,-1,0,3,Movistar,false,false
1428143725220,-1,-1,-1,-1,0,3,Movistar,false,false
1428143725220,-1,-1,-1,-1,0,3,Movistar,false,false
1428143725220,2147483647,2147483647,2147483647,2147483647,-83,3,Movistar,false,false
1428143725220,2147483647,2147483647,2147483647,2147483647,-87,3,Movistar,false,false
1428143725220,2147483647,2147483647,2147483647,2147483647,-95,3,Movistar,false,false
1428143725220,2147483647,2147483647,2147483647,2147483647,-97,3,Movistar,false,false
1428143725220,2147483647,2147483647,2147483647,2147483647,-103,3,Movistar,false,false
1428143725220,2147483647,2147483647,2147483647,2147483647,-107,3,Movistar,false,false
1428143725220,2147483647,2147483647,2147483647,2147483647,-107,3,Movistar,false,false
1428143725220,2147483647,2147483647,2147483647,2147483647,-111,3,Movistar,false,false
1428143789059,-1,-1,-1,-1,0,3,Movistar,true,false
1428143789059,-1,-1,-1,-1,0,3,Movistar,false,false
1428143789059,-1,-1,-1,-1,0,3,Movistar,false,false
1428143789059,-1,-1,-1,-1,0,3,Movistar,false,false
1428143789059,-1,-1,-1,-1,0,3,Movistar,false,false
1428143789059,2147483647,2147483647,2147483647,2147483647,-83,3,Movistar,false,false
1428143789059,2147483647,2147483647,2147483647,2147483647,-87,3,Movistar,false,false
1428143789059,2147483647,2147483647,2147483647,2147483647,-95,3,Movistar,false,false
1428143789059,2147483647,2147483647,2147483647,2147483647,-97,3,Movistar,false,false
1428143789059,2147483647,2147483647,2147483647,2147483647,-103,3,Movistar,false,false
1428143789059,2147483647,2147483647,2147483647,2147483647,-107,3,Movistar,false,false
1428143789059,2147483647,2147483647,2147483647,2147483647,-107,3,Movistar,false,false
1428143789059,2147483647,2147483647,2147483647,2147483647,-111,3,Movistar,false,false
1428143849111,-1,-1,-1,-1,0,3,Movistar,true,false
1428143849111,-1,-1,-1,-1,0,3,Movistar,false,false
1428143849111,-1,-1,-1,-1,0,3,Movistar,false,false
1428143849111,-1,-1,-1,-1,0,3,Movistar,false,false
1428143849111,-1,-1,-1,-1,0,3,Movistar,false,false
1428143849111,2147483647,2147483647,2147483647,2147483647,-83,3,Movistar,false,false
1428143849111,2147483647,2147483647,2147483647,2147483647,-87,3,Movistar,false,false
1428143849111,2147483647,2147483647,2147483647,2147483647,-95,3,Movistar,false,false
1428143849111,2147483647,2147483647,2147483647,2147483647,-97,3,Movistar,false,false
1428143849111,2147483647,2147483647,2147483647,2147483647,-103,3,Movistar,false,false
1428143849111,2147483647,2147483647,2147483647,2147483647,-107,3,Movistar,false,false
1428143849111,2147483647,2147483647,2147483647,2147483647,-107,3,Movistar,false,false
1428143849111,2147483647,2147483647,2147483647,2147483647,-111,3,Movistar,false,false
1428143911900,-1,-1,-1,-1,0,3,Movistar,true,false
1428143911900,-1,-1,-1,-1,0,3,Movistar,false,false
1428143911900,-1,-1,-1,-1,0,3,Movistar,false,false
1428143911900,-1,-1,-1,-1,0,3,Movistar,false,false
1428143911900,-1,-1,-1,-1,0,3,Movistar,false,false
1428143911900,2147483647,2147483647,2147483647,2147483647,-83,3,Movistar,false,false
1428143911900,2147483647,2147483647,2147483647,2147483647,-87,3,Movistar,false,false
1428143911900,2147483647,2147483647,2147483647,2147483647,-95,3,Movistar,false,false
1428143911900,2147483647,2147483647,2147483647,2147483647,-97,3,Movistar,false,false
1428143911900,2147483647,2147483647,2147483647,2147483647,-103,3,Movistar,false,false
1428143911900,2147483647,2147483647,2147483647,2147483647,-107,3,Movistar,false,false
1428143911900,2147483647,2147483647,2147483647,2147483647,-107,3,Movistar,false,false
1428143911900,2147483647,2147483647,2147483647,2147483647,-111,3,Movistar,false,false
1428143971969,-1,-1,-1,-1,0,3,Movistar,true,false
1428143971969,-1,-1,-1,-1,0,3,Movistar,false,false
1428143971969,-1,-1,-1,-1,0,3,Movistar,false,false
1428143971969,-1,-1,-1,-1,0,3,Movistar,false,false
1428143971969,-1,-1,-1,-1,0,3,Movistar,false,false
1428143971969,2147483647,2147483647,2147483647,2147483647,-83,3,Movistar,false,false
1428143971969,2147483647,2147483647,2147483647,2147483647,-87,3,Movistar,false,false
1428143971969,2147483647,2147483647,2147483647,2147483647,-95,3,Movistar,false,false
1428143971969,2147483647,2147483647,2147483647,2147483647,-97,3,Movistar,false,false
1428143971969,2147483647,2147483647,2147483647,2147483647,-103,3,Movistar,false,false
1428143971969,2147483647,2147483647,2147483647,2147483647,-107,3,Movistar,false,false
1428143971969,2147483647,2147483647,2147483647,2147483647,-107,3,Movistar,false,false
1428143971969,2147483647,2147483647,2147483647,2147483647,-111,3,Movistar,false,false
1428144037644,-1,-1,-1,-1,0,3,Movistar,true,false
1428144037644,-1,-1,-1,-1,0,3,Movistar,false,false
1428144037644,-1,-1,-1,-1,0,3,Movistar,false,false
1428144037644,-1,-1,-1,-1,0,3,Movistar,false,false
1428144037644,-1,-1,-1,-1,0,3,Movistar,false,false
1428144097697,-1,-1,-1,-1,0,3,Movistar,true,false
1428144097697,-1,-1,-1,-1,0,3,Movistar,false,false
1428144097697,-1,-1,-1,-1,0,3,Movistar,false,false
1428144097697,-1,-1,-1,-1,0,3,Movistar,false,false
1428144097697,-1,-1,-1,-1,0,3,Movistar,false,false
1428144157856,-1,-1,-1,-1,0,3,Movistar,true,false
1428144157856,2147483647,2147483647,2147483647,2147483647,-113,3,Movistar,false,false
1428144157856,2147483647,2147483647,2147483647,2147483647,-113,3,Movistar,false,false
1428144157856,2147483647,2147483647,2147483647,2147483647,-113,3,Movistar,false,false
1428144157856,2147483647,2147483647,2147483647,2147483647,-113,3,Movistar,false,false
1428144157856,2147483647,2147483647,2147483647,2147483647,-113,3,Movistar,false,false
1428144157856,2147483647,2147483647,2147483647,2147483647,-113,3,Movistar,false,false
1428144157856,2147483647,2147483647,2147483647,2147483647,-113,3,Movistar,false,false
1428144157856,2147483647,2147483647,2147483647,2147483647,-113,3,Movistar,false,false
1428144219965,-1,-1,-1,-1,0,3,Movistar,true,false
1428144219965,-1,-1,-1,-1,0,3,Movistar,false,false
1428144219965,-1,-1,-1,-1,0,3,Movistar,false,false
1428144219965,-1,-1,-1,-1,0,3,Movistar,false,false
1428144219965,-1,-1,-1,-1,0,3,Movistar,false,false
1428144282090,-1,-1,-1,-1,0,3,Movistar,true,false
1428144282090,-1,-1,-1,-1,0,3,Movistar,false,false
1428144282090,-1,-1,-1,-1,0,3,Movistar,false,false
1428144282090,-1,-1,-1,-1,0,3,Movistar,false,false
1428144282090,-1,-1,-1,-1,0,3,Movistar,false,false
1428144342311,-1,-1,-1,-1,0,3,Movistar,true,false
1428144342311,-1,-1,-1,-1,0,3,Movistar,false,false
1428144342311,-1,-1,-1,-1,0,3,Movistar,false,false
1428144342311,-1,-1,-1,-1,0,3,Movistar,false,false
1428144342311,-1,-1,-1,-1,0,3,Movistar,false,false
1428144404409,-1,-1,-1,-1,0,3,Movistar,true,false
1428144404409,-1,-1,-1,-1,0,3,Movistar,false,false
1428144404409,-1,-1,-1,-1,0,3,Movistar,false,false
1428144404409,-1,-1,-1,-1,0,3,Movistar,false,false
1428144404409,-1,-1,-1,-1,0,3,Movistar,false,false
1428144467863,-1,-1,-1,-1,0,3,Movistar,true,false
1428144467863,-1,-1,-1,-1,0,3,Movistar,false,false
1428144467863,-1,-1,-1,-1,0,3,Movistar,false,false
1428144467863,-1,-1,-1,-1,0,3,Movistar,false,false
1428144467863,-1,-1,-1,-1,0,3,Movistar,false,false
1428144527960,-1,-1,-1,-1,0,3,Movistar,true,false
1428144527960,-1,-1,-1,-1,0,3,Movistar,false,false
1428144527960,-1,-1,-1,-1,0,3,Movistar,false,false
1428144527960,-1,-1,-1,-1,0,3,Movistar,false,false
1428144527960,-1,-1,-1,-1,0,3,Movistar,false,false
1428144588152,-1,-1,-1,-1,0,3,Movistar,true,false
1428144588152,-1,-1,-1,-1,0,3,Movistar,false,false
1428144588152,-1,-1,-1,-1,0,3,Movistar,false,false
1428144588152,-1,-1,-1,-1,0,3,Movistar,false,false
1428144588152,-1,-1,-1,-1,0,3,Movistar,false,false
1428144648194,-1,-1,-1,-1,0,3,Movistar,true,false
1428144648194,-1,-1,-1,-1,0,3,Movistar,false,false
1428144648194,-1,-1,-1,-1,0,3,Movistar,false,false
1428144648194,-1,-1,-1,-1,0,3,Movistar,false,false
1428144648194,-1,-1,-1,-1,0,3,Movistar,false,false
1428144708262,-1,-1,-1,-1,0,3,Movistar,true,false
1428144708262,-1,-1,-1,-1,0,3,Movistar,false,false
1428144708262,-1,-1,-1,-1,0,3,Movistar,false,false
1428144708262,-1,-1,-1,-1,0,3,Movistar,false,false
1428144708262,-1,-1,-1,-1,0,3,Movistar,false,false
1428144773624,-1,-1,-1,-1,0,3,Movistar,true,false
1428144773624,-1,-1,-1,-1,0,3,Movistar,false,false
1428144773624,-1,-1,-1,-1,0,3,Movistar,false,false
1428144773624,-1,-1,-1,-1,0,3,Movistar,false,false
1428144773624,-1,-1,-1,-1,0,3,Movistar,false,false
1428144833729,-1,-1,-1,-1,0,3,Movistar,true,false
1428144833729,-1,-1,-1,-1,0,3,Movistar,false,false
1428144833729,-1,-1,-1,-1,0,3,Movistar,false,false
1428144833729,-1,-1,-1,-1,0,3,Movistar,false,false
1428144833729,-1,-1,-1,-1,0,3,Movistar,false,false
1428144893794,-1,-1,-1,-1,0,3,Movistar,true,false
1428144893794,-1,-1,-1,-1,0,3,Movistar,false,false
1428144893794,-1,-1,-1,-1,0,3,Movistar,false,false
1428144893794,-1,-1,-1,-1,0,3,Movistar,false,false
1428144893794,-1,-1,-1,-1,0,3,Movistar,false,false
1428144957469,-1,-1,-1,-1,0,3,Movistar,true,false
1428144957469,-1,-1,-1,-1,0,3,Movistar,false,false
1428144957469,-1,-1,-1,-1,0,3,Movistar,false,false
1428144957469,-1,-1,-1,-1,0,3,Movistar,false,false
1428144957469,-1,-1,-1,-1,0,3,Movistar,false,false
1428145017544,-1,-1,-1,-1,0,3,Movistar,true,false
1428145017544,-1,-1,-1,-1,0,3,Movistar,false,false
1428145017544,-1,-1,-1,-1,0,3,Movistar,false,false
1428145017544,-1,-1,-1,-1,0,3,Movistar,false,false
1428145017544,-1,-1,-1,-1,0,3,Movistar,false,false
1428145077614,-1,-1,-1,-1,0,3,Movistar,true,false
1428145077614,-1,-1,-1,-1,0,3,Movistar,false,false
1428145077614,-1,-1,-1,-1,0,3,Movistar,false,false
1428145077614,-1,-1,-1,-1,0,3,Movistar,false,false
1428145077614,-1,-1,-1,-1,0,3,Movistar,false,false
1428145137672,-1,-1,-1,-1,0,3,Movistar,true,false
1428145137672,-1,-1,-1,-1,0,3,Movistar,false,false
1428145137672,-1,-1,-1,-1,0,3,Movistar,false,false
1428145137672,-1,-1,-1,-1,0,3,Movistar,false,false
1428145137672,-1,-1,-1,-1,0,3,Movistar,false,false
1428145200291,-1,-1,-1,-1,0,3,Movistar,true,false
1428145200291,-1,-1,-1,-1,0,3,Movistar,false,false
1428145200291,-1,-1,-1,-1,0,3,Movistar,false,false
1428145200291,-1,-1,-1,-1,0,3,Movistar,false,false
1428145200291,-1,-1,-1,-1,0,3,Movistar,false,false
1428145260453,-1,-1,-1,-1,0,3,Movistar,true,false
1428145260453,-1,-1,-1,-1,0,3,Movistar,false,false
1428145260453,-1,-1,-1,-1,0,3,Movistar,false,false
1428145260453,-1,-1,-1,-1,0,3,Movistar,false,false
1428145320577,-1,-1,-1,-1,0,3,Movistar,true,false
1428145320577,-1,-1,-1,-1,0,3,Movistar,false,false
1428145320577,-1,-1,-1,-1,0,3,Movistar,false,false
1428145320577,-1,-1,-1,-1,0,3,Movistar,false,false
1428145320577,-1,-1,-1,-1,0,3,Movistar,false,false
1428145397270,-1,-1,-1,-1,0,3,Movistar,true,false
1428145397270,-1,-1,-1,-1,0,3,Movistar,false,false
1428145397270,-1,-1,-1,-1,0,3,Movistar,false,false
1428145397270,-1,-1,-1,-1,0,3,Movistar,false,false
1428145397270,-1,-1,-1,-1,0,3,Movistar,false,false
1428145466194,-1,-1,-1,-1,0,3,Movistar,true,false
1428145466194,-1,-1,-1,-1,0,3,Movistar,false,false
1428145466194,-1,-1,-1,-1,0,3,Movistar,false,false
1428145466194,-1,-1,-1,-1,0,3,Movistar,false,false
1428145466194,-1,-1,-1,-1,0,3,Movistar,false,false
1428145526305,-1,-1,-1,-1,0,3,Movistar,true,false
1428145526305,-1,-1,-1,-1,0,3,Movistar,false,false
1428145526305,-1,-1,-1,-1,0,3,Movistar,false,false
1428145526305,-1,-1,-1,-1,0,3,Movistar,false,false
1428145526305,-1,-1,-1,-1,0,3,Movistar,false,false
1428145526305,-1,-1,-1,-1,0,3,Movistar,false,false
1428145526305,-1,-1,-1,-1,0,3,Movistar,false,false
1428145586376,-1,-1,-1,-1,0,3,Movistar,true,false
1428145586376,-1,-1,-1,-1,0,3,Movistar,false,false
1428145586376,-1,-1,-1,-1,0,3,Movistar,false,false
1428145586376,-1,-1,-1,-1,0,3,Movistar,false,false
1428145586376,-1,-1,-1,-1,0,3,Movistar,false,false
1428145586376,-1,-1,-1,-1,0,3,Movistar,false,false
1428145586376,-1,-1,-1,-1,0,3,Movistar,false,false
1428145646510,-1,-1,-1,-1,0,3,Movistar,true,false
1428145646510,-1,-1,-1,-1,0,3,Movistar,false,false
1428145646510,-1,-1,-1,-1,0,3,Movistar,false,false
1428145646510,-1,-1,-1,-1,0,3,Movistar,false,false
1428145646510,-1,-1,-1,-1,0,3,Movistar,false,false
1428145646510,-1,-1,-1,-1,0,3,Movistar,false,false
1428145646510,-1,-1,-1,-1,0,3,Movistar,false,false
1428145721071,-1,-1,-1,-1,0,3,Movistar,true,false
1428145721071,-1,-1,-1,-1,0,3,Movistar,false,false
1428145721071,-1,-1,-1,-1,0,3,Movistar,false,false
1428145721071,-1,-1,-1,-1,0,3,Movistar,false,false
1428145721071,-1,-1,-1,-1,0,3,Movistar,false,false
1428145721071,-1,-1,-1,-1,0,3,Movistar,false,false
1428145721071,-1,-1,-1,-1,0,3,Movistar,false,false
1428145781130,-1,-1,-1,-1,0,3,Movistar,true,false
1428145781130,-1,-1,-1,-1,0,3,Movistar,false,false
1428145781130,-1,-1,-1,-1,0,3,Movistar,false,false
1428145781130,-1,-1,-1,-1,0,3,Movistar,false,false
1428145781130,-1,-1,-1,-1,0,3,Movistar,false,false
1428145781130,-1,-1,-1,-1,0,3,Movistar,false,false
1428145781130,-1,-1,-1,-1,0,3,Movistar,false,false
1428145841214,-1,-1,-1,-1,0,3,Movistar,true,false
1428145841214,-1,-1,-1,-1,0,3,Movistar,false,false
1428145841214,-1,-1,-1,-1,0,3,Movistar,false,false
1428145841214,-1,-1,-1,-1,0,3,Movistar,false,false
1428145841214,-1,-1,-1,-1,0,3,Movistar,false,false
1428145841214,-1,-1,-1,-1,0,3,Movistar,false,false
1428145841214,-1,-1,-1,-1,0,3,Movistar,false,false
1428145901295,-1,-1,-1,-1,0,3,Movistar,true,false
1428145901295,-1,-1,-1,-1,0,3,Movistar,false,false
1428145901295,-1,-1,-1,-1,0,3,Movistar,false,false
1428145901295,-1,-1,-1,-1,0,3,Movistar,false,false
1428145901295,-1,-1,-1,-1,0,3,Movistar,false,false
1428145901295,-1,-1,-1,-1,0,3,Movistar,false,false
1428145901295,-1,-1,-1,-1,0,3,Movistar,false,false
1428145980556,-1,-1,-1,-1,0,3,Movistar,true,false
1428145980556,-1,-1,-1,-1,0,3,Movistar,false,false
1428145980556,-1,-1,-1,-1,0,3,Movistar,false,false
1428145980556,-1,-1,-1,-1,0,3,Movistar,false,false
1428145980556,-1,-1,-1,-1,0,3,Movistar,false,false
1428145980556,-1,-1,-1,-1,0,3,Movistar,false,false
1428145980556,-1,-1,-1,-1,0,3,Movistar,false,false
1428146044228,-1,-1,-1,-1,0,3,Movistar,true,false
1428146044228,-1,-1,-1,-1,0,3,Movistar,false,false
1428146044228,-1,-1,-1,-1,0,3,Movistar,false,false
1428146044228,-1,-1,-1,-1,0,3,Movistar,false,false
1428146044228,-1,-1,-1,-1,0,3,Movistar,false,false
1428146044228,-1,-1,-1,-1,0,3,Movistar,false,false
1428146044228,-1,-1,-1,-1,0,3,Movistar,false,false
1428146104347,-1,-1,-1,-1,0,3,Movistar,true,false
1428146104347,-1,-1,-1,-1,0,3,Movistar,false,false
1428146104347,-1,-1,-1,-1,0,3,Movistar,false,false
1428146104347,-1,-1,-1,-1,0,3,Movistar,false,false
1428146104347,-1,-1,-1,-1,0,3,Movistar,false,false
1428146104347,-1,-1,-1,-1,0,3,Movistar,false,false
1428146104347,-1,-1,-1,-1,0,3,Movistar,false,false
1428146182250,-1,-1,-1,-1,0,3,Movistar,true,false
1428146182250,-1,-1,-1,-1,0,3,Movistar,false,false
1428146182250,-1,-1,-1,-1,0,3,Movistar,false,false
1428146182250,-1,-1,-1,-1,0,3,Movistar,false,false
1428146182250,-1,-1,-1,-1,0,3,Movistar,false,false
1428146182250,-1,-1,-1,-1,0,3,Movistar,false,false
1428146182250,-1,-1,-1,-1,0,3,Movistar,false,false
1428146242414,-1,-1,-1,-1,0,3,Movistar,true,false
1428146242414,-1,-1,-1,-1,0,3,Movistar,false,false
1428146242414,-1,-1,-1,-1,0,3,Movistar,false,false
1428146242414,-1,-1,-1,-1,0,3,Movistar,false,false
1428146242414,-1,-1,-1,-1,0,3,Movistar,false,false
1428146242414,-1,-1,-1,-1,0,3,Movistar,false,false
1428146242414,-1,-1,-1,-1,0,3,Movistar,false,false
1428146314876,-1,-1,-1,-1,0,3,Movistar,true,false
1428146314876,-1,-1,-1,-1,0,3,Movistar,false,false
1428146314876,-1,-1,-1,-1,0,3,Movistar,false,false
1428146314876,-1,-1,-1,-1,0,3,Movistar,false,false
1428146314876,-1,-1,-1,-1,0,3,Movistar,false,false
1428146314876,-1,-1,-1,-1,0,3,Movistar,false,false
1428146314876,-1,-1,-1,-1,0,3,Movistar,false,false
1428146374975,-1,-1,-1,-1,0,3,Movistar,true,false
1428146374975,-1,-1,-1,-1,0,3,Movistar,false,false
1428146374975,-1,-1,-1,-1,0,3,Movistar,false,false
1428146374975,-1,-1,-1,-1,0,3,Movistar,false,false
1428146374975,-1,-1,-1,-1,0,3,Movistar,false,false
1428146374975,-1,-1,-1,-1,0,3,Movistar,false,false
1428146374975,-1,-1,-1,-1,0,3,Movistar,false,false
1428146454268,-1,-1,-1,-1,0,3,Movistar,true,false
1428146454268,-1,-1,-1,-1,0,3,Movistar,false,false
1428146454268,-1,-1,-1,-1,0,3,Movistar,false,false
1428146454268,-1,-1,-1,-1,0,3,Movistar,false,false
1428146454268,-1,-1,-1,-1,0,3,Movistar,false,false
1428146454268,-1,-1,-1,-1,0,3,Movistar,false,false
1428146454268,-1,-1,-1,-1,0,3,Movistar,false,false
1428146514263,-1,-1,-1,-1,0,3,Movistar,true,false
1428146514263,-1,-1,-1,-1,0,3,Movistar,false,false
1428146514263,-1,-1,-1,-1,0,3,Movistar,false,false
1428146514263,-1,-1,-1,-1,0,3,Movistar,false,false
1428146514263,-1,-1,-1,-1,0,3,Movistar,false,false
1428146514263,-1,-1,-1,-1,0,3,Movistar,false,false
1428146514263,-1,-1,-1,-1,0,3,Movistar,false,false
1428146579474,-1,-1,-1,-1,0,3,Movistar,true,false
1428146579474,-1,-1,-1,-1,0,3,Movistar,false,false
1428146579474,-1,-1,-1,-1,0,3,Movistar,false,false
1428146579474,-1,-1,-1,-1,0,3,Movistar,false,false
1428146579474,-1,-1,-1,-1,0,3,Movistar,false,false
1428146579474,-1,-1,-1,-1,0,3,Movistar,false,false
1428146579474,-1,-1,-1,-1,0,3,Movistar,false,false
1428146639642,-1,-1,-1,-1,0,3,Movistar,true,false
1428146639642,-1,-1,-1,-1,0,3,Movistar,false,false
1428146639642,-1,-1,-1,-1,0,3,Movistar,false,false
1428146639642,-1,-1,-1,-1,0,3,Movistar,false,false
1428146639642,-1,-1,-1,-1,0,3,Movistar,false,false
1428146639642,-1,-1,-1,-1,0,3,Movistar,false,false
1428146639642,-1,-1,-1,-1,0,3,Movistar,false,false
1428146721212,-1,-1,-1,-1,0,3,Movistar,true,false
1428146721212,-1,-1,-1,-1,0,3,Movistar,false,false
1428146721212,-1,-1,-1,-1,0,3,Movistar,false,false
1428146721212,-1,-1,-1,-1,0,3,Movistar,false,false
1428146721212,-1,-1,-1,-1,0,3,Movistar,false,false
1428146721212,-1,-1,-1,-1,0,3,Movistar,false,false
1428146781275,-1,-1,-1,-1,0,3,Movistar,true,false
1428146781275,-1,-1,-1,-1,0,3,Movistar,false,false
1428146781275,-1,-1,-1,-1,0,3,Movistar,false,false
1428146781275,-1,-1,-1,-1,0,3,Movistar,false,false
1428146781275,-1,-1,-1,-1,0,3,Movistar,false,false
1428146781275,-1,-1,-1,-1,0,3,Movistar,false,false
1428146841440,-1,-1,-1,-1,0,3,Movistar,true,false
1428146841440,-1,-1,-1,-1,0,3,Movistar,false,false
1428146841440,-1,-1,-1,-1,0,3,Movistar,false,false
1428146841440,-1,-1,-1,-1,0,3,Movistar,false,false
1428146841440,-1,-1,-1,-1,0,3,Movistar,false,false
1428146841440,-1,-1,-1,-1,0,3,Movistar,false,false
1428146904409,-1,-1,-1,-1,0,3,Movistar,true,false
1428146904409,-1,-1,-1,-1,0,3,Movistar,false,false
1428146904409,-1,-1,-1,-1,0,3,Movistar,false,false
1428146904409,-1,-1,-1,-1,0,3,Movistar,false,false
1428146904409,-1,-1,-1,-1,0,3,Movistar,false,false
1428146904409,-1,-1,-1,-1,0,3,Movistar,false,false
1428146971713,-1,-1,-1,-1,0,3,Movistar,true,false
1428146971713,-1,-1,-1,-1,0,3,Movistar,false,false
1428146971713,-1,-1,-1,-1,0,3,Movistar,false,false
1428146971713,-1,-1,-1,-1,0,3,Movistar,false,false
1428146971713,-1,-1,-1,-1,0,3,Movistar,false,false
1428146971713,-1,-1,-1,-1,0,3,Movistar,false,false
1428147049899,-1,-1,-1,-1,0,3,Movistar,true,false
1428147049899,-1,-1,-1,-1,0,3,Movistar,false,false
1428147049899,-1,-1,-1,-1,0,3,Movistar,false,false
1428147049899,-1,-1,-1,-1,0,3,Movistar,false,false
1428147049899,-1,-1,-1,-1,0,3,Movistar,false,false
1428147110343,-1,-1,-1,-1,0,3,Movistar,true,false
1428147110343,-1,-1,-1,-1,0,3,Movistar,false,false
1428147110343,-1,-1,-1,-1,0,3,Movistar,false,false
1428147110343,-1,-1,-1,-1,0,3,Movistar,false,false
1428147110343,-1,-1,-1,-1,0,3,Movistar,false,false
1428147170481,-1,-1,-1,-1,0,3,Movistar,true,false
1428147170481,-1,-1,-1,-1,0,3,Movistar,false,false
1428147170481,-1,-1,-1,-1,0,3,Movistar,false,false
1428147170481,-1,-1,-1,-1,0,3,Movistar,false,false
1428147170481,-1,-1,-1,-1,0,3,Movistar,false,false
1428147225536,-1,-1,-1,-1,0,3,Movistar,true,false
1428147225536,-1,-1,-1,-1,0,3,Movistar,false,false
1428147225536,-1,-1,-1,-1,0,3,Movistar,false,false
1428147225536,-1,-1,-1,-1,0,3,Movistar,false,false
1428147225536,-1,-1,-1,-1,0,3,Movistar,false,false
1428147227270,-1,-1,-1,-1,0,3,Movistar,true,false
1428147227270,-1,-1,-1,-1,0,3,Movistar,false,false
1428147227270,-1,-1,-1,-1,0,3,Movistar,false,false
1428147227270,-1,-1,-1,-1,0,3,Movistar,false,false
1428147227270,-1,-1,-1,-1,0,3,Movistar,false,false
1428147227597,-1,-1,-1,-1,0,3,Movistar,true,false
1428147227597,-1,-1,-1,-1,0,3,Movistar,false,false
1428147227597,-1,-1,-1,-1,0,3,Movistar,false,false
1428147227597,-1,-1,-1,-1,0,3,Movistar,false,false
1428147227597,-1,-1,-1,-1,0,3,Movistar,false,false
1428147228927,-1,-1,-1,-1,0,3,Movistar,true,false
1428147228927,-1,-1,-1,-1,0,3,Movistar,false,false
1428147228927,-1,-1,-1,-1,0,3,Movistar,false,false
1428147228927,-1,-1,-1,-1,0,3,Movistar,false,false
1428147228927,-1,-1,-1,-1,0,3,Movistar,false,false
1428147229715,-1,-1,-1,-1,0,3,Movistar,true,false
1428147229715,-1,-1,-1,-1,0,3,Movistar,false,false
1428147229715,-1,-1,-1,-1,0,3,Movistar,false,false
1428147229715,-1,-1,-1,-1,0,3,Movistar,false,false
1428147229715,-1,-1,-1,-1,0,3,Movistar,false,false
1428147230376,-1,-1,-1,-1,0,3,Movistar,true,false
1428147230376,-1,-1,-1,-1,0,3,Movistar,false,false
1428147230376,-1,-1,-1,-1,0,3,Movistar,false,false
1428147230376,-1,-1,-1,-1,0,3,Movistar,false,false
1428147230376,-1,-1,-1,-1,0,3,Movistar,false,false
1428147231230,-1,-1,-1,-1,0,3,Movistar,true,false
1428147231230,-1,-1,-1,-1,0,3,Movistar,false,false
1428147231230,-1,-1,-1,-1,0,3,Movistar,false,false
1428147231230,-1,-1,-1,-1,0,3,Movistar,false,false
1428147231230,-1,-1,-1,-1,0,3,Movistar,false,false
1428147231585,-1,-1,-1,-1,0,3,Movistar,true,false
1428147231585,-1,-1,-1,-1,0,3,Movistar,false,false
1428147231585,-1,-1,-1,-1,0,3,Movistar,false,false
1428147231585,-1,-1,-1,-1,0,3,Movistar,false,false
1428147231585,-1,-1,-1,-1,0,3,Movistar,false,false
1428147232242,-1,-1,-1,-1,0,3,Movistar,true,false
1428147232242,-1,-1,-1,-1,0,3,Movistar,false,false
1428147232242,-1,-1,-1,-1,0,3,Movistar,false,false
1428147232242,-1,-1,-1,-1,0,3,Movistar,false,false
1428147232242,-1,-1,-1,-1,0,3,Movistar,false,false
1428147261233,-1,-1,-1,-1,0,3,Movistar,true,false
1428147261233,-1,-1,-1,-1,0,3,Movistar,false,false
1428147261233,-1,-1,-1,-1,0,3,Movistar,false,false
1428147261233,-1,-1,-1,-1,0,3,Movistar,false,false
1428147261233,2147483647,2147483647,2147483647,2147483647,-89,3,Movistar,false,false
1428147261233,2147483647,2147483647,2147483647,2147483647,-95,3,Movistar,false,false
1428147261233,2147483647,2147483647,2147483647,2147483647,-99,3,Movistar,false,false
1428147261233,2147483647,2147483647,2147483647,2147483647,-103,3,Movistar,false,false
1428147261233,2147483647,2147483647,2147483647,2147483647,-107,3,Movistar,false,false
1428147261233,2147483647,2147483647,2147483647,2147483647,-109,3,Movistar,false,false
1428147261233,2147483647,2147483647,2147483647,2147483647,-111,3,Movistar,false,false
1428147261233,2147483647,2147483647,2147483647,2147483647,-111,3,Movistar,false,false
1428147262104,-1,-1,-1,-1,0,3,Movistar,true,false
1428147262104,-1,-1,-1,-1,0,3,Movistar,false,false
1428147262104,-1,-1,-1,-1,0,3,Movistar,false,false
1428147262104,-1,-1,-1,-1,0,3,Movistar,false,false
1428147262104,2147483647,2147483647,2147483647,2147483647,-89,3,Movistar,false,false
1428147262104,2147483647,2147483647,2147483647,2147483647,-95,3,Movistar,false,false
1428147262104,2147483647,2147483647,2147483647,2147483647,-99,3,Movistar,false,false
1428147262104,2147483647,2147483647,2147483647,2147483647,-103,3,Movistar,false,false
1428147262104,2147483647,2147483647,2147483647,2147483647,-107,3,Movistar,false,false
1428147262104,2147483647,2147483647,2147483647,2147483647,-109,3,Movistar,false,false
1428147262104,2147483647,2147483647,2147483647,2147483647,-111,3,Movistar,false,false
1428147262104,2147483647,2147483647,2147483647,2147483647,-111,3,Movistar,false,false
1428147267893,-1,-1,-1,-1,0,3,Movistar,true,false
1428147267893,-1,-1,-1,-1,0,3,Movistar,false,false
1428147267893,-1,-1,-1,-1,0,3,Movistar,false,false
1428147267893,-1,-1,-1,-1,0,3,Movistar,false,false
1428147267893,2147483647,2147483647,2147483647,2147483647,-89,3,Movistar,false,false
1428147267893,2147483647,2147483647,2147483647,2147483647,-95,3,Movistar,false,false
1428147267893,2147483647,2147483647,2147483647,2147483647,-99,3,Movistar,false,false
1428147267893,2147483647,2147483647,2147483647,2147483647,-103,3,Movistar,false,false
1428147267893,2147483647,2147483647,2147483647,2147483647,-107,3,Movistar,false,false
1428147267893,2147483647,2147483647,2147483647,2147483647,-109,3,Movistar,false,false
1428147267893,2147483647,2147483647,2147483647,2147483647,-111,3,Movistar,false,false
1428147267893,2147483647,2147483647,2147483647,2147483647,-111,3,Movistar,false,false
1428147271592,-1,-1,-1,-1,0,3,Movistar,true,false
1428147271592,-1,-1,-1,-1,0,3,Movistar,false,false
1428147271592,-1,-1,-1,-1,0,3,Movistar,false,false
1428147271592,-1,-1,-1,-1,0,3,Movistar,false,false
1428147271592,2147483647,2147483647,2147483647,2147483647,-89,3,Movistar,false,false
1428147271592,2147483647,2147483647,2147483647,2147483647,-95,3,Movistar,false,false
1428147271592,2147483647,2147483647,2147483647,2147483647,-99,3,Movistar,false,false
1428147271592,2147483647,2147483647,2147483647,2147483647,-103,3,Movistar,false,false
1428147271592,2147483647,2147483647,2147483647,2147483647,-107,3,Movistar,false,false
1428147271592,2147483647,2147483647,2147483647,2147483647,-109,3,Movistar,false,false
1428147271592,2147483647,2147483647,2147483647,2147483647,-111,3,Movistar,false,false
1428147271592,2147483647,2147483647,2147483647,2147483647,-111,3,Movistar,false,false
1428147271925,-1,-1,-1,-1,0,3,Movistar,true,false
1428147271925,-1,-1,-1,-1,0,3,Movistar,false,false
1428147271925,-1,-1,-1,-1,0,3,Movistar,false,false
1428147271925,-1,-1,-1,-1,0,3,Movistar,false,false
1428147271925,2147483647,2147483647,2147483647,2147483647,-89,3,Movistar,false,false
1428147271925,2147483647,2147483647,2147483647,2147483647,-95,3,Movistar,false,false
1428147271925,2147483647,2147483647,2147483647,2147483647,-99,3,Movistar,false,false
1428147271925,2147483647,2147483647,2147483647,2147483647,-103,3,Movistar,false,false
1428147271925,2147483647,2147483647,2147483647,2147483647,-107,3,Movistar,false,false
1428147271925,2147483647,2147483647,2147483647,2147483647,-109,3,Movistar,false,false
1428147271925,2147483647,2147483647,2147483647,2147483647,-111,3,Movistar,false,false
1428147271925,2147483647,2147483647,2147483647,2147483647,-111,3,Movistar,false,false
1428147272459,-1,-1,-1,-1,0,3,Movistar,true,false
1428147272459,-1,-1,-1,-1,0,3,Movistar,false,false
1428147272459,-1,-1,-1,-1,0,3,Movistar,false,false
1428147272459,-1,-1,-1,-1,0,3,Movistar,false,false
1428147272459,2147483647,2147483647,2147483647,2147483647,-89,3,Movistar,false,false
1428147272459,2147483647,2147483647,2147483647,2147483647,-95,3,Movistar,false,false
1428147272459,2147483647,2147483647,2147483647,2147483647,-99,3,Movistar,false,false
1428147272459,2147483647,2147483647,2147483647,2147483647,-103,3,Movistar,false,false
1428147272459,2147483647,2147483647,2147483647,2147483647,-107,3,Movistar,false,false
1428147272459,2147483647,2147483647,2147483647,2147483647,-109,3,Movistar,false,false
1428147272459,2147483647,2147483647,2147483647,2147483647,-111,3,Movistar,false,false
1428147272459,2147483647,2147483647,2147483647,2147483647,-111,3,Movistar,false,false
1428147332543,-1,-1,-1,-1,0,3,Movistar,true,false
1428147332543,-1,-1,-1,-1,0,3,Movistar,false,false
1428147332543,-1,-1,-1,-1,0,3,Movistar,false,false
1428147332543,-1,-1,-1,-1,0,3,Movistar,false,false
1428147332543,-1,-1,-1,-1,0,3,Movistar,false,false
1428147332543,-1,-1,-1,-1,0,3,Movistar,false,false
1428147332543,-1,-1,-1,-1,0,3,Movistar,false,false
1428147332543,2147483647,2147483647,2147483647,2147483647,-81,3,Movistar,false,false
1428147332543,2147483647,2147483647,2147483647,2147483647,-93,3,Movistar,false,false
1428147332543,2147483647,2147483647,2147483647,2147483647,-95,3,Movistar,false,false
1428147332543,2147483647,2147483647,2147483647,2147483647,-95,3,Movistar,false,false
1428147332543,2147483647,2147483647,2147483647,2147483647,-103,3,Movistar,false,false
1428147332543,2147483647,2147483647,2147483647,2147483647,-105,3,Movistar,false,false
1428147332543,2147483647,2147483647,2147483647,2147483647,-107,3,Movistar,false,false
1428147332543,2147483647,2147483647,2147483647,2147483647,-109,3,Movistar,false,false
1428147392645,-1,-1,-1,-1,0,3,Movistar,true,false
1428147392645,-1,-1,-1,-1,0,3,Movistar,false,false
1428147392645,-1,-1,-1,-1,0,3,Movistar,false,false
1428147392645,-1,-1,-1,-1,0,3,Movistar,false,false
1428147392645,-1,-1,-1,-1,0,3,Movistar,false,false
1428147392645,-1,-1,-1,-1,0,3,Movistar,false,false
1428147392645,-1,-1,-1,-1,0,3,Movistar,false,false
1428147392645,2147483647,2147483647,2147483647,2147483647,-81,3,Movistar,false,false
1428147392645,2147483647,2147483647,2147483647,2147483647,-91,3,Movistar,false,false
1428147392645,2147483647,2147483647,2147483647,2147483647,-95,3,Movistar,false,false
1428147392645,2147483647,2147483647,2147483647,2147483647,-95,3,Movistar,false,false
1428147392645,2147483647,2147483647,2147483647,2147483647,-105,3,Movistar,false,false
1428147392645,2147483647,2147483647,2147483647,2147483647,-105,3,Movistar,false,false
1428147392645,2147483647,2147483647,2147483647,2147483647,-107,3,Movistar,false,false
1428147392645,2147483647,2147483647,2147483647,2147483647,-109,3,Movistar,false,false
1428147452706,11833,833,7,214,-113,2,Movistar,true,false
1428147452706,-1,0,0,0,-107,2,Movistar,false,false
1428147512807,-1,-1,-1,-1,0,3,Movistar,true,false
1428147512807,-1,-1,-1,-1,0,3,Movistar,false,false
1428147512807,-1,-1,-1,-1,0,3,Movistar,false,false
1428147512807,-1,-1,-1,-1,0,3,Movistar,false,false
1428147512807,-1,-1,-1,-1,0,3,Movistar,false,false
1428147512807,-1,-1,-1,-1,0,3,Movistar,false,false
1428147512807,-1,-1,-1,-1,0,3,Movistar,false,false
1428147512807,2147483647,2147483647,2147483647,2147483647,-93,3,Movistar,false,false
1428147512807,2147483647,2147483647,2147483647,2147483647,-95,3,Movistar,false,false
1428147512807,2147483647,2147483647,2147483647,2147483647,-97,3,Movistar,false,false
1428147512807,2147483647,2147483647,2147483647,2147483647,-105,3,Movistar,false,false
1428147512807,2147483647,2147483647,2147483647,2147483647,-107,3,Movistar,false,false
1428147512807,2147483647,2147483647,2147483647,2147483647,-107,3,Movistar,false,false
1428147512807,2147483647,2147483647,2147483647,2147483647,-111,3,Movistar,false,false
1428147512807,2147483647,2147483647,2147483647,2147483647,-111,3,Movistar,false,false
1428147572834,-1,-1,-1,-1,0,3,Movistar,true,false
1428147572834,-1,-1,-1,-1,0,3,Movistar,false,false
1428147572834,-1,-1,-1,-1,0,3,Movistar,false,false
1428147572834,-1,-1,-1,-1,0,3,Movistar,false,false
1428147572834,-1,-1,-1,-1,0,3,Movistar,false,false
1428147572834,-1,-1,-1,-1,0,3,Movistar,false,false
1428147572834,-1,-1,-1,-1,0,3,Movistar,false,false
1428147572834,2147483647,2147483647,2147483647,2147483647,-91,3,Movistar,false,false
1428147572834,2147483647,2147483647,2147483647,2147483647,-95,3,Movistar,false,false
1428147572834,2147483647,2147483647,2147483647,2147483647,-95,3,Movistar,false,false
1428147572834,2147483647,2147483647,2147483647,2147483647,-109,3,Movistar,false,false
1428147572834,2147483647,2147483647,2147483647,2147483647,-109,3,Movistar,false,false
1428147572834,2147483647,2147483647,2147483647,2147483647,-109,3,Movistar,false,false
1428147572834,2147483647,2147483647,2147483647,2147483647,-111,3,Movistar,false,false
1428147572834,2147483647,2147483647,2147483647,2147483647,-111,3,Movistar,false,false
1428147632984,-1,-1,-1,-1,0,3,Movistar,true,false
1428147632984,-1,-1,-1,-1,0,3,Movistar,false,false
1428147632984,-1,-1,-1,-1,0,3,Movistar,false,false
1428147632984,-1,-1,-1,-1,0,3,Movistar,false,false
1428147632984,-1,-1,-1,-1,0,3,Movistar,false,false
1428147632984,-1,-1,-1,-1,0,3,Movistar,false,false
1428147632984,-1,-1,-1,-1,0,3,Movistar,false,false
1428147632984,2147483647,2147483647,2147483647,2147483647,-93,3,Movistar,false,false
1428147632984,2147483647,2147483647,2147483647,2147483647,-95,3,Movistar,false,false
1428147632984,2147483647,2147483647,2147483647,2147483647,-97,3,Movistar,false,false
1428147632984,2147483647,2147483647,2147483647,2147483647,-107,3,Movistar,false,false
1428147632984,2147483647,2147483647,2147483647,2147483647,-109,3,Movistar,false,false
1428147632984,2147483647,2147483647,2147483647,2147483647,-109,3,Movistar,false,false
1428147632984,2147483647,2147483647,2147483647,2147483647,-111,3,Movistar,false,false
1428147632984,2147483647,2147483647,2147483647,2147483647,-111,3,Movistar,false,false
1428147693022,-1,-1,-1,-1,0,3,Movistar,true,false
1428147693022,-1,-1,-1,-1,0,3,Movistar,false,false
1428147693022,-1,-1,-1,-1,0,3,Movistar,false,false
1428147693022,-1,-1,-1,-1,0,3,Movistar,false,false
1428147693022,-1,-1,-1,-1,0,3,Movistar,false,false
1428147693022,-1,-1,-1,-1,0,3,Movistar,false,false
1428147693022,-1,-1,-1,-1,0,3,Movistar,false,false
1428147693022,2147483647,2147483647,2147483647,2147483647,-91,3,Movistar,false,false
1428147693022,2147483647,2147483647,2147483647,2147483647,-95,3,Movistar,false,false
1428147693022,2147483647,2147483647,2147483647,2147483647,-95,3,Movistar,false,false
1428147693022,2147483647,2147483647,2147483647,2147483647,-109,3,Movistar,false,false
1428147693022,2147483647,2147483647,2147483647,2147483647,-109,3,Movistar,false,false
1428147693022,2147483647,2147483647,2147483647,2147483647,-109,3,Movistar,false,false
1428147693022,2147483647,2147483647,2147483647,2147483647,-111,3,Movistar,false,false
1428147693022,2147483647,2147483647,2147483647,2147483647,-111,3,Movistar,false,false
1428147773419,-1,-1,-1,-1,0,3,Movistar,true,false
1428147773419,-1,-1,-1,-1,0,3,Movistar,false,false
1428147773419,-1,-1,-1,-1,0,3,Movistar,false,false
1428147773419,-1,-1,-1,-1,0,3,Movistar,false,false
1428147773419,-1,-1,-1,-1,0,3,Movistar,false,false
1428147773419,-1,-1,-1,-1,0,3,Movistar,false,false
1428147773419,-1,-1,-1,-1,0,3,Movistar,false,false
1428147773419,2147483647,2147483647,2147483647,2147483647,-93,3,Movistar,false,false
1428147773419,2147483647,2147483647,2147483647,2147483647,-95,3,Movistar,false,false
1428147773419,2147483647,2147483647,2147483647,2147483647,-97,3,Movistar,false,false
1428147773419,2147483647,2147483647,2147483647,2147483647,-109,3,Movistar,false,false
1428147773419,2147483647,2147483647,2147483647,2147483647,-109,3,Movistar,false,false
1428147773419,2147483647,2147483647,2147483647,2147483647,-109,3,Movistar,false,false
1428147773419,2147483647,2147483647,2147483647,2147483647,-111,3,Movistar,false,false
1428147773419,2147483647,2147483647,2147483647,2147483647,-111,3,Movistar,false,false
1428147839893,-1,-1,-1,-1,0,3,Movistar,true,false
1428147839893,-1,-1,-1,-1,0,3,Movistar,false,false
1428147839893,-1,-1,-1,-1,0,3,Movistar,false,false
1428147839893,-1,-1,-1,-1,0,3,Movistar,false,false
1428147839893,-1,-1,-1,-1,0,3,Movistar,false,false
1428147839893,-1,-1,-1,-1,0,3,Movistar,false,false
1428147839893,-1,-1,-1,-1,0,3,Movistar,false,false
1428147839893,2147483647,2147483647,2147483647,2147483647,-93,3,Movistar,false,false
1428147839893,2147483647,2147483647,2147483647,2147483647,-95,3,Movistar,false,false
1428147839893,2147483647,2147483647,2147483647,2147483647,-97,3,Movistar,false,false
1428147839893,2147483647,2147483647,2147483647,2147483647,-107,3,Movistar,false,false
1428147839893,2147483647,2147483647,2147483647,2147483647,-109,3,Movistar,false,false
1428147839893,2147483647,2147483647,2147483647,2147483647,-109,3,Movistar,false,false
1428147839893,2147483647,2147483647,2147483647,2147483647,-109,3,Movistar,false,false
1428147839893,2147483647,2147483647,2147483647,2147483647,-111,3,Movistar,false,false
1428147912063,-1,-1,-1,-1,0,3,Movistar,true,false
1428147912063,-1,-1,-1,-1,0,3,Movistar,false,false
1428147912063,-1,-1,-1,-1,0,3,Movistar,false,false
1428147912063,-1,-1,-1,-1,0,3,Movistar,false,false
1428147912063,-1,-1,-1,-1,0,3,Movistar,false,false
1428147912063,-1,-1,-1,-1,0,3,Movistar,false,false
1428147912063,-1,-1,-1,-1,0,3,Movistar,false,false
1428147912063,2147483647,2147483647,2147483647,2147483647,-93,3,Movistar,false,false
1428147912063,2147483647,2147483647,2147483647,2147483647,-95,3,Movistar,false,false
1428147912063,2147483647,2147483647,2147483647,2147483647,-99,3,Movistar,false,false
1428147912063,2147483647,2147483647,2147483647,2147483647,-107,3,Movistar,false,false
1428147912063,2147483647,2147483647,2147483647,2147483647,-107,3,Movistar,false,false
1428147912063,2147483647,2147483647,2147483647,2147483647,-109,3,Movistar,false,false
1428147912063,2147483647,2147483647,2147483647,2147483647,-111,3,Movistar,false,false
1428147912063,2147483647,2147483647,2147483647,2147483647,-111,3,Movistar,false,false
1428147972186,11833,833,7,214,-87,2,Movistar,true,false
1428147972186,11832,833,7,214,-97,2,Movistar,false,false
1428147972186,-1,0,0,0,-97,2,Movistar,false,false
1428147972186,-1,0,0,0,-97,2,Movistar,false,false
1428147972186,-1,0,0,0,-97,2,Movistar,false,false
1428147972186,-1,0,0,0,-101,2,Movistar,false,false
1428148032293,11833,833,7,214,-87,2,Movistar,true,false
1428148032293,11832,833,7,214,-97,2,Movistar,false,false
1428148032293,11831,833,7,214,-95,2,Movistar,false,false
1428148032293,13151,833,7,214,-97,2,Movistar,false,false
1428148032293,13161,833,7,214,-99,2,Movistar,false,false
1428148032293,-1,0,0,0,-99,2,Movistar,false,false
1428148092457,-1,-1,-1,-1,0,3,Movistar,true,false
1428148092457,-1,-1,-1,-1,0,3,Movistar,false,false
1428148092457,-1,-1,-1,-1,0,3,Movistar,false,false
1428148092457,-1,-1,-1,-1,0,3,Movistar,false,false
1428148092457,-1,-1,-1,-1,0,3,Movistar,false,false
1428148092457,-1,-1,-1,-1,0,3,Movistar,false,false
1428148092457,2147483647,2147483647,2147483647,2147483647,-95,3,Movistar,false,false
1428148092457,2147483647,2147483647,2147483647,2147483647,-95,3,Movistar,false,false
1428148092457,2147483647,2147483647,2147483647,2147483647,-99,3,Movistar,false,false
1428148092457,2147483647,2147483647,2147483647,2147483647,-107,3,Movistar,false,false
1428148092457,2147483647,2147483647,2147483647,2147483647,-109,3,Movistar,false,false
1428148092457,2147483647,2147483647,2147483647,2147483647,-109,3,Movistar,false,false
1428148092457,2147483647,2147483647,2147483647,2147483647,-111,3,Movistar,false,false
1428148092457,2147483647,2147483647,2147483647,2147483647,-111,3,Movistar,false,false
1428148152570,-1,-1,-1,-1,0,3,Movistar,true,false
1428148152570,-1,-1,-1,-1,0,3,Movistar,false,false
1428148152570,-1,-1,-1,-1,0,3,Movistar,false,false
1428148152570,-1,-1,-1,-1,0,3,Movistar,false,false
1428148152570,-1,-1,-1,-1,0,3,Movistar,false,false
1428148152570,-1,-1,-1,-1,0,3,Movistar,false,false
1428148152570,2147483647,2147483647,2147483647,2147483647,-95,3,Movistar,false,false
1428148152570,2147483647,2147483647,2147483647,2147483647,-97,3,Movistar,false,false
1428148152570,2147483647,2147483647,2147483647,2147483647,-99,3,Movistar,false,false
1428148152570,2147483647,2147483647,2147483647,2147483647,-107,3,Movistar,false,false
1428148152570,2147483647,2147483647,2147483647,2147483647,-109,3,Movistar,false,false
1428148152570,2147483647,2147483647,2147483647,2147483647,-109,3,Movistar,false,false
1428148152570,2147483647,2147483647,2147483647,2147483647,-111,3,Movistar,false,false
1428148152570,2147483647,2147483647,2147483647,2147483647,-111,3,Movistar,false,false
1428148212722,-1,-1,-1,-1,0,3,Movistar,true,false
1428148212722,-1,-1,-1,-1,0,3,Movistar,false,false
1428148212722,-1,-1,-1,-1,0,3,Movistar,false,false
1428148212722,-1,-1,-1,-1,0,3,Movistar,false,false
1428148212722,-1,-1,-1,-1,0,3,Movistar,false,false
1428148212722,-1,-1,-1,-1,0,3,Movistar,false,false
1428148212722,2147483647,2147483647,2147483647,2147483647,-95,3,Movistar,false,false
1428148212722,2147483647,2147483647,2147483647,2147483647,-97,3,Movistar,false,false
1428148212722,2147483647,2147483647,2147483647,2147483647,-99,3,Movistar,false,false
1428148212722,2147483647,2147483647,2147483647,2147483647,-107,3,Movistar,false,false
1428148212722,2147483647,2147483647,2147483647,2147483647,-109,3,Movistar,false,false
1428148212722,2147483647,2147483647,2147483647,2147483647,-109,3,Movistar,false,false
1428148212722,2147483647,2147483647,2147483647,2147483647,-111,3,Movistar,false,false
1428148212722,2147483647,2147483647,2147483647,2147483647,-111,3,Movistar,false,false
1428148272855,-1,-1,-1,-1,0,3,Movistar,true,false
1428148272855,-1,-1,-1,-1,0,3,Movistar,false,false
1428148272855,-1,-1,-1,-1,0,3,Movistar,false,false
1428148272855,-1,-1,-1,-1,0,3,Movistar,false,false
1428148272855,-1,-1,-1,-1,0,3,Movistar,false,false
1428148272855,-1,-1,-1,-1,0,3,Movistar,false,false
1428148272855,2147483647,2147483647,2147483647,2147483647,-95,3,Movistar,false,false
1428148272855,2147483647,2147483647,2147483647,2147483647,-97,3,Movistar,false,false
1428148272855,2147483647,2147483647,2147483647,2147483647,-99,3,Movistar,false,false
1428148272855,2147483647,2147483647,2147483647,2147483647,-107,3,Movistar,false,false
1428148272855,2147483647,2147483647,2147483647,2147483647,-109,3,Movistar,false,false
1428148272855,2147483647,2147483647,2147483647,2147483647,-109,3,Movistar,false,false
1428148272855,2147483647,2147483647,2147483647,2147483647,-111,3,Movistar,false,false
1428148272855,2147483647,2147483647,2147483647,2147483647,-111,3,Movistar,false,false
1428148332971,-1,-1,-1,-1,0,3,Movistar,true,false
1428148332971,-1,-1,-1,-1,0,3,Movistar,false,false
1428148332971,-1,-1,-1,-1,0,3,Movistar,false,false
1428148332971,-1,-1,-1,-1,0,3,Movistar,false,false
1428148332971,-1,-1,-1,-1,0,3,Movistar,false,false
1428148332971,-1,-1,-1,-1,0,3,Movistar,false,false
1428148332971,-1,-1,-1,-1,0,3,Movistar,false,false
1428148332971,2147483647,2147483647,2147483647,2147483647,-93,3,Movistar,false,false
1428148332971,2147483647,2147483647,2147483647,2147483647,-97,3,Movistar,false,false
1428148332971,2147483647,2147483647,2147483647,2147483647,-101,3,Movistar,false,false
1428148332971,2147483647,2147483647,2147483647,2147483647,-109,3,Movistar,false,false
1428148332971,2147483647,2147483647,2147483647,2147483647,-109,3,Movistar,false,false
1428148332971,2147483647,2147483647,2147483647,2147483647,-111,3,Movistar,false,false
1428148332971,2147483647,2147483647,2147483647,2147483647,-111,3,Movistar,false,false
1428148332971,2147483647,2147483647,2147483647,2147483647,-111,3,Movistar,false,false
1428148393017,-1,-1,-1,-1,0,3,Movistar,true,false
1428148393017,-1,-1,-1,-1,0,3,Movistar,false,false
1428148393017,-1,-1,-1,-1,0,3,Movistar,false,false
1428148393017,-1,-1,-1,-1,0,3,Movistar,false,false
1428148393017,-1,-1,-1,-1,0,3,Movistar,false,false
1428148393017,-1,-1,-1,-1,0,3,Movistar,false,false
1428148393017,-1,-1,-1,-1,0,3,Movistar,false,false
1428148393017,2147483647,2147483647,2147483647,2147483647,-91,3,Movistar,false,false
1428148393017,2147483647,2147483647,2147483647,2147483647,-97,3,Movistar,false,false
1428148393017,2147483647,2147483647,2147483647,2147483647,-99,3,Movistar,false,false
1428148393017,2147483647,2147483647,2147483647,2147483647,-107,3,Movistar,false,false
1428148393017,2147483647,2147483647,2147483647,2147483647,-109,3,Movistar,false,false
1428148393017,2147483647,2147483647,2147483647,2147483647,-109,3,Movistar,false,false
1428148393017,2147483647,2147483647,2147483647,2147483647,-109,3,Movistar,false,false
1428148393017,2147483647,2147483647,2147483647,2147483647,-111,3,Movistar,false,false
1428148453117,-1,-1,-1,-1,0,3,Movistar,true,false
1428148453117,-1,-1,-1,-1,0,3,Movistar,false,false
1428148453117,-1,-1,-1,-1,0,3,Movistar,false,false
1428148453117,-1,-1,-1,-1,0,3,Movistar,false,false
1428148453117,-1,-1,-1,-1,0,3,Movistar,false,false
1428148453117,-1,-1,-1,-1,0,3,Movistar,false,false
1428148453117,-1,-1,-1,-1,0,3,Movistar,false,false
1428148453117,2147483647,2147483647,2147483647,2147483647,-91,3,Movistar,false,false
1428148453117,2147483647,2147483647,2147483647,2147483647,-97,3,Movistar,false,false
1428148453117,2147483647,2147483647,2147483647,2147483647,-99,3,Movistar,false,false
1428148453117,2147483647,2147483647,2147483647,2147483647,-107,3,Movistar,false,false
1428148453117,2147483647,2147483647,2147483647,2147483647,-109,3,Movistar,false,false
1428148453117,2147483647,2147483647,2147483647,2147483647,-109,3,Movistar,false,false
1428148453117,2147483647,2147483647,2147483647,2147483647,-109,3,Movistar,false,false
1428148453117,2147483647,2147483647,2147483647,2147483647,-111,3,Movistar,false,false
1428148513215,-1,-1,-1,-1,0,3,Movistar,true,false
1428148513215,-1,-1,-1,-1,0,3,Movistar,false,false
1428148513215,-1,-1,-1,-1,0,3,Movistar,false,false
1428148513215,-1,-1,-1,-1,0,3,Movistar,false,false
1428148513215,-1,-1,-1,-1,0,3,Movistar,false,false
1428148513215,-1,-1,-1,-1,0,3,Movistar,false,false
1428148513215,-1,-1,-1,-1,0,3,Movistar,false,false
1428148513215,2147483647,2147483647,2147483647,2147483647,-91,3,Movistar,false,false
1428148513215,2147483647,2147483647,2147483647,2147483647,-97,3,Movistar,false,false
1428148513215,2147483647,2147483647,2147483647,2147483647,-99,3,Movistar,false,false
1428148513215,2147483647,2147483647,2147483647,2147483647,-107,3,Movistar,false,false
1428148513215,2147483647,2147483647,2147483647,2147483647,-109,3,Movistar,false,false
1428148513215,2147483647,2147483647,2147483647,2147483647,-109,3,Movistar,false,false
1428148513215,2147483647,2147483647,2147483647,2147483647,-109,3,Movistar,false,false
1428148513215,2147483647,2147483647,2147483647,2147483647,-111,3,Movistar,false,false
1428148576461,-1,-1,-1,-1,0,3,Movistar,true,false
1428148576461,-1,-1,-1,-1,0,3,Movistar,false,false
1428148576461,-1,-1,-1,-1,0,3,Movistar,false,false
1428148576461,-1,-1,-1,-1,0,3,Movistar,false,false
1428148576461,-1,-1,-1,-1,0,3,Movistar,false,false
1428148576461,-1,-1,-1,-1,0,3,Movistar,false,false
1428148576461,-1,-1,-1,-1,0,3,Movistar,false,false
1428148576461,2147483647,2147483647,2147483647,2147483647,-95,3,Movistar,false,false
1428148576461,2147483647,2147483647,2147483647,2147483647,-97,3,Movistar,false,false
1428148576461,2147483647,2147483647,2147483647,2147483647,-99,3,Movistar,false,false
1428148576461,2147483647,2147483647,2147483647,2147483647,-107,3,Movistar,false,false
1428148576461,2147483647,2147483647,2147483647,2147483647,-109,3,Movistar,false,false
1428148576461,2147483647,2147483647,2147483647,2147483647,-109,3,Movistar,false,false
1428148576461,2147483647,2147483647,2147483647,2147483647,-109,3,Movistar,false,false
1428148576461,2147483647,2147483647,2147483647,2147483647,-111,3,Movistar,false,false
1428148636578,-1,-1,-1,-1,0,3,Movistar,true,false
1428148636578,-1,-1,-1,-1,0,3,Movistar,false,false
1428148636578,-1,-1,-1,-1,0,3,Movistar,false,false
1428148636578,-1,-1,-1,-1,0,3,Movistar,false,false
1428148636578,-1,-1,-1,-1,0,3,Movistar,false,false
1428148636578,-1,-1,-1,-1,0,3,Movistar,false,false
1428148636578,-1,-1,-1,-1,0,3,Movistar,false,false
1428148636578,2147483647,2147483647,2147483647,2147483647,-95,3,Movistar,false,false
1428148636578,2147483647,2147483647,2147483647,2147483647,-95,3,Movistar,false,false
1428148636578,2147483647,2147483647,2147483647,2147483647,-99,3,Movistar,false,false
1428148636578,2147483647,2147483647,2147483647,2147483647,-107,3,Movistar,false,false
1428148636578,2147483647,2147483647,2147483647,2147483647,-109,3,Movistar,false,false
1428148636578,2147483647,2147483647,2147483647,2147483647,-109,3,Movistar,false,false
1428148636578,2147483647,2147483647,2147483647,2147483647,-111,3,Movistar,false,false
1428148636578,2147483647,2147483647,2147483647,2147483647,-111,3,Movistar,false,false
1428148697739,-1,-1,-1,-1,0,3,Movistar,true,false
1428148771633,-1,-1,-1,-1,0,3,Movistar,true,false
1428148771633,-1,-1,-1,-1,0,3,Movistar,false,false
1428148771633,-1,-1,-1,-1,0,3,Movistar,false,false
1428148771633,-1,-1,-1,-1,0,3,Movistar,false,false
1428148771633,-1,-1,-1,-1,0,3,Movistar,false,false
1428148771633,-1,-1,-1,-1,0,3,Movistar,false,false
1428148771633,-1,-1,-1,-1,0,3,Movistar,false,false
1428148771633,2147483647,2147483647,2147483647,2147483647,-95,3,Movistar,false,false
1428148771633,2147483647,2147483647,2147483647,2147483647,-97,3,Movistar,false,false
1428148771633,2147483647,2147483647,2147483647,2147483647,-97,3,Movistar,false,false
1428148771633,2147483647,2147483647,2147483647,2147483647,-107,3,Movistar,false,false
1428148771633,2147483647,2147483647,2147483647,2147483647,-109,3,Movistar,false,false
1428148771633,2147483647,2147483647,2147483647,2147483647,-109,3,Movistar,false,false
1428148771633,2147483647,2147483647,2147483647,2147483647,-111,3,Movistar,false,false
1428148771633,2147483647,2147483647,2147483647,2147483647,-111,3,Movistar,false,false
1428148831815,-1,-1,-1,-1,0,3,Movistar,true,false
1428148831815,-1,-1,-1,-1,0,3,Movistar,false,false
1428148831815,-1,-1,-1,-1,0,3,Movistar,false,false
1428148831815,-1,-1,-1,-1,0,3,Movistar,false,false
1428148831815,-1,-1,-1,-1,0,3,Movistar,false,false
1428148831815,-1,-1,-1,-1,0,3,Movistar,false,false
1428148831815,-1,-1,-1,-1,0,3,Movistar,false,false
1428148831815,2147483647,2147483647,2147483647,2147483647,-95,3,Movistar,false,false
1428148831815,2147483647,2147483647,2147483647,2147483647,-97,3,Movistar,false,false
1428148831815,2147483647,2147483647,2147483647,2147483647,-97,3,Movistar,false,false
1428148831815,2147483647,2147483647,2147483647,2147483647,-107,3,Movistar,false,false
1428148831815,2147483647,2147483647,2147483647,2147483647,-109,3,Movistar,false,false
1428148831815,2147483647,2147483647,2147483647,2147483647,-109,3,Movistar,false,false
1428148831815,2147483647,2147483647,2147483647,2147483647,-111,3,Movistar,false,false
1428148831815,2147483647,2147483647,2147483647,2147483647,-111,3,Movistar,false,false
1428148921792,-1,-1,-1,-1,0,3,Movistar,true,false
1428148921792,-1,-1,-1,-1,0,3,Movistar,false,false
1428148921792,-1,-1,-1,-1,0,3,Movistar,false,false
1428148921792,-1,-1,-1,-1,0,3,Movistar,false,false
1428148921792,-1,-1,-1,-1,0,3,Movistar,false,false
1428148921792,-1,-1,-1,-1,0,3,Movistar,false,false
1428148921792,-1,-1,-1,-1,0,3,Movistar,false,false
1428148921792,2147483647,2147483647,2147483647,2147483647,-95,3,Movistar,false,false
1428148921792,2147483647,2147483647,2147483647,2147483647,-97,3,Movistar,false,false
1428148921792,2147483647,2147483647,2147483647,2147483647,-97,3,Movistar,false,false
1428148921792,2147483647,2147483647,2147483647,2147483647,-107,3,Movistar,false,false
1428148921792,2147483647,2147483647,2147483647,2147483647,-109,3,Movistar,false,false
1428148921792,2147483647,2147483647,2147483647,2147483647,-109,3,Movistar,false,false
1428148921792,2147483647,2147483647,2147483647,2147483647,-111,3,Movistar,false,false
1428148921792,2147483647,2147483647,2147483647,2147483647,-111,3,Movistar,false,false
1428148987503,-1,-1,-1,-1,0,3,Movistar,true,false
1428148987503,-1,-1,-1,-1,0,3,Movistar,false,false
1428148987503,-1,-1,-1,-1,0,3,Movistar,false,false
1428148987503,-1,-1,-1,-1,0,3,Movistar,false,false
1428148987503,-1,-1,-1,-1,0,3,Movistar,false,false
1428148987503,-1,-1,-1,-1,0,3,Movistar,false,false
1428148987503,-1,-1,-1,-1,0,3,Movistar,false,false
1428148987503,2147483647,2147483647,2147483647,2147483647,-95,3,Movistar,false,false
1428148987503,2147483647,2147483647,2147483647,2147483647,-97,3,Movistar,false,false
1428148987503,2147483647,2147483647,2147483647,2147483647,-99,3,Movistar,false,false
1428148987503,2147483647,2147483647,2147483647,2147483647,-107,3,Movistar,false,false
1428148987503,2147483647,2147483647,2147483647,2147483647,-107,3,Movistar,false,false
1428148987503,2147483647,2147483647,2147483647,2147483647,-109,3,Movistar,false,false
1428148987503,2147483647,2147483647,2147483647,2147483647,-109,3,Movistar,false,false
1428148987503,2147483647,2147483647,2147483647,2147483647,-111,3,Movistar,false,false
1428149071887,-1,-1,-1,-1,0,3,Movistar,true,false
1428149071887,-1,-1,-1,-1,0,3,Movistar,false,false
1428149071887,-1,-1,-1,-1,0,3,Movistar,false,false
1428149071887,-1,-1,-1,-1,0,3,Movistar,false,false
1428149071887,-1,-1,-1,-1,0,3,Movistar,false,false
1428149071887,-1,-1,-1,-1,0,3,Movistar,false,false
1428149071887,-1,-1,-1,-1,0,3,Movistar,false,false
1428149071887,2147483647,2147483647,2147483647,2147483647,-95,3,Movistar,false,false
1428149071887,2147483647,2147483647,2147483647,2147483647,-97,3,Movistar,false,false
1428149071887,2147483647,2147483647,2147483647,2147483647,-97,3,Movistar,false,false
1428149071887,2147483647,2147483647,2147483647,2147483647,-107,3,Movistar,false,false
1428149071887,2147483647,2147483647,2147483647,2147483647,-107,3,Movistar,false,false
1428149071887,2147483647,2147483647,2147483647,2147483647,-109,3,Movistar,false,false
1428149071887,2147483647,2147483647,2147483647,2147483647,-111,3,Movistar,false,false
1428149071887,2147483647,2147483647,2147483647,2147483647,-111,3,Movistar,false,false
1428149131946,-1,-1,-1,-1,0,3,Movistar,true,false
1428149131946,-1,-1,-1,-1,0,3,Movistar,false,false
1428149131946,-1,-1,-1,-1,0,3,Movistar,false,false
1428149131946,-1,-1,-1,-1,0,3,Movistar,false,false
1428149131946,-1,-1,-1,-1,0,3,Movistar,false,false
1428149131946,-1,-1,-1,-1,0,3,Movistar,false,false
1428149131946,-1,-1,-1,-1,0,3,Movistar,false,false
1428149131946,2147483647,2147483647,2147483647,2147483647,-93,3,Movistar,false,false
1428149131946,2147483647,2147483647,2147483647,2147483647,-97,3,Movistar,false,false
1428149131946,2147483647,2147483647,2147483647,2147483647,-97,3,Movistar,false,false
1428149131946,2147483647,2147483647,2147483647,2147483647,-107,3,Movistar,false,false
1428149131946,2147483647,2147483647,2147483647,2147483647,-109,3,Movistar,false,false
1428149131946,2147483647,2147483647,2147483647,2147483647,-111,3,Movistar,false,false
1428149131946,2147483647,2147483647,2147483647,2147483647,-111,3,Movistar,false,false
1428149131946,2147483647,2147483647,2147483647,2147483647,-111,3,Movistar,false,false
1428149139858,-1,-1,-1,-1,0,3,Movistar,true,false
1428149139858,-1,-1,-1,-1,0,3,Movistar,false,false
1428149139858,-1,-1,-1,-1,0,3,Movistar,false,false
1428149139858,-1,-1,-1,-1,0,3,Movistar,false,false
1428149139858,-1,-1,-1,-1,0,3,Movistar,false,false
1428149139858,-1,-1,-1,-1,0,3,Movistar,false,false
1428149139858,-1,-1,-1,-1,0,3,Movistar,false,false
1428149139858,2147483647,2147483647,2147483647,2147483647,-93,3,Movistar,false,false
1428149139858,2147483647,2147483647,2147483647,2147483647,-97,3,Movistar,false,false
1428149139858,2147483647,2147483647,2147483647,2147483647,-97,3,Movistar,false,false
1428149139858,2147483647,2147483647,2147483647,2147483647,-107,3,Movistar,false,false
1428149139858,2147483647,2147483647,2147483647,2147483647,-109,3,Movistar,false,false
1428149139858,2147483647,2147483647,2147483647,2147483647,-111,3,Movistar,false,false
1428149139858,2147483647,2147483647,2147483647,2147483647,-111,3,Movistar,false,false
1428149139858,2147483647,2147483647,2147483647,2147483647,-111,3,Movistar,false,false
1428149140844,-1,-1,-1,-1,0,3,Movistar,true,false
1428149140844,-1,-1,-1,-1,0,3,Movistar,false,false
1428149140844,-1,-1,-1,-1,0,3,Movistar,false,false
1428149140844,-1,-1,-1,-1,0,3,Movistar,false,false
1428149140844,-1,-1,-1,-1,0,3,Movistar,false,false
1428149140844,-1,-1,-1,-1,0,3,Movistar,false,false
1428149140844,-1,-1,-1,-1,0,3,Movistar,false,false
1428149140844,2147483647,2147483647,2147483647,2147483647,-93,3,Movistar,false,false
1428149140844,2147483647,2147483647,2147483647,2147483647,-97,3,Movistar,false,false
1428149140844,2147483647,2147483647,2147483647,2147483647,-97,3,Movistar,false,false
1428149140844,2147483647,2147483647,2147483647,2147483647,-107,3,Movistar,false,false
1428149140844,2147483647,2147483647,2147483647,2147483647,-109,3,Movistar,false,false
1428149140844,2147483647,2147483647,2147483647,2147483647,-111,3,Movistar,false,false
1428149140844,2147483647,2147483647,2147483647,2147483647,-111,3,Movistar,false,false
1428149140844,2147483647,2147483647,2147483647,2147483647,-111,3,Movistar,false,false
1428149141209,-1,-1,-1,-1,0,3,Movistar,true,false
1428149141209,-1,-1,-1,-1,0,3,Movistar,false,false
1428149141209,-1,-1,-1,-1,0,3,Movistar,false,false
1428149141209,-1,-1,-1,-1,0,3,Movistar,false,false
1428149141209,-1,-1,-1,-1,0,3,Movistar,false,false
1428149141209,-1,-1,-1,-1,0,3,Movistar,false,false
1428149141209,-1,-1,-1,-1,0,3,Movistar,false,false
1428149141209,2147483647,2147483647,2147483647,2147483647,-93,3,Movistar,false,false
1428149141209,2147483647,2147483647,2147483647,2147483647,-97,3,Movistar,false,false
1428149141209,2147483647,2147483647,2147483647,2147483647,-97,3,Movistar,false,false
1428149141209,2147483647,2147483647,2147483647,2147483647,-107,3,Movistar,false,false
1428149141209,2147483647,2147483647,2147483647,2147483647,-109,3,Movistar,false,false
1428149141209,2147483647,2147483647,2147483647,2147483647,-111,3,Movistar,false,false
1428149141209,2147483647,2147483647,2147483647,2147483647,-111,3,Movistar,false,false
1428149141209,2147483647,2147483647,2147483647,2147483647,-111,3,Movistar,false,false
1428149141799,-1,-1,-1,-1,0,3,Movistar,true,false
1428149141799,-1,-1,-1,-1,0,3,Movistar,false,false
1428149141799,-1,-1,-1,-1,0,3,Movistar,false,false
1428149141799,-1,-1,-1,-1,0,3,Movistar,false,false
1428149141799,-1,-1,-1,-1,0,3,Movistar,false,false
1428149141799,-1,-1,-1,-1,0,3,Movistar,false,false
1428149141799,-1,-1,-1,-1,0,3,Movistar,false,false
1428149141799,2147483647,2147483647,2147483647,2147483647,-93,3,Movistar,false,false
1428149141799,2147483647,2147483647,2147483647,2147483647,-97,3,Movistar,false,false
1428149141799,2147483647,2147483647,2147483647,2147483647,-97,3,Movistar,false,false
1428149141799,2147483647,2147483647,2147483647,2147483647,-107,3,Movistar,false,false
1428149141799,2147483647,2147483647,2147483647,2147483647,-109,3,Movistar,false,false
1428149141799,2147483647,2147483647,2147483647,2147483647,-111,3,Movistar,false,false
1428149141799,2147483647,2147483647,2147483647,2147483647,-111,3,Movistar,false,false
1428149141799,2147483647,2147483647,2147483647,2147483647,-111,3,Movistar,false,false
1428149142193,-1,-1,-1,-1,0,3,Movistar,true,false
1428149142193,-1,-1,-1,-1,0,3,Movistar,false,false
1428149142193,-1,-1,-1,-1,0,3,Movistar,false,false
1428149142193,-1,-1,-1,-1,0,3,Movistar,false,false
1428149142193,-1,-1,-1,-1,0,3,Movistar,false,false
1428149142193,-1,-1,-1,-1,0,3,Movistar,false,false
1428149142193,-1,-1,-1,-1,0,3,Movistar,false,false
1428149142193,2147483647,2147483647,2147483647,2147483647,-93,3,Movistar,false,false
1428149142193,2147483647,2147483647,2147483647,2147483647,-97,3,Movistar,false,false
1428149142193,2147483647,2147483647,2147483647,2147483647,-97,3,Movistar,false,false
1428149142193,2147483647,2147483647,2147483647,2147483647,-107,3,Movistar,false,false
1428149142193,2147483647,2147483647,2147483647,2147483647,-109,3,Movistar,false,false
1428149142193,2147483647,2147483647,2147483647,2147483647,-111,3,Movistar,false,false
1428149142193,2147483647,2147483647,2147483647,2147483647,-111,3,Movistar,false,false
1428149142193,2147483647,2147483647,2147483647,2147483647,-111,3,Movistar,false,false
1428149142761,-1,-1,-1,-1,0,3,Movistar,true,false
1428149142761,-1,-1,-1,-1,0,3,Movistar,false,false
1428149142761,-1,-1,-1,-1,0,3,Movistar,false,false
1428149142761,-1,-1,-1,-1,0,3,Movistar,false,false
1428149142761,-1,-1,-1,-1,0,3,Movistar,false,false
1428149142761,-1,-1,-1,-1,0,3,Movistar,false,false
1428149142761,-1,-1,-1,-1,0,3,Movistar,false,false
1428149142761,2147483647,2147483647,2147483647,2147483647,-93,3,Movistar,false,false
1428149142761,2147483647,2147483647,2147483647,2147483647,-97,3,Movistar,false,false
1428149142761,2147483647,2147483647,2147483647,2147483647,-97,3,Movistar,false,false
1428149142761,2147483647,2147483647,2147483647,2147483647,-107,3,Movistar,false,false
1428149142761,2147483647,2147483647,2147483647,2147483647,-109,3,Movistar,false,false
1428149142761,2147483647,2147483647,2147483647,2147483647,-111,3,Movistar,false,false
1428149142761,2147483647,2147483647,2147483647,2147483647,-111,3,Movistar,false,false
1428149142761,2147483647,2147483647,2147483647,2147483647,-111,3,Movistar,false,false
1428149159589,-1,-1,-1,-1,0,3,Movistar,true,false
1428149159589,-1,-1,-1,-1,0,3,Movistar,false,false
1428149159589,-1,-1,-1,-1,0,3,Movistar,false,false
1428149159589,-1,-1,-1,-1,0,3,Movistar,false,false
1428149159589,-1,-1,-1,-1,0,3,Movistar,false,false
1428149159589,-1,-1,-1,-1,0,3,Movistar,false,false
1428149159589,-1,-1,-1,-1,0,3,Movistar,false,false
1428149159589,2147483647,2147483647,2147483647,2147483647,-91,3,Movistar,false,false
1428149159589,2147483647,2147483647,2147483647,2147483647,-99,3,Movistar,false,false
1428149159589,2147483647,2147483647,2147483647,2147483647,-99,3,Movistar,false,false
1428149159589,2147483647,2147483647,2147483647,2147483647,-109,3,Movistar,false,false
1428149159589,2147483647,2147483647,2147483647,2147483647,-109,3,Movistar,false,false
1428149159589,2147483647,2147483647,2147483647,2147483647,-111,3,Movistar,false,false
1428149159589,2147483647,2147483647,2147483647,2147483647,-111,3,Movistar,false,false
1428149159589,2147483647,2147483647,2147483647,2147483647,-111,3,Movistar,false,false
1428149160060,-1,-1,-1,-1,0,3,Movistar,true,false
1428149160060,-1,-1,-1,-1,0,3,Movistar,false,false
1428149160060,-1,-1,-1,-1,0,3,Movistar,false,false
1428149160060,-1,-1,-1,-1,0,3,Movistar,false,false
1428149160060,-1,-1,-1,-1,0,3,Movistar,false,false
1428149160060,-1,-1,-1,-1,0,3,Movistar,false,false
1428149160060,-1,-1,-1,-1,0,3,Movistar,false,false
1428149160060,2147483647,2147483647,2147483647,2147483647,-91,3,Movistar,false,false
1428149160060,2147483647,2147483647,2147483647,2147483647,-99,3,Movistar,false,false
1428149160060,2147483647,2147483647,2147483647,2147483647,-99,3,Movistar,false,false
1428149160060,2147483647,2147483647,2147483647,2147483647,-109,3,Movistar,false,false
1428149160060,2147483647,2147483647,2147483647,2147483647,-109,3,Movistar,false,false
1428149160060,2147483647,2147483647,2147483647,2147483647,-111,3,Movistar,false,false
1428149160060,2147483647,2147483647,2147483647,2147483647,-111,3,Movistar,false,false
1428149160060,2147483647,2147483647,2147483647,2147483647,-111,3,Movistar,false,false
1428149160358,-1,-1,-1,-1,0,3,Movistar,true,false
1428149160358,-1,-1,-1,-1,0,3,Movistar,false,false
1428149160358,-1,-1,-1,-1,0,3,Movistar,false,false
1428149160358,-1,-1,-1,-1,0,3,Movistar,false,false
1428149160358,-1,-1,-1,-1,0,3,Movistar,false,false
1428149160358,-1,-1,-1,-1,0,3,Movistar,false,false
1428149160358,-1,-1,-1,-1,0,3,Movistar,false,false
1428149160358,2147483647,2147483647,2147483647,2147483647,-91,3,Movistar,false,false
1428149160358,2147483647,2147483647,2147483647,2147483647,-99,3,Movistar,false,false
1428149160358,2147483647,2147483647,2147483647,2147483647,-99,3,Movistar,false,false
1428149160358,2147483647,2147483647,2147483647,2147483647,-109,3,Movistar,false,false
1428149160358,2147483647,2147483647,2147483647,2147483647,-109,3,Movistar,false,false
1428149160358,2147483647,2147483647,2147483647,2147483647,-111,3,Movistar,false,false
1428149160358,2147483647,2147483647,2147483647,2147483647,-111,3,Movistar,false,false
1428149160358,2147483647,2147483647,2147483647,2147483647,-111,3,Movistar,false,false
1428149163475,-1,-1,-1,-1,0,3,Movistar,true,false
1428149163475,-1,-1,-1,-1,0,3,Movistar,false,false
1428149163475,-1,-1,-1,-1,0,3,Movistar,false,false
1428149163475,-1,-1,-1,-1,0,3,Movistar,false,false
1428149163475,-1,-1,-1,-1,0,3,Movistar,false,false
1428149163475,-1,-1,-1,-1,0,3,Movistar,false,false
1428149163475,-1,-1,-1,-1,0,3,Movistar,false,false
1428149163475,2147483647,2147483647,2147483647,2147483647,-91,3,Movistar,false,false
1428149163475,2147483647,2147483647,2147483647,2147483647,-99,3,Movistar,false,false
1428149163475,2147483647,2147483647,2147483647,2147483647,-99,3,Movistar,false,false
1428149163475,2147483647,2147483647,2147483647,2147483647,-109,3,Movistar,false,false
1428149163475,2147483647,2147483647,2147483647,2147483647,-109,3,Movistar,false,false
1428149163475,2147483647,2147483647,2147483647,2147483647,-111,3,Movistar,false,false
1428149163475,2147483647,2147483647,2147483647,2147483647,-111,3,Movistar,false,false
1428149163475,2147483647,2147483647,2147483647,2147483647,-111,3,Movistar,false,false
1428149164036,-1,-1,-1,-1,0,3,Movistar,true,false
1428149164036,-1,-1,-1,-1,0,3,Movistar,false,false
1428149164036,-1,-1,-1,-1,0,3,Movistar,false,false
1428149164036,-1,-1,-1,-1,0,3,Movistar,false,false
1428149164036,-1,-1,-1,-1,0,3,Movistar,false,false
1428149164036,-1,-1,-1,-1,0,3,Movistar,false,false
1428149164036,-1,-1,-1,-1,0,3,Movistar,false,false
1428149164036,2147483647,2147483647,2147483647,2147483647,-91,3,Movistar,false,false
1428149164036,2147483647,2147483647,2147483647,2147483647,-99,3,Movistar,false,false
1428149164036,2147483647,2147483647,2147483647,2147483647,-99,3,Movistar,false,false
1428149164036,2147483647,2147483647,2147483647,2147483647,-109,3,Movistar,false,false
1428149164036,2147483647,2147483647,2147483647,2147483647,-109,3,Movistar,false,false
1428149164036,2147483647,2147483647,2147483647,2147483647,-111,3,Movistar,false,false
1428149164036,2147483647,2147483647,2147483647,2147483647,-111,3,Movistar,false,false
1428149164036,2147483647,2147483647,2147483647,2147483647,-111,3,Movistar,false,false
1428149166860,-1,-1,-1,-1,0,3,Movistar,true,false
1428149166860,-1,-1,-1,-1,0,3,Movistar,false,false
1428149166860,-1,-1,-1,-1,0,3,Movistar,false,false
1428149166860,-1,-1,-1,-1,0,3,Movistar,false,false
1428149166860,-1,-1,-1,-1,0,3,Movistar,false,false
1428149166860,-1,-1,-1,-1,0,3,Movistar,false,false
1428149166860,-1,-1,-1,-1,0,3,Movistar,false,false
1428149166860,2147483647,2147483647,2147483647,2147483647,-87,3,Movistar,false,false
1428149166860,2147483647,2147483647,2147483647,2147483647,-97,3,Movistar,false,false
1428149166860,2147483647,2147483647,2147483647,2147483647,-99,3,Movistar,false,false
1428149166860,2147483647,2147483647,2147483647,2147483647,-107,3,Movistar,false,false
1428149166860,2147483647,2147483647,2147483647,2147483647,-109,3,Movistar,false,false
1428149166860,2147483647,2147483647,2147483647,2147483647,-111,3,Movistar,false,false
1428149166860,2147483647,2147483647,2147483647,2147483647,-111,3,Movistar,false,false
1428149166860,2147483647,2147483647,2147483647,2147483647,-113,3,Movistar,false,false
1428149171472,-1,-1,-1,-1,0,3,Movistar,true,false
1428149171472,-1,-1,-1,-1,0,3,Movistar,false,false
1428149171472,-1,-1,-1,-1,0,3,Movistar,false,false
1428149171472,-1,-1,-1,-1,0,3,Movistar,false,false
1428149171472,-1,-1,-1,-1,0,3,Movistar,false,false
1428149171472,-1,-1,-1,-1,0,3,Movistar,false,false
1428149172594,-1,-1,-1,-1,0,3,Movistar,true,false
1428149172594,-1,-1,-1,-1,0,3,Movistar,false,false
1428149172594,-1,-1,-1,-1,0,3,Movistar,false,false
1428149172594,-1,-1,-1,-1,0,3,Movistar,false,false
1428149172594,-1,-1,-1,-1,0,3,Movistar,false,false
1428149172594,-1,-1,-1,-1,0,3,Movistar,false,false
1428149172956,-1,-1,-1,-1,0,3,Movistar,true,false
1428149172956,-1,-1,-1,-1,0,3,Movistar,false,false
1428149172956,-1,-1,-1,-1,0,3,Movistar,false,false
1428149172956,-1,-1,-1,-1,0,3,Movistar,false,false
1428149172956,-1,-1,-1,-1,0,3,Movistar,false,false
1428149172956,-1,-1,-1,-1,0,3,Movistar,false,false
1428149173570,-1,-1,-1,-1,0,3,Movistar,true,false
1428149173570,-1,-1,-1,-1,0,3,Movistar,false,false
1428149173570,-1,-1,-1,-1,0,3,Movistar,false,false
1428149173570,-1,-1,-1,-1,0,3,Movistar,false,false
1428149173570,-1,-1,-1,-1,0,3,Movistar,false,false
1428149173570,-1,-1,-1,-1,0,3,Movistar,false,false
1428149173964,-1,-1,-1,-1,0,3,Movistar,true,false
1428149173964,-1,-1,-1,-1,0,3,Movistar,false,false
1428149173964,-1,-1,-1,-1,0,3,Movistar,false,false
1428149173964,-1,-1,-1,-1,0,3,Movistar,false,false
1428149173964,-1,-1,-1,-1,0,3,Movistar,false,false
1428149173964,-1,-1,-1,-1,0,3,Movistar,false,false
1428149174495,-1,-1,-1,-1,0,3,Movistar,true,false
1428149174495,-1,-1,-1,-1,0,3,Movistar,false,false
1428149174495,-1,-1,-1,-1,0,3,Movistar,false,false
1428149174495,-1,-1,-1,-1,0,3,Movistar,false,false
1428149174495,-1,-1,-1,-1,0,3,Movistar,false,false
1428149174495,-1,-1,-1,-1,0,3,Movistar,false,false
1428149189533,-1,-1,-1,-1,0,3,Movistar,true,false
1428149189533,-1,-1,-1,-1,0,3,Movistar,false,false
1428149189533,-1,-1,-1,-1,0,3,Movistar,false,false
1428149189533,-1,-1,-1,-1,0,3,Movistar,false,false
1428149189533,-1,-1,-1,-1,0,3,Movistar,false,false
1428149189533,-1,-1,-1,-1,0,3,Movistar,false,false
1428149189533,-1,-1,-1,-1,0,3,Movistar,false,false
1428149189533,-1,-1,-1,-1,0,3,Movistar,false,false
1428149189533,2147483647,2147483647,2147483647,2147483647,-97,3,Movistar,false,false
1428149189533,2147483647,2147483647,2147483647,2147483647,-97,3,Movistar,false,false
1428149189533,2147483647,2147483647,2147483647,2147483647,-103,3,Movistar,false,false
1428149189533,2147483647,2147483647,2147483647,2147483647,-107,3,Movistar,false,false
1428149189533,2147483647,2147483647,2147483647,2147483647,-109,3,Movistar,false,false
1428149189533,2147483647,2147483647,2147483647,2147483647,-111,3,Movistar,false,false
1428149189533,2147483647,2147483647,2147483647,2147483647,-111,3,Movistar,false,false
1428149189533,2147483647,2147483647,2147483647,2147483647,-111,3,Movistar,false,false
1428149191256,-1,-1,-1,-1,0,3,Movistar,true,false
1428149191256,-1,-1,-1,-1,0,3,Movistar,false,false
1428149191256,-1,-1,-1,-1,0,3,Movistar,false,false
1428149191256,-1,-1,-1,-1,0,3,Movistar,false,false
1428149191256,-1,-1,-1,-1,0,3,Movistar,false,false
1428149191256,-1,-1,-1,-1,0,3,Movistar,false,false
1428149191256,-1,-1,-1,-1,0,3,Movistar,false,false
1428149227816,20523018,8640,7,214,-115,13,Movistar,true,false
1428149227816,131,2147483647,2147483647,2147483647,-118,13,Movistar,false,false
1428149227816,182,2147483647,2147483647,2147483647,-119,13,Movistar,false,false
1428149227816,176,2147483647,2147483647,2147483647,-123,13,Movistar,false,false
1428149227816,2147483647,2147483647,2147483647,2147483647,-113,13,Movistar,false,false
1428149227816,2147483647,2147483647,2147483647,2147483647,-113,13,Movistar,false,false
1428149227816,2147483647,2147483647,2147483647,2147483647,-113,13,Movistar,false,false
1428149227816,2147483647,2147483647,2147483647,2147483647,-113,13,Movistar,false,false
1428149227816,2147483647,2147483647,2147483647,2147483647,-113,13,Movistar,false,false
1428149227816,2147483647,2147483647,2147483647,2147483647,-113,13,Movistar,false,false
1428149227816,2147483647,2147483647,2147483647,2147483647,-113,13,Movistar,false,false
1428149227816,2147483647,2147483647,2147483647,2147483647,-113,13,Movistar,false,false
1428149227816,2147483647,2147483647,2147483647,2147483647,-113,13,Movistar,false,false
1428149227816,2147483647,2147483647,2147483647,2147483647,-113,13,Movistar,false,false
1428149227816,2147483647,2147483647,2147483647,2147483647,-113,13,Movistar,false,false
1428149227816,2147483647,2147483647,2147483647,2147483647,-113,13,Movistar,false,false
1428149227816,2147483647,2147483647,2147483647,2147483647,-113,13,Movistar,false,false
1428149227816,2147483647,2147483647,2147483647,2147483647,-113,13,Movistar,false,false
1428149227816,2147483647,2147483647,2147483647,2147483647,-113,13,Movistar,false,false
1428149227816,-1,-1,-1,-1,0,13,Movistar,false,false
1428149227816,-1,-1,-1,-1,0,13,Movistar,false,false
1428149227816,-1,-1,-1,-1,0,13,Movistar,false,false
1428149227816,-1,-1,-1,-1,0,13,Movistar,false,false
1428149228593,20523018,8640,7,214,-115,13,Movistar,true,false
1428149228593,131,2147483647,2147483647,2147483647,-118,13,Movistar,false,false
1428149228593,182,2147483647,2147483647,2147483647,-119,13,Movistar,false,false
1428149228593,176,2147483647,2147483647,2147483647,-123,13,Movistar,false,false
1428149228593,2147483647,2147483647,2147483647,2147483647,-113,13,Movistar,false,false
1428149228593,2147483647,2147483647,2147483647,2147483647,-113,13,Movistar,false,false
1428149228593,2147483647,2147483647,2147483647,2147483647,-113,13,Movistar,false,false
1428149228593,2147483647,2147483647,2147483647,2147483647,-113,13,Movistar,false,false
1428149228593,2147483647,2147483647,2147483647,2147483647,-113,13,Movistar,false,false
1428149228593,2147483647,2147483647,2147483647,2147483647,-113,13,Movistar,false,false
1428149228593,2147483647,2147483647,2147483647,2147483647,-113,13,Movistar,false,false
1428149228593,2147483647,2147483647,2147483647,2147483647,-113,13,Movistar,false,false
1428149228593,2147483647,2147483647,2147483647,2147483647,-113,13,Movistar,false,false
1428149228593,2147483647,2147483647,2147483647,2147483647,-113,13,Movistar,false,false
1428149228593,2147483647,2147483647,2147483647,2147483647,-113,13,Movistar,false,false
1428149228593,2147483647,2147483647,2147483647,2147483647,-113,13,Movistar,false,false
1428149228593,2147483647,2147483647,2147483647,2147483647,-113,13,Movistar,false,false
1428149228593,2147483647,2147483647,2147483647,2147483647,-113,13,Movistar,false,false
1428149228593,2147483647,2147483647,2147483647,2147483647,-113,13,Movistar,false,false
1428149228593,-1,-1,-1,-1,0,13,Movistar,false,false
1428149228593,-1,-1,-1,-1,0,13,Movistar,false,false
1428149228593,-1,-1,-1,-1,0,13,Movistar,false,false
1428149228593,-1,-1,-1,-1,0,13,Movistar,false,false
1428149247701,20523018,8640,7,214,-115,13,Movistar,true,false
1428149247701,131,2147483647,2147483647,2147483647,-117,13,Movistar,false,false
1428149247701,182,2147483647,2147483647,2147483647,-120,13,Movistar,false,false
1428149247701,2147483647,2147483647,2147483647,2147483647,-113,13,Movistar,false,false
1428149247701,2147483647,2147483647,2147483647,2147483647,-113,13,Movistar,false,false
1428149247701,2147483647,2147483647,2147483647,2147483647,-113,13,Movistar,false,false
1428149247701,2147483647,2147483647,2147483647,2147483647,-113,13,Movistar,false,false
1428149247701,2147483647,2147483647,2147483647,2147483647,-113,13,Movistar,false,false
1428149247701,2147483647,2147483647,2147483647,2147483647,-113,13,Movistar,false,false
1428149247701,2147483647,2147483647,2147483647,2147483647,-113,13,Movistar,false,false
1428149247701,2147483647,2147483647,2147483647,2147483647,-113,13,Movistar,false,false
1428149247701,2147483647,2147483647,2147483647,2147483647,-113,13,Movistar,false,false
1428149247701,2147483647,2147483647,2147483647,2147483647,-113,13,Movistar,false,false
1428149247701,2147483647,2147483647,2147483647,2147483647,-113,13,Movistar,false,false
1428149247701,2147483647,2147483647,2147483647,2147483647,-113,13,Movistar,false,false
1428149247701,2147483647,2147483647,2147483647,2147483647,-113,13,Movistar,false,false
1428149247701,2147483647,2147483647,2147483647,2147483647,-113,13,Movistar,false,false
1428149247701,2147483647,2147483647,2147483647,2147483647,-113,13,Movistar,false,false
1428149247701,-1,-1,-1,-1,0,13,Movistar,false,false
1428149247701,-1,-1,-1,-1,0,13,Movistar,false,false
1428149247701,-1,-1,-1,-1,0,13,Movistar,false,false
1428149247701,-1,-1,-1,-1,0,13,Movistar,false,false
1428149248322,20523018,8640,7,214,-115,13,Movistar,true,false
1428149248322,131,2147483647,2147483647,2147483647,-117,13,Movistar,false,false
1428149248322,182,2147483647,2147483647,2147483647,-120,13,Movistar,false,false
1428149248322,2147483647,2147483647,2147483647,2147483647,-113,13,Movistar,false,false
1428149248322,2147483647,2147483647,2147483647,2147483647,-113,13,Movistar,false,false
1428149248322,2147483647,2147483647,2147483647,2147483647,-113,13,Movistar,false,false
1428149248322,2147483647,2147483647,2147483647,2147483647,-113,13,Movistar,false,false
1428149248322,2147483647,2147483647,2147483647,2147483647,-113,13,Movistar,false,false
1428149248322,2147483647,2147483647,2147483647,2147483647,-113,13,Movistar,false,false
1428149248322,2147483647,2147483647,2147483647,2147483647,-113,13,Movistar,false,false
1428149248322,2147483647,2147483647,2147483647,2147483647,-113,13,Movistar,false,false
1428149248322,2147483647,2147483647,2147483647,2147483647,-113,13,Movistar,false,false
1428149248322,2147483647,2147483647,2147483647,2147483647,-113,13,Movistar,false,false
1428149248322,2147483647,2147483647,2147483647,2147483647,-113,13,Movistar,false,false
1428149248322,2147483647,2147483647,2147483647,2147483647,-113,13,Movistar,false,false
1428149248322,2147483647,2147483647,2147483647,2147483647,-113,13,Movistar,false,false
1428149248322,2147483647,2147483647,2147483647,2147483647,-113,13,Movistar,false,false
1428149248322,2147483647,2147483647,2147483647,2147483647,-113,13,Movistar,false,false
1428149248322,-1,-1,-1,-1,0,13,Movistar,false,false
1428149248322,-1,-1,-1,-1,0,13,Movistar,false,false
1428149248322,-1,-1,-1,-1,0,13,Movistar,false,false
1428149248322,-1,-1,-1,-1,0,13,Movistar,false,false
1428149254755,20523018,8640,7,214,-114,13,Movistar,true,false
1428149254755,131,2147483647,2147483647,2147483647,-118,13,Movistar,false,false
1428149254755,182,2147483647,2147483647,2147483647,-120,13,Movistar,false,false
1428149254755,2147483647,2147483647,2147483647,2147483647,-113,13,Movistar,false,false
1428149254755,2147483647,2147483647,2147483647,2147483647,-113,13,Movistar,false,false
1428149254755,2147483647,2147483647,2147483647,2147483647,-113,13,Movistar,false,false
1428149254755,2147483647,2147483647,2147483647,2147483647,-113,13,Movistar,false,false
1428149254755,2147483647,2147483647,2147483647,2147483647,-113,13,Movistar,false,false
1428149254755,2147483647,2147483647,2147483647,2147483647,-113,13,Movistar,false,false
1428149254755,2147483647,2147483647,2147483647,2147483647,-113,13,Movistar,false,false
1428149254755,2147483647,2147483647,2147483647,2147483647,-113,13,Movistar,false,false
1428149254755,2147483647,2147483647,2147483647,2147483647,-113,13,Movistar,false,false
1428149254755,2147483647,2147483647,2147483647,2147483647,-113,13,Movistar,false,false
1428149254755,2147483647,2147483647,2147483647,2147483647,-113,13,Movistar,false,false
1428149254755,2147483647,2147483647,2147483647,2147483647,-113,13,Movistar,false,false
1428149254755,2147483647,2147483647,2147483647,2147483647,-113,13,Movistar,false,false
1428149254755,2147483647,2147483647,2147483647,2147483647,-113,13,Movistar,false,false
1428149254755,2147483647,2147483647,2147483647,2147483647,-113,13,Movistar,false,false
1428149254755,-1,-1,-1,-1,0,13,Movistar,false,false
1428149254755,-1,-1,-1,-1,0,13,Movistar,false,false
1428149254755,-1,-1,-1,-1,0,13,Movistar,false,false
1428149254755,-1,-1,-1,-1,0,13,Movistar,false,false
1428149291189,20523018,8640,7,214,-113,13,Movistar,true,false
1428149291189,131,2147483647,2147483647,2147483647,-120,13,Movistar,false,false
1428149291189,2147483647,2147483647,2147483647,2147483647,-113,13,Movistar,false,false
1428149291189,2147483647,2147483647,2147483647,2147483647,-113,13,Movistar,false,false
1428149291189,2147483647,2147483647,2147483647,2147483647,-113,13,Movistar,false,false
1428149291189,2147483647,2147483647,2147483647,2147483647,-113,13,Movistar,false,false
1428149291189,2147483647,2147483647,2147483647,2147483647,-113,13,Movistar,false,false
1428149291189,2147483647,2147483647,2147483647,2147483647,-113,13,Movistar,false,false
1428149291189,2147483647,2147483647,2147483647,2147483647,-113,13,Movistar,false,false
1428149291189,2147483647,2147483647,2147483647,2147483647,-113,13,Movistar,false,false
1428149291189,2147483647,2147483647,2147483647,2147483647,-113,13,Movistar,false,false
1428149291189,2147483647,2147483647,2147483647,2147483647,-113,13,Movistar,false,false
1428149291189,2147483647,2147483647,2147483647,2147483647,-113,13,Movistar,false,false
1428149291189,2147483647,2147483647,2147483647,2147483647,-113,13,Movistar,false,false
1428149291189,2147483647,2147483647,2147483647,2147483647,-113,13,Movistar,false,false
1428149291189,2147483647,2147483647,2147483647,2147483647,-113,13,Movistar,false,false
1428149291189,2147483647,2147483647,2147483647,2147483647,-113,13,Movistar,false,false
1428149291189,-1,-1,-1,-1,0,13,Movistar,false,false
1428149291189,-1,-1,-1,-1,0,13,Movistar,false,false
1428149291189,-1,-1,-1,-1,0,13,Movistar,false,false
1428149291189,-1,-1,-1,-1,0,13,Movistar,false,false
1428149291189,-1,-1,-1,-1,0,13,Movistar,false,false
1428149291189,-1,-1,-1,-1,0,13,Movistar,false,false
1428149293739,20523018,8640,7,214,-114,13,Movistar,true,false
1428149293739,131,2147483647,2147483647,2147483647,-119,13,Movistar,false,false
1428149293739,2147483647,2147483647,2147483647,2147483647,-113,13,Movistar,false,false
1428149293739,2147483647,2147483647,2147483647,2147483647,-113,13,Movistar,false,false
1428149293739,2147483647,2147483647,2147483647,2147483647,-113,13,Movistar,false,false
1428149293739,2147483647,2147483647,2147483647,2147483647,-113,13,Movistar,false,false
1428149293739,2147483647,2147483647,2147483647,2147483647,-113,13,Movistar,false,false
1428149293739,2147483647,2147483647,2147483647,2147483647,-113,13,Movistar,false,false
1428149293739,2147483647,2147483647,2147483647,2147483647,-113,13,Movistar,false,false
1428149293739,2147483647,2147483647,2147483647,2147483647,-113,13,Movistar,false,false
1428149293739,2147483647,2147483647,2147483647,2147483647,-113,13,Movistar,false,false
1428149293739,2147483647,2147483647,2147483647,2147483647,-113,13,Movistar,false,false
1428149293739,2147483647,2147483647,2147483647,2147483647,-113,13,Movistar,false,false
1428149293739,2147483647,2147483647,2147483647,2147483647,-113,13,Movistar,false,false
1428149293739,2147483647,2147483647,2147483647,2147483647,-113,13,Movistar,false,false
1428149293739,2147483647,2147483647,2147483647,2147483647,-113,13,Movistar,false,false
1428149293739,2147483647,2147483647,2147483647,2147483647,-113,13,Movistar,false,false
1428149293739,-1,-1,-1,-1,0,13,Movistar,false,false
1428149293739,-1,-1,-1,-1,0,13,Movistar,false,false
1428149293739,-1,-1,-1,-1,0,13,Movistar,false,false
1428149293739,-1,-1,-1,-1,0,13,Movistar,false,false
1428149293739,-1,-1,-1,-1,0,13,Movistar,false,false
1428149293739,-1,-1,-1,-1,0,13,Movistar,false,false
1428149327510,20523018,8640,7,214,-114,13,Movistar,true,false
1428149327510,131,2147483647,2147483647,2147483647,-119,13,Movistar,false,false
1428149327510,2147483647,2147483647,2147483647,2147483647,-113,13,Movistar,false,false
1428149327510,2147483647,2147483647,2147483647,2147483647,-113,13,Movistar,false,false
1428149327510,2147483647,2147483647,2147483647,2147483647,-113,13,Movistar,false,false
1428149327510,2147483647,2147483647,2147483647,2147483647,-113,13,Movistar,false,false
1428149327510,2147483647,2147483647,2147483647,2147483647,-113,13,Movistar,false,false
1428149327510,2147483647,2147483647,2147483647,2147483647,-113,13,Movistar,false,false
1428149327510,2147483647,2147483647,2147483647,2147483647,-113,13,Movistar,false,false
1428149327510,2147483647,2147483647,2147483647,2147483647,-113,13,Movistar,false,false
1428149327510,2147483647,2147483647,2147483647,2147483647,-113,13,Movistar,false,false
1428149327510,2147483647,2147483647,2147483647,2147483647,-113,13,Movistar,false,false
1428149327510,2147483647,2147483647,2147483647,2147483647,-113,13,Movistar,false,false
1428149327510,2147483647,2147483647,2147483647,2147483647,-113,13,Movistar,false,false
1428149327510,2147483647,2147483647,2147483647,2147483647,-113,13,Movistar,false,false
1428149327510,2147483647,2147483647,2147483647,2147483647,-113,13,Movistar,false,false
1428149327510,2147483647,2147483647,2147483647,2147483647,-113,13,Movistar,false,false
1428149327510,-1,-1,-1,-1,0,13,Movistar,false,false
1428149327510,-1,-1,-1,-1,0,13,Movistar,false,false
1428149327510,-1,-1,-1,-1,0,13,Movistar,false,false
1428149327510,-1,-1,-1,-1,0,13,Movistar,false,false
1428149327510,-1,-1,-1,-1,0,13,Movistar,false,false
1428149327510,-1,-1,-1,-1,0,13,Movistar,false,false
1428149327510,-1,-1,-1,-1,0,13,Movistar,false,false
1428149328360,20523018,8640,7,214,-114,13,Movistar,true,false
1428149328360,131,2147483647,2147483647,2147483647,-119,13,Movistar,false,false
1428149328360,2147483647,2147483647,2147483647,2147483647,-113,13,Movistar,false,false
1428149328360,2147483647,2147483647,2147483647,2147483647,-113,13,Movistar,false,false
1428149328360,2147483647,2147483647,2147483647,2147483647,-113,13,Movistar,false,false
1428149328360,2147483647,2147483647,2147483647,2147483647,-113,13,Movistar,false,false
1428149328360,2147483647,2147483647,2147483647,2147483647,-113,13,Movistar,false,false
1428149328360,2147483647,2147483647,2147483647,2147483647,-113,13,Movistar,false,false
1428149328360,2147483647,2147483647,2147483647,2147483647,-113,13,Movistar,false,false
1428149328360,2147483647,2147483647,2147483647,2147483647,-113,13,Movistar,false,false
1428149328360,2147483647,2147483647,2147483647,2147483647,-113,13,Movistar,false,false
1428149328360,2147483647,2147483647,2147483647,2147483647,-113,13,Movistar,false,false
1428149328360,2147483647,2147483647,2147483647,2147483647,-113,13,Movistar,false,false
1428149328360,2147483647,2147483647,2147483647,2147483647,-113,13,Movistar,false,false
1428149328360,2147483647,2147483647,2147483647,2147483647,-113,13,Movistar,false,false
1428149328360,2147483647,2147483647,2147483647,2147483647,-113,13,Movistar,false,false
1428149328360,2147483647,2147483647,2147483647,2147483647,-113,13,Movistar,false,false
1428149328360,-1,-1,-1,-1,0,13,Movistar,false,false
1428149328360,-1,-1,-1,-1,0,13,Movistar,false,false
1428149328360,-1,-1,-1,-1,0,13,Movistar,false,false
1428149328360,-1,-1,-1,-1,0,13,Movistar,false,false
1428149328360,-1,-1,-1,-1,0,13,Movistar,false,false
1428149328360,-1,-1,-1,-1,0,13,Movistar,false,false
1428149328360,-1,-1,-1,-1,0,13,Movistar,false,false
1428149328691,20523018,8640,7,214,-114,13,Movistar,true,false
1428149328691,131,2147483647,2147483647,2147483647,-119,13,Movistar,false,false
1428149328691,2147483647,2147483647,2147483647,2147483647,-113,13,Movistar,false,false
1428149328691,2147483647,2147483647,2147483647,2147483647,-113,13,Movistar,false,false
1428149328691,2147483647,2147483647,2147483647,2147483647,-113,13,Movistar,false,false
1428149328691,2147483647,2147483647,2147483647,2147483647,-113,13,Movistar,false,false
1428149328691,2147483647,2147483647,2147483647,2147483647,-113,13,Movistar,false,false
1428149328691,2147483647,2147483647,2147483647,2147483647,-113,13,Movistar,false,false
1428149328691,2147483647,2147483647,2147483647,2147483647,-113,13,Movistar,false,false
1428149328691,2147483647,2147483647,2147483647,2147483647,-113,13,Movistar,false,false
1428149328691,2147483647,2147483647,2147483647,2147483647,-113,13,Movistar,false,false
1428149328691,2147483647,2147483647,2147483647,2147483647,-113,13,Movistar,false,false
1428149328691,2147483647,2147483647,2147483647,2147483647,-113,13,Movistar,false,false
1428149328691,2147483647,2147483647,2147483647,2147483647,-113,13,Movistar,false,false
1428149328691,2147483647,2147483647,2147483647,2147483647,-113,13,Movistar,false,false
1428149328691,2147483647,2147483647,2147483647,2147483647,-113,13,Movistar,false,false
1428149328691,2147483647,2147483647,2147483647,2147483647,-113,13,Movistar,false,false
1428149328691,-1,-1,-1,-1,0,13,Movistar,false,false
1428149328691,-1,-1,-1,-1,0,13,Movistar,false,false
1428149328691,-1,-1,-1,-1,0,13,Movistar,false,false
1428149328691,-1,-1,-1,-1,0,13,Movistar,false,false
1428149328691,-1,-1,-1,-1,0,13,Movistar,false,false
1428149328691,-1,-1,-1,-1,0,13,Movistar,false,false
1428149328691,-1,-1,-1,-1,0,13,Movistar,false,false
1428149329216,20523018,8640,7,214,-114,13,Movistar,true,false
1428149329216,131,2147483647,2147483647,2147483647,-119,13,Movistar,false,false
1428149329216,2147483647,2147483647,2147483647,2147483647,-113,13,Movistar,false,false
1428149329216,2147483647,2147483647,2147483647,2147483647,-113,13,Movistar,false,false
1428149329216,2147483647,2147483647,2147483647,2147483647,-113,13,Movistar,false,false
1428149329216,2147483647,2147483647,2147483647,2147483647,-113,13,Movistar,false,false
1428149329216,2147483647,2147483647,2147483647,2147483647,-113,13,Movistar,false,false
1428149329216,2147483647,2147483647,2147483647,2147483647,-113,13,Movistar,false,false
1428149329216,2147483647,2147483647,2147483647,2147483647,-113,13,Movistar,false,false
1428149329216,2147483647,2147483647,2147483647,2147483647,-113,13,Movistar,false,false
1428149329216,2147483647,2147483647,2147483647,2147483647,-113,13,Movistar,false,false
1428149329216,2147483647,2147483647,2147483647,2147483647,-113,13,Movistar,false,false
1428149329216,2147483647,2147483647,2147483647,2147483647,-113,13,Movistar,false,false
1428149329216,2147483647,2147483647,2147483647,2147483647,-113,13,Movistar,false,false
1428149329216,2147483647,2147483647,2147483647,2147483647,-113,13,Movistar,false,false
1428149329216,2147483647,2147483647,2147483647,2147483647,-113,13,Movistar,false,false
1428149329216,2147483647,2147483647,2147483647,2147483647,-113,13,Movistar,false,false
1428149329216,-1,-1,-1,-1,0,13,Movistar,false,false
1428149329216,-1,-1,-1,-1,0,13,Movistar,false,false
1428149329216,-1,-1,-1,-1,0,13,Movistar,false,false
1428149329216,-1,-1,-1,-1,0,13,Movistar,false,false
1428149329216,-1,-1,-1,-1,0,13,Movistar,false,false
1428149329216,-1,-1,-1,-1,0,13,Movistar,false,false
1428149329216,-1,-1,-1,-1,0,13,Movistar,false,false
1428149334964,20523018,8640,7,214,-115,13,Movistar,true,false
1428149334964,131,2147483647,2147483647,2147483647,-118,13,Movistar,false,false
1428149334964,2147483647,2147483647,2147483647,2147483647,-113,13,Movistar,false,false
1428149334964,2147483647,2147483647,2147483647,2147483647,-113,13,Movistar,false,false
1428149334964,2147483647,2147483647,2147483647,2147483647,-113,13,Movistar,false,false
1428149334964,2147483647,2147483647,2147483647,2147483647,-113,13,Movistar,false,false
1428149334964,2147483647,2147483647,2147483647,2147483647,-113,13,Movistar,false,false
1428149334964,2147483647,2147483647,2147483647,2147483647,-113,13,Movistar,false,false
1428149334964,2147483647,2147483647,2147483647,2147483647,-113,13,Movistar,false,false
1428149334964,2147483647,2147483647,2147483647,2147483647,-113,13,Movistar,false,false
1428149334964,2147483647,2147483647,2147483647,2147483647,-113,13,Movistar,false,false
1428149334964,2147483647,2147483647,2147483647,2147483647,-113,13,Movistar,false,false
1428149334964,2147483647,2147483647,2147483647,2147483647,-113,13,Movistar,false,false
1428149334964,2147483647,2147483647,2147483647,2147483647,-113,13,Movistar,false,false
1428149334964,2147483647,2147483647,2147483647,2147483647,-113,13,Movistar,false,false
1428149334964,2147483647,2147483647,2147483647,2147483647,-113,13,Movistar,false,false
1428149334964,2147483647,2147483647,2147483647,2147483647,-113,13,Movistar,false,false
1428149334964,-1,-1,-1,-1,0,13,Movistar,false,false
1428149334964,-1,-1,-1,-1,0,13,Movistar,false,false
1428149334964,-1,-1,-1,-1,0,13,Movistar,false,false
1428149334964,-1,-1,-1,-1,0,13,Movistar,false,false
1428149334964,-1,-1,-1,-1,0,13,Movistar,false,false
1428149334964,-1,-1,-1,-1,0,13,Movistar,false,false
1428149334964,-1,-1,-1,-1,0,13,Movistar,false,false
1428149342922,20523018,8640,7,214,-115,13,Movistar,true,false
1428149342922,131,2147483647,2147483647,2147483647,-119,13,Movistar,false,false
1428149342922,182,2147483647,2147483647,2147483647,-123,13,Movistar,false,false
1428149342922,2147483647,2147483647,2147483647,2147483647,-113,13,Movistar,false,false
1428149342922,2147483647,2147483647,2147483647,2147483647,-113,13,Movistar,false,false
1428149342922,2147483647,2147483647,2147483647,2147483647,-113,13,Movistar,false,false
1428149342922,2147483647,2147483647,2147483647,2147483647,-113,13,Movistar,false,false
1428149342922,2147483647,2147483647,2147483647,2147483647,-113,13,Movistar,false,false
1428149342922,2147483647,2147483647,2147483647,2147483647,-113,13,Movistar,false,false
1428149342922,2147483647,2147483647,2147483647,2147483647,-113,13,Movistar,false,false
1428149342922,2147483647,2147483647,2147483647,2147483647,-113,13,Movistar,false,false
1428149342922,2147483647,2147483647,2147483647,2147483647,-113,13,Movistar,false,false
1428149342922,2147483647,2147483647,2147483647,2147483647,-113,13,Movistar,false,false
1428149342922,2147483647,2147483647,2147483647,2147483647,-113,13,Movistar,false,false
1428149342922,2147483647,2147483647,2147483647,2147483647,-113,13,Movistar,false,false
1428149342922,2147483647,2147483647,2147483647,2147483647,-113,13,Movistar,false,false
1428149342922,2147483647,2147483647,2147483647,2147483647,-113,13,Movistar,false,false
1428149342922,2147483647,2147483647,2147483647,2147483647,-113,13,Movistar,false,false
1428149342922,-1,-1,-1,-1,0,13,Movistar,false,false
1428149342922,-1,-1,-1,-1,0,13,Movistar,false,false
1428149342922,-1,-1,-1,-1,0,13,Movistar,false,false
1428149342922,-1,-1,-1,-1,0,13,Movistar,false,false
1428149342922,-1,-1,-1,-1,0,13,Movistar,false,false
1428149342922,-1,-1,-1,-1,0,13,Movistar,false,false
1428149342922,-1,-1,-1,-1,0,13,Movistar,false,false
1428149356634,20523018,8640,7,214,-115,13,Movistar,true,false
1428149356634,182,2147483647,2147483647,2147483647,-119,13,Movistar,false,false
1428149356634,131,2147483647,2147483647,2147483647,-118,13,Movistar,false,false
1428149356634,2147483647,2147483647,2147483647,2147483647,-113,13,Movistar,false,false
1428149356634,2147483647,2147483647,2147483647,2147483647,-113,13,Movistar,false,false
1428149356634,2147483647,2147483647,2147483647,2147483647,-113,13,Movistar,false,false
1428149356634,2147483647,2147483647,2147483647,2147483647,-113,13,Movistar,false,false
1428149356634,2147483647,2147483647,2147483647,2147483647,-113,13,Movistar,false,false
1428149356634,2147483647,2147483647,2147483647,2147483647,-113,13,Movistar,false,false
1428149356634,2147483647,2147483647,2147483647,2147483647,-113,13,Movistar,false,false
1428149356634,2147483647,2147483647,2147483647,2147483647,-113,13,Movistar,false,false
1428149356634,2147483647,2147483647,2147483647,2147483647,-113,13,Movistar,false,false
1428149356634,2147483647,2147483647,2147483647,2147483647,-113,13,Movistar,false,false
1428149356634,2147483647,2147483647,2147483647,2147483647,-113,13,Movistar,false,false
1428149356634,2147483647,2147483647,2147483647,2147483647,-113,13,Movistar,false,false
1428149356634,2147483647,2147483647,2147483647,2147483647,-113,13,Movistar,false,false
1428149356634,2147483647,2147483647,2147483647,2147483647,-113,13,Movistar,false,false
1428149356634,2147483647,2147483647,2147483647,2147483647,-113,13,Movistar,false,false
1428149356634,-1,-1,-1,-1,0,13,Movistar,false,false
1428149356634,-1,-1,-1,-1,0,13,Movistar,false,false
1428149356634,-1,-1,-1,-1,0,13,Movistar,false,false
1428149356634,-1,-1,-1,-1,0,13,Movistar,false,false
1428149356634,-1,-1,-1,-1,0,13,Movistar,false,false
1428149356634,-1,-1,-1,-1,0,13,Movistar,false,false
1428149356634,-1,-1,-1,-1,0,13,Movistar,false,false
1428149360424,20523018,8640,7,214,-114,13,Movistar,true,false
1428149360424,131,2147483647,2147483647,2147483647,-118,13,Movistar,false,false
1428149360424,182,2147483647,2147483647,2147483647,-119,13,Movistar,false,false
1428149360424,2147483647,2147483647,2147483647,2147483647,-113,13,Movistar,false,false
1428149360424,2147483647,2147483647,2147483647,2147483647,-113,13,Movistar,false,false
1428149360424,2147483647,2147483647,2147483647,2147483647,-113,13,Movistar,false,false
1428149360424,2147483647,2147483647,2147483647,2147483647,-113,13,Movistar,false,false
1428149360424,2147483647,2147483647,2147483647,2147483647,-113,13,Movistar,false,false
1428149360424,2147483647,2147483647,2147483647,2147483647,-113,13,Movistar,false,false
1428149360424,2147483647,2147483647,2147483647,2147483647,-113,13,Movistar,false,false
1428149360424,2147483647,2147483647,2147483647,2147483647,-113,13,Movistar,false,false
1428149360424,2147483647,2147483647,2147483647,2147483647,-113,13,Movistar,false,false
1428149360424,2147483647,2147483647,2147483647,2147483647,-113,13,Movistar,false,false
1428149360424,2147483647,2147483647,2147483647,2147483647,-113,13,Movistar,false,false
1428149360424,2147483647,2147483647,2147483647,2147483647,-113,13,Movistar,false,false
1428149360424,2147483647,2147483647,2147483647,2147483647,-113,13,Movistar,false,false
1428149360424,2147483647,2147483647,2147483647,2147483647,-113,13,Movistar,false,false
1428149360424,2147483647,2147483647,2147483647,2147483647,-113,13,Movistar,false,false
1428149360424,-1,-1,-1,-1,0,13,Movistar,false,false
1428149360424,-1,-1,-1,-1,0,13,Movistar,false,false
1428149360424,-1,-1,-1,-1,0,13,Movistar,false,false
1428149360424,-1,-1,-1,-1,0,13,Movistar,false,false
1428149360424,-1,-1,-1,-1,0,13,Movistar,false,false
1428149360424,-1,-1,-1,-1,0,13,Movistar,false,false
1428149360424,-1,-1,-1,-1,0,13,Movistar,false,false
1428149361829,20523018,8640,7,214,-114,13,Movistar,true,false
1428149361829,131,2147483647,2147483647,2147483647,-118,13,Movistar,false,false
1428149361829,182,2147483647,2147483647,2147483647,-119,13,Movistar,false,false
1428149361829,2147483647,2147483647,2147483647,2147483647,-113,13,Movistar,false,false
1428149361829,2147483647,2147483647,2147483647,2147483647,-113,13,Movistar,false,false
1428149361829,2147483647,2147483647,2147483647,2147483647,-113,13,Movistar,false,false
1428149361829,2147483647,2147483647,2147483647,2147483647,-113,13,Movistar,false,false
1428149361829,2147483647,2147483647,2147483647,2147483647,-113,13,Movistar,false,false
1428149361829,2147483647,2147483647,2147483647,2147483647,-113,13,Movistar,false,false
1428149361829,2147483647,2147483647,2147483647,2147483647,-113,13,Movistar,false,false
1428149361829,2147483647,2147483647,2147483647,2147483647,-113,13,Movistar,false,false
1428149361829,2147483647,2147483647,2147483647,2147483647,-113,13,Movistar,false,false
1428149361829,2147483647,2147483647,2147483647,2147483647,-113,13,Movistar,false,false
1428149361829,2147483647,2147483647,2147483647,2147483647,-113,13,Movistar,false,false
1428149361829,2147483647,2147483647,2147483647,2147483647,-113,13,Movistar,false,false
1428149361829,2147483647,2147483647,2147483647,2147483647,-113,13,Movistar,false,false
1428149361829,2147483647,2147483647,2147483647,2147483647,-113,13,Movistar,false,false
1428149361829,2147483647,2147483647,2147483647,2147483647,-113,13,Movistar,false,false
1428149361829,-1,-1,-1,-1,0,13,Movistar,false,false
1428149361829,-1,-1,-1,-1,0,13,Movistar,false,false
1428149361829,-1,-1,-1,-1,0,13,Movistar,false,false
1428149361829,-1,-1,-1,-1,0,13,Movistar,false,false
1428149361829,-1,-1,-1,-1,0,13,Movistar,false,false
1428149361829,-1,-1,-1,-1,0,13,Movistar,false,false
1428149361829,-1,-1,-1,-1,0,13,Movistar,false,false
1428149386282,20523018,8640,7,214,-115,13,Movistar,true,false
1428149386282,182,2147483647,2147483647,2147483647,-119,13,Movistar,false,false
1428149386282,225,2147483647,2147483647,2147483647,-121,13,Movistar,false,false
1428149386282,2147483647,2147483647,2147483647,2147483647,-113,13,Movistar,false,false
1428149386282,2147483647,2147483647,2147483647,2147483647,-113,13,Movistar,false,false
1428149386282,2147483647,2147483647,2147483647,2147483647,-113,13,Movistar,false,false
1428149386282,2147483647,2147483647,2147483647,2147483647,-113,13,Movistar,false,false
1428149386282,2147483647,2147483647,2147483647,2147483647,-113,13,Movistar,false,false
1428149386282,2147483647,2147483647,2147483647,2147483647,-113,13,Movistar,false,false
1428149386282,2147483647,2147483647,2147483647,2147483647,-113,13,Movistar,false,false
1428149386282,2147483647,2147483647,2147483647,2147483647,-113,13,Movistar,false,false
1428149386282,2147483647,2147483647,2147483647,2147483647,-113,13,Movistar,false,false
1428149386282,2147483647,2147483647,2147483647,2147483647,-113,13,Movistar,false,false
1428149386282,2147483647,2147483647,2147483647,2147483647,-113,13,Movistar,false,false
1428149386282,2147483647,2147483647,2147483647,2147483647,-113,13,Movistar,false,false
1428149386282,2147483647,2147483647,2147483647,2147483647,-113,13,Movistar,false,false
1428149386282,2147483647,2147483647,2147483647,2147483647,-113,13,Movistar,false,false
1428149386282,2147483647,2147483647,2147483647,2147483647,-113,13,Movistar,false,false
1428149386282,-1,-1,-1,-1,0,13,Movistar,false,false
1428149386282,-1,-1,-1,-1,0,13,Movistar,false,false
1428149386282,-1,-1,-1,-1,0,13,Movistar,false,false
1428149386282,-1,-1,-1,-1,0,13,Movistar,false,false
1428149386282,-1,-1,-1,-1,0,13,Movistar,false,false
1428149386282,-1,-1,-1,-1,0,13,Movistar,false,false
1428149386892,20523018,8640,7,214,-115,13,Movistar,true,false
1428149386892,182,2147483647,2147483647,2147483647,-119,13,Movistar,false,false
1428149386892,225,2147483647,2147483647,2147483647,-121,13,Movistar,false,false
1428149386892,2147483647,2147483647,2147483647,2147483647,-113,13,Movistar,false,false
1428149386892,2147483647,2147483647,2147483647,2147483647,-113,13,Movistar,false,false
1428149386892,2147483647,2147483647,2147483647,2147483647,-113,13,Movistar,false,false
1428149386892,2147483647,2147483647,2147483647,2147483647,-113,13,Movistar,false,false
1428149386892,2147483647,2147483647,2147483647,2147483647,-113,13,Movistar,false,false
1428149386892,2147483647,2147483647,2147483647,2147483647,-113,13,Movistar,false,false
1428149386892,2147483647,2147483647,2147483647,2147483647,-113,13,Movistar,false,false
1428149386892,2147483647,2147483647,2147483647,2147483647,-113,13,Movistar,false,false
1428149386892,2147483647,2147483647,2147483647,2147483647,-113,13,Movistar,false,false
1428149386892,2147483647,2147483647,2147483647,2147483647,-113,13,Movistar,false,false
1428149386892,2147483647,2147483647,2147483647,2147483647,-113,13,Movistar,false,false
1428149386892,2147483647,2147483647,2147483647,2147483647,-113,13,Movistar,false,false
1428149386892,2147483647,2147483647,2147483647,2147483647,-113,13,Movistar,false,false
1428149386892,2147483647,2147483647,2147483647,2147483647,-113,13,Movistar,false,false
1428149386892,2147483647,2147483647,2147483647,2147483647,-113,13,Movistar,false,false
1428149386892,-1,-1,-1,-1,0,13,Movistar,false,false
1428149386892,-1,-1,-1,-1,0,13,Movistar,false,false
1428149386892,-1,-1,-1,-1,0,13,Movistar,false,false
1428149386892,-1,-1,-1,-1,0,13,Movistar,false,false
1428149386892,-1,-1,-1,-1,0,13,Movistar,false,false
1428149386892,-1,-1,-1,-1,0,13,Movistar,false,false
1428149400404,20523018,8640,7,214,-114,13,Movistar,true,false
1428149400404,182,2147483647,2147483647,2147483647,-119,13,Movistar,false,false
1428149400404,225,2147483647,2147483647,2147483647,-121,13,Movistar,false,false
1428149400404,2147483647,2147483647,2147483647,2147483647,-113,13,Movistar,false,false
1428149400404,2147483647,2147483647,2147483647,2147483647,-113,13,Movistar,false,false
1428149400404,2147483647,2147483647,2147483647,2147483647,-113,13,Movistar,false,false
1428149400404,2147483647,2147483647,2147483647,2147483647,-113,13,Movistar,false,false
1428149400404,2147483647,2147483647,2147483647,2147483647,-113,13,Movistar,false,false
1428149400404,2147483647,2147483647,2147483647,2147483647,-113,13,Movistar,false,false
1428149400404,2147483647,2147483647,2147483647,2147483647,-113,13,Movistar,false,false
1428149400404,2147483647,2147483647,2147483647,2147483647,-113,13,Movistar,false,false
1428149400404,2147483647,2147483647,2147483647,2147483647,-113,13,Movistar,false,false
1428149400404,2147483647,2147483647,2147483647,2147483647,-113,13,Movistar,false,false
1428149400404,2147483647,2147483647,2147483647,2147483647,-113,13,Movistar,false,false
1428149400404,2147483647,2147483647,2147483647,2147483647,-113,13,Movistar,false,false
1428149400404,2147483647,2147483647,2147483647,2147483647,-113,13,Movistar,false,false
1428149400404,2147483647,2147483647,2147483647,2147483647,-113,13,Movistar,false,false
1428149400404,2147483647,2147483647,2147483647,2147483647,-113,13,Movistar,false,false
1428149400404,-1,-1,-1,-1,0,13,Movistar,false,false
1428149400404,-1,-1,-1,-1,0,13,Movistar,false,false
1428149400404,-1,-1,-1,-1,0,13,Movistar,false,false
1428149400404,-1,-1,-1,-1,0,13,Movistar,false,false
1428149400404,-1,-1,-1,-1,0,13,Movistar,false,false
1428149400404,-1,-1,-1,-1,0,13,Movistar,false,false
1428149400955,20523018,8640,7,214,-114,13,Movistar,true,false
1428149400955,182,2147483647,2147483647,2147483647,-119,13,Movistar,false,false
1428149400955,225,2147483647,2147483647,2147483647,-121,13,Movistar,false,false
1428149400955,2147483647,2147483647,2147483647,2147483647,-113,13,Movistar,false,false
1428149400955,2147483647,2147483647,2147483647,2147483647,-113,13,Movistar,false,false
1428149400955,2147483647,2147483647,2147483647,2147483647,-113,13,Movistar,false,false
1428149400955,2147483647,2147483647,2147483647,2147483647,-113,13,Movistar,false,false
1428149400955,2147483647,2147483647,2147483647,2147483647,-113,13,Movistar,false,false
1428149400955,2147483647,2147483647,2147483647,2147483647,-113,13,Movistar,false,false
1428149400955,2147483647,2147483647,2147483647,2147483647,-113,13,Movistar,false,false
1428149400955,2147483647,2147483647,2147483647,2147483647,-113,13,Movistar,false,false
1428149400955,2147483647,2147483647,2147483647,2147483647,-113,13,Movistar,false,false
1428149400955,2147483647,2147483647,2147483647,2147483647,-113,13,Movistar,false,false
1428149400955,2147483647,2147483647,2147483647,2147483647,-113,13,Movistar,false,false
1428149400955,2147483647,2147483647,2147483647,2147483647,-113,13,Movistar,false,false
1428149400955,2147483647,2147483647,2147483647,2147483647,-113,13,Movistar,false,false
1428149400955,2147483647,2147483647,2147483647,2147483647,-113,13,Movistar,false,false
1428149400955,2147483647,2147483647,2147483647,2147483647,-113,13,Movistar,false,false
1428149400955,-1,-1,-1,-1,0,13,Movistar,false,false
1428149400955,-1,-1,-1,-1,0,13,Movistar,false,false
1428149400955,-1,-1,-1,-1,0,13,Movistar,false,false
1428149400955,-1,-1,-1,-1,0,13,Movistar,false,false
1428149400955,-1,-1,-1,-1,0,13,Movistar,false,false
1428149400955,-1,-1,-1,-1,0,13,Movistar,false,false
1428149409978,20523018,8640,7,214,-114,13,Movistar,true,false
1428149409978,182,2147483647,2147483647,2147483647,-121,13,Movistar,false,false
1428149409978,225,2147483647,2147483647,2147483647,-122,13,Movistar,false,false
1428149409978,2147483647,2147483647,2147483647,2147483647,-113,13,Movistar,false,false
1428149409978,2147483647,2147483647,2147483647,2147483647,-113,13,Movistar,false,false
1428149409978,2147483647,2147483647,2147483647,2147483647,-113,13,Movistar,false,false
1428149409978,2147483647,2147483647,2147483647,2147483647,-113,13,Movistar,false,false
1428149409978,2147483647,2147483647,2147483647,2147483647,-113,13,Movistar,false,false
1428149409978,2147483647,2147483647,2147483647,2147483647,-113,13,Movistar,false,false
1428149409978,2147483647,2147483647,2147483647,2147483647,-113,13,Movistar,false,false
1428149409978,2147483647,2147483647,2147483647,2147483647,-113,13,Movistar,false,false
1428149409978,2147483647,2147483647,2147483647,2147483647,-113,13,Movistar,false,false
1428149409978,2147483647,2147483647,2147483647,2147483647,-113,13,Movistar,false,false
1428149409978,2147483647,2147483647,2147483647,2147483647,-113,13,Movistar,false,false
1428149409978,2147483647,2147483647,2147483647,2147483647,-113,13,Movistar,false,false
1428149409978,2147483647,2147483647,2147483647,2147483647,-113,13,Movistar,false,false
1428149409978,2147483647,2147483647,2147483647,2147483647,-113,13,Movistar,false,false
1428149409978,2147483647,2147483647,2147483647,2147483647,-113,13,Movistar,false,false
1428149409978,-1,-1,-1,-1,0,13,Movistar,false,false
1428149409978,-1,-1,-1,-1,0,13,Movistar,false,false
1428149409978,-1,-1,-1,-1,0,13,Movistar,false,false
1428149409978,-1,-1,-1,-1,0,13,Movistar,false,false
1428149409978,-1,-1,-1,-1,0,13,Movistar,false,false
1428149409978,-1,-1,-1,-1,0,13,Movistar,false,false
1428149410679,20523018,8640,7,214,-114,13,Movistar,true,false
1428149410679,182,2147483647,2147483647,2147483647,-121,13,Movistar,false,false
1428149410679,225,2147483647,2147483647,2147483647,-122,13,Movistar,false,false
1428149410679,2147483647,2147483647,2147483647,2147483647,-113,13,Movistar,false,false
1428149410679,2147483647,2147483647,2147483647,2147483647,-113,13,Movistar,false,false
1428149410679,2147483647,2147483647,2147483647,2147483647,-113,13,Movistar,false,false
1428149410679,2147483647,2147483647,2147483647,2147483647,-113,13,Movistar,false,false
1428149410679,2147483647,2147483647,2147483647,2147483647,-113,13,Movistar,false,false
1428149410679,2147483647,2147483647,2147483647,2147483647,-113,13,Movistar,false,false
1428149410679,2147483647,2147483647,2147483647,2147483647,-113,13,Movistar,false,false
1428149410679,2147483647,2147483647,2147483647,2147483647,-113,13,Movistar,false,false
1428149410679,2147483647,2147483647,2147483647,2147483647,-113,13,Movistar,false,false
1428149410679,2147483647,2147483647,2147483647,2147483647,-113,13,Movistar,false,false
1428149410679,2147483647,2147483647,2147483647,2147483647,-113,13,Movistar,false,false
1428149410679,2147483647,2147483647,2147483647,2147483647,-113,13,Movistar,false,false
1428149410679,2147483647,2147483647,2147483647,2147483647,-113,13,Movistar,false,false
1428149410679,2147483647,2147483647,2147483647,2147483647,-113,13,Movistar,false,false
1428149410679,2147483647,2147483647,2147483647,2147483647,-113,13,Movistar,false,false
1428149410679,-1,-1,-1,-1,0,13,Movistar,false,false
1428149410679,-1,-1,-1,-1,0,13,Movistar,false,false
1428149410679,-1,-1,-1,-1,0,13,Movistar,false,false
1428149410679,-1,-1,-1,-1,0,13,Movistar,false,false
1428149410679,-1,-1,-1,-1,0,13,Movistar,false,false
1428149410679,-1,-1,-1,-1,0,13,Movistar,false,false
1428149411993,20523018,8640,7,214,-114,13,Movistar,true,false
1428149411993,182,2147483647,2147483647,2147483647,-121,13,Movistar,false,false
1428149411993,225,2147483647,2147483647,2147483647,-124,13,Movistar,false,false
1428149411993,2147483647,2147483647,2147483647,2147483647,-113,13,Movistar,false,false
1428149411993,2147483647,2147483647,2147483647,2147483647,-113,13,Movistar,false,false
1428149411993,2147483647,2147483647,2147483647,2147483647,-113,13,Movistar,false,false
1428149411993,2147483647,2147483647,2147483647,2147483647,-113,13,Movistar,false,false
1428149411993,2147483647,2147483647,2147483647,2147483647,-113,13,Movistar,false,false
1428149411993,2147483647,2147483647,2147483647,2147483647,-113,13,Movistar,false,false
1428149411993,2147483647,2147483647,2147483647,2147483647,-113,13,Movistar,false,false
1428149411993,2147483647,2147483647,2147483647,2147483647,-113,13,Movistar,false,false
1428149411993,2147483647,2147483647,2147483647,2147483647,-113,13,Movistar,false,false
1428149411993,2147483647,2147483647,2147483647,2147483647,-113,13,Movistar,false,false
1428149411993,2147483647,2147483647,2147483647,2147483647,-113,13,Movistar,false,false
1428149411993,2147483647,2147483647,2147483647,2147483647,-113,13,Movistar,false,false
1428149411993,2147483647,2147483647,2147483647,2147483647,-113,13,Movistar,false,false
1428149411993,2147483647,2147483647,2147483647,2147483647,-113,13,Movistar,false,false
1428149411993,2147483647,2147483647,2147483647,2147483647,-113,13,Movistar,false,false
1428149411993,-1,-1,-1,-1,0,13,Movistar,false,false
1428149411993,-1,-1,-1,-1,0,13,Movistar,false,false
1428149411993,-1,-1,-1,-1,0,13,Movistar,false,false
1428149411993,-1,-1,-1,-1,0,13,Movistar,false,false
1428149411993,-1,-1,-1,-1,0,13,Movistar,false,false
1428149411993,-1,-1,-1,-1,0,13,Movistar,false,false
1428149479343,20523018,8640,7,214,-114,13,Movistar,true,false
1428149479343,182,2147483647,2147483647,2147483647,-121,13,Movistar,false,false
1428149479343,131,2147483647,2147483647,2147483647,-120,13,Movistar,false,false
1428149479343,225,2147483647,2147483647,2147483647,-124,13,Movistar,false,false
1428149479343,2147483647,2147483647,2147483647,2147483647,-113,13,Movistar,false,false
1428149479343,2147483647,2147483647,2147483647,2147483647,-113,13,Movistar,false,false
1428149479343,2147483647,2147483647,2147483647,2147483647,-113,13,Movistar,false,false
1428149479343,2147483647,2147483647,2147483647,2147483647,-113,13,Movistar,false,false
1428149479343,2147483647,2147483647,2147483647,2147483647,-113,13,Movistar,false,false
1428149479343,2147483647,2147483647,2147483647,2147483647,-113,13,Movistar,false,false
1428149479343,2147483647,2147483647,2147483647,2147483647,-113,13,Movistar,false,false
1428149479343,2147483647,2147483647,2147483647,2147483647,-113,13,Movistar,false,false
1428149479343,2147483647,2147483647,2147483647,2147483647,-113,13,Movistar,false,false
1428149479343,2147483647,2147483647,2147483647,2147483647,-113,13,Movistar,false,false
1428149479343,2147483647,2147483647,2147483647,2147483647,-113,13,Movistar,false,false
1428149479343,2147483647,2147483647,2147483647,2147483647,-113,13,Movistar,false,false
1428149479343,2147483647,2147483647,2147483647,2147483647,-113,13,Movistar,false,false
1428149479343,2147483647,2147483647,2147483647,2147483647,-113,13,Movistar,false,false
1428149479343,2147483647,2147483647,2147483647,2147483647,-113,13,Movistar,false,false
1428149479343,-1,-1,-1,-1,0,13,Movistar,false,false
1428149479343,-1,-1,-1,-1,0,13,Movistar,false,false
1428149479343,-1,-1,-1,-1,0,13,Movistar,false,false
1428149479343,-1,-1,-1,-1,0,13,Movistar,false,false
1428149479343,-1,-1,-1,-1,0,13,Movistar,false,false
1428149479343,-1,-1,-1,-1,0,13,Movistar,false,false
1428149495932,20523018,8640,7,214,-114,13,Movistar,true,false
1428149495932,182,2147483647,2147483647,2147483647,-122,13,Movistar,false,false
1428149495932,131,2147483647,2147483647,2147483647,-120,13,Movistar,false,false
1428149495932,2147483647,2147483647,2147483647,2147483647,-113,13,Movistar,false,false
1428149495932,2147483647,2147483647,2147483647,2147483647,-113,13,Movistar,false,false
1428149495932,2147483647,2147483647,2147483647,2147483647,-113,13,Movistar,false,false
1428149495932,2147483647,2147483647,2147483647,2147483647,-113,13,Movistar,false,false
1428149495932,2147483647,2147483647,2147483647,2147483647,-113,13,Movistar,false,false
1428149495932,2147483647,2147483647,2147483647,2147483647,-113,13,Movistar,false,false
1428149495932,2147483647,2147483647,2147483647,2147483647,-113,13,Movistar,false,false
1428149495932,2147483647,2147483647,2147483647,2147483647,-113,13,Movistar,false,false
1428149495932,2147483647,2147483647,2147483647,2147483647,-113,13,Movistar,false,false
1428149495932,2147483647,2147483647,2147483647,2147483647,-113,13,Movistar,false,false
1428149495932,2147483647,2147483647,2147483647,2147483647,-113,13,Movistar,false,false
1428149495932,2147483647,2147483647,2147483647,2147483647,-113,13,Movistar,false,false
1428149495932,2147483647,2147483647,2147483647,2147483647,-113,13,Movistar,false,false
1428149495932,2147483647,2147483647,2147483647,2147483647,-113,13,Movistar,false,false
1428149495932,2147483647,2147483647,2147483647,2147483647,-113,13,Movistar,false,false
1428149495932,-1,-1,-1,-1,0,13,Movistar,false,false
1428149495932,-1,-1,-1,-1,0,13,Movistar,false,false
1428149495932,-1,-1,-1,-1,0,13,Movistar,false,false
1428149495932,-1,-1,-1,-1,0,13,Movistar,false,false
1428149495932,-1,-1,-1,-1,0,13,Movistar,false,false
1428149495932,-1,-1,-1,-1,0,13,Movistar,false,false
1428149496474,20523018,8640,7,214,-114,13,Movistar,true,false
1428149496474,182,2147483647,2147483647,2147483647,-122,13,Movistar,false,false
1428149496474,131,2147483647,2147483647,2147483647,-120,13,Movistar,false,false
1428149496474,2147483647,2147483647,2147483647,2147483647,-113,13,Movistar,false,false
1428149496474,2147483647,2147483647,2147483647,2147483647,-113,13,Movistar,false,false
1428149496474,2147483647,2147483647,2147483647,2147483647,-113,13,Movistar,false,false
1428149496474,2147483647,2147483647,2147483647,2147483647,-113,13,Movistar,false,false
1428149496474,2147483647,2147483647,2147483647,2147483647,-113,13,Movistar,false,false
1428149496474,2147483647,2147483647,2147483647,2147483647,-113,13,Movistar,false,false
1428149496474,2147483647,2147483647,2147483647,2147483647,-113,13,Movistar,false,false
1428149496474,2147483647,2147483647,2147483647,2147483647,-113,13,Movistar,false,false
1428149496474,2147483647,2147483647,2147483647,2147483647,-113,13,Movistar,false,false
1428149496474,2147483647,2147483647,2147483647,2147483647,-113,13,Movistar,false,false
1428149496474,2147483647,2147483647,2147483647,2147483647,-113,13,Movistar,false,false
1428149496474,2147483647,2147483647,2147483647,2147483647,-113,13,Movistar,false,false
1428149496474,2147483647,2147483647,2147483647,2147483647,-113,13,Movistar,false,false
1428149496474,2147483647,2147483647,2147483647,2147483647,-113,13,Movistar,false,false
1428149496474,2147483647,2147483647,2147483647,2147483647,-113,13,Movistar,false,false
1428149496474,-1,-1,-1,-1,0,13,Movistar,false,false
1428149496474,-1,-1,-1,-1,0,13,Movistar,false,false
1428149496474,-1,-1,-1,-1,0,13,Movistar,false,false
1428149496474,-1,-1,-1,-1,0,13,Movistar,false,false
1428149496474,-1,-1,-1,-1,0,13,Movistar,false,false
1428149496474,-1,-1,-1,-1,0,13,Movistar,false,false
1428149556584,20523018,8640,7,214,-114,13,Movistar,true,false
1428149556584,182,2147483647,2147483647,2147483647,-121,13,Movistar,false,false
1428149556584,191,2147483647,2147483647,2147483647,-123,13,Movistar,false,false
1428149556584,225,2147483647,2147483647,2147483647,-127,13,Movistar,false,false
1428149556584,2147483647,2147483647,2147483647,2147483647,-113,13,Movistar,false,false
1428149556584,2147483647,2147483647,2147483647,2147483647,-113,13,Movistar,false,false
1428149556584,2147483647,2147483647,2147483647,2147483647,-113,13,Movistar,false,false
1428149556584,2147483647,2147483647,2147483647,2147483647,-113,13,Movistar,false,false
1428149556584,2147483647,2147483647,2147483647,2147483647,-113,13,Movistar,false,false
1428149556584,2147483647,2147483647,2147483647,2147483647,-113,13,Movistar,false,false
1428149556584,2147483647,2147483647,2147483647,2147483647,-113,13,Movistar,false,false
1428149556584,2147483647,2147483647,2147483647,2147483647,-113,13,Movistar,false,false
1428149556584,2147483647,2147483647,2147483647,2147483647,-113,13,Movistar,false,false
1428149556584,2147483647,2147483647,2147483647,2147483647,-113,13,Movistar,false,false
1428149556584,2147483647,2147483647,2147483647,2147483647,-113,13,Movistar,false,false
1428149556584,2147483647,2147483647,2147483647,2147483647,-113,13,Movistar,false,false
1428149556584,2147483647,2147483647,2147483647,2147483647,-113,13,Movistar,false,false
1428149556584,2147483647,2147483647,2147483647,2147483647,-113,13,Movistar,false,false
1428149556584,2147483647,2147483647,2147483647,2147483647,-113,13,Movistar,false,false
1428149556584,-1,-1,-1,-1,0,13,Movistar,false,false
1428149556584,-1,-1,-1,-1,0,13,Movistar,false,false
1428149556584,-1,-1,-1,-1,0,13,Movistar,false,false
1428149556584,-1,-1,-1,-1,0,13,Movistar,false,false
1428149556584,-1,-1,-1,-1,0,13,Movistar,false,false
1428149556584,-1,-1,-1,-1,0,13,Movistar,false,false
1428149616713,-1,-1,-1,-1,0,3,Movistar,true,false
1428149616713,-1,-1,-1,-1,0,3,Movistar,false,false
1428149616713,-1,-1,-1,-1,0,3,Movistar,false,false
1428149616713,-1,-1,-1,-1,0,3,Movistar,false,false
1428149616713,-1,-1,-1,-1,0,3,Movistar,false,false
1428149684394,-1,-1,-1,-1,0,3,Movistar,true,false
1428149684394,-1,-1,-1,-1,0,3,Movistar,false,false
1428149684394,-1,-1,-1,-1,0,3,Movistar,false,false
1428149684394,-1,-1,-1,-1,0,3,Movistar,false,false
1428149684394,-1,-1,-1,-1,0,3,Movistar,false,false
1428149685197,-1,-1,-1,-1,0,3,Movistar,true,false
1428149685197,-1,-1,-1,-1,0,3,Movistar,false,false
1428149685197,-1,-1,-1,-1,0,3,Movistar,false,false
1428149685197,-1,-1,-1,-1,0,3,Movistar,false,false
1428149685197,-1,-1,-1,-1,0,3,Movistar,false,false
1428149686612,-1,-1,-1,-1,0,3,Movistar,true,false
1428149686612,-1,-1,-1,-1,0,3,Movistar,false,false
1428149686612,-1,-1,-1,-1,0,3,Movistar,false,false
1428149686612,-1,-1,-1,-1,0,3,Movistar,false,false
1428149686612,-1,-1,-1,-1,0,3,Movistar,false,false
1428149765466,-1,-1,-1,-1,0,3,Movistar,true,false
1428149765466,-1,-1,-1,-1,0,3,Movistar,false,false
1428149765466,-1,-1,-1,-1,0,3,Movistar,false,false
1428149765466,-1,-1,-1,-1,0,3,Movistar,false,false
1428149765466,-1,-1,-1,-1,0,3,Movistar,false,false
1428149826862,-1,-1,-1,-1,0,3,Movistar,true,false
1428149826862,-1,-1,-1,-1,0,3,Movistar,false,false
1428149826862,-1,-1,-1,-1,0,3,Movistar,false,false
1428149826862,-1,-1,-1,-1,0,3,Movistar,false,false
1428149838234,-1,-1,-1,-1,0,3,Movistar,true,false
1428149839549,-1,-1,-1,-1,0,3,Movistar,true,false
1428149899583,-1,-1,-1,-1,0,3,Movistar,true,false
1428149899583,-1,-1,-1,-1,0,3,Movistar,false,false
1428149899583,-1,-1,-1,-1,0,3,Movistar,false,false
1428149899583,-1,-1,-1,-1,0,3,Movistar,false,false
1428149899583,-1,-1,-1,-1,0,3,Movistar,false,false
1428149933244,-1,-1,-1,-1,0,3,Movistar,true,false
1428149933244,-1,-1,-1,-1,0,3,Movistar,false,false
1428149933244,-1,-1,-1,-1,0,3,Movistar,false,false
1428149933244,-1,-1,-1,-1,0,3,Movistar,false,false
1428149933244,-1,-1,-1,-1,0,3,Movistar,false,false
1428149933877,-1,-1,-1,-1,0,3,Movistar,true,false
1428149933877,-1,-1,-1,-1,0,3,Movistar,false,false
1428149933877,-1,-1,-1,-1,0,3,Movistar,false,false
1428149933877,-1,-1,-1,-1,0,3,Movistar,false,false
1428149933877,-1,-1,-1,-1,0,3,Movistar,false,false
1428149945935,-1,-1,-1,-1,0,3,Movistar,true,false
1428149945935,-1,-1,-1,-1,0,3,Movistar,false,false
1428149945935,-1,-1,-1,-1,0,3,Movistar,false,false
1428149945935,-1,-1,-1,-1,0,3,Movistar,false,false
1428149945935,-1,-1,-1,-1,0,3,Movistar,false,false
1428149947134,-1,-1,-1,-1,0,3,Movistar,true,false
1428149947134,-1,-1,-1,-1,0,3,Movistar,false,false
1428149947134,-1,-1,-1,-1,0,3,Movistar,false,false
1428149947134,-1,-1,-1,-1,0,3,Movistar,false,false
1428149947134,-1,-1,-1,-1,0,3,Movistar,false,false
1428150007135,-1,-1,-1,-1,0,3,Movistar,true,false
1428150007135,-1,-1,-1,-1,0,3,Movistar,false,false
1428150007135,-1,-1,-1,-1,0,3,Movistar,false,false
1428150007135,-1,-1,-1,-1,0,3,Movistar,false,false
1428150007135,-1,-1,-1,-1,0,3,Movistar,false,false
1428150058226,-1,-1,-1,-1,0,3,Movistar,true,false
1428150058226,-1,-1,-1,-1,0,3,Movistar,false,false
1428150058226,-1,-1,-1,-1,0,3,Movistar,false,false
1428150058226,-1,-1,-1,-1,0,3,Movistar,false,false
1428150058226,-1,-1,-1,-1,0,3,Movistar,false,false
1428150060172,-1,-1,-1,-1,0,3,Movistar,true,false
1428150060172,-1,-1,-1,-1,0,3,Movistar,false,false
1428150060172,-1,-1,-1,-1,0,3,Movistar,false,false
1428150060172,-1,-1,-1,-1,0,3,Movistar,false,false
1428150060172,-1,-1,-1,-1,0,3,Movistar,false,false
1428150061498,-1,-1,-1,-1,0,3,Movistar,true,false
1428150061498,-1,-1,-1,-1,0,3,Movistar,false,false
1428150061498,-1,-1,-1,-1,0,3,Movistar,false,false
1428150061498,-1,-1,-1,-1,0,3,Movistar,false,false
1428150061498,-1,-1,-1,-1,0,3,Movistar,false,false
1428150062209,-1,-1,-1,-1,0,3,Movistar,true,false
1428150062209,-1,-1,-1,-1,0,3,Movistar,false,false
1428150062209,-1,-1,-1,-1,0,3,Movistar,false,false
1428150062209,-1,-1,-1,-1,0,3,Movistar,false,false
1428150062209,-1,-1,-1,-1,0,3,Movistar,false,false
1428150086474,20523018,8640,7,214,-114,13,Movistar,true,false
1428150086474,131,2147483647,2147483647,2147483647,-122,13,Movistar,false,false
1428150086474,182,2147483647,2147483647,2147483647,-122,13,Movistar,false,false
1428150086474,143,2147483647,2147483647,2147483647,-131,13,Movistar,false,false
1428150089031,20523018,8640,7,214,-349,13,Movistar,true,false
1428150090747,20523018,8640,7,214,-349,13,Movistar,true,false
1428150093343,-1,-1,-1,-1,0,3,Movistar,true,false
1428150093343,-1,-1,-1,-1,0,3,Movistar,false,false
1428150093343,-1,-1,-1,-1,0,3,Movistar,false,false
1428150096033,-1,-1,-1,-1,0,3,Movistar,true,false
1428150096033,-1,-1,-1,-1,0,3,Movistar,false,false
1428150096033,-1,-1,-1,-1,0,3,Movistar,false,false
1428150096033,-1,-1,-1,-1,0,3,Movistar,false,false
1428150096033,-1,-1,-1,-1,0,3,Movistar,false,false
1428150098243,-1,-1,-1,-1,0,3,Movistar,true,false
1428150098243,-1,-1,-1,-1,0,3,Movistar,false,false
1428150098243,-1,-1,-1,-1,0,3,Movistar,false,false
1428150098243,-1,-1,-1,-1,0,3,Movistar,false,false
1428150098243,-1,-1,-1,-1,0,3,Movistar,false,false
1428150102706,-1,-1,-1,-1,0,3,Movistar,true,false
1428150102706,-1,-1,-1,-1,0,3,Movistar,false,false
1428150102706,-1,-1,-1,-1,0,3,Movistar,false,false
1428150102706,-1,-1,-1,-1,0,3,Movistar,false,false
1428150102706,-1,-1,-1,-1,0,3,Movistar,false,false
1428150105189,-1,-1,-1,-1,0,3,Movistar,true,false
1428150105189,-1,-1,-1,-1,0,3,Movistar,false,false
1428150105189,-1,-1,-1,-1,0,3,Movistar,false,false
1428150105189,-1,-1,-1,-1,0,3,Movistar,false,false
1428150105189,-1,-1,-1,-1,0,3,Movistar,false,false
1428150105189,-1,-1,-1,-1,0,3,Movistar,false,false
1428150105189,2147483647,2147483647,2147483647,2147483647,-83,3,Movistar,false,false
1428150105189,2147483647,2147483647,2147483647,2147483647,-103,3,Movistar,false,false
1428150105189,2147483647,2147483647,2147483647,2147483647,-107,3,Movistar,false,false
1428150105189,2147483647,2147483647,2147483647,2147483647,-109,3,Movistar,false,false
1428150105189,2147483647,2147483647,2147483647,2147483647,-109,3,Movistar,false,false
1428150105189,2147483647,2147483647,2147483647,2147483647,-109,3,Movistar,false,false
1428150105189,2147483647,2147483647,2147483647,2147483647,-109,3,Movistar,false,false
1428150105189,2147483647,2147483647,2147483647,2147483647,-111,3,Movistar,false,false
1428150165230,20523018,8640,7,214,-115,13,Movistar,true,false
1428150165230,182,2147483647,2147483647,2147483647,-118,13,Movistar,false,false
1428150165230,131,2147483647,2147483647,2147483647,-118,13,Movistar,false,false
1428150165230,225,2147483647,2147483647,2147483647,-119,13,Movistar,false,false
1428150165230,2147483647,2147483647,2147483647,2147483647,-113,13,Movistar,false,false
1428150165230,2147483647,2147483647,2147483647,2147483647,-113,13,Movistar,false,false
1428150165230,2147483647,2147483647,2147483647,2147483647,-113,13,Movistar,false,false
1428150165230,2147483647,2147483647,2147483647,2147483647,-113,13,Movistar,false,false
1428150165230,2147483647,2147483647,2147483647,2147483647,-113,13,Movistar,false,false
1428150165230,2147483647,2147483647,2147483647,2147483647,-113,13,Movistar,false,false
1428150165230,2147483647,2147483647,2147483647,2147483647,-113,13,Movistar,false,false
1428150165230,2147483647,2147483647,2147483647,2147483647,-113,13,Movistar,false,false
1428150165230,2147483647,2147483647,2147483647,2147483647,-113,13,Movistar,false,false
1428150165230,2147483647,2147483647,2147483647,2147483647,-113,13,Movistar,false,false
1428150165230,2147483647,2147483647,2147483647,2147483647,-113,13,Movistar,false,false
1428150165230,2147483647,2147483647,2147483647,2147483647,-113,13,Movistar,false,false
1428150165230,2147483647,2147483647,2147483647,2147483647,-113,13,Movistar,false,false
1428150165230,2147483647,2147483647,2147483647,2147483647,-113,13,Movistar,false,false
1428150165230,2147483647,2147483647,2147483647,2147483647,-113,13,Movistar,false,false
1428150165230,-1,-1,-1,-1,0,13,Movistar,false,false
1428150165230,-1,-1,-1,-1,0,13,Movistar,false,false
1428150165230,-1,-1,-1,-1,0,13,Movistar,false,false
1428150165230,-1,-1,-1,-1,0,13,Movistar,false,false
1428150165230,-1,-1,-1,-1,0,13,Movistar,false,false
1428150165230,-1,-1,-1,-1,0,13,Movistar,false,false
1428150165230,-1,-1,-1,-1,0,13,Movistar,false,false
1428150182436,20523018,8640,7,214,-116,13,Movistar,true,false
1428150182436,182,2147483647,2147483647,2147483647,-120,13,Movistar,false,false
1428150182436,225,2147483647,2147483647,2147483647,-120,13,Movistar,false,false
1428150182436,2147483647,2147483647,2147483647,2147483647,-113,13,Movistar,false,false
1428150182436,2147483647,2147483647,2147483647,2147483647,-113,13,Movistar,false,false
1428150182436,2147483647,2147483647,2147483647,2147483647,-113,13,Movistar,false,false
1428150182436,2147483647,2147483647,2147483647,2147483647,-113,13,Movistar,false,false
1428150182436,2147483647,2147483647,2147483647,2147483647,-113,13,Movistar,false,false
1428150182436,2147483647,2147483647,2147483647,2147483647,-113,13,Movistar,false,false
1428150182436,2147483647,2147483647,2147483647,2147483647,-113,13,Movistar,false,false
1428150182436,2147483647,2147483647,2147483647,2147483647,-113,13,Movistar,false,false
1428150182436,2147483647,2147483647,2147483647,2147483647,-113,13,Movistar,false,false
1428150182436,2147483647,2147483647,2147483647,2147483647,-113,13,Movistar,false,false
1428150182436,2147483647,2147483647,2147483647,2147483647,-113,13,Movistar,false,false
1428150182436,2147483647,2147483647,2147483647,2147483647,-113,13,Movistar,false,false
1428150182436,2147483647,2147483647,2147483647,2147483647,-113,13,Movistar,false,false
1428150182436,2147483647,2147483647,2147483647,2147483647,-113,13,Movistar,false,false
1428150182436,2147483647,2147483647,2147483647,2147483647,-113,13,Movistar,false,false
1428150182436,-1,-1,-1,-1,0,13,Movistar,false,false
1428150182436,-1,-1,-1,-1,0,13,Movistar,false,false
1428150182436,-1,-1,-1,-1,0,13,Movistar,false,false
1428150182436,-1,-1,-1,-1,0,13,Movistar,false,false
1428150182436,-1,-1,-1,-1,0,13,Movistar,false,false
1428150182436,-1,-1,-1,-1,0,13,Movistar,false,false
1428150184379,20523018,8640,7,214,-116,13,Movistar,true,false
1428150184379,182,2147483647,2147483647,2147483647,-120,13,Movistar,false,false
1428150184379,225,2147483647,2147483647,2147483647,-120,13,Movistar,false,false
1428150184379,2147483647,2147483647,2147483647,2147483647,-113,13,Movistar,false,false
1428150184379,2147483647,2147483647,2147483647,2147483647,-113,13,Movistar,false,false
1428150184379,2147483647,2147483647,2147483647,2147483647,-113,13,Movistar,false,false
1428150184379,2147483647,2147483647,2147483647,2147483647,-113,13,Movistar,false,false
1428150184379,2147483647,2147483647,2147483647,2147483647,-113,13,Movistar,false,false
1428150184379,2147483647,2147483647,2147483647,2147483647,-113,13,Movistar,false,false
1428150184379,2147483647,2147483647,2147483647,2147483647,-113,13,Movistar,false,false
1428150184379,2147483647,2147483647,2147483647,2147483647,-113,13,Movistar,false,false
1428150184379,2147483647,2147483647,2147483647,2147483647,-113,13,Movistar,false,false
1428150184379,2147483647,2147483647,2147483647,2147483647,-113,13,Movistar,false,false
1428150184379,2147483647,2147483647,2147483647,2147483647,-113,13,Movistar,false,false
1428150184379,2147483647,2147483647,2147483647,2147483647,-113,13,Movistar,false,false
1428150184379,2147483647,2147483647,2147483647,2147483647,-113,13,Movistar,false,false
1428150184379,2147483647,2147483647,2147483647,2147483647,-113,13,Movistar,false,false
1428150184379,2147483647,2147483647,2147483647,2147483647,-113,13,Movistar,false,false
1428150184379,-1,-1,-1,-1,0,13,Movistar,false,false
1428150184379,-1,-1,-1,-1,0,13,Movistar,false,false
1428150184379,-1,-1,-1,-1,0,13,Movistar,false,false
1428150184379,-1,-1,-1,-1,0,13,Movistar,false,false
1428150184379,-1,-1,-1,-1,0,13,Movistar,false,false
1428150184379,-1,-1,-1,-1,0,13,Movistar,false,false
1428150190948,20523018,8640,7,214,-116,13,Movistar,true,false
1428150190948,182,2147483647,2147483647,2147483647,-119,13,Movistar,false,false
1428150190948,131,2147483647,2147483647,2147483647,-118,13,Movistar,false,false
1428150190948,2147483647,2147483647,2147483647,2147483647,-113,13,Movistar,false,false
1428150190948,2147483647,2147483647,2147483647,2147483647,-113,13,Movistar,false,false
1428150190948,2147483647,2147483647,2147483647,2147483647,-113,13,Movistar,false,false
1428150190948,2147483647,2147483647,2147483647,2147483647,-113,13,Movistar,false,false
1428150190948,2147483647,2147483647,2147483647,2147483647,-113,13,Movistar,false,false
1428150190948,2147483647,2147483647,2147483647,2147483647,-113,13,Movistar,false,false
1428150190948,2147483647,2147483647,2147483647,2147483647,-113,13,Movistar,false,false
1428150190948,2147483647,2147483647,2147483647,2147483647,-113,13,Movistar,false,false
1428150190948,2147483647,2147483647,2147483647,2147483647,-113,13,Movistar,false,false
1428150190948,2147483647,2147483647,2147483647,2147483647,-113,13,Movistar,false,false
1428150190948,2147483647,2147483647,2147483647,2147483647,-113,13,Movistar,false,false
1428150190948,2147483647,2147483647,2147483647,2147483647,-113,13,Movistar,false,false
1428150190948,2147483647,2147483647,2147483647,2147483647,-113,13,Movistar,false,false
1428150190948,2147483647,2147483647,2147483647,2147483647,-113,13,Movistar,false,false
1428150190948,2147483647,2147483647,2147483647,2147483647,-113,13,Movistar,false,false
1428150190948,-1,-1,-1,-1,0,13,Movistar,false,false
1428150190948,-1,-1,-1,-1,0,13,Movistar,false,false
1428150190948,-1,-1,-1,-1,0,13,Movistar,false,false
1428150190948,-1,-1,-1,-1,0,13,Movistar,false,false
1428150190948,-1,-1,-1,-1,0,13,Movistar,false,false
1428150190948,-1,-1,-1,-1,0,13,Movistar,false,false
1428150193835,20523018,8640,7,214,-116,13,Movistar,true,false
1428150193835,131,2147483647,2147483647,2147483647,-119,13,Movistar,false,false
1428150193835,182,2147483647,2147483647,2147483647,-123,13,Movistar,false,false
1428150193835,2147483647,2147483647,2147483647,2147483647,-113,13,Movistar,false,false
1428150193835,2147483647,2147483647,2147483647,2147483647,-113,13,Movistar,false,false
1428150193835,2147483647,2147483647,2147483647,2147483647,-113,13,Movistar,false,false
1428150193835,2147483647,2147483647,2147483647,2147483647,-113,13,Movistar,false,false
1428150193835,2147483647,2147483647,2147483647,2147483647,-113,13,Movistar,false,false
1428150193835,2147483647,2147483647,2147483647,2147483647,-113,13,Movistar,false,false
1428150193835,2147483647,2147483647,2147483647,2147483647,-113,13,Movistar,false,false
1428150193835,2147483647,2147483647,2147483647,2147483647,-113,13,Movistar,false,false
1428150193835,2147483647,2147483647,2147483647,2147483647,-113,13,Movistar,false,false
1428150193835,2147483647,2147483647,2147483647,2147483647,-113,13,Movistar,false,false
1428150193835,2147483647,2147483647,2147483647,2147483647,-113,13,Movistar,false,false
1428150193835,2147483647,2147483647,2147483647,2147483647,-113,13,Movistar,false,false
1428150193835,2147483647,2147483647,2147483647,2147483647,-113,13,Movistar,false,false
1428150193835,2147483647,2147483647,2147483647,2147483647,-113,13,Movistar,false,false
1428150193835,2147483647,2147483647,2147483647,2147483647,-113,13,Movistar,false,false
1428150193835,-1,-1,-1,-1,0,13,Movistar,false,false
1428150193835,-1,-1,-1,-1,0,13,Movistar,false,false
1428150193835,-1,-1,-1,-1,0,13,Movistar,false,false
1428150193835,-1,-1,-1,-1,0,13,Movistar,false,false
1428150193835,-1,-1,-1,-1,0,13,Movistar,false,false
1428150193835,-1,-1,-1,-1,0,13,Movistar,false,false
1428150253851,20523018,8640,7,214,-114,13,Movistar,true,false
1428150253851,131,2147483647,2147483647,2147483647,-118,13,Movistar,false,false
1428150253851,259,2147483647,2147483647,2147483647,-121,13,Movistar,false,false
1428150253851,182,2147483647,2147483647,2147483647,-121,13,Movistar,false,false
1428150253851,2147483647,2147483647,2147483647,2147483647,-113,13,Movistar,false,false
1428150253851,2147483647,2147483647,2147483647,2147483647,-113,13,Movistar,false,false
1428150253851,2147483647,2147483647,2147483647,2147483647,-113,13,Movistar,false,false
1428150253851,2147483647,2147483647,2147483647,2147483647,-113,13,Movistar,false,false
1428150253851,2147483647,2147483647,2147483647,2147483647,-113,13,Movistar,false,false
1428150253851,2147483647,2147483647,2147483647,2147483647,-113,13,Movistar,false,false
1428150253851,2147483647,2147483647,2147483647,2147483647,-113,13,Movistar,false,false
1428150253851,2147483647,2147483647,2147483647,2147483647,-113,13,Movistar,false,false
1428150253851,2147483647,2147483647,2147483647,2147483647,-113,13,Movistar,false,false
1428150253851,2147483647,2147483647,2147483647,2147483647,-113,13,Movistar,false,false
1428150253851,2147483647,2147483647,2147483647,2147483647,-113,13,Movistar,false,false
1428150253851,2147483647,2147483647,2147483647,2147483647,-113,13,Movistar,false,false
1428150253851,2147483647,2147483647,2147483647,2147483647,-113,13,Movistar,false,false
1428150253851,2147483647,2147483647,2147483647,2147483647,-113,13,Movistar,false,false
1428150253851,2147483647,2147483647,2147483647,2147483647,-113,13,Movistar,false,false
1428150253851,-1,-1,-1,-1,0,13,Movistar,false,false
1428150253851,-1,-1,-1,-1,0,13,Movistar,false,false
1428150253851,-1,-1,-1,-1,0,13,Movistar,false,false
1428150253851,-1,-1,-1,-1,0,13,Movistar,false,false
1428150253851,-1,-1,-1,-1,0,13,Movistar,false,false
1428150253851,-1,-1,-1,-1,0,13,Movistar,false,false
1428150253851,-1,-1,-1,-1,0,13,Movistar,false,false
1428150253851,-1,-1,-1,-1,0,13,Movistar,false,false
1428150284371,20523018,8640,7,214,-115,13,Movistar,true,false
1428150284371,131,2147483647,2147483647,2147483647,-120,13,Movistar,false,false
1428150284371,259,2147483647,2147483647,2147483647,-126,13,Movistar,false,false
1428150284371,2147483647,2147483647,2147483647,2147483647,-113,13,Movistar,false,false
1428150284371,2147483647,2147483647,2147483647,2147483647,-113,13,Movistar,false,false
1428150284371,2147483647,2147483647,2147483647,2147483647,-113,13,Movistar,false,false
1428150284371,2147483647,2147483647,2147483647,2147483647,-113,13,Movistar,false,false
1428150284371,2147483647,2147483647,2147483647,2147483647,-113,13,Movistar,false,false
1428150284371,2147483647,2147483647,2147483647,2147483647,-113,13,Movistar,false,false
1428150284371,2147483647,2147483647,2147483647,2147483647,-113,13,Movistar,false,false
1428150284371,2147483647,2147483647,2147483647,2147483647,-113,13,Movistar,false,false
1428150284371,2147483647,2147483647,2147483647,2147483647,-113,13,Movistar,false,false
1428150284371,2147483647,2147483647,2147483647,2147483647,-113,13,Movistar,false,false
1428150284371,2147483647,2147483647,2147483647,2147483647,-113,13,Movistar,false,false
1428150284371,2147483647,2147483647,2147483647,2147483647,-113,13,Movistar,false,false
1428150284371,2147483647,2147483647,2147483647,2147483647,-113,13,Movistar,false,false
1428150284371,2147483647,2147483647,2147483647,2147483647,-113,13,Movistar,false,false
1428150284371,2147483647,2147483647,2147483647,2147483647,-113,13,Movistar,false,false
1428150284371,-1,-1,-1,-1,0,13,Movistar,false,false
1428150284371,-1,-1,-1,-1,0,13,Movistar,false,false
1428150284371,-1,-1,-1,-1,0,13,Movistar,false,false
1428150284371,-1,-1,-1,-1,0,13,Movistar,false,false
1428150284371,-1,-1,-1,-1,0,13,Movistar,false,false
1428150284371,-1,-1,-1,-1,0,13,Movistar,false,false
1428150284371,-1,-1,-1,-1,0,13,Movistar,false,false
1428150284371,-1,-1,-1,-1,0,13,Movistar,false,false
1428150285847,20523018,8640,7,214,-115,13,Movistar,true,false
1428150285847,131,2147483647,2147483647,2147483647,-120,13,Movistar,false,false
1428150285847,259,2147483647,2147483647,2147483647,-126,13,Movistar,false,false
1428150285847,2147483647,2147483647,2147483647,2147483647,-113,13,Movistar,false,false
1428150285847,2147483647,2147483647,2147483647,2147483647,-113,13,Movistar,false,false
1428150285847,2147483647,2147483647,2147483647,2147483647,-113,13,Movistar,false,false
1428150285847,2147483647,2147483647,2147483647,2147483647,-113,13,Movistar,false,false
1428150285847,2147483647,2147483647,2147483647,2147483647,-113,13,Movistar,false,false
1428150285847,2147483647,2147483647,2147483647,2147483647,-113,13,Movistar,false,false
1428150285847,2147483647,2147483647,2147483647,2147483647,-113,13,Movistar,false,false
1428150285847,2147483647,2147483647,2147483647,2147483647,-113,13,Movistar,false,false
1428150285847,2147483647,2147483647,2147483647,2147483647,-113,13,Movistar,false,false
1428150285847,2147483647,2147483647,2147483647,2147483647,-113,13,Movistar,false,false
1428150285847,2147483647,2147483647,2147483647,2147483647,-113,13,Movistar,false,false
1428150285847,2147483647,2147483647,2147483647,2147483647,-113,13,Movistar,false,false
1428150285847,2147483647,2147483647,2147483647,2147483647,-113,13,Movistar,false,false
1428150285847,2147483647,2147483647,2147483647,2147483647,-113,13,Movistar,false,false
1428150285847,2147483647,2147483647,2147483647,2147483647,-113,13,Movistar,false,false
1428150285847,-1,-1,-1,-1,0,13,Movistar,false,false
1428150285847,-1,-1,-1,-1,0,13,Movistar,false,false
1428150285847,-1,-1,-1,-1,0,13,Movistar,false,false
1428150285847,-1,-1,-1,-1,0,13,Movistar,false,false
1428150285847,-1,-1,-1,-1,0,13,Movistar,false,false
1428150285847,-1,-1,-1,-1,0,13,Movistar,false,false
1428150285847,-1,-1,-1,-1,0,13,Movistar,false,false
1428150285847,-1,-1,-1,-1,0,13,Movistar,false,false
1428150329918,-1,-1,-1,-1,0,3,Movistar,true,false
1428150329918,-1,-1,-1,-1,0,3,Movistar,false,false
1428150329918,-1,-1,-1,-1,0,3,Movistar,false,false
1428150329918,-1,-1,-1,-1,0,3,Movistar,false,false
1428150329918,-1,-1,-1,-1,0,3,Movistar,false,false
1428150331111,-1,-1,-1,-1,0,3,Movistar,true,false
1428150331111,-1,-1,-1,-1,0,3,Movistar,false,false
1428150331111,-1,-1,-1,-1,0,3,Movistar,false,false
1428150331111,-1,-1,-1,-1,0,3,Movistar,false,false
1428150331111,-1,-1,-1,-1,0,3,Movistar,false,false
1428150339643,-1,-1,-1,-1,0,3,Movistar,true,false
1428150339643,-1,-1,-1,-1,0,3,Movistar,false,false
1428150339643,-1,-1,-1,-1,0,3,Movistar,false,false
1428150339643,-1,-1,-1,-1,0,3,Movistar,false,false
1428150339643,-1,-1,-1,-1,0,3,Movistar,false,false
1428150340538,-1,-1,-1,-1,0,3,Movistar,true,false
1428150340538,-1,-1,-1,-1,0,3,Movistar,false,false
1428150340538,-1,-1,-1,-1,0,3,Movistar,false,false
1428150340538,-1,-1,-1,-1,0,3,Movistar,false,false
1428150340538,-1,-1,-1,-1,0,3,Movistar,false,false
1428150367058,-1,-1,-1,-1,0,3,Movistar,true,false
1428150367058,-1,-1,-1,-1,0,3,Movistar,false,false
1428150367058,-1,-1,-1,-1,0,3,Movistar,false,false
1428150367058,-1,-1,-1,-1,0,3,Movistar,false,false
1428150367058,-1,-1,-1,-1,0,3,Movistar,false,false
1428150367656,-1,-1,-1,-1,0,3,Movistar,true,false
1428150367656,-1,-1,-1,-1,0,3,Movistar,false,false
1428150367656,-1,-1,-1,-1,0,3,Movistar,false,false
1428150367656,-1,-1,-1,-1,0,3,Movistar,false,false
1428150367656,-1,-1,-1,-1,0,3,Movistar,false,false
1428150368019,-1,-1,-1,-1,0,3,Movistar,true,false
1428150368019,-1,-1,-1,-1,0,3,Movistar,false,false
1428150368019,-1,-1,-1,-1,0,3,Movistar,false,false
1428150368019,-1,-1,-1,-1,0,3,Movistar,false,false
1428150368019,-1,-1,-1,-1,0,3,Movistar,false,false
1428150368461,-1,-1,-1,-1,0,3,Movistar,true,false
1428150368461,-1,-1,-1,-1,0,3,Movistar,false,false
1428150368461,-1,-1,-1,-1,0,3,Movistar,false,false
1428150368461,-1,-1,-1,-1,0,3,Movistar,false,false
1428150368461,-1,-1,-1,-1,0,3,Movistar,false,false
1428150399361,-1,-1,-1,-1,0,3,Movistar,true,false
1428150399361,-1,-1,-1,-1,0,3,Movistar,false,false
1428150399361,-1,-1,-1,-1,0,3,Movistar,false,false
1428150399361,-1,-1,-1,-1,0,3,Movistar,false,false
1428150399361,2147483647,2147483647,2147483647,2147483647,-53,3,Movistar,false,false
1428150399361,2147483647,2147483647,2147483647,2147483647,-87,3,Movistar,false,false
1428150399361,2147483647,2147483647,2147483647,2147483647,-97,3,Movistar,false,false
1428150399361,2147483647,2147483647,2147483647,2147483647,-101,3,Movistar,false,false
1428150399361,2147483647,2147483647,2147483647,2147483647,-103,3,Movistar,false,false
1428150399361,2147483647,2147483647,2147483647,2147483647,-105,3,Movistar,false,false
1428150399361,2147483647,2147483647,2147483647,2147483647,-107,3,Movistar,false,false
1428150399361,2147483647,2147483647,2147483647,2147483647,-109,3,Movistar,false,false
1428150402804,-1,-1,-1,-1,0,3,Movistar,true,false
1428150402804,-1,-1,-1,-1,0,3,Movistar,false,false
1428150402804,-1,-1,-1,-1,0,3,Movistar,false,false
1428150402804,-1,-1,-1,-1,0,3,Movistar,false,false
1428150402804,2147483647,2147483647,2147483647,2147483647,-53,3,Movistar,false,false
1428150402804,2147483647,2147483647,2147483647,2147483647,-87,3,Movistar,false,false
1428150402804,2147483647,2147483647,2147483647,2147483647,-97,3,Movistar,false,false
1428150402804,2147483647,2147483647,2147483647,2147483647,-101,3,Movistar,false,false
1428150402804,2147483647,2147483647,2147483647,2147483647,-103,3,Movistar,false,false
1428150402804,2147483647,2147483647,2147483647,2147483647,-105,3,Movistar,false,false
1428150402804,2147483647,2147483647,2147483647,2147483647,-107,3,Movistar,false,false
1428150402804,2147483647,2147483647,2147483647,2147483647,-109,3,Movistar,false,false
1428150406302,-1,-1,-1,-1,0,3,Movistar,true,false
1428150406302,-1,-1,-1,-1,0,3,Movistar,false,false
1428150406302,-1,-1,-1,-1,0,3,Movistar,false,false
1428150406302,-1,-1,-1,-1,0,3,Movistar,false,false
1428150406302,2147483647,2147483647,2147483647,2147483647,-53,3,Movistar,false,false
1428150406302,2147483647,2147483647,2147483647,2147483647,-87,3,Movistar,false,false
1428150406302,2147483647,2147483647,2147483647,2147483647,-97,3,Movistar,false,false
1428150406302,2147483647,2147483647,2147483647,2147483647,-101,3,Movistar,false,false
1428150406302,2147483647,2147483647,2147483647,2147483647,-103,3,Movistar,false,false
1428150406302,2147483647,2147483647,2147483647,2147483647,-105,3,Movistar,false,false
1428150406302,2147483647,2147483647,2147483647,2147483647,-107,3,Movistar,false,false
1428150406302,2147483647,2147483647,2147483647,2147483647,-109,3,Movistar,false,false
1428150406699,-1,-1,-1,-1,0,3,Movistar,true,false
1428150406699,-1,-1,-1,-1,0,3,Movistar,false,false
1428150406699,-1,-1,-1,-1,0,3,Movistar,false,false
1428150406699,-1,-1,-1,-1,0,3,Movistar,false,false
1428150406699,2147483647,2147483647,2147483647,2147483647,-53,3,Movistar,false,false
1428150406699,2147483647,2147483647,2147483647,2147483647,-87,3,Movistar,false,false
1428150406699,2147483647,2147483647,2147483647,2147483647,-97,3,Movistar,false,false
1428150406699,2147483647,2147483647,2147483647,2147483647,-101,3,Movistar,false,false
1428150406699,2147483647,2147483647,2147483647,2147483647,-103,3,Movistar,false,false
1428150406699,2147483647,2147483647,2147483647,2147483647,-105,3,Movistar,false,false
1428150406699,2147483647,2147483647,2147483647,2147483647,-107,3,Movistar,false,false
1428150406699,2147483647,2147483647,2147483647,2147483647,-109,3,Movistar,false,false
1428150409934,-1,-1,-1,-1,0,3,Movistar,true,false
1428150409934,-1,-1,-1,-1,0,3,Movistar,false,false
1428150409934,-1,-1,-1,-1,0,3,Movistar,false,false
1428150409934,-1,-1,-1,-1,0,3,Movistar,false,false
1428150409934,2147483647,2147483647,2147483647,2147483647,-53,3,Movistar,false,false
1428150409934,2147483647,2147483647,2147483647,2147483647,-87,3,Movistar,false,false
1428150409934,2147483647,2147483647,2147483647,2147483647,-97,3,Movistar,false,false
1428150409934,2147483647,2147483647,2147483647,2147483647,-101,3,Movistar,false,false
1428150409934,2147483647,2147483647,2147483647,2147483647,-103,3,Movistar,false,false
1428150409934,2147483647,2147483647,2147483647,2147483647,-105,3,Movistar,false,false
1428150409934,2147483647,2147483647,2147483647,2147483647,-107,3,Movistar,false,false
1428150409934,2147483647,2147483647,2147483647,2147483647,-109,3,Movistar,false,false
1428150418347,-1,-1,-1,-1,0,3,Movistar,true,false
1428150418347,-1,-1,-1,-1,0,3,Movistar,false,false
1428150418347,-1,-1,-1,-1,0,3,Movistar,false,false
1428150418347,-1,-1,-1,-1,0,3,Movistar,false,false
1428150418347,-1,-1,-1,-1,0,3,Movistar,false,false
1428150418347,2147483647,2147483647,2147483647,2147483647,-83,3,Movistar,false,false
1428150418347,2147483647,2147483647,2147483647,2147483647,-87,3,Movistar,false,false
1428150418347,2147483647,2147483647,2147483647,2147483647,-103,3,Movistar,false,false
1428150418347,2147483647,2147483647,2147483647,2147483647,-107,3,Movistar,false,false
1428150418347,2147483647,2147483647,2147483647,2147483647,-107,3,Movistar,false,false
1428150418347,2147483647,2147483647,2147483647,2147483647,-107,3,Movistar,false,false
1428150418347,2147483647,2147483647,2147483647,2147483647,-109,3,Movistar,false,false
1428150418347,2147483647,2147483647,2147483647,2147483647,-109,3,Movistar,false,false
1428150419710,-1,-1,-1,-1,0,3,Movistar,true,false
1428150419710,-1,-1,-1,-1,0,3,Movistar,false,false
1428150419710,-1,-1,-1,-1,0,3,Movistar,false,false
1428150419710,-1,-1,-1,-1,0,3,Movistar,false,false
1428150419710,-1,-1,-1,-1,0,3,Movistar,false,false
1428150419710,2147483647,2147483647,2147483647,2147483647,-83,3,Movistar,false,false
1428150419710,2147483647,2147483647,2147483647,2147483647,-87,3,Movistar,false,false
1428150419710,2147483647,2147483647,2147483647,2147483647,-103,3,Movistar,false,false
1428150419710,2147483647,2147483647,2147483647,2147483647,-107,3,Movistar,false,false
1428150419710,2147483647,2147483647,2147483647,2147483647,-107,3,Movistar,false,false
1428150419710,2147483647,2147483647,2147483647,2147483647,-107,3,Movistar,false,false
1428150419710,2147483647,2147483647,2147483647,2147483647,-109,3,Movistar,false,false
1428150419710,2147483647,2147483647,2147483647,2147483647,-109,3,Movistar,false,false
1428150479811,-1,-1,-1,-1,0,3,Movistar,true,false
1428150479811,-1,-1,-1,-1,0,3,Movistar,false,false
1428150479811,-1,-1,-1,-1,0,3,Movistar,false,false
1428150479811,-1,-1,-1,-1,0,3,Movistar,false,false
1428150498194,-1,-1,-1,-1,0,3,Movistar,true,false
1428150498194,-1,-1,-1,-1,0,3,Movistar,false,false
1428150498194,-1,-1,-1,-1,0,3,Movistar,false,false
1428150498194,-1,-1,-1,-1,0,3,Movistar,false,false
1428150498820,-1,-1,-1,-1,0,3,Movistar,true,false
1428150498820,-1,-1,-1,-1,0,3,Movistar,false,false
1428150498820,-1,-1,-1,-1,0,3,Movistar,false,false
1428150498820,-1,-1,-1,-1,0,3,Movistar,false,false
1428150547067,-1,-1,-1,-1,0,3,Movistar,true,false
1428150547067,-1,-1,-1,-1,0,3,Movistar,false,false
1428150547067,-1,-1,-1,-1,0,3,Movistar,false,false
1428150547067,-1,-1,-1,-1,0,3,Movistar,false,false
1428150547067,-1,-1,-1,-1,0,3,Movistar,false,false
1428150547067,2147483647,2147483647,2147483647,2147483647,-89,3,Movistar,false,false
1428150547067,2147483647,2147483647,2147483647,2147483647,-101,3,Movistar,false,false
1428150547067,2147483647,2147483647,2147483647,2147483647,-103,3,Movistar,false,false
1428150547067,2147483647,2147483647,2147483647,2147483647,-105,3,Movistar,false,false
1428150547067,2147483647,2147483647,2147483647,2147483647,-107,3,Movistar,false,false
1428150547067,2147483647,2147483647,2147483647,2147483647,-111,3,Movistar,false,false
1428150547067,2147483647,2147483647,2147483647,2147483647,-111,3,Movistar,false,false
1428150547067,2147483647,2147483647,2147483647,2147483647,-111,3,Movistar,false,false
1428150550541,-1,-1,-1,-1,0,3,Movistar,true,false
1428150550541,-1,-1,-1,-1,0,3,Movistar,false,false
1428150550541,-1,-1,-1,-1,0,3,Movistar,false,false
1428150550541,-1,-1,-1,-1,0,3,Movistar,false,false
1428150550541,-1,-1,-1,-1,0,3,Movistar,false,false
1428150550541,2147483647,2147483647,2147483647,2147483647,-89,3,Movistar,false,false
1428150550541,2147483647,2147483647,2147483647,2147483647,-101,3,Movistar,false,false
1428150550541,2147483647,2147483647,2147483647,2147483647,-103,3,Movistar,false,false
1428150550541,2147483647,2147483647,2147483647,2147483647,-105,3,Movistar,false,false
1428150550541,2147483647,2147483647,2147483647,2147483647,-107,3,Movistar,false,false
1428150550541,2147483647,2147483647,2147483647,2147483647,-111,3,Movistar,false,false
1428150550541,2147483647,2147483647,2147483647,2147483647,-111,3,Movistar,false,false
1428150550541,2147483647,2147483647,2147483647,2147483647,-111,3,Movistar,false,false
1428150557664,-1,-1,-1,-1,0,3,Movistar,true,false
1428150557664,-1,-1,-1,-1,0,3,Movistar,false,false
1428150557664,-1,-1,-1,-1,0,3,Movistar,false,false
1428150557664,-1,-1,-1,-1,0,3,Movistar,false,false
1428150557664,-1,-1,-1,-1,0,3,Movistar,false,false
1428150557664,2147483647,2147483647,2147483647,2147483647,-89,3,Movistar,false,false
1428150557664,2147483647,2147483647,2147483647,2147483647,-101,3,Movistar,false,false
1428150557664,2147483647,2147483647,2147483647,2147483647,-103,3,Movistar,false,false
1428150557664,2147483647,2147483647,2147483647,2147483647,-105,3,Movistar,false,false
1428150557664,2147483647,2147483647,2147483647,2147483647,-107,3,Movistar,false,false
1428150557664,2147483647,2147483647,2147483647,2147483647,-111,3,Movistar,false,false
1428150557664,2147483647,2147483647,2147483647,2147483647,-111,3,Movistar,false,false
1428150557664,2147483647,2147483647,2147483647,2147483647,-111,3,Movistar,false,false
1428150558055,-1,-1,-1,-1,0,3,Movistar,true,false
1428150558055,-1,-1,-1,-1,0,3,Movistar,false,false
1428150558055,-1,-1,-1,-1,0,3,Movistar,false,false
1428150558055,-1,-1,-1,-1,0,3,Movistar,false,false
1428150558055,-1,-1,-1,-1,0,3,Movistar,false,false
1428150558055,2147483647,2147483647,2147483647,2147483647,-89,3,Movistar,false,false
1428150558055,2147483647,2147483647,2147483647,2147483647,-101,3,Movistar,false,false
1428150558055,2147483647,2147483647,2147483647,2147483647,-103,3,Movistar,false,false
1428150558055,2147483647,2147483647,2147483647,2147483647,-105,3,Movistar,false,false
1428150558055,2147483647,2147483647,2147483647,2147483647,-107,3,Movistar,false,false
1428150558055,2147483647,2147483647,2147483647,2147483647,-111,3,Movistar,false,false
1428150558055,2147483647,2147483647,2147483647,2147483647,-111,3,Movistar,false,false
1428150558055,2147483647,2147483647,2147483647,2147483647,-111,3,Movistar,false,false
1428150603284,-1,-1,-1,-1,0,3,Movistar,true,false
1428150603284,-1,-1,-1,-1,0,3,Movistar,false,false
1428150603284,-1,-1,-1,-1,0,3,Movistar,false,false
1428150603284,-1,-1,-1,-1,0,3,Movistar,false,false
1428150603284,-1,-1,-1,-1,0,3,Movistar,false,false
1428150603284,-1,-1,-1,-1,0,3,Movistar,false,false
1428150603284,2147483647,2147483647,2147483647,2147483647,-89,3,Movistar,false,false
1428150603284,2147483647,2147483647,2147483647,2147483647,-101,3,Movistar,false,false
1428150603284,2147483647,2147483647,2147483647,2147483647,-103,3,Movistar,false,false
1428150603284,2147483647,2147483647,2147483647,2147483647,-105,3,Movistar,false,false
1428150603284,2147483647,2147483647,2147483647,2147483647,-107,3,Movistar,false,false
1428150603284,2147483647,2147483647,2147483647,2147483647,-111,3,Movistar,false,false
1428150603284,2147483647,2147483647,2147483647,2147483647,-111,3,Movistar,false,false
1428150603284,2147483647,2147483647,2147483647,2147483647,-111,3,Movistar,false,false
1428150604103,-1,-1,-1,-1,0,3,Movistar,true,false
1428150604103,-1,-1,-1,-1,0,3,Movistar,false,false
1428150604103,-1,-1,-1,-1,0,3,Movistar,false,false
1428150604103,-1,-1,-1,-1,0,3,Movistar,false,false
1428150604103,-1,-1,-1,-1,0,3,Movistar,false,false
1428150604103,-1,-1,-1,-1,0,3,Movistar,false,false
1428150604103,2147483647,2147483647,2147483647,2147483647,-89,3,Movistar,false,false
1428150604103,2147483647,2147483647,2147483647,2147483647,-101,3,Movistar,false,false
1428150604103,2147483647,2147483647,2147483647,2147483647,-103,3,Movistar,false,false
1428150604103,2147483647,2147483647,2147483647,2147483647,-105,3,Movistar,false,false
1428150604103,2147483647,2147483647,2147483647,2147483647,-107,3,Movistar,false,false
1428150604103,2147483647,2147483647,2147483647,2147483647,-111,3,Movistar,false,false
1428150604103,2147483647,2147483647,2147483647,2147483647,-111,3,Movistar,false,false
1428150604103,2147483647,2147483647,2147483647,2147483647,-111,3,Movistar,false,false
1428150605961,-1,-1,-1,-1,0,3,Movistar,true,false
1428150605961,-1,-1,-1,-1,0,3,Movistar,false,false
1428150605961,-1,-1,-1,-1,0,3,Movistar,false,false
1428150605961,-1,-1,-1,-1,0,3,Movistar,false,false
1428150605961,-1,-1,-1,-1,0,3,Movistar,false,false
1428150605961,-1,-1,-1,-1,0,3,Movistar,false,false
1428150605961,2147483647,2147483647,2147483647,2147483647,-89,3,Movistar,false,false
1428150605961,2147483647,2147483647,2147483647,2147483647,-101,3,Movistar,false,false
1428150605961,2147483647,2147483647,2147483647,2147483647,-103,3,Movistar,false,false
1428150605961,2147483647,2147483647,2147483647,2147483647,-105,3,Movistar,false,false
1428150605961,2147483647,2147483647,2147483647,2147483647,-107,3,Movistar,false,false
1428150605961,2147483647,2147483647,2147483647,2147483647,-111,3,Movistar,false,false
1428150605961,2147483647,2147483647,2147483647,2147483647,-111,3,Movistar,false,false
1428150605961,2147483647,2147483647,2147483647,2147483647,-111,3,Movistar,false,false
1428150606515,-1,-1,-1,-1,0,3,Movistar,true,false
1428150606515,-1,-1,-1,-1,0,3,Movistar,false,false
1428150606515,-1,-1,-1,-1,0,3,Movistar,false,false
1428150606515,-1,-1,-1,-1,0,3,Movistar,false,false
1428150606515,-1,-1,-1,-1,0,3,Movistar,false,false
1428150606515,-1,-1,-1,-1,0,3,Movistar,false,false
1428150606515,2147483647,2147483647,2147483647,2147483647,-89,3,Movistar,false,false
1428150606515,2147483647,2147483647,2147483647,2147483647,-101,3,Movistar,false,false
1428150606515,2147483647,2147483647,2147483647,2147483647,-103,3,Movistar,false,false
1428150606515,2147483647,2147483647,2147483647,2147483647,-105,3,Movistar,false,false
1428150606515,2147483647,2147483647,2147483647,2147483647,-107,3,Movistar,false,false
1428150606515,2147483647,2147483647,2147483647,2147483647,-111,3,Movistar,false,false
1428150606515,2147483647,2147483647,2147483647,2147483647,-111,3,Movistar,false,false
1428150606515,2147483647,2147483647,2147483647,2147483647,-111,3,Movistar,false,false
1428150607428,-1,-1,-1,-1,0,3,Movistar,true,false
1428150607428,-1,-1,-1,-1,0,3,Movistar,false,false
1428150607428,-1,-1,-1,-1,0,3,Movistar,false,false
1428150607428,-1,-1,-1,-1,0,3,Movistar,false,false
1428150607428,-1,-1,-1,-1,0,3,Movistar,false,false
1428150607428,-1,-1,-1,-1,0,3,Movistar,false,false
1428150607428,2147483647,2147483647,2147483647,2147483647,-89,3,Movistar,false,false
1428150607428,2147483647,2147483647,2147483647,2147483647,-101,3,Movistar,false,false
1428150607428,2147483647,2147483647,2147483647,2147483647,-103,3,Movistar,false,false
1428150607428,2147483647,2147483647,2147483647,2147483647,-105,3,Movistar,false,false
1428150607428,2147483647,2147483647,2147483647,2147483647,-107,3,Movistar,false,false
1428150607428,2147483647,2147483647,2147483647,2147483647,-111,3,Movistar,false,false
1428150607428,2147483647,2147483647,2147483647,2147483647,-111,3,Movistar,false,false
1428150607428,2147483647,2147483647,2147483647,2147483647,-111,3,Movistar,false,false
1428150610066,-1,-1,-1,-1,0,3,Movistar,true,false
1428150610066,-1,-1,-1,-1,0,3,Movistar,false,false
1428150610066,-1,-1,-1,-1,0,3,Movistar,false,false
1428150610066,-1,-1,-1,-1,0,3,Movistar,false,false
1428150610066,-1,-1,-1,-1,0,3,Movistar,false,false
1428150610066,-1,-1,-1,-1,0,3,Movistar,false,false
1428150610066,2147483647,2147483647,2147483647,2147483647,-95,3,Movistar,false,false
1428150610066,2147483647,2147483647,2147483647,2147483647,-99,3,Movistar,false,false
1428150610066,2147483647,2147483647,2147483647,2147483647,-101,3,Movistar,false,false
1428150610066,2147483647,2147483647,2147483647,2147483647,-105,3,Movistar,false,false
1428150610066,2147483647,2147483647,2147483647,2147483647,-109,3,Movistar,false,false
1428150610066,2147483647,2147483647,2147483647,2147483647,-109,3,Movistar,false,false
1428150610066,2147483647,2147483647,2147483647,2147483647,-109,3,Movistar,false,false
1428150610066,2147483647,2147483647,2147483647,2147483647,-111,3,Movistar,false,false
1428150613687,-1,-1,-1,-1,0,3,Movistar,true,false
1428150613687,-1,-1,-1,-1,0,3,Movistar,false,false
1428150613687,-1,-1,-1,-1,0,3,Movistar,false,false
1428150613687,-1,-1,-1,-1,0,3,Movistar,false,false
1428150613687,-1,-1,-1,-1,0,3,Movistar,false,false
1428150613687,-1,-1,-1,-1,0,3,Movistar,false,false
1428150613687,2147483647,2147483647,2147483647,2147483647,-95,3,Movistar,false,false
1428150613687,2147483647,2147483647,2147483647,2147483647,-99,3,Movistar,false,false
1428150613687,2147483647,2147483647,2147483647,2147483647,-101,3,Movistar,false,false
1428150613687,2147483647,2147483647,2147483647,2147483647,-105,3,Movistar,false,false
1428150613687,2147483647,2147483647,2147483647,2147483647,-109,3,Movistar,false,false
1428150613687,2147483647,2147483647,2147483647,2147483647,-109,3,Movistar,false,false
1428150613687,2147483647,2147483647,2147483647,2147483647,-109,3,Movistar,false,false
1428150613687,2147483647,2147483647,2147483647,2147483647,-111,3,Movistar,false,false
1428150614502,-1,-1,-1,-1,0,3,Movistar,true,false
1428150614502,-1,-1,-1,-1,0,3,Movistar,false,false
1428150614502,-1,-1,-1,-1,0,3,Movistar,false,false
1428150614502,-1,-1,-1,-1,0,3,Movistar,false,false
1428150614502,-1,-1,-1,-1,0,3,Movistar,false,false
1428150614502,-1,-1,-1,-1,0,3,Movistar,false,false
1428150614502,2147483647,2147483647,2147483647,2147483647,-95,3,Movistar,false,false
1428150614502,2147483647,2147483647,2147483647,2147483647,-99,3,Movistar,false,false
1428150614502,2147483647,2147483647,2147483647,2147483647,-101,3,Movistar,false,false
1428150614502,2147483647,2147483647,2147483647,2147483647,-105,3,Movistar,false,false
1428150614502,2147483647,2147483647,2147483647,2147483647,-109,3,Movistar,false,false
1428150614502,2147483647,2147483647,2147483647,2147483647,-109,3,Movistar,false,false
1428150614502,2147483647,2147483647,2147483647,2147483647,-109,3,Movistar,false,false
1428150614502,2147483647,2147483647,2147483647,2147483647,-111,3,Movistar,false,false
1428150645239,-1,-1,-1,-1,0,3,Movistar,true,false
1428150645239,-1,-1,-1,-1,0,3,Movistar,false,false
1428150645239,-1,-1,-1,-1,0,3,Movistar,false,false
1428150645239,-1,-1,-1,-1,0,3,Movistar,false,false
1428150645239,-1,-1,-1,-1,0,3,Movistar,false,false
1428150645239,-1,-1,-1,-1,0,3,Movistar,false,false
1428150645239,2147483647,2147483647,2147483647,2147483647,-95,3,Movistar,false,false
1428150645239,2147483647,2147483647,2147483647,2147483647,-99,3,Movistar,false,false
1428150645239,2147483647,2147483647,2147483647,2147483647,-101,3,Movistar,false,false
1428150645239,2147483647,2147483647,2147483647,2147483647,-105,3,Movistar,false,false
1428150645239,2147483647,2147483647,2147483647,2147483647,-109,3,Movistar,false,false
1428150645239,2147483647,2147483647,2147483647,2147483647,-109,3,Movistar,false,false
1428150645239,2147483647,2147483647,2147483647,2147483647,-109,3,Movistar,false,false
1428150645239,2147483647,2147483647,2147483647,2147483647,-111,3,Movistar,false,false
1428150646222,-1,-1,-1,-1,0,3,Movistar,true,false
1428150646222,-1,-1,-1,-1,0,3,Movistar,false,false
1428150646222,-1,-1,-1,-1,0,3,Movistar,false,false
1428150646222,-1,-1,-1,-1,0,3,Movistar,false,false
1428150646222,-1,-1,-1,-1,0,3,Movistar,false,false
1428150646222,-1,-1,-1,-1,0,3,Movistar,false,false
1428150646222,2147483647,2147483647,2147483647,2147483647,-95,3,Movistar,false,false
1428150646222,2147483647,2147483647,2147483647,2147483647,-99,3,Movistar,false,false
1428150646222,2147483647,2147483647,2147483647,2147483647,-101,3,Movistar,false,false
1428150646222,2147483647,2147483647,2147483647,2147483647,-105,3,Movistar,false,false
1428150646222,2147483647,2147483647,2147483647,2147483647,-109,3,Movistar,false,false
1428150646222,2147483647,2147483647,2147483647,2147483647,-109,3,Movistar,false,false
1428150646222,2147483647,2147483647,2147483647,2147483647,-109,3,Movistar,false,false
1428150646222,2147483647,2147483647,2147483647,2147483647,-111,3,Movistar,false,false
1428150696806,-1,-1,-1,-1,0,3,Movistar,true,false
1428150696806,-1,-1,-1,-1,0,3,Movistar,false,false
1428150696806,-1,-1,-1,-1,0,3,Movistar,false,false
1428150696806,-1,-1,-1,-1,0,3,Movistar,false,false
1428150696806,-1,-1,-1,-1,0,3,Movistar,false,false
1428150697628,-1,-1,-1,-1,0,3,Movistar,true,false
1428150697628,-1,-1,-1,-1,0,3,Movistar,false,false
1428150697628,-1,-1,-1,-1,0,3,Movistar,false,false
1428150697628,-1,-1,-1,-1,0,3,Movistar,false,false
1428150697628,-1,-1,-1,-1,0,3,Movistar,false,false
1428150757740,-1,-1,-1,-1,0,3,Movistar,true,false
1428150757740,-1,-1,-1,-1,0,3,Movistar,false,false
1428150757740,-1,-1,-1,-1,0,3,Movistar,false,false
1428150757740,-1,-1,-1,-1,0,3,Movistar,false,false
1428150757740,-1,-1,-1,-1,0,3,Movistar,false,false
1428150807988,-1,-1,-1,-1,0,3,Movistar,true,false
1428150807988,-1,-1,-1,-1,0,3,Movistar,false,false
1428150807988,-1,-1,-1,-1,0,3,Movistar,false,false
1428150807988,-1,-1,-1,-1,0,3,Movistar,false,false
1428150807988,-1,-1,-1,-1,0,3,Movistar,false,false
1428150820156,-1,-1,-1,-1,0,3,Movistar,true,false
1428150820156,-1,-1,-1,-1,0,3,Movistar,false,false
1428150820156,-1,-1,-1,-1,0,3,Movistar,false,false
1428150820156,-1,-1,-1,-1,0,3,Movistar,false,false
1428150821623,-1,-1,-1,-1,0,3,Movistar,true,false
1428150821623,-1,-1,-1,-1,0,3,Movistar,false,false
1428150821623,-1,-1,-1,-1,0,3,Movistar,false,false
1428150821623,-1,-1,-1,-1,0,3,Movistar,false,false
1428150881642,-1,-1,-1,-1,0,3,Movistar,true,false
1428150881642,-1,-1,-1,-1,0,3,Movistar,false,false
1428150881642,-1,-1,-1,-1,0,3,Movistar,false,false
1428150881642,-1,-1,-1,-1,0,3,Movistar,false,false
1428150881642,-1,-1,-1,-1,0,3,Movistar,false,false
1428150881642,-1,-1,-1,-1,0,3,Movistar,false,false
1428150941885,-1,-1,-1,-1,0,3,Movistar,true,false
1428150941885,-1,-1,-1,-1,0,3,Movistar,false,false
1428151001851,-1,-1,-1,-1,0,3,Movistar,true,false
1428151001851,-1,-1,-1,-1,0,3,Movistar,false,false
1428151001851,-1,-1,-1,-1,0,3,Movistar,false,false
1428151001851,-1,-1,-1,-1,0,3,Movistar,false,false
1428151001851,-1,-1,-1,-1,0,3,Movistar,false,false
1428151061787,-1,-1,-1,-1,0,3,Movistar,true,false
1428151061787,-1,-1,-1,-1,0,3,Movistar,false,false
1428151061787,-1,-1,-1,-1,0,3,Movistar,false,false
1428151061787,-1,-1,-1,-1,0,3,Movistar,false,false
1428151061787,-1,-1,-1,-1,0,3,Movistar,false,false
1428151098455,-1,-1,-1,-1,0,3,Movistar,true,false
1428151098455,-1,-1,-1,-1,0,3,Movistar,false,false
1428151098455,-1,-1,-1,-1,0,3,Movistar,false,false
1428151098455,-1,-1,-1,-1,0,3,Movistar,false,false
1428151098455,-1,-1,-1,-1,0,3,Movistar,false,false
1428151098789,-1,-1,-1,-1,0,3,Movistar,true,false
1428151098789,-1,-1,-1,-1,0,3,Movistar,false,false
1428151098789,-1,-1,-1,-1,0,3,Movistar,false,false
1428151098789,-1,-1,-1,-1,0,3,Movistar,false,false
1428151098789,-1,-1,-1,-1,0,3,Movistar,false,false
1428151099667,-1,-1,-1,-1,0,3,Movistar,true,false
1428151099667,-1,-1,-1,-1,0,3,Movistar,false,false
1428151099667,-1,-1,-1,-1,0,3,Movistar,false,false
1428151099667,-1,-1,-1,-1,0,3,Movistar,false,false
1428151099667,-1,-1,-1,-1,0,3,Movistar,false,false
1428151101173,-1,-1,-1,-1,0,3,Movistar,true,false
1428151101173,-1,-1,-1,-1,0,3,Movistar,false,false
1428151101173,-1,-1,-1,-1,0,3,Movistar,false,false
1428151101173,-1,-1,-1,-1,0,3,Movistar,false,false
1428151101173,-1,-1,-1,-1,0,3,Movistar,false,false
1428151118600,-1,-1,-1,-1,0,3,Movistar,true,false
1428151118600,-1,-1,-1,-1,0,3,Movistar,false,false
1428151118600,-1,-1,-1,-1,0,3,Movistar,false,false
1428151118600,-1,-1,-1,-1,0,3,Movistar,false,false
1428151118600,-1,-1,-1,-1,0,3,Movistar,false,false
1428151120214,-1,-1,-1,-1,0,3,Movistar,true,false
1428151120214,-1,-1,-1,-1,0,3,Movistar,false,false
1428151120214,-1,-1,-1,-1,0,3,Movistar,false,false
1428151120214,-1,-1,-1,-1,0,3,Movistar,false,false
1428151120214,-1,-1,-1,-1,0,3,Movistar,false,false
1428151132795,-1,-1,-1,-1,0,3,Movistar,true,false
1428151132795,-1,-1,-1,-1,0,3,Movistar,false,false
1428151132795,-1,-1,-1,-1,0,3,Movistar,false,false
1428151132795,-1,-1,-1,-1,0,3,Movistar,false,false
1428151132795,-1,-1,-1,-1,0,3,Movistar,false,false
1428151134196,-1,-1,-1,-1,0,3,Movistar,true,false
1428151134196,-1,-1,-1,-1,0,3,Movistar,false,false
1428151134196,-1,-1,-1,-1,0,3,Movistar,false,false
1428151134196,-1,-1,-1,-1,0,3,Movistar,false,false
1428151134196,-1,-1,-1,-1,0,3,Movistar,false,false
1428151143891,-1,-1,-1,-1,0,3,Movistar,true,false
1428151143891,-1,-1,-1,-1,0,3,Movistar,false,false
1428151143891,-1,-1,-1,-1,0,3,Movistar,false,false
1428151143891,-1,-1,-1,-1,0,3,Movistar,false,false
1428151143891,-1,-1,-1,-1,0,3,Movistar,false,false
1428151145536,-1,-1,-1,-1,0,3,Movistar,true,false
1428151145536,-1,-1,-1,-1,0,3,Movistar,false,false
1428151145536,-1,-1,-1,-1,0,3,Movistar,false,false
1428151145536,-1,-1,-1,-1,0,3,Movistar,false,false
1428151145536,-1,-1,-1,-1,0,3,Movistar,false,false
1428151205530,-1,-1,-1,-1,0,3,Movistar,true,false
1428151205530,-1,-1,-1,-1,0,3,Movistar,false,false
1428151205530,-1,-1,-1,-1,0,3,Movistar,false,false
1428151205530,-1,-1,-1,-1,0,3,Movistar,false,false
1428151205530,-1,-1,-1,-1,0,3,Movistar,false,false
1428151222236,-1,-1,-1,-1,0,3,Movistar,true,false
1428151222236,-1,-1,-1,-1,0,3,Movistar,false,false
1428151222236,-1,-1,-1,-1,0,3,Movistar,false,false
1428151222236,-1,-1,-1,-1,0,3,Movistar,false,false
1428151222236,-1,-1,-1,-1,0,3,Movistar,false,false
1428151223343,-1,-1,-1,-1,0,3,Movistar,true,false
1428151223343,-1,-1,-1,-1,0,3,Movistar,false,false
1428151223343,-1,-1,-1,-1,0,3,Movistar,false,false
1428151223343,-1,-1,-1,-1,0,3,Movistar,false,false
1428151223343,-1,-1,-1,-1,0,3,Movistar,false,false
1428151283376,-1,-1,-1,-1,0,3,Movistar,true,false
1428151283376,-1,-1,-1,-1,0,3,Movistar,false,false
1428151283376,-1,-1,-1,-1,0,3,Movistar,false,false
1428151283376,-1,-1,-1,-1,0,3,Movistar,false,false
1428151283376,-1,-1,-1,-1,0,3,Movistar,false,false
1428151283376,-1,-1,-1,-1,0,3,Movistar,false,false
1428151343619,-1,-1,-1,-1,0,3,Movistar,true,false
1428151343619,-1,-1,-1,-1,0,3,Movistar,false,false
1428151343619,-1,-1,-1,-1,0,3,Movistar,false,false
1428151343619,-1,-1,-1,-1,0,3,Movistar,false,false
1428151343619,-1,-1,-1,-1,0,3,Movistar,false,false
1428151343619,-1,-1,-1,-1,0,3,Movistar,false,false
1428151403546,-1,-1,-1,-1,0,3,Movistar,true,false
1428151403546,-1,-1,-1,-1,0,3,Movistar,false,false
1428151403546,-1,-1,-1,-1,0,3,Movistar,false,false
1428151403546,-1,-1,-1,-1,0,3,Movistar,false,false
1428151403546,-1,-1,-1,-1,0,3,Movistar,false,false
1428151403546,-1,-1,-1,-1,0,3,Movistar,false,false
1428151463969,-1,-1,-1,-1,0,3,Movistar,true,false
1428151463969,-1,-1,-1,-1,0,3,Movistar,false,false
1428151463969,-1,-1,-1,-1,0,3,Movistar,false,false
1428151463969,-1,-1,-1,-1,0,3,Movistar,false,false
1428151463969,-1,-1,-1,-1,0,3,Movistar,false,false
1428151463969,-1,-1,-1,-1,0,3,Movistar,false,false
1428151524039,-1,-1,-1,-1,0,3,Movistar,true,false
1428151524039,-1,-1,-1,-1,0,3,Movistar,false,false
1428151524039,-1,-1,-1,-1,0,3,Movistar,false,false
1428151524039,-1,-1,-1,-1,0,3,Movistar,false,false
1428151524039,-1,-1,-1,-1,0,3,Movistar,false,false
1428151524039,-1,-1,-1,-1,0,3,Movistar,false,false
1428151584136,-1,-1,-1,-1,0,3,Movistar,true,false
1428151584136,-1,-1,-1,-1,0,3,Movistar,false,false
1428151584136,-1,-1,-1,-1,0,3,Movistar,false,false
1428151584136,-1,-1,-1,-1,0,3,Movistar,false,false
1428151584136,-1,-1,-1,-1,0,3,Movistar,false,false
1428151584136,-1,-1,-1,-1,0,3,Movistar,false,false
1428151645192,-1,-1,-1,-1,0,3,Movistar,true,false
1428151645192,-1,-1,-1,-1,0,3,Movistar,false,false
1428151645192,-1,-1,-1,-1,0,3,Movistar,false,false
1428151645192,-1,-1,-1,-1,0,3,Movistar,false,false
1428151645192,-1,-1,-1,-1,0,3,Movistar,false,false
1428151645192,-1,-1,-1,-1,0,3,Movistar,false,false
1428151705072,-1,-1,-1,-1,0,3,Movistar,true,false
1428151705072,-1,-1,-1,-1,0,3,Movistar,false,false
1428151705072,-1,-1,-1,-1,0,3,Movistar,false,false
1428151705072,-1,-1,-1,-1,0,3,Movistar,false,false
1428151705072,-1,-1,-1,-1,0,3,Movistar,false,false
1428151705072,2147483647,2147483647,2147483647,2147483647,-51,3,Movistar,false,false
1428151705072,2147483647,2147483647,2147483647,2147483647,-85,3,Movistar,false,false
1428151705072,2147483647,2147483647,2147483647,2147483647,-103,3,Movistar,false,false
1428151705072,2147483647,2147483647,2147483647,2147483647,-105,3,Movistar,false,false
1428151705072,2147483647,2147483647,2147483647,2147483647,-107,3,Movistar,false,false
1428151705072,2147483647,2147483647,2147483647,2147483647,-107,3,Movistar,false,false
1428151705072,2147483647,2147483647,2147483647,2147483647,-109,3,Movistar,false,false
1428151705072,2147483647,2147483647,2147483647,2147483647,-109,3,Movistar,false,false
1428151720670,-1,-1,-1,-1,0,3,Movistar,true,false
1428151720670,-1,-1,-1,-1,0,3,Movistar,false,false
1428151720670,-1,-1,-1,-1,0,3,Movistar,false,false
1428151720670,-1,-1,-1,-1,0,3,Movistar,false,false
1428151720670,-1,-1,-1,-1,0,3,Movistar,false,false
1428151720670,2147483647,2147483647,2147483647,2147483647,-53,3,Movistar,false,false
1428151720670,2147483647,2147483647,2147483647,2147483647,-85,3,Movistar,false,false
1428151720670,2147483647,2147483647,2147483647,2147483647,-105,3,Movistar,false,false
1428151720670,2147483647,2147483647,2147483647,2147483647,-107,3,Movistar,false,false
1428151720670,2147483647,2147483647,2147483647,2147483647,-109,3,Movistar,false,false
1428151720670,2147483647,2147483647,2147483647,2147483647,-109,3,Movistar,false,false
1428151720670,2147483647,2147483647,2147483647,2147483647,-109,3,Movistar,false,false
1428151720670,2147483647,2147483647,2147483647,2147483647,-111,3,Movistar,false,false
1428151743583,11833,833,7,214,-99,2,Movistar,true,false
1428151743583,11831,833,7,214,-91,2,Movistar,false,false
1428151743583,13784,833,7,214,-103,2,Movistar,false,false
1428151743583,-1,0,0,0,-105,2,Movistar,false,false
1428151743583,-1,0,0,0,-107,2,Movistar,false,false
1428151746882,11831,833,7,214,-93,2,Movistar,true,false
1428151746882,13784,833,7,214,-101,2,Movistar,false,false
1428151746882,-1,0,0,0,-97,2,Movistar,false,false
1428151746882,-1,0,0,0,-105,2,Movistar,false,false
1428151776270,11831,833,7,214,-85,2,Movistar,true,false
1428151776270,11833,833,7,214,-93,2,Movistar,false,false
1428151776270,-1,0,0,0,-93,2,Movistar,false,false
1428151776270,-1,0,0,0,-103,2,Movistar,false,false
1428151776270,-1,0,0,0,-101,2,Movistar,false,false
1428151776270,-1,0,0,0,-105,2,Movistar,false,false
1428151776270,-1,0,0,0,-105,2,Movistar,false,false
1428151791406,11831,833,7,214,-87,2,Movistar,true,false
1428151791406,11833,833,7,214,-95,2,Movistar,false,false
1428151791406,21121,833,7,214,-95,2,Movistar,false,false
1428151791406,-1,0,0,0,-101,2,Movistar,false,false
1428151791406,-1,0,0,0,-103,2,Movistar,false,false
1428151791406,-1,0,0,0,-105,2,Movistar,false,false
1428151800523,11831,833,7,214,-87,2,Movistar,true,false
1428151800523,11833,833,7,214,-95,2,Movistar,false,false
1428151800523,21121,833,7,214,-95,2,Movistar,false,false
1428151800523,13151,833,7,214,-101,2,Movistar,false,false
1428151800523,13784,833,7,214,-103,2,Movistar,false,false
1428151800523,11832,833,7,214,-103,2,Movistar,false,false
1428151800523,13192,833,7,214,-107,2,Movistar,false,false
1428151805981,11831,833,7,214,-87,2,Movistar,true,false
1428151805981,21121,833,7,214,-93,2,Movistar,false,false
1428151805981,-1,0,0,0,-95,2,Movistar,false,false
1428151805981,-1,0,0,0,-101,2,Movistar,false,false
1428151805981,-1,0,0,0,-105,2,Movistar,false,false
1428151805981,-1,0,0,0,-105,2,Movistar,false,false
1428151805981,-1,0,0,0,-107,2,Movistar,false,false
1428151835868,11831,833,7,214,-91,2,Movistar,true,false
1428151835868,21121,833,7,214,-93,2,Movistar,false,false
1428151835868,11833,833,7,214,-97,2,Movistar,false,false
1428151835868,13151,833,7,214,-105,2,Movistar,false,false
1428151835868,11832,833,7,214,-103,2,Movistar,false,false
1428151835868,13784,833,7,214,-105,2,Movistar,false,false
1428151835868,13192,833,7,214,-107,2,Movistar,false,false
1428151836838,11831,833,7,214,-91,2,Movistar,true,false
1428151836838,21121,833,7,214,-93,2,Movistar,false,false
1428151836838,11833,833,7,214,-97,2,Movistar,false,false
1428151836838,13151,833,7,214,-105,2,Movistar,false,false
1428151836838,11832,833,7,214,-103,2,Movistar,false,false
1428151836838,13784,833,7,214,-105,2,Movistar,false,false
1428151836838,13192,833,7,214,-107,2,Movistar,false,false
1428151839136,11831,833,7,214,-93,2,Movistar,true,false
1428151839136,21121,833,7,214,-93,2,Movistar,false,false
1428151839136,11833,833,7,214,-97,2,Movistar,false,false
1428151839136,13151,833,7,214,-103,2,Movistar,false,false
1428151839136,11832,833,7,214,-101,2,Movistar,false,false
1428151839136,13784,833,7,214,-107,2,Movistar,false,false
1428151839136,-1,0,0,0,-103,2,Movistar,false,false
1428151848439,11831,833,7,214,-87,2,Movistar,true,false
1428151848439,21121,833,7,214,-95,2,Movistar,false,false
1428151848439,11833,833,7,214,-97,2,Movistar,false,false
1428151848439,13151,833,7,214,-103,2,Movistar,false,false
1428151848439,11832,833,7,214,-103,2,Movistar,false,false
1428151848439,13784,833,7,214,-103,2,Movistar,false,false
1428151848439,-1,0,0,0,-103,2,Movistar,false,false
1428151850615,11831,833,7,214,-87,2,Movistar,true,false
1428151850615,21121,833,7,214,-95,2,Movistar,false,false
1428151850615,11833,833,7,214,-97,2,Movistar,false,false
1428151850615,13151,833,7,214,-103,2,Movistar,false,false
1428151850615,11832,833,7,214,-103,2,Movistar,false,false
1428151850615,13784,833,7,214,-103,2,Movistar,false,false
1428151850615,13161,833,7,214,-103,2,Movistar,false,false
1428151852738,11831,833,7,214,-89,2,Movistar,true,false
1428151852738,21121,833,7,214,-95,2,Movistar,false,false
1428151852738,11833,833,7,214,-97,2,Movistar,false,false
1428151852738,13151,833,7,214,-105,2,Movistar,false,false
1428151852738,11832,833,7,214,-103,2,Movistar,false,false
1428151852738,13784,833,7,214,-103,2,Movistar,false,false
1428151852738,13161,833,7,214,-105,2,Movistar,false,false
1428151872869,-1,-1,-1,-1,0,3,Movistar,true,false
1428151872869,-1,-1,-1,-1,0,3,Movistar,false,false
1428151872869,-1,-1,-1,-1,0,3,Movistar,false,false
1428151872869,-1,-1,-1,-1,0,3,Movistar,false,false
1428151872869,-1,-1,-1,-1,0,3,Movistar,false,false
1428151872869,-1,-1,-1,-1,0,3,Movistar,false,false
1428151872869,2147483647,2147483647,2147483647,2147483647,-87,3,Movistar,false,false
1428151872869,2147483647,2147483647,2147483647,2147483647,-105,3,Movistar,false,false
1428151872869,2147483647,2147483647,2147483647,2147483647,-107,3,Movistar,false,false
1428151872869,2147483647,2147483647,2147483647,2147483647,-109,3,Movistar,false,false
1428151872869,2147483647,2147483647,2147483647,2147483647,-109,3,Movistar,false,false
1428151872869,2147483647,2147483647,2147483647,2147483647,-111,3,Movistar,false,false
1428151872869,2147483647,2147483647,2147483647,2147483647,-111,3,Movistar,false,false
1428151872869,2147483647,2147483647,2147483647,2147483647,-111,3,Movistar,false,false
1428151874277,-1,-1,-1,-1,0,3,Movistar,true,false
1428151874277,-1,-1,-1,-1,0,3,Movistar,false,false
1428151874277,-1,-1,-1,-1,0,3,Movistar,false,false
1428151874277,-1,-1,-1,-1,0,3,Movistar,false,false
1428151874277,-1,-1,-1,-1,0,3,Movistar,false,false
1428151874277,-1,-1,-1,-1,0,3,Movistar,false,false
1428151874277,2147483647,2147483647,2147483647,2147483647,-87,3,Movistar,false,false
1428151874277,2147483647,2147483647,2147483647,2147483647,-105,3,Movistar,false,false
1428151874277,2147483647,2147483647,2147483647,2147483647,-107,3,Movistar,false,false
1428151874277,2147483647,2147483647,2147483647,2147483647,-109,3,Movistar,false,false
1428151874277,2147483647,2147483647,2147483647,2147483647,-109,3,Movistar,false,false
1428151874277,2147483647,2147483647,2147483647,2147483647,-111,3,Movistar,false,false
1428151874277,2147483647,2147483647,2147483647,2147483647,-111,3,Movistar,false,false
1428151874277,2147483647,2147483647,2147483647,2147483647,-111,3,Movistar,false,false
1428151874679,-1,-1,-1,-1,0,3,Movistar,true,false
1428151874679,-1,-1,-1,-1,0,3,Movistar,false,false
1428151874679,-1,-1,-1,-1,0,3,Movistar,false,false
1428151874679,-1,-1,-1,-1,0,3,Movistar,false,false
1428151874679,-1,-1,-1,-1,0,3,Movistar,false,false
1428151874679,-1,-1,-1,-1,0,3,Movistar,false,false
1428151874679,2147483647,2147483647,2147483647,2147483647,-87,3,Movistar,false,false
1428151874679,2147483647,2147483647,2147483647,2147483647,-105,3,Movistar,false,false
1428151874679,2147483647,2147483647,2147483647,2147483647,-107,3,Movistar,false,false
1428151874679,2147483647,2147483647,2147483647,2147483647,-109,3,Movistar,false,false
1428151874679,2147483647,2147483647,2147483647,2147483647,-109,3,Movistar,false,false
1428151874679,2147483647,2147483647,2147483647,2147483647,-111,3,Movistar,false,false
1428151874679,2147483647,2147483647,2147483647,2147483647,-111,3,Movistar,false,false
1428151874679,2147483647,2147483647,2147483647,2147483647,-111,3,Movistar,false,false
1428151875238,-1,-1,-1,-1,0,3,Movistar,true,false
1428151875238,-1,-1,-1,-1,0,3,Movistar,false,false
1428151875238,-1,-1,-1,-1,0,3,Movistar,false,false
1428151875238,-1,-1,-1,-1,0,3,Movistar,false,false
1428151875238,-1,-1,-1,-1,0,3,Movistar,false,false
1428151875238,-1,-1,-1,-1,0,3,Movistar,false,false
1428151875238,2147483647,2147483647,2147483647,2147483647,-87,3,Movistar,false,false
1428151875238,2147483647,2147483647,2147483647,2147483647,-105,3,Movistar,false,false
1428151875238,2147483647,2147483647,2147483647,2147483647,-107,3,Movistar,false,false
1428151875238,2147483647,2147483647,2147483647,2147483647,-109,3,Movistar,false,false
1428151875238,2147483647,2147483647,2147483647,2147483647,-109,3,Movistar,false,false
1428151875238,2147483647,2147483647,2147483647,2147483647,-111,3,Movistar,false,false
1428151875238,2147483647,2147483647,2147483647,2147483647,-111,3,Movistar,false,false
1428151875238,2147483647,2147483647,2147483647,2147483647,-111,3,Movistar,false,false
1428151876408,-1,-1,-1,-1,0,3,Movistar,true,false
1428151876408,-1,-1,-1,-1,0,3,Movistar,false,false
1428151876408,-1,-1,-1,-1,0,3,Movistar,false,false
1428151876408,-1,-1,-1,-1,0,3,Movistar,false,false
1428151876408,-1,-1,-1,-1,0,3,Movistar,false,false
1428151876408,-1,-1,-1,-1,0,3,Movistar,false,false
1428151876408,2147483647,2147483647,2147483647,2147483647,-87,3,Movistar,false,false
1428151876408,2147483647,2147483647,2147483647,2147483647,-105,3,Movistar,false,false
1428151876408,2147483647,2147483647,2147483647,2147483647,-107,3,Movistar,false,false
1428151876408,2147483647,2147483647,2147483647,2147483647,-109,3,Movistar,false,false
1428151876408,2147483647,2147483647,2147483647,2147483647,-109,3,Movistar,false,false
1428151876408,2147483647,2147483647,2147483647,2147483647,-111,3,Movistar,false,false
1428151876408,2147483647,2147483647,2147483647,2147483647,-111,3,Movistar,false,false
1428151876408,2147483647,2147483647,2147483647,2147483647,-111,3,Movistar,false,false
1428151877214,-1,-1,-1,-1,0,3,Movistar,true,false
1428151877214,-1,-1,-1,-1,0,3,Movistar,false,false
1428151877214,-1,-1,-1,-1,0,3,Movistar,false,false
1428151877214,-1,-1,-1,-1,0,3,Movistar,false,false
1428151877214,-1,-1,-1,-1,0,3,Movistar,false,false
1428151895595,-1,-1,-1,-1,0,3,Movistar,true,false
1428151895595,-1,-1,-1,-1,0,3,Movistar,false,false
1428151895595,-1,-1,-1,-1,0,3,Movistar,false,false
1428151895595,-1,-1,-1,-1,0,3,Movistar,false,false
1428151895595,-1,-1,-1,-1,0,3,Movistar,false,false
1428151895595,-1,-1,-1,-1,0,3,Movistar,false,false
1428151896436,-1,-1,-1,-1,0,3,Movistar,true,false
1428151896436,-1,-1,-1,-1,0,3,Movistar,false,false
1428151896436,-1,-1,-1,-1,0,3,Movistar,false,false
1428151896436,-1,-1,-1,-1,0,3,Movistar,false,false
1428151896436,-1,-1,-1,-1,0,3,Movistar,false,false
1428151896436,-1,-1,-1,-1,0,3,Movistar,false,false
1428151944278,-1,-1,-1,-1,0,3,Movistar,true,false
1428151944278,-1,-1,-1,-1,0,3,Movistar,false,false
1428151944278,-1,-1,-1,-1,0,3,Movistar,false,false
1428151944278,-1,-1,-1,-1,0,3,Movistar,false,false
1428151944278,-1,-1,-1,-1,0,3,Movistar,false,false
1428151944278,-1,-1,-1,-1,0,3,Movistar,false,false
1428151946204,-1,-1,-1,-1,0,3,Movistar,true,false
1428151946204,-1,-1,-1,-1,0,3,Movistar,false,false
1428151946204,-1,-1,-1,-1,0,3,Movistar,false,false
1428151946204,-1,-1,-1,-1,0,3,Movistar,false,false
1428151946204,-1,-1,-1,-1,0,3,Movistar,false,false
1428151946204,-1,-1,-1,-1,0,3,Movistar,false,false
1428151947587,-1,-1,-1,-1,0,3,Movistar,true,false
1428151947587,-1,-1,-1,-1,0,3,Movistar,false,false
1428151947587,-1,-1,-1,-1,0,3,Movistar,false,false
1428151947587,-1,-1,-1,-1,0,3,Movistar,false,false
1428151947587,-1,-1,-1,-1,0,3,Movistar,false,false
1428151947587,-1,-1,-1,-1,0,3,Movistar,false,false
1428151950398,-1,-1,-1,-1,0,3,Movistar,true,false
1428151950398,-1,-1,-1,-1,0,3,Movistar,false,false
1428151950398,-1,-1,-1,-1,0,3,Movistar,false,false
1428151950398,-1,-1,-1,-1,0,3,Movistar,false,false
1428151950398,-1,-1,-1,-1,0,3,Movistar,false,false
1428151950398,-1,-1,-1,-1,0,3,Movistar,false,false
1428151952127,-1,-1,-1,-1,0,3,Movistar,true,false
1428151952127,-1,-1,-1,-1,0,3,Movistar,false,false
1428151952127,-1,-1,-1,-1,0,3,Movistar,false,false
1428151952127,-1,-1,-1,-1,0,3,Movistar,false,false
1428151952127,-1,-1,-1,-1,0,3,Movistar,false,false
1428151952127,-1,-1,-1,-1,0,3,Movistar,false,false
1428151952838,-1,-1,-1,-1,0,3,Movistar,true,false
1428151952838,-1,-1,-1,-1,0,3,Movistar,false,false
1428151952838,-1,-1,-1,-1,0,3,Movistar,false,false
1428151952838,-1,-1,-1,-1,0,3,Movistar,false,false
1428151952838,-1,-1,-1,-1,0,3,Movistar,false,false
1428151952838,-1,-1,-1,-1,0,3,Movistar,false,false
1428151953243,-1,-1,-1,-1,0,3,Movistar,true,false
1428151953243,-1,-1,-1,-1,0,3,Movistar,false,false
1428151953243,-1,-1,-1,-1,0,3,Movistar,false,false
1428151953243,-1,-1,-1,-1,0,3,Movistar,false,false
1428151953243,-1,-1,-1,-1,0,3,Movistar,false,false
1428151953243,-1,-1,-1,-1,0,3,Movistar,false,false
1428151953996,-1,-1,-1,-1,0,3,Movistar,true,false
1428151953996,-1,-1,-1,-1,0,3,Movistar,false,false
1428151953996,-1,-1,-1,-1,0,3,Movistar,false,false
1428151953996,-1,-1,-1,-1,0,3,Movistar,false,false
1428151953996,-1,-1,-1,-1,0,3,Movistar,false,false
1428151953996,-1,-1,-1,-1,0,3,Movistar,false,false
1428151954361,-1,-1,-1,-1,0,3,Movistar,true,false
1428151954361,-1,-1,-1,-1,0,3,Movistar,false,false
1428151954361,-1,-1,-1,-1,0,3,Movistar,false,false
1428151954361,-1,-1,-1,-1,0,3,Movistar,false,false
1428151954361,-1,-1,-1,-1,0,3,Movistar,false,false
1428151954361,-1,-1,-1,-1,0,3,Movistar,false,false
1428151970329,-1,-1,-1,-1,0,3,Movistar,true,false
1428151970329,-1,-1,-1,-1,0,3,Movistar,false,false
1428151970329,-1,-1,-1,-1,0,3,Movistar,false,false
1428151970329,-1,-1,-1,-1,0,3,Movistar,false,false
1428151970329,-1,-1,-1,-1,0,3,Movistar,false,false
1428151971273,-1,-1,-1,-1,0,3,Movistar,true,false
1428151971273,-1,-1,-1,-1,0,3,Movistar,false,false
1428151971273,-1,-1,-1,-1,0,3,Movistar,false,false
1428151971273,-1,-1,-1,-1,0,3,Movistar,false,false
1428151971273,-1,-1,-1,-1,0,3,Movistar,false,false
1428151974995,-1,-1,-1,-1,0,3,Movistar,true,false
1428151974995,-1,-1,-1,-1,0,3,Movistar,false,false
1428151974995,-1,-1,-1,-1,0,3,Movistar,false,false
1428151974995,-1,-1,-1,-1,0,3,Movistar,false,false
1428151974995,-1,-1,-1,-1,0,3,Movistar,false,false
1428151977827,-1,-1,-1,-1,0,3,Movistar,true,false
1428151977827,-1,-1,-1,-1,0,3,Movistar,false,false
1428151977827,-1,-1,-1,-1,0,3,Movistar,false,false
1428151977827,-1,-1,-1,-1,0,3,Movistar,false,false
1428151977827,-1,-1,-1,-1,0,3,Movistar,false,false
1428151979949,-1,-1,-1,-1,0,3,Movistar,true,false
1428151979949,-1,-1,-1,-1,0,3,Movistar,false,false
1428151979949,-1,-1,-1,-1,0,3,Movistar,false,false
1428151979949,-1,-1,-1,-1,0,3,Movistar,false,false
1428151979949,-1,-1,-1,-1,0,3,Movistar,false,false
1428152039981,-1,-1,-1,-1,0,3,Movistar,true,false
1428152039981,-1,-1,-1,-1,0,3,Movistar,false,false
1428152039981,-1,-1,-1,-1,0,3,Movistar,false,false
1428152039981,-1,-1,-1,-1,0,3,Movistar,false,false
1428152039981,-1,-1,-1,-1,0,3,Movistar,false,false
1428152039981,-1,-1,-1,-1,0,3,Movistar,false,false
1428152048618,-1,-1,-1,-1,0,3,Movistar,true,false
1428152048618,-1,-1,-1,-1,0,3,Movistar,false,false
1428152048618,-1,-1,-1,-1,0,3,Movistar,false,false
1428152048618,-1,-1,-1,-1,0,3,Movistar,false,false
1428152048618,-1,-1,-1,-1,0,3,Movistar,false,false
1428152048618,-1,-1,-1,-1,0,3,Movistar,false,false
1428152049317,-1,-1,-1,-1,0,3,Movistar,true,false
1428152049317,-1,-1,-1,-1,0,3,Movistar,false,false
1428152049317,-1,-1,-1,-1,0,3,Movistar,false,false
1428152049317,-1,-1,-1,-1,0,3,Movistar,false,false
1428152049317,-1,-1,-1,-1,0,3,Movistar,false,false
1428152049317,-1,-1,-1,-1,0,3,Movistar,false,false
1428152109440,-1,-1,-1,-1,0,3,Movistar,true,false
1428152169449,-1,-1,-1,-1,0,3,Movistar,true,false
1428152169449,-1,-1,-1,-1,0,3,Movistar,false,false
1428152169449,-1,-1,-1,-1,0,3,Movistar,false,false
1428152169449,-1,-1,-1,-1,0,3,Movistar,false,false
1428152169449,-1,-1,-1,-1,0,3,Movistar,false,false
1428152169449,-1,-1,-1,-1,0,3,Movistar,false,false
1428152229449,20523018,8640,7,214,-119,13,Movistar,true,false
1428152229449,182,2147483647,2147483647,2147483647,-122,13,Movistar,false,false
1428152229449,131,2147483647,2147483647,2147483647,-119,13,Movistar,false,false
1428152229449,2147483647,2147483647,2147483647,2147483647,-113,13,Movistar,false,false
1428152229449,2147483647,2147483647,2147483647,2147483647,-113,13,Movistar,false,false
1428152229449,2147483647,2147483647,2147483647,2147483647,-113,13,Movistar,false,false
1428152229449,2147483647,2147483647,2147483647,2147483647,-113,13,Movistar,false,false
1428152229449,2147483647,2147483647,2147483647,2147483647,-113,13,Movistar,false,false
1428152229449,2147483647,2147483647,2147483647,2147483647,-113,13,Movistar,false,false
1428152229449,2147483647,2147483647,2147483647,2147483647,-113,13,Movistar,false,false
1428152229449,2147483647,2147483647,2147483647,2147483647,-113,13,Movistar,false,false
1428152229449,2147483647,2147483647,2147483647,2147483647,-113,13,Movistar,false,false
1428152229449,2147483647,2147483647,2147483647,2147483647,-113,13,Movistar,false,false
1428152229449,2147483647,2147483647,2147483647,2147483647,-113,13,Movistar,false,false
1428152229449,2147483647,2147483647,2147483647,2147483647,-113,13,Movistar,false,false
1428152229449,2147483647,2147483647,2147483647,2147483647,-113,13,Movistar,false,false
1428152229449,2147483647,2147483647,2147483647,2147483647,-113,13,Movistar,false,false
1428152229449,2147483647,2147483647,2147483647,2147483647,-113,13,Movistar,false,false
1428152229449,-1,-1,-1,-1,0,13,Movistar,false,false
1428152229449,-1,-1,-1,-1,0,13,Movistar,false,false
1428152229449,-1,-1,-1,-1,0,13,Movistar,false,false
1428152229449,-1,-1,-1,-1,0,13,Movistar,false,false
1428152229449,-1,-1,-1,-1,0,13,Movistar,false,false
1428152229449,-1,-1,-1,-1,0,13,Movistar,false,false
1428152229449,-1,-1,-1,-1,0,13,Movistar,false,false
1428152242164,20523018,8640,7,214,-119,13,Movistar,true,false
1428152242164,131,2147483647,2147483647,2147483647,-120,13,Movistar,false,false
1428152242164,2147483647,2147483647,2147483647,2147483647,-113,13,Movistar,false,false
1428152242164,2147483647,2147483647,2147483647,2147483647,-113,13,Movistar,false,false
1428152242164,2147483647,2147483647,2147483647,2147483647,-113,13,Movistar,false,false
1428152242164,2147483647,2147483647,2147483647,2147483647,-113,13,Movistar,false,false
1428152242164,2147483647,2147483647,2147483647,2147483647,-113,13,Movistar,false,false
1428152242164,2147483647,2147483647,2147483647,2147483647,-113,13,Movistar,false,false
1428152242164,2147483647,2147483647,2147483647,2147483647,-113,13,Movistar,false,false
1428152242164,2147483647,2147483647,2147483647,2147483647,-113,13,Movistar,false,false
1428152242164,2147483647,2147483647,2147483647,2147483647,-113,13,Movistar,false,false
1428152242164,2147483647,2147483647,2147483647,2147483647,-113,13,Movistar,false,false
1428152242164,2147483647,2147483647,2147483647,2147483647,-113,13,Movistar,false,false
1428152242164,2147483647,2147483647,2147483647,2147483647,-113,13,Movistar,false,false
1428152242164,2147483647,2147483647,2147483647,2147483647,-113,13,Movistar,false,false
1428152242164,2147483647,2147483647,2147483647,2147483647,-113,13,Movistar,false,false
1428152242164,2147483647,2147483647,2147483647,2147483647,-113,13,Movistar,false,false
1428152242164,-1,-1,-1,-1,0,13,Movistar,false,false
1428152242164,-1,-1,-1,-1,0,13,Movistar,false,false
1428152242164,-1,-1,-1,-1,0,13,Movistar,false,false
1428152242164,-1,-1,-1,-1,0,13,Movistar,false,false
1428152242164,-1,-1,-1,-1,0,13,Movistar,false,false
1428152242164,-1,-1,-1,-1,0,13,Movistar,false,false
1428152242164,-1,-1,-1,-1,0,13,Movistar,false,false
1428152242164,-1,-1,-1,-1,0,13,Movistar,false,false
1428152243023,20523018,8640,7,214,-119,13,Movistar,true,false
1428152243023,131,2147483647,2147483647,2147483647,-120,13,Movistar,false,false
1428152243023,2147483647,2147483647,2147483647,2147483647,-113,13,Movistar,false,false
1428152243023,2147483647,2147483647,2147483647,2147483647,-113,13,Movistar,false,false
1428152243023,2147483647,2147483647,2147483647,2147483647,-113,13,Movistar,false,false
1428152243023,2147483647,2147483647,2147483647,2147483647,-113,13,Movistar,false,false
1428152243023,2147483647,2147483647,2147483647,2147483647,-113,13,Movistar,false,false
1428152243023,2147483647,2147483647,2147483647,2147483647,-113,13,Movistar,false,false
1428152243023,2147483647,2147483647,2147483647,2147483647,-113,13,Movistar,false,false
1428152243023,2147483647,2147483647,2147483647,2147483647,-113,13,Movistar,false,false
1428152243023,2147483647,2147483647,2147483647,2147483647,-113,13,Movistar,false,false
1428152243023,2147483647,2147483647,2147483647,2147483647,-113,13,Movistar,false,false
1428152243023,2147483647,2147483647,2147483647,2147483647,-113,13,Movistar,false,false
1428152243023,2147483647,2147483647,2147483647,2147483647,-113,13,Movistar,false,false
1428152243023,2147483647,2147483647,2147483647,2147483647,-113,13,Movistar,false,false
1428152243023,2147483647,2147483647,2147483647,2147483647,-113,13,Movistar,false,false
1428152243023,2147483647,2147483647,2147483647,2147483647,-113,13,Movistar,false,false
1428152243023,-1,-1,-1,-1,0,13,Movistar,false,false
1428152243023,-1,-1,-1,-1,0,13,Movistar,false,false
1428152243023,-1,-1,-1,-1,0,13,Movistar,false,false
1428152243023,-1,-1,-1,-1,0,13,Movistar,false,false
1428152243023,-1,-1,-1,-1,0,13,Movistar,false,false
1428152243023,-1,-1,-1,-1,0,13,Movistar,false,false
1428152243023,-1,-1,-1,-1,0,13,Movistar,false,false
1428152243023,-1,-1,-1,-1,0,13,Movistar,false,false
1428152244019,20523018,8640,7,214,-119,13,Movistar,true,false
1428152244019,131,2147483647,2147483647,2147483647,-120,13,Movistar,false,false
1428152244019,2147483647,2147483647,2147483647,2147483647,-113,13,Movistar,false,false
1428152244019,2147483647,2147483647,2147483647,2147483647,-113,13,Movistar,false,false
1428152244019,2147483647,2147483647,2147483647,2147483647,-113,13,Movistar,false,false
1428152244019,2147483647,2147483647,2147483647,2147483647,-113,13,Movistar,false,false
1428152244019,2147483647,2147483647,2147483647,2147483647,-113,13,Movistar,false,false
1428152244019,2147483647,2147483647,2147483647,2147483647,-113,13,Movistar,false,false
1428152244019,2147483647,2147483647,2147483647,2147483647,-113,13,Movistar,false,false
1428152244019,2147483647,2147483647,2147483647,2147483647,-113,13,Movistar,false,false
1428152244019,2147483647,2147483647,2147483647,2147483647,-113,13,Movistar,false,false
1428152244019,2147483647,2147483647,2147483647,2147483647,-113,13,Movistar,false,false
1428152244019,2147483647,2147483647,2147483647,2147483647,-113,13,Movistar,false,false
1428152244019,2147483647,2147483647,2147483647,2147483647,-113,13,Movistar,false,false
1428152244019,2147483647,2147483647,2147483647,2147483647,-113,13,Movistar,false,false
1428152244019,2147483647,2147483647,2147483647,2147483647,-113,13,Movistar,false,false
1428152244019,2147483647,2147483647,2147483647,2147483647,-113,13,Movistar,false,false
1428152244019,-1,-1,-1,-1,0,13,Movistar,false,false
1428152244019,-1,-1,-1,-1,0,13,Movistar,false,false
1428152244019,-1,-1,-1,-1,0,13,Movistar,false,false
1428152244019,-1,-1,-1,-1,0,13,Movistar,false,false
1428152244019,-1,-1,-1,-1,0,13,Movistar,false,false
1428152244019,-1,-1,-1,-1,0,13,Movistar,false,false
1428152244019,-1,-1,-1,-1,0,13,Movistar,false,false
1428152244019,-1,-1,-1,-1,0,13,Movistar,false,false
1428152246191,20523018,8640,7,214,-353,13,Movistar,true,false
1428152247052,125043505,864,7,214,-99,3,Movistar,true,false
1428152247052,263,-1,7,214,-116,3,Movistar,false,false
1428152247052,247,-1,7,214,-116,3,Movistar,false,false
1428152247052,80,-1,7,214,-116,3,Movistar,false,false
1428152257635,-1,-1,-1,-1,0,3,Movistar,true,false
1428152257635,-1,-1,-1,-1,0,3,Movistar,false,false
1428152257635,-1,-1,-1,-1,0,3,Movistar,false,false
1428152257635,-1,-1,-1,-1,0,3,Movistar,false,false
1428152257635,-1,-1,-1,-1,0,3,Movistar,false,false
1428152259406,-1,-1,-1,-1,0,3,Movistar,true,false
1428152259406,-1,-1,-1,-1,0,3,Movistar,false,false
1428152259406,-1,-1,-1,-1,0,3,Movistar,false,false
1428152259406,-1,-1,-1,-1,0,3,Movistar,false,false
1428152259406,-1,-1,-1,-1,0,3,Movistar,false,false
1428152261267,-1,-1,-1,-1,0,3,Movistar,true,false
1428152261267,-1,-1,-1,-1,0,3,Movistar,false,false
1428152261267,-1,-1,-1,-1,0,3,Movistar,false,false
1428152261267,-1,-1,-1,-1,0,3,Movistar,false,false
1428152261267,-1,-1,-1,-1,0,3,Movistar,false,false
1428152263634,-1,-1,-1,-1,0,3,Movistar,true,false
1428152263634,-1,-1,-1,-1,0,3,Movistar,false,false
1428152263634,-1,-1,-1,-1,0,3,Movistar,false,false
1428152263634,-1,-1,-1,-1,0,3,Movistar,false,false
1428152263634,-1,-1,-1,-1,0,3,Movistar,false,false
1428152266200,-1,-1,-1,-1,0,3,Movistar,true,false
1428152266200,-1,-1,-1,-1,0,3,Movistar,false,false
1428152266200,-1,-1,-1,-1,0,3,Movistar,false,false
1428152266200,-1,-1,-1,-1,0,3,Movistar,false,false
1428152266200,-1,-1,-1,-1,0,3,Movistar,false,false
1428152273656,-1,-1,-1,-1,0,3,Movistar,true,false
1428152273656,-1,-1,-1,-1,0,3,Movistar,false,false
1428152273656,-1,-1,-1,-1,0,3,Movistar,false,false
1428152273656,-1,-1,-1,-1,0,3,Movistar,false,false
1428152273656,-1,-1,-1,-1,0,3,Movistar,false,false
1428152276433,-1,-1,-1,-1,0,3,Movistar,true,false
1428152276433,-1,-1,-1,-1,0,3,Movistar,false,false
1428152276433,-1,-1,-1,-1,0,3,Movistar,false,false
1428152276433,-1,-1,-1,-1,0,3,Movistar,false,false
1428152276433,-1,-1,-1,-1,0,3,Movistar,false,false
1428152291134,-1,-1,-1,-1,0,3,Movistar,true,false
1428152291134,-1,-1,-1,-1,0,3,Movistar,false,false
1428152291134,-1,-1,-1,-1,0,3,Movistar,false,false
1428152291134,-1,-1,-1,-1,0,3,Movistar,false,false
1428152291134,-1,-1,-1,-1,0,3,Movistar,false,false
1428152292394,-1,-1,-1,-1,0,3,Movistar,true,false
1428152292394,-1,-1,-1,-1,0,3,Movistar,false,false
1428152292394,-1,-1,-1,-1,0,3,Movistar,false,false
1428152292394,-1,-1,-1,-1,0,3,Movistar,false,false
1428152292394,-1,-1,-1,-1,0,3,Movistar,false,false
1428152350193,-1,-1,-1,-1,0,3,Movistar,true,false
1428152350193,-1,-1,-1,-1,0,3,Movistar,false,false
1428152350193,-1,-1,-1,-1,0,3,Movistar,false,false
1428152350193,-1,-1,-1,-1,0,3,Movistar,false,false
1428152350193,-1,-1,-1,-1,0,3,Movistar,false,false
1428152350974,-1,-1,-1,-1,0,3,Movistar,true,false
1428152350974,-1,-1,-1,-1,0,3,Movistar,false,false
1428152350974,-1,-1,-1,-1,0,3,Movistar,false,false
1428152350974,-1,-1,-1,-1,0,3,Movistar,false,false
1428152350974,-1,-1,-1,-1,0,3,Movistar,false,false
1428152357128,-1,-1,-1,-1,0,3,Movistar,true,false
1428152357128,-1,-1,-1,-1,0,3,Movistar,false,false
1428152357128,-1,-1,-1,-1,0,3,Movistar,false,false
1428152357128,-1,-1,-1,-1,0,3,Movistar,false,false
1428152357128,-1,-1,-1,-1,0,3,Movistar,false,false
1428152358717,-1,-1,-1,-1,0,3,Movistar,true,false
1428152358717,-1,-1,-1,-1,0,3,Movistar,false,false
1428152358717,-1,-1,-1,-1,0,3,Movistar,false,false
1428152358717,-1,-1,-1,-1,0,3,Movistar,false,false
1428152358717,-1,-1,-1,-1,0,3,Movistar,false,false
1428152358977,-1,-1,-1,-1,0,3,Movistar,true,false
1428152358977,-1,-1,-1,-1,0,3,Movistar,false,false
1428152358977,-1,-1,-1,-1,0,3,Movistar,false,false
1428152358977,-1,-1,-1,-1,0,3,Movistar,false,false
1428152358977,-1,-1,-1,-1,0,3,Movistar,false,false
1428152359854,-1,-1,-1,-1,0,3,Movistar,true,false
1428152359854,-1,-1,-1,-1,0,3,Movistar,false,false
1428152359854,-1,-1,-1,-1,0,3,Movistar,false,false
1428152359854,-1,-1,-1,-1,0,3,Movistar,false,false
1428152359854,-1,-1,-1,-1,0,3,Movistar,false,false
1428152359854,2147483647,2147483647,2147483647,2147483647,-51,3,Movistar,false,false
1428152359854,2147483647,2147483647,2147483647,2147483647,-81,3,Movistar,false,false
1428152359854,2147483647,2147483647,2147483647,2147483647,-99,3,Movistar,false,false
1428152359854,2147483647,2147483647,2147483647,2147483647,-105,3,Movistar,false,false
1428152359854,2147483647,2147483647,2147483647,2147483647,-107,3,Movistar,false,false
1428152359854,2147483647,2147483647,2147483647,2147483647,-107,3,Movistar,false,false
1428152359854,2147483647,2147483647,2147483647,2147483647,-109,3,Movistar,false,false
1428152359854,2147483647,2147483647,2147483647,2147483647,-109,3,Movistar,false,false
1428152366379,-1,-1,-1,-1,0,3,Movistar,true,false
1428152366379,-1,-1,-1,-1,0,3,Movistar,false,false
1428152366379,-1,-1,-1,-1,0,3,Movistar,false,false
1428152366379,-1,-1,-1,-1,0,3,Movistar,false,false
1428152366379,-1,-1,-1,-1,0,3,Movistar,false,false
1428152366379,-1,-1,-1,-1,0,3,Movistar,false,false
1428152367256,-1,-1,-1,-1,0,3,Movistar,true,false
1428152367256,-1,-1,-1,-1,0,3,Movistar,false,false
1428152367256,-1,-1,-1,-1,0,3,Movistar,false,false
1428152367256,-1,-1,-1,-1,0,3,Movistar,false,false
1428152367256,-1,-1,-1,-1,0,3,Movistar,false,false
1428152367256,-1,-1,-1,-1,0,3,Movistar,false,false
1428152390979,-1,-1,-1,-1,0,3,Movistar,true,false
1428152390979,-1,-1,-1,-1,0,3,Movistar,false,false
1428152390979,-1,-1,-1,-1,0,3,Movistar,false,false
1428152390979,-1,-1,-1,-1,0,3,Movistar,false,false
1428152390979,-1,-1,-1,-1,0,3,Movistar,false,false
1428152390979,-1,-1,-1,-1,0,3,Movistar,false,false
1428152390979,2147483647,2147483647,2147483647,2147483647,-75,3,Movistar,false,false
1428152390979,2147483647,2147483647,2147483647,2147483647,-83,3,Movistar,false,false
1428152390979,2147483647,2147483647,2147483647,2147483647,-101,3,Movistar,false,false
1428152390979,2147483647,2147483647,2147483647,2147483647,-101,3,Movistar,false,false
1428152390979,2147483647,2147483647,2147483647,2147483647,-109,3,Movistar,false,false
1428152390979,2147483647,2147483647,2147483647,2147483647,-111,3,Movistar,false,false
1428152390979,2147483647,2147483647,2147483647,2147483647,-111,3,Movistar,false,false
1428152390979,2147483647,2147483647,2147483647,2147483647,-113,3,Movistar,false,false
1428152395557,-1,-1,-1,-1,0,3,Movistar,true,false
1428152395557,-1,-1,-1,-1,0,3,Movistar,false,false
1428152395557,-1,-1,-1,-1,0,3,Movistar,false,false
1428152395557,-1,-1,-1,-1,0,3,Movistar,false,false
1428152395557,-1,-1,-1,-1,0,3,Movistar,false,false
1428152395557,-1,-1,-1,-1,0,3,Movistar,false,false
1428152395557,2147483647,2147483647,2147483647,2147483647,-75,3,Movistar,false,false
1428152395557,2147483647,2147483647,2147483647,2147483647,-83,3,Movistar,false,false
1428152395557,2147483647,2147483647,2147483647,2147483647,-101,3,Movistar,false,false
1428152395557,2147483647,2147483647,2147483647,2147483647,-101,3,Movistar,false,false
1428152395557,2147483647,2147483647,2147483647,2147483647,-109,3,Movistar,false,false
1428152395557,2147483647,2147483647,2147483647,2147483647,-111,3,Movistar,false,false
1428152395557,2147483647,2147483647,2147483647,2147483647,-111,3,Movistar,false,false
1428152395557,2147483647,2147483647,2147483647,2147483647,-113,3,Movistar,false,false
1428152416058,-1,-1,-1,-1,0,3,Movistar,true,false
1428152416058,-1,-1,-1,-1,0,3,Movistar,false,false
1428152416058,-1,-1,-1,-1,0,3,Movistar,false,false
1428152416058,-1,-1,-1,-1,0,3,Movistar,false,false
1428152427761,-1,-1,-1,-1,0,3,Movistar,true,false
1428152427761,-1,-1,-1,-1,0,3,Movistar,false,false
1428152427761,-1,-1,-1,-1,0,3,Movistar,false,false
1428152427761,-1,-1,-1,-1,0,3,Movistar,false,false
1428152427761,-1,-1,-1,-1,0,3,Movistar,false,false
1428152434654,-1,-1,-1,-1,0,3,Movistar,true,false
1428152434654,-1,-1,-1,-1,0,3,Movistar,false,false
1428152434654,-1,-1,-1,-1,0,3,Movistar,false,false
1428152434654,-1,-1,-1,-1,0,3,Movistar,false,false
1428152434654,-1,-1,-1,-1,0,3,Movistar,false,false
1428152437094,-1,-1,-1,-1,0,3,Movistar,true,false
1428152437094,-1,-1,-1,-1,0,3,Movistar,false,false
1428152437094,-1,-1,-1,-1,0,3,Movistar,false,false
1428152437094,-1,-1,-1,-1,0,3,Movistar,false,false
1428152437094,-1,-1,-1,-1,0,3,Movistar,false,false
1428152446403,-1,-1,-1,-1,0,3,Movistar,true,false
1428152446403,-1,-1,-1,-1,0,3,Movistar,false,false
1428152446403,-1,-1,-1,-1,0,3,Movistar,false,false
1428152446403,-1,-1,-1,-1,0,3,Movistar,false,false
1428152446403,-1,-1,-1,-1,0,3,Movistar,false,false
1428152450253,-1,-1,-1,-1,0,3,Movistar,true,false
1428152450253,-1,-1,-1,-1,0,3,Movistar,false,false
1428152450253,-1,-1,-1,-1,0,3,Movistar,false,false
1428152450253,-1,-1,-1,-1,0,3,Movistar,false,false
1428152450253,-1,-1,-1,-1,0,3,Movistar,false,false
1428152450866,-1,-1,-1,-1,0,3,Movistar,true,false
1428152450866,-1,-1,-1,-1,0,3,Movistar,false,false
1428152450866,-1,-1,-1,-1,0,3,Movistar,false,false
1428152450866,-1,-1,-1,-1,0,3,Movistar,false,false
1428152450866,-1,-1,-1,-1,0,3,Movistar,false,false
1428152482420,-1,-1,-1,-1,0,3,Movistar,true,false
1428152482420,-1,-1,-1,-1,0,3,Movistar,false,false
1428152482420,-1,-1,-1,-1,0,3,Movistar,false,false
1428152482420,-1,-1,-1,-1,0,3,Movistar,false,false
1428152482420,-1,-1,-1,-1,0,3,Movistar,false,false
1428152484502,-1,-1,-1,-1,0,3,Movistar,true,false
1428152484502,-1,-1,-1,-1,0,3,Movistar,false,false
1428152484502,-1,-1,-1,-1,0,3,Movistar,false,false
1428152484502,-1,-1,-1,-1,0,3,Movistar,false,false
1428152484502,-1,-1,-1,-1,0,3,Movistar,false,false
1428152543413,-1,-1,-1,-1,0,3,Movistar,true,false
1428152543413,-1,-1,-1,-1,0,3,Movistar,false,false
1428152543413,-1,-1,-1,-1,0,3,Movistar,false,false
1428152543413,-1,-1,-1,-1,0,3,Movistar,false,false
1428152543413,-1,-1,-1,-1,0,3,Movistar,false,false
1428152544080,-1,-1,-1,-1,0,3,Movistar,true,false
1428152544080,-1,-1,-1,-1,0,3,Movistar,false,false
1428152544080,-1,-1,-1,-1,0,3,Movistar,false,false
1428152544080,-1,-1,-1,-1,0,3,Movistar,false,false
1428152544080,-1,-1,-1,-1,0,3,Movistar,false,false
1428152546414,-1,-1,-1,-1,0,3,Movistar,true,false
1428152546414,-1,-1,-1,-1,0,3,Movistar,false,false
1428152546414,-1,-1,-1,-1,0,3,Movistar,false,false
1428152546414,-1,-1,-1,-1,0,3,Movistar,false,false
1428152546414,-1,-1,-1,-1,0,3,Movistar,false,false
1428152582293,-1,-1,-1,-1,0,3,Movistar,true,false
1428152582293,-1,-1,-1,-1,0,3,Movistar,false,false
1428152582293,-1,-1,-1,-1,0,3,Movistar,false,false
1428152582293,-1,-1,-1,-1,0,3,Movistar,false,false
1428152582293,-1,-1,-1,-1,0,3,Movistar,false,false
1428152584072,-1,-1,-1,-1,0,3,Movistar,true,false
1428152584072,-1,-1,-1,-1,0,3,Movistar,false,false
1428152584072,-1,-1,-1,-1,0,3,Movistar,false,false
1428152584072,-1,-1,-1,-1,0,3,Movistar,false,false
1428152584072,-1,-1,-1,-1,0,3,Movistar,false,false
1428152584516,-1,-1,-1,-1,0,3,Movistar,true,false
1428152584516,-1,-1,-1,-1,0,3,Movistar,false,false
1428152584516,-1,-1,-1,-1,0,3,Movistar,false,false
1428152584516,-1,-1,-1,-1,0,3,Movistar,false,false
1428152584516,-1,-1,-1,-1,0,3,Movistar,false,false
1428152584940,-1,-1,-1,-1,0,3,Movistar,true,false
1428152584940,-1,-1,-1,-1,0,3,Movistar,false,false
1428152584940,-1,-1,-1,-1,0,3,Movistar,false,false
1428152584940,-1,-1,-1,-1,0,3,Movistar,false,false
1428152584940,-1,-1,-1,-1,0,3,Movistar,false,false
1428152620482,-1,-1,-1,-1,0,3,Movistar,true,false
1428152620482,-1,-1,-1,-1,0,3,Movistar,false,false
1428152620482,-1,-1,-1,-1,0,3,Movistar,false,false
1428152620482,-1,-1,-1,-1,0,3,Movistar,false,false
1428152620482,-1,-1,-1,-1,0,3,Movistar,false,false
1428152620482,-1,-1,-1,-1,0,3,Movistar,false,false
1428152624698,-1,-1,-1,-1,0,3,Movistar,true,false
1428152624698,-1,-1,-1,-1,0,3,Movistar,false,false
1428152624698,-1,-1,-1,-1,0,3,Movistar,false,false
1428152624698,-1,-1,-1,-1,0,3,Movistar,false,false
1428152624698,-1,-1,-1,-1,0,3,Movistar,false,false
1428152624698,-1,-1,-1,-1,0,3,Movistar,false,false
1428152624698,-1,-1,-1,-1,0,3,Movistar,false,false
1428152684763,-1,-1,-1,-1,0,3,Movistar,true,false
1428152684763,-1,-1,-1,-1,0,3,Movistar,false,false
1428152684763,-1,-1,-1,-1,0,3,Movistar,false,false
1428152684763,-1,-1,-1,-1,0,3,Movistar,false,false
1428152684763,-1,-1,-1,-1,0,3,Movistar,false,false
1428152684763,-1,-1,-1,-1,0,3,Movistar,false,false
1428152744891,-1,-1,-1,-1,0,3,Movistar,true,false
1428152744891,-1,-1,-1,-1,0,3,Movistar,false,false
1428152744891,-1,-1,-1,-1,0,3,Movistar,false,false
1428152744891,-1,-1,-1,-1,0,3,Movistar,false,false
1428152744891,-1,-1,-1,-1,0,3,Movistar,false,false
1428152744891,-1,-1,-1,-1,0,3,Movistar,false,false
1428152804951,-1,-1,-1,-1,0,3,Movistar,true,false
1428152804951,-1,-1,-1,-1,0,3,Movistar,false,false
1428152804951,-1,-1,-1,-1,0,3,Movistar,false,false
1428152804951,-1,-1,-1,-1,0,3,Movistar,false,false
1428152804951,-1,-1,-1,-1,0,3,Movistar,false,false
1428152804951,-1,-1,-1,-1,0,3,Movistar,false,false
1428152865042,-1,-1,-1,-1,0,3,Movistar,true,false
1428152865042,-1,-1,-1,-1,0,3,Movistar,false,false
1428152865042,-1,-1,-1,-1,0,3,Movistar,false,false
1428152865042,-1,-1,-1,-1,0,3,Movistar,false,false
1428152865042,-1,-1,-1,-1,0,3,Movistar,false,false
1428152865042,-1,-1,-1,-1,0,3,Movistar,false,false
1428152925104,-1,-1,-1,-1,0,3,Movistar,true,false
1428152925104,-1,-1,-1,-1,0,3,Movistar,false,false
1428152925104,-1,-1,-1,-1,0,3,Movistar,false,false
1428152925104,-1,-1,-1,-1,0,3,Movistar,false,false
1428152925104,-1,-1,-1,-1,0,3,Movistar,false,false
1428152925104,-1,-1,-1,-1,0,3,Movistar,false,false
1428152992169,-1,-1,-1,-1,0,3,Movistar,true,false
1428152992169,-1,-1,-1,-1,0,3,Movistar,false,false
1428152992169,-1,-1,-1,-1,0,3,Movistar,false,false
1428152992169,-1,-1,-1,-1,0,3,Movistar,false,false
1428152992169,-1,-1,-1,-1,0,3,Movistar,false,false
1428153052231,-1,-1,-1,-1,0,3,Movistar,true,false
1428153052231,-1,-1,-1,-1,0,3,Movistar,false,false
1428153052231,-1,-1,-1,-1,0,3,Movistar,false,false
1428153052231,-1,-1,-1,-1,0,3,Movistar,false,false
1428153052231,-1,-1,-1,-1,0,3,Movistar,false,false
1428153054163,-1,-1,-1,-1,0,3,Movistar,true,false
1428153054163,-1,-1,-1,-1,0,3,Movistar,false,false
1428153054163,-1,-1,-1,-1,0,3,Movistar,false,false
1428153054163,-1,-1,-1,-1,0,3,Movistar,false,false
1428153054163,-1,-1,-1,-1,0,3,Movistar,false,false
1428153056308,-1,-1,-1,-1,0,3,Movistar,true,false
1428153056308,-1,-1,-1,-1,0,3,Movistar,false,false
1428153056308,-1,-1,-1,-1,0,3,Movistar,false,false
1428153056308,-1,-1,-1,-1,0,3,Movistar,false,false
1428153056308,-1,-1,-1,-1,0,3,Movistar,false,false
1428153056308,2147483647,2147483647,2147483647,2147483647,-91,3,Movistar,false,false
1428153056308,2147483647,2147483647,2147483647,2147483647,-95,3,Movistar,false,false
1428153056308,2147483647,2147483647,2147483647,2147483647,-101,3,Movistar,false,false
1428153056308,2147483647,2147483647,2147483647,2147483647,-101,3,Movistar,false,false
1428153056308,2147483647,2147483647,2147483647,2147483647,-109,3,Movistar,false,false
1428153056308,2147483647,2147483647,2147483647,2147483647,-109,3,Movistar,false,false
1428153056308,2147483647,2147483647,2147483647,2147483647,-109,3,Movistar,false,false
1428153056308,2147483647,2147483647,2147483647,2147483647,-109,3,Movistar,false,false
1428153057039,-1,-1,-1,-1,0,3,Movistar,true,false
1428153057039,-1,-1,-1,-1,0,3,Movistar,false,false
1428153057039,-1,-1,-1,-1,0,3,Movistar,false,false
1428153057039,-1,-1,-1,-1,0,3,Movistar,false,false
1428153057039,-1,-1,-1,-1,0,3,Movistar,false,false
1428153057039,2147483647,2147483647,2147483647,2147483647,-91,3,Movistar,false,false
1428153057039,2147483647,2147483647,2147483647,2147483647,-95,3,Movistar,false,false
1428153057039,2147483647,2147483647,2147483647,2147483647,-101,3,Movistar,false,false
1428153057039,2147483647,2147483647,2147483647,2147483647,-101,3,Movistar,false,false
1428153057039,2147483647,2147483647,2147483647,2147483647,-109,3,Movistar,false,false
1428153057039,2147483647,2147483647,2147483647,2147483647,-109,3,Movistar,false,false
1428153057039,2147483647,2147483647,2147483647,2147483647,-109,3,Movistar,false,false
1428153057039,2147483647,2147483647,2147483647,2147483647,-109,3,Movistar,false,false
1428153090757,-1,-1,-1,-1,0,3,Movistar,true,false
1428153090757,-1,-1,-1,-1,0,3,Movistar,false,false
1428153090757,-1,-1,-1,-1,0,3,Movistar,false,false
1428153090757,-1,-1,-1,-1,0,3,Movistar,false,false
1428153090757,-1,-1,-1,-1,0,3,Movistar,false,false
1428153090757,-1,-1,-1,-1,0,3,Movistar,false,false
1428153091502,-1,-1,-1,-1,0,3,Movistar,true,false
1428153091502,-1,-1,-1,-1,0,3,Movistar,false,false
1428153091502,-1,-1,-1,-1,0,3,Movistar,false,false
1428153091502,-1,-1,-1,-1,0,3,Movistar,false,false
1428153091502,-1,-1,-1,-1,0,3,Movistar,false,false
1428153091502,-1,-1,-1,-1,0,3,Movistar,false,false
1428153091643,-1,-1,-1,-1,0,3,Movistar,true,false
1428153091643,-1,-1,-1,-1,0,3,Movistar,false,false
1428153091643,-1,-1,-1,-1,0,3,Movistar,false,false
1428153091643,-1,-1,-1,-1,0,3,Movistar,false,false
1428153091643,-1,-1,-1,-1,0,3,Movistar,false,false
1428153091643,-1,-1,-1,-1,0,3,Movistar,false,false
1428153116094,-1,-1,-1,-1,0,3,Movistar,true,false
1428153116094,-1,-1,-1,-1,0,3,Movistar,false,false
1428153116094,-1,-1,-1,-1,0,3,Movistar,false,false
1428153116094,-1,-1,-1,-1,0,3,Movistar,false,false
1428153116094,-1,-1,-1,-1,0,3,Movistar,false,false
1428153116094,-1,-1,-1,-1,0,3,Movistar,false,false
1428153117480,-1,-1,-1,-1,0,3,Movistar,true,false
1428153117480,-1,-1,-1,-1,0,3,Movistar,false,false
1428153117480,-1,-1,-1,-1,0,3,Movistar,false,false
1428153117480,-1,-1,-1,-1,0,3,Movistar,false,false
1428153117480,-1,-1,-1,-1,0,3,Movistar,false,false
1428153117480,-1,-1,-1,-1,0,3,Movistar,false,false
1428153158383,-1,-1,-1,-1,0,3,Movistar,true,false
1428153158383,-1,-1,-1,-1,0,3,Movistar,false,false
1428153158383,-1,-1,-1,-1,0,3,Movistar,false,false
1428153158383,-1,-1,-1,-1,0,3,Movistar,false,false
1428153158383,-1,-1,-1,-1,0,3,Movistar,false,false
1428153158383,-1,-1,-1,-1,0,3,Movistar,false,false
1428153158973,-1,-1,-1,-1,0,3,Movistar,true,false
1428153158973,-1,-1,-1,-1,0,3,Movistar,false,false
1428153158973,-1,-1,-1,-1,0,3,Movistar,false,false
1428153158973,-1,-1,-1,-1,0,3,Movistar,false,false
1428153158973,-1,-1,-1,-1,0,3,Movistar,false,false
1428153158973,-1,-1,-1,-1,0,3,Movistar,false,false
1428153159402,-1,-1,-1,-1,0,3,Movistar,true,false
1428153159402,-1,-1,-1,-1,0,3,Movistar,false,false
1428153159402,-1,-1,-1,-1,0,3,Movistar,false,false
1428153159402,-1,-1,-1,-1,0,3,Movistar,false,false
1428153159402,-1,-1,-1,-1,0,3,Movistar,false,false
1428153159402,-1,-1,-1,-1,0,3,Movistar,false,false
1428153219637,-1,-1,-1,-1,0,3,Movistar,true,false
1428153219637,-1,-1,-1,-1,0,3,Movistar,false,false
1428153219637,-1,-1,-1,-1,0,3,Movistar,false,false
1428153219637,-1,-1,-1,-1,0,3,Movistar,false,false
1428153219637,-1,-1,-1,-1,0,3,Movistar,false,false
1428153219637,-1,-1,-1,-1,0,3,Movistar,false,false
1428153280756,-1,-1,-1,-1,0,3,Movistar,true,false
1428153280756,-1,-1,-1,-1,0,3,Movistar,false,false
1428153280756,-1,-1,-1,-1,0,3,Movistar,false,false
1428153280756,-1,-1,-1,-1,0,3,Movistar,false,false
1428153280756,-1,-1,-1,-1,0,3,Movistar,false,false
1428153280756,-1,-1,-1,-1,0,3,Movistar,false,false
1428153280756,-1,-1,-1,-1,0,3,Movistar,false,false
1428153280756,2147483647,2147483647,2147483647,2147483647,-83,3,Movistar,false,false
1428153280756,2147483647,2147483647,2147483647,2147483647,-95,3,Movistar,false,false
1428153280756,2147483647,2147483647,2147483647,2147483647,-97,3,Movistar,false,false
1428153280756,2147483647,2147483647,2147483647,2147483647,-97,3,Movistar,false,false
1428153280756,2147483647,2147483647,2147483647,2147483647,-105,3,Movistar,false,false
1428153280756,2147483647,2147483647,2147483647,2147483647,-107,3,Movistar,false,false
1428153280756,2147483647,2147483647,2147483647,2147483647,-109,3,Movistar,false,false
1428153280756,2147483647,2147483647,2147483647,2147483647,-111,3,Movistar,false,false
1428153340738,-1,-1,-1,-1,0,3,Movistar,true,false
1428153340738,-1,-1,-1,-1,0,3,Movistar,false,false
1428153340738,-1,-1,-1,-1,0,3,Movistar,false,false
1428153340738,-1,-1,-1,-1,0,3,Movistar,false,false
1428153340738,-1,-1,-1,-1,0,3,Movistar,false,false
1428153340738,-1,-1,-1,-1,0,3,Movistar,false,false
1428153340738,-1,-1,-1,-1,0,3,Movistar,false,false
1428153340738,2147483647,2147483647,2147483647,2147483647,-83,3,Movistar,false,false
1428153340738,2147483647,2147483647,2147483647,2147483647,-85,3,Movistar,false,false
1428153340738,2147483647,2147483647,2147483647,2147483647,-95,3,Movistar,false,false
1428153340738,2147483647,2147483647,2147483647,2147483647,-97,3,Movistar,false,false
1428153340738,2147483647,2147483647,2147483647,2147483647,-103,3,Movistar,false,false
1428153340738,2147483647,2147483647,2147483647,2147483647,-107,3,Movistar,false,false
1428153340738,2147483647,2147483647,2147483647,2147483647,-109,3,Movistar,false,false
1428153340738,2147483647,2147483647,2147483647,2147483647,-111,3,Movistar,false,false
1428153400828,-1,-1,-1,-1,0,3,Movistar,true,false
1428153400828,-1,-1,-1,-1,0,3,Movistar,false,false
1428153400828,-1,-1,-1,-1,0,3,Movistar,false,false
1428153400828,-1,-1,-1,-1,0,3,Movistar,false,false
1428153400828,-1,-1,-1,-1,0,3,Movistar,false,false
1428153400828,-1,-1,-1,-1,0,3,Movistar,false,false
1428153400828,-1,-1,-1,-1,0,3,Movistar,false,false
1428153466776,20523018,8640,7,214,-105,13,Movistar,true,false
1428153466776,2147483647,2147483647,2147483647,2147483647,-113,13,Movistar,false,false
1428153466776,2147483647,2147483647,2147483647,2147483647,-113,13,Movistar,false,false
1428153466776,2147483647,2147483647,2147483647,2147483647,-113,13,Movistar,false,false
1428153466776,2147483647,2147483647,2147483647,2147483647,-113,13,Movistar,false,false
1428153466776,2147483647,2147483647,2147483647,2147483647,-113,13,Movistar,false,false
1428153466776,2147483647,2147483647,2147483647,2147483647,-113,13,Movistar,false,false
1428153466776,2147483647,2147483647,2147483647,2147483647,-113,13,Movistar,false,false
1428153466776,2147483647,2147483647,2147483647,2147483647,-113,13,Movistar,false,false
1428153466776,2147483647,2147483647,2147483647,2147483647,-113,13,Movistar,false,false
1428153466776,2147483647,2147483647,2147483647,2147483647,-113,13,Movistar,false,false
1428153466776,2147483647,2147483647,2147483647,2147483647,-113,13,Movistar,false,false
1428153466776,2147483647,2147483647,2147483647,2147483647,-113,13,Movistar,false,false
1428153466776,2147483647,2147483647,2147483647,2147483647,-113,13,Movistar,false,false
1428153466776,2147483647,2147483647,2147483647,2147483647,-113,13,Movistar,false,false
1428153466776,2147483647,2147483647,2147483647,2147483647,-113,13,Movistar,false,false
1428153527697,20523018,8640,7,214,-105,13,Movistar,true,false
1428153527697,2147483647,2147483647,2147483647,2147483647,-113,13,Movistar,false,false
1428153527697,2147483647,2147483647,2147483647,2147483647,-113,13,Movistar,false,false
1428153527697,2147483647,2147483647,2147483647,2147483647,-113,13,Movistar,false,false
1428153527697,2147483647,2147483647,2147483647,2147483647,-113,13,Movistar,false,false
1428153527697,2147483647,2147483647,2147483647,2147483647,-113,13,Movistar,false,false
1428153527697,2147483647,2147483647,2147483647,2147483647,-113,13,Movistar,false,false
1428153527697,2147483647,2147483647,2147483647,2147483647,-113,13,Movistar,false,false
1428153527697,2147483647,2147483647,2147483647,2147483647,-113,13,Movistar,false,false
1428153527697,2147483647,2147483647,2147483647,2147483647,-113,13,Movistar,false,false
1428153527697,2147483647,2147483647,2147483647,2147483647,-113,13,Movistar,false,false
1428153527697,2147483647,2147483647,2147483647,2147483647,-113,13,Movistar,false,false
1428153527697,2147483647,2147483647,2147483647,2147483647,-113,13,Movistar,false,false
1428153527697,2147483647,2147483647,2147483647,2147483647,-113,13,Movistar,false,false
1428153527697,2147483647,2147483647,2147483647,2147483647,-113,13,Movistar,false,false
1428153527697,2147483647,2147483647,2147483647,2147483647,-113,13,Movistar,false,false
1428153527697,-1,-1,-1,-1,0,13,Movistar,false,false
1428153527697,-1,-1,-1,-1,0,13,Movistar,false,false
1428153527697,-1,-1,-1,-1,0,13,Movistar,false,false
1428153527697,-1,-1,-1,-1,0,13,Movistar,false,false
1428153527697,-1,-1,-1,-1,0,13,Movistar,false,false
1428153527697,-1,-1,-1,-1,0,13,Movistar,false,false
1428153527697,-1,-1,-1,-1,0,13,Movistar,false,false
1428153527697,-1,-1,-1,-1,0,13,Movistar,false,false
1428153600777,20521492,8640,7,214,-115,13,Movistar,true,false
1428153600777,243,2147483647,2147483647,2147483647,-114,13,Movistar,false,false
1428153600777,2147483647,2147483647,2147483647,2147483647,-113,13,Movistar,false,false
1428153600777,2147483647,2147483647,2147483647,2147483647,-113,13,Movistar,false,false
1428153600777,2147483647,2147483647,2147483647,2147483647,-113,13,Movistar,false,false
1428153600777,2147483647,2147483647,2147483647,2147483647,-113,13,Movistar,false,false
1428153600777,2147483647,2147483647,2147483647,2147483647,-113,13,Movistar,false,false
1428153600777,2147483647,2147483647,2147483647,2147483647,-113,13,Movistar,false,false
1428153600777,2147483647,2147483647,2147483647,2147483647,-113,13,Movistar,false,false
1428153600777,2147483647,2147483647,2147483647,2147483647,-113,13,Movistar,false,false
1428153600777,2147483647,2147483647,2147483647,2147483647,-113,13,Movistar,false,false
1428153600777,2147483647,2147483647,2147483647,2147483647,-113,13,Movistar,false,false
1428153600777,2147483647,2147483647,2147483647,2147483647,-113,13,Movistar,false,false
1428153600777,2147483647,2147483647,2147483647,2147483647,-113,13,Movistar,false,false
1428153600777,2147483647,2147483647,2147483647,2147483647,-113,13,Movistar,false,false
1428153600777,2147483647,2147483647,2147483647,2147483647,-113,13,Movistar,false,false
1428153600777,2147483647,2147483647,2147483647,2147483647,-113,13,Movistar,false,false
1428153600777,-1,-1,-1,-1,0,13,Movistar,false,false
1428153600777,-1,-1,-1,-1,0,13,Movistar,false,false
1428153600777,-1,-1,-1,-1,0,13,Movistar,false,false
1428153600777,-1,-1,-1,-1,0,13,Movistar,false,false
1428153600777,-1,-1,-1,-1,0,13,Movistar,false,false
1428153600777,-1,-1,-1,-1,0,13,Movistar,false,false
1428153600777,-1,-1,-1,-1,0,13,Movistar,false,false
1428153600777,-1,-1,-1,-1,0,13,Movistar,false,false
1428153600777,-1,-1,-1,-1,0,13,Movistar,false,false
1428153600777,-1,-1,-1,-1,0,13,Movistar,false,false
1428153600777,-1,-1,-1,-1,0,13,Movistar,false,false
1428153600777,-1,-1,-1,-1,0,13,Movistar,false,false
1428153660861,20529684,8640,7,214,-115,13,Movistar,true,false
1428153660861,131,2147483647,2147483647,2147483647,-112,13,Movistar,false,false
1428153660861,2147483647,2147483647,2147483647,2147483647,-113,13,Movistar,false,false
1428153660861,2147483647,2147483647,2147483647,2147483647,-113,13,Movistar,false,false
1428153660861,2147483647,2147483647,2147483647,2147483647,-113,13,Movistar,false,false
1428153660861,2147483647,2147483647,2147483647,2147483647,-113,13,Movistar,false,false
1428153660861,2147483647,2147483647,2147483647,2147483647,-113,13,Movistar,false,false
1428153660861,2147483647,2147483647,2147483647,2147483647,-113,13,Movistar,false,false
1428153660861,2147483647,2147483647,2147483647,2147483647,-113,13,Movistar,false,false
1428153660861,2147483647,2147483647,2147483647,2147483647,-113,13,Movistar,false,false
1428153660861,2147483647,2147483647,2147483647,2147483647,-113,13,Movistar,false,false
1428153660861,2147483647,2147483647,2147483647,2147483647,-113,13,Movistar,false,false
1428153660861,2147483647,2147483647,2147483647,2147483647,-113,13,Movistar,false,false
1428153660861,2147483647,2147483647,2147483647,2147483647,-113,13,Movistar,false,false
1428153660861,2147483647,2147483647,2147483647,2147483647,-113,13,Movistar,false,false
1428153660861,2147483647,2147483647,2147483647,2147483647,-113,13,Movistar,false,false
1428153660861,2147483647,2147483647,2147483647,2147483647,-113,13,Movistar,false,false
1428153660861,-1,-1,-1,-1,0,13,Movistar,false,false
1428153660861,-1,-1,-1,-1,0,13,Movistar,false,false
1428153660861,-1,-1,-1,-1,0,13,Movistar,false,false
1428153660861,-1,-1,-1,-1,0,13,Movistar,false,false
1428153660861,-1,-1,-1,-1,0,13,Movistar,false,false
1428153660861,-1,-1,-1,-1,0,13,Movistar,false,false
1428153660861,-1,-1,-1,-1,0,13,Movistar,false,false
1428153660861,-1,-1,-1,-1,0,13,Movistar,false,false
1428153660861,-1,-1,-1,-1,0,13,Movistar,false,false
1428153660861,-1,-1,-1,-1,0,13,Movistar,false,false
1428153660861,-1,-1,-1,-1,0,13,Movistar,false,false
1428153660861,-1,-1,-1,-1,0,13,Movistar,false,false
1428153660861,-1,-1,-1,-1,0,13,Movistar,false,false
1428153660861,-1,-1,-1,-1,0,13,Movistar,false,false
1428153660861,-1,-1,-1,-1,0,13,Movistar,false,false
1428153721016,20523018,8640,7,214,-72,13,Movistar,true,false
1428153721016,0,2147483647,2147483647,2147483647,-90,13,Movistar,false,false
1428153721016,230,2147483647,2147483647,2147483647,-92,13,Movistar,false,false
1428153721016,289,2147483647,2147483647,2147483647,-95,13,Movistar,false,false
1428153721016,2147483647,2147483647,2147483647,2147483647,-113,13,Movistar,false,false
1428153721016,2147483647,2147483647,2147483647,2147483647,-113,13,Movistar,false,false
1428153721016,2147483647,2147483647,2147483647,2147483647,-113,13,Movistar,false,false
1428153721016,2147483647,2147483647,2147483647,2147483647,-113,13,Movistar,false,false
1428153721016,2147483647,2147483647,2147483647,2147483647,-113,13,Movistar,false,false
1428153721016,2147483647,2147483647,2147483647,2147483647,-113,13,Movistar,false,false
1428153721016,2147483647,2147483647,2147483647,2147483647,-113,13,Movistar,false,false
1428153721016,2147483647,2147483647,2147483647,2147483647,-113,13,Movistar,false,false
1428153721016,2147483647,2147483647,2147483647,2147483647,-113,13,Movistar,false,false
1428153721016,2147483647,2147483647,2147483647,2147483647,-113,13,Movistar,false,false
1428153721016,2147483647,2147483647,2147483647,2147483647,-113,13,Movistar,false,false
1428153721016,2147483647,2147483647,2147483647,2147483647,-113,13,Movistar,false,false
1428153721016,2147483647,2147483647,2147483647,2147483647,-113,13,Movistar,false,false
1428153721016,2147483647,2147483647,2147483647,2147483647,-113,13,Movistar,false,false
1428153721016,2147483647,2147483647,2147483647,2147483647,-113,13,Movistar,false,false
1428153721016,-1,-1,-1,-1,0,13,Movistar,false,false
1428153721016,-1,-1,-1,-1,0,13,Movistar,false,false
1428153721016,-1,-1,-1,-1,0,13,Movistar,false,false
1428153721016,-1,-1,-1,-1,0,13,Movistar,false,false
1428153721016,-1,-1,-1,-1,0,13,Movistar,false,false
1428153721016,-1,-1,-1,-1,0,13,Movistar,false,false
1428153721016,-1,-1,-1,-1,0,13,Movistar,false,false
1428153721016,-1,-1,-1,-1,0,13,Movistar,false,false
1428153721016,-1,-1,-1,-1,0,13,Movistar,false,false
1428153721016,-1,-1,-1,-1,0,13,Movistar,false,false
1428153721016,-1,-1,-1,-1,0,13,Movistar,false,false
1428153781829,20523018,8640,7,214,-75,13,Movistar,true,false
1428153781829,251,2147483647,2147483647,2147483647,-94,13,Movistar,false,false
1428153781829,2147483647,2147483647,2147483647,2147483647,-113,13,Movistar,false,false
1428153781829,2147483647,2147483647,2147483647,2147483647,-113,13,Movistar,false,false
1428153781829,2147483647,2147483647,2147483647,2147483647,-113,13,Movistar,false,false
1428153781829,2147483647,2147483647,2147483647,2147483647,-113,13,Movistar,false,false
1428153781829,2147483647,2147483647,2147483647,2147483647,-113,13,Movistar,false,false
1428153781829,2147483647,2147483647,2147483647,2147483647,-113,13,Movistar,false,false
1428153781829,2147483647,2147483647,2147483647,2147483647,-113,13,Movistar,false,false
1428153781829,2147483647,2147483647,2147483647,2147483647,-113,13,Movistar,false,false
1428153781829,2147483647,2147483647,2147483647,2147483647,-113,13,Movistar,false,false
1428153781829,2147483647,2147483647,2147483647,2147483647,-113,13,Movistar,false,false
1428153781829,2147483647,2147483647,2147483647,2147483647,-113,13,Movistar,false,false
1428153781829,2147483647,2147483647,2147483647,2147483647,-113,13,Movistar,false,false
1428153781829,2147483647,2147483647,2147483647,2147483647,-113,13,Movistar,false,false
1428153781829,2147483647,2147483647,2147483647,2147483647,-113,13,Movistar,false,false
1428153781829,2147483647,2147483647,2147483647,2147483647,-113,13,Movistar,false,false
1428153781829,-1,-1,-1,-1,0,13,Movistar,false,false
1428153781829,-1,-1,-1,-1,0,13,Movistar,false,false
1428153781829,-1,-1,-1,-1,0,13,Movistar,false,false
1428153781829,-1,-1,-1,-1,0,13,Movistar,false,false
1428153781829,-1,-1,-1,-1,0,13,Movistar,false,false
1428153781829,-1,-1,-1,-1,0,13,Movistar,false,false
1428153781829,-1,-1,-1,-1,0,13,Movistar,false,false
1428153781829,-1,-1,-1,-1,0,13,Movistar,false,false
1428153781829,-1,-1,-1,-1,0,13,Movistar,false,false
1428153781829,-1,-1,-1,-1,0,13,Movistar,false,false
1428153781829,-1,-1,-1,-1,0,13,Movistar,false,false
1428153842919,20523018,8640,7,214,-112,13,Movistar,true,false
1428153842919,251,2147483647,2147483647,2147483647,-128,13,Movistar,false,false
1428153842919,2147483647,2147483647,2147483647,2147483647,-113,13,Movistar,false,false
1428153842919,2147483647,2147483647,2147483647,2147483647,-113,13,Movistar,false,false
1428153842919,2147483647,2147483647,2147483647,2147483647,-113,13,Movistar,false,false
1428153842919,2147483647,2147483647,2147483647,2147483647,-113,13,Movistar,false,false
1428153842919,2147483647,2147483647,2147483647,2147483647,-113,13,Movistar,false,false
1428153842919,2147483647,2147483647,2147483647,2147483647,-113,13,Movistar,false,false
1428153842919,2147483647,2147483647,2147483647,2147483647,-113,13,Movistar,false,false
1428153842919,2147483647,2147483647,2147483647,2147483647,-113,13,Movistar,false,false
1428153842919,2147483647,2147483647,2147483647,2147483647,-113,13,Movistar,false,false
1428153842919,2147483647,2147483647,2147483647,2147483647,-113,13,Movistar,false,false
1428153842919,2147483647,2147483647,2147483647,2147483647,-113,13,Movistar,false,false
1428153842919,2147483647,2147483647,2147483647,2147483647,-113,13,Movistar,false,false
1428153842919,2147483647,2147483647,2147483647,2147483647,-113,13,Movistar,false,false
1428153842919,2147483647,2147483647,2147483647,2147483647,-113,13,Movistar,false,false
1428153842919,2147483647,2147483647,2147483647,2147483647,-113,13,Movistar,false,false
1428153842919,-1,-1,-1,-1,0,13,Movistar,false,false
1428153842919,-1,-1,-1,-1,0,13,Movistar,false,false
1428153842919,-1,-1,-1,-1,0,13,Movistar,false,false
1428153842919,-1,-1,-1,-1,0,13,Movistar,false,false
1428153842919,-1,-1,-1,-1,0,13,Movistar,false,false
1428153904822,-1,-1,-1,-1,0,3,Movistar,true,false
1428153985775,-1,-1,-1,-1,0,3,Movistar,true,false
1428153985775,-1,-1,-1,-1,0,3,Movistar,false,false
1428153985775,-1,-1,-1,-1,0,3,Movistar,false,false
1428153985775,2147483647,2147483647,2147483647,2147483647,-69,3,Movistar,false,false
1428153985775,2147483647,2147483647,2147483647,2147483647,-109,3,Movistar,false,false
1428153985775,2147483647,2147483647,2147483647,2147483647,-111,3,Movistar,false,false
1428153985775,2147483647,2147483647,2147483647,2147483647,-111,3,Movistar,false,false
1428153985775,2147483647,2147483647,2147483647,2147483647,-113,3,Movistar,false,false
1428153985775,2147483647,2147483647,2147483647,2147483647,-113,3,Movistar,false,false
1428153985775,2147483647,2147483647,2147483647,2147483647,-113,3,Movistar,false,false
1428153985775,2147483647,2147483647,2147483647,2147483647,-113,3,Movistar,false,false
1428154047255,-1,-1,-1,-1,0,3,Movistar,true,false
1428154047255,-1,-1,-1,-1,0,3,Movistar,false,false
1428154047255,-1,-1,-1,-1,0,3,Movistar,false,false
1428154047255,2147483647,2147483647,2147483647,2147483647,-95,3,Movistar,false,false
1428154047255,2147483647,2147483647,2147483647,2147483647,-103,3,Movistar,false,false
1428154047255,2147483647,2147483647,2147483647,2147483647,-107,3,Movistar,false,false
1428154047255,2147483647,2147483647,2147483647,2147483647,-107,3,Movistar,false,false
1428154047255,2147483647,2147483647,2147483647,2147483647,-111,3,Movistar,false,false
1428154047255,2147483647,2147483647,2147483647,2147483647,-113,3,Movistar,false,false
1428154047255,2147483647,2147483647,2147483647,2147483647,-113,3,Movistar,false,false
1428154047255,2147483647,2147483647,2147483647,2147483647,-113,3,Movistar,false,false
1428154109786,-1,-1,-1,-1,0,3,Movistar,true,false
1428154109786,-1,-1,-1,-1,0,3,Movistar,false,false
1428154109786,-1,-1,-1,-1,0,3,Movistar,false,false
1428154109786,2147483647,2147483647,2147483647,2147483647,-83,3,Movistar,false,false
1428154109786,2147483647,2147483647,2147483647,2147483647,-109,3,Movistar,false,false
1428154109786,2147483647,2147483647,2147483647,2147483647,-109,3,Movistar,false,false
1428154109786,2147483647,2147483647,2147483647,2147483647,-109,3,Movistar,false,false
1428154109786,2147483647,2147483647,2147483647,2147483647,-111,3,Movistar,false,false
1428154109786,2147483647,2147483647,2147483647,2147483647,-113,3,Movistar,false,false
1428154109786,2147483647,2147483647,2147483647,2147483647,-113,3,Movistar,false,false
1428154109786,2147483647,2147483647,2147483647,2147483647,-113,3,Movistar,false,false
1428154175847,-1,-1,-1,-1,0,3,Movistar,true,false
1428154175847,-1,-1,-1,-1,0,3,Movistar,false,false
1428154175847,-1,-1,-1,-1,0,3,Movistar,false,false
1428154175847,2147483647,2147483647,2147483647,2147483647,-83,3,Movistar,false,false
1428154175847,2147483647,2147483647,2147483647,2147483647,-109,3,Movistar,false,false
1428154175847,2147483647,2147483647,2147483647,2147483647,-109,3,Movistar,false,false
1428154175847,2147483647,2147483647,2147483647,2147483647,-111,3,Movistar,false,false
1428154175847,2147483647,2147483647,2147483647,2147483647,-111,3,Movistar,false,false
1428154175847,2147483647,2147483647,2147483647,2147483647,-111,3,Movistar,false,false
1428154175847,2147483647,2147483647,2147483647,2147483647,-113,3,Movistar,false,false
1428154175847,2147483647,2147483647,2147483647,2147483647,-113,3,Movistar,false,false
1428154237418,-1,-1,-1,-1,0,3,Movistar,true,false
1428154237418,-1,-1,-1,-1,0,3,Movistar,false,false
1428154237418,-1,-1,-1,-1,0,3,Movistar,false,false
1428154237418,2147483647,2147483647,2147483647,2147483647,-93,3,Movistar,false,false
1428154237418,2147483647,2147483647,2147483647,2147483647,-107,3,Movistar,false,false
1428154237418,2147483647,2147483647,2147483647,2147483647,-111,3,Movistar,false,false
1428154237418,2147483647,2147483647,2147483647,2147483647,-111,3,Movistar,false,false
1428154237418,2147483647,2147483647,2147483647,2147483647,-111,3,Movistar,false,false
1428154237418,2147483647,2147483647,2147483647,2147483647,-113,3,Movistar,false,false
1428154237418,2147483647,2147483647,2147483647,2147483647,-113,3,Movistar,false,false
1428154237418,2147483647,2147483647,2147483647,2147483647,-113,3,Movistar,false,false
1428154299816,-1,-1,-1,-1,0,3,Movistar,true,false
1428154299816,-1,-1,-1,-1,0,3,Movistar,false,false
1428154299816,-1,-1,-1,-1,0,3,Movistar,false,false
1428154299816,2147483647,2147483647,2147483647,2147483647,-97,3,Movistar,false,false
1428154299816,2147483647,2147483647,2147483647,2147483647,-105,3,Movistar,false,false
1428154299816,2147483647,2147483647,2147483647,2147483647,-111,3,Movistar,false,false
1428154299816,2147483647,2147483647,2147483647,2147483647,-111,3,Movistar,false,false
1428154299816,2147483647,2147483647,2147483647,2147483647,-111,3,Movistar,false,false
1428154299816,2147483647,2147483647,2147483647,2147483647,-113,3,Movistar,false,false
1428154299816,2147483647,2147483647,2147483647,2147483647,-113,3,Movistar,false,false
1428154299816,2147483647,2147483647,2147483647,2147483647,-113,3,Movistar,false,false
1428154361277,-1,-1,-1,-1,0,3,Movistar,true,false
1428154361277,-1,-1,-1,-1,0,3,Movistar,false,false
1428154361277,-1,-1,-1,-1,0,3,Movistar,false,false
1428154361277,2147483647,2147483647,2147483647,2147483647,-103,3,Movistar,false,false
1428154361277,2147483647,2147483647,2147483647,2147483647,-107,3,Movistar,false,false
1428154361277,2147483647,2147483647,2147483647,2147483647,-107,3,Movistar,false,false
1428154361277,2147483647,2147483647,2147483647,2147483647,-111,3,Movistar,false,false
1428154361277,2147483647,2147483647,2147483647,2147483647,-111,3,Movistar,false,false
1428154361277,2147483647,2147483647,2147483647,2147483647,-111,3,Movistar,false,false
1428154361277,2147483647,2147483647,2147483647,2147483647,-111,3,Movistar,false,false
1428154361277,2147483647,2147483647,2147483647,2147483647,-113,3,Movistar,false,false
1428154422818,-1,-1,-1,-1,0,3,Movistar,true,false
1428154422818,-1,-1,-1,-1,0,3,Movistar,false,false
1428154422818,-1,-1,-1,-1,0,3,Movistar,false,false
1428154422818,2147483647,2147483647,2147483647,2147483647,-93,3,Movistar,false,false
1428154422818,2147483647,2147483647,2147483647,2147483647,-109,3,Movistar,false,false
1428154422818,2147483647,2147483647,2147483647,2147483647,-111,3,Movistar,false,false
1428154422818,2147483647,2147483647,2147483647,2147483647,-111,3,Movistar,false,false
1428154422818,2147483647,2147483647,2147483647,2147483647,-111,3,Movistar,false,false
1428154422818,2147483647,2147483647,2147483647,2147483647,-113,3,Movistar,false,false
1428154422818,2147483647,2147483647,2147483647,2147483647,-113,3,Movistar,false,false
1428154422818,2147483647,2147483647,2147483647,2147483647,-113,3,Movistar,false,false
1428154484788,-1,-1,-1,-1,0,3,Movistar,true,false
1428154484788,-1,-1,-1,-1,0,3,Movistar,false,false
1428154484788,-1,-1,-1,-1,0,3,Movistar,false,false
1428154484788,-1,-1,-1,-1,0,3,Movistar,false,false
1428154484788,2147483647,2147483647,2147483647,2147483647,-85,3,Movistar,false,false
1428154484788,2147483647,2147483647,2147483647,2147483647,-107,3,Movistar,false,false
1428154484788,2147483647,2147483647,2147483647,2147483647,-111,3,Movistar,false,false
1428154484788,2147483647,2147483647,2147483647,2147483647,-111,3,Movistar,false,false
1428154484788,2147483647,2147483647,2147483647,2147483647,-111,3,Movistar,false,false
1428154484788,2147483647,2147483647,2147483647,2147483647,-113,3,Movistar,false,false
1428154484788,2147483647,2147483647,2147483647,2147483647,-113,3,Movistar,false,false
1428154484788,2147483647,2147483647,2147483647,2147483647,-113,3,Movistar,false,false
1428154545769,-1,-1,-1,-1,0,3,Movistar,true,false
1428154545769,-1,-1,-1,-1,0,3,Movistar,false,false
1428154545769,-1,-1,-1,-1,0,3,Movistar,false,false
1428154545769,-1,-1,-1,-1,0,3,Movistar,false,false
1428154545769,2147483647,2147483647,2147483647,2147483647,-97,3,Movistar,false,false
1428154545769,2147483647,2147483647,2147483647,2147483647,-111,3,Movistar,false,false
1428154545769,2147483647,2147483647,2147483647,2147483647,-111,3,Movistar,false,false
1428154545769,2147483647,2147483647,2147483647,2147483647,-113,3,Movistar,false,false
1428154545769,2147483647,2147483647,2147483647,2147483647,-113,3,Movistar,false,false
1428154545769,2147483647,2147483647,2147483647,2147483647,-113,3,Movistar,false,false
1428154545769,2147483647,2147483647,2147483647,2147483647,-113,3,Movistar,false,false
1428154545769,2147483647,2147483647,2147483647,2147483647,-113,3,Movistar,false,false
1428154606191,-1,-1,-1,-1,0,3,Movistar,true,false
1428154667743,20523018,8640,7,214,-81,13,Movistar,true,false
1428154667743,0,2147483647,2147483647,2147483647,-93,13,Movistar,false,false
1428154667743,251,2147483647,2147483647,2147483647,-94,13,Movistar,false,false
1428154667743,230,2147483647,2147483647,2147483647,-97,13,Movistar,false,false
1428154667743,227,2147483647,2147483647,2147483647,-94,13,Movistar,false,false
1428154667743,235,2147483647,2147483647,2147483647,-95,13,Movistar,false,false
1428154667743,2147483647,2147483647,2147483647,2147483647,-113,13,Movistar,false,false
1428154667743,2147483647,2147483647,2147483647,2147483647,-113,13,Movistar,false,false
1428154667743,2147483647,2147483647,2147483647,2147483647,-113,13,Movistar,false,false
1428154667743,2147483647,2147483647,2147483647,2147483647,-113,13,Movistar,false,false
1428154667743,2147483647,2147483647,2147483647,2147483647,-113,13,Movistar,false,false
1428154667743,2147483647,2147483647,2147483647,2147483647,-113,13,Movistar,false,false
1428154667743,2147483647,2147483647,2147483647,2147483647,-113,13,Movistar,false,false
1428154667743,2147483647,2147483647,2147483647,2147483647,-113,13,Movistar,false,false
1428154667743,2147483647,2147483647,2147483647,2147483647,-113,13,Movistar,false,false
1428154667743,2147483647,2147483647,2147483647,2147483647,-113,13,Movistar,false,false
1428154667743,2147483647,2147483647,2147483647,2147483647,-113,13,Movistar,false,false
1428154667743,2147483647,2147483647,2147483647,2147483647,-113,13,Movistar,false,false
1428154667743,2147483647,2147483647,2147483647,2147483647,-113,13,Movistar,false,false
1428154667743,2147483647,2147483647,2147483647,2147483647,-113,13,Movistar,false,false
1428154667743,2147483647,2147483647,2147483647,2147483647,-113,13,Movistar,false,false
1428154729799,20521492,8640,7,214,-104,13,Movistar,true,false
1428154729799,191,2147483647,2147483647,2147483647,-105,13,Movistar,false,false
1428154729799,182,2147483647,2147483647,2147483647,-104,13,Movistar,false,false
1428154729799,289,2147483647,2147483647,2147483647,-108,13,Movistar,false,false
1428154729799,243,2147483647,2147483647,2147483647,-96,13,Movistar,false,false
1428154729799,2147483647,2147483647,2147483647,2147483647,-113,13,Movistar,false,false
1428154729799,2147483647,2147483647,2147483647,2147483647,-113,13,Movistar,false,false
1428154729799,2147483647,2147483647,2147483647,2147483647,-113,13,Movistar,false,false
1428154729799,2147483647,2147483647,2147483647,2147483647,-113,13,Movistar,false,false
1428154729799,2147483647,2147483647,2147483647,2147483647,-113,13,Movistar,false,false
1428154729799,2147483647,2147483647,2147483647,2147483647,-113,13,Movistar,false,false
1428154729799,2147483647,2147483647,2147483647,2147483647,-113,13,Movistar,false,false
1428154729799,2147483647,2147483647,2147483647,2147483647,-113,13,Movistar,false,false
1428154729799,2147483647,2147483647,2147483647,2147483647,-113,13,Movistar,false,false
1428154729799,2147483647,2147483647,2147483647,2147483647,-113,13,Movistar,false,false
1428154729799,2147483647,2147483647,2147483647,2147483647,-113,13,Movistar,false,false
1428154729799,2147483647,2147483647,2147483647,2147483647,-113,13,Movistar,false,false
1428154729799,2147483647,2147483647,2147483647,2147483647,-113,13,Movistar,false,false
1428154729799,2147483647,2147483647,2147483647,2147483647,-113,13,Movistar,false,false
1428154729799,2147483647,2147483647,2147483647,2147483647,-113,13,Movistar,false,false
1428154791120,20581140,8640,7,214,-99,13,Movistar,true,false
1428154791120,243,2147483647,2147483647,2147483647,-94,13,Movistar,false,false
1428154791120,131,2147483647,2147483647,2147483647,-105,13,Movistar,false,false
1428154791120,251,2147483647,2147483647,2147483647,-106,13,Movistar,false,false
1428154791120,2147483647,2147483647,2147483647,2147483647,-113,13,Movistar,false,false
1428154791120,2147483647,2147483647,2147483647,2147483647,-113,13,Movistar,false,false
1428154791120,2147483647,2147483647,2147483647,2147483647,-113,13,Movistar,false,false
1428154791120,2147483647,2147483647,2147483647,2147483647,-113,13,Movistar,false,false
1428154791120,2147483647,2147483647,2147483647,2147483647,-113,13,Movistar,false,false
1428154791120,2147483647,2147483647,2147483647,2147483647,-113,13,Movistar,false,false
1428154791120,2147483647,2147483647,2147483647,2147483647,-113,13,Movistar,false,false
1428154791120,2147483647,2147483647,2147483647,2147483647,-113,13,Movistar,false,false
1428154791120,2147483647,2147483647,2147483647,2147483647,-113,13,Movistar,false,false
1428154791120,2147483647,2147483647,2147483647,2147483647,-113,13,Movistar,false,false
1428154791120,2147483647,2147483647,2147483647,2147483647,-113,13,Movistar,false,false
1428154791120,2147483647,2147483647,2147483647,2147483647,-113,13,Movistar,false,false
1428154791120,2147483647,2147483647,2147483647,2147483647,-113,13,Movistar,false,false
1428154791120,2147483647,2147483647,2147483647,2147483647,-113,13,Movistar,false,false
1428154791120,2147483647,2147483647,2147483647,2147483647,-113,13,Movistar,false,false
1428154852801,20581140,8640,7,214,-102,13,Movistar,true,false
1428154852801,341,2147483647,2147483647,2147483647,-101,13,Movistar,false,false
1428154852801,312,2147483647,2147483647,2147483647,-105,13,Movistar,false,false
1428154852801,126,2147483647,2147483647,2147483647,-108,13,Movistar,false,false
1428154852801,2147483647,2147483647,2147483647,2147483647,-113,13,Movistar,false,false
1428154852801,2147483647,2147483647,2147483647,2147483647,-113,13,Movistar,false,false
1428154852801,2147483647,2147483647,2147483647,2147483647,-113,13,Movistar,false,false
1428154852801,2147483647,2147483647,2147483647,2147483647,-113,13,Movistar,false,false
1428154852801,2147483647,2147483647,2147483647,2147483647,-113,13,Movistar,false,false
1428154852801,2147483647,2147483647,2147483647,2147483647,-113,13,Movistar,false,false
1428154852801,2147483647,2147483647,2147483647,2147483647,-113,13,Movistar,false,false
1428154852801,2147483647,2147483647,2147483647,2147483647,-113,13,Movistar,false,false
1428154852801,2147483647,2147483647,2147483647,2147483647,-113,13,Movistar,false,false
1428154852801,2147483647,2147483647,2147483647,2147483647,-113,13,Movistar,false,false
1428154852801,2147483647,2147483647,2147483647,2147483647,-113,13,Movistar,false,false
1428154852801,2147483647,2147483647,2147483647,2147483647,-113,13,Movistar,false,false
1428154852801,2147483647,2147483647,2147483647,2147483647,-113,13,Movistar,false,false
1428154852801,2147483647,2147483647,2147483647,2147483647,-113,13,Movistar,false,false
1428154852801,2147483647,2147483647,2147483647,2147483647,-113,13,Movistar,false,false
1428154914206,20525342,8640,7,214,-78,13,Movistar,true,false
1428154914206,396,2147483647,2147483647,2147483647,-100,13,Movistar,false,false
1428154914206,398,2147483647,2147483647,2147483647,-101,13,Movistar,false,false
1428154914206,2147483647,2147483647,2147483647,2147483647,-113,13,Movistar,false,false
1428154914206,2147483647,2147483647,2147483647,2147483647,-113,13,Movistar,false,false
1428154914206,2147483647,2147483647,2147483647,2147483647,-113,13,Movistar,false,false
1428154914206,2147483647,2147483647,2147483647,2147483647,-113,13,Movistar,false,false
1428154914206,2147483647,2147483647,2147483647,2147483647,-113,13,Movistar,false,false
1428154914206,2147483647,2147483647,2147483647,2147483647,-113,13,Movistar,false,false
1428154914206,2147483647,2147483647,2147483647,2147483647,-113,13,Movistar,false,false
1428154914206,2147483647,2147483647,2147483647,2147483647,-113,13,Movistar,false,false
1428154914206,2147483647,2147483647,2147483647,2147483647,-113,13,Movistar,false,false
1428154914206,2147483647,2147483647,2147483647,2147483647,-113,13,Movistar,false,false
1428154914206,2147483647,2147483647,2147483647,2147483647,-113,13,Movistar,false,false
1428154914206,2147483647,2147483647,2147483647,2147483647,-113,13,Movistar,false,false
1428154914206,2147483647,2147483647,2147483647,2147483647,-113,13,Movistar,false,false
1428154914206,2147483647,2147483647,2147483647,2147483647,-113,13,Movistar,false,false
1428154914206,2147483647,2147483647,2147483647,2147483647,-113,13,Movistar,false,false
1428154975618,20525342,8640,7,214,-88,13,Movistar,true,false
1428154975618,314,2147483647,2147483647,2147483647,-96,13,Movistar,false,false
1428154975618,2147483647,2147483647,2147483647,2147483647,-113,13,Movistar,false,false
1428154975618,2147483647,2147483647,2147483647,2147483647,-113,13,Movistar,false,false
1428154975618,2147483647,2147483647,2147483647,2147483647,-113,13,Movistar,false,false
1428154975618,2147483647,2147483647,2147483647,2147483647,-113,13,Movistar,false,false
1428154975618,2147483647,2147483647,2147483647,2147483647,-113,13,Movistar,false,false
1428154975618,2147483647,2147483647,2147483647,2147483647,-113,13,Movistar,false,false
1428154975618,2147483647,2147483647,2147483647,2147483647,-113,13,Movistar,false,false
1428154975618,2147483647,2147483647,2147483647,2147483647,-113,13,Movistar,false,false
1428154975618,2147483647,2147483647,2147483647,2147483647,-113,13,Movistar,false,false
1428154975618,2147483647,2147483647,2147483647,2147483647,-113,13,Movistar,false,false
1428154975618,2147483647,2147483647,2147483647,2147483647,-113,13,Movistar,false,false
1428154975618,2147483647,2147483647,2147483647,2147483647,-113,13,Movistar,false,false
1428154975618,2147483647,2147483647,2147483647,2147483647,-113,13,Movistar,false,false
1428154975618,2147483647,2147483647,2147483647,2147483647,-113,13,Movistar,false,false
1428154975618,2147483647,2147483647,2147483647,2147483647,-113,13,Movistar,false,false
1428155037050,20525342,8640,7,214,-84,13,Movistar,true,false
1428155037050,314,2147483647,2147483647,2147483647,-96,13,Movistar,false,false
1428155037050,312,2147483647,2147483647,2147483647,-110,13,Movistar,false,false
1428155037050,2147483647,2147483647,2147483647,2147483647,-113,13,Movistar,false,false
1428155037050,2147483647,2147483647,2147483647,2147483647,-113,13,Movistar,false,false
1428155037050,2147483647,2147483647,2147483647,2147483647,-113,13,Movistar,false,false
1428155037050,2147483647,2147483647,2147483647,2147483647,-113,13,Movistar,false,false
1428155037050,2147483647,2147483647,2147483647,2147483647,-113,13,Movistar,false,false
1428155037050,2147483647,2147483647,2147483647,2147483647,-113,13,Movistar,false,false
1428155037050,2147483647,2147483647,2147483647,2147483647,-113,13,Movistar,false,false
1428155037050,2147483647,2147483647,2147483647,2147483647,-113,13,Movistar,false,false
1428155037050,2147483647,2147483647,2147483647,2147483647,-113,13,Movistar,false,false
1428155037050,2147483647,2147483647,2147483647,2147483647,-113,13,Movistar,false,false
1428155037050,2147483647,2147483647,2147483647,2147483647,-113,13,Movistar,false,false
1428155037050,2147483647,2147483647,2147483647,2147483647,-113,13,Movistar,false,false
1428155037050,2147483647,2147483647,2147483647,2147483647,-113,13,Movistar,false,false
1428155037050,2147483647,2147483647,2147483647,2147483647,-113,13,Movistar,false,false
1428155037050,2147483647,2147483647,2147483647,2147483647,-113,13,Movistar,false,false
1428155098498,20525342,8640,7,214,-87,13,Movistar,true,false
1428155098498,314,2147483647,2147483647,2147483647,-98,13,Movistar,false,false
1428155098498,2147483647,2147483647,2147483647,2147483647,-113,13,Movistar,false,false
1428155098498,2147483647,2147483647,2147483647,2147483647,-113,13,Movistar,false,false
1428155098498,2147483647,2147483647,2147483647,2147483647,-113,13,Movistar,false,false
1428155098498,2147483647,2147483647,2147483647,2147483647,-113,13,Movistar,false,false
1428155098498,2147483647,2147483647,2147483647,2147483647,-113,13,Movistar,false,false
1428155098498,2147483647,2147483647,2147483647,2147483647,-113,13,Movistar,false,false
1428155098498,2147483647,2147483647,2147483647,2147483647,-113,13,Movistar,false,false
1428155098498,2147483647,2147483647,2147483647,2147483647,-113,13,Movistar,false,false
1428155098498,2147483647,2147483647,2147483647,2147483647,-113,13,Movistar,false,false
1428155098498,2147483647,2147483647,2147483647,2147483647,-113,13,Movistar,false,false
1428155098498,2147483647,2147483647,2147483647,2147483647,-113,13,Movistar,false,false
1428155098498,2147483647,2147483647,2147483647,2147483647,-113,13,Movistar,false,false
1428155098498,2147483647,2147483647,2147483647,2147483647,-113,13,Movistar,false,false
1428155098498,2147483647,2147483647,2147483647,2147483647,-113,13,Movistar,false,false
1428155098498,2147483647,2147483647,2147483647,2147483647,-113,13,Movistar,false,false
1428155158578,20525342,8640,7,214,-90,13,Movistar,true,false
1428155158578,314,2147483647,2147483647,2147483647,-96,13,Movistar,false,false
1428155158578,312,2147483647,2147483647,2147483647,-105,13,Movistar,false,false
1428155158578,2147483647,2147483647,2147483647,2147483647,-113,13,Movistar,false,false
1428155158578,2147483647,2147483647,2147483647,2147483647,-113,13,Movistar,false,false
1428155158578,2147483647,2147483647,2147483647,2147483647,-113,13,Movistar,false,false
1428155158578,2147483647,2147483647,2147483647,2147483647,-113,13,Movistar,false,false
1428155158578,2147483647,2147483647,2147483647,2147483647,-113,13,Movistar,false,false
1428155158578,2147483647,2147483647,2147483647,2147483647,-113,13,Movistar,false,false
1428155158578,2147483647,2147483647,2147483647,2147483647,-113,13,Movistar,false,false
1428155158578,2147483647,2147483647,2147483647,2147483647,-113,13,Movistar,false,false
1428155158578,2147483647,2147483647,2147483647,2147483647,-113,13,Movistar,false,false
1428155158578,2147483647,2147483647,2147483647,2147483647,-113,13,Movistar,false,false
1428155158578,2147483647,2147483647,2147483647,2147483647,-113,13,Movistar,false,false
1428155158578,2147483647,2147483647,2147483647,2147483647,-113,13,Movistar,false,false
1428155158578,2147483647,2147483647,2147483647,2147483647,-113,13,Movistar,false,false
1428155158578,2147483647,2147483647,2147483647,2147483647,-113,13,Movistar,false,false
1428155158578,2147483647,2147483647,2147483647,2147483647,-113,13,Movistar,false,false
1428155223747,20525342,8640,7,214,-89,13,Movistar,true,false
1428155223747,314,2147483647,2147483647,2147483647,-97,13,Movistar,false,false
1428155223747,312,2147483647,2147483647,2147483647,-111,13,Movistar,false,false
1428155223747,2147483647,2147483647,2147483647,2147483647,-113,13,Movistar,false,false
1428155223747,2147483647,2147483647,2147483647,2147483647,-113,13,Movistar,false,false
1428155223747,2147483647,2147483647,2147483647,2147483647,-113,13,Movistar,false,false
1428155223747,2147483647,2147483647,2147483647,2147483647,-113,13,Movistar,false,false
1428155223747,2147483647,2147483647,2147483647,2147483647,-113,13,Movistar,false,false
1428155223747,2147483647,2147483647,2147483647,2147483647,-113,13,Movistar,false,false
1428155223747,2147483647,2147483647,2147483647,2147483647,-113,13,Movistar,false,false
1428155223747,2147483647,2147483647,2147483647,2147483647,-113,13,Movistar,false,false
1428155223747,2147483647,2147483647,2147483647,2147483647,-113,13,Movistar,false,false
1428155223747,2147483647,2147483647,2147483647,2147483647,-113,13,Movistar,false,false
1428155223747,2147483647,2147483647,2147483647,2147483647,-113,13,Movistar,false,false
1428155223747,2147483647,2147483647,2147483647,2147483647,-113,13,Movistar,false,false
1428155223747,2147483647,2147483647,2147483647,2147483647,-113,13,Movistar,false,false
1428155223747,2147483647,2147483647,2147483647,2147483647,-113,13,Movistar,false,false
1428155223747,2147483647,2147483647,2147483647,2147483647,-113,13,Movistar,false,false
1428155286752,20525342,8640,7,214,-89,13,Movistar,true,false
1428155286752,314,2147483647,2147483647,2147483647,-96,13,Movistar,false,false
1428155286752,312,2147483647,2147483647,2147483647,-108,13,Movistar,false,false
1428155286752,2147483647,2147483647,2147483647,2147483647,-113,13,Movistar,false,false
1428155286752,2147483647,2147483647,2147483647,2147483647,-113,13,Movistar,false,false
1428155286752,2147483647,2147483647,2147483647,2147483647,-113,13,Movistar,false,false
1428155286752,2147483647,2147483647,2147483647,2147483647,-113,13,Movistar,false,false
1428155286752,2147483647,2147483647,2147483647,2147483647,-113,13,Movistar,false,false
1428155286752,2147483647,2147483647,2147483647,2147483647,-113,13,Movistar,false,false
1428155286752,2147483647,2147483647,2147483647,2147483647,-113,13,Movistar,false,false
1428155286752,2147483647,2147483647,2147483647,2147483647,-113,13,Movistar,false,false
1428155286752,2147483647,2147483647,2147483647,2147483647,-113,13,Movistar,false,false
1428155286752,2147483647,2147483647,2147483647,2147483647,-113,13,Movistar,false,false
1428155286752,2147483647,2147483647,2147483647,2147483647,-113,13,Movistar,false,false
1428155286752,2147483647,2147483647,2147483647,2147483647,-113,13,Movistar,false,false
1428155286752,2147483647,2147483647,2147483647,2147483647,-113,13,Movistar,false,false
1428155286752,2147483647,2147483647,2147483647,2147483647,-113,13,Movistar,false,false
1428155286752,2147483647,2147483647,2147483647,2147483647,-113,13,Movistar,false,false
1428155351805,20525342,8640,7,214,-74,13,Movistar,true,false
1428155351805,314,2147483647,2147483647,2147483647,-90,13,Movistar,false,false
1428155351805,2147483647,2147483647,2147483647,2147483647,-113,13,Movistar,false,false
1428155351805,2147483647,2147483647,2147483647,2147483647,-113,13,Movistar,false,false
1428155351805,2147483647,2147483647,2147483647,2147483647,-113,13,Movistar,false,false
1428155351805,2147483647,2147483647,2147483647,2147483647,-113,13,Movistar,false,false
1428155351805,2147483647,2147483647,2147483647,2147483647,-113,13,Movistar,false,false
1428155351805,2147483647,2147483647,2147483647,2147483647,-113,13,Movistar,false,false
1428155351805,2147483647,2147483647,2147483647,2147483647,-113,13,Movistar,false,false
1428155351805,2147483647,2147483647,2147483647,2147483647,-113,13,Movistar,false,false
1428155351805,2147483647,2147483647,2147483647,2147483647,-113,13,Movistar,false,false
1428155351805,2147483647,2147483647,2147483647,2147483647,-113,13,Movistar,false,false
1428155351805,2147483647,2147483647,2147483647,2147483647,-113,13,Movistar,false,false
1428155351805,2147483647,2147483647,2147483647,2147483647,-113,13,Movistar,false,false
1428155351805,2147483647,2147483647,2147483647,2147483647,-113,13,Movistar,false,false
1428155351805,2147483647,2147483647,2147483647,2147483647,-113,13,Movistar,false,false
1428155351805,2147483647,2147483647,2147483647,2147483647,-113,13,Movistar,false,false
1428155413000,20525342,8640,7,214,-81,13,Movistar,true,false
1428155413000,314,2147483647,2147483647,2147483647,-82,13,Movistar,false,false
1428155413000,312,2147483647,2147483647,2147483647,-92,13,Movistar,false,false
1428155413000,2147483647,2147483647,2147483647,2147483647,-113,13,Movistar,false,false
1428155413000,2147483647,2147483647,2147483647,2147483647,-113,13,Movistar,false,false
1428155413000,2147483647,2147483647,2147483647,2147483647,-113,13,Movistar,false,false
1428155413000,2147483647,2147483647,2147483647,2147483647,-113,13,Movistar,false,false
1428155413000,2147483647,2147483647,2147483647,2147483647,-113,13,Movistar,false,false
1428155413000,2147483647,2147483647,2147483647,2147483647,-113,13,Movistar,false,false
1428155413000,2147483647,2147483647,2147483647,2147483647,-113,13,Movistar,false,false
1428155413000,2147483647,2147483647,2147483647,2147483647,-113,13,Movistar,false,false
1428155413000,2147483647,2147483647,2147483647,2147483647,-113,13,Movistar,false,false
1428155413000,2147483647,2147483647,2147483647,2147483647,-113,13,Movistar,false,false
1428155413000,2147483647,2147483647,2147483647,2147483647,-113,13,Movistar,false,false
1428155413000,2147483647,2147483647,2147483647,2147483647,-113,13,Movistar,false,false
1428155413000,2147483647,2147483647,2147483647,2147483647,-113,13,Movistar,false,false
1428155413000,2147483647,2147483647,2147483647,2147483647,-113,13,Movistar,false,false
1428155413000,2147483647,2147483647,2147483647,2147483647,-113,13,Movistar,false,false
1428155474092,20525342,8640,7,214,-279,13,Movistar,true,false
1428155535390,20525342,8640,7,214,-82,13,Movistar,true,false
1428155535390,314,2147483647,2147483647,2147483647,-81,13,Movistar,false,false
1428155535390,2147483647,2147483647,2147483647,2147483647,-113,13,Movistar,false,false
1428155535390,2147483647,2147483647,2147483647,2147483647,-113,13,Movistar,false,false
1428155535390,2147483647,2147483647,2147483647,2147483647,-113,13,Movistar,false,false
1428155535390,2147483647,2147483647,2147483647,2147483647,-113,13,Movistar,false,false
1428155535390,2147483647,2147483647,2147483647,2147483647,-113,13,Movistar,false,false
1428155535390,2147483647,2147483647,2147483647,2147483647,-113,13,Movistar,false,false
1428155535390,2147483647,2147483647,2147483647,2147483647,-113,13,Movistar,false,false
1428155535390,2147483647,2147483647,2147483647,2147483647,-113,13,Movistar,false,false
1428155535390,2147483647,2147483647,2147483647,2147483647,-113,13,Movistar,false,false
1428155535390,2147483647,2147483647,2147483647,2147483647,-113,13,Movistar,false,false
1428155535390,2147483647,2147483647,2147483647,2147483647,-113,13,Movistar,false,false
1428155535390,2147483647,2147483647,2147483647,2147483647,-113,13,Movistar,false,false
1428155535390,2147483647,2147483647,2147483647,2147483647,-113,13,Movistar,false,false
1428155535390,2147483647,2147483647,2147483647,2147483647,-113,13,Movistar,false,false
1428155535390,2147483647,2147483647,2147483647,2147483647,-113,13,Movistar,false,false
1428155596543,20525342,8640,7,214,-83,13,Movistar,true,false
1428155596543,314,2147483647,2147483647,2147483647,-81,13,Movistar,false,false
1428155596543,2147483647,2147483647,2147483647,2147483647,-113,13,Movistar,false,false
1428155596543,2147483647,2147483647,2147483647,2147483647,-113,13,Movistar,false,false
1428155596543,2147483647,2147483647,2147483647,2147483647,-113,13,Movistar,false,false
1428155596543,2147483647,2147483647,2147483647,2147483647,-113,13,Movistar,false,false
1428155596543,2147483647,2147483647,2147483647,2147483647,-113,13,Movistar,false,false
1428155596543,2147483647,2147483647,2147483647,2147483647,-113,13,Movistar,false,false
1428155596543,2147483647,2147483647,2147483647,2147483647,-113,13,Movistar,false,false
1428155596543,2147483647,2147483647,2147483647,2147483647,-113,13,Movistar,false,false
1428155596543,2147483647,2147483647,2147483647,2147483647,-113,13,Movistar,false,false
1428155596543,2147483647,2147483647,2147483647,2147483647,-113,13,Movistar,false,false
1428155596543,2147483647,2147483647,2147483647,2147483647,-113,13,Movistar,false,false
1428155596543,2147483647,2147483647,2147483647,2147483647,-113,13,Movistar,false,false
1428155596543,2147483647,2147483647,2147483647,2147483647,-113,13,Movistar,false,false
1428155596543,2147483647,2147483647,2147483647,2147483647,-113,13,Movistar,false,false
1428155596543,2147483647,2147483647,2147483647,2147483647,-113,13,Movistar,false,false
1428155657800,20525342,8640,7,214,-83,13,Movistar,true,false
1428155657800,314,2147483647,2147483647,2147483647,-82,13,Movistar,false,false
1428155657800,341,2147483647,2147483647,2147483647,-90,13,Movistar,false,false
1428155657800,2147483647,2147483647,2147483647,2147483647,-113,13,Movistar,false,false
1428155657800,2147483647,2147483647,2147483647,2147483647,-113,13,Movistar,false,false
1428155657800,2147483647,2147483647,2147483647,2147483647,-113,13,Movistar,false,false
1428155657800,2147483647,2147483647,2147483647,2147483647,-113,13,Movistar,false,false
1428155657800,2147483647,2147483647,2147483647,2147483647,-113,13,Movistar,false,false
1428155657800,2147483647,2147483647,2147483647,2147483647,-113,13,Movistar,false,false
1428155657800,2147483647,2147483647,2147483647,2147483647,-113,13,Movistar,false,false
1428155657800,2147483647,2147483647,2147483647,2147483647,-113,13,Movistar,false,false
1428155657800,2147483647,2147483647,2147483647,2147483647,-113,13,Movistar,false,false
1428155657800,2147483647,2147483647,2147483647,2147483647,-113,13,Movistar,false,false
1428155657800,2147483647,2147483647,2147483647,2147483647,-113,13,Movistar,false,false
1428155657800,2147483647,2147483647,2147483647,2147483647,-113,13,Movistar,false,false
1428155657800,2147483647,2147483647,2147483647,2147483647,-113,13,Movistar,false,false
1428155657800,2147483647,2147483647,2147483647,2147483647,-113,13,Movistar,false,false
1428155657800,2147483647,2147483647,2147483647,2147483647,-113,13,Movistar,false,false
1428155719056,20525342,8640,7,214,-80,13,Movistar,true,false
1428155719056,314,2147483647,2147483647,2147483647,-83,13,Movistar,false,false
1428155719056,312,2147483647,2147483647,2147483647,-97,13,Movistar,false,false
1428155719056,2147483647,2147483647,2147483647,2147483647,-113,13,Movistar,false,false
1428155719056,2147483647,2147483647,2147483647,2147483647,-113,13,Movistar,false,false
1428155719056,2147483647,2147483647,2147483647,2147483647,-113,13,Movistar,false,false
1428155719056,2147483647,2147483647,2147483647,2147483647,-113,13,Movistar,false,false
1428155719056,2147483647,2147483647,2147483647,2147483647,-113,13,Movistar,false,false
1428155719056,2147483647,2147483647,2147483647,2147483647,-113,13,Movistar,false,false
1428155719056,2147483647,2147483647,2147483647,2147483647,-113,13,Movistar,false,false
1428155719056,2147483647,2147483647,2147483647,2147483647,-113,13,Movistar,false,false
1428155719056,2147483647,2147483647,2147483647,2147483647,-113,13,Movistar,false,false
1428155719056,2147483647,2147483647,2147483647,2147483647,-113,13,Movistar,false,false
1428155719056,2147483647,2147483647,2147483647,2147483647,-113,13,Movistar,false,false
1428155719056,2147483647,2147483647,2147483647,2147483647,-113,13,Movistar,false,false
1428155719056,2147483647,2147483647,2147483647,2147483647,-113,13,Movistar,false,false
1428155719056,2147483647,2147483647,2147483647,2147483647,-113,13,Movistar,false,false
1428155719056,2147483647,2147483647,2147483647,2147483647,-113,13,Movistar,false,false
1428155780197,20525342,8640,7,214,-80,13,Movistar,true,false
1428155780197,314,2147483647,2147483647,2147483647,-82,13,Movistar,false,false
1428155780197,312,2147483647,2147483647,2147483647,-96,13,Movistar,false,false
1428155780197,341,2147483647,2147483647,2147483647,-92,13,Movistar,false,false
1428155780197,126,2147483647,2147483647,2147483647,-98,13,Movistar,false,false
1428155780197,2147483647,2147483647,2147483647,2147483647,-113,13,Movistar,false,false
1428155780197,2147483647,2147483647,2147483647,2147483647,-113,13,Movistar,false,false
1428155780197,2147483647,2147483647,2147483647,2147483647,-113,13,Movistar,false,false
1428155780197,2147483647,2147483647,2147483647,2147483647,-113,13,Movistar,false,false
1428155780197,2147483647,2147483647,2147483647,2147483647,-113,13,Movistar,false,false
1428155780197,2147483647,2147483647,2147483647,2147483647,-113,13,Movistar,false,false
1428155780197,2147483647,2147483647,2147483647,2147483647,-113,13,Movistar,false,false
1428155780197,2147483647,2147483647,2147483647,2147483647,-113,13,Movistar,false,false
1428155780197,2147483647,2147483647,2147483647,2147483647,-113,13,Movistar,false,false
1428155780197,2147483647,2147483647,2147483647,2147483647,-113,13,Movistar,false,false
1428155780197,2147483647,2147483647,2147483647,2147483647,-113,13,Movistar,false,false
1428155780197,2147483647,2147483647,2147483647,2147483647,-113,13,Movistar,false,false
1428155780197,2147483647,2147483647,2147483647,2147483647,-113,13,Movistar,false,false
1428155780197,2147483647,2147483647,2147483647,2147483647,-113,13,Movistar,false,false
1428155780197,2147483647,2147483647,2147483647,2147483647,-113,13,Movistar,false,false
1428155841780,20525342,8640,7,214,-79,13,Movistar,true,false
1428155841780,314,2147483647,2147483647,2147483647,-84,13,Movistar,false,false
1428155841780,312,2147483647,2147483647,2147483647,-98,13,Movistar,false,false
1428155841780,2147483647,2147483647,2147483647,2147483647,-113,13,Movistar,false,false
1428155841780,2147483647,2147483647,2147483647,2147483647,-113,13,Movistar,false,false
1428155841780,2147483647,2147483647,2147483647,2147483647,-113,13,Movistar,false,false
1428155841780,2147483647,2147483647,2147483647,2147483647,-113,13,Movistar,false,false
1428155841780,2147483647,2147483647,2147483647,2147483647,-113,13,Movistar,false,false
1428155841780,2147483647,2147483647,2147483647,2147483647,-113,13,Movistar,false,false
1428155841780,2147483647,2147483647,2147483647,2147483647,-113,13,Movistar,false,false
1428155841780,2147483647,2147483647,2147483647,2147483647,-113,13,Movistar,false,false
1428155841780,2147483647,2147483647,2147483647,2147483647,-113,13,Movistar,false,false
1428155841780,2147483647,2147483647,2147483647,2147483647,-113,13,Movistar,false,false
1428155841780,2147483647,2147483647,2147483647,2147483647,-113,13,Movistar,false,false
1428155841780,2147483647,2147483647,2147483647,2147483647,-113,13,Movistar,false,false
1428155841780,2147483647,2147483647,2147483647,2147483647,-113,13,Movistar,false,false
1428155841780,2147483647,2147483647,2147483647,2147483647,-113,13,Movistar,false,false
1428155841780,2147483647,2147483647,2147483647,2147483647,-113,13,Movistar,false,false
1428155903798,20525342,8640,7,214,-80,13,Movistar,true,false
1428155903798,314,2147483647,2147483647,2147483647,-83,13,Movistar,false,false
1428155903798,312,2147483647,2147483647,2147483647,-98,13,Movistar,false,false
1428155903798,2147483647,2147483647,2147483647,2147483647,-113,13,Movistar,false,false
1428155903798,2147483647,2147483647,2147483647,2147483647,-113,13,Movistar,false,false
1428155903798,2147483647,2147483647,2147483647,2147483647,-113,13,Movistar,false,false
1428155903798,2147483647,2147483647,2147483647,2147483647,-113,13,Movistar,false,false
1428155903798,2147483647,2147483647,2147483647,2147483647,-113,13,Movistar,false,false
1428155903798,2147483647,2147483647,2147483647,2147483647,-113,13,Movistar,false,false
1428155903798,2147483647,2147483647,2147483647,2147483647,-113,13,Movistar,false,false
1428155903798,2147483647,2147483647,2147483647,2147483647,-113,13,Movistar,false,false
1428155903798,2147483647,2147483647,2147483647,2147483647,-113,13,Movistar,false,false
1428155903798,2147483647,2147483647,2147483647,2147483647,-113,13,Movistar,false,false
1428155903798,2147483647,2147483647,2147483647,2147483647,-113,13,Movistar,false,false
1428155903798,2147483647,2147483647,2147483647,2147483647,-113,13,Movistar,false,false
1428155903798,2147483647,2147483647,2147483647,2147483647,-113,13,Movistar,false,false
1428155903798,2147483647,2147483647,2147483647,2147483647,-113,13,Movistar,false,false
1428155903798,2147483647,2147483647,2147483647,2147483647,-113,13,Movistar,false,false
1428155991793,20525342,8640,7,214,-81,13,Movistar,true,false
1428155991793,314,2147483647,2147483647,2147483647,-83,13,Movistar,false,false
1428155991793,312,2147483647,2147483647,2147483647,-97,13,Movistar,false,false
1428155991793,2147483647,2147483647,2147483647,2147483647,-113,13,Movistar,false,false
1428155991793,2147483647,2147483647,2147483647,2147483647,-113,13,Movistar,false,false
1428155991793,2147483647,2147483647,2147483647,2147483647,-113,13,Movistar,false,false
1428155991793,2147483647,2147483647,2147483647,2147483647,-113,13,Movistar,false,false
1428155991793,2147483647,2147483647,2147483647,2147483647,-113,13,Movistar,false,false
1428155991793,2147483647,2147483647,2147483647,2147483647,-113,13,Movistar,false,false
1428155991793,2147483647,2147483647,2147483647,2147483647,-113,13,Movistar,false,false
1428155991793,2147483647,2147483647,2147483647,2147483647,-113,13,Movistar,false,false
1428155991793,2147483647,2147483647,2147483647,2147483647,-113,13,Movistar,false,false
1428155991793,2147483647,2147483647,2147483647,2147483647,-113,13,Movistar,false,false
1428155991793,2147483647,2147483647,2147483647,2147483647,-113,13,Movistar,false,false
1428155991793,2147483647,2147483647,2147483647,2147483647,-113,13,Movistar,false,false
1428155991793,2147483647,2147483647,2147483647,2147483647,-113,13,Movistar,false,false
1428155991793,2147483647,2147483647,2147483647,2147483647,-113,13,Movistar,false,false
1428155991793,2147483647,2147483647,2147483647,2147483647,-113,13,Movistar,false,false
1428156052786,20525342,8640,7,214,-80,13,Movistar,true,false
1428156052786,314,2147483647,2147483647,2147483647,-85,13,Movistar,false,false
1428156052786,2147483647,2147483647,2147483647,2147483647,-113,13,Movistar,false,false
1428156052786,2147483647,2147483647,2147483647,2147483647,-113,13,Movistar,false,false
1428156052786,2147483647,2147483647,2147483647,2147483647,-113,13,Movistar,false,false
1428156052786,2147483647,2147483647,2147483647,2147483647,-113,13,Movistar,false,false
1428156052786,2147483647,2147483647,2147483647,2147483647,-113,13,Movistar,false,false
1428156052786,2147483647,2147483647,2147483647,2147483647,-113,13,Movistar,false,false
1428156052786,2147483647,2147483647,2147483647,2147483647,-113,13,Movistar,false,false
1428156052786,2147483647,2147483647,2147483647,2147483647,-113,13,Movistar,false,false
1428156052786,2147483647,2147483647,2147483647,2147483647,-113,13,Movistar,false,false
1428156052786,2147483647,2147483647,2147483647,2147483647,-113,13,Movistar,false,false
1428156052786,2147483647,2147483647,2147483647,2147483647,-113,13,Movistar,false,false
1428156052786,2147483647,2147483647,2147483647,2147483647,-113,13,Movistar,false,false
1428156052786,2147483647,2147483647,2147483647,2147483647,-113,13,Movistar,false,false
1428156052786,2147483647,2147483647,2147483647,2147483647,-113,13,Movistar,false,false
1428156052786,2147483647,2147483647,2147483647,2147483647,-113,13,Movistar,false,false
1428156112866,20525342,8640,7,214,-81,13,Movistar,true,false
1428156112866,314,2147483647,2147483647,2147483647,-82,13,Movistar,false,false
1428156112866,341,2147483647,2147483647,2147483647,-92,13,Movistar,false,false
1428156112866,312,2147483647,2147483647,2147483647,-94,13,Movistar,false,false
1428156112866,2147483647,2147483647,2147483647,2147483647,-113,13,Movistar,false,false
1428156112866,2147483647,2147483647,2147483647,2147483647,-113,13,Movistar,false,false
1428156112866,2147483647,2147483647,2147483647,2147483647,-113,13,Movistar,false,false
1428156112866,2147483647,2147483647,2147483647,2147483647,-113,13,Movistar,false,false
1428156112866,2147483647,2147483647,2147483647,2147483647,-113,13,Movistar,false,false
1428156112866,2147483647,2147483647,2147483647,2147483647,-113,13,Movistar,false,false
1428156112866,2147483647,2147483647,2147483647,2147483647,-113,13,Movistar,false,false
1428156112866,2147483647,2147483647,2147483647,2147483647,-113,13,Movistar,false,false
1428156112866,2147483647,2147483647,2147483647,2147483647,-113,13,Movistar,false,false
1428156112866,2147483647,2147483647,2147483647,2147483647,-113,13,Movistar,false,false
1428156112866,2147483647,2147483647,2147483647,2147483647,-113,13,Movistar,false,false
1428156112866,2147483647,2147483647,2147483647,2147483647,-113,13,Movistar,false,false
1428156112866,2147483647,2147483647,2147483647,2147483647,-113,13,Movistar,false,false
1428156112866,2147483647,2147483647,2147483647,2147483647,-113,13,Movistar,false,false
1428156112866,2147483647,2147483647,2147483647,2147483647,-113,13,Movistar,false,false
1428156270770,20525342,8640,7,214,-81,13,Movistar,true,false
1428156270770,314,2147483647,2147483647,2147483647,-84,13,Movistar,false,false
1428156270770,341,2147483647,2147483647,2147483647,-87,13,Movistar,false,false
1428156270770,312,2147483647,2147483647,2147483647,-87,13,Movistar,false,false
1428156270770,2147483647,2147483647,2147483647,2147483647,-113,13,Movistar,false,false
1428156270770,2147483647,2147483647,2147483647,2147483647,-113,13,Movistar,false,false
1428156270770,2147483647,2147483647,2147483647,2147483647,-113,13,Movistar,false,false
1428156270770,2147483647,2147483647,2147483647,2147483647,-113,13,Movistar,false,false
1428156270770,2147483647,2147483647,2147483647,2147483647,-113,13,Movistar,false,false
1428156270770,2147483647,2147483647,2147483647,2147483647,-113,13,Movistar,false,false
1428156270770,2147483647,2147483647,2147483647,2147483647,-113,13,Movistar,false,false
1428156270770,2147483647,2147483647,2147483647,2147483647,-113,13,Movistar,false,false
1428156270770,2147483647,2147483647,2147483647,2147483647,-113,13,Movistar,false,false
1428156270770,2147483647,2147483647,2147483647,2147483647,-113,13,Movistar,false,false
1428156270770,2147483647,2147483647,2147483647,2147483647,-113,13,Movistar,false,false
1428156270770,2147483647,2147483647,2147483647,2147483647,-113,13,Movistar,false,false
1428156270770,2147483647,2147483647,2147483647,2147483647,-113,13,Movistar,false,false
1428156270770,2147483647,2147483647,2147483647,2147483647,-113,13,Movistar,false,false
1428156270770,2147483647,2147483647,2147483647,2147483647,-113,13,Movistar,false,false
1428156330747,20525342,8640,7,214,-77,13,Movistar,true,false
1428156330747,314,2147483647,2147483647,2147483647,-82,13,Movistar,false,false
1428156330747,2147483647,2147483647,2147483647,2147483647,-113,13,Movistar,false,false
1428156330747,2147483647,2147483647,2147483647,2147483647,-113,13,Movistar,false,false
1428156330747,2147483647,2147483647,2147483647,2147483647,-113,13,Movistar,false,false
1428156330747,2147483647,2147483647,2147483647,2147483647,-113,13,Movistar,false,false
1428156330747,2147483647,2147483647,2147483647,2147483647,-113,13,Movistar,false,false
1428156330747,2147483647,2147483647,2147483647,2147483647,-113,13,Movistar,false,false
1428156330747,2147483647,2147483647,2147483647,2147483647,-113,13,Movistar,false,false
1428156330747,2147483647,2147483647,2147483647,2147483647,-113,13,Movistar,false,false
1428156330747,2147483647,2147483647,2147483647,2147483647,-113,13,Movistar,false,false
1428156330747,2147483647,2147483647,2147483647,2147483647,-113,13,Movistar,false,false
1428156330747,2147483647,2147483647,2147483647,2147483647,-113,13,Movistar,false,false
1428156330747,2147483647,2147483647,2147483647,2147483647,-113,13,Movistar,false,false
1428156330747,2147483647,2147483647,2147483647,2147483647,-113,13,Movistar,false,false
1428156330747,2147483647,2147483647,2147483647,2147483647,-113,13,Movistar,false,false
1428156330747,2147483647,2147483647,2147483647,2147483647,-113,13,Movistar,false,false
1428156391710,20525342,8640,7,214,-73,13,Movistar,true,false
1428156391710,314,2147483647,2147483647,2147483647,-83,13,Movistar,false,false
1428156391710,312,2147483647,2147483647,2147483647,-91,13,Movistar,false,false
1428156391710,2147483647,2147483647,2147483647,2147483647,-113,13,Movistar,false,false
1428156391710,2147483647,2147483647,2147483647,2147483647,-113,13,Movistar,false,false
1428156391710,2147483647,2147483647,2147483647,2147483647,-113,13,Movistar,false,false
1428156391710,2147483647,2147483647,2147483647,2147483647,-113,13,Movistar,false,false
1428156391710,2147483647,2147483647,2147483647,2147483647,-113,13,Movistar,false,false
1428156391710,2147483647,2147483647,2147483647,2147483647,-113,13,Movistar,false,false
1428156391710,2147483647,2147483647,2147483647,2147483647,-113,13,Movistar,false,false
1428156391710,2147483647,2147483647,2147483647,2147483647,-113,13,Movistar,false,false
1428156391710,2147483647,2147483647,2147483647,2147483647,-113,13,Movistar,false,false
1428156391710,2147483647,2147483647,2147483647,2147483647,-113,13,Movistar,false,false
1428156391710,2147483647,2147483647,2147483647,2147483647,-113,13,Movistar,false,false
1428156391710,2147483647,2147483647,2147483647,2147483647,-113,13,Movistar,false,false
1428156391710,2147483647,2147483647,2147483647,2147483647,-113,13,Movistar,false,false
1428156391710,2147483647,2147483647,2147483647,2147483647,-113,13,Movistar,false,false
1428156391710,2147483647,2147483647,2147483647,2147483647,-113,13,Movistar,false,false
1428156451807,20581140,8640,7,214,-81,13,Movistar,true,false
1428156451807,235,2147483647,2147483647,2147483647,-86,13,Movistar,false,false
1428156451807,313,2147483647,2147483647,2147483647,-95,13,Movistar,false,false
1428156451807,312,2147483647,2147483647,2147483647,-90,13,Movistar,false,false
1428156451807,341,2147483647,2147483647,2147483647,-92,13,Movistar,false,false
1428156451807,2147483647,2147483647,2147483647,2147483647,-113,13,Movistar,false,false
1428156451807,2147483647,2147483647,2147483647,2147483647,-113,13,Movistar,false,false
1428156451807,2147483647,2147483647,2147483647,2147483647,-113,13,Movistar,false,false
1428156451807,2147483647,2147483647,2147483647,2147483647,-113,13,Movistar,false,false
1428156451807,2147483647,2147483647,2147483647,2147483647,-113,13,Movistar,false,false
1428156451807,2147483647,2147483647,2147483647,2147483647,-113,13,Movistar,false,false
1428156451807,2147483647,2147483647,2147483647,2147483647,-113,13,Movistar,false,false
1428156451807,2147483647,2147483647,2147483647,2147483647,-113,13,Movistar,false,false
1428156451807,2147483647,2147483647,2147483647,2147483647,-113,13,Movistar,false,false
1428156451807,2147483647,2147483647,2147483647,2147483647,-113,13,Movistar,false,false
1428156451807,2147483647,2147483647,2147483647,2147483647,-113,13,Movistar,false,false
1428156451807,2147483647,2147483647,2147483647,2147483647,-113,13,Movistar,false,false
1428156451807,2147483647,2147483647,2147483647,2147483647,-113,13,Movistar,false,false
1428156451807,2147483647,2147483647,2147483647,2147483647,-113,13,Movistar,false,false
1428156451807,2147483647,2147483647,2147483647,2147483647,-113,13,Movistar,false,false
1428156511847,20523018,8640,7,214,-74,13,Movistar,true,false
1428156511847,251,2147483647,2147483647,2147483647,-90,13,Movistar,false,false
1428156511847,314,2147483647,2147483647,2147483647,-82,13,Movistar,false,false
1428156511847,235,2147483647,2147483647,2147483647,-94,13,Movistar,false,false
1428156511847,2147483647,2147483647,2147483647,2147483647,-113,13,Movistar,false,false
1428156511847,2147483647,2147483647,2147483647,2147483647,-113,13,Movistar,false,false
1428156511847,2147483647,2147483647,2147483647,2147483647,-113,13,Movistar,false,false
1428156511847,2147483647,2147483647,2147483647,2147483647,-113,13,Movistar,false,false
1428156511847,2147483647,2147483647,2147483647,2147483647,-113,13,Movistar,false,false
1428156511847,2147483647,2147483647,2147483647,2147483647,-113,13,Movistar,false,false
1428156511847,2147483647,2147483647,2147483647,2147483647,-113,13,Movistar,false,false
1428156511847,2147483647,2147483647,2147483647,2147483647,-113,13,Movistar,false,false
1428156511847,2147483647,2147483647,2147483647,2147483647,-113,13,Movistar,false,false
1428156511847,2147483647,2147483647,2147483647,2147483647,-113,13,Movistar,false,false
1428156511847,2147483647,2147483647,2147483647,2147483647,-113,13,Movistar,false,false
1428156511847,2147483647,2147483647,2147483647,2147483647,-113,13,Movistar,false,false
1428156511847,2147483647,2147483647,2147483647,2147483647,-113,13,Movistar,false,false
1428156511847,2147483647,2147483647,2147483647,2147483647,-113,13,Movistar,false,false
1428156511847,2147483647,2147483647,2147483647,2147483647,-113,13,Movistar,false,false
1428156571854,20523018,8640,7,214,-102,13,Movistar,true,false
1428156571854,131,2147483647,2147483647,2147483647,-113,13,Movistar,false,false
1428156571854,182,2147483647,2147483647,2147483647,-116,13,Movistar,false,false
1428156571854,235,2147483647,2147483647,2147483647,-119,13,Movistar,false,false
1428156571854,289,2147483647,2147483647,2147483647,-122,13,Movistar,false,false
1428156631843,-1,-1,-1,-1,0,3,Movistar,true,false
1428156631843,-1,-1,-1,-1,0,3,Movistar,false,false
1428156631843,-1,-1,-1,-1,0,3,Movistar,false,false
1428156631843,-1,-1,-1,-1,0,3,Movistar,false,false
1428156631843,-1,-1,-1,-1,0,3,Movistar,false,false
1428156631843,2147483647,2147483647,2147483647,2147483647,-53,3,Movistar,false,false
1428156631843,2147483647,2147483647,2147483647,2147483647,-87,3,Movistar,false,false
1428156631843,2147483647,2147483647,2147483647,2147483647,-91,3,Movistar,false,false
1428156631843,2147483647,2147483647,2147483647,2147483647,-101,3,Movistar,false,false
1428156631843,2147483647,2147483647,2147483647,2147483647,-101,3,Movistar,false,false
1428156631843,2147483647,2147483647,2147483647,2147483647,-103,3,Movistar,false,false
1428156631843,2147483647,2147483647,2147483647,2147483647,-105,3,Movistar,false,false
1428156631843,2147483647,2147483647,2147483647,2147483647,-105,3,Movistar,false,false
1428156691864,-1,-1,-1,-1,0,3,Movistar,true,false
1428156691864,-1,-1,-1,-1,0,3,Movistar,false,false
1428156691864,-1,-1,-1,-1,0,3,Movistar,false,false
1428156691864,-1,-1,-1,-1,0,3,Movistar,false,false
1428156691864,-1,-1,-1,-1,0,3,Movistar,false,false
1428156753951,-1,-1,-1,-1,0,3,Movistar,true,false
1428156753951,-1,-1,-1,-1,0,3,Movistar,false,false
1428156753951,-1,-1,-1,-1,0,3,Movistar,false,false
1428156753951,-1,-1,-1,-1,0,3,Movistar,false,false
1428156753951,-1,-1,-1,-1,0,3,Movistar,false,false
1428156753951,-1,-1,-1,-1,0,3,Movistar,false,false
1428156813988,-1,-1,-1,-1,0,3,Movistar,true,false
1428156813988,-1,-1,-1,-1,0,3,Movistar,false,false
1428156813988,-1,-1,-1,-1,0,3,Movistar,false,false
1428156813988,-1,-1,-1,-1,0,3,Movistar,false,false
1428156813988,-1,-1,-1,-1,0,3,Movistar,false,false
1428156873991,-1,-1,-1,-1,0,3,Movistar,true,false
1428156873991,-1,-1,-1,-1,0,3,Movistar,false,false
1428156873991,-1,-1,-1,-1,0,3,Movistar,false,false
1428156873991,-1,-1,-1,-1,0,3,Movistar,false,false
1428156873991,-1,-1,-1,-1,0,3,Movistar,false,false
1428156873991,-1,-1,-1,-1,0,3,Movistar,false,false
1428156934043,-1,-1,-1,-1,0,3,Movistar,true,false
1428156934043,-1,-1,-1,-1,0,3,Movistar,false,false
1428156934043,-1,-1,-1,-1,0,3,Movistar,false,false
1428156934043,-1,-1,-1,-1,0,3,Movistar,false,false
1428156934043,-1,-1,-1,-1,0,3,Movistar,false,false
1428156934043,-1,-1,-1,-1,0,3,Movistar,false,false
1428156934043,2147483647,2147483647,2147483647,2147483647,-51,3,Movistar,false,false
1428156934043,2147483647,2147483647,2147483647,2147483647,-89,3,Movistar,false,false
1428156934043,2147483647,2147483647,2147483647,2147483647,-99,3,Movistar,false,false
1428156934043,2147483647,2147483647,2147483647,2147483647,-103,3,Movistar,false,false
1428156934043,2147483647,2147483647,2147483647,2147483647,-105,3,Movistar,false,false
1428156934043,2147483647,2147483647,2147483647,2147483647,-107,3,Movistar,false,false
1428156934043,2147483647,2147483647,2147483647,2147483647,-107,3,Movistar,false,false
1428156934043,2147483647,2147483647,2147483647,2147483647,-107,3,Movistar,false,false
1428156994041,-1,-1,-1,-1,0,3,Movistar,true,false
1428156994041,-1,-1,-1,-1,0,3,Movistar,false,false
1428156994041,-1,-1,-1,-1,0,3,Movistar,false,false
1428156994041,-1,-1,-1,-1,0,3,Movistar,false,false
1428156994041,-1,-1,-1,-1,0,3,Movistar,false,false
1428156994041,2147483647,2147483647,2147483647,2147483647,-93,3,Movistar,false,false
1428156994041,2147483647,2147483647,2147483647,2147483647,-101,3,Movistar,false,false
1428156994041,2147483647,2147483647,2147483647,2147483647,-107,3,Movistar,false,false
1428156994041,2147483647,2147483647,2147483647,2147483647,-109,3,Movistar,false,false
1428156994041,2147483647,2147483647,2147483647,2147483647,-109,3,Movistar,false,false
1428156994041,2147483647,2147483647,2147483647,2147483647,-109,3,Movistar,false,false
1428156994041,2147483647,2147483647,2147483647,2147483647,-111,3,Movistar,false,false
1428156994041,2147483647,2147483647,2147483647,2147483647,-113,3,Movistar,false,false
1428157054057,-1,-1,-1,-1,0,3,Movistar,true,false
1428157054057,-1,-1,-1,-1,0,3,Movistar,false,false
1428157054057,-1,-1,-1,-1,0,3,Movistar,false,false
1428157054057,-1,-1,-1,-1,0,3,Movistar,false,false
1428157054057,-1,-1,-1,-1,0,3,Movistar,false,false
1428157054057,-1,-1,-1,-1,0,3,Movistar,false,false
1428157054057,-1,-1,-1,-1,0,3,Movistar,false,false
1428157114079,-1,-1,-1,-1,0,3,Movistar,true,false
1428157114079,-1,-1,-1,-1,0,3,Movistar,false,false
1428157114079,-1,-1,-1,-1,0,3,Movistar,false,false
1428157114079,-1,-1,-1,-1,0,3,Movistar,false,false
1428157174117,-1,-1,-1,-1,0,3,Movistar,true,false
1428157174117,-1,-1,-1,-1,0,3,Movistar,false,false
1428157174117,-1,-1,-1,-1,0,3,Movistar,false,false
1428157174117,-1,-1,-1,-1,0,3,Movistar,false,false
1428157174117,-1,-1,-1,-1,0,3,Movistar,false,false
1428157174117,2147483647,2147483647,2147483647,2147483647,-55,3,Movistar,false,false
1428157174117,2147483647,2147483647,2147483647,2147483647,-95,3,Movistar,false,false
1428157174117,2147483647,2147483647,2147483647,2147483647,-101,3,Movistar,false,false
1428157174117,2147483647,2147483647,2147483647,2147483647,-105,3,Movistar,false,false
1428157174117,2147483647,2147483647,2147483647,2147483647,-109,3,Movistar,false,false
1428157174117,2147483647,2147483647,2147483647,2147483647,-109,3,Movistar,false,false
1428157174117,2147483647,2147483647,2147483647,2147483647,-111,3,Movistar,false,false
1428157174117,2147483647,2147483647,2147483647,2147483647,-113,3,Movistar,false,false
1428157234124,-1,-1,-1,-1,0,3,Movistar,true,false
1428157234124,-1,-1,-1,-1,0,3,Movistar,false,false
1428157234124,-1,-1,-1,-1,0,3,Movistar,false,false
1428157234124,-1,-1,-1,-1,0,3,Movistar,false,false
1428157234124,-1,-1,-1,-1,0,3,Movistar,false,false
1428157234124,-1,-1,-1,-1,0,3,Movistar,false,false
1428157234124,-1,-1,-1,-1,0,3,Movistar,false,false
1428157234124,2147483647,2147483647,2147483647,2147483647,-69,3,Movistar,false,false
1428157234124,2147483647,2147483647,2147483647,2147483647,-93,3,Movistar,false,false
1428157234124,2147483647,2147483647,2147483647,2147483647,-101,3,Movistar,false,false
1428157234124,2147483647,2147483647,2147483647,2147483647,-103,3,Movistar,false,false
1428157234124,2147483647,2147483647,2147483647,2147483647,-107,3,Movistar,false,false
1428157234124,2147483647,2147483647,2147483647,2147483647,-109,3,Movistar,false,false
1428157234124,2147483647,2147483647,2147483647,2147483647,-111,3,Movistar,false,false
1428157234124,2147483647,2147483647,2147483647,2147483647,-113,3,Movistar,false,false
1428157294293,-1,-1,-1,-1,0,3,Movistar,true,false
1428157294293,-1,-1,-1,-1,0,3,Movistar,false,false
1428157294293,-1,-1,-1,-1,0,3,Movistar,false,false
1428157294293,-1,-1,-1,-1,0,3,Movistar,false,false
1428157294293,-1,-1,-1,-1,0,3,Movistar,false,false
1428157354290,-1,-1,-1,-1,0,3,Movistar,true,false
1428157354290,-1,-1,-1,-1,0,3,Movistar,false,false
1428157354290,-1,-1,-1,-1,0,3,Movistar,false,false
1428157354290,-1,-1,-1,-1,0,3,Movistar,false,false
1428157354290,-1,-1,-1,-1,0,3,Movistar,false,false
1428157354290,-1,-1,-1,-1,0,3,Movistar,false,false
1428157414400,-1,-1,-1,-1,0,3,Movistar,true,false
1428157414400,-1,-1,-1,-1,0,3,Movistar,false,false
1428157414400,-1,-1,-1,-1,0,3,Movistar,false,false
1428157414400,-1,-1,-1,-1,0,3,Movistar,false,false
1428157414400,-1,-1,-1,-1,0,3,Movistar,false,false
1428157414400,-1,-1,-1,-1,0,3,Movistar,false,false
1428157414400,2147483647,2147483647,2147483647,2147483647,-83,3,Movistar,false,false
1428157414400,2147483647,2147483647,2147483647,2147483647,-87,3,Movistar,false,false
1428157414400,2147483647,2147483647,2147483647,2147483647,-89,3,Movistar,false,false
1428157414400,2147483647,2147483647,2147483647,2147483647,-93,3,Movistar,false,false
1428157414400,2147483647,2147483647,2147483647,2147483647,-101,3,Movistar,false,false
1428157414400,2147483647,2147483647,2147483647,2147483647,-103,3,Movistar,false,false
1428157414400,2147483647,2147483647,2147483647,2147483647,-103,3,Movistar,false,false
1428157414400,2147483647,2147483647,2147483647,2147483647,-105,3,Movistar,false,false
1428157474400,-1,-1,-1,-1,0,3,Movistar,true,false
1428157474400,-1,-1,-1,-1,0,3,Movistar,false,false
1428157474400,-1,-1,-1,-1,0,3,Movistar,false,false
1428157474400,-1,-1,-1,-1,0,3,Movistar,false,false
1428157474400,-1,-1,-1,-1,0,3,Movistar,false,false
1428157474400,-1,-1,-1,-1,0,3,Movistar,false,false
1428157474400,-1,-1,-1,-1,0,3,Movistar,false,false
1428157474400,2147483647,2147483647,2147483647,2147483647,-85,3,Movistar,false,false
1428157474400,2147483647,2147483647,2147483647,2147483647,-97,3,Movistar,false,false
1428157474400,2147483647,2147483647,2147483647,2147483647,-101,3,Movistar,false,false
1428157474400,2147483647,2147483647,2147483647,2147483647,-105,3,Movistar,false,false
1428157474400,2147483647,2147483647,2147483647,2147483647,-107,3,Movistar,false,false
1428157474400,2147483647,2147483647,2147483647,2147483647,-109,3,Movistar,false,false
1428157474400,2147483647,2147483647,2147483647,2147483647,-109,3,Movistar,false,false
1428157474400,2147483647,2147483647,2147483647,2147483647,-111,3,Movistar,false,false
1428157534443,-1,-1,-1,-1,0,3,Movistar,true,false
1428157534443,-1,-1,-1,-1,0,3,Movistar,false,false
1428157534443,-1,-1,-1,-1,0,3,Movistar,false,false
1428157534443,-1,-1,-1,-1,0,3,Movistar,false,false
1428157534443,-1,-1,-1,-1,0,3,Movistar,false,false
1428157534443,-1,-1,-1,-1,0,3,Movistar,false,false
1428157534443,2147483647,2147483647,2147483647,2147483647,-85,3,Movistar,false,false
1428157534443,2147483647,2147483647,2147483647,2147483647,-97,3,Movistar,false,false
1428157534443,2147483647,2147483647,2147483647,2147483647,-101,3,Movistar,false,false
1428157534443,2147483647,2147483647,2147483647,2147483647,-105,3,Movistar,false,false
1428157534443,2147483647,2147483647,2147483647,2147483647,-107,3,Movistar,false,false
1428157534443,2147483647,2147483647,2147483647,2147483647,-109,3,Movistar,false,false
1428157534443,2147483647,2147483647,2147483647,2147483647,-109,3,Movistar,false,false
1428157534443,2147483647,2147483647,2147483647,2147483647,-111,3,Movistar,false,false
1428157594510,-1,-1,-1,-1,0,3,Movistar,true,false
1428157594510,-1,-1,-1,-1,0,3,Movistar,false,false
1428157594510,-1,-1,-1,-1,0,3,Movistar,false,false
1428157594510,-1,-1,-1,-1,0,3,Movistar,false,false
1428157594510,-1,-1,-1,-1,0,3,Movistar,false,false
1428157594510,-1,-1,-1,-1,0,3,Movistar,false,false
1428157594510,2147483647,2147483647,2147483647,2147483647,-85,3,Movistar,false,false
1428157594510,2147483647,2147483647,2147483647,2147483647,-99,3,Movistar,false,false
1428157594510,2147483647,2147483647,2147483647,2147483647,-101,3,Movistar,false,false
1428157594510,2147483647,2147483647,2147483647,2147483647,-101,3,Movistar,false,false
1428157594510,2147483647,2147483647,2147483647,2147483647,-105,3,Movistar,false,false
1428157594510,2147483647,2147483647,2147483647,2147483647,-105,3,Movistar,false,false
1428157594510,2147483647,2147483647,2147483647,2147483647,-107,3,Movistar,false,false
1428157594510,2147483647,2147483647,2147483647,2147483647,-107,3,Movistar,false,false
1428157654548,-1,-1,-1,-1,0,3,Movistar,true,false
1428157654548,-1,-1,-1,-1,0,3,Movistar,false,false
1428157654548,-1,-1,-1,-1,0,3,Movistar,false,false
1428157654548,-1,-1,-1,-1,0,3,Movistar,false,false
1428157654548,-1,-1,-1,-1,0,3,Movistar,false,false
1428157654548,-1,-1,-1,-1,0,3,Movistar,false,false
1428157654548,2147483647,2147483647,2147483647,2147483647,-87,3,Movistar,false,false
1428157654548,2147483647,2147483647,2147483647,2147483647,-97,3,Movistar,false,false
1428157654548,2147483647,2147483647,2147483647,2147483647,-101,3,Movistar,false,false
1428157654548,2147483647,2147483647,2147483647,2147483647,-101,3,Movistar,false,false
1428157654548,2147483647,2147483647,2147483647,2147483647,-103,3,Movistar,false,false
1428157654548,2147483647,2147483647,2147483647,2147483647,-103,3,Movistar,false,false
1428157654548,2147483647,2147483647,2147483647,2147483647,-105,3,Movistar,false,false
1428157654548,2147483647,2147483647,2147483647,2147483647,-105,3,Movistar,false,false
1428157714606,-1,-1,-1,-1,0,3,Movistar,true,false
1428157714606,-1,-1,-1,-1,0,3,Movistar,false,false
1428157714606,-1,-1,-1,-1,0,3,Movistar,false,false
1428157714606,-1,-1,-1,-1,0,3,Movistar,false,false
1428157714606,-1,-1,-1,-1,0,3,Movistar,false,false
1428157714606,-1,-1,-1,-1,0,3,Movistar,false,false
1428157714606,2147483647,2147483647,2147483647,2147483647,-85,3,Movistar,false,false
1428157714606,2147483647,2147483647,2147483647,2147483647,-99,3,Movistar,false,false
1428157714606,2147483647,2147483647,2147483647,2147483647,-101,3,Movistar,false,false
1428157714606,2147483647,2147483647,2147483647,2147483647,-101,3,Movistar,false,false
1428157714606,2147483647,2147483647,2147483647,2147483647,-103,3,Movistar,false,false
1428157714606,2147483647,2147483647,2147483647,2147483647,-103,3,Movistar,false,false
1428157714606,2147483647,2147483647,2147483647,2147483647,-105,3,Movistar,false,false
1428157714606,2147483647,2147483647,2147483647,2147483647,-107,3,Movistar,false,false
1428157778577,-1,-1,-1,-1,0,3,Movistar,true,false
1428157778577,-1,-1,-1,-1,0,3,Movistar,false,false
1428157778577,-1,-1,-1,-1,0,3,Movistar,false,false
1428157778577,-1,-1,-1,-1,0,3,Movistar,false,false
1428157778577,-1,-1,-1,-1,0,3,Movistar,false,false
1428157778577,-1,-1,-1,-1,0,3,Movistar,false,false
1428157778577,-1,-1,-1,-1,0,3,Movistar,false,false
1428157778577,2147483647,2147483647,2147483647,2147483647,-91,3,Movistar,false,false
1428157778577,2147483647,2147483647,2147483647,2147483647,-103,3,Movistar,false,false
1428157778577,2147483647,2147483647,2147483647,2147483647,-103,3,Movistar,false,false
1428157778577,2147483647,2147483647,2147483647,2147483647,-103,3,Movistar,false,false
1428157778577,2147483647,2147483647,2147483647,2147483647,-103,3,Movistar,false,false
1428157778577,2147483647,2147483647,2147483647,2147483647,-105,3,Movistar,false,false
1428157778577,2147483647,2147483647,2147483647,2147483647,-105,3,Movistar,false,false
1428157778577,2147483647,2147483647,2147483647,2147483647,-111,3,Movistar,false,false
1428157838584,-1,-1,-1,-1,0,3,Movistar,true,false
1428157838584,-1,-1,-1,-1,0,3,Movistar,false,false
1428157838584,-1,-1,-1,-1,0,3,Movistar,false,false
1428157838584,-1,-1,-1,-1,0,3,Movistar,false,false
1428157838584,-1,-1,-1,-1,0,3,Movistar,false,false
1428157838584,-1,-1,-1,-1,0,3,Movistar,false,false
1428157838584,-1,-1,-1,-1,0,3,Movistar,false,false
1428157838584,2147483647,2147483647,2147483647,2147483647,-91,3,Movistar,false,false
1428157838584,2147483647,2147483647,2147483647,2147483647,-103,3,Movistar,false,false
1428157838584,2147483647,2147483647,2147483647,2147483647,-103,3,Movistar,false,false
1428157838584,2147483647,2147483647,2147483647,2147483647,-103,3,Movistar,false,false
1428157838584,2147483647,2147483647,2147483647,2147483647,-103,3,Movistar,false,false
1428157838584,2147483647,2147483647,2147483647,2147483647,-105,3,Movistar,false,false
1428157838584,2147483647,2147483647,2147483647,2147483647,-105,3,Movistar,false,false
1428157838584,2147483647,2147483647,2147483647,2147483647,-111,3,Movistar,false,false
1428157898658,-1,-1,-1,-1,0,3,Movistar,true,false
1428157898658,-1,-1,-1,-1,0,3,Movistar,false,false
1428157898658,-1,-1,-1,-1,0,3,Movistar,false,false
1428157898658,-1,-1,-1,-1,0,3,Movistar,false,false
1428157898658,-1,-1,-1,-1,0,3,Movistar,false,false
1428157898658,2147483647,2147483647,2147483647,2147483647,-83,3,Movistar,false,false
1428157898658,2147483647,2147483647,2147483647,2147483647,-93,3,Movistar,false,false
1428157898658,2147483647,2147483647,2147483647,2147483647,-97,3,Movistar,false,false
1428157898658,2147483647,2147483647,2147483647,2147483647,-99,3,Movistar,false,false
1428157898658,2147483647,2147483647,2147483647,2147483647,-105,3,Movistar,false,false
1428157898658,2147483647,2147483647,2147483647,2147483647,-109,3,Movistar,false,false
1428157898658,2147483647,2147483647,2147483647,2147483647,-109,3,Movistar,false,false
1428157898658,2147483647,2147483647,2147483647,2147483647,-111,3,Movistar,false,false
1428157958717,-1,-1,-1,-1,0,3,Movistar,true,false
1428157958717,-1,-1,-1,-1,0,3,Movistar,false,false
1428157958717,-1,-1,-1,-1,0,3,Movistar,false,false
1428157958717,-1,-1,-1,-1,0,3,Movistar,false,false
1428157958717,-1,-1,-1,-1,0,3,Movistar,false,false
1428157958717,2147483647,2147483647,2147483647,2147483647,-81,3,Movistar,false,false
1428157958717,2147483647,2147483647,2147483647,2147483647,-85,3,Movistar,false,false
1428157958717,2147483647,2147483647,2147483647,2147483647,-93,3,Movistar,false,false
1428157958717,2147483647,2147483647,2147483647,2147483647,-97,3,Movistar,false,false
1428157958717,2147483647,2147483647,2147483647,2147483647,-103,3,Movistar,false,false
1428157958717,2147483647,2147483647,2147483647,2147483647,-109,3,Movistar,false,false
1428157958717,2147483647,2147483647,2147483647,2147483647,-111,3,Movistar,false,false
1428157958717,2147483647,2147483647,2147483647,2147483647,-111,3,Movistar,false,false
1428158018891,-1,-1,-1,-1,0,3,Movistar,true,false
1428158018891,-1,-1,-1,-1,0,3,Movistar,false,false
1428158018891,-1,-1,-1,-1,0,3,Movistar,false,false
1428158018891,-1,-1,-1,-1,0,3,Movistar,false,false
1428158078798,-1,-1,-1,-1,0,3,Movistar,true,false
1428158078798,-1,-1,-1,-1,0,3,Movistar,false,false
1428158078798,-1,-1,-1,-1,0,3,Movistar,false,false
1428158078798,-1,-1,-1,-1,0,3,Movistar,false,false
1428158078798,2147483647,2147483647,2147483647,2147483647,-65,3,Movistar,false,false
1428158078798,2147483647,2147483647,2147483647,2147483647,-81,3,Movistar,false,false
1428158078798,2147483647,2147483647,2147483647,2147483647,-93,3,Movistar,false,false
1428158078798,2147483647,2147483647,2147483647,2147483647,-97,3,Movistar,false,false
1428158078798,2147483647,2147483647,2147483647,2147483647,-101,3,Movistar,false,false
1428158078798,2147483647,2147483647,2147483647,2147483647,-103,3,Movistar,false,false
1428158078798,2147483647,2147483647,2147483647,2147483647,-103,3,Movistar,false,false
1428158078798,2147483647,2147483647,2147483647,2147483647,-103,3,Movistar,false,false
1428158138876,-1,-1,-1,-1,0,3,Movistar,true,false
1428158138876,-1,-1,-1,-1,0,3,Movistar,false,false
1428158138876,-1,-1,-1,-1,0,3,Movistar,false,false
1428158138876,-1,-1,-1,-1,0,3,Movistar,false,false
1428158138876,-1,-1,-1,-1,0,3,Movistar,false,false
1428158138876,2147483647,2147483647,2147483647,2147483647,-65,3,Movistar,false,false
1428158138876,2147483647,2147483647,2147483647,2147483647,-81,3,Movistar,false,false
1428158138876,2147483647,2147483647,2147483647,2147483647,-93,3,Movistar,false,false
1428158138876,2147483647,2147483647,2147483647,2147483647,-95,3,Movistar,false,false
1428158138876,2147483647,2147483647,2147483647,2147483647,-99,3,Movistar,false,false
1428158138876,2147483647,2147483647,2147483647,2147483647,-103,3,Movistar,false,false
1428158138876,2147483647,2147483647,2147483647,2147483647,-103,3,Movistar,false,false
1428158138876,2147483647,2147483647,2147483647,2147483647,-103,3,Movistar,false,false
1428158198989,-1,-1,-1,-1,0,3,Movistar,true,false
1428158198989,-1,-1,-1,-1,0,3,Movistar,false,false
1428158198989,-1,-1,-1,-1,0,3,Movistar,false,false
1428158198989,-1,-1,-1,-1,0,3,Movistar,false,false
1428158198989,-1,-1,-1,-1,0,3,Movistar,false,false
1428158198989,2147483647,2147483647,2147483647,2147483647,-65,3,Movistar,false,false
1428158198989,2147483647,2147483647,2147483647,2147483647,-81,3,Movistar,false,false
1428158198989,2147483647,2147483647,2147483647,2147483647,-93,3,Movistar,false,false
1428158198989,2147483647,2147483647,2147483647,2147483647,-95,3,Movistar,false,false
1428158198989,2147483647,2147483647,2147483647,2147483647,-99,3,Movistar,false,false
1428158198989,2147483647,2147483647,2147483647,2147483647,-103,3,Movistar,false,false
1428158198989,2147483647,2147483647,2147483647,2147483647,-103,3,Movistar,false,false
1428158198989,2147483647,2147483647,2147483647,2147483647,-103,3,Movistar,false,false
1428158258959,-1,-1,-1,-1,0,3,Movistar,true,false
1428158258959,-1,-1,-1,-1,0,3,Movistar,false,false
1428158258959,-1,-1,-1,-1,0,3,Movistar,false,false
1428158258959,-1,-1,-1,-1,0,3,Movistar,false,false
1428158258959,-1,-1,-1,-1,0,3,Movistar,false,false
1428158258959,2147483647,2147483647,2147483647,2147483647,-55,3,Movistar,false,false
1428158258959,2147483647,2147483647,2147483647,2147483647,-81,3,Movistar,false,false
1428158258959,2147483647,2147483647,2147483647,2147483647,-95,3,Movistar,false,false
1428158258959,2147483647,2147483647,2147483647,2147483647,-97,3,Movistar,false,false
1428158258959,2147483647,2147483647,2147483647,2147483647,-101,3,Movistar,false,false
1428158258959,2147483647,2147483647,2147483647,2147483647,-103,3,Movistar,false,false
1428158258959,2147483647,2147483647,2147483647,2147483647,-103,3,Movistar,false,false
1428158258959,2147483647,2147483647,2147483647,2147483647,-103,3,Movistar,false,false
1428158320241,-1,-1,-1,-1,0,3,Movistar,true,false
1428158320241,-1,-1,-1,-1,0,3,Movistar,false,false
1428158320241,-1,-1,-1,-1,0,3,Movistar,false,false
1428158320241,-1,-1,-1,-1,0,3,Movistar,false,false
1428158384369,-1,-1,-1,-1,0,3,Movistar,true,false
1428158384369,-1,-1,-1,-1,0,3,Movistar,false,false
1428158384369,-1,-1,-1,-1,0,3,Movistar,false,false
1428158384369,-1,-1,-1,-1,0,3,Movistar,false,false
1428158384369,-1,-1,-1,-1,0,3,Movistar,false,false
1428158384369,2147483647,2147483647,2147483647,2147483647,-63,3,Movistar,false,false
1428158384369,2147483647,2147483647,2147483647,2147483647,-97,3,Movistar,false,false
1428158384369,2147483647,2147483647,2147483647,2147483647,-97,3,Movistar,false,false
1428158384369,2147483647,2147483647,2147483647,2147483647,-97,3,Movistar,false,false
1428158384369,2147483647,2147483647,2147483647,2147483647,-99,3,Movistar,false,false
1428158384369,2147483647,2147483647,2147483647,2147483647,-101,3,Movistar,false,false
1428158384369,2147483647,2147483647,2147483647,2147483647,-101,3,Movistar,false,false
1428158384369,2147483647,2147483647,2147483647,2147483647,-103,3,Movistar,false,false
1428158459008,-1,-1,-1,-1,0,3,Movistar,true,false
1428158459008,-1,-1,-1,-1,0,3,Movistar,false,false
1428158459008,-1,-1,-1,-1,0,3,Movistar,false,false
1428158459008,-1,-1,-1,-1,0,3,Movistar,false,false
1428158459008,-1,-1,-1,-1,0,3,Movistar,false,false
1428158459008,2147483647,2147483647,2147483647,2147483647,-79,3,Movistar,false,false
1428158459008,2147483647,2147483647,2147483647,2147483647,-93,3,Movistar,false,false
1428158459008,2147483647,2147483647,2147483647,2147483647,-95,3,Movistar,false,false
1428158459008,2147483647,2147483647,2147483647,2147483647,-95,3,Movistar,false,false
1428158459008,2147483647,2147483647,2147483647,2147483647,-99,3,Movistar,false,false
1428158459008,2147483647,2147483647,2147483647,2147483647,-101,3,Movistar,false,false
1428158459008,2147483647,2147483647,2147483647,2147483647,-101,3,Movistar,false,false
1428158459008,2147483647,2147483647,2147483647,2147483647,-101,3,Movistar,false,false
1428158519000,-1,-1,-1,-1,0,3,Movistar,true,false
1428158519000,-1,-1,-1,-1,0,3,Movistar,false,false
1428158519000,-1,-1,-1,-1,0,3,Movistar,false,false
1428158519000,-1,-1,-1,-1,0,3,Movistar,false,false
1428158519000,-1,-1,-1,-1,0,3,Movistar,false,false
1428158519000,-1,-1,-1,-1,0,3,Movistar,false,false
1428158519000,2147483647,2147483647,2147483647,2147483647,-83,3,Movistar,false,false
1428158519000,2147483647,2147483647,2147483647,2147483647,-93,3,Movistar,false,false
1428158519000,2147483647,2147483647,2147483647,2147483647,-97,3,Movistar,false,false
1428158519000,2147483647,2147483647,2147483647,2147483647,-97,3,Movistar,false,false
1428158519000,2147483647,2147483647,2147483647,2147483647,-99,3,Movistar,false,false
1428158519000,2147483647,2147483647,2147483647,2147483647,-101,3,Movistar,false,false
1428158519000,2147483647,2147483647,2147483647,2147483647,-101,3,Movistar,false,false
1428158519000,2147483647,2147483647,2147483647,2147483647,-101,3,Movistar,false,false
1428158579110,-1,-1,-1,-1,0,3,Movistar,true,false
1428158579110,-1,-1,-1,-1,0,3,Movistar,false,false
1428158579110,-1,-1,-1,-1,0,3,Movistar,false,false
1428158579110,-1,-1,-1,-1,0,3,Movistar,false,false
1428158579110,-1,-1,-1,-1,0,3,Movistar,false,false
1428158579110,-1,-1,-1,-1,0,3,Movistar,false,false
1428158579110,2147483647,2147483647,2147483647,2147483647,-87,3,Movistar,false,false
1428158579110,2147483647,2147483647,2147483647,2147483647,-93,3,Movistar,false,false
1428158579110,2147483647,2147483647,2147483647,2147483647,-95,3,Movistar,false,false
1428158579110,2147483647,2147483647,2147483647,2147483647,-97,3,Movistar,false,false
1428158579110,2147483647,2147483647,2147483647,2147483647,-99,3,Movistar,false,false
1428158579110,2147483647,2147483647,2147483647,2147483647,-101,3,Movistar,false,false
1428158579110,2147483647,2147483647,2147483647,2147483647,-101,3,Movistar,false,false
1428158579110,2147483647,2147483647,2147483647,2147483647,-101,3,Movistar,false,false
1428158642556,-1,-1,-1,-1,0,3,Movistar,true,false
1428158642556,-1,-1,-1,-1,0,3,Movistar,false,false
1428158642556,-1,-1,-1,-1,0,3,Movistar,false,false
1428158642556,-1,-1,-1,-1,0,3,Movistar,false,false
1428158642556,-1,-1,-1,-1,0,3,Movistar,false,false
1428158642556,-1,-1,-1,-1,0,3,Movistar,false,false
1428158642556,2147483647,2147483647,2147483647,2147483647,-83,3,Movistar,false,false
1428158642556,2147483647,2147483647,2147483647,2147483647,-93,3,Movistar,false,false
1428158642556,2147483647,2147483647,2147483647,2147483647,-95,3,Movistar,false,false
1428158642556,2147483647,2147483647,2147483647,2147483647,-95,3,Movistar,false,false
1428158642556,2147483647,2147483647,2147483647,2147483647,-97,3,Movistar,false,false
1428158642556,2147483647,2147483647,2147483647,2147483647,-101,3,Movistar,false,false
1428158642556,2147483647,2147483647,2147483647,2147483647,-101,3,Movistar,false,false
1428158642556,2147483647,2147483647,2147483647,2147483647,-103,3,Movistar,false,false
1428158702675,-1,-1,-1,-1,0,3,Movistar,true,false
1428158702675,-1,-1,-1,-1,0,3,Movistar,false,false
1428158702675,-1,-1,-1,-1,0,3,Movistar,false,false
1428158702675,-1,-1,-1,-1,0,3,Movistar,false,false
1428158702675,-1,-1,-1,-1,0,3,Movistar,false,false
1428158702675,-1,-1,-1,-1,0,3,Movistar,false,false
1428158702675,2147483647,2147483647,2147483647,2147483647,-83,3,Movistar,false,false
1428158702675,2147483647,2147483647,2147483647,2147483647,-95,3,Movistar,false,false
1428158702675,2147483647,2147483647,2147483647,2147483647,-95,3,Movistar,false,false
1428158702675,2147483647,2147483647,2147483647,2147483647,-95,3,Movistar,false,false
1428158702675,2147483647,2147483647,2147483647,2147483647,-97,3,Movistar,false,false
1428158702675,2147483647,2147483647,2147483647,2147483647,-101,3,Movistar,false,false
1428158702675,2147483647,2147483647,2147483647,2147483647,-101,3,Movistar,false,false
1428158702675,2147483647,2147483647,2147483647,2147483647,-103,3,Movistar,false,false
1428158762733,-1,-1,-1,-1,0,3,Movistar,true,false
1428158762733,-1,-1,-1,-1,0,3,Movistar,false,false
1428158762733,-1,-1,-1,-1,0,3,Movistar,false,false
1428158762733,-1,-1,-1,-1,0,3,Movistar,false,false
1428158762733,-1,-1,-1,-1,0,3,Movistar,false,false
1428158762733,-1,-1,-1,-1,0,3,Movistar,false,false
1428158762733,2147483647,2147483647,2147483647,2147483647,-83,3,Movistar,false,false
1428158762733,2147483647,2147483647,2147483647,2147483647,-93,3,Movistar,false,false
1428158762733,2147483647,2147483647,2147483647,2147483647,-95,3,Movistar,false,false
1428158762733,2147483647,2147483647,2147483647,2147483647,-95,3,Movistar,false,false
1428158762733,2147483647,2147483647,2147483647,2147483647,-97,3,Movistar,false,false
1428158762733,2147483647,2147483647,2147483647,2147483647,-101,3,Movistar,false,false
1428158762733,2147483647,2147483647,2147483647,2147483647,-103,3,Movistar,false,false
1428158762733,2147483647,2147483647,2147483647,2147483647,-103,3,Movistar,false,false
1428158822803,-1,-1,-1,-1,0,3,Movistar,true,false
1428158822803,-1,-1,-1,-1,0,3,Movistar,false,false
1428158822803,-1,-1,-1,-1,0,3,Movistar,false,false
1428158822803,-1,-1,-1,-1,0,3,Movistar,false,false
1428158822803,-1,-1,-1,-1,0,3,Movistar,false,false
1428158822803,-1,-1,-1,-1,0,3,Movistar,false,false
1428158822803,2147483647,2147483647,2147483647,2147483647,-79,3,Movistar,false,false
1428158822803,2147483647,2147483647,2147483647,2147483647,-91,3,Movistar,false,false
1428158822803,2147483647,2147483647,2147483647,2147483647,-93,3,Movistar,false,false
1428158822803,2147483647,2147483647,2147483647,2147483647,-97,3,Movistar,false,false
1428158822803,2147483647,2147483647,2147483647,2147483647,-99,3,Movistar,false,false
1428158822803,2147483647,2147483647,2147483647,2147483647,-101,3,Movistar,false,false
1428158822803,2147483647,2147483647,2147483647,2147483647,-101,3,Movistar,false,false
1428158822803,2147483647,2147483647,2147483647,2147483647,-101,3,Movistar,false,false
1428158882824,-1,-1,-1,-1,0,3,Movistar,true,false
1428158942835,-1,-1,-1,-1,0,3,Movistar,true,false
1428158942835,-1,-1,-1,-1,0,3,Movistar,false,false
1428158942835,-1,-1,-1,-1,0,3,Movistar,false,false
1428158942835,-1,-1,-1,-1,0,3,Movistar,false,false
1428158942835,-1,-1,-1,-1,0,3,Movistar,false,false
1428158942835,-1,-1,-1,-1,0,3,Movistar,false,false
1428158942835,2147483647,2147483647,2147483647,2147483647,-73,3,Movistar,false,false
1428158942835,2147483647,2147483647,2147483647,2147483647,-93,3,Movistar,false,false
1428158942835,2147483647,2147483647,2147483647,2147483647,-93,3,Movistar,false,false
1428158942835,2147483647,2147483647,2147483647,2147483647,-95,3,Movistar,false,false
1428158942835,2147483647,2147483647,2147483647,2147483647,-97,3,Movistar,false,false
1428158942835,2147483647,2147483647,2147483647,2147483647,-99,3,Movistar,false,false
1428158942835,2147483647,2147483647,2147483647,2147483647,-99,3,Movistar,false,false
1428158942835,2147483647,2147483647,2147483647,2147483647,-101,3,Movistar,false,false
1428159002879,-1,-1,-1,-1,0,3,Movistar,true,false
1428159002879,-1,-1,-1,-1,0,3,Movistar,false,false
1428159002879,-1,-1,-1,-1,0,3,Movistar,false,false
1428159002879,-1,-1,-1,-1,0,3,Movistar,false,false
1428159002879,-1,-1,-1,-1,0,3,Movistar,false,false
1428159002879,-1,-1,-1,-1,0,3,Movistar,false,false
1428159002879,2147483647,2147483647,2147483647,2147483647,-65,3,Movistar,false,false
1428159002879,2147483647,2147483647,2147483647,2147483647,-93,3,Movistar,false,false
1428159002879,2147483647,2147483647,2147483647,2147483647,-93,3,Movistar,false,false
1428159002879,2147483647,2147483647,2147483647,2147483647,-95,3,Movistar,false,false
1428159002879,2147483647,2147483647,2147483647,2147483647,-97,3,Movistar,false,false
1428159002879,2147483647,2147483647,2147483647,2147483647,-99,3,Movistar,false,false
1428159002879,2147483647,2147483647,2147483647,2147483647,-99,3,Movistar,false,false
1428159002879,2147483647,2147483647,2147483647,2147483647,-101,3,Movistar,false,false
1428159062993,-1,-1,-1,-1,0,3,Movistar,true,false
1428159062993,-1,-1,-1,-1,0,3,Movistar,false,false
1428159062993,-1,-1,-1,-1,0,3,Movistar,false,false
1428159062993,-1,-1,-1,-1,0,3,Movistar,false,false
1428159062993,-1,-1,-1,-1,0,3,Movistar,false,false
1428159062993,-1,-1,-1,-1,0,3,Movistar,false,false
1428159062993,2147483647,2147483647,2147483647,2147483647,-63,3,Movistar,false,false
1428159062993,2147483647,2147483647,2147483647,2147483647,-93,3,Movistar,false,false
1428159062993,2147483647,2147483647,2147483647,2147483647,-93,3,Movistar,false,false
1428159062993,2147483647,2147483647,2147483647,2147483647,-95,3,Movistar,false,false
1428159062993,2147483647,2147483647,2147483647,2147483647,-97,3,Movistar,false,false
1428159062993,2147483647,2147483647,2147483647,2147483647,-99,3,Movistar,false,false
1428159062993,2147483647,2147483647,2147483647,2147483647,-101,3,Movistar,false,false
1428159062993,2147483647,2147483647,2147483647,2147483647,-101,3,Movistar,false,false
1428159122988,-1,-1,-1,-1,0,3,Movistar,true,false
1428159122988,-1,-1,-1,-1,0,3,Movistar,false,false
1428159122988,-1,-1,-1,-1,0,3,Movistar,false,false
1428159122988,-1,-1,-1,-1,0,3,Movistar,false,false
1428159122988,-1,-1,-1,-1,0,3,Movistar,false,false
1428159122988,-1,-1,-1,-1,0,3,Movistar,false,false
1428159122988,2147483647,2147483647,2147483647,2147483647,-57,3,Movistar,false,false
1428159122988,2147483647,2147483647,2147483647,2147483647,-93,3,Movistar,false,false
1428159122988,2147483647,2147483647,2147483647,2147483647,-93,3,Movistar,false,false
1428159122988,2147483647,2147483647,2147483647,2147483647,-97,3,Movistar,false,false
1428159122988,2147483647,2147483647,2147483647,2147483647,-99,3,Movistar,false,false
1428159122988,2147483647,2147483647,2147483647,2147483647,-101,3,Movistar,false,false
1428159122988,2147483647,2147483647,2147483647,2147483647,-101,3,Movistar,false,false
1428159122988,2147483647,2147483647,2147483647,2147483647,-101,3,Movistar,false,false
1428159183147,-1,-1,-1,-1,0,3,Movistar,true,false
1428159183147,-1,-1,-1,-1,0,3,Movistar,false,false
1428159183147,-1,-1,-1,-1,0,3,Movistar,false,false
1428159183147,-1,-1,-1,-1,0,3,Movistar,false,false
1428159183147,-1,-1,-1,-1,0,3,Movistar,false,false
1428159183147,-1,-1,-1,-1,0,3,Movistar,false,false
1428159183147,2147483647,2147483647,2147483647,2147483647,-53,3,Movistar,false,false
1428159183147,2147483647,2147483647,2147483647,2147483647,-91,3,Movistar,false,false
1428159183147,2147483647,2147483647,2147483647,2147483647,-93,3,Movistar,false,false
1428159183147,2147483647,2147483647,2147483647,2147483647,-97,3,Movistar,false,false
1428159183147,2147483647,2147483647,2147483647,2147483647,-99,3,Movistar,false,false
1428159183147,2147483647,2147483647,2147483647,2147483647,-101,3,Movistar,false,false
1428159183147,2147483647,2147483647,2147483647,2147483647,-101,3,Movistar,false,false
1428159183147,2147483647,2147483647,2147483647,2147483647,-101,3,Movistar,false,false
1428159243202,-1,-1,-1,-1,0,3,Movistar,true,false
1428159243202,-1,-1,-1,-1,0,3,Movistar,false,false
1428159243202,-1,-1,-1,-1,0,3,Movistar,false,false
1428159243202,-1,-1,-1,-1,0,3,Movistar,false,false
1428159243202,-1,-1,-1,-1,0,3,Movistar,false,false
1428159243202,-1,-1,-1,-1,0,3,Movistar,false,false
1428159243202,2147483647,2147483647,2147483647,2147483647,-53,3,Movistar,false,false
1428159243202,2147483647,2147483647,2147483647,2147483647,-91,3,Movistar,false,false
1428159243202,2147483647,2147483647,2147483647,2147483647,-93,3,Movistar,false,false
1428159243202,2147483647,2147483647,2147483647,2147483647,-97,3,Movistar,false,false
1428159243202,2147483647,2147483647,2147483647,2147483647,-101,3,Movistar,false,false
1428159243202,2147483647,2147483647,2147483647,2147483647,-101,3,Movistar,false,false
1428159243202,2147483647,2147483647,2147483647,2147483647,-101,3,Movistar,false,false
1428159243202,2147483647,2147483647,2147483647,2147483647,-103,3,Movistar,false,false
1428159303247,-1,-1,-1,-1,0,3,Movistar,true,false
1428159303247,-1,-1,-1,-1,0,3,Movistar,false,false
1428159303247,-1,-1,-1,-1,0,3,Movistar,false,false
1428159303247,-1,-1,-1,-1,0,3,Movistar,false,false
1428159303247,-1,-1,-1,-1,0,3,Movistar,false,false
1428159303247,-1,-1,-1,-1,0,3,Movistar,false,false
1428159303247,2147483647,2147483647,2147483647,2147483647,-53,3,Movistar,false,false
1428159303247,2147483647,2147483647,2147483647,2147483647,-91,3,Movistar,false,false
1428159303247,2147483647,2147483647,2147483647,2147483647,-93,3,Movistar,false,false
1428159303247,2147483647,2147483647,2147483647,2147483647,-95,3,Movistar,false,false
1428159303247,2147483647,2147483647,2147483647,2147483647,-97,3,Movistar,false,false
1428159303247,2147483647,2147483647,2147483647,2147483647,-99,3,Movistar,false,false
1428159303247,2147483647,2147483647,2147483647,2147483647,-101,3,Movistar,false,false
1428159303247,2147483647,2147483647,2147483647,2147483647,-103,3,Movistar,false,false
1428159367887,-1,-1,-1,-1,0,3,Movistar,true,false
1428159367887,-1,-1,-1,-1,0,3,Movistar,false,false
1428159367887,-1,-1,-1,-1,0,3,Movistar,false,false
1428159367887,-1,-1,-1,-1,0,3,Movistar,false,false
1428159367887,-1,-1,-1,-1,0,3,Movistar,false,false
1428159367887,-1,-1,-1,-1,0,3,Movistar,false,false
1428159367887,2147483647,2147483647,2147483647,2147483647,-53,3,Movistar,false,false
1428159367887,2147483647,2147483647,2147483647,2147483647,-91,3,Movistar,false,false
1428159367887,2147483647,2147483647,2147483647,2147483647,-93,3,Movistar,false,false
1428159367887,2147483647,2147483647,2147483647,2147483647,-95,3,Movistar,false,false
1428159367887,2147483647,2147483647,2147483647,2147483647,-97,3,Movistar,false,false
1428159367887,2147483647,2147483647,2147483647,2147483647,-99,3,Movistar,false,false
1428159367887,2147483647,2147483647,2147483647,2147483647,-101,3,Movistar,false,false
1428159367887,2147483647,2147483647,2147483647,2147483647,-103,3,Movistar,false,false
1428159432792,-1,-1,-1,-1,0,3,Movistar,true,false
1428159432792,-1,-1,-1,-1,0,3,Movistar,false,false
1428159432792,-1,-1,-1,-1,0,3,Movistar,false,false
1428159432792,-1,-1,-1,-1,0,3,Movistar,false,false
1428159432792,-1,-1,-1,-1,0,3,Movistar,false,false
1428159432792,-1,-1,-1,-1,0,3,Movistar,false,false
1428159432792,2147483647,2147483647,2147483647,2147483647,-53,3,Movistar,false,false
1428159432792,2147483647,2147483647,2147483647,2147483647,-91,3,Movistar,false,false
1428159432792,2147483647,2147483647,2147483647,2147483647,-93,3,Movistar,false,false
1428159432792,2147483647,2147483647,2147483647,2147483647,-95,3,Movistar,false,false
1428159432792,2147483647,2147483647,2147483647,2147483647,-97,3,Movistar,false,false
1428159432792,2147483647,2147483647,2147483647,2147483647,-99,3,Movistar,false,false
1428159432792,2147483647,2147483647,2147483647,2147483647,-101,3,Movistar,false,false
1428159432792,2147483647,2147483647,2147483647,2147483647,-103,3,Movistar,false,false
1428159496349,-1,-1,-1,-1,0,3,Movistar,true,false
1428159496349,-1,-1,-1,-1,0,3,Movistar,false,false
1428159496349,-1,-1,-1,-1,0,3,Movistar,false,false
1428159496349,-1,-1,-1,-1,0,3,Movistar,false,false
1428159496349,-1,-1,-1,-1,0,3,Movistar,false,false
1428159496349,-1,-1,-1,-1,0,3,Movistar,false,false
1428159496349,2147483647,2147483647,2147483647,2147483647,-61,3,Movistar,false,false
1428159496349,2147483647,2147483647,2147483647,2147483647,-91,3,Movistar,false,false
1428159496349,2147483647,2147483647,2147483647,2147483647,-93,3,Movistar,false,false
1428159496349,2147483647,2147483647,2147483647,2147483647,-97,3,Movistar,false,false
1428159496349,2147483647,2147483647,2147483647,2147483647,-97,3,Movistar,false,false
1428159496349,2147483647,2147483647,2147483647,2147483647,-99,3,Movistar,false,false
1428159496349,2147483647,2147483647,2147483647,2147483647,-99,3,Movistar,false,false
1428159496349,2147483647,2147483647,2147483647,2147483647,-103,3,Movistar,false,false
1428159556594,-1,-1,-1,-1,0,3,Movistar,true,false
1428159556594,-1,-1,-1,-1,0,3,Movistar,false,false
1428159556594,-1,-1,-1,-1,0,3,Movistar,false,false
1428159556594,-1,-1,-1,-1,0,3,Movistar,false,false
1428159556594,-1,-1,-1,-1,0,3,Movistar,false,false
1428159556594,-1,-1,-1,-1,0,3,Movistar,false,false
1428159556594,2147483647,2147483647,2147483647,2147483647,-69,3,Movistar,false,false
1428159556594,2147483647,2147483647,2147483647,2147483647,-91,3,Movistar,false,false
1428159556594,2147483647,2147483647,2147483647,2147483647,-93,3,Movistar,false,false
1428159556594,2147483647,2147483647,2147483647,2147483647,-95,3,Movistar,false,false
1428159556594,2147483647,2147483647,2147483647,2147483647,-97,3,Movistar,false,false
1428159556594,2147483647,2147483647,2147483647,2147483647,-97,3,Movistar,false,false
1428159556594,2147483647,2147483647,2147483647,2147483647,-99,3,Movistar,false,false
1428159556594,2147483647,2147483647,2147483647,2147483647,-101,3,Movistar,false,false
1428159621573,-1,-1,-1,-1,0,3,Movistar,true,false
1428159621573,-1,-1,-1,-1,0,3,Movistar,false,false
1428159621573,-1,-1,-1,-1,0,3,Movistar,false,false
1428159621573,-1,-1,-1,-1,0,3,Movistar,false,false
1428159621573,-1,-1,-1,-1,0,3,Movistar,false,false
1428159621573,-1,-1,-1,-1,0,3,Movistar,false,false
1428159621573,2147483647,2147483647,2147483647,2147483647,-69,3,Movistar,false,false
1428159621573,2147483647,2147483647,2147483647,2147483647,-91,3,Movistar,false,false
1428159621573,2147483647,2147483647,2147483647,2147483647,-93,3,Movistar,false,false
1428159621573,2147483647,2147483647,2147483647,2147483647,-95,3,Movistar,false,false
1428159621573,2147483647,2147483647,2147483647,2147483647,-97,3,Movistar,false,false
1428159621573,2147483647,2147483647,2147483647,2147483647,-97,3,Movistar,false,false
1428159621573,2147483647,2147483647,2147483647,2147483647,-99,3,Movistar,false,false
1428159621573,2147483647,2147483647,2147483647,2147483647,-101,3,Movistar,false,false
1428159683602,-1,-1,-1,-1,0,3,Movistar,true,false
1428159683602,-1,-1,-1,-1,0,3,Movistar,false,false
1428159683602,-1,-1,-1,-1,0,3,Movistar,false,false
1428159683602,-1,-1,-1,-1,0,3,Movistar,false,false
1428159683602,-1,-1,-1,-1,0,3,Movistar,false,false
1428159683602,-1,-1,-1,-1,0,3,Movistar,false,false
1428159683602,2147483647,2147483647,2147483647,2147483647,-69,3,Movistar,false,false
1428159683602,2147483647,2147483647,2147483647,2147483647,-91,3,Movistar,false,false
1428159683602,2147483647,2147483647,2147483647,2147483647,-93,3,Movistar,false,false
1428159683602,2147483647,2147483647,2147483647,2147483647,-95,3,Movistar,false,false
1428159683602,2147483647,2147483647,2147483647,2147483647,-97,3,Movistar,false,false
1428159683602,2147483647,2147483647,2147483647,2147483647,-97,3,Movistar,false,false
1428159683602,2147483647,2147483647,2147483647,2147483647,-99,3,Movistar,false,false
1428159683602,2147483647,2147483647,2147483647,2147483647,-101,3,Movistar,false,false
1428159701865,-1,-1,-1,-1,0,3,Movistar,true,false
1428159701865,-1,-1,-1,-1,0,3,Movistar,false,false
1428159701865,-1,-1,-1,-1,0,3,Movistar,false,false
1428159701865,-1,-1,-1,-1,0,3,Movistar,false,false
1428159701865,-1,-1,-1,-1,0,3,Movistar,false,false
1428159701865,-1,-1,-1,-1,0,3,Movistar,false,false
1428159701865,-1,-1,-1,-1,0,3,Movistar,false,false
1428159701865,-1,-1,-1,-1,0,3,Movistar,false,false
1428159701865,2147483647,2147483647,2147483647,2147483647,-89,3,Movistar,false,false
1428159701865,2147483647,2147483647,2147483647,2147483647,-95,3,Movistar,false,false
1428159701865,2147483647,2147483647,2147483647,2147483647,-95,3,Movistar,false,false
1428159701865,2147483647,2147483647,2147483647,2147483647,-101,3,Movistar,false,false
1428159701865,2147483647,2147483647,2147483647,2147483647,-101,3,Movistar,false,false
1428159701865,2147483647,2147483647,2147483647,2147483647,-103,3,Movistar,false,false
1428159701865,2147483647,2147483647,2147483647,2147483647,-103,3,Movistar,false,false
1428159701865,2147483647,2147483647,2147483647,2147483647,-105,3,Movistar,false,false
1428159703831,-1,-1,-1,-1,0,3,Movistar,true,false
1428159703831,-1,-1,-1,-1,0,3,Movistar,false,false
1428159703831,-1,-1,-1,-1,0,3,Movistar,false,false
1428159703831,-1,-1,-1,-1,0,3,Movistar,false,false
1428159703831,-1,-1,-1,-1,0,3,Movistar,false,false
1428159703831,-1,-1,-1,-1,0,3,Movistar,false,false
1428159703831,-1,-1,-1,-1,0,3,Movistar,false,false
1428159703831,-1,-1,-1,-1,0,3,Movistar,false,false
1428159703831,2147483647,2147483647,2147483647,2147483647,-89,3,Movistar,false,false
1428159703831,2147483647,2147483647,2147483647,2147483647,-95,3,Movistar,false,false
1428159703831,2147483647,2147483647,2147483647,2147483647,-95,3,Movistar,false,false
1428159703831,2147483647,2147483647,2147483647,2147483647,-101,3,Movistar,false,false
1428159703831,2147483647,2147483647,2147483647,2147483647,-101,3,Movistar,false,false
1428159703831,2147483647,2147483647,2147483647,2147483647,-103,3,Movistar,false,false
1428159703831,2147483647,2147483647,2147483647,2147483647,-103,3,Movistar,false,false
1428159703831,2147483647,2147483647,2147483647,2147483647,-105,3,Movistar,false,false
1428159704178,-1,-1,-1,-1,0,3,Movistar,true,false
1428159704178,-1,-1,-1,-1,0,3,Movistar,false,false
1428159704178,-1,-1,-1,-1,0,3,Movistar,false,false
1428159704178,-1,-1,-1,-1,0,3,Movistar,false,false
1428159704178,-1,-1,-1,-1,0,3,Movistar,false,false
1428159704178,-1,-1,-1,-1,0,3,Movistar,false,false
1428159704178,-1,-1,-1,-1,0,3,Movistar,false,false
1428159704178,-1,-1,-1,-1,0,3,Movistar,false,false
1428159704178,2147483647,2147483647,2147483647,2147483647,-89,3,Movistar,false,false
1428159704178,2147483647,2147483647,2147483647,2147483647,-95,3,Movistar,false,false
1428159704178,2147483647,2147483647,2147483647,2147483647,-95,3,Movistar,false,false
1428159704178,2147483647,2147483647,2147483647,2147483647,-101,3,Movistar,false,false
1428159704178,2147483647,2147483647,2147483647,2147483647,-101,3,Movistar,false,false
1428159704178,2147483647,2147483647,2147483647,2147483647,-103,3,Movistar,false,false
1428159704178,2147483647,2147483647,2147483647,2147483647,-103,3,Movistar,false,false
1428159704178,2147483647,2147483647,2147483647,2147483647,-105,3,Movistar,false,false
1428159764750,-1,-1,-1,-1,0,3,Movistar,true,false
1428159764750,-1,-1,-1,-1,0,3,Movistar,false,false
1428159764750,-1,-1,-1,-1,0,3,Movistar,false,false
1428159764750,-1,-1,-1,-1,0,3,Movistar,false,false
1428159764750,-1,-1,-1,-1,0,3,Movistar,false,false
1428159764750,-1,-1,-1,-1,0,3,Movistar,false,false
1428159824736,-1,-1,-1,-1,0,3,Movistar,true,false
1428159824736,-1,-1,-1,-1,0,3,Movistar,false,false
1428159824736,-1,-1,-1,-1,0,3,Movistar,false,false
1428159824736,-1,-1,-1,-1,0,3,Movistar,false,false
1428159824736,-1,-1,-1,-1,0,3,Movistar,false,false
1428159824736,-1,-1,-1,-1,0,3,Movistar,false,false
1428159884758,-1,-1,-1,-1,0,3,Movistar,true,false
1428159884758,-1,-1,-1,-1,0,3,Movistar,false,false
1428159884758,-1,-1,-1,-1,0,3,Movistar,false,false
1428159884758,-1,-1,-1,-1,0,3,Movistar,false,false
1428159884758,-1,-1,-1,-1,0,3,Movistar,false,false
1428159884758,-1,-1,-1,-1,0,3,Movistar,false,false
1428159944796,-1,-1,-1,-1,0,3,Movistar,true,false
1428159944796,-1,-1,-1,-1,0,3,Movistar,false,false
1428159944796,-1,-1,-1,-1,0,3,Movistar,false,false
1428159944796,-1,-1,-1,-1,0,3,Movistar,false,false
1428159944796,-1,-1,-1,-1,0,3,Movistar,false,false
1428160004879,-1,-1,-1,-1,0,3,Movistar,true,false
1428160067047,-1,-1,-1,-1,0,3,Movistar,true,false
1428160067047,-1,-1,-1,-1,0,3,Movistar,false,false
1428160067047,-1,-1,-1,-1,0,3,Movistar,false,false
1428160067047,-1,-1,-1,-1,0,3,Movistar,false,false
1428160067047,-1,-1,-1,-1,0,3,Movistar,false,false
1428160067047,-1,-1,-1,-1,0,3,Movistar,false,false
1428160127004,-1,-1,-1,-1,0,3,Movistar,true,false
1428160127004,-1,-1,-1,-1,0,3,Movistar,false,false
1428160127004,-1,-1,-1,-1,0,3,Movistar,false,false
1428160127004,-1,-1,-1,-1,0,3,Movistar,false,false
1428160127004,-1,-1,-1,-1,0,3,Movistar,false,false
1428160127004,-1,-1,-1,-1,0,3,Movistar,false,false
1428160127004,2147483647,2147483647,2147483647,2147483647,-85,3,Movistar,false,false
1428160127004,2147483647,2147483647,2147483647,2147483647,-87,3,Movistar,false,false
1428160127004,2147483647,2147483647,2147483647,2147483647,-99,3,Movistar,false,false
1428160127004,2147483647,2147483647,2147483647,2147483647,-101,3,Movistar,false,false
1428160127004,2147483647,2147483647,2147483647,2147483647,-105,3,Movistar,false,false
1428160127004,2147483647,2147483647,2147483647,2147483647,-105,3,Movistar,false,false
1428160127004,2147483647,2147483647,2147483647,2147483647,-107,3,Movistar,false,false
1428160127004,2147483647,2147483647,2147483647,2147483647,-111,3,Movistar,false,false
1428160194322,-1,-1,-1,-1,0,3,Movistar,true,false
1428160194322,-1,-1,-1,-1,0,3,Movistar,false,false
1428160194322,-1,-1,-1,-1,0,3,Movistar,false,false
1428160194322,-1,-1,-1,-1,0,3,Movistar,false,false
1428160194322,-1,-1,-1,-1,0,3,Movistar,false,false
1428160194322,-1,-1,-1,-1,0,3,Movistar,false,false
1428160194322,2147483647,2147483647,2147483647,2147483647,-85,3,Movistar,false,false
1428160194322,2147483647,2147483647,2147483647,2147483647,-87,3,Movistar,false,false
1428160194322,2147483647,2147483647,2147483647,2147483647,-99,3,Movistar,false,false
1428160194322,2147483647,2147483647,2147483647,2147483647,-101,3,Movistar,false,false
1428160194322,2147483647,2147483647,2147483647,2147483647,-105,3,Movistar,false,false
1428160194322,2147483647,2147483647,2147483647,2147483647,-105,3,Movistar,false,false
1428160194322,2147483647,2147483647,2147483647,2147483647,-107,3,Movistar,false,false
1428160194322,2147483647,2147483647,2147483647,2147483647,-111,3,Movistar,false,false
1428160256433,-1,-1,-1,-1,0,3,Movistar,true,false
1428160256433,-1,-1,-1,-1,0,3,Movistar,false,false
1428160256433,-1,-1,-1,-1,0,3,Movistar,false,false
1428160256433,-1,-1,-1,-1,0,3,Movistar,false,false
1428160256433,-1,-1,-1,-1,0,3,Movistar,false,false
1428160256433,-1,-1,-1,-1,0,3,Movistar,false,false
1428160256433,2147483647,2147483647,2147483647,2147483647,-85,3,Movistar,false,false
1428160256433,2147483647,2147483647,2147483647,2147483647,-87,3,Movistar,false,false
1428160256433,2147483647,2147483647,2147483647,2147483647,-99,3,Movistar,false,false
1428160256433,2147483647,2147483647,2147483647,2147483647,-101,3,Movistar,false,false
1428160256433,2147483647,2147483647,2147483647,2147483647,-105,3,Movistar,false,false
1428160256433,2147483647,2147483647,2147483647,2147483647,-105,3,Movistar,false,false
1428160256433,2147483647,2147483647,2147483647,2147483647,-107,3,Movistar,false,false
1428160256433,2147483647,2147483647,2147483647,2147483647,-111,3,Movistar,false,false
1428160318563,-1,-1,-1,-1,0,3,Movistar,true,false
1428160318563,-1,-1,-1,-1,0,3,Movistar,false,false
1428160318563,-1,-1,-1,-1,0,3,Movistar,false,false
1428160318563,-1,-1,-1,-1,0,3,Movistar,false,false
1428160318563,-1,-1,-1,-1,0,3,Movistar,false,false
1428160318563,-1,-1,-1,-1,0,3,Movistar,false,false
1428160318563,2147483647,2147483647,2147483647,2147483647,-85,3,Movistar,false,false
1428160318563,2147483647,2147483647,2147483647,2147483647,-87,3,Movistar,false,false
1428160318563,2147483647,2147483647,2147483647,2147483647,-99,3,Movistar,false,false
1428160318563,2147483647,2147483647,2147483647,2147483647,-101,3,Movistar,false,false
1428160318563,2147483647,2147483647,2147483647,2147483647,-105,3,Movistar,false,false
1428160318563,2147483647,2147483647,2147483647,2147483647,-105,3,Movistar,false,false
1428160318563,2147483647,2147483647,2147483647,2147483647,-107,3,Movistar,false,false
1428160318563,2147483647,2147483647,2147483647,2147483647,-111,3,Movistar,false,false
1428160380715,-1,-1,-1,-1,0,3,Movistar,true,false
1428160380715,-1,-1,-1,-1,0,3,Movistar,false,false
1428160380715,-1,-1,-1,-1,0,3,Movistar,false,false
1428160380715,-1,-1,-1,-1,0,3,Movistar,false,false
1428160380715,-1,-1,-1,-1,0,3,Movistar,false,false
1428160380715,-1,-1,-1,-1,0,3,Movistar,false,false
1428160380715,2147483647,2147483647,2147483647,2147483647,-85,3,Movistar,false,false
1428160380715,2147483647,2147483647,2147483647,2147483647,-87,3,Movistar,false,false
1428160380715,2147483647,2147483647,2147483647,2147483647,-99,3,Movistar,false,false
1428160380715,2147483647,2147483647,2147483647,2147483647,-101,3,Movistar,false,false
1428160380715,2147483647,2147483647,2147483647,2147483647,-105,3,Movistar,false,false
1428160380715,2147483647,2147483647,2147483647,2147483647,-105,3,Movistar,false,false
1428160380715,2147483647,2147483647,2147483647,2147483647,-107,3,Movistar,false,false
1428160380715,2147483647,2147483647,2147483647,2147483647,-111,3,Movistar,false,false
1428160442867,-1,-1,-1,-1,0,3,Movistar,true,false
1428160442867,-1,-1,-1,-1,0,3,Movistar,false,false
1428160442867,-1,-1,-1,-1,0,3,Movistar,false,false
1428160442867,-1,-1,-1,-1,0,3,Movistar,false,false
1428160442867,-1,-1,-1,-1,0,3,Movistar,false,false
1428160442867,-1,-1,-1,-1,0,3,Movistar,false,false
1428160442867,2147483647,2147483647,2147483647,2147483647,-85,3,Movistar,false,false
1428160442867,2147483647,2147483647,2147483647,2147483647,-87,3,Movistar,false,false
1428160442867,2147483647,2147483647,2147483647,2147483647,-99,3,Movistar,false,false
1428160442867,2147483647,2147483647,2147483647,2147483647,-101,3,Movistar,false,false
1428160442867,2147483647,2147483647,2147483647,2147483647,-105,3,Movistar,false,false
1428160442867,2147483647,2147483647,2147483647,2147483647,-105,3,Movistar,false,false
1428160442867,2147483647,2147483647,2147483647,2147483647,-107,3,Movistar,false,false
1428160442867,2147483647,2147483647,2147483647,2147483647,-111,3,Movistar,false,false
1428160504971,-1,-1,-1,-1,0,3,Movistar,true,false
1428160504971,-1,-1,-1,-1,0,3,Movistar,false,false
1428160504971,-1,-1,-1,-1,0,3,Movistar,false,false
1428160504971,-1,-1,-1,-1,0,3,Movistar,false,false
1428160504971,-1,-1,-1,-1,0,3,Movistar,false,false
1428160504971,-1,-1,-1,-1,0,3,Movistar,false,false
1428160504971,2147483647,2147483647,2147483647,2147483647,-85,3,Movistar,false,false
1428160504971,2147483647,2147483647,2147483647,2147483647,-87,3,Movistar,false,false
1428160504971,2147483647,2147483647,2147483647,2147483647,-99,3,Movistar,false,false
1428160504971,2147483647,2147483647,2147483647,2147483647,-99,3,Movistar,false,false
1428160504971,2147483647,2147483647,2147483647,2147483647,-103,3,Movistar,false,false
1428160504971,2147483647,2147483647,2147483647,2147483647,-105,3,Movistar,false,false
1428160504971,2147483647,2147483647,2147483647,2147483647,-105,3,Movistar,false,false
1428160504971,2147483647,2147483647,2147483647,2147483647,-111,3,Movistar,false,false
1428160571447,-1,-1,-1,-1,0,3,Movistar,true,false
1428160571447,-1,-1,-1,-1,0,3,Movistar,false,false
1428160571447,-1,-1,-1,-1,0,3,Movistar,false,false
1428160571447,-1,-1,-1,-1,0,3,Movistar,false,false
1428160571447,-1,-1,-1,-1,0,3,Movistar,false,false
1428160571447,-1,-1,-1,-1,0,3,Movistar,false,false
1428160571447,2147483647,2147483647,2147483647,2147483647,-85,3,Movistar,false,false
1428160571447,2147483647,2147483647,2147483647,2147483647,-87,3,Movistar,false,false
1428160571447,2147483647,2147483647,2147483647,2147483647,-97,3,Movistar,false,false
1428160571447,2147483647,2147483647,2147483647,2147483647,-97,3,Movistar,false,false
1428160571447,2147483647,2147483647,2147483647,2147483647,-103,3,Movistar,false,false
1428160571447,2147483647,2147483647,2147483647,2147483647,-105,3,Movistar,false,false
1428160571447,2147483647,2147483647,2147483647,2147483647,-105,3,Movistar,false,false
1428160571447,2147483647,2147483647,2147483647,2147483647,-111,3,Movistar,false,false
1428160633524,-1,-1,-1,-1,0,3,Movistar,true,false
1428160633524,-1,-1,-1,-1,0,3,Movistar,false,false
1428160633524,-1,-1,-1,-1,0,3,Movistar,false,false
1428160633524,-1,-1,-1,-1,0,3,Movistar,false,false
1428160633524,-1,-1,-1,-1,0,3,Movistar,false,false
1428160633524,-1,-1,-1,-1,0,3,Movistar,false,false
1428160633524,2147483647,2147483647,2147483647,2147483647,-85,3,Movistar,false,false
1428160633524,2147483647,2147483647,2147483647,2147483647,-87,3,Movistar,false,false
1428160633524,2147483647,2147483647,2147483647,2147483647,-97,3,Movistar,false,false
1428160633524,2147483647,2147483647,2147483647,2147483647,-99,3,Movistar,false,false
1428160633524,2147483647,2147483647,2147483647,2147483647,-103,3,Movistar,false,false
1428160633524,2147483647,2147483647,2147483647,2147483647,-105,3,Movistar,false,false
1428160633524,2147483647,2147483647,2147483647,2147483647,-105,3,Movistar,false,false
1428160633524,2147483647,2147483647,2147483647,2147483647,-111,3,Movistar,false,false
1428160693607,-1,-1,-1,-1,0,3,Movistar,true,false
1428160693607,-1,-1,-1,-1,0,3,Movistar,false,false
1428160693607,-1,-1,-1,-1,0,3,Movistar,false,false
1428160693607,-1,-1,-1,-1,0,3,Movistar,false,false
1428160693607,-1,-1,-1,-1,0,3,Movistar,false,false
1428160693607,-1,-1,-1,-1,0,3,Movistar,false,false
1428160693607,2147483647,2147483647,2147483647,2147483647,-81,3,Movistar,false,false
1428160693607,2147483647,2147483647,2147483647,2147483647,-85,3,Movistar,false,false
1428160693607,2147483647,2147483647,2147483647,2147483647,-95,3,Movistar,false,false
1428160693607,2147483647,2147483647,2147483647,2147483647,-99,3,Movistar,false,false
1428160693607,2147483647,2147483647,2147483647,2147483647,-103,3,Movistar,false,false
1428160693607,2147483647,2147483647,2147483647,2147483647,-105,3,Movistar,false,false
1428160693607,2147483647,2147483647,2147483647,2147483647,-105,3,Movistar,false,false
1428160693607,2147483647,2147483647,2147483647,2147483647,-111,3,Movistar,false,false
1428160762056,-1,-1,-1,-1,0,3,Movistar,true,false
1428160762056,-1,-1,-1,-1,0,3,Movistar,false,false
1428160762056,-1,-1,-1,-1,0,3,Movistar,false,false
1428160762056,-1,-1,-1,-1,0,3,Movistar,false,false
1428160762056,-1,-1,-1,-1,0,3,Movistar,false,false
1428160762056,-1,-1,-1,-1,0,3,Movistar,false,false
1428160762056,2147483647,2147483647,2147483647,2147483647,-81,3,Movistar,false,false
1428160762056,2147483647,2147483647,2147483647,2147483647,-85,3,Movistar,false,false
1428160762056,2147483647,2147483647,2147483647,2147483647,-95,3,Movistar,false,false
1428160762056,2147483647,2147483647,2147483647,2147483647,-99,3,Movistar,false,false
1428160762056,2147483647,2147483647,2147483647,2147483647,-103,3,Movistar,false,false
1428160762056,2147483647,2147483647,2147483647,2147483647,-105,3,Movistar,false,false
1428160762056,2147483647,2147483647,2147483647,2147483647,-105,3,Movistar,false,false
1428160762056,2147483647,2147483647,2147483647,2147483647,-111,3,Movistar,false,false
1428160825591,-1,-1,-1,-1,0,3,Movistar,true,false
1428160825591,-1,-1,-1,-1,0,3,Movistar,false,false
1428160825591,-1,-1,-1,-1,0,3,Movistar,false,false
1428160825591,-1,-1,-1,-1,0,3,Movistar,false,false
1428160825591,-1,-1,-1,-1,0,3,Movistar,false,false
1428160825591,-1,-1,-1,-1,0,3,Movistar,false,false
1428160825591,2147483647,2147483647,2147483647,2147483647,-81,3,Movistar,false,false
1428160825591,2147483647,2147483647,2147483647,2147483647,-85,3,Movistar,false,false
1428160825591,2147483647,2147483647,2147483647,2147483647,-95,3,Movistar,false,false
1428160825591,2147483647,2147483647,2147483647,2147483647,-99,3,Movistar,false,false
1428160825591,2147483647,2147483647,2147483647,2147483647,-103,3,Movistar,false,false
1428160825591,2147483647,2147483647,2147483647,2147483647,-105,3,Movistar,false,false
1428160825591,2147483647,2147483647,2147483647,2147483647,-105,3,Movistar,false,false
1428160825591,2147483647,2147483647,2147483647,2147483647,-111,3,Movistar,false,false
1428160892996,-1,-1,-1,-1,0,3,Movistar,true,false
1428160892996,-1,-1,-1,-1,0,3,Movistar,false,false
1428160892996,-1,-1,-1,-1,0,3,Movistar,false,false
1428160892996,-1,-1,-1,-1,0,3,Movistar,false,false
1428160892996,-1,-1,-1,-1,0,3,Movistar,false,false
1428160892996,-1,-1,-1,-1,0,3,Movistar,false,false
1428160892996,2147483647,2147483647,2147483647,2147483647,-57,3,Movistar,false,false
1428160892996,2147483647,2147483647,2147483647,2147483647,-85,3,Movistar,false,false
1428160892996,2147483647,2147483647,2147483647,2147483647,-95,3,Movistar,false,false
1428160892996,2147483647,2147483647,2147483647,2147483647,-99,3,Movistar,false,false
1428160892996,2147483647,2147483647,2147483647,2147483647,-105,3,Movistar,false,false
1428160892996,2147483647,2147483647,2147483647,2147483647,-105,3,Movistar,false,false
1428160892996,2147483647,2147483647,2147483647,2147483647,-107,3,Movistar,false,false
1428160892996,2147483647,2147483647,2147483647,2147483647,-113,3,Movistar,false,false
1428160953108,-1,-1,-1,-1,0,3,Movistar,true,false
1428160953108,-1,-1,-1,-1,0,3,Movistar,false,false
1428160953108,-1,-1,-1,-1,0,3,Movistar,false,false
1428160953108,-1,-1,-1,-1,0,3,Movistar,false,false
1428160953108,-1,-1,-1,-1,0,3,Movistar,false,false
1428160953108,-1,-1,-1,-1,0,3,Movistar,false,false
1428160953108,2147483647,2147483647,2147483647,2147483647,-57,3,Movistar,false,false
1428160953108,2147483647,2147483647,2147483647,2147483647,-85,3,Movistar,false,false
1428160953108,2147483647,2147483647,2147483647,2147483647,-95,3,Movistar,false,false
1428160953108,2147483647,2147483647,2147483647,2147483647,-99,3,Movistar,false,false
1428160953108,2147483647,2147483647,2147483647,2147483647,-105,3,Movistar,false,false
1428160953108,2147483647,2147483647,2147483647,2147483647,-105,3,Movistar,false,false
1428160953108,2147483647,2147483647,2147483647,2147483647,-107,3,Movistar,false,false
1428160953108,2147483647,2147483647,2147483647,2147483647,-113,3,Movistar,false,false
1428160978403,-1,-1,-1,-1,0,3,Movistar,true,false
1428160978403,-1,-1,-1,-1,0,3,Movistar,false,false
1428160978403,-1,-1,-1,-1,0,3,Movistar,false,false
1428160978403,-1,-1,-1,-1,0,3,Movistar,false,false
1428160978403,-1,-1,-1,-1,0,3,Movistar,false,false
1428160978403,-1,-1,-1,-1,0,3,Movistar,false,false
1428160978403,2147483647,2147483647,2147483647,2147483647,-57,3,Movistar,false,false
1428160978403,2147483647,2147483647,2147483647,2147483647,-85,3,Movistar,false,false
1428160978403,2147483647,2147483647,2147483647,2147483647,-95,3,Movistar,false,false
1428160978403,2147483647,2147483647,2147483647,2147483647,-99,3,Movistar,false,false
1428160978403,2147483647,2147483647,2147483647,2147483647,-105,3,Movistar,false,false
1428160978403,2147483647,2147483647,2147483647,2147483647,-105,3,Movistar,false,false
1428160978403,2147483647,2147483647,2147483647,2147483647,-107,3,Movistar,false,false
1428160978403,2147483647,2147483647,2147483647,2147483647,-113,3,Movistar,false,false
1428160979107,-1,-1,-1,-1,0,3,Movistar,true,false
1428160979107,-1,-1,-1,-1,0,3,Movistar,false,false
1428160979107,-1,-1,-1,-1,0,3,Movistar,false,false
1428160979107,-1,-1,-1,-1,0,3,Movistar,false,false
1428160979107,-1,-1,-1,-1,0,3,Movistar,false,false
1428160979107,-1,-1,-1,-1,0,3,Movistar,false,false
1428160979107,2147483647,2147483647,2147483647,2147483647,-57,3,Movistar,false,false
1428160979107,2147483647,2147483647,2147483647,2147483647,-85,3,Movistar,false,false
1428160979107,2147483647,2147483647,2147483647,2147483647,-95,3,Movistar,false,false
1428160979107,2147483647,2147483647,2147483647,2147483647,-99,3,Movistar,false,false
1428160979107,2147483647,2147483647,2147483647,2147483647,-105,3,Movistar,false,false
1428160979107,2147483647,2147483647,2147483647,2147483647,-105,3,Movistar,false,false
1428160979107,2147483647,2147483647,2147483647,2147483647,-107,3,Movistar,false,false
1428160979107,2147483647,2147483647,2147483647,2147483647,-113,3,Movistar,false,false
1428161039194,-1,-1,-1,-1,0,3,Movistar,true,false
1428161039194,-1,-1,-1,-1,0,3,Movistar,false,false
1428161039194,-1,-1,-1,-1,0,3,Movistar,false,false
1428161039194,-1,-1,-1,-1,0,3,Movistar,false,false
1428161039194,-1,-1,-1,-1,0,3,Movistar,false,false
1428161039194,-1,-1,-1,-1,0,3,Movistar,false,false
1428161039194,2147483647,2147483647,2147483647,2147483647,-63,3,Movistar,false,false
1428161039194,2147483647,2147483647,2147483647,2147483647,-97,3,Movistar,false,false
1428161039194,2147483647,2147483647,2147483647,2147483647,-99,3,Movistar,false,false
1428161039194,2147483647,2147483647,2147483647,2147483647,-103,3,Movistar,false,false
1428161039194,2147483647,2147483647,2147483647,2147483647,-105,3,Movistar,false,false
1428161039194,2147483647,2147483647,2147483647,2147483647,-105,3,Movistar,false,false
1428161039194,2147483647,2147483647,2147483647,2147483647,-109,3,Movistar,false,false
1428161039194,2147483647,2147483647,2147483647,2147483647,-111,3,Movistar,false,false
1428161067381,-1,-1,-1,-1,0,3,Movistar,true,false
1428161067381,-1,-1,-1,-1,0,3,Movistar,false,false
1428161067381,-1,-1,-1,-1,0,3,Movistar,false,false
1428161067381,-1,-1,-1,-1,0,3,Movistar,false,false
1428161067381,-1,-1,-1,-1,0,3,Movistar,false,false
1428161067381,-1,-1,-1,-1,0,3,Movistar,false,false
1428161067381,2147483647,2147483647,2147483647,2147483647,-75,3,Movistar,false,false
1428161067381,2147483647,2147483647,2147483647,2147483647,-97,3,Movistar,false,false
1428161067381,2147483647,2147483647,2147483647,2147483647,-99,3,Movistar,false,false
1428161067381,2147483647,2147483647,2147483647,2147483647,-103,3,Movistar,false,false
1428161067381,2147483647,2147483647,2147483647,2147483647,-105,3,Movistar,false,false
1428161067381,2147483647,2147483647,2147483647,2147483647,-105,3,Movistar,false,false
1428161067381,2147483647,2147483647,2147483647,2147483647,-107,3,Movistar,false,false
1428161067381,2147483647,2147483647,2147483647,2147483647,-111,3,Movistar,false,false
1428161068273,-1,-1,-1,-1,0,3,Movistar,true,false
1428161068273,-1,-1,-1,-1,0,3,Movistar,false,false
1428161068273,-1,-1,-1,-1,0,3,Movistar,false,false
1428161068273,-1,-1,-1,-1,0,3,Movistar,false,false
1428161068273,-1,-1,-1,-1,0,3,Movistar,false,false
1428161068273,-1,-1,-1,-1,0,3,Movistar,false,false
1428161068273,2147483647,2147483647,2147483647,2147483647,-75,3,Movistar,false,false
1428161068273,2147483647,2147483647,2147483647,2147483647,-97,3,Movistar,false,false
1428161068273,2147483647,2147483647,2147483647,2147483647,-99,3,Movistar,false,false
1428161068273,2147483647,2147483647,2147483647,2147483647,-103,3,Movistar,false,false
1428161068273,2147483647,2147483647,2147483647,2147483647,-105,3,Movistar,false,false
1428161068273,2147483647,2147483647,2147483647,2147483647,-105,3,Movistar,false,false
1428161068273,2147483647,2147483647,2147483647,2147483647,-107,3,Movistar,false,false
1428161068273,2147483647,2147483647,2147483647,2147483647,-111,3,Movistar,false,false
1428161105526,-1,-1,-1,-1,0,3,Movistar,true,false
1428161105526,-1,-1,-1,-1,0,3,Movistar,false,false
1428161105526,-1,-1,-1,-1,0,3,Movistar,false,false
1428161105526,-1,-1,-1,-1,0,3,Movistar,false,false
1428161165546,-1,-1,-1,-1,0,3,Movistar,true,false
1428161165546,-1,-1,-1,-1,0,3,Movistar,false,false
1428161165546,-1,-1,-1,-1,0,3,Movistar,false,false
1428161165546,-1,-1,-1,-1,0,3,Movistar,false,false
1428161165546,-1,-1,-1,-1,0,3,Movistar,false,false
1428161165546,-1,-1,-1,-1,0,3,Movistar,false,false
1428161225578,-1,-1,-1,-1,0,3,Movistar,true,false
1428161225578,-1,-1,-1,-1,0,3,Movistar,false,false
1428161225578,-1,-1,-1,-1,0,3,Movistar,false,false
1428161225578,-1,-1,-1,-1,0,3,Movistar,false,false
1428161225578,-1,-1,-1,-1,0,3,Movistar,false,false
1428161225578,-1,-1,-1,-1,0,3,Movistar,false,false
1428161225578,-1,-1,-1,-1,0,3,Movistar,false,false
1428161225578,-1,-1,-1,-1,0,3,Movistar,false,false
1428161225578,2147483647,2147483647,2147483647,2147483647,-79,3,Movistar,false,false
1428161225578,2147483647,2147483647,2147483647,2147483647,-95,3,Movistar,false,false
1428161225578,2147483647,2147483647,2147483647,2147483647,-99,3,Movistar,false,false
1428161225578,2147483647,2147483647,2147483647,2147483647,-101,3,Movistar,false,false
1428161225578,2147483647,2147483647,2147483647,2147483647,-107,3,Movistar,false,false
1428161225578,2147483647,2147483647,2147483647,2147483647,-109,3,Movistar,false,false
1428161225578,2147483647,2147483647,2147483647,2147483647,-109,3,Movistar,false,false
1428161225578,2147483647,2147483647,2147483647,2147483647,-111,3,Movistar,false,false
1428161285588,-1,-1,-1,-1,0,3,Movistar,true,false
1428161285588,-1,-1,-1,-1,0,3,Movistar,false,false
1428161285588,-1,-1,-1,-1,0,3,Movistar,false,false
1428161285588,-1,-1,-1,-1,0,3,Movistar,false,false
1428161285588,-1,-1,-1,-1,0,3,Movistar,false,false
1428161345612,-1,-1,-1,-1,0,3,Movistar,true,false
1428161345612,-1,-1,-1,-1,0,3,Movistar,false,false
1428161345612,-1,-1,-1,-1,0,3,Movistar,false,false
1428161345612,-1,-1,-1,-1,0,3,Movistar,false,false
1428161345612,-1,-1,-1,-1,0,3,Movistar,false,false
1428161405641,-1,-1,-1,-1,0,3,Movistar,true,false
1428161405641,-1,-1,-1,-1,0,3,Movistar,false,false
1428161405641,-1,-1,-1,-1,0,3,Movistar,false,false
1428161405641,2147483647,2147483647,2147483647,2147483647,-53,3,Movistar,false,false
1428161405641,2147483647,2147483647,2147483647,2147483647,-89,3,Movistar,false,false
1428161405641,2147483647,2147483647,2147483647,2147483647,-103,3,Movistar,false,false
1428161405641,2147483647,2147483647,2147483647,2147483647,-105,3,Movistar,false,false
1428161405641,2147483647,2147483647,2147483647,2147483647,-107,3,Movistar,false,false
1428161405641,2147483647,2147483647,2147483647,2147483647,-111,3,Movistar,false,false
1428161405641,2147483647,2147483647,2147483647,2147483647,-113,3,Movistar,false,false
1428161405641,2147483647,2147483647,2147483647,2147483647,-113,3,Movistar,false,false
1428161465650,-1,-1,-1,-1,0,3,Movistar,true,false
1428161465650,-1,-1,-1,-1,0,3,Movistar,false,false
1428161465650,-1,-1,-1,-1,0,3,Movistar,false,false
1428161465650,-1,-1,-1,-1,0,3,Movistar,false,false
1428161465650,-1,-1,-1,-1,0,3,Movistar,false,false
1428161525666,-1,-1,-1,-1,0,3,Movistar,true,false
1428161525666,-1,-1,-1,-1,0,3,Movistar,false,false
1428161525666,-1,-1,-1,-1,0,3,Movistar,false,false
1428161525666,-1,-1,-1,-1,0,3,Movistar,false,false
1428161525666,-1,-1,-1,-1,0,3,Movistar,false,false
1428161585677,-1,-1,-1,-1,0,3,Movistar,true,false
1428161585677,-1,-1,-1,-1,0,3,Movistar,false,false
1428161585677,-1,-1,-1,-1,0,3,Movistar,false,false
1428161645791,-1,-1,-1,-1,0,3,Movistar,true,false
1428161645791,-1,-1,-1,-1,0,3,Movistar,false,false
1428161645791,-1,-1,-1,-1,0,3,Movistar,false,false
1428161645791,-1,-1,-1,-1,0,3,Movistar,false,false
1428161645791,-1,-1,-1,-1,0,3,Movistar,false,false
1428161645791,-1,-1,-1,-1,0,3,Movistar,false,false
1428161705891,-1,-1,-1,-1,0,3,Movistar,true,false
1428161705891,-1,-1,-1,-1,0,3,Movistar,false,false
1428161705891,-1,-1,-1,-1,0,3,Movistar,false,false
1428161705891,-1,-1,-1,-1,0,3,Movistar,false,false
1428161705891,-1,-1,-1,-1,0,3,Movistar,false,false
1428161705891,-1,-1,-1,-1,0,3,Movistar,false,false
1428161705891,2147483647,2147483647,2147483647,2147483647,-53,3,Movistar,false,false
1428161705891,2147483647,2147483647,2147483647,2147483647,-95,3,Movistar,false,false
1428161705891,2147483647,2147483647,2147483647,2147483647,-105,3,Movistar,false,false
1428161705891,2147483647,2147483647,2147483647,2147483647,-105,3,Movistar,false,false
1428161705891,2147483647,2147483647,2147483647,2147483647,-109,3,Movistar,false,false
1428161705891,2147483647,2147483647,2147483647,2147483647,-109,3,Movistar,false,false
1428161705891,2147483647,2147483647,2147483647,2147483647,-111,3,Movistar,false,false
1428161705891,2147483647,2147483647,2147483647,2147483647,-113,3,Movistar,false,false
1428161765928,-1,-1,-1,-1,0,3,Movistar,true,false
1428161765928,-1,-1,-1,-1,0,3,Movistar,false,false
1428161765928,-1,-1,-1,-1,0,3,Movistar,false,false
1428161765928,-1,-1,-1,-1,0,3,Movistar,false,false
1428161765928,-1,-1,-1,-1,0,3,Movistar,false,false
1428161765928,-1,-1,-1,-1,0,3,Movistar,false,false
1428161765928,2147483647,2147483647,2147483647,2147483647,-79,3,Movistar,false,false
1428161765928,2147483647,2147483647,2147483647,2147483647,-101,3,Movistar,false,false
1428161765928,2147483647,2147483647,2147483647,2147483647,-103,3,Movistar,false,false
1428161765928,2147483647,2147483647,2147483647,2147483647,-107,3,Movistar,false,false
1428161765928,2147483647,2147483647,2147483647,2147483647,-109,3,Movistar,false,false
1428161765928,2147483647,2147483647,2147483647,2147483647,-109,3,Movistar,false,false
1428161765928,2147483647,2147483647,2147483647,2147483647,-109,3,Movistar,false,false
1428161765928,2147483647,2147483647,2147483647,2147483647,-111,3,Movistar,false,false
1428161826007,-1,-1,-1,-1,0,3,Movistar,true,false
1428161826007,-1,-1,-1,-1,0,3,Movistar,false,false
1428161826007,-1,-1,-1,-1,0,3,Movistar,false,false
1428161826007,-1,-1,-1,-1,0,3,Movistar,false,false
1428161826007,-1,-1,-1,-1,0,3,Movistar,false,false
1428161826007,-1,-1,-1,-1,0,3,Movistar,false,false
1428161826007,2147483647,2147483647,2147483647,2147483647,-85,3,Movistar,false,false
1428161826007,2147483647,2147483647,2147483647,2147483647,-101,3,Movistar,false,false
1428161826007,2147483647,2147483647,2147483647,2147483647,-103,3,Movistar,false,false
1428161826007,2147483647,2147483647,2147483647,2147483647,-107,3,Movistar,false,false
1428161826007,2147483647,2147483647,2147483647,2147483647,-109,3,Movistar,false,false
1428161826007,2147483647,2147483647,2147483647,2147483647,-111,3,Movistar,false,false
1428161826007,2147483647,2147483647,2147483647,2147483647,-111,3,Movistar,false,false
1428161826007,2147483647,2147483647,2147483647,2147483647,-113,3,Movistar,false,false
1428161885981,-1,-1,-1,-1,0,3,Movistar,true,false
1428161885981,-1,-1,-1,-1,0,3,Movistar,false,false
1428161885981,-1,-1,-1,-1,0,3,Movistar,false,false
1428161885981,-1,-1,-1,-1,0,3,Movistar,false,false
1428161885981,-1,-1,-1,-1,0,3,Movistar,false,false
1428161885981,-1,-1,-1,-1,0,3,Movistar,false,false
1428161885981,-1,-1,-1,-1,0,3,Movistar,false,false
1428161885981,2147483647,2147483647,2147483647,2147483647,-91,3,Movistar,false,false
1428161885981,2147483647,2147483647,2147483647,2147483647,-103,3,Movistar,false,false
1428161885981,2147483647,2147483647,2147483647,2147483647,-105,3,Movistar,false,false
1428161885981,2147483647,2147483647,2147483647,2147483647,-107,3,Movistar,false,false
1428161885981,2147483647,2147483647,2147483647,2147483647,-109,3,Movistar,false,false
1428161885981,2147483647,2147483647,2147483647,2147483647,-111,3,Movistar,false,false
1428161885981,2147483647,2147483647,2147483647,2147483647,-111,3,Movistar,false,false
1428161885981,2147483647,2147483647,2147483647,2147483647,-113,3,Movistar,false,false
1428161946109,13151,833,7,214,-93,1,Movistar,true,false
1428161946109,11833,833,7,214,-93,1,Movistar,false,false
1428161946109,-1,0,0,0,-95,1,Movistar,false,false
1428161946109,-1,0,0,0,-99,1,Movistar,false,false
1428161946109,-1,0,0,0,-105,1,Movistar,false,false
1428161946109,-1,0,0,0,-107,1,Movistar,false,false
1428162006081,13151,833,7,214,-93,1,Movistar,true,false
1428162006081,-1,0,0,0,-93,1,Movistar,false,false
1428162006081,13153,833,7,214,-101,1,Movistar,false,false
1428162006081,23673,833,7,214,-105,1,Movistar,false,false
1428162006081,-1,0,0,0,-99,1,Movistar,false,false
1428162006081,13784,833,7,214,-105,1,Movistar,false,false
1428162066145,13151,833,7,214,-113,1,Movistar,true,false
1428162066145,-1,0,0,0,-107,1,Movistar,false,false
1428162126109,-1,-1,-1,-1,0,3,Movistar,true,false
1428162126109,-1,-1,-1,-1,0,3,Movistar,false,false
1428162126109,-1,-1,-1,-1,0,3,Movistar,false,false
1428162126109,-1,-1,-1,-1,0,3,Movistar,false,false
1428162126109,2147483647,2147483647,2147483647,2147483647,-87,3,Movistar,false,false
1428162126109,2147483647,2147483647,2147483647,2147483647,-89,3,Movistar,false,false
1428162126109,2147483647,2147483647,2147483647,2147483647,-105,3,Movistar,false,false
1428162126109,2147483647,2147483647,2147483647,2147483647,-107,3,Movistar,false,false
1428162126109,2147483647,2147483647,2147483647,2147483647,-109,3,Movistar,false,false
1428162126109,2147483647,2147483647,2147483647,2147483647,-109,3,Movistar,false,false
1428162126109,2147483647,2147483647,2147483647,2147483647,-111,3,Movistar,false,false
1428162126109,2147483647,2147483647,2147483647,2147483647,-113,3,Movistar,false,false
1428162186405,13151,833,7,214,-93,1,Movistar,true,false
1428162186405,11831,833,7,214,-91,1,Movistar,false,false
1428162186405,-1,0,0,0,-91,1,Movistar,false,false
1428162186405,-1,0,0,0,-101,1,Movistar,false,false
1428162186405,-1,0,0,0,-103,1,Movistar,false,false
1428162186405,-1,0,0,0,-105,1,Movistar,false,false
1428162186405,-1,0,0,0,-105,1,Movistar,false,false
1428162246644,11831,833,7,214,-91,2,Movistar,true,false
1428162246644,13151,833,7,214,-89,2,Movistar,false,false
1428162246644,11833,833,7,214,-91,2,Movistar,false,false
1428162246644,-1,0,0,0,-97,2,Movistar,false,false
1428162246644,-1,0,0,0,-101,2,Movistar,false,false
1428162246644,-1,0,0,0,-103,2,Movistar,false,false
1428162306643,-1,-1,-1,-1,0,3,Movistar,true,false
1428162306643,-1,-1,-1,-1,0,3,Movistar,false,false
1428162306643,-1,-1,-1,-1,0,3,Movistar,false,false
1428162306643,-1,-1,-1,-1,0,3,Movistar,false,false
1428162306643,-1,-1,-1,-1,0,3,Movistar,false,false
1428162306643,-1,-1,-1,-1,0,3,Movistar,false,false
1428162372968,-1,-1,-1,-1,0,3,Movistar,true,false
1428162372968,-1,-1,-1,-1,0,3,Movistar,false,false
1428162372968,-1,-1,-1,-1,0,3,Movistar,false,false
1428162372968,-1,-1,-1,-1,0,3,Movistar,false,false
1428162372968,-1,-1,-1,-1,0,3,Movistar,false,false
1428162372968,-1,-1,-1,-1,0,3,Movistar,false,false
1428162435779,-1,-1,-1,-1,0,3,Movistar,true,false
1428162435779,-1,-1,-1,-1,0,3,Movistar,false,false
1428162435779,-1,-1,-1,-1,0,3,Movistar,false,false
1428162435779,-1,-1,-1,-1,0,3,Movistar,false,false
1428162435779,-1,-1,-1,-1,0,3,Movistar,false,false
1428162435779,-1,-1,-1,-1,0,3,Movistar,false,false
1428162435779,-1,-1,-1,-1,0,3,Movistar,false,false
1428162496964,-1,-1,-1,-1,0,3,Movistar,true,false
1428162496964,-1,-1,-1,-1,0,3,Movistar,false,false
1428162496964,-1,-1,-1,-1,0,3,Movistar,false,false
1428162496964,-1,-1,-1,-1,0,3,Movistar,false,false
1428162496964,-1,-1,-1,-1,0,3,Movistar,false,false
1428162496964,-1,-1,-1,-1,0,3,Movistar,false,false
1428162496964,-1,-1,-1,-1,0,3,Movistar,false,false
1428162564780,-1,-1,-1,-1,0,3,Movistar,true,false
1428162564780,-1,-1,-1,-1,0,3,Movistar,false,false
1428162564780,-1,-1,-1,-1,0,3,Movistar,false,false
1428162564780,-1,-1,-1,-1,0,3,Movistar,false,false
1428162564780,-1,-1,-1,-1,0,3,Movistar,false,false
1428162564780,-1,-1,-1,-1,0,3,Movistar,false,false
1428162564780,-1,-1,-1,-1,0,3,Movistar,false,false
1428162626741,-1,-1,-1,-1,0,3,Movistar,true,false
1428162626741,-1,-1,-1,-1,0,3,Movistar,false,false
1428162626741,-1,-1,-1,-1,0,3,Movistar,false,false
1428162626741,-1,-1,-1,-1,0,3,Movistar,false,false
1428162626741,-1,-1,-1,-1,0,3,Movistar,false,false
1428162626741,-1,-1,-1,-1,0,3,Movistar,false,false
1428162626741,-1,-1,-1,-1,0,3,Movistar,false,false
1428162687945,-1,-1,-1,-1,0,3,Movistar,true,false
1428162687945,-1,-1,-1,-1,0,3,Movistar,false,false
1428162687945,-1,-1,-1,-1,0,3,Movistar,false,false
1428162687945,-1,-1,-1,-1,0,3,Movistar,false,false
1428162687945,-1,-1,-1,-1,0,3,Movistar,false,false
1428162687945,-1,-1,-1,-1,0,3,Movistar,false,false
1428162687945,-1,-1,-1,-1,0,3,Movistar,false,false
1428162750372,-1,-1,-1,-1,0,3,Movistar,true,false
1428162750372,-1,-1,-1,-1,0,3,Movistar,false,false
1428162750372,-1,-1,-1,-1,0,3,Movistar,false,false
1428162750372,-1,-1,-1,-1,0,3,Movistar,false,false
1428162750372,-1,-1,-1,-1,0,3,Movistar,false,false
1428162750372,-1,-1,-1,-1,0,3,Movistar,false,false
1428162750372,-1,-1,-1,-1,0,3,Movistar,false,false
1428162810474,-1,-1,-1,-1,0,3,Movistar,true,false
1428162810474,-1,-1,-1,-1,0,3,Movistar,false,false
1428162810474,-1,-1,-1,-1,0,3,Movistar,false,false
1428162810474,-1,-1,-1,-1,0,3,Movistar,false,false
1428162810474,-1,-1,-1,-1,0,3,Movistar,false,false
1428162810474,-1,-1,-1,-1,0,3,Movistar,false,false
1428162810474,-1,-1,-1,-1,0,3,Movistar,false,false
1428162870556,-1,-1,-1,-1,0,3,Movistar,true,false
1428162870556,-1,-1,-1,-1,0,3,Movistar,false,false
1428162870556,-1,-1,-1,-1,0,3,Movistar,false,false
1428162870556,-1,-1,-1,-1,0,3,Movistar,false,false
1428162870556,-1,-1,-1,-1,0,3,Movistar,false,false
1428162870556,-1,-1,-1,-1,0,3,Movistar,false,false
1428162930751,-1,-1,-1,-1,0,3,Movistar,true,false
1428162930751,-1,-1,-1,-1,0,3,Movistar,false,false
1428162930751,-1,-1,-1,-1,0,3,Movistar,false,false
1428162930751,-1,-1,-1,-1,0,3,Movistar,false,false
1428162930751,-1,-1,-1,-1,0,3,Movistar,false,false
1428162930751,-1,-1,-1,-1,0,3,Movistar,false,false
1428163016609,-1,-1,-1,-1,0,3,Movistar,true,false
1428163016609,-1,-1,-1,-1,0,3,Movistar,false,false
1428163016609,-1,-1,-1,-1,0,3,Movistar,false,false
1428163016609,-1,-1,-1,-1,0,3,Movistar,false,false
1428163016609,-1,-1,-1,-1,0,3,Movistar,false,false
1428163016609,-1,-1,-1,-1,0,3,Movistar,false,false
1428163076599,-1,-1,-1,-1,0,3,Movistar,true,false
1428163076599,-1,-1,-1,-1,0,3,Movistar,false,false
1428163076599,-1,-1,-1,-1,0,3,Movistar,false,false
1428163076599,-1,-1,-1,-1,0,3,Movistar,false,false
1428163076599,-1,-1,-1,-1,0,3,Movistar,false,false
1428163076599,-1,-1,-1,-1,0,3,Movistar,false,false
1428163076599,2147483647,2147483647,2147483647,2147483647,-93,3,Movistar,false,false
1428163076599,2147483647,2147483647,2147483647,2147483647,-99,3,Movistar,false,false
1428163076599,2147483647,2147483647,2147483647,2147483647,-101,3,Movistar,false,false
1428163076599,2147483647,2147483647,2147483647,2147483647,-103,3,Movistar,false,false
1428163076599,2147483647,2147483647,2147483647,2147483647,-107,3,Movistar,false,false
1428163076599,2147483647,2147483647,2147483647,2147483647,-109,3,Movistar,false,false
1428163076599,2147483647,2147483647,2147483647,2147483647,-109,3,Movistar,false,false
1428163076599,2147483647,2147483647,2147483647,2147483647,-109,3,Movistar,false,false
1428163136623,-1,-1,-1,-1,0,3,Movistar,true,false
1428163136623,-1,-1,-1,-1,0,3,Movistar,false,false
1428163136623,-1,-1,-1,-1,0,3,Movistar,false,false
1428163196732,-1,-1,-1,-1,0,3,Movistar,true,false
1428163196732,-1,-1,-1,-1,0,3,Movistar,false,false
1428163196732,-1,-1,-1,-1,0,3,Movistar,false,false
1428163196732,-1,-1,-1,-1,0,3,Movistar,false,false
1428163257809,-1,-1,-1,-1,0,3,Movistar,true,false
1428163257809,-1,-1,-1,-1,0,3,Movistar,false,false
1428163257809,-1,-1,-1,-1,0,3,Movistar,false,false
1428163257809,-1,-1,-1,-1,0,3,Movistar,false,false
1428163257809,-1,-1,-1,-1,0,3,Movistar,false,false
1428163257809,2147483647,2147483647,2147483647,2147483647,-53,3,Movistar,false,false
1428163257809,2147483647,2147483647,2147483647,2147483647,-89,3,Movistar,false,false
1428163257809,2147483647,2147483647,2147483647,2147483647,-99,3,Movistar,false,false
1428163257809,2147483647,2147483647,2147483647,2147483647,-101,3,Movistar,false,false
1428163257809,2147483647,2147483647,2147483647,2147483647,-103,3,Movistar,false,false
1428163257809,2147483647,2147483647,2147483647,2147483647,-103,3,Movistar,false,false
1428163257809,2147483647,2147483647,2147483647,2147483647,-109,3,Movistar,false,false
1428163257809,2147483647,2147483647,2147483647,2147483647,-109,3,Movistar,false,false
1428163318930,-1,-1,-1,-1,0,3,Movistar,true,false
1428163318930,-1,-1,-1,-1,0,3,Movistar,false,false
1428163382334,-1,-1,-1,-1,0,3,Movistar,true,false
1428163382334,-1,-1,-1,-1,0,3,Movistar,false,false
1428163382334,-1,-1,-1,-1,0,3,Movistar,false,false
1428163445997,-1,-1,-1,-1,0,3,Movistar,true,false
1428163445997,-1,-1,-1,-1,0,3,Movistar,false,false
1428163445997,-1,-1,-1,-1,0,3,Movistar,false,false
1428163445997,-1,-1,-1,-1,0,3,Movistar,false,false
1428163445997,-1,-1,-1,-1,0,3,Movistar,false,false
1428163445997,-1,-1,-1,-1,0,3,Movistar,false,false
1428163507372,-1,-1,-1,-1,0,3,Movistar,true,false
1428163507372,-1,-1,-1,-1,0,3,Movistar,false,false
1428163507372,-1,-1,-1,-1,0,3,Movistar,false,false
1428163507372,-1,-1,-1,-1,0,3,Movistar,false,false
1428163507372,-1,-1,-1,-1,0,3,Movistar,false,false
1428163507372,-1,-1,-1,-1,0,3,Movistar,false,false
1428163568470,-1,-1,-1,-1,0,3,Movistar,true,false
1428163568470,-1,-1,-1,-1,0,3,Movistar,false,false
1428163568470,-1,-1,-1,-1,0,3,Movistar,false,false
1428163568470,-1,-1,-1,-1,0,3,Movistar,false,false
1428163568470,-1,-1,-1,-1,0,3,Movistar,false,false
1428163634542,-1,-1,-1,-1,0,3,Movistar,true,false
1428163634542,-1,-1,-1,-1,0,3,Movistar,false,false
1428163634542,-1,-1,-1,-1,0,3,Movistar,false,false
1428163634542,-1,-1,-1,-1,0,3,Movistar,false,false
1428163634542,-1,-1,-1,-1,0,3,Movistar,false,false
1428163695614,-1,-1,-1,-1,0,3,Movistar,true,false
1428163695614,-1,-1,-1,-1,0,3,Movistar,false,false
1428163695614,-1,-1,-1,-1,0,3,Movistar,false,false
1428163695614,-1,-1,-1,-1,0,3,Movistar,false,false
1428163695614,-1,-1,-1,-1,0,3,Movistar,false,false
1428163756736,-1,-1,-1,-1,0,3,Movistar,true,false
1428163756736,-1,-1,-1,-1,0,3,Movistar,false,false
1428163756736,-1,-1,-1,-1,0,3,Movistar,false,false
1428163756736,-1,-1,-1,-1,0,3,Movistar,false,false
1428163756736,-1,-1,-1,-1,0,3,Movistar,false,false
1428163820608,-1,-1,-1,-1,0,3,Movistar,true,false
1428163820608,-1,-1,-1,-1,0,3,Movistar,false,false
1428163820608,-1,-1,-1,-1,0,3,Movistar,false,false
1428163820608,-1,-1,-1,-1,0,3,Movistar,false,false
1428163820608,-1,-1,-1,-1,0,3,Movistar,false,false
1428163880614,-1,-1,-1,-1,0,3,Movistar,true,false
1428163880614,-1,-1,-1,-1,0,3,Movistar,false,false
1428163880614,-1,-1,-1,-1,0,3,Movistar,false,false
1428163880614,-1,-1,-1,-1,0,3,Movistar,false,false
1428163880614,-1,-1,-1,-1,0,3,Movistar,false,false
1428163946536,-1,-1,-1,-1,0,3,Movistar,true,false
1428163946536,-1,-1,-1,-1,0,3,Movistar,false,false
1428163946536,-1,-1,-1,-1,0,3,Movistar,false,false
1428163946536,-1,-1,-1,-1,0,3,Movistar,false,false
1428163946536,-1,-1,-1,-1,0,3,Movistar,false,false
1428164006714,-1,-1,-1,-1,0,3,Movistar,true,false
1428164006714,-1,-1,-1,-1,0,3,Movistar,false,false
1428164006714,-1,-1,-1,-1,0,3,Movistar,false,false
1428164006714,-1,-1,-1,-1,0,3,Movistar,false,false
1428164006714,-1,-1,-1,-1,0,3,Movistar,false,false
1428164066748,-1,-1,-1,-1,0,3,Movistar,true,false
1428164066748,-1,-1,-1,-1,0,3,Movistar,false,false
1428164066748,-1,-1,-1,-1,0,3,Movistar,false,false
1428164066748,-1,-1,-1,-1,0,3,Movistar,false,false
1428164066748,-1,-1,-1,-1,0,3,Movistar,false,false
1428164126778,-1,-1,-1,-1,0,3,Movistar,true,false
1428164126778,-1,-1,-1,-1,0,3,Movistar,false,false
1428164126778,-1,-1,-1,-1,0,3,Movistar,false,false
1428164126778,-1,-1,-1,-1,0,3,Movistar,false,false
1428164126778,-1,-1,-1,-1,0,3,Movistar,false,false
1428164188259,-1,-1,-1,-1,0,3,Movistar,true,false
1428164188259,-1,-1,-1,-1,0,3,Movistar,false,false
1428164188259,-1,-1,-1,-1,0,3,Movistar,false,false
1428164188259,-1,-1,-1,-1,0,3,Movistar,false,false
1428164188259,-1,-1,-1,-1,0,3,Movistar,false,false
1428164259547,-1,-1,-1,-1,0,3,Movistar,true,false
1428164259547,-1,-1,-1,-1,0,3,Movistar,false,false
1428164259547,-1,-1,-1,-1,0,3,Movistar,false,false
1428164259547,-1,-1,-1,-1,0,3,Movistar,false,false
1428164259547,-1,-1,-1,-1,0,3,Movistar,false,false
1428164319667,-1,-1,-1,-1,0,3,Movistar,true,false
1428164319667,-1,-1,-1,-1,0,3,Movistar,false,false
1428164319667,-1,-1,-1,-1,0,3,Movistar,false,false
1428164319667,-1,-1,-1,-1,0,3,Movistar,false,false
1428164319667,-1,-1,-1,-1,0,3,Movistar,false,false
1428164380207,-1,-1,-1,-1,0,3,Movistar,true,false
1428164380207,-1,-1,-1,-1,0,3,Movistar,false,false
1428164380207,-1,-1,-1,-1,0,3,Movistar,false,false
1428164380207,-1,-1,-1,-1,0,3,Movistar,false,false
1428164440324,-1,-1,-1,-1,0,3,Movistar,true,false
1428164440324,-1,-1,-1,-1,0,3,Movistar,false,false
1428164440324,-1,-1,-1,-1,0,3,Movistar,false,false
1428164440324,-1,-1,-1,-1,0,3,Movistar,false,false
1428164501959,-1,-1,-1,-1,0,3,Movistar,true,false
1428164501959,-1,-1,-1,-1,0,3,Movistar,false,false
1428164501959,-1,-1,-1,-1,0,3,Movistar,false,false
1428164501959,-1,-1,-1,-1,0,3,Movistar,false,false
1428164562015,-1,-1,-1,-1,0,3,Movistar,true,false
1428164622230,-1,-1,-1,-1,0,3,Movistar,true,false
1428164622230,-1,-1,-1,-1,0,3,Movistar,false,false
1428164622230,-1,-1,-1,-1,0,3,Movistar,false,false
1428164622230,-1,-1,-1,-1,0,3,Movistar,false,false
1428164705221,-1,-1,-1,-1,0,3,Movistar,true,false
1428164705221,-1,-1,-1,-1,0,3,Movistar,false,false
1428164705221,-1,-1,-1,-1,0,3,Movistar,false,false
1428164705221,-1,-1,-1,-1,0,3,Movistar,false,false
1428164765354,-1,-1,-1,-1,0,3,Movistar,true,false
1428164765354,-1,-1,-1,-1,0,3,Movistar,false,false
1428164765354,-1,-1,-1,-1,0,3,Movistar,false,false
1428164765354,-1,-1,-1,-1,0,3,Movistar,false,false
1428164825461,-1,-1,-1,-1,0,3,Movistar,true,false
1428164825461,-1,-1,-1,-1,0,3,Movistar,false,false
1428164825461,-1,-1,-1,-1,0,3,Movistar,false,false
1428164825461,-1,-1,-1,-1,0,3,Movistar,false,false
1428164885559,-1,-1,-1,-1,0,3,Movistar,true,false
1428164885559,-1,-1,-1,-1,0,3,Movistar,false,false
1428164885559,-1,-1,-1,-1,0,3,Movistar,false,false
1428164951748,-1,-1,-1,-1,0,3,Movistar,true,false
1428164951748,-1,-1,-1,-1,0,3,Movistar,false,false
1428164951748,-1,-1,-1,-1,0,3,Movistar,false,false
1428164951748,-1,-1,-1,-1,0,3,Movistar,false,false
1428164951748,-1,-1,-1,-1,0,3,Movistar,false,false
1428164951748,-1,-1,-1,-1,0,3,Movistar,false,false
1428164951748,-1,-1,-1,-1,0,3,Movistar,false,false
1428165012724,-1,-1,-1,-1,0,3,Movistar,true,false
1428165012724,-1,-1,-1,-1,0,3,Movistar,false,false
1428165012724,-1,-1,-1,-1,0,3,Movistar,false,false
1428165012724,-1,-1,-1,-1,0,3,Movistar,false,false
1428165012724,-1,-1,-1,-1,0,3,Movistar,false,false
1428165012724,-1,-1,-1,-1,0,3,Movistar,false,false
1428165012724,-1,-1,-1,-1,0,3,Movistar,false,false
1428165073027,-1,-1,-1,-1,0,3,Movistar,true,false
1428165073027,-1,-1,-1,-1,0,3,Movistar,false,false
1428165073027,-1,-1,-1,-1,0,3,Movistar,false,false
1428165073027,-1,-1,-1,-1,0,3,Movistar,false,false
1428165073027,-1,-1,-1,-1,0,3,Movistar,false,false
1428165073027,-1,-1,-1,-1,0,3,Movistar,false,false
1428165073027,-1,-1,-1,-1,0,3,Movistar,false,false
1428165133759,-1,-1,-1,-1,0,3,Movistar,true,false
1428165133759,-1,-1,-1,-1,0,3,Movistar,false,false
1428165133759,-1,-1,-1,-1,0,3,Movistar,false,false
1428165133759,-1,-1,-1,-1,0,3,Movistar,false,false
1428165133759,-1,-1,-1,-1,0,3,Movistar,false,false
1428165133759,-1,-1,-1,-1,0,3,Movistar,false,false
1428165133759,-1,-1,-1,-1,0,3,Movistar,false,false
1428165194364,-1,-1,-1,-1,0,3,Movistar,true,false
1428165194364,-1,-1,-1,-1,0,3,Movistar,false,false
1428165194364,-1,-1,-1,-1,0,3,Movistar,false,false
1428165194364,-1,-1,-1,-1,0,3,Movistar,false,false
1428165194364,-1,-1,-1,-1,0,3,Movistar,false,false
1428165194364,-1,-1,-1,-1,0,3,Movistar,false,false
1428165194364,-1,-1,-1,-1,0,3,Movistar,false,false
1428165254400,-1,-1,-1,-1,0,3,Movistar,true,false
1428165254400,-1,-1,-1,-1,0,3,Movistar,false,false
1428165254400,-1,-1,-1,-1,0,3,Movistar,false,false
1428165254400,-1,-1,-1,-1,0,3,Movistar,false,false
1428165254400,-1,-1,-1,-1,0,3,Movistar,false,false
1428165254400,-1,-1,-1,-1,0,3,Movistar,false,false
1428165254400,-1,-1,-1,-1,0,3,Movistar,false,false
1428165314771,-1,-1,-1,-1,0,3,Movistar,true,false
1428165314771,-1,-1,-1,-1,0,3,Movistar,false,false
1428165314771,-1,-1,-1,-1,0,3,Movistar,false,false
1428165314771,-1,-1,-1,-1,0,3,Movistar,false,false
1428165314771,-1,-1,-1,-1,0,3,Movistar,false,false
1428165314771,-1,-1,-1,-1,0,3,Movistar,false,false
1428165314771,-1,-1,-1,-1,0,3,Movistar,false,false
1428165388808,-1,-1,-1,-1,0,3,Movistar,true,false
1428165388808,-1,-1,-1,-1,0,3,Movistar,false,false
1428165388808,-1,-1,-1,-1,0,3,Movistar,false,false
1428165388808,-1,-1,-1,-1,0,3,Movistar,false,false
1428165388808,-1,-1,-1,-1,0,3,Movistar,false,false
1428165388808,-1,-1,-1,-1,0,3,Movistar,false,false
1428165388808,-1,-1,-1,-1,0,3,Movistar,false,false
1428165449054,-1,-1,-1,-1,0,3,Movistar,true,false
1428165449054,-1,-1,-1,-1,0,3,Movistar,false,false
1428165449054,-1,-1,-1,-1,0,3,Movistar,false,false
1428165449054,-1,-1,-1,-1,0,3,Movistar,false,false
1428165449054,-1,-1,-1,-1,0,3,Movistar,false,false
1428165449054,-1,-1,-1,-1,0,3,Movistar,false,false
1428165449054,-1,-1,-1,-1,0,3,Movistar,false,false
1428165509017,-1,-1,-1,-1,0,3,Movistar,true,false
1428165509017,-1,-1,-1,-1,0,3,Movistar,false,false
1428165509017,-1,-1,-1,-1,0,3,Movistar,false,false
1428165509017,-1,-1,-1,-1,0,3,Movistar,false,false
1428165509017,-1,-1,-1,-1,0,3,Movistar,false,false
1428165509017,-1,-1,-1,-1,0,3,Movistar,false,false
1428165569138,-1,-1,-1,-1,0,3,Movistar,true,false
1428165569138,-1,-1,-1,-1,0,3,Movistar,false,false
1428165569138,-1,-1,-1,-1,0,3,Movistar,false,false
1428165569138,-1,-1,-1,-1,0,3,Movistar,false,false
1428165569138,-1,-1,-1,-1,0,3,Movistar,false,false
1428165569138,-1,-1,-1,-1,0,3,Movistar,false,false
1428165569138,2147483647,2147483647,2147483647,2147483647,-85,3,Movistar,false,false
1428165569138,2147483647,2147483647,2147483647,2147483647,-87,3,Movistar,false,false
1428165569138,2147483647,2147483647,2147483647,2147483647,-99,3,Movistar,false,false
1428165569138,2147483647,2147483647,2147483647,2147483647,-109,3,Movistar,false,false
1428165569138,2147483647,2147483647,2147483647,2147483647,-109,3,Movistar,false,false
1428165569138,2147483647,2147483647,2147483647,2147483647,-109,3,Movistar,false,false
1428165569138,2147483647,2147483647,2147483647,2147483647,-111,3,Movistar,false,false
1428165569138,2147483647,2147483647,2147483647,2147483647,-113,3,Movistar,false,false
1428165629283,-1,-1,-1,-1,0,3,Movistar,true,false
1428165629283,-1,-1,-1,-1,0,3,Movistar,false,false
1428165629283,-1,-1,-1,-1,0,3,Movistar,false,false
1428165629283,-1,-1,-1,-1,0,3,Movistar,false,false
1428165629283,-1,-1,-1,-1,0,3,Movistar,false,false
1428165629283,-1,-1,-1,-1,0,3,Movistar,false,false
1428165629283,2147483647,2147483647,2147483647,2147483647,-85,3,Movistar,false,false
1428165629283,2147483647,2147483647,2147483647,2147483647,-87,3,Movistar,false,false
1428165629283,2147483647,2147483647,2147483647,2147483647,-99,3,Movistar,false,false
1428165629283,2147483647,2147483647,2147483647,2147483647,-109,3,Movistar,false,false
1428165629283,2147483647,2147483647,2147483647,2147483647,-109,3,Movistar,false,false
1428165629283,2147483647,2147483647,2147483647,2147483647,-109,3,Movistar,false,false
1428165629283,2147483647,2147483647,2147483647,2147483647,-111,3,Movistar,false,false
1428165629283,2147483647,2147483647,2147483647,2147483647,-113,3,Movistar,false,false
1428165689352,-1,-1,-1,-1,0,3,Movistar,true,false
1428165749454,-1,-1,-1,-1,0,3,Movistar,true,false
1428165749454,-1,-1,-1,-1,0,3,Movistar,false,false
1428165749454,-1,-1,-1,-1,0,3,Movistar,false,false
1428165749454,-1,-1,-1,-1,0,3,Movistar,false,false
1428165749454,-1,-1,-1,-1,0,3,Movistar,false,false
1428165749454,-1,-1,-1,-1,0,3,Movistar,false,false
1428165809677,-1,-1,-1,-1,0,3,Movistar,true,false
1428165809677,-1,-1,-1,-1,0,3,Movistar,false,false
1428165809677,-1,-1,-1,-1,0,3,Movistar,false,false
1428165809677,-1,-1,-1,-1,0,3,Movistar,false,false
1428165809677,-1,-1,-1,-1,0,3,Movistar,false,false
1428165809677,-1,-1,-1,-1,0,3,Movistar,false,false
1428165890959,-1,-1,-1,-1,0,3,Movistar,true,false
1428165890959,-1,-1,-1,-1,0,3,Movistar,false,false
1428165890959,-1,-1,-1,-1,0,3,Movistar,false,false
1428165890959,-1,-1,-1,-1,0,3,Movistar,false,false
1428165890959,-1,-1,-1,-1,0,3,Movistar,false,false
1428165890959,-1,-1,-1,-1,0,3,Movistar,false,false
1428165960108,-1,-1,-1,-1,0,3,Movistar,true,false
1428165960108,-1,-1,-1,-1,0,3,Movistar,false,false
1428165960108,-1,-1,-1,-1,0,3,Movistar,false,false
1428165960108,-1,-1,-1,-1,0,3,Movistar,false,false
1428165960108,-1,-1,-1,-1,0,3,Movistar,false,false
1428165960108,-1,-1,-1,-1,0,3,Movistar,false,false
1428166027775,-1,-1,-1,-1,0,3,Movistar,true,false
1428166027775,-1,-1,-1,-1,0,3,Movistar,false,false
1428166027775,-1,-1,-1,-1,0,3,Movistar,false,false
1428166027775,-1,-1,-1,-1,0,3,Movistar,false,false
1428166027775,-1,-1,-1,-1,0,3,Movistar,false,false
1428166027775,-1,-1,-1,-1,0,3,Movistar,false,false
1428166090018,-1,-1,-1,-1,0,3,Movistar,true,false
1428166090018,-1,-1,-1,-1,0,3,Movistar,false,false
1428166090018,-1,-1,-1,-1,0,3,Movistar,false,false
1428166090018,-1,-1,-1,-1,0,3,Movistar,false,false
1428166090018,-1,-1,-1,-1,0,3,Movistar,false,false
1428166090018,-1,-1,-1,-1,0,3,Movistar,false,false
1428166152054,-1,-1,-1,-1,0,3,Movistar,true,false
1428166152054,-1,-1,-1,-1,0,3,Movistar,false,false
1428166152054,-1,-1,-1,-1,0,3,Movistar,false,false
1428166152054,-1,-1,-1,-1,0,3,Movistar,false,false
1428166152054,-1,-1,-1,-1,0,3,Movistar,false,false
1428166152054,-1,-1,-1,-1,0,3,Movistar,false,false
1428166214056,-1,-1,-1,-1,0,3,Movistar,true,false
1428166214056,-1,-1,-1,-1,0,3,Movistar,false,false
1428166214056,-1,-1,-1,-1,0,3,Movistar,false,false
1428166214056,-1,-1,-1,-1,0,3,Movistar,false,false
1428166214056,-1,-1,-1,-1,0,3,Movistar,false,false
1428166276176,-1,-1,-1,-1,0,3,Movistar,true,false
1428166276176,-1,-1,-1,-1,0,3,Movistar,false,false
1428166276176,-1,-1,-1,-1,0,3,Movistar,false,false
1428166276176,-1,-1,-1,-1,0,3,Movistar,false,false
1428166276176,-1,-1,-1,-1,0,3,Movistar,false,false
1428166339190,-1,-1,-1,-1,0,3,Movistar,true,false
1428166339190,-1,-1,-1,-1,0,3,Movistar,false,false
1428166339190,-1,-1,-1,-1,0,3,Movistar,false,false
1428166339190,-1,-1,-1,-1,0,3,Movistar,false,false
1428166339190,-1,-1,-1,-1,0,3,Movistar,false,false
1428166401223,-1,-1,-1,-1,0,3,Movistar,true,false
1428166401223,-1,-1,-1,-1,0,3,Movistar,false,false
1428166401223,-1,-1,-1,-1,0,3,Movistar,false,false
1428166401223,-1,-1,-1,-1,0,3,Movistar,false,false
1428166401223,-1,-1,-1,-1,0,3,Movistar,false,false
1428166463269,-1,-1,-1,-1,0,3,Movistar,true,false
1428166463269,-1,-1,-1,-1,0,3,Movistar,false,false
1428166463269,-1,-1,-1,-1,0,3,Movistar,false,false
1428166463269,-1,-1,-1,-1,0,3,Movistar,false,false
1428166463269,-1,-1,-1,-1,0,3,Movistar,false,false
1428166526410,-1,-1,-1,-1,0,3,Movistar,true,false
1428166526410,-1,-1,-1,-1,0,3,Movistar,false,false
1428166526410,-1,-1,-1,-1,0,3,Movistar,false,false
1428166526410,-1,-1,-1,-1,0,3,Movistar,false,false
1428166526410,-1,-1,-1,-1,0,3,Movistar,false,false
1428166592964,-1,-1,-1,-1,0,3,Movistar,true,false
1428166592964,-1,-1,-1,-1,0,3,Movistar,false,false
1428166592964,-1,-1,-1,-1,0,3,Movistar,false,false
1428166592964,-1,-1,-1,-1,0,3,Movistar,false,false
1428166592964,-1,-1,-1,-1,0,3,Movistar,false,false
1428166655007,-1,-1,-1,-1,0,3,Movistar,true,false
1428166655007,-1,-1,-1,-1,0,3,Movistar,false,false
1428166655007,-1,-1,-1,-1,0,3,Movistar,false,false
1428166655007,-1,-1,-1,-1,0,3,Movistar,false,false
1428166655007,-1,-1,-1,-1,0,3,Movistar,false,false
1428166717128,-1,-1,-1,-1,0,3,Movistar,true,false
1428166717128,-1,-1,-1,-1,0,3,Movistar,false,false
1428166717128,-1,-1,-1,-1,0,3,Movistar,false,false
1428166717128,-1,-1,-1,-1,0,3,Movistar,false,false
1428166717128,-1,-1,-1,-1,0,3,Movistar,false,false
1428166781436,-1,-1,-1,-1,0,3,Movistar,true,false
1428166781436,-1,-1,-1,-1,0,3,Movistar,false,false
1428166781436,-1,-1,-1,-1,0,3,Movistar,false,false
1428166781436,-1,-1,-1,-1,0,3,Movistar,false,false
1428166781436,-1,-1,-1,-1,0,3,Movistar,false,false
1428166849222,-1,-1,-1,-1,0,3,Movistar,true,false
1428166849222,-1,-1,-1,-1,0,3,Movistar,false,false
1428166849222,-1,-1,-1,-1,0,3,Movistar,false,false
1428166849222,-1,-1,-1,-1,0,3,Movistar,false,false
1428166849222,-1,-1,-1,-1,0,3,Movistar,false,false
1428166909914,-1,-1,-1,-1,0,3,Movistar,true,false
1428166909914,-1,-1,-1,-1,0,3,Movistar,false,false
1428166909914,-1,-1,-1,-1,0,3,Movistar,false,false
1428166909914,-1,-1,-1,-1,0,3,Movistar,false,false
1428166909914,-1,-1,-1,-1,0,3,Movistar,false,false
1428166977623,-1,-1,-1,-1,0,3,Movistar,true,false
1428166977623,-1,-1,-1,-1,0,3,Movistar,false,false
1428166977623,-1,-1,-1,-1,0,3,Movistar,false,false
1428166977623,-1,-1,-1,-1,0,3,Movistar,false,false
1428166977623,-1,-1,-1,-1,0,3,Movistar,false,false
1428167048107,-1,-1,-1,-1,0,3,Movistar,true,false
1428167048107,-1,-1,-1,-1,0,3,Movistar,false,false
1428167048107,-1,-1,-1,-1,0,3,Movistar,false,false
1428167048107,-1,-1,-1,-1,0,3,Movistar,false,false
1428167048107,-1,-1,-1,-1,0,3,Movistar,false,false
1428167110347,-1,-1,-1,-1,0,3,Movistar,true,false
1428167110347,-1,-1,-1,-1,0,3,Movistar,false,false
1428167110347,-1,-1,-1,-1,0,3,Movistar,false,false
1428167110347,-1,-1,-1,-1,0,3,Movistar,false,false
1428167110347,-1,-1,-1,-1,0,3,Movistar,false,false
1428167172459,-1,-1,-1,-1,0,3,Movistar,true,false
1428167172459,-1,-1,-1,-1,0,3,Movistar,false,false
1428167172459,-1,-1,-1,-1,0,3,Movistar,false,false
1428167172459,-1,-1,-1,-1,0,3,Movistar,false,false
1428167172459,-1,-1,-1,-1,0,3,Movistar,false,false
1428167172459,-1,-1,-1,-1,0,3,Movistar,false,false
1428167234567,-1,-1,-1,-1,0,3,Movistar,true,false
1428167234567,-1,-1,-1,-1,0,3,Movistar,false,false
1428167234567,-1,-1,-1,-1,0,3,Movistar,false,false
1428167234567,-1,-1,-1,-1,0,3,Movistar,false,false
1428167234567,-1,-1,-1,-1,0,3,Movistar,false,false
1428167234567,-1,-1,-1,-1,0,3,Movistar,false,false
1428167296616,-1,-1,-1,-1,0,3,Movistar,true,false
1428167296616,-1,-1,-1,-1,0,3,Movistar,false,false
1428167296616,-1,-1,-1,-1,0,3,Movistar,false,false
1428167296616,-1,-1,-1,-1,0,3,Movistar,false,false
1428167296616,-1,-1,-1,-1,0,3,Movistar,false,false
1428167296616,-1,-1,-1,-1,0,3,Movistar,false,false
1428167356667,-1,-1,-1,-1,0,3,Movistar,true,false
1428167416674,-1,-1,-1,-1,0,3,Movistar,true,false
1428167416674,-1,-1,-1,-1,0,3,Movistar,false,false
1428167416674,-1,-1,-1,-1,0,3,Movistar,false,false
1428167416674,-1,-1,-1,-1,0,3,Movistar,false,false
1428167416674,-1,-1,-1,-1,0,3,Movistar,false,false
1428167416674,2147483647,2147483647,2147483647,2147483647,-55,3,Movistar,false,false
1428167416674,2147483647,2147483647,2147483647,2147483647,-81,3,Movistar,false,false
1428167416674,2147483647,2147483647,2147483647,2147483647,-99,3,Movistar,false,false
1428167416674,2147483647,2147483647,2147483647,2147483647,-107,3,Movistar,false,false
1428167416674,2147483647,2147483647,2147483647,2147483647,-109,3,Movistar,false,false
1428167416674,2147483647,2147483647,2147483647,2147483647,-109,3,Movistar,false,false
1428167416674,2147483647,2147483647,2147483647,2147483647,-111,3,Movistar,false,false
1428167416674,2147483647,2147483647,2147483647,2147483647,-113,3,Movistar,false,false
1428167476692,-1,-1,-1,-1,0,3,Movistar,true,false
1428167476692,-1,-1,-1,-1,0,3,Movistar,false,false
1428167476692,-1,-1,-1,-1,0,3,Movistar,false,false
1428167476692,-1,-1,-1,-1,0,3,Movistar,false,false
1428167476692,-1,-1,-1,-1,0,3,Movistar,false,false
1428167476692,-1,-1,-1,-1,0,3,Movistar,false,false
1428167536717,-1,-1,-1,-1,0,3,Movistar,true,false
1428167536717,-1,-1,-1,-1,0,3,Movistar,false,false
1428167536717,-1,-1,-1,-1,0,3,Movistar,false,false
1428167536717,-1,-1,-1,-1,0,3,Movistar,false,false
1428167596761,-1,-1,-1,-1,0,3,Movistar,true,false
1428167596761,-1,-1,-1,-1,0,3,Movistar,false,false
1428167596761,-1,-1,-1,-1,0,3,Movistar,false,false
1428167596761,-1,-1,-1,-1,0,3,Movistar,false,false
1428167596761,-1,-1,-1,-1,0,3,Movistar,false,false
1428167596761,2147483647,2147483647,2147483647,2147483647,-83,3,Movistar,false,false
1428167596761,2147483647,2147483647,2147483647,2147483647,-107,3,Movistar,false,false
1428167596761,2147483647,2147483647,2147483647,2147483647,-109,3,Movistar,false,false
1428167596761,2147483647,2147483647,2147483647,2147483647,-109,3,Movistar,false,false
1428167596761,2147483647,2147483647,2147483647,2147483647,-109,3,Movistar,false,false
1428167596761,2147483647,2147483647,2147483647,2147483647,-111,3,Movistar,false,false
1428167596761,2147483647,2147483647,2147483647,2147483647,-111,3,Movistar,false,false
1428167596761,2147483647,2147483647,2147483647,2147483647,-111,3,Movistar,false,false
1428167657008,-1,-1,-1,-1,0,3,Movistar,true,false
1428167657008,-1,-1,-1,-1,0,3,Movistar,false,false
1428167657008,-1,-1,-1,-1,0,3,Movistar,false,false
1428167657008,-1,-1,-1,-1,0,3,Movistar,false,false
1428167657008,2147483647,2147483647,2147483647,2147483647,-83,3,Movistar,false,false
1428167657008,2147483647,2147483647,2147483647,2147483647,-103,3,Movistar,false,false
1428167657008,2147483647,2147483647,2147483647,2147483647,-105,3,Movistar,false,false
1428167657008,2147483647,2147483647,2147483647,2147483647,-109,3,Movistar,false,false
1428167657008,2147483647,2147483647,2147483647,2147483647,-111,3,Movistar,false,false
1428167657008,2147483647,2147483647,2147483647,2147483647,-111,3,Movistar,false,false
1428167657008,2147483647,2147483647,2147483647,2147483647,-111,3,Movistar,false,false
1428167657008,2147483647,2147483647,2147483647,2147483647,-111,3,Movistar,false,false
1428167724723,-1,-1,-1,-1,0,3,Movistar,true,false
1428167724723,-1,-1,-1,-1,0,3,Movistar,false,false
1428167724723,-1,-1,-1,-1,0,3,Movistar,false,false
1428167724723,-1,-1,-1,-1,0,3,Movistar,false,false
1428167724723,-1,-1,-1,-1,0,3,Movistar,false,false
1428167724723,-1,-1,-1,-1,0,3,Movistar,false,false
1428167786935,11831,833,7,214,-87,2,Movistar,true,false
1428167786935,13784,833,7,214,-93,2,Movistar,false,false
1428167786935,13151,833,7,214,-93,2,Movistar,false,false
1428167786935,-1,0,0,0,-97,2,Movistar,false,false
1428167786935,-1,0,0,0,-99,2,Movistar,false,false
1428167786935,-1,0,0,0,-101,2,Movistar,false,false
1428167786935,-1,0,0,0,-101,2,Movistar,false,false
1428167853273,-1,-1,-1,-1,0,3,Movistar,true,false
1428167853273,-1,-1,-1,-1,0,3,Movistar,false,false
1428167853273,-1,-1,-1,-1,0,3,Movistar,false,false
1428167853273,-1,-1,-1,-1,0,3,Movistar,false,false
1428167853273,-1,-1,-1,-1,0,3,Movistar,false,false
1428167853273,-1,-1,-1,-1,0,3,Movistar,false,false
1428167853273,-1,-1,-1,-1,0,3,Movistar,false,false
1428167853273,2147483647,2147483647,2147483647,2147483647,-75,3,Movistar,false,false
1428167853273,2147483647,2147483647,2147483647,2147483647,-87,3,Movistar,false,false
1428167853273,2147483647,2147483647,2147483647,2147483647,-99,3,Movistar,false,false
1428167853273,2147483647,2147483647,2147483647,2147483647,-103,3,Movistar,false,false
1428167853273,2147483647,2147483647,2147483647,2147483647,-105,3,Movistar,false,false
1428167853273,2147483647,2147483647,2147483647,2147483647,-107,3,Movistar,false,false
1428167853273,2147483647,2147483647,2147483647,2147483647,-109,3,Movistar,false,false
1428167853273,2147483647,2147483647,2147483647,2147483647,-109,3,Movistar,false,false
1428167913341,-1,-1,-1,-1,0,3,Movistar,true,false
1428167913341,-1,-1,-1,-1,0,3,Movistar,false,false
1428167913341,-1,-1,-1,-1,0,3,Movistar,false,false
1428167913341,-1,-1,-1,-1,0,3,Movistar,false,false
1428167913341,-1,-1,-1,-1,0,3,Movistar,false,false
1428167913341,-1,-1,-1,-1,0,3,Movistar,false,false
1428167913341,-1,-1,-1,-1,0,3,Movistar,false,false
1428167913341,2147483647,2147483647,2147483647,2147483647,-73,3,Movistar,false,false
1428167913341,2147483647,2147483647,2147483647,2147483647,-87,3,Movistar,false,false
1428167913341,2147483647,2147483647,2147483647,2147483647,-97,3,Movistar,false,false
1428167913341,2147483647,2147483647,2147483647,2147483647,-101,3,Movistar,false,false
1428167913341,2147483647,2147483647,2147483647,2147483647,-107,3,Movistar,false,false
1428167913341,2147483647,2147483647,2147483647,2147483647,-107,3,Movistar,false,false
1428167913341,2147483647,2147483647,2147483647,2147483647,-109,3,Movistar,false,false
1428167913341,2147483647,2147483647,2147483647,2147483647,-111,3,Movistar,false,false
1428167973324,-1,-1,-1,-1,0,3,Movistar,true,false
1428168033522,-1,-1,-1,-1,0,3,Movistar,true,false
1428168033522,-1,-1,-1,-1,0,3,Movistar,false,false
1428168033522,-1,-1,-1,-1,0,3,Movistar,false,false
1428168033522,-1,-1,-1,-1,0,3,Movistar,false,false
1428168033522,-1,-1,-1,-1,0,3,Movistar,false,false
1428168033522,-1,-1,-1,-1,0,3,Movistar,false,false
1428168100924,-1,-1,-1,-1,0,3,Movistar,true,false
1428168100924,-1,-1,-1,-1,0,3,Movistar,false,false
1428168100924,-1,-1,-1,-1,0,3,Movistar,false,false
1428168100924,-1,-1,-1,-1,0,3,Movistar,false,false
1428168100924,-1,-1,-1,-1,0,3,Movistar,false,false
1428168100924,-1,-1,-1,-1,0,3,Movistar,false,false
1428168100924,-1,-1,-1,-1,0,3,Movistar,false,false
1428168160976,-1,-1,-1,-1,0,3,Movistar,true,false
1428168160976,-1,-1,-1,-1,0,3,Movistar,false,false
1428168160976,-1,-1,-1,-1,0,3,Movistar,false,false
1428168160976,-1,-1,-1,-1,0,3,Movistar,false,false
1428168160976,-1,-1,-1,-1,0,3,Movistar,false,false
1428168160976,-1,-1,-1,-1,0,3,Movistar,false,false
1428168160976,-1,-1,-1,-1,0,3,Movistar,false,false
1428168160976,2147483647,2147483647,2147483647,2147483647,-93,3,Movistar,false,false
1428168160976,2147483647,2147483647,2147483647,2147483647,-105,3,Movistar,false,false
1428168160976,2147483647,2147483647,2147483647,2147483647,-105,3,Movistar,false,false
1428168160976,2147483647,2147483647,2147483647,2147483647,-109,3,Movistar,false,false
1428168160976,2147483647,2147483647,2147483647,2147483647,-111,3,Movistar,false,false
1428168160976,2147483647,2147483647,2147483647,2147483647,-111,3,Movistar,false,false
1428168160976,2147483647,2147483647,2147483647,2147483647,-111,3,Movistar,false,false
1428168160976,2147483647,2147483647,2147483647,2147483647,-113,3,Movistar,false,false
1428168221250,-1,-1,-1,-1,0,3,Movistar,true,false
1428168221250,-1,-1,-1,-1,0,3,Movistar,false,false
1428168221250,-1,-1,-1,-1,0,3,Movistar,false,false
1428168221250,-1,-1,-1,-1,0,3,Movistar,false,false
1428168221250,-1,-1,-1,-1,0,3,Movistar,false,false
1428168221250,-1,-1,-1,-1,0,3,Movistar,false,false
1428168221250,-1,-1,-1,-1,0,3,Movistar,false,false
1428168221250,2147483647,2147483647,2147483647,2147483647,-77,3,Movistar,false,false
1428168221250,2147483647,2147483647,2147483647,2147483647,-85,3,Movistar,false,false
1428168221250,2147483647,2147483647,2147483647,2147483647,-101,3,Movistar,false,false
1428168221250,2147483647,2147483647,2147483647,2147483647,-107,3,Movistar,false,false
1428168221250,2147483647,2147483647,2147483647,2147483647,-107,3,Movistar,false,false
1428168221250,2147483647,2147483647,2147483647,2147483647,-109,3,Movistar,false,false
1428168221250,2147483647,2147483647,2147483647,2147483647,-111,3,Movistar,false,false
1428168221250,2147483647,2147483647,2147483647,2147483647,-111,3,Movistar,false,false
1428168281235,-1,-1,-1,-1,0,3,Movistar,true,false
1428168281235,-1,-1,-1,-1,0,3,Movistar,false,false
1428168281235,-1,-1,-1,-1,0,3,Movistar,false,false
1428168281235,-1,-1,-1,-1,0,3,Movistar,false,false
1428168281235,-1,-1,-1,-1,0,3,Movistar,false,false
1428168281235,-1,-1,-1,-1,0,3,Movistar,false,false
1428168281235,2147483647,2147483647,2147483647,2147483647,-77,3,Movistar,false,false
1428168281235,2147483647,2147483647,2147483647,2147483647,-85,3,Movistar,false,false
1428168281235,2147483647,2147483647,2147483647,2147483647,-101,3,Movistar,false,false
1428168281235,2147483647,2147483647,2147483647,2147483647,-107,3,Movistar,false,false
1428168281235,2147483647,2147483647,2147483647,2147483647,-107,3,Movistar,false,false
1428168281235,2147483647,2147483647,2147483647,2147483647,-109,3,Movistar,false,false
1428168281235,2147483647,2147483647,2147483647,2147483647,-111,3,Movistar,false,false
1428168281235,2147483647,2147483647,2147483647,2147483647,-111,3,Movistar,false,false
1428168341250,-1,-1,-1,-1,0,3,Movistar,true,false
1428168341250,-1,-1,-1,-1,0,3,Movistar,false,false
1428168341250,-1,-1,-1,-1,0,3,Movistar,false,false
1428168341250,-1,-1,-1,-1,0,3,Movistar,false,false
1428168341250,-1,-1,-1,-1,0,3,Movistar,false,false
1428168341250,-1,-1,-1,-1,0,3,Movistar,false,false
1428168341250,2147483647,2147483647,2147483647,2147483647,-77,3,Movistar,false,false
1428168341250,2147483647,2147483647,2147483647,2147483647,-85,3,Movistar,false,false
1428168341250,2147483647,2147483647,2147483647,2147483647,-101,3,Movistar,false,false
1428168341250,2147483647,2147483647,2147483647,2147483647,-107,3,Movistar,false,false
1428168341250,2147483647,2147483647,2147483647,2147483647,-107,3,Movistar,false,false
1428168341250,2147483647,2147483647,2147483647,2147483647,-109,3,Movistar,false,false
1428168341250,2147483647,2147483647,2147483647,2147483647,-111,3,Movistar,false,false
1428168341250,2147483647,2147483647,2147483647,2147483647,-111,3,Movistar,false,false
1428168401379,-1,-1,-1,-1,0,3,Movistar,true,false
1428168401379,-1,-1,-1,-1,0,3,Movistar,false,false
1428168401379,-1,-1,-1,-1,0,3,Movistar,false,false
1428168401379,-1,-1,-1,-1,0,3,Movistar,false,false
1428168401379,-1,-1,-1,-1,0,3,Movistar,false,false
1428168401379,-1,-1,-1,-1,0,3,Movistar,false,false
1428168401379,2147483647,2147483647,2147483647,2147483647,-77,3,Movistar,false,false
1428168401379,2147483647,2147483647,2147483647,2147483647,-85,3,Movistar,false,false
1428168401379,2147483647,2147483647,2147483647,2147483647,-101,3,Movistar,false,false
1428168401379,2147483647,2147483647,2147483647,2147483647,-107,3,Movistar,false,false
1428168401379,2147483647,2147483647,2147483647,2147483647,-107,3,Movistar,false,false
1428168401379,2147483647,2147483647,2147483647,2147483647,-109,3,Movistar,false,false
1428168401379,2147483647,2147483647,2147483647,2147483647,-111,3,Movistar,false,false
1428168401379,2147483647,2147483647,2147483647,2147483647,-111,3,Movistar,false,false
1428168461361,-1,-1,-1,-1,0,3,Movistar,true,false
1428168461361,-1,-1,-1,-1,0,3,Movistar,false,false
1428168461361,-1,-1,-1,-1,0,3,Movistar,false,false
1428168461361,-1,-1,-1,-1,0,3,Movistar,false,false
1428168461361,-1,-1,-1,-1,0,3,Movistar,false,false
1428168461361,2147483647,2147483647,2147483647,2147483647,-77,3,Movistar,false,false
1428168461361,2147483647,2147483647,2147483647,2147483647,-85,3,Movistar,false,false
1428168461361,2147483647,2147483647,2147483647,2147483647,-101,3,Movistar,false,false
1428168461361,2147483647,2147483647,2147483647,2147483647,-107,3,Movistar,false,false
1428168461361,2147483647,2147483647,2147483647,2147483647,-107,3,Movistar,false,false
1428168461361,2147483647,2147483647,2147483647,2147483647,-109,3,Movistar,false,false
1428168461361,2147483647,2147483647,2147483647,2147483647,-111,3,Movistar,false,false
1428168461361,2147483647,2147483647,2147483647,2147483647,-111,3,Movistar,false,false
1428168521371,20523018,8640,7,214,-114,13,Movistar,true,false
1428168581676,20523018,8640,7,214,-349,13,Movistar,true,false
1428168641721,-1,-1,-1,-1,0,0,,true,false
1428168712596,11831,833,7,214,-87,2,Movistar,true,false
1428168712596,21121,833,7,214,-97,2,Movistar,false,false
1428168712596,13151,833,7,214,-103,2,Movistar,false,false
1428168712596,11833,833,7,214,-105,2,Movistar,false,false
1428168780990,11831,833,7,214,-89,2,Movistar,true,false
1428168780990,21121,833,7,214,-99,2,Movistar,false,false
1428168852118,11831,833,7,214,-89,2,Movistar,true,false
1428168852118,21121,833,7,214,-95,2,Movistar,false,false
1428168852118,11833,833,7,214,-105,2,Movistar,false,false
1428168852118,13151,833,7,214,-107,2,Movistar,false,false
1428168912133,-1,-1,-1,-1,0,3,Movistar,true,false
1428168912133,-1,-1,-1,-1,0,3,Movistar,false,false
1428168912133,-1,-1,-1,-1,0,3,Movistar,false,false
1428168972157,-1,-1,-1,-1,0,3,Movistar,true,false
1428168972157,-1,-1,-1,-1,0,3,Movistar,false,false
1428168972157,-1,-1,-1,-1,0,3,Movistar,false,false
1428168972157,-1,-1,-1,-1,0,3,Movistar,false,false
1428169032492,-1,-1,-1,-1,0,3,Movistar,true,false
1428169032492,-1,-1,-1,-1,0,3,Movistar,false,false
1428169032492,-1,-1,-1,-1,0,3,Movistar,false,false
1428169032492,-1,-1,-1,-1,0,3,Movistar,false,false
1428169092424,-1,-1,-1,-1,0,3,Movistar,true,false
1428169092424,-1,-1,-1,-1,0,3,Movistar,false,false
1428169092424,-1,-1,-1,-1,0,3,Movistar,false,false
1428169092424,-1,-1,-1,-1,0,3,Movistar,false,false
1428169092424,2147483647,2147483647,2147483647,2147483647,-77,3,Movistar,false,false
1428169092424,2147483647,2147483647,2147483647,2147483647,-91,3,Movistar,false,false
1428169092424,2147483647,2147483647,2147483647,2147483647,-103,3,Movistar,false,false
1428169092424,2147483647,2147483647,2147483647,2147483647,-107,3,Movistar,false,false
1428169092424,2147483647,2147483647,2147483647,2147483647,-107,3,Movistar,false,false
1428169092424,2147483647,2147483647,2147483647,2147483647,-109,3,Movistar,false,false
1428169092424,2147483647,2147483647,2147483647,2147483647,-111,3,Movistar,false,false
1428169092424,2147483647,2147483647,2147483647,2147483647,-111,3,Movistar,false,false
1428169152500,-1,0,0,0,-113,2,Movistar,true,false
1428169212685,-1,-1,-1,-1,0,3,Movistar,true,false
1428169212685,-1,-1,-1,-1,0,3,Movistar,false,false
1428169212685,-1,-1,-1,-1,0,3,Movistar,false,false
1428169212685,-1,-1,-1,-1,0,3,Movistar,false,false
1428169212685,2147483647,2147483647,2147483647,2147483647,-55,3,Movistar,false,false
1428169212685,2147483647,2147483647,2147483647,2147483647,-91,3,Movistar,false,false
1428169212685,2147483647,2147483647,2147483647,2147483647,-99,3,Movistar,false,false
1428169212685,2147483647,2147483647,2147483647,2147483647,-105,3,Movistar,false,false
1428169212685,2147483647,2147483647,2147483647,2147483647,-109,3,Movistar,false,false
1428169212685,2147483647,2147483647,2147483647,2147483647,-111,3,Movistar,false,false
1428169212685,2147483647,2147483647,2147483647,2147483647,-113,3,Movistar,false,false
1428169212685,2147483647,2147483647,2147483647,2147483647,-113,3,Movistar,false,false
1428169272683,-1,-1,-1,-1,0,3,Movistar,true,false
1428169272683,-1,-1,-1,-1,0,3,Movistar,false,false
1428169272683,-1,-1,-1,-1,0,3,Movistar,false,false
1428169272683,-1,-1,-1,-1,0,3,Movistar,false,false
1428169272683,2147483647,2147483647,2147483647,2147483647,-55,3,Movistar,false,false
1428169272683,2147483647,2147483647,2147483647,2147483647,-89,3,Movistar,false,false
1428169272683,2147483647,2147483647,2147483647,2147483647,-101,3,Movistar,false,false
1428169272683,2147483647,2147483647,2147483647,2147483647,-101,3,Movistar,false,false
1428169272683,2147483647,2147483647,2147483647,2147483647,-109,3,Movistar,false,false
1428169272683,2147483647,2147483647,2147483647,2147483647,-111,3,Movistar,false,false
1428169272683,2147483647,2147483647,2147483647,2147483647,-113,3,Movistar,false,false
1428169272683,2147483647,2147483647,2147483647,2147483647,-113,3,Movistar,false,false
1428169332749,-1,-1,-1,-1,0,3,Movistar,true,false
1428169332749,-1,-1,-1,-1,0,3,Movistar,false,false
1428169332749,-1,-1,-1,-1,0,3,Movistar,false,false
1428169332749,-1,-1,-1,-1,0,3,Movistar,false,false
1428169332749,2147483647,2147483647,2147483647,2147483647,-71,3,Movistar,false,false
1428169332749,2147483647,2147483647,2147483647,2147483647,-93,3,Movistar,false,false
1428169332749,2147483647,2147483647,2147483647,2147483647,-103,3,Movistar,false,false
1428169332749,2147483647,2147483647,2147483647,2147483647,-103,3,Movistar,false,false
1428169332749,2147483647,2147483647,2147483647,2147483647,-107,3,Movistar,false,false
1428169332749,2147483647,2147483647,2147483647,2147483647,-111,3,Movistar,false,false
1428169332749,2147483647,2147483647,2147483647,2147483647,-111,3,Movistar,false,false
1428169332749,2147483647,2147483647,2147483647,2147483647,-113,3,Movistar,false,false
1428169392719,-1,-1,-1,-1,0,3,Movistar,true,false
1428169392719,-1,-1,-1,-1,0,3,Movistar,false,false
1428169392719,-1,-1,-1,-1,0,3,Movistar,false,false
1428169392719,-1,-1,-1,-1,0,3,Movistar,false,false
1428169392719,-1,-1,-1,-1,0,3,Movistar,false,false
1428169392719,2147483647,2147483647,2147483647,2147483647,-73,3,Movistar,false,false
1428169392719,2147483647,2147483647,2147483647,2147483647,-95,3,Movistar,false,false
1428169392719,2147483647,2147483647,2147483647,2147483647,-105,3,Movistar,false,false
1428169392719,2147483647,2147483647,2147483647,2147483647,-107,3,Movistar,false,false
1428169392719,2147483647,2147483647,2147483647,2147483647,-107,3,Movistar,false,false
1428169392719,2147483647,2147483647,2147483647,2147483647,-109,3,Movistar,false,false
1428169392719,2147483647,2147483647,2147483647,2147483647,-111,3,Movistar,false,false
1428169392719,2147483647,2147483647,2147483647,2147483647,-113,3,Movistar,false,false
1428169452857,-1,-1,-1,-1,0,3,Movistar,true,false
1428169452857,-1,-1,-1,-1,0,3,Movistar,false,false
1428169452857,-1,-1,-1,-1,0,3,Movistar,false,false
1428169452857,-1,-1,-1,-1,0,3,Movistar,false,false
1428169452857,-1,-1,-1,-1,0,3,Movistar,false,false
1428169512883,-1,-1,-1,-1,0,3,Movistar,true,false
1428169512883,-1,-1,-1,-1,0,3,Movistar,false,false
1428169512883,-1,-1,-1,-1,0,3,Movistar,false,false
1428169512883,-1,-1,-1,-1,0,3,Movistar,false,false
1428169512883,-1,-1,-1,-1,0,3,Movistar,false,false
1428169572974,-1,-1,-1,-1,0,3,Movistar,true,false
1428169572974,-1,-1,-1,-1,0,3,Movistar,false,false
1428169572974,-1,-1,-1,-1,0,3,Movistar,false,false
1428169572974,-1,-1,-1,-1,0,3,Movistar,false,false
1428169572974,-1,-1,-1,-1,0,3,Movistar,false,false
1428169572974,2147483647,2147483647,2147483647,2147483647,-53,3,Movistar,false,false
1428169572974,2147483647,2147483647,2147483647,2147483647,-91,3,Movistar,false,false
1428169572974,2147483647,2147483647,2147483647,2147483647,-93,3,Movistar,false,false
1428169572974,2147483647,2147483647,2147483647,2147483647,-107,3,Movistar,false,false
1428169572974,2147483647,2147483647,2147483647,2147483647,-107,3,Movistar,false,false
1428169572974,2147483647,2147483647,2147483647,2147483647,-107,3,Movistar,false,false
1428169572974,2147483647,2147483647,2147483647,2147483647,-109,3,Movistar,false,false
1428169572974,2147483647,2147483647,2147483647,2147483647,-109,3,Movistar,false,false
1428169633275,-1,-1,-1,-1,0,3,Movistar,true,false
1428169633275,-1,-1,-1,-1,0,3,Movistar,false,false
1428169633275,-1,-1,-1,-1,0,3,Movistar,false,false
1428169633275,-1,-1,-1,-1,0,3,Movistar,false,false
1428169633275,-1,-1,-1,-1,0,3,Movistar,false,false
1428169633275,2147483647,2147483647,2147483647,2147483647,-53,3,Movistar,false,false
1428169633275,2147483647,2147483647,2147483647,2147483647,-91,3,Movistar,false,false
1428169633275,2147483647,2147483647,2147483647,2147483647,-93,3,Movistar,false,false
1428169633275,2147483647,2147483647,2147483647,2147483647,-107,3,Movistar,false,false
1428169633275,2147483647,2147483647,2147483647,2147483647,-107,3,Movistar,false,false
1428169633275,2147483647,2147483647,2147483647,2147483647,-107,3,Movistar,false,false
1428169633275,2147483647,2147483647,2147483647,2147483647,-109,3,Movistar,false,false
1428169633275,2147483647,2147483647,2147483647,2147483647,-109,3,Movistar,false,false
1428169694523,-1,-1,-1,-1,0,3,Movistar,true,false
1428169694523,-1,-1,-1,-1,0,3,Movistar,false,false
1428169694523,-1,-1,-1,-1,0,3,Movistar,false,false
1428169694523,-1,-1,-1,-1,0,3,Movistar,false,false
1428169694523,-1,-1,-1,-1,0,3,Movistar,false,false
1428169694523,2147483647,2147483647,2147483647,2147483647,-53,3,Movistar,false,false
1428169694523,2147483647,2147483647,2147483647,2147483647,-91,3,Movistar,false,false
1428169694523,2147483647,2147483647,2147483647,2147483647,-93,3,Movistar,false,false
1428169694523,2147483647,2147483647,2147483647,2147483647,-107,3,Movistar,false,false
1428169694523,2147483647,2147483647,2147483647,2147483647,-107,3,Movistar,false,false
1428169694523,2147483647,2147483647,2147483647,2147483647,-107,3,Movistar,false,false
1428169694523,2147483647,2147483647,2147483647,2147483647,-109,3,Movistar,false,false
1428169694523,2147483647,2147483647,2147483647,2147483647,-109,3,Movistar,false,false
1428169755618,-1,-1,-1,-1,0,3,Movistar,true,false
1428169755618,-1,-1,-1,-1,0,3,Movistar,false,false
1428169755618,-1,-1,-1,-1,0,3,Movistar,false,false
1428169755618,-1,-1,-1,-1,0,3,Movistar,false,false
1428169755618,-1,-1,-1,-1,0,3,Movistar,false,false
1428169755618,-1,-1,-1,-1,0,3,Movistar,false,false
1428169755618,2147483647,2147483647,2147483647,2147483647,-53,3,Movistar,false,false
1428169755618,2147483647,2147483647,2147483647,2147483647,-91,3,Movistar,false,false
1428169755618,2147483647,2147483647,2147483647,2147483647,-93,3,Movistar,false,false
1428169755618,2147483647,2147483647,2147483647,2147483647,-107,3,Movistar,false,false
1428169755618,2147483647,2147483647,2147483647,2147483647,-107,3,Movistar,false,false
1428169755618,2147483647,2147483647,2147483647,2147483647,-107,3,Movistar,false,false
1428169755618,2147483647,2147483647,2147483647,2147483647,-109,3,Movistar,false,false
1428169755618,2147483647,2147483647,2147483647,2147483647,-109,3,Movistar,false,false
1428169816798,-1,-1,-1,-1,0,3,Movistar,true,false
1428169816798,-1,-1,-1,-1,0,3,Movistar,false,false
1428169816798,-1,-1,-1,-1,0,3,Movistar,false,false
1428169816798,-1,-1,-1,-1,0,3,Movistar,false,false
1428169816798,-1,-1,-1,-1,0,3,Movistar,false,false
1428169816798,-1,-1,-1,-1,0,3,Movistar,false,false
1428169816798,2147483647,2147483647,2147483647,2147483647,-53,3,Movistar,false,false
1428169816798,2147483647,2147483647,2147483647,2147483647,-91,3,Movistar,false,false
1428169816798,2147483647,2147483647,2147483647,2147483647,-93,3,Movistar,false,false
1428169816798,2147483647,2147483647,2147483647,2147483647,-107,3,Movistar,false,false
1428169816798,2147483647,2147483647,2147483647,2147483647,-107,3,Movistar,false,false
1428169816798,2147483647,2147483647,2147483647,2147483647,-107,3,Movistar,false,false
1428169816798,2147483647,2147483647,2147483647,2147483647,-109,3,Movistar,false,false
1428169816798,2147483647,2147483647,2147483647,2147483647,-109,3,Movistar,false,false
1428169877915,-1,-1,-1,-1,0,3,Movistar,true,false
1428169877915,-1,-1,-1,-1,0,3,Movistar,false,false
1428169877915,-1,-1,-1,-1,0,3,Movistar,false,false
1428169877915,-1,-1,-1,-1,0,3,Movistar,false,false
1428169877915,-1,-1,-1,-1,0,3,Movistar,false,false
1428169877915,-1,-1,-1,-1,0,3,Movistar,false,false
1428169877915,2147483647,2147483647,2147483647,2147483647,-53,3,Movistar,false,false
1428169877915,2147483647,2147483647,2147483647,2147483647,-91,3,Movistar,false,false
1428169877915,2147483647,2147483647,2147483647,2147483647,-93,3,Movistar,false,false
1428169877915,2147483647,2147483647,2147483647,2147483647,-107,3,Movistar,false,false
1428169877915,2147483647,2147483647,2147483647,2147483647,-107,3,Movistar,false,false
1428169877915,2147483647,2147483647,2147483647,2147483647,-107,3,Movistar,false,false
1428169877915,2147483647,2147483647,2147483647,2147483647,-109,3,Movistar,false,false
1428169877915,2147483647,2147483647,2147483647,2147483647,-109,3,Movistar,false,false
1428169939092,-1,-1,-1,-1,0,3,Movistar,true,false
1428169939092,-1,-1,-1,-1,0,3,Movistar,false,false
1428169939092,-1,-1,-1,-1,0,3,Movistar,false,false
1428169939092,-1,-1,-1,-1,0,3,Movistar,false,false
1428169939092,-1,-1,-1,-1,0,3,Movistar,false,false
1428169939092,2147483647,2147483647,2147483647,2147483647,-53,3,Movistar,false,false
1428169939092,2147483647,2147483647,2147483647,2147483647,-91,3,Movistar,false,false
1428169939092,2147483647,2147483647,2147483647,2147483647,-93,3,Movistar,false,false
1428169939092,2147483647,2147483647,2147483647,2147483647,-107,3,Movistar,false,false
1428169939092,2147483647,2147483647,2147483647,2147483647,-107,3,Movistar,false,false
1428169939092,2147483647,2147483647,2147483647,2147483647,-107,3,Movistar,false,false
1428169939092,2147483647,2147483647,2147483647,2147483647,-109,3,Movistar,false,false
1428169939092,2147483647,2147483647,2147483647,2147483647,-109,3,Movistar,false,false
1428170005711,-1,-1,-1,-1,0,3,Movistar,true,false
1428170005711,-1,-1,-1,-1,0,3,Movistar,false,false
1428170005711,-1,-1,-1,-1,0,3,Movistar,false,false
1428170005711,-1,-1,-1,-1,0,3,Movistar,false,false
1428170005711,-1,-1,-1,-1,0,3,Movistar,false,false
1428170005711,-1,-1,-1,-1,0,3,Movistar,false,false
1428170005711,-1,-1,-1,-1,0,3,Movistar,false,false
1428170005711,2147483647,2147483647,2147483647,2147483647,-53,3,Movistar,false,false
1428170005711,2147483647,2147483647,2147483647,2147483647,-91,3,Movistar,false,false
1428170005711,2147483647,2147483647,2147483647,2147483647,-93,3,Movistar,false,false
1428170005711,2147483647,2147483647,2147483647,2147483647,-107,3,Movistar,false,false
1428170005711,2147483647,2147483647,2147483647,2147483647,-107,3,Movistar,false,false
1428170005711,2147483647,2147483647,2147483647,2147483647,-107,3,Movistar,false,false
1428170005711,2147483647,2147483647,2147483647,2147483647,-109,3,Movistar,false,false
1428170005711,2147483647,2147483647,2147483647,2147483647,-109,3,Movistar,false,false
1428170066795,-1,-1,-1,-1,0,3,Movistar,true,false
1428170066795,-1,-1,-1,-1,0,3,Movistar,false,false
1428170066795,-1,-1,-1,-1,0,3,Movistar,false,false
1428170066795,-1,-1,-1,-1,0,3,Movistar,false,false
1428170066795,-1,-1,-1,-1,0,3,Movistar,false,false
1428170066795,-1,-1,-1,-1,0,3,Movistar,false,false
1428170066795,2147483647,2147483647,2147483647,2147483647,-55,3,Movistar,false,false
1428170066795,2147483647,2147483647,2147483647,2147483647,-79,3,Movistar,false,false
1428170066795,2147483647,2147483647,2147483647,2147483647,-91,3,Movistar,false,false
1428170066795,2147483647,2147483647,2147483647,2147483647,-99,3,Movistar,false,false
1428170066795,2147483647,2147483647,2147483647,2147483647,-99,3,Movistar,false,false
1428170066795,2147483647,2147483647,2147483647,2147483647,-101,3,Movistar,false,false
1428170066795,2147483647,2147483647,2147483647,2147483647,-105,3,Movistar,false,false
1428170066795,2147483647,2147483647,2147483647,2147483647,-107,3,Movistar,false,false
1428170126780,-1,-1,-1,-1,0,3,Movistar,true,false
1428170126780,-1,-1,-1,-1,0,3,Movistar,false,false
1428170126780,-1,-1,-1,-1,0,3,Movistar,false,false
1428170126780,-1,-1,-1,-1,0,3,Movistar,false,false
1428170126780,-1,-1,-1,-1,0,3,Movistar,false,false
1428170193845,-1,-1,-1,-1,0,3,Movistar,true,false
1428170193845,-1,-1,-1,-1,0,3,Movistar,false,false
1428170193845,-1,-1,-1,-1,0,3,Movistar,false,false
1428170193845,-1,-1,-1,-1,0,3,Movistar,false,false
1428170193845,-1,-1,-1,-1,0,3,Movistar,false,false
1428170193845,2147483647,2147483647,2147483647,2147483647,-81,3,Movistar,false,false
1428170193845,2147483647,2147483647,2147483647,2147483647,-87,3,Movistar,false,false
1428170193845,2147483647,2147483647,2147483647,2147483647,-95,3,Movistar,false,false
1428170193845,2147483647,2147483647,2147483647,2147483647,-97,3,Movistar,false,false
1428170193845,2147483647,2147483647,2147483647,2147483647,-107,3,Movistar,false,false
1428170193845,2147483647,2147483647,2147483647,2147483647,-111,3,Movistar,false,false
1428170193845,2147483647,2147483647,2147483647,2147483647,-111,3,Movistar,false,false
1428170193845,2147483647,2147483647,2147483647,2147483647,-111,3,Movistar,false,false
1428170255001,-1,-1,-1,-1,0,3,Movistar,true,false
1428170255001,-1,-1,-1,-1,0,3,Movistar,false,false
1428170255001,-1,-1,-1,-1,0,3,Movistar,false,false
1428170255001,-1,-1,-1,-1,0,3,Movistar,false,false
1428170255001,-1,-1,-1,-1,0,3,Movistar,false,false
1428170255001,2147483647,2147483647,2147483647,2147483647,-75,3,Movistar,false,false
1428170255001,2147483647,2147483647,2147483647,2147483647,-81,3,Movistar,false,false
1428170255001,2147483647,2147483647,2147483647,2147483647,-95,3,Movistar,false,false
1428170255001,2147483647,2147483647,2147483647,2147483647,-97,3,Movistar,false,false
1428170255001,2147483647,2147483647,2147483647,2147483647,-107,3,Movistar,false,false
1428170255001,2147483647,2147483647,2147483647,2147483647,-109,3,Movistar,false,false
1428170255001,2147483647,2147483647,2147483647,2147483647,-111,3,Movistar,false,false
1428170255001,2147483647,2147483647,2147483647,2147483647,-113,3,Movistar,false,false
1428170316079,-1,-1,-1,-1,0,3,Movistar,true,false
1428170316079,-1,-1,-1,-1,0,3,Movistar,false,false
1428170316079,-1,-1,-1,-1,0,3,Movistar,false,false
1428170316079,-1,-1,-1,-1,0,3,Movistar,false,false
1428170316079,-1,-1,-1,-1,0,3,Movistar,false,false
1428170316079,2147483647,2147483647,2147483647,2147483647,-69,3,Movistar,false,false
1428170316079,2147483647,2147483647,2147483647,2147483647,-83,3,Movistar,false,false
1428170316079,2147483647,2147483647,2147483647,2147483647,-97,3,Movistar,false,false
1428170316079,2147483647,2147483647,2147483647,2147483647,-99,3,Movistar,false,false
1428170316079,2147483647,2147483647,2147483647,2147483647,-107,3,Movistar,false,false
1428170316079,2147483647,2147483647,2147483647,2147483647,-111,3,Movistar,false,false
1428170316079,2147483647,2147483647,2147483647,2147483647,-111,3,Movistar,false,false
1428170316079,2147483647,2147483647,2147483647,2147483647,-111,3,Movistar,false,false
1428170377282,-1,-1,-1,-1,0,3,Movistar,true,false
1428170377282,-1,-1,-1,-1,0,3,Movistar,false,false
1428170377282,-1,-1,-1,-1,0,3,Movistar,false,false
1428170377282,-1,-1,-1,-1,0,3,Movistar,false,false
1428170377282,-1,-1,-1,-1,0,3,Movistar,false,false
1428170377282,2147483647,2147483647,2147483647,2147483647,-69,3,Movistar,false,false
1428170377282,2147483647,2147483647,2147483647,2147483647,-83,3,Movistar,false,false
1428170377282,2147483647,2147483647,2147483647,2147483647,-97,3,Movistar,false,false
1428170377282,2147483647,2147483647,2147483647,2147483647,-99,3,Movistar,false,false
1428170377282,2147483647,2147483647,2147483647,2147483647,-107,3,Movistar,false,false
1428170377282,2147483647,2147483647,2147483647,2147483647,-111,3,Movistar,false,false
1428170377282,2147483647,2147483647,2147483647,2147483647,-113,3,Movistar,false,false
1428170377282,2147483647,2147483647,2147483647,2147483647,-113,3,Movistar,false,false
1428170437258,-1,-1,-1,-1,0,3,Movistar,true,false
1428170437258,-1,-1,-1,-1,0,3,Movistar,false,false
1428170437258,-1,-1,-1,-1,0,3,Movistar,false,false
1428170437258,-1,-1,-1,-1,0,3,Movistar,false,false
1428170437258,-1,-1,-1,-1,0,3,Movistar,false,false
1428170437258,-1,-1,-1,-1,0,3,Movistar,false,false
1428170437258,-1,-1,-1,-1,0,3,Movistar,false,false
1428170437258,2147483647,2147483647,2147483647,2147483647,-85,3,Movistar,false,false
1428170437258,2147483647,2147483647,2147483647,2147483647,-95,3,Movistar,false,false
1428170437258,2147483647,2147483647,2147483647,2147483647,-97,3,Movistar,false,false
1428170437258,2147483647,2147483647,2147483647,2147483647,-97,3,Movistar,false,false
1428170437258,2147483647,2147483647,2147483647,2147483647,-101,3,Movistar,false,false
1428170437258,2147483647,2147483647,2147483647,2147483647,-103,3,Movistar,false,false
1428170437258,2147483647,2147483647,2147483647,2147483647,-103,3,Movistar,false,false
1428170437258,2147483647,2147483647,2147483647,2147483647,-105,3,Movistar,false,false
1428170500041,-1,-1,-1,-1,0,3,Movistar,true,false
1428170500041,-1,-1,-1,-1,0,3,Movistar,false,false
1428170500041,-1,-1,-1,-1,0,3,Movistar,false,false
1428170500041,-1,-1,-1,-1,0,3,Movistar,false,false
1428170500041,-1,-1,-1,-1,0,3,Movistar,false,false
1428170500041,2147483647,2147483647,2147483647,2147483647,-89,3,Movistar,false,false
1428170500041,2147483647,2147483647,2147483647,2147483647,-103,3,Movistar,false,false
1428170500041,2147483647,2147483647,2147483647,2147483647,-103,3,Movistar,false,false
1428170500041,2147483647,2147483647,2147483647,2147483647,-107,3,Movistar,false,false
1428170500041,2147483647,2147483647,2147483647,2147483647,-107,3,Movistar,false,false
1428170500041,2147483647,2147483647,2147483647,2147483647,-109,3,Movistar,false,false
1428170500041,2147483647,2147483647,2147483647,2147483647,-109,3,Movistar,false,false
1428170500041,2147483647,2147483647,2147483647,2147483647,-113,3,Movistar,false,false
1428170560099,-1,-1,-1,-1,0,3,Movistar,true,false
1428170560099,-1,-1,-1,-1,0,3,Movistar,false,false
1428170560099,-1,-1,-1,-1,0,3,Movistar,false,false
1428170560099,-1,-1,-1,-1,0,3,Movistar,false,false
1428170560099,-1,-1,-1,-1,0,3,Movistar,false,false
1428170620085,-1,-1,-1,-1,0,3,Movistar,true,false
1428170620085,-1,-1,-1,-1,0,3,Movistar,false,false
1428170620085,-1,-1,-1,-1,0,3,Movistar,false,false
1428170620085,-1,-1,-1,-1,0,3,Movistar,false,false
1428170620085,-1,-1,-1,-1,0,3,Movistar,false,false
1428170695709,-1,-1,-1,-1,0,3,Movistar,true,false
1428170695709,-1,-1,-1,-1,0,3,Movistar,false,false
1428170695709,-1,-1,-1,-1,0,3,Movistar,false,false
1428170695709,-1,-1,-1,-1,0,3,Movistar,false,false
1428170695709,-1,-1,-1,-1,0,3,Movistar,false,false
1428170759812,-1,-1,-1,-1,0,3,Movistar,true,false
1428170759812,-1,-1,-1,-1,0,3,Movistar,false,false
1428170759812,-1,-1,-1,-1,0,3,Movistar,false,false
1428170759812,-1,-1,-1,-1,0,3,Movistar,false,false
1428170759812,-1,-1,-1,-1,0,3,Movistar,false,false
1428170759812,2147483647,2147483647,2147483647,2147483647,-53,3,Movistar,false,false
1428170759812,2147483647,2147483647,2147483647,2147483647,-93,3,Movistar,false,false
1428170759812,2147483647,2147483647,2147483647,2147483647,-95,3,Movistar,false,false
1428170759812,2147483647,2147483647,2147483647,2147483647,-97,3,Movistar,false,false
1428170759812,2147483647,2147483647,2147483647,2147483647,-101,3,Movistar,false,false
1428170759812,2147483647,2147483647,2147483647,2147483647,-105,3,Movistar,false,false
1428170759812,2147483647,2147483647,2147483647,2147483647,-107,3,Movistar,false,false
1428170759812,2147483647,2147483647,2147483647,2147483647,-111,3,Movistar,false,false
1428170819878,-1,-1,-1,-1,0,3,Movistar,true,false
1428170819878,-1,-1,-1,-1,0,3,Movistar,false,false
1428170819878,-1,-1,-1,-1,0,3,Movistar,false,false
1428170819878,-1,-1,-1,-1,0,3,Movistar,false,false
1428170819878,-1,-1,-1,-1,0,3,Movistar,false,false
1428170879895,-1,-1,-1,-1,0,3,Movistar,true,false
1428170879895,-1,-1,-1,-1,0,3,Movistar,false,false
1428170879895,-1,-1,-1,-1,0,3,Movistar,false,false
1428170879895,-1,-1,-1,-1,0,3,Movistar,false,false
1428170939943,-1,-1,-1,-1,0,3,Movistar,true,false
1428170939943,-1,-1,-1,-1,0,3,Movistar,false,false
1428170939943,-1,-1,-1,-1,0,3,Movistar,false,false
1428170939943,-1,-1,-1,-1,0,3,Movistar,false,false
1428170939943,-1,-1,-1,-1,0,3,Movistar,false,false
1428171000097,-1,-1,-1,-1,0,3,Movistar,true,false
1428171000097,-1,-1,-1,-1,0,3,Movistar,false,false
1428171000097,-1,-1,-1,-1,0,3,Movistar,false,false
1428171000097,-1,-1,-1,-1,0,3,Movistar,false,false
1428171060342,-1,-1,-1,-1,0,3,Movistar,true,false
1428171060342,-1,-1,-1,-1,0,3,Movistar,false,false
1428171060342,-1,-1,-1,-1,0,3,Movistar,false,false
1428171060342,-1,-1,-1,-1,0,3,Movistar,false,false
1428171120430,-1,-1,-1,-1,0,3,Movistar,true,false
1428171120430,-1,-1,-1,-1,0,3,Movistar,false,false
1428171120430,-1,-1,-1,-1,0,3,Movistar,false,false
1428171120430,-1,-1,-1,-1,0,3,Movistar,false,false
1428171188405,-1,-1,-1,-1,0,3,Movistar,true,false
1428171188405,-1,-1,-1,-1,0,3,Movistar,false,false
1428171188405,-1,-1,-1,-1,0,3,Movistar,false,false
1428171188405,-1,-1,-1,-1,0,3,Movistar,false,false
1428171248502,-1,-1,-1,-1,0,3,Movistar,true,false
1428171248502,-1,-1,-1,-1,0,3,Movistar,false,false
1428171248502,-1,-1,-1,-1,0,3,Movistar,false,false
1428171248502,-1,-1,-1,-1,0,3,Movistar,false,false
1428171308613,-1,-1,-1,-1,0,3,Movistar,true,false
1428171308613,-1,-1,-1,-1,0,3,Movistar,false,false
1428171308613,-1,-1,-1,-1,0,3,Movistar,false,false
1428171308613,-1,-1,-1,-1,0,3,Movistar,false,false
1428171368681,-1,-1,-1,-1,0,3,Movistar,true,false
1428171368681,-1,-1,-1,-1,0,3,Movistar,false,false
1428171368681,-1,-1,-1,-1,0,3,Movistar,false,false
1428171368681,-1,-1,-1,-1,0,3,Movistar,false,false
1428171368681,2147483647,2147483647,2147483647,2147483647,-85,3,Movistar,false,false
1428171368681,2147483647,2147483647,2147483647,2147483647,-95,3,Movistar,false,false
1428171368681,2147483647,2147483647,2147483647,2147483647,-103,3,Movistar,false,false
1428171368681,2147483647,2147483647,2147483647,2147483647,-105,3,Movistar,false,false
1428171368681,2147483647,2147483647,2147483647,2147483647,-105,3,Movistar,false,false
1428171368681,2147483647,2147483647,2147483647,2147483647,-105,3,Movistar,false,false
1428171368681,2147483647,2147483647,2147483647,2147483647,-109,3,Movistar,false,false
1428171368681,2147483647,2147483647,2147483647,2147483647,-111,3,Movistar,false,false
1428171428678,-1,-1,-1,-1,0,3,Movistar,true,false
1428171428678,-1,-1,-1,-1,0,3,Movistar,false,false
1428171428678,-1,-1,-1,-1,0,3,Movistar,false,false
1428171428678,-1,-1,-1,-1,0,3,Movistar,false,false
1428171428678,2147483647,2147483647,2147483647,2147483647,-85,3,Movistar,false,false
1428171428678,2147483647,2147483647,2147483647,2147483647,-95,3,Movistar,false,false
1428171428678,2147483647,2147483647,2147483647,2147483647,-103,3,Movistar,false,false
1428171428678,2147483647,2147483647,2147483647,2147483647,-105,3,Movistar,false,false
1428171428678,2147483647,2147483647,2147483647,2147483647,-105,3,Movistar,false,false
1428171428678,2147483647,2147483647,2147483647,2147483647,-105,3,Movistar,false,false
1428171428678,2147483647,2147483647,2147483647,2147483647,-109,3,Movistar,false,false
1428171428678,2147483647,2147483647,2147483647,2147483647,-111,3,Movistar,false,false
1428171488743,-1,-1,-1,-1,0,3,Movistar,true,false
1428171488743,-1,-1,-1,-1,0,3,Movistar,false,false
1428171488743,-1,-1,-1,-1,0,3,Movistar,false,false
1428171488743,-1,-1,-1,-1,0,3,Movistar,false,false
1428171488743,-1,-1,-1,-1,0,3,Movistar,false,false
1428171488743,2147483647,2147483647,2147483647,2147483647,-85,3,Movistar,false,false
1428171488743,2147483647,2147483647,2147483647,2147483647,-95,3,Movistar,false,false
1428171488743,2147483647,2147483647,2147483647,2147483647,-103,3,Movistar,false,false
1428171488743,2147483647,2147483647,2147483647,2147483647,-105,3,Movistar,false,false
1428171488743,2147483647,2147483647,2147483647,2147483647,-105,3,Movistar,false,false
1428171488743,2147483647,2147483647,2147483647,2147483647,-105,3,Movistar,false,false
1428171488743,2147483647,2147483647,2147483647,2147483647,-109,3,Movistar,false,false
1428171488743,2147483647,2147483647,2147483647,2147483647,-111,3,Movistar,false,false
1428171548853,-1,-1,-1,-1,0,3,Movistar,true,false
1428171548853,-1,-1,-1,-1,0,3,Movistar,false,false
1428171548853,-1,-1,-1,-1,0,3,Movistar,false,false
1428171548853,-1,-1,-1,-1,0,3,Movistar,false,false
1428171548853,-1,-1,-1,-1,0,3,Movistar,false,false
1428171548853,2147483647,2147483647,2147483647,2147483647,-85,3,Movistar,false,false
1428171548853,2147483647,2147483647,2147483647,2147483647,-95,3,Movistar,false,false
1428171548853,2147483647,2147483647,2147483647,2147483647,-103,3,Movistar,false,false
1428171548853,2147483647,2147483647,2147483647,2147483647,-105,3,Movistar,false,false
1428171548853,2147483647,2147483647,2147483647,2147483647,-105,3,Movistar,false,false
1428171548853,2147483647,2147483647,2147483647,2147483647,-105,3,Movistar,false,false
1428171548853,2147483647,2147483647,2147483647,2147483647,-109,3,Movistar,false,false
1428171548853,2147483647,2147483647,2147483647,2147483647,-111,3,Movistar,false,false
1428171608909,-1,-1,-1,-1,0,3,Movistar,true,false
1428171668979,11831,833,7,214,-87,2,Movistar,true,false
1428171668979,13784,833,7,214,-89,2,Movistar,false,false
1428171668979,-1,0,0,0,-95,2,Movistar,false,false
1428171668979,-1,0,0,0,-95,2,Movistar,false,false
1428171668979,-1,0,0,0,-97,2,Movistar,false,false
1428171668979,-1,0,0,0,-101,2,Movistar,false,false
1428171668979,-1,0,0,0,-101,2,Movistar,false,false
1428171745554,11831,833,7,214,-85,2,Movistar,true,false
1428171745554,13784,833,7,214,-89,2,Movistar,false,false
1428171745554,-1,0,0,0,-93,2,Movistar,false,false
1428171745554,-1,0,0,0,-95,2,Movistar,false,false
1428171745554,-1,0,0,0,-99,2,Movistar,false,false
1428171745554,-1,0,0,0,-99,2,Movistar,false,false
1428171745554,-1,0,0,0,-99,2,Movistar,false,false
1428171805574,11831,833,7,214,-95,2,Movistar,true,false
1428171805574,11833,833,7,214,-97,2,Movistar,false,false
1428171805574,13784,833,7,214,-101,2,Movistar,false,false
1428171805574,13193,833,7,214,-103,2,Movistar,false,false
1428171805574,13151,833,7,214,-107,2,Movistar,false,false
1428171805574,-1,0,0,0,-101,2,Movistar,false,false
1428171805574,-1,0,0,0,-103,2,Movistar,false,false
1428171865603,-1,-1,-1,-1,0,3,Movistar,true,false
1428171865603,-1,-1,-1,-1,0,3,Movistar,false,false
1428171865603,-1,-1,-1,-1,0,3,Movistar,false,false
1428171865603,-1,-1,-1,-1,0,3,Movistar,false,false
1428171865603,-1,-1,-1,-1,0,3,Movistar,false,false
1428171865603,-1,-1,-1,-1,0,3,Movistar,false,false
1428171925689,-1,-1,-1,-1,0,3,Movistar,true,false
1428171925689,-1,-1,-1,-1,0,3,Movistar,false,false
1428171925689,-1,-1,-1,-1,0,3,Movistar,false,false
1428171925689,-1,-1,-1,-1,0,3,Movistar,false,false
1428171925689,-1,-1,-1,-1,0,3,Movistar,false,false
1428171985748,-1,-1,-1,-1,0,3,Movistar,true,false
1428172045838,-1,-1,-1,-1,0,3,Movistar,true,false
1428172045838,-1,-1,-1,-1,0,3,Movistar,false,false
1428172045838,-1,-1,-1,-1,0,3,Movistar,false,false
1428172045838,-1,-1,-1,-1,0,3,Movistar,false,false
1428172105838,-1,-1,-1,-1,0,3,Movistar,true,false
1428172105838,-1,-1,-1,-1,0,3,Movistar,false,false
1428172105838,-1,-1,-1,-1,0,3,Movistar,false,false
1428172105838,-1,-1,-1,-1,0,3,Movistar,false,false
1428172105838,-1,-1,-1,-1,0,3,Movistar,false,false
1428172165860,-1,-1,-1,-1,0,3,Movistar,true,false
1428172165860,-1,-1,-1,-1,0,3,Movistar,false,false
1428172165860,-1,-1,-1,-1,0,3,Movistar,false,false
1428172165860,-1,-1,-1,-1,0,3,Movistar,false,false
1428172165860,-1,-1,-1,-1,0,3,Movistar,false,false
1428172165860,-1,-1,-1,-1,0,3,Movistar,false,false
1428172165860,2147483647,2147483647,2147483647,2147483647,-79,3,Movistar,false,false
1428172165860,2147483647,2147483647,2147483647,2147483647,-95,3,Movistar,false,false
1428172165860,2147483647,2147483647,2147483647,2147483647,-95,3,Movistar,false,false
1428172165860,2147483647,2147483647,2147483647,2147483647,-97,3,Movistar,false,false
1428172165860,2147483647,2147483647,2147483647,2147483647,-101,3,Movistar,false,false
1428172165860,2147483647,2147483647,2147483647,2147483647,-101,3,Movistar,false,false
1428172165860,2147483647,2147483647,2147483647,2147483647,-103,3,Movistar,false,false
1428172165860,2147483647,2147483647,2147483647,2147483647,-103,3,Movistar,false,false
1428172236302,-1,-1,-1,-1,0,3,Movistar,true,false
1428172236302,-1,-1,-1,-1,0,3,Movistar,false,false
1428172236302,-1,-1,-1,-1,0,3,Movistar,false,false
1428172236302,-1,-1,-1,-1,0,3,Movistar,false,false
1428172236302,-1,-1,-1,-1,0,3,Movistar,false,false
1428172236302,-1,-1,-1,-1,0,3,Movistar,false,false
1428172236302,2147483647,2147483647,2147483647,2147483647,-79,3,Movistar,false,false
1428172236302,2147483647,2147483647,2147483647,2147483647,-95,3,Movistar,false,false
1428172236302,2147483647,2147483647,2147483647,2147483647,-95,3,Movistar,false,false
1428172236302,2147483647,2147483647,2147483647,2147483647,-97,3,Movistar,false,false
1428172236302,2147483647,2147483647,2147483647,2147483647,-101,3,Movistar,false,false
1428172236302,2147483647,2147483647,2147483647,2147483647,-101,3,Movistar,false,false
1428172236302,2147483647,2147483647,2147483647,2147483647,-103,3,Movistar,false,false
1428172236302,2147483647,2147483647,2147483647,2147483647,-103,3,Movistar,false,false
1428172296466,-1,-1,-1,-1,0,3,Movistar,true,false
1428172296466,-1,-1,-1,-1,0,3,Movistar,false,false
1428172296466,-1,-1,-1,-1,0,3,Movistar,false,false
1428172296466,-1,-1,-1,-1,0,3,Movistar,false,false
1428172296466,-1,-1,-1,-1,0,3,Movistar,false,false
1428172296466,-1,-1,-1,-1,0,3,Movistar,false,false
1428172296466,2147483647,2147483647,2147483647,2147483647,-79,3,Movistar,false,false
1428172296466,2147483647,2147483647,2147483647,2147483647,-95,3,Movistar,false,false
1428172296466,2147483647,2147483647,2147483647,2147483647,-95,3,Movistar,false,false
1428172296466,2147483647,2147483647,2147483647,2147483647,-97,3,Movistar,false,false
1428172296466,2147483647,2147483647,2147483647,2147483647,-101,3,Movistar,false,false
1428172296466,2147483647,2147483647,2147483647,2147483647,-101,3,Movistar,false,false
1428172296466,2147483647,2147483647,2147483647,2147483647,-103,3,Movistar,false,false
1428172296466,2147483647,2147483647,2147483647,2147483647,-103,3,Movistar,false,false
1428172356401,-1,-1,-1,-1,0,3,Movistar,true,false
1428172356401,-1,-1,-1,-1,0,3,Movistar,false,false
1428172430377,-1,-1,-1,-1,0,3,Movistar,true,false
1428172430377,-1,-1,-1,-1,0,3,Movistar,false,false
1428172490425,-1,-1,-1,-1,0,3,Movistar,true,false
1428172490425,-1,-1,-1,-1,0,3,Movistar,false,false
1428172490425,2147483647,2147483647,2147483647,2147483647,-81,3,Movistar,false,false
1428172490425,2147483647,2147483647,2147483647,2147483647,-95,3,Movistar,false,false
1428172490425,2147483647,2147483647,2147483647,2147483647,-101,3,Movistar,false,false
1428172490425,2147483647,2147483647,2147483647,2147483647,-105,3,Movistar,false,false
1428172490425,2147483647,2147483647,2147483647,2147483647,-107,3,Movistar,false,false
1428172490425,2147483647,2147483647,2147483647,2147483647,-111,3,Movistar,false,false
1428172490425,2147483647,2147483647,2147483647,2147483647,-111,3,Movistar,false,false
1428172490425,2147483647,2147483647,2147483647,2147483647,-113,3,Movistar,false,false
1428172550443,-1,-1,-1,-1,0,3,Movistar,true,false
1428172550443,-1,-1,-1,-1,0,3,Movistar,false,false
1428172550443,-1,-1,-1,-1,0,3,Movistar,false,false
1428172550443,-1,-1,-1,-1,0,3,Movistar,false,false
1428172550443,-1,-1,-1,-1,0,3,Movistar,false,false
1428172610552,-1,0,0,0,-113,2,Movistar,true,false
1428172630663,-1,-1,-1,-1,0,3,Movistar,true,false
1428172630663,-1,-1,-1,-1,0,3,Movistar,false,false
1428172630663,-1,-1,-1,-1,0,3,Movistar,false,false
1428172630663,-1,-1,-1,-1,0,3,Movistar,false,false
1428172630663,-1,-1,-1,-1,0,3,Movistar,false,false
1428172630663,-1,-1,-1,-1,0,3,Movistar,false,false
1428172630999,-1,-1,-1,-1,0,3,Movistar,true,false
1428172630999,-1,-1,-1,-1,0,3,Movistar,false,false
1428172630999,-1,-1,-1,-1,0,3,Movistar,false,false
1428172630999,-1,-1,-1,-1,0,3,Movistar,false,false
1428172630999,-1,-1,-1,-1,0,3,Movistar,false,false
1428172630999,-1,-1,-1,-1,0,3,Movistar,false,false
1428172633450,-1,-1,-1,-1,0,3,Movistar,true,false
1428172637324,-1,-1,-1,-1,0,3,Movistar,true,false
1428172637324,-1,-1,-1,-1,0,3,Movistar,false,false
1428172637324,-1,-1,-1,-1,0,3,Movistar,false,false
1428172637324,-1,-1,-1,-1,0,3,Movistar,false,false
1428172637324,-1,-1,-1,-1,0,3,Movistar,false,false
1428172637324,-1,-1,-1,-1,0,3,Movistar,false,false
1428172637324,-1,-1,-1,-1,0,3,Movistar,false,false
1428172641003,-1,-1,-1,-1,0,3,Movistar,true,false
1428172641003,-1,-1,-1,-1,0,3,Movistar,false,false
1428172641003,-1,-1,-1,-1,0,3,Movistar,false,false
1428172641003,-1,-1,-1,-1,0,3,Movistar,false,false
1428172641003,-1,-1,-1,-1,0,3,Movistar,false,false
1428172641003,-1,-1,-1,-1,0,3,Movistar,false,false
1428172641003,-1,-1,-1,-1,0,3,Movistar,false,false
1428172701148,-1,-1,-1,-1,0,3,Movistar,true,false
1428172701148,-1,-1,-1,-1,0,3,Movistar,false,false
1428172701148,-1,-1,-1,-1,0,3,Movistar,false,false
1428172701148,-1,-1,-1,-1,0,3,Movistar,false,false
1428172701148,-1,-1,-1,-1,0,3,Movistar,false,false
1428172701148,-1,-1,-1,-1,0,3,Movistar,false,false
1428172701148,-1,-1,-1,-1,0,3,Movistar,false,false
1428172761172,-1,-1,-1,-1,0,3,Movistar,true,false
1428172761172,-1,-1,-1,-1,0,3,Movistar,false,false
1428172761172,-1,-1,-1,-1,0,3,Movistar,false,false
1428172761172,-1,-1,-1,-1,0,3,Movistar,false,false
1428172761172,-1,-1,-1,-1,0,3,Movistar,false,false
1428172761172,-1,-1,-1,-1,0,3,Movistar,false,false
1428172821178,-1,-1,-1,-1,0,3,Movistar,true,false
1428172821178,-1,-1,-1,-1,0,3,Movistar,false,false
1428172821178,-1,-1,-1,-1,0,3,Movistar,false,false
1428172821178,-1,-1,-1,-1,0,3,Movistar,false,false
1428172821178,-1,-1,-1,-1,0,3,Movistar,false,false
1428172821178,-1,-1,-1,-1,0,3,Movistar,false,false
1428172881353,-1,-1,-1,-1,0,3,Movistar,true,false
1428172881353,-1,-1,-1,-1,0,3,Movistar,false,false
1428172881353,-1,-1,-1,-1,0,3,Movistar,false,false
1428172881353,-1,-1,-1,-1,0,3,Movistar,false,false
1428172881353,-1,-1,-1,-1,0,3,Movistar,false,false
1428172881353,-1,-1,-1,-1,0,3,Movistar,false,false
1428172941504,-1,-1,-1,-1,0,3,Movistar,true,false
1428172941504,-1,-1,-1,-1,0,3,Movistar,false,false
1428172941504,-1,-1,-1,-1,0,3,Movistar,false,false
1428172941504,-1,-1,-1,-1,0,3,Movistar,false,false
1428172941504,-1,-1,-1,-1,0,3,Movistar,false,false
1428172941504,-1,-1,-1,-1,0,3,Movistar,false,false
1428173001569,-1,-1,-1,-1,0,3,Movistar,true,false
1428173001569,-1,-1,-1,-1,0,3,Movistar,false,false
1428173001569,-1,-1,-1,-1,0,3,Movistar,false,false
1428173001569,-1,-1,-1,-1,0,3,Movistar,false,false
1428173001569,-1,-1,-1,-1,0,3,Movistar,false,false
1428173001569,-1,-1,-1,-1,0,3,Movistar,false,false
1428173061712,-1,-1,-1,-1,0,3,Movistar,true,false
1428173061712,-1,-1,-1,-1,0,3,Movistar,false,false
1428173061712,-1,-1,-1,-1,0,3,Movistar,false,false
1428173061712,-1,-1,-1,-1,0,3,Movistar,false,false
1428173061712,-1,-1,-1,-1,0,3,Movistar,false,false
1428173061712,-1,-1,-1,-1,0,3,Movistar,false,false
1428173126983,-1,-1,-1,-1,0,3,Movistar,true,false
1428173126983,-1,-1,-1,-1,0,3,Movistar,false,false
1428173126983,-1,-1,-1,-1,0,3,Movistar,false,false
1428173126983,-1,-1,-1,-1,0,3,Movistar,false,false
1428173126983,-1,-1,-1,-1,0,3,Movistar,false,false
1428173126983,-1,-1,-1,-1,0,3,Movistar,false,false
1428173187129,-1,-1,-1,-1,0,3,Movistar,true,false
1428173187129,-1,-1,-1,-1,0,3,Movistar,false,false
1428173187129,-1,-1,-1,-1,0,3,Movistar,false,false
1428173187129,-1,-1,-1,-1,0,3,Movistar,false,false
1428173187129,-1,-1,-1,-1,0,3,Movistar,false,false
1428173187129,-1,-1,-1,-1,0,3,Movistar,false,false
1428173247283,-1,-1,-1,-1,0,3,Movistar,true,false
1428173247283,-1,-1,-1,-1,0,3,Movistar,false,false
1428173247283,-1,-1,-1,-1,0,3,Movistar,false,false
1428173247283,-1,-1,-1,-1,0,3,Movistar,false,false
1428173247283,-1,-1,-1,-1,0,3,Movistar,false,false
1428173247283,-1,-1,-1,-1,0,3,Movistar,false,false
1428173311401,-1,-1,-1,-1,0,3,Movistar,true,false
1428173311401,-1,-1,-1,-1,0,3,Movistar,false,false
1428173311401,-1,-1,-1,-1,0,3,Movistar,false,false
1428173311401,-1,-1,-1,-1,0,3,Movistar,false,false
1428173311401,-1,-1,-1,-1,0,3,Movistar,false,false
1428173311401,-1,-1,-1,-1,0,3,Movistar,false,false
1428173371634,-1,-1,-1,-1,0,3,Movistar,true,false
1428173371634,-1,-1,-1,-1,0,3,Movistar,false,false
1428173371634,-1,-1,-1,-1,0,3,Movistar,false,false
1428173371634,-1,-1,-1,-1,0,3,Movistar,false,false
1428173371634,-1,-1,-1,-1,0,3,Movistar,false,false
1428173371634,-1,-1,-1,-1,0,3,Movistar,false,false
1428173432657,-1,-1,-1,-1,0,3,Movistar,true,false
1428173432657,-1,-1,-1,-1,0,3,Movistar,false,false
1428173432657,-1,-1,-1,-1,0,3,Movistar,false,false
1428173432657,-1,-1,-1,-1,0,3,Movistar,false,false
1428173432657,-1,-1,-1,-1,0,3,Movistar,false,false
1428173432657,-1,-1,-1,-1,0,3,Movistar,false,false
1428173501151,-1,-1,-1,-1,0,3,Movistar,true,false
1428173501151,-1,-1,-1,-1,0,3,Movistar,false,false
1428173501151,-1,-1,-1,-1,0,3,Movistar,false,false
1428173501151,-1,-1,-1,-1,0,3,Movistar,false,false
1428173501151,-1,-1,-1,-1,0,3,Movistar,false,false
1428173501151,-1,-1,-1,-1,0,3,Movistar,false,false
1428173561324,-1,-1,-1,-1,0,3,Movistar,true,false
1428173561324,-1,-1,-1,-1,0,3,Movistar,false,false
1428173561324,-1,-1,-1,-1,0,3,Movistar,false,false
1428173655969,-1,-1,-1,-1,0,3,Movistar,true,false
1428173655969,-1,-1,-1,-1,0,3,Movistar,false,false
1428173655969,-1,-1,-1,-1,0,3,Movistar,false,false
1428173655969,-1,-1,-1,-1,0,3,Movistar,false,false
1428173655969,-1,-1,-1,-1,0,3,Movistar,false,false
1428173655969,-1,-1,-1,-1,0,3,Movistar,false,false
1428173741764,-1,-1,-1,-1,0,3,Movistar,true,false
1428173741764,-1,-1,-1,-1,0,3,Movistar,false,false
1428173741764,-1,-1,-1,-1,0,3,Movistar,false,false
1428173741764,-1,-1,-1,-1,0,3,Movistar,false,false
1428173741764,-1,-1,-1,-1,0,3,Movistar,false,false
1428173741764,-1,-1,-1,-1,0,3,Movistar,false,false
1428173801903,-1,-1,-1,-1,0,3,Movistar,true,false
1428173801903,-1,-1,-1,-1,0,3,Movistar,false,false
1428173801903,-1,-1,-1,-1,0,3,Movistar,false,false
1428173801903,-1,-1,-1,-1,0,3,Movistar,false,false
1428173801903,-1,-1,-1,-1,0,3,Movistar,false,false
1428173801903,-1,-1,-1,-1,0,3,Movistar,false,false
1428173862093,-1,-1,-1,-1,0,3,Movistar,true,false
1428173862093,-1,-1,-1,-1,0,3,Movistar,false,false
1428173862093,-1,-1,-1,-1,0,3,Movistar,false,false
1428173862093,-1,-1,-1,-1,0,3,Movistar,false,false
1428173862093,-1,-1,-1,-1,0,3,Movistar,false,false
1428173862093,-1,-1,-1,-1,0,3,Movistar,false,false
1428173949475,-1,-1,-1,-1,0,3,Movistar,true,false
1428173949475,-1,-1,-1,-1,0,3,Movistar,false,false
1428173949475,-1,-1,-1,-1,0,3,Movistar,false,false
1428173949475,-1,-1,-1,-1,0,3,Movistar,false,false
1428173949475,-1,-1,-1,-1,0,3,Movistar,false,false
1428173949475,-1,-1,-1,-1,0,3,Movistar,false,false
1428174038568,-1,-1,-1,-1,0,3,Movistar,true,false
1428174038568,-1,-1,-1,-1,0,3,Movistar,false,false
1428174038568,-1,-1,-1,-1,0,3,Movistar,false,false
1428174038568,-1,-1,-1,-1,0,3,Movistar,false,false
1428174038568,-1,-1,-1,-1,0,3,Movistar,false,false
1428174038568,-1,-1,-1,-1,0,3,Movistar,false,false
1428174098716,-1,-1,-1,-1,0,3,Movistar,true,false
1428174098716,-1,-1,-1,-1,0,3,Movistar,false,false
1428174098716,-1,-1,-1,-1,0,3,Movistar,false,false
1428174098716,-1,-1,-1,-1,0,3,Movistar,false,false
1428174098716,-1,-1,-1,-1,0,3,Movistar,false,false
1428174098716,-1,-1,-1,-1,0,3,Movistar,false,false
1428174158806,-1,-1,-1,-1,0,3,Movistar,true,false
1428174158806,-1,-1,-1,-1,0,3,Movistar,false,false
1428174158806,-1,-1,-1,-1,0,3,Movistar,false,false
1428174158806,-1,-1,-1,-1,0,3,Movistar,false,false
1428174158806,-1,-1,-1,-1,0,3,Movistar,false,false
1428174158806,-1,-1,-1,-1,0,3,Movistar,false,false
1428174243247,-1,-1,-1,-1,0,3,Movistar,true,false
1428174243247,-1,-1,-1,-1,0,3,Movistar,false,false
1428174243247,-1,-1,-1,-1,0,3,Movistar,false,false
1428174243247,-1,-1,-1,-1,0,3,Movistar,false,false
1428174243247,-1,-1,-1,-1,0,3,Movistar,false,false
1428174243247,-1,-1,-1,-1,0,3,Movistar,false,false
1428174303437,-1,-1,-1,-1,0,3,Movistar,true,false
1428174303437,-1,-1,-1,-1,0,3,Movistar,false,false
1428174303437,-1,-1,-1,-1,0,3,Movistar,false,false
1428174303437,-1,-1,-1,-1,0,3,Movistar,false,false
1428174303437,-1,-1,-1,-1,0,3,Movistar,false,false
1428174303437,-1,-1,-1,-1,0,3,Movistar,false,false
1428174363440,-1,-1,-1,-1,0,3,Movistar,true,false
1428174363440,-1,-1,-1,-1,0,3,Movistar,false,false
1428174363440,-1,-1,-1,-1,0,3,Movistar,false,false
1428174363440,-1,-1,-1,-1,0,3,Movistar,false,false
1428174363440,-1,-1,-1,-1,0,3,Movistar,false,false
1428174363440,-1,-1,-1,-1,0,3,Movistar,false,false
1428174423569,-1,-1,-1,-1,0,3,Movistar,true,false
1428174423569,-1,-1,-1,-1,0,3,Movistar,false,false
1428174423569,-1,-1,-1,-1,0,3,Movistar,false,false
1428174423569,-1,-1,-1,-1,0,3,Movistar,false,false
1428174423569,-1,-1,-1,-1,0,3,Movistar,false,false
1428174423569,-1,-1,-1,-1,0,3,Movistar,false,false
1428174483651,-1,-1,-1,-1,0,3,Movistar,true,false
1428174483651,-1,-1,-1,-1,0,3,Movistar,false,false
1428174483651,-1,-1,-1,-1,0,3,Movistar,false,false
1428174483651,-1,-1,-1,-1,0,3,Movistar,false,false
1428174483651,-1,-1,-1,-1,0,3,Movistar,false,false
1428174483651,-1,-1,-1,-1,0,3,Movistar,false,false
1428174543782,-1,-1,-1,-1,0,3,Movistar,true,false
1428174543782,-1,-1,-1,-1,0,3,Movistar,false,false
1428174543782,-1,-1,-1,-1,0,3,Movistar,false,false
1428174543782,-1,-1,-1,-1,0,3,Movistar,false,false
1428174543782,-1,-1,-1,-1,0,3,Movistar,false,false
1428174543782,-1,-1,-1,-1,0,3,Movistar,false,false
1428174641758,-1,-1,-1,-1,0,3,Movistar,true,false
1428174641758,-1,-1,-1,-1,0,3,Movistar,false,false
1428174641758,-1,-1,-1,-1,0,3,Movistar,false,false
1428174641758,-1,-1,-1,-1,0,3,Movistar,false,false
1428174641758,-1,-1,-1,-1,0,3,Movistar,false,false
1428174641758,-1,-1,-1,-1,0,3,Movistar,false,false
1428174720221,-1,-1,-1,-1,0,3,Movistar,true,false
1428174785501,-1,-1,-1,-1,0,3,Movistar,true,false
1428174785501,-1,-1,-1,-1,0,3,Movistar,false,false
1428174785501,-1,-1,-1,-1,0,3,Movistar,false,false
1428174785501,-1,-1,-1,-1,0,3,Movistar,false,false
1428174785501,-1,-1,-1,-1,0,3,Movistar,false,false
1428174785501,-1,-1,-1,-1,0,3,Movistar,false,false
1428174845760,-1,-1,-1,-1,0,3,Movistar,true,false
1428174845760,-1,-1,-1,-1,0,3,Movistar,false,false
1428174845760,-1,-1,-1,-1,0,3,Movistar,false,false
1428174845760,-1,-1,-1,-1,0,3,Movistar,false,false
1428174845760,-1,-1,-1,-1,0,3,Movistar,false,false
1428174845760,-1,-1,-1,-1,0,3,Movistar,false,false
1428174905926,-1,-1,-1,-1,0,3,Movistar,true,false
1428174905926,-1,-1,-1,-1,0,3,Movistar,false,false
1428174905926,-1,-1,-1,-1,0,3,Movistar,false,false
1428174905926,-1,-1,-1,-1,0,3,Movistar,false,false
1428174905926,-1,-1,-1,-1,0,3,Movistar,false,false
1428174905926,-1,-1,-1,-1,0,3,Movistar,false,false
1428174966037,-1,-1,-1,-1,0,3,Movistar,true,false
1428174966037,-1,-1,-1,-1,0,3,Movistar,false,false
1428174966037,-1,-1,-1,-1,0,3,Movistar,false,false
1428174966037,-1,-1,-1,-1,0,3,Movistar,false,false
1428174966037,-1,-1,-1,-1,0,3,Movistar,false,false
1428174966037,-1,-1,-1,-1,0,3,Movistar,false,false
1428175026162,-1,-1,-1,-1,0,3,Movistar,true,false
1428175026162,-1,-1,-1,-1,0,3,Movistar,false,false
1428175026162,-1,-1,-1,-1,0,3,Movistar,false,false
1428175026162,-1,-1,-1,-1,0,3,Movistar,false,false
1428175026162,-1,-1,-1,-1,0,3,Movistar,false,false
1428175026162,-1,-1,-1,-1,0,3,Movistar,false,false
1428175086305,-1,-1,-1,-1,0,3,Movistar,true,false
1428175086305,-1,-1,-1,-1,0,3,Movistar,false,false
1428175086305,-1,-1,-1,-1,0,3,Movistar,false,false
1428175086305,-1,-1,-1,-1,0,3,Movistar,false,false
1428175086305,-1,-1,-1,-1,0,3,Movistar,false,false
1428175086305,-1,-1,-1,-1,0,3,Movistar,false,false
1428175146394,-1,-1,-1,-1,0,3,Movistar,true,false
1428175146394,-1,-1,-1,-1,0,3,Movistar,false,false
1428175146394,-1,-1,-1,-1,0,3,Movistar,false,false
1428175146394,-1,-1,-1,-1,0,3,Movistar,false,false
1428175146394,-1,-1,-1,-1,0,3,Movistar,false,false
1428175146394,-1,-1,-1,-1,0,3,Movistar,false,false
1428175206539,-1,-1,-1,-1,0,3,Movistar,true,false
1428175206539,-1,-1,-1,-1,0,3,Movistar,false,false
1428175206539,-1,-1,-1,-1,0,3,Movistar,false,false
1428175206539,-1,-1,-1,-1,0,3,Movistar,false,false
1428175206539,-1,-1,-1,-1,0,3,Movistar,false,false
1428175206539,-1,-1,-1,-1,0,3,Movistar,false,false
1428175266517,-1,-1,-1,-1,0,3,Movistar,true,false
1428175266517,-1,-1,-1,-1,0,3,Movistar,false,false
1428175266517,-1,-1,-1,-1,0,3,Movistar,false,false
1428175266517,-1,-1,-1,-1,0,3,Movistar,false,false
1428175266517,-1,-1,-1,-1,0,3,Movistar,false,false
1428175266517,-1,-1,-1,-1,0,3,Movistar,false,false
1428175329022,-1,-1,-1,-1,0,3,Movistar,true,false
1428175329022,-1,-1,-1,-1,0,3,Movistar,false,false
1428175329022,-1,-1,-1,-1,0,3,Movistar,false,false
1428175329022,-1,-1,-1,-1,0,3,Movistar,false,false
1428175329022,-1,-1,-1,-1,0,3,Movistar,false,false
1428175329022,-1,-1,-1,-1,0,3,Movistar,false,false
1428175390041,-1,-1,-1,-1,0,3,Movistar,true,false
1428175390041,-1,-1,-1,-1,0,3,Movistar,false,false
1428175390041,-1,-1,-1,-1,0,3,Movistar,false,false
1428175390041,-1,-1,-1,-1,0,3,Movistar,false,false
1428175390041,-1,-1,-1,-1,0,3,Movistar,false,false
1428175390041,-1,-1,-1,-1,0,3,Movistar,false,false
1428175450162,-1,-1,-1,-1,0,3,Movistar,true,false
1428175450162,-1,-1,-1,-1,0,3,Movistar,false,false
1428175450162,-1,-1,-1,-1,0,3,Movistar,false,false
1428175450162,-1,-1,-1,-1,0,3,Movistar,false,false
1428175450162,-1,-1,-1,-1,0,3,Movistar,false,false
1428175450162,-1,-1,-1,-1,0,3,Movistar,false,false
1428175510270,-1,-1,-1,-1,0,3,Movistar,true,false
1428175510270,-1,-1,-1,-1,0,3,Movistar,false,false
1428175510270,-1,-1,-1,-1,0,3,Movistar,false,false
1428175510270,-1,-1,-1,-1,0,3,Movistar,false,false
1428175510270,-1,-1,-1,-1,0,3,Movistar,false,false
1428175510270,-1,-1,-1,-1,0,3,Movistar,false,false
1428175586949,-1,-1,-1,-1,0,3,Movistar,true,false
1428175586949,-1,-1,-1,-1,0,3,Movistar,false,false
1428175586949,-1,-1,-1,-1,0,3,Movistar,false,false
1428175586949,-1,-1,-1,-1,0,3,Movistar,false,false
1428175586949,-1,-1,-1,-1,0,3,Movistar,false,false
1428175586949,-1,-1,-1,-1,0,3,Movistar,false,false
1428175647057,-1,-1,-1,-1,0,3,Movistar,true,false
1428175647057,-1,-1,-1,-1,0,3,Movistar,false,false
1428175647057,-1,-1,-1,-1,0,3,Movistar,false,false
1428175647057,-1,-1,-1,-1,0,3,Movistar,false,false
1428175647057,-1,-1,-1,-1,0,3,Movistar,false,false
1428175647057,-1,-1,-1,-1,0,3,Movistar,false,false
1428175707186,-1,-1,-1,-1,0,3,Movistar,true,false
1428175707186,-1,-1,-1,-1,0,3,Movistar,false,false
1428175707186,-1,-1,-1,-1,0,3,Movistar,false,false
1428175707186,-1,-1,-1,-1,0,3,Movistar,false,false
1428175707186,-1,-1,-1,-1,0,3,Movistar,false,false
1428175707186,-1,-1,-1,-1,0,3,Movistar,false,false
1428175803753,-1,-1,-1,-1,0,3,Movistar,true,false
1428175803753,-1,-1,-1,-1,0,3,Movistar,false,false
1428175803753,-1,-1,-1,-1,0,3,Movistar,false,false
1428175803753,-1,-1,-1,-1,0,3,Movistar,false,false
1428175803753,-1,-1,-1,-1,0,3,Movistar,false,false
1428175803753,-1,-1,-1,-1,0,3,Movistar,false,false
1428175864439,-1,-1,-1,-1,0,3,Movistar,true,false
1428175924655,-1,-1,-1,-1,0,3,Movistar,true,false
1428175924655,-1,-1,-1,-1,0,3,Movistar,false,false
1428175924655,-1,-1,-1,-1,0,3,Movistar,false,false
1428175924655,-1,-1,-1,-1,0,3,Movistar,false,false
1428175924655,-1,-1,-1,-1,0,3,Movistar,false,false
1428175924655,-1,-1,-1,-1,0,3,Movistar,false,false
1428175984820,-1,-1,-1,-1,0,3,Movistar,true,false
1428175984820,-1,-1,-1,-1,0,3,Movistar,false,false
1428175984820,-1,-1,-1,-1,0,3,Movistar,false,false
1428175984820,-1,-1,-1,-1,0,3,Movistar,false,false
1428175984820,-1,-1,-1,-1,0,3,Movistar,false,false
1428175984820,-1,-1,-1,-1,0,3,Movistar,false,false
1428176044837,-1,-1,-1,-1,0,3,Movistar,true,false
1428176044837,-1,-1,-1,-1,0,3,Movistar,false,false
1428176044837,-1,-1,-1,-1,0,3,Movistar,false,false
1428176044837,-1,-1,-1,-1,0,3,Movistar,false,false
1428176044837,-1,-1,-1,-1,0,3,Movistar,false,false
1428176044837,-1,-1,-1,-1,0,3,Movistar,false,false
1428176110075,-1,-1,-1,-1,0,3,Movistar,true,false
1428176110075,-1,-1,-1,-1,0,3,Movistar,false,false
1428176110075,-1,-1,-1,-1,0,3,Movistar,false,false
1428176110075,-1,-1,-1,-1,0,3,Movistar,false,false
1428176110075,-1,-1,-1,-1,0,3,Movistar,false,false
1428176110075,-1,-1,-1,-1,0,3,Movistar,false,false
1428176170189,-1,-1,-1,-1,0,3,Movistar,true,false
1428176170189,-1,-1,-1,-1,0,3,Movistar,false,false
1428176170189,-1,-1,-1,-1,0,3,Movistar,false,false
1428176170189,-1,-1,-1,-1,0,3,Movistar,false,false
1428176170189,-1,-1,-1,-1,0,3,Movistar,false,false
1428176170189,-1,-1,-1,-1,0,3,Movistar,false,false
1428176230418,-1,-1,-1,-1,0,3,Movistar,true,false
1428176230418,-1,-1,-1,-1,0,3,Movistar,false,false
1428176230418,-1,-1,-1,-1,0,3,Movistar,false,false
1428176230418,-1,-1,-1,-1,0,3,Movistar,false,false
1428176230418,-1,-1,-1,-1,0,3,Movistar,false,false
1428176230418,-1,-1,-1,-1,0,3,Movistar,false,false
1428176301079,-1,-1,-1,-1,0,3,Movistar,true,false
1428176301079,-1,-1,-1,-1,0,3,Movistar,false,false
1428176301079,-1,-1,-1,-1,0,3,Movistar,false,false
1428176301079,-1,-1,-1,-1,0,3,Movistar,false,false
1428176301079,-1,-1,-1,-1,0,3,Movistar,false,false
1428176301079,-1,-1,-1,-1,0,3,Movistar,false,false
1428176403663,-1,-1,-1,-1,0,3,Movistar,true,false
1428176403663,-1,-1,-1,-1,0,3,Movistar,false,false
1428176403663,-1,-1,-1,-1,0,3,Movistar,false,false
1428176403663,-1,-1,-1,-1,0,3,Movistar,false,false
1428176403663,-1,-1,-1,-1,0,3,Movistar,false,false
1428176403663,-1,-1,-1,-1,0,3,Movistar,false,false
1428176463623,-1,-1,-1,-1,0,3,Movistar,true,false
1428176463623,-1,-1,-1,-1,0,3,Movistar,false,false
1428176463623,-1,-1,-1,-1,0,3,Movistar,false,false
1428176463623,-1,-1,-1,-1,0,3,Movistar,false,false
1428176463623,-1,-1,-1,-1,0,3,Movistar,false,false
1428176463623,-1,-1,-1,-1,0,3,Movistar,false,false
1428176524792,-1,-1,-1,-1,0,3,Movistar,true,false
1428176524792,-1,-1,-1,-1,0,3,Movistar,false,false
1428176524792,-1,-1,-1,-1,0,3,Movistar,false,false
1428176524792,-1,-1,-1,-1,0,3,Movistar,false,false
1428176524792,-1,-1,-1,-1,0,3,Movistar,false,false
1428176524792,-1,-1,-1,-1,0,3,Movistar,false,false
1428176585025,-1,-1,-1,-1,0,3,Movistar,true,false
1428176585025,-1,-1,-1,-1,0,3,Movistar,false,false
1428176585025,-1,-1,-1,-1,0,3,Movistar,false,false
1428176585025,-1,-1,-1,-1,0,3,Movistar,false,false
1428176585025,-1,-1,-1,-1,0,3,Movistar,false,false
1428176645092,-1,-1,-1,-1,0,3,Movistar,true,false
1428176645092,-1,-1,-1,-1,0,3,Movistar,false,false
1428176645092,-1,-1,-1,-1,0,3,Movistar,false,false
1428176645092,-1,-1,-1,-1,0,3,Movistar,false,false
1428176645092,-1,-1,-1,-1,0,3,Movistar,false,false
1428176645092,-1,-1,-1,-1,0,3,Movistar,false,false
1428176705229,-1,-1,-1,-1,0,3,Movistar,true,false
1428176705229,-1,-1,-1,-1,0,3,Movistar,false,false
1428176705229,-1,-1,-1,-1,0,3,Movistar,false,false
1428176705229,-1,-1,-1,-1,0,3,Movistar,false,false
1428176705229,-1,-1,-1,-1,0,3,Movistar,false,false
1428176705229,-1,-1,-1,-1,0,3,Movistar,false,false
1428176785024,-1,-1,-1,-1,0,3,Movistar,true,false
1428176785024,-1,-1,-1,-1,0,3,Movistar,false,false
1428176785024,-1,-1,-1,-1,0,3,Movistar,false,false
1428176785024,-1,-1,-1,-1,0,3,Movistar,false,false
1428176785024,-1,-1,-1,-1,0,3,Movistar,false,false
1428176785024,-1,-1,-1,-1,0,3,Movistar,false,false
1428176845216,-1,-1,-1,-1,0,3,Movistar,true,false
1428176845216,-1,-1,-1,-1,0,3,Movistar,false,false
1428176845216,-1,-1,-1,-1,0,3,Movistar,false,false
1428176845216,-1,-1,-1,-1,0,3,Movistar,false,false
1428176845216,-1,-1,-1,-1,0,3,Movistar,false,false
1428176845216,-1,-1,-1,-1,0,3,Movistar,false,false
1428176906470,-1,-1,-1,-1,0,3,Movistar,true,false
1428176906470,-1,-1,-1,-1,0,3,Movistar,false,false
1428176906470,-1,-1,-1,-1,0,3,Movistar,false,false
1428176906470,-1,-1,-1,-1,0,3,Movistar,false,false
1428176906470,-1,-1,-1,-1,0,3,Movistar,false,false
1428176906470,-1,-1,-1,-1,0,3,Movistar,false,false
1428176998769,-1,-1,-1,-1,0,3,Movistar,true,false
1428177058795,-1,-1,-1,-1,0,3,Movistar,true,false
1428177058795,-1,-1,-1,-1,0,3,Movistar,false,false
1428177058795,-1,-1,-1,-1,0,3,Movistar,false,false
1428177058795,-1,-1,-1,-1,0,3,Movistar,false,false
1428177058795,-1,-1,-1,-1,0,3,Movistar,false,false
1428177058795,-1,-1,-1,-1,0,3,Movistar,false,false
1428177118831,-1,-1,-1,-1,0,3,Movistar,true,false
1428177118831,-1,-1,-1,-1,0,3,Movistar,false,false
1428177118831,-1,-1,-1,-1,0,3,Movistar,false,false
1428177118831,-1,-1,-1,-1,0,3,Movistar,false,false
1428177118831,-1,-1,-1,-1,0,3,Movistar,false,false
1428177118831,-1,-1,-1,-1,0,3,Movistar,false,false
1428177178910,-1,-1,-1,-1,0,3,Movistar,true,false
1428177178910,-1,-1,-1,-1,0,3,Movistar,false,false
1428177178910,-1,-1,-1,-1,0,3,Movistar,false,false
1428177178910,-1,-1,-1,-1,0,3,Movistar,false,false
1428177178910,-1,-1,-1,-1,0,3,Movistar,false,false
1428177178910,-1,-1,-1,-1,0,3,Movistar,false,false
1428177240216,-1,-1,-1,-1,0,3,Movistar,true,false
1428177240216,-1,-1,-1,-1,0,3,Movistar,false,false
1428177240216,-1,-1,-1,-1,0,3,Movistar,false,false
1428177240216,-1,-1,-1,-1,0,3,Movistar,false,false
1428177240216,-1,-1,-1,-1,0,3,Movistar,false,false
1428177240216,-1,-1,-1,-1,0,3,Movistar,false,false
1428177307942,-1,-1,-1,-1,0,3,Movistar,true,false
1428177307942,-1,-1,-1,-1,0,3,Movistar,false,false
1428177307942,-1,-1,-1,-1,0,3,Movistar,false,false
1428177307942,-1,-1,-1,-1,0,3,Movistar,false,false
1428177307942,-1,-1,-1,-1,0,3,Movistar,false,false
1428177307942,-1,-1,-1,-1,0,3,Movistar,false,false
1428177372351,-1,-1,-1,-1,0,3,Movistar,true,false
1428177372351,-1,-1,-1,-1,0,3,Movistar,false,false
1428177372351,-1,-1,-1,-1,0,3,Movistar,false,false
1428177372351,-1,-1,-1,-1,0,3,Movistar,false,false
1428177372351,-1,-1,-1,-1,0,3,Movistar,false,false
1428177372351,-1,-1,-1,-1,0,3,Movistar,false,false
1428177372935,-1,-1,-1,-1,0,3,Movistar,true,false
1428177372935,-1,-1,-1,-1,0,3,Movistar,false,false
1428177372935,-1,-1,-1,-1,0,3,Movistar,false,false
1428177372935,-1,-1,-1,-1,0,3,Movistar,false,false
1428177372935,-1,-1,-1,-1,0,3,Movistar,false,false
1428177372935,-1,-1,-1,-1,0,3,Movistar,false,false
1428177374799,-1,-1,-1,-1,0,3,Movistar,true,false
1428177374799,-1,-1,-1,-1,0,3,Movistar,false,false
1428177374799,-1,-1,-1,-1,0,3,Movistar,false,false
1428177374799,-1,-1,-1,-1,0,3,Movistar,false,false
1428177374799,-1,-1,-1,-1,0,3,Movistar,false,false
1428177374799,-1,-1,-1,-1,0,3,Movistar,false,false
1428177394277,-1,-1,-1,-1,0,3,Movistar,true,false
1428177394277,-1,-1,-1,-1,0,3,Movistar,false,false
1428177394277,-1,-1,-1,-1,0,3,Movistar,false,false
1428177394277,-1,-1,-1,-1,0,3,Movistar,false,false
1428177394277,-1,-1,-1,-1,0,3,Movistar,false,false
1428177394277,-1,-1,-1,-1,0,3,Movistar,false,false
1428177397972,-1,-1,-1,-1,0,3,Movistar,true,false
1428177397972,-1,-1,-1,-1,0,3,Movistar,false,false
1428177397972,-1,-1,-1,-1,0,3,Movistar,false,false
1428177397972,-1,-1,-1,-1,0,3,Movistar,false,false
1428177397972,-1,-1,-1,-1,0,3,Movistar,false,false
1428177397972,-1,-1,-1,-1,0,3,Movistar,false,false
1428177399317,-1,-1,-1,-1,0,3,Movistar,true,false
1428177399317,-1,-1,-1,-1,0,3,Movistar,false,false
1428177399317,-1,-1,-1,-1,0,3,Movistar,false,false
1428177399317,-1,-1,-1,-1,0,3,Movistar,false,false
1428177399317,-1,-1,-1,-1,0,3,Movistar,false,false
1428177399317,-1,-1,-1,-1,0,3,Movistar,false,false
1428177412181,-1,-1,-1,-1,0,3,Movistar,true,false
1428177412181,-1,-1,-1,-1,0,3,Movistar,false,false
1428177412181,-1,-1,-1,-1,0,3,Movistar,false,false
1428177412181,-1,-1,-1,-1,0,3,Movistar,false,false
1428177412181,-1,-1,-1,-1,0,3,Movistar,false,false
1428177412181,-1,-1,-1,-1,0,3,Movistar,false,false
1428177497668,-1,-1,-1,-1,0,3,Movistar,true,false
1428177497668,-1,-1,-1,-1,0,3,Movistar,false,false
1428177497668,-1,-1,-1,-1,0,3,Movistar,false,false
1428177497668,-1,-1,-1,-1,0,3,Movistar,false,false
1428177497668,-1,-1,-1,-1,0,3,Movistar,false,false
1428177497668,-1,-1,-1,-1,0,3,Movistar,false,false
1428177565173,-1,-1,-1,-1,0,3,Movistar,true,false
1428177565173,-1,-1,-1,-1,0,3,Movistar,false,false
1428177565173,-1,-1,-1,-1,0,3,Movistar,false,false
1428177565173,-1,-1,-1,-1,0,3,Movistar,false,false
1428177565173,-1,-1,-1,-1,0,3,Movistar,false,false
1428177565173,-1,-1,-1,-1,0,3,Movistar,false,false
1428177625286,-1,-1,-1,-1,0,3,Movistar,true,false
1428177625286,-1,-1,-1,-1,0,3,Movistar,false,false
1428177625286,-1,-1,-1,-1,0,3,Movistar,false,false
1428177625286,-1,-1,-1,-1,0,3,Movistar,false,false
1428177625286,-1,-1,-1,-1,0,3,Movistar,false,false
1428177625286,-1,-1,-1,-1,0,3,Movistar,false,false
1428177685399,-1,-1,-1,-1,0,3,Movistar,true,false
1428177685399,-1,-1,-1,-1,0,3,Movistar,false,false
1428177685399,-1,-1,-1,-1,0,3,Movistar,false,false
1428177685399,-1,-1,-1,-1,0,3,Movistar,false,false
1428177685399,-1,-1,-1,-1,0,3,Movistar,false,false
1428177685399,-1,-1,-1,-1,0,3,Movistar,false,false
1428177773997,-1,-1,-1,-1,0,3,Movistar,true,false
1428177773997,-1,-1,-1,-1,0,3,Movistar,false,false
1428177773997,-1,-1,-1,-1,0,3,Movistar,false,false
1428177773997,-1,-1,-1,-1,0,3,Movistar,false,false
1428177773997,-1,-1,-1,-1,0,3,Movistar,false,false
1428177773997,-1,-1,-1,-1,0,3,Movistar,false,false
1428177834127,-1,-1,-1,-1,0,3,Movistar,true,false
1428177834127,-1,-1,-1,-1,0,3,Movistar,false,false
1428177834127,-1,-1,-1,-1,0,3,Movistar,false,false
1428177834127,-1,-1,-1,-1,0,3,Movistar,false,false
1428177834127,-1,-1,-1,-1,0,3,Movistar,false,false
1428177834127,-1,-1,-1,-1,0,3,Movistar,false,false
1428177894206,-1,-1,-1,-1,0,3,Movistar,true,false
1428177894206,-1,-1,-1,-1,0,3,Movistar,false,false
1428177894206,-1,-1,-1,-1,0,3,Movistar,false,false
1428177894206,-1,-1,-1,-1,0,3,Movistar,false,false
1428177894206,-1,-1,-1,-1,0,3,Movistar,false,false
1428177894206,-1,-1,-1,-1,0,3,Movistar,false,false
1428177959547,-1,-1,-1,-1,0,3,Movistar,true,false
1428177959547,-1,-1,-1,-1,0,3,Movistar,false,false
1428177959547,-1,-1,-1,-1,0,3,Movistar,false,false
1428177959547,-1,-1,-1,-1,0,3,Movistar,false,false
1428177959547,-1,-1,-1,-1,0,3,Movistar,false,false
1428177959547,-1,-1,-1,-1,0,3,Movistar,false,false
1428178019724,-1,-1,-1,-1,0,3,Movistar,true,false
1428178019724,-1,-1,-1,-1,0,3,Movistar,false,false
1428178019724,-1,-1,-1,-1,0,3,Movistar,false,false
1428178019724,-1,-1,-1,-1,0,3,Movistar,false,false
1428178019724,-1,-1,-1,-1,0,3,Movistar,false,false
1428178019724,-1,-1,-1,-1,0,3,Movistar,false,false
1428178079842,-1,-1,-1,-1,0,3,Movistar,true,false
1428178079842,-1,-1,-1,-1,0,3,Movistar,false,false
1428178079842,-1,-1,-1,-1,0,3,Movistar,false,false
1428178079842,-1,-1,-1,-1,0,3,Movistar,false,false
1428178079842,-1,-1,-1,-1,0,3,Movistar,false,false
1428178079842,-1,-1,-1,-1,0,3,Movistar,false,false
1428178139947,-1,-1,-1,-1,0,3,Movistar,true,false
1428178139947,-1,-1,-1,-1,0,3,Movistar,false,false
1428178139947,-1,-1,-1,-1,0,3,Movistar,false,false
1428178139947,-1,-1,-1,-1,0,3,Movistar,false,false
1428178139947,-1,-1,-1,-1,0,3,Movistar,false,false
1428178139947,-1,-1,-1,-1,0,3,Movistar,false,false
1428178241787,-1,-1,-1,-1,0,3,Movistar,true,false
1428178241787,-1,-1,-1,-1,0,3,Movistar,false,false
1428178241787,-1,-1,-1,-1,0,3,Movistar,false,false
1428178241787,-1,-1,-1,-1,0,3,Movistar,false,false
1428178241787,-1,-1,-1,-1,0,3,Movistar,false,false
1428178241787,-1,-1,-1,-1,0,3,Movistar,false,false
1428178302036,-1,-1,-1,-1,0,3,Movistar,true,false
1428178302036,-1,-1,-1,-1,0,3,Movistar,false,false
1428178302036,-1,-1,-1,-1,0,3,Movistar,false,false
1428178302036,-1,-1,-1,-1,0,3,Movistar,false,false
1428178302036,-1,-1,-1,-1,0,3,Movistar,false,false
1428178302036,-1,-1,-1,-1,0,3,Movistar,false,false
1428178362149,-1,-1,-1,-1,0,3,Movistar,true,false
1428178362149,-1,-1,-1,-1,0,3,Movistar,false,false
1428178362149,-1,-1,-1,-1,0,3,Movistar,false,false
1428178362149,-1,-1,-1,-1,0,3,Movistar,false,false
1428178362149,-1,-1,-1,-1,0,3,Movistar,false,false
1428178362149,-1,-1,-1,-1,0,3,Movistar,false,false
1428178445528,-1,-1,-1,-1,0,3,Movistar,true,false
1428178445528,-1,-1,-1,-1,0,3,Movistar,false,false
1428178445528,-1,-1,-1,-1,0,3,Movistar,false,false
1428178445528,-1,-1,-1,-1,0,3,Movistar,false,false
1428178445528,-1,-1,-1,-1,0,3,Movistar,false,false
1428178445528,-1,-1,-1,-1,0,3,Movistar,false,false
1428178505658,-1,-1,-1,-1,0,3,Movistar,true,false
1428178505658,-1,-1,-1,-1,0,3,Movistar,false,false
1428178505658,-1,-1,-1,-1,0,3,Movistar,false,false
1428178505658,-1,-1,-1,-1,0,3,Movistar,false,false
1428178505658,-1,-1,-1,-1,0,3,Movistar,false,false
1428178505658,-1,-1,-1,-1,0,3,Movistar,false,false
1428178565764,-1,-1,-1,-1,0,3,Movistar,true,false
1428178565764,-1,-1,-1,-1,0,3,Movistar,false,false
1428178565764,-1,-1,-1,-1,0,3,Movistar,false,false
1428178565764,-1,-1,-1,-1,0,3,Movistar,false,false
1428178565764,-1,-1,-1,-1,0,3,Movistar,false,false
1428178565764,-1,-1,-1,-1,0,3,Movistar,false,false
1428178625863,-1,-1,-1,-1,0,3,Movistar,true,false
1428178625863,-1,-1,-1,-1,0,3,Movistar,false,false
1428178625863,-1,-1,-1,-1,0,3,Movistar,false,false
1428178625863,-1,-1,-1,-1,0,3,Movistar,false,false
1428178625863,-1,-1,-1,-1,0,3,Movistar,false,false
1428178625863,-1,-1,-1,-1,0,3,Movistar,false,false
1428178685969,-1,-1,-1,-1,0,3,Movistar,true,false
1428178685969,-1,-1,-1,-1,0,3,Movistar,false,false
1428178685969,-1,-1,-1,-1,0,3,Movistar,false,false
1428178685969,-1,-1,-1,-1,0,3,Movistar,false,false
1428178685969,-1,-1,-1,-1,0,3,Movistar,false,false
1428178685969,-1,-1,-1,-1,0,3,Movistar,false,false
1428178746096,-1,-1,-1,-1,0,3,Movistar,true,false
1428178746096,-1,-1,-1,-1,0,3,Movistar,false,false
1428178746096,-1,-1,-1,-1,0,3,Movistar,false,false
1428178746096,-1,-1,-1,-1,0,3,Movistar,false,false
1428178746096,-1,-1,-1,-1,0,3,Movistar,false,false
1428178746096,-1,-1,-1,-1,0,3,Movistar,false,false
1428178806177,-1,-1,-1,-1,0,3,Movistar,true,false
1428178806177,-1,-1,-1,-1,0,3,Movistar,false,false
1428178806177,-1,-1,-1,-1,0,3,Movistar,false,false
1428178806177,-1,-1,-1,-1,0,3,Movistar,false,false
1428178806177,-1,-1,-1,-1,0,3,Movistar,false,false
1428178806177,-1,-1,-1,-1,0,3,Movistar,false,false
1428178866237,-1,-1,-1,-1,0,3,Movistar,true,false
1428178866237,-1,-1,-1,-1,0,3,Movistar,false,false
1428178866237,-1,-1,-1,-1,0,3,Movistar,false,false
1428178866237,-1,-1,-1,-1,0,3,Movistar,false,false
1428178866237,-1,-1,-1,-1,0,3,Movistar,false,false
1428178866237,-1,-1,-1,-1,0,3,Movistar,false,false
1428178926380,-1,-1,-1,-1,0,3,Movistar,true,false
1428178926380,-1,-1,-1,-1,0,3,Movistar,false,false
1428178926380,-1,-1,-1,-1,0,3,Movistar,false,false
1428178926380,-1,-1,-1,-1,0,3,Movistar,false,false
1428178926380,-1,-1,-1,-1,0,3,Movistar,false,false
1428178926380,-1,-1,-1,-1,0,3,Movistar,false,false
1428179011193,-1,-1,-1,-1,0,3,Movistar,true,false
1428179011193,-1,-1,-1,-1,0,3,Movistar,false,false
1428179011193,-1,-1,-1,-1,0,3,Movistar,false,false
1428179011193,-1,-1,-1,-1,0,3,Movistar,false,false
1428179011193,-1,-1,-1,-1,0,3,Movistar,false,false
1428179011193,-1,-1,-1,-1,0,3,Movistar,false,false
1428179011193,2147483647,2147483647,2147483647,2147483647,-75,3,Movistar,false,false
1428179011193,2147483647,2147483647,2147483647,2147483647,-85,3,Movistar,false,false
1428179011193,2147483647,2147483647,2147483647,2147483647,-91,3,Movistar,false,false
1428179011193,2147483647,2147483647,2147483647,2147483647,-97,3,Movistar,false,false
1428179011193,2147483647,2147483647,2147483647,2147483647,-103,3,Movistar,false,false
1428179011193,2147483647,2147483647,2147483647,2147483647,-103,3,Movistar,false,false
1428179011193,2147483647,2147483647,2147483647,2147483647,-107,3,Movistar,false,false
1428179011193,2147483647,2147483647,2147483647,2147483647,-107,3,Movistar,false,false
1428179091430,-1,-1,-1,-1,0,3,Movistar,true,false
1428179091430,-1,-1,-1,-1,0,3,Movistar,false,false
1428179091430,-1,-1,-1,-1,0,3,Movistar,false,false
1428179091430,-1,-1,-1,-1,0,3,Movistar,false,false
1428179091430,-1,-1,-1,-1,0,3,Movistar,false,false
1428179091430,-1,-1,-1,-1,0,3,Movistar,false,false
1428179091430,2147483647,2147483647,2147483647,2147483647,-67,3,Movistar,false,false
1428179091430,2147483647,2147483647,2147483647,2147483647,-83,3,Movistar,false,false
1428179091430,2147483647,2147483647,2147483647,2147483647,-91,3,Movistar,false,false
1428179091430,2147483647,2147483647,2147483647,2147483647,-97,3,Movistar,false,false
1428179091430,2147483647,2147483647,2147483647,2147483647,-103,3,Movistar,false,false
1428179091430,2147483647,2147483647,2147483647,2147483647,-103,3,Movistar,false,false
1428179091430,2147483647,2147483647,2147483647,2147483647,-107,3,Movistar,false,false
1428179091430,2147483647,2147483647,2147483647,2147483647,-107,3,Movistar,false,false
1428179173302,-1,-1,-1,-1,0,3,Movistar,true,false
1428179173302,-1,-1,-1,-1,0,3,Movistar,false,false
1428179173302,-1,-1,-1,-1,0,3,Movistar,false,false
1428179173302,-1,-1,-1,-1,0,3,Movistar,false,false
1428179173302,-1,-1,-1,-1,0,3,Movistar,false,false
1428179173302,-1,-1,-1,-1,0,3,Movistar,false,false
1428179173302,2147483647,2147483647,2147483647,2147483647,-67,3,Movistar,false,false
1428179173302,2147483647,2147483647,2147483647,2147483647,-83,3,Movistar,false,false
1428179173302,2147483647,2147483647,2147483647,2147483647,-91,3,Movistar,false,false
1428179173302,2147483647,2147483647,2147483647,2147483647,-97,3,Movistar,false,false
1428179173302,2147483647,2147483647,2147483647,2147483647,-103,3,Movistar,false,false
1428179173302,2147483647,2147483647,2147483647,2147483647,-103,3,Movistar,false,false
1428179173302,2147483647,2147483647,2147483647,2147483647,-107,3,Movistar,false,false
1428179173302,2147483647,2147483647,2147483647,2147483647,-107,3,Movistar,false,false
1428179239414,-1,-1,-1,-1,0,3,Movistar,true,false
1428179299574,-1,-1,-1,-1,0,3,Movistar,true,false
1428179299574,-1,-1,-1,-1,0,3,Movistar,false,false
1428179299574,-1,-1,-1,-1,0,3,Movistar,false,false
1428179299574,-1,-1,-1,-1,0,3,Movistar,false,false
1428179299574,-1,-1,-1,-1,0,3,Movistar,false,false
1428179299574,-1,-1,-1,-1,0,3,Movistar,false,false
1428179299574,2147483647,2147483647,2147483647,2147483647,-71,3,Movistar,false,false
1428179299574,2147483647,2147483647,2147483647,2147483647,-83,3,Movistar,false,false
1428179299574,2147483647,2147483647,2147483647,2147483647,-89,3,Movistar,false,false
1428179299574,2147483647,2147483647,2147483647,2147483647,-97,3,Movistar,false,false
1428179299574,2147483647,2147483647,2147483647,2147483647,-103,3,Movistar,false,false
1428179299574,2147483647,2147483647,2147483647,2147483647,-103,3,Movistar,false,false
1428179299574,2147483647,2147483647,2147483647,2147483647,-107,3,Movistar,false,false
1428179299574,2147483647,2147483647,2147483647,2147483647,-109,3,Movistar,false,false
1428179384827,-1,-1,-1,-1,0,3,Movistar,true,false
1428179384827,-1,-1,-1,-1,0,3,Movistar,false,false
1428179384827,-1,-1,-1,-1,0,3,Movistar,false,false
1428179384827,-1,-1,-1,-1,0,3,Movistar,false,false
1428179384827,-1,-1,-1,-1,0,3,Movistar,false,false
1428179384827,-1,-1,-1,-1,0,3,Movistar,false,false
1428179384827,2147483647,2147483647,2147483647,2147483647,-71,3,Movistar,false,false
1428179384827,2147483647,2147483647,2147483647,2147483647,-83,3,Movistar,false,false
1428179384827,2147483647,2147483647,2147483647,2147483647,-89,3,Movistar,false,false
1428179384827,2147483647,2147483647,2147483647,2147483647,-97,3,Movistar,false,false
1428179384827,2147483647,2147483647,2147483647,2147483647,-103,3,Movistar,false,false
1428179384827,2147483647,2147483647,2147483647,2147483647,-103,3,Movistar,false,false
1428179384827,2147483647,2147483647,2147483647,2147483647,-107,3,Movistar,false,false
1428179384827,2147483647,2147483647,2147483647,2147483647,-109,3,Movistar,false,false
1428179466301,-1,-1,-1,-1,0,3,Movistar,true,false
1428179466301,-1,-1,-1,-1,0,3,Movistar,false,false
1428179466301,-1,-1,-1,-1,0,3,Movistar,false,false
1428179466301,-1,-1,-1,-1,0,3,Movistar,false,false
1428179466301,-1,-1,-1,-1,0,3,Movistar,false,false
1428179466301,-1,-1,-1,-1,0,3,Movistar,false,false
1428179466301,2147483647,2147483647,2147483647,2147483647,-71,3,Movistar,false,false
1428179466301,2147483647,2147483647,2147483647,2147483647,-83,3,Movistar,false,false
1428179466301,2147483647,2147483647,2147483647,2147483647,-89,3,Movistar,false,false
1428179466301,2147483647,2147483647,2147483647,2147483647,-97,3,Movistar,false,false
1428179466301,2147483647,2147483647,2147483647,2147483647,-103,3,Movistar,false,false
1428179466301,2147483647,2147483647,2147483647,2147483647,-103,3,Movistar,false,false
1428179466301,2147483647,2147483647,2147483647,2147483647,-107,3,Movistar,false,false
1428179466301,2147483647,2147483647,2147483647,2147483647,-109,3,Movistar,false,false
1428179526530,-1,-1,-1,-1,0,3,Movistar,true,false
1428179526530,-1,-1,-1,-1,0,3,Movistar,false,false
1428179526530,-1,-1,-1,-1,0,3,Movistar,false,false
1428179526530,-1,-1,-1,-1,0,3,Movistar,false,false
1428179526530,-1,-1,-1,-1,0,3,Movistar,false,false
1428179526530,-1,-1,-1,-1,0,3,Movistar,false,false
1428179526530,2147483647,2147483647,2147483647,2147483647,-71,3,Movistar,false,false
1428179526530,2147483647,2147483647,2147483647,2147483647,-83,3,Movistar,false,false
1428179526530,2147483647,2147483647,2147483647,2147483647,-89,3,Movistar,false,false
1428179526530,2147483647,2147483647,2147483647,2147483647,-97,3,Movistar,false,false
1428179526530,2147483647,2147483647,2147483647,2147483647,-103,3,Movistar,false,false
1428179526530,2147483647,2147483647,2147483647,2147483647,-103,3,Movistar,false,false
1428179526530,2147483647,2147483647,2147483647,2147483647,-107,3,Movistar,false,false
1428179526530,2147483647,2147483647,2147483647,2147483647,-109,3,Movistar,false,false
1428179586616,-1,-1,-1,-1,0,3,Movistar,true,false
1428179586616,-1,-1,-1,-1,0,3,Movistar,false,false
1428179586616,-1,-1,-1,-1,0,3,Movistar,false,false
1428179586616,-1,-1,-1,-1,0,3,Movistar,false,false
1428179586616,-1,-1,-1,-1,0,3,Movistar,false,false
1428179586616,-1,-1,-1,-1,0,3,Movistar,false,false
1428179586616,2147483647,2147483647,2147483647,2147483647,-71,3,Movistar,false,false
1428179586616,2147483647,2147483647,2147483647,2147483647,-83,3,Movistar,false,false
1428179586616,2147483647,2147483647,2147483647,2147483647,-89,3,Movistar,false,false
1428179586616,2147483647,2147483647,2147483647,2147483647,-97,3,Movistar,false,false
1428179586616,2147483647,2147483647,2147483647,2147483647,-103,3,Movistar,false,false
1428179586616,2147483647,2147483647,2147483647,2147483647,-103,3,Movistar,false,false
1428179586616,2147483647,2147483647,2147483647,2147483647,-107,3,Movistar,false,false
1428179586616,2147483647,2147483647,2147483647,2147483647,-109,3,Movistar,false,false
1428179678280,-1,-1,-1,-1,0,3,Movistar,true,false
1428179678280,-1,-1,-1,-1,0,3,Movistar,false,false
1428179678280,-1,-1,-1,-1,0,3,Movistar,false,false
1428179678280,-1,-1,-1,-1,0,3,Movistar,false,false
1428179678280,-1,-1,-1,-1,0,3,Movistar,false,false
1428179678280,-1,-1,-1,-1,0,3,Movistar,false,false
1428179678280,2147483647,2147483647,2147483647,2147483647,-71,3,Movistar,false,false
1428179678280,2147483647,2147483647,2147483647,2147483647,-83,3,Movistar,false,false
1428179678280,2147483647,2147483647,2147483647,2147483647,-89,3,Movistar,false,false
1428179678280,2147483647,2147483647,2147483647,2147483647,-97,3,Movistar,false,false
1428179678280,2147483647,2147483647,2147483647,2147483647,-103,3,Movistar,false,false
1428179678280,2147483647,2147483647,2147483647,2147483647,-103,3,Movistar,false,false
1428179678280,2147483647,2147483647,2147483647,2147483647,-107,3,Movistar,false,false
1428179678280,2147483647,2147483647,2147483647,2147483647,-109,3,Movistar,false,false
1428179738412,-1,-1,-1,-1,0,3,Movistar,true,false
1428179738412,-1,-1,-1,-1,0,3,Movistar,false,false
1428179738412,-1,-1,-1,-1,0,3,Movistar,false,false
1428179738412,-1,-1,-1,-1,0,3,Movistar,false,false
1428179738412,-1,-1,-1,-1,0,3,Movistar,false,false
1428179738412,-1,-1,-1,-1,0,3,Movistar,false,false
1428179738412,2147483647,2147483647,2147483647,2147483647,-71,3,Movistar,false,false
1428179738412,2147483647,2147483647,2147483647,2147483647,-83,3,Movistar,false,false
1428179738412,2147483647,2147483647,2147483647,2147483647,-89,3,Movistar,false,false
1428179738412,2147483647,2147483647,2147483647,2147483647,-97,3,Movistar,false,false
1428179738412,2147483647,2147483647,2147483647,2147483647,-103,3,Movistar,false,false
1428179738412,2147483647,2147483647,2147483647,2147483647,-103,3,Movistar,false,false
1428179738412,2147483647,2147483647,2147483647,2147483647,-107,3,Movistar,false,false
1428179738412,2147483647,2147483647,2147483647,2147483647,-109,3,Movistar,false,false
1428179814516,-1,-1,-1,-1,0,3,Movistar,true,false
1428179814516,-1,-1,-1,-1,0,3,Movistar,false,false
1428179814516,-1,-1,-1,-1,0,3,Movistar,false,false
1428179814516,-1,-1,-1,-1,0,3,Movistar,false,false
1428179814516,-1,-1,-1,-1,0,3,Movistar,false,false
1428179814516,-1,-1,-1,-1,0,3,Movistar,false,false
1428179814516,2147483647,2147483647,2147483647,2147483647,-71,3,Movistar,false,false
1428179814516,2147483647,2147483647,2147483647,2147483647,-83,3,Movistar,false,false
1428179814516,2147483647,2147483647,2147483647,2147483647,-89,3,Movistar,false,false
1428179814516,2147483647,2147483647,2147483647,2147483647,-97,3,Movistar,false,false
1428179814516,2147483647,2147483647,2147483647,2147483647,-103,3,Movistar,false,false
1428179814516,2147483647,2147483647,2147483647,2147483647,-103,3,Movistar,false,false
1428179814516,2147483647,2147483647,2147483647,2147483647,-107,3,Movistar,false,false
1428179814516,2147483647,2147483647,2147483647,2147483647,-109,3,Movistar,false,false
1428179874680,-1,-1,-1,-1,0,3,Movistar,true,false
1428179874680,-1,-1,-1,-1,0,3,Movistar,false,false
1428179874680,-1,-1,-1,-1,0,3,Movistar,false,false
1428179874680,-1,-1,-1,-1,0,3,Movistar,false,false
1428179874680,-1,-1,-1,-1,0,3,Movistar,false,false
1428179874680,-1,-1,-1,-1,0,3,Movistar,false,false
1428179874680,2147483647,2147483647,2147483647,2147483647,-71,3,Movistar,false,false
1428179874680,2147483647,2147483647,2147483647,2147483647,-83,3,Movistar,false,false
1428179874680,2147483647,2147483647,2147483647,2147483647,-89,3,Movistar,false,false
1428179874680,2147483647,2147483647,2147483647,2147483647,-97,3,Movistar,false,false
1428179874680,2147483647,2147483647,2147483647,2147483647,-103,3,Movistar,false,false
1428179874680,2147483647,2147483647,2147483647,2147483647,-103,3,Movistar,false,false
1428179874680,2147483647,2147483647,2147483647,2147483647,-107,3,Movistar,false,false
1428179874680,2147483647,2147483647,2147483647,2147483647,-109,3,Movistar,false,false
1428179934854,-1,-1,-1,-1,0,3,Movistar,true,false
1428179934854,-1,-1,-1,-1,0,3,Movistar,false,false
1428179934854,-1,-1,-1,-1,0,3,Movistar,false,false
1428179934854,-1,-1,-1,-1,0,3,Movistar,false,false
1428179934854,-1,-1,-1,-1,0,3,Movistar,false,false
1428179934854,-1,-1,-1,-1,0,3,Movistar,false,false
1428179934854,2147483647,2147483647,2147483647,2147483647,-71,3,Movistar,false,false
1428179934854,2147483647,2147483647,2147483647,2147483647,-83,3,Movistar,false,false
1428179934854,2147483647,2147483647,2147483647,2147483647,-89,3,Movistar,false,false
1428179934854,2147483647,2147483647,2147483647,2147483647,-97,3,Movistar,false,false
1428179934854,2147483647,2147483647,2147483647,2147483647,-103,3,Movistar,false,false
1428179934854,2147483647,2147483647,2147483647,2147483647,-103,3,Movistar,false,false
1428179934854,2147483647,2147483647,2147483647,2147483647,-107,3,Movistar,false,false
1428179934854,2147483647,2147483647,2147483647,2147483647,-109,3,Movistar,false,false
1428179994839,-1,-1,-1,-1,0,3,Movistar,true,false
1428179994839,-1,-1,-1,-1,0,3,Movistar,false,false
1428179994839,-1,-1,-1,-1,0,3,Movistar,false,false
1428179994839,-1,-1,-1,-1,0,3,Movistar,false,false
1428179994839,-1,-1,-1,-1,0,3,Movistar,false,false
1428179994839,-1,-1,-1,-1,0,3,Movistar,false,false
1428179994839,2147483647,2147483647,2147483647,2147483647,-71,3,Movistar,false,false
1428179994839,2147483647,2147483647,2147483647,2147483647,-83,3,Movistar,false,false
1428179994839,2147483647,2147483647,2147483647,2147483647,-89,3,Movistar,false,false
1428179994839,2147483647,2147483647,2147483647,2147483647,-97,3,Movistar,false,false
1428179994839,2147483647,2147483647,2147483647,2147483647,-103,3,Movistar,false,false
1428179994839,2147483647,2147483647,2147483647,2147483647,-103,3,Movistar,false,false
1428179994839,2147483647,2147483647,2147483647,2147483647,-107,3,Movistar,false,false
1428179994839,2147483647,2147483647,2147483647,2147483647,-109,3,Movistar,false,false
1428180061290,-1,-1,-1,-1,0,3,Movistar,true,false
1428180061290,-1,-1,-1,-1,0,3,Movistar,false,false
1428180061290,-1,-1,-1,-1,0,3,Movistar,false,false
1428180061290,-1,-1,-1,-1,0,3,Movistar,false,false
1428180061290,-1,-1,-1,-1,0,3,Movistar,false,false
1428180061290,-1,-1,-1,-1,0,3,Movistar,false,false
1428180061290,2147483647,2147483647,2147483647,2147483647,-71,3,Movistar,false,false
1428180061290,2147483647,2147483647,2147483647,2147483647,-83,3,Movistar,false,false
1428180061290,2147483647,2147483647,2147483647,2147483647,-89,3,Movistar,false,false
1428180061290,2147483647,2147483647,2147483647,2147483647,-97,3,Movistar,false,false
1428180061290,2147483647,2147483647,2147483647,2147483647,-103,3,Movistar,false,false
1428180061290,2147483647,2147483647,2147483647,2147483647,-103,3,Movistar,false,false
1428180061290,2147483647,2147483647,2147483647,2147483647,-107,3,Movistar,false,false
1428180061290,2147483647,2147483647,2147483647,2147483647,-109,3,Movistar,false,false
1428180121780,-1,-1,-1,-1,0,3,Movistar,true,false
1428180121780,-1,-1,-1,-1,0,3,Movistar,false,false
1428180121780,-1,-1,-1,-1,0,3,Movistar,false,false
1428180121780,-1,-1,-1,-1,0,3,Movistar,false,false
1428180121780,-1,-1,-1,-1,0,3,Movistar,false,false
1428180121780,-1,-1,-1,-1,0,3,Movistar,false,false
1428180121780,2147483647,2147483647,2147483647,2147483647,-71,3,Movistar,false,false
1428180121780,2147483647,2147483647,2147483647,2147483647,-83,3,Movistar,false,false
1428180121780,2147483647,2147483647,2147483647,2147483647,-89,3,Movistar,false,false
1428180121780,2147483647,2147483647,2147483647,2147483647,-97,3,Movistar,false,false
1428180121780,2147483647,2147483647,2147483647,2147483647,-103,3,Movistar,false,false
1428180121780,2147483647,2147483647,2147483647,2147483647,-103,3,Movistar,false,false
1428180121780,2147483647,2147483647,2147483647,2147483647,-107,3,Movistar,false,false
1428180121780,2147483647,2147483647,2147483647,2147483647,-109,3,Movistar,false,false
1428180181955,-1,-1,-1,-1,0,3,Movistar,true,false
1428180181955,-1,-1,-1,-1,0,3,Movistar,false,false
1428180181955,-1,-1,-1,-1,0,3,Movistar,false,false
1428180181955,-1,-1,-1,-1,0,3,Movistar,false,false
1428180181955,-1,-1,-1,-1,0,3,Movistar,false,false
1428180181955,-1,-1,-1,-1,0,3,Movistar,false,false
1428180181955,2147483647,2147483647,2147483647,2147483647,-71,3,Movistar,false,false
1428180181955,2147483647,2147483647,2147483647,2147483647,-83,3,Movistar,false,false
1428180181955,2147483647,2147483647,2147483647,2147483647,-89,3,Movistar,false,false
1428180181955,2147483647,2147483647,2147483647,2147483647,-97,3,Movistar,false,false
1428180181955,2147483647,2147483647,2147483647,2147483647,-103,3,Movistar,false,false
1428180181955,2147483647,2147483647,2147483647,2147483647,-103,3,Movistar,false,false
1428180181955,2147483647,2147483647,2147483647,2147483647,-107,3,Movistar,false,false
1428180181955,2147483647,2147483647,2147483647,2147483647,-109,3,Movistar,false,false
1428180242004,-1,-1,-1,-1,0,3,Movistar,true,false
1428180242004,-1,-1,-1,-1,0,3,Movistar,false,false
1428180242004,-1,-1,-1,-1,0,3,Movistar,false,false
1428180242004,-1,-1,-1,-1,0,3,Movistar,false,false
1428180242004,-1,-1,-1,-1,0,3,Movistar,false,false
1428180242004,-1,-1,-1,-1,0,3,Movistar,false,false
1428180242004,2147483647,2147483647,2147483647,2147483647,-71,3,Movistar,false,false
1428180242004,2147483647,2147483647,2147483647,2147483647,-83,3,Movistar,false,false
1428180242004,2147483647,2147483647,2147483647,2147483647,-89,3,Movistar,false,false
1428180242004,2147483647,2147483647,2147483647,2147483647,-97,3,Movistar,false,false
1428180242004,2147483647,2147483647,2147483647,2147483647,-103,3,Movistar,false,false
1428180242004,2147483647,2147483647,2147483647,2147483647,-103,3,Movistar,false,false
1428180242004,2147483647,2147483647,2147483647,2147483647,-107,3,Movistar,false,false
1428180242004,2147483647,2147483647,2147483647,2147483647,-109,3,Movistar,false,false
1428180302034,-1,-1,-1,-1,0,3,Movistar,true,false
1428180302034,-1,-1,-1,-1,0,3,Movistar,false,false
1428180302034,-1,-1,-1,-1,0,3,Movistar,false,false
1428180302034,-1,-1,-1,-1,0,3,Movistar,false,false
1428180302034,-1,-1,-1,-1,0,3,Movistar,false,false
1428180302034,-1,-1,-1,-1,0,3,Movistar,false,false
1428180302034,2147483647,2147483647,2147483647,2147483647,-71,3,Movistar,false,false
1428180302034,2147483647,2147483647,2147483647,2147483647,-83,3,Movistar,false,false
1428180302034,2147483647,2147483647,2147483647,2147483647,-89,3,Movistar,false,false
1428180302034,2147483647,2147483647,2147483647,2147483647,-97,3,Movistar,false,false
1428180302034,2147483647,2147483647,2147483647,2147483647,-103,3,Movistar,false,false
1428180302034,2147483647,2147483647,2147483647,2147483647,-103,3,Movistar,false,false
1428180302034,2147483647,2147483647,2147483647,2147483647,-107,3,Movistar,false,false
1428180302034,2147483647,2147483647,2147483647,2147483647,-109,3,Movistar,false,false
1428180362063,-1,-1,-1,-1,0,3,Movistar,true,false
1428180362063,-1,-1,-1,-1,0,3,Movistar,false,false
1428180362063,-1,-1,-1,-1,0,3,Movistar,false,false
1428180362063,-1,-1,-1,-1,0,3,Movistar,false,false
1428180362063,2147483647,2147483647,2147483647,2147483647,-71,3,Movistar,false,false
1428180362063,2147483647,2147483647,2147483647,2147483647,-83,3,Movistar,false,false
1428180362063,2147483647,2147483647,2147483647,2147483647,-89,3,Movistar,false,false
1428180362063,2147483647,2147483647,2147483647,2147483647,-97,3,Movistar,false,false
1428180362063,2147483647,2147483647,2147483647,2147483647,-103,3,Movistar,false,false
1428180362063,2147483647,2147483647,2147483647,2147483647,-103,3,Movistar,false,false
1428180362063,2147483647,2147483647,2147483647,2147483647,-107,3,Movistar,false,false
1428180362063,2147483647,2147483647,2147483647,2147483647,-109,3,Movistar,false,false
1428180422111,-1,-1,-1,-1,0,3,Movistar,true,false
1428180422111,-1,-1,-1,-1,0,3,Movistar,false,false
1428180422111,-1,-1,-1,-1,0,3,Movistar,false,false
1428180422111,-1,-1,-1,-1,0,3,Movistar,false,false
1428180422111,-1,-1,-1,-1,0,3,Movistar,false,false
1428180422111,-1,-1,-1,-1,0,3,Movistar,false,false
1428180422111,2147483647,2147483647,2147483647,2147483647,-71,3,Movistar,false,false
1428180422111,2147483647,2147483647,2147483647,2147483647,-83,3,Movistar,false,false
1428180422111,2147483647,2147483647,2147483647,2147483647,-89,3,Movistar,false,false
1428180422111,2147483647,2147483647,2147483647,2147483647,-97,3,Movistar,false,false
1428180422111,2147483647,2147483647,2147483647,2147483647,-103,3,Movistar,false,false
1428180422111,2147483647,2147483647,2147483647,2147483647,-103,3,Movistar,false,false
1428180422111,2147483647,2147483647,2147483647,2147483647,-107,3,Movistar,false,false
1428180422111,2147483647,2147483647,2147483647,2147483647,-109,3,Movistar,false,false
1428180482245,-1,-1,-1,-1,0,3,Movistar,true,false
1428180482245,-1,-1,-1,-1,0,3,Movistar,false,false
1428180482245,-1,-1,-1,-1,0,3,Movistar,false,false
1428180482245,-1,-1,-1,-1,0,3,Movistar,false,false
1428180482245,-1,-1,-1,-1,0,3,Movistar,false,false
1428180482245,-1,-1,-1,-1,0,3,Movistar,false,false
1428180482245,2147483647,2147483647,2147483647,2147483647,-71,3,Movistar,false,false
1428180482245,2147483647,2147483647,2147483647,2147483647,-83,3,Movistar,false,false
1428180482245,2147483647,2147483647,2147483647,2147483647,-89,3,Movistar,false,false
1428180482245,2147483647,2147483647,2147483647,2147483647,-97,3,Movistar,false,false
1428180482245,2147483647,2147483647,2147483647,2147483647,-103,3,Movistar,false,false
1428180482245,2147483647,2147483647,2147483647,2147483647,-103,3,Movistar,false,false
1428180482245,2147483647,2147483647,2147483647,2147483647,-107,3,Movistar,false,false
1428180482245,2147483647,2147483647,2147483647,2147483647,-109,3,Movistar,false,false
1428180542345,-1,-1,-1,-1,0,3,Movistar,true,false
1428180542345,-1,-1,-1,-1,0,3,Movistar,false,false
1428180542345,-1,-1,-1,-1,0,3,Movistar,false,false
1428180542345,-1,-1,-1,-1,0,3,Movistar,false,false
1428180542345,-1,-1,-1,-1,0,3,Movistar,false,false
1428180542345,-1,-1,-1,-1,0,3,Movistar,false,false
1428180542345,-1,-1,-1,-1,0,3,Movistar,false,false
1428180602434,-1,-1,-1,-1,0,3,Movistar,true,false
1428180602434,-1,-1,-1,-1,0,3,Movistar,false,false
1428180602434,-1,-1,-1,-1,0,3,Movistar,false,false
1428180602434,-1,-1,-1,-1,0,3,Movistar,false,false
1428180602434,-1,-1,-1,-1,0,3,Movistar,false,false
1428180602434,-1,-1,-1,-1,0,3,Movistar,false,false
1428180602434,-1,-1,-1,-1,0,3,Movistar,false,false
1428180666471,-1,-1,-1,-1,0,3,Movistar,true,false
1428180666471,-1,-1,-1,-1,0,3,Movistar,false,false
1428180666471,-1,-1,-1,-1,0,3,Movistar,false,false
1428180666471,-1,-1,-1,-1,0,3,Movistar,false,false
1428180666471,-1,-1,-1,-1,0,3,Movistar,false,false
1428180666471,-1,-1,-1,-1,0,3,Movistar,false,false
1428180666471,-1,-1,-1,-1,0,3,Movistar,false,false
1428180726680,-1,-1,-1,-1,0,3,Movistar,true,false
1428180726680,-1,-1,-1,-1,0,3,Movistar,false,false
1428180726680,-1,-1,-1,-1,0,3,Movistar,false,false
1428180726680,-1,-1,-1,-1,0,3,Movistar,false,false
1428180726680,-1,-1,-1,-1,0,3,Movistar,false,false
1428180726680,-1,-1,-1,-1,0,3,Movistar,false,false
1428180726680,-1,-1,-1,-1,0,3,Movistar,false,false
1428180786794,-1,-1,-1,-1,0,3,Movistar,true,false
1428180786794,-1,-1,-1,-1,0,3,Movistar,false,false
1428180786794,-1,-1,-1,-1,0,3,Movistar,false,false
1428180786794,-1,-1,-1,-1,0,3,Movistar,false,false
1428180786794,-1,-1,-1,-1,0,3,Movistar,false,false
1428180786794,-1,-1,-1,-1,0,3,Movistar,false,false
1428180786794,-1,-1,-1,-1,0,3,Movistar,false,false
1428180847003,-1,-1,-1,-1,0,3,Movistar,true,false
1428180847003,-1,-1,-1,-1,0,3,Movistar,false,false
1428180847003,-1,-1,-1,-1,0,3,Movistar,false,false
1428180847003,-1,-1,-1,-1,0,3,Movistar,false,false
1428180847003,-1,-1,-1,-1,0,3,Movistar,false,false
1428180847003,-1,-1,-1,-1,0,3,Movistar,false,false
1428180847003,-1,-1,-1,-1,0,3,Movistar,false,false
1428180907030,-1,-1,-1,-1,0,3,Movistar,true,false
1428180907030,-1,-1,-1,-1,0,3,Movistar,false,false
1428180907030,-1,-1,-1,-1,0,3,Movistar,false,false
1428180907030,-1,-1,-1,-1,0,3,Movistar,false,false
1428180907030,-1,-1,-1,-1,0,3,Movistar,false,false
1428180907030,-1,-1,-1,-1,0,3,Movistar,false,false
1428180907030,-1,-1,-1,-1,0,3,Movistar,false,false
1428180973279,-1,-1,-1,-1,0,3,Movistar,true,false
1428180973279,-1,-1,-1,-1,0,3,Movistar,false,false
1428180973279,-1,-1,-1,-1,0,3,Movistar,false,false
1428180973279,-1,-1,-1,-1,0,3,Movistar,false,false
1428180973279,-1,-1,-1,-1,0,3,Movistar,false,false
1428180973279,-1,-1,-1,-1,0,3,Movistar,false,false
1428180973279,-1,-1,-1,-1,0,3,Movistar,false,false
1428181040664,-1,-1,-1,-1,0,3,Movistar,true,false
1428181040664,-1,-1,-1,-1,0,3,Movistar,false,false
1428181040664,-1,-1,-1,-1,0,3,Movistar,false,false
1428181040664,-1,-1,-1,-1,0,3,Movistar,false,false
1428181040664,-1,-1,-1,-1,0,3,Movistar,false,false
1428181040664,-1,-1,-1,-1,0,3,Movistar,false,false
1428181040664,-1,-1,-1,-1,0,3,Movistar,false,false
1428181100908,-1,-1,-1,-1,0,3,Movistar,true,false
1428181100908,-1,-1,-1,-1,0,3,Movistar,false,false
1428181100908,-1,-1,-1,-1,0,3,Movistar,false,false
1428181100908,-1,-1,-1,-1,0,3,Movistar,false,false
1428181100908,-1,-1,-1,-1,0,3,Movistar,false,false
1428181100908,-1,-1,-1,-1,0,3,Movistar,false,false
1428181100908,-1,-1,-1,-1,0,3,Movistar,false,false
1428181161291,-1,-1,-1,-1,0,3,Movistar,true,false
1428181161291,-1,-1,-1,-1,0,3,Movistar,false,false
1428181161291,-1,-1,-1,-1,0,3,Movistar,false,false
1428181161291,-1,-1,-1,-1,0,3,Movistar,false,false
1428181161291,-1,-1,-1,-1,0,3,Movistar,false,false
1428181161291,-1,-1,-1,-1,0,3,Movistar,false,false
1428181161291,-1,-1,-1,-1,0,3,Movistar,false,false
1428181221371,-1,-1,-1,-1,0,3,Movistar,true,false
1428181221371,-1,-1,-1,-1,0,3,Movistar,false,false
1428181221371,-1,-1,-1,-1,0,3,Movistar,false,false
1428181221371,-1,-1,-1,-1,0,3,Movistar,false,false
1428181221371,-1,-1,-1,-1,0,3,Movistar,false,false
1428181221371,-1,-1,-1,-1,0,3,Movistar,false,false
1428181221371,-1,-1,-1,-1,0,3,Movistar,false,false
1428181266876,-1,-1,-1,-1,0,3,Movistar,true,false
1428181266876,-1,-1,-1,-1,0,3,Movistar,false,false
1428181266876,-1,-1,-1,-1,0,3,Movistar,false,false
1428181266876,-1,-1,-1,-1,0,3,Movistar,false,false
1428181266876,-1,-1,-1,-1,0,3,Movistar,false,false
1428181266876,-1,-1,-1,-1,0,3,Movistar,false,false
1428181266876,-1,-1,-1,-1,0,3,Movistar,false,false
1428181341647,-1,-1,-1,-1,0,3,Movistar,true,false
1428181341647,-1,-1,-1,-1,0,3,Movistar,false,false
1428181341647,-1,-1,-1,-1,0,3,Movistar,false,false
1428181341647,-1,-1,-1,-1,0,3,Movistar,false,false
1428181341647,-1,-1,-1,-1,0,3,Movistar,false,false
1428181401693,-1,-1,-1,-1,0,3,Movistar,true,false
1428181401693,-1,-1,-1,-1,0,3,Movistar,false,false
1428181401693,-1,-1,-1,-1,0,3,Movistar,false,false
1428181401693,-1,-1,-1,-1,0,3,Movistar,false,false
1428181401693,-1,-1,-1,-1,0,3,Movistar,false,false
1428181401693,-1,-1,-1,-1,0,3,Movistar,false,false
1428181494707,-1,-1,-1,-1,0,3,Movistar,true,false
1428181494707,-1,-1,-1,-1,0,3,Movistar,false,false
1428181494707,-1,-1,-1,-1,0,3,Movistar,false,false
1428181554782,-1,-1,-1,-1,0,3,Movistar,true,false
1428181554782,-1,-1,-1,-1,0,3,Movistar,false,false
1428181554782,-1,-1,-1,-1,0,3,Movistar,false,false
1428181554782,-1,-1,-1,-1,0,3,Movistar,false,false
1428181554782,-1,-1,-1,-1,0,3,Movistar,false,false
1428181554782,-1,-1,-1,-1,0,3,Movistar,false,false
1428181641889,-1,-1,-1,-1,0,3,Movistar,true,false
1428181641889,-1,-1,-1,-1,0,3,Movistar,false,false
1428181641889,-1,-1,-1,-1,0,3,Movistar,false,false
1428181641889,-1,-1,-1,-1,0,3,Movistar,false,false
1428181641889,-1,-1,-1,-1,0,3,Movistar,false,false
1428181641889,-1,-1,-1,-1,0,3,Movistar,false,false
1428181740801,-1,-1,-1,-1,0,3,Movistar,true,false
1428181740801,-1,-1,-1,-1,0,3,Movistar,false,false
1428181740801,-1,-1,-1,-1,0,3,Movistar,false,false
1428181740801,-1,-1,-1,-1,0,3,Movistar,false,false
1428181740801,-1,-1,-1,-1,0,3,Movistar,false,false
1428181740801,-1,-1,-1,-1,0,3,Movistar,false,false
1428181800809,-1,-1,-1,-1,0,3,Movistar,true,false
1428181800809,-1,-1,-1,-1,0,3,Movistar,false,false
1428181800809,-1,-1,-1,-1,0,3,Movistar,false,false
1428181800809,-1,-1,-1,-1,0,3,Movistar,false,false
1428181800809,-1,-1,-1,-1,0,3,Movistar,false,false
1428181800809,-1,-1,-1,-1,0,3,Movistar,false,false
1428181868558,-1,-1,-1,-1,0,3,Movistar,true,false
1428181868558,-1,-1,-1,-1,0,3,Movistar,false,false
1428181868558,-1,-1,-1,-1,0,3,Movistar,false,false
1428181868558,-1,-1,-1,-1,0,3,Movistar,false,false
1428181868558,-1,-1,-1,-1,0,3,Movistar,false,false
1428181868558,-1,-1,-1,-1,0,3,Movistar,false,false
1428181932779,-1,-1,-1,-1,0,3,Movistar,true,false
1428181932779,-1,-1,-1,-1,0,3,Movistar,false,false
1428181932779,-1,-1,-1,-1,0,3,Movistar,false,false
1428181932779,-1,-1,-1,-1,0,3,Movistar,false,false
1428181932779,-1,-1,-1,-1,0,3,Movistar,false,false
1428181932779,-1,-1,-1,-1,0,3,Movistar,false,false
1428181932779,-1,-1,-1,-1,0,3,Movistar,false,false
1428181932779,-1,-1,-1,-1,0,3,Movistar,false,false
1428181993000,-1,-1,-1,-1,0,3,Movistar,true,false
1428181993000,-1,-1,-1,-1,0,3,Movistar,false,false
1428181993000,-1,-1,-1,-1,0,3,Movistar,false,false
1428181993000,-1,-1,-1,-1,0,3,Movistar,false,false
1428181993000,-1,-1,-1,-1,0,3,Movistar,false,false
1428181993000,-1,-1,-1,-1,0,3,Movistar,false,false
1428181993000,-1,-1,-1,-1,0,3,Movistar,false,false
1428181993000,-1,-1,-1,-1,0,3,Movistar,false,false
1428181993000,2147483647,2147483647,2147483647,2147483647,-81,3,Movistar,false,false
1428181993000,2147483647,2147483647,2147483647,2147483647,-83,3,Movistar,false,false
1428181993000,2147483647,2147483647,2147483647,2147483647,-85,3,Movistar,false,false
1428181993000,2147483647,2147483647,2147483647,2147483647,-95,3,Movistar,false,false
1428181993000,2147483647,2147483647,2147483647,2147483647,-99,3,Movistar,false,false
1428181993000,2147483647,2147483647,2147483647,2147483647,-105,3,Movistar,false,false
1428181993000,2147483647,2147483647,2147483647,2147483647,-105,3,Movistar,false,false
1428181993000,2147483647,2147483647,2147483647,2147483647,-109,3,Movistar,false,false
1428182053053,-1,-1,-1,-1,0,3,Movistar,true,false
1428182053053,-1,-1,-1,-1,0,3,Movistar,false,false
1428182053053,-1,-1,-1,-1,0,3,Movistar,false,false
1428182053053,-1,-1,-1,-1,0,3,Movistar,false,false
1428182053053,-1,-1,-1,-1,0,3,Movistar,false,false
1428182053053,-1,-1,-1,-1,0,3,Movistar,false,false
1428182053053,-1,-1,-1,-1,0,3,Movistar,false,false
1428182053053,-1,-1,-1,-1,0,3,Movistar,false,false
1428182053053,2147483647,2147483647,2147483647,2147483647,-81,3,Movistar,false,false
1428182053053,2147483647,2147483647,2147483647,2147483647,-83,3,Movistar,false,false
1428182053053,2147483647,2147483647,2147483647,2147483647,-85,3,Movistar,false,false
1428182053053,2147483647,2147483647,2147483647,2147483647,-95,3,Movistar,false,false
1428182053053,2147483647,2147483647,2147483647,2147483647,-99,3,Movistar,false,false
1428182053053,2147483647,2147483647,2147483647,2147483647,-105,3,Movistar,false,false
1428182053053,2147483647,2147483647,2147483647,2147483647,-105,3,Movistar,false,false
1428182053053,2147483647,2147483647,2147483647,2147483647,-109,3,Movistar,false,false
1428182122269,-1,-1,-1,-1,0,3,Movistar,true,false
1428182122269,-1,-1,-1,-1,0,3,Movistar,false,false
1428182122269,-1,-1,-1,-1,0,3,Movistar,false,false
1428182122269,-1,-1,-1,-1,0,3,Movistar,false,false
1428182122269,-1,-1,-1,-1,0,3,Movistar,false,false
1428182122269,-1,-1,-1,-1,0,3,Movistar,false,false
1428182122269,-1,-1,-1,-1,0,3,Movistar,false,false
1428182122269,2147483647,2147483647,2147483647,2147483647,-81,3,Movistar,false,false
1428182122269,2147483647,2147483647,2147483647,2147483647,-83,3,Movistar,false,false
1428182122269,2147483647,2147483647,2147483647,2147483647,-85,3,Movistar,false,false
1428182122269,2147483647,2147483647,2147483647,2147483647,-95,3,Movistar,false,false
1428182122269,2147483647,2147483647,2147483647,2147483647,-99,3,Movistar,false,false
1428182122269,2147483647,2147483647,2147483647,2147483647,-105,3,Movistar,false,false
1428182122269,2147483647,2147483647,2147483647,2147483647,-105,3,Movistar,false,false
1428182122269,2147483647,2147483647,2147483647,2147483647,-109,3,Movistar,false,false
1428182182424,-1,-1,-1,-1,0,3,Movistar,true,false
1428182182424,-1,-1,-1,-1,0,3,Movistar,false,false
1428182182424,-1,-1,-1,-1,0,3,Movistar,false,false
1428182182424,-1,-1,-1,-1,0,3,Movistar,false,false
1428182182424,-1,-1,-1,-1,0,3,Movistar,false,false
1428182182424,-1,-1,-1,-1,0,3,Movistar,false,false
1428182182424,-1,-1,-1,-1,0,3,Movistar,false,false
1428182182424,2147483647,2147483647,2147483647,2147483647,-81,3,Movistar,false,false
1428182182424,2147483647,2147483647,2147483647,2147483647,-85,3,Movistar,false,false
1428182182424,2147483647,2147483647,2147483647,2147483647,-85,3,Movistar,false,false
1428182182424,2147483647,2147483647,2147483647,2147483647,-95,3,Movistar,false,false
1428182182424,2147483647,2147483647,2147483647,2147483647,-99,3,Movistar,false,false
1428182182424,2147483647,2147483647,2147483647,2147483647,-105,3,Movistar,false,false
1428182182424,2147483647,2147483647,2147483647,2147483647,-105,3,Movistar,false,false
1428182182424,2147483647,2147483647,2147483647,2147483647,-109,3,Movistar,false,false
1428182242690,-1,-1,-1,-1,0,3,Movistar,true,false
1428182242690,-1,-1,-1,-1,0,3,Movistar,false,false
1428182242690,-1,-1,-1,-1,0,3,Movistar,false,false
1428182242690,-1,-1,-1,-1,0,3,Movistar,false,false
1428182242690,-1,-1,-1,-1,0,3,Movistar,false,false
1428182242690,-1,-1,-1,-1,0,3,Movistar,false,false
1428182242690,-1,-1,-1,-1,0,3,Movistar,false,false
1428182242690,2147483647,2147483647,2147483647,2147483647,-77,3,Movistar,false,false
1428182242690,2147483647,2147483647,2147483647,2147483647,-85,3,Movistar,false,false
1428182242690,2147483647,2147483647,2147483647,2147483647,-85,3,Movistar,false,false
1428182242690,2147483647,2147483647,2147483647,2147483647,-95,3,Movistar,false,false
1428182242690,2147483647,2147483647,2147483647,2147483647,-99,3,Movistar,false,false
1428182242690,2147483647,2147483647,2147483647,2147483647,-105,3,Movistar,false,false
1428182242690,2147483647,2147483647,2147483647,2147483647,-107,3,Movistar,false,false
1428182242690,2147483647,2147483647,2147483647,2147483647,-109,3,Movistar,false,false
1428182346701,-1,-1,-1,-1,0,3,Movistar,true,false
1428182346701,-1,-1,-1,-1,0,3,Movistar,false,false
1428182346701,-1,-1,-1,-1,0,3,Movistar,false,false
1428182346701,-1,-1,-1,-1,0,3,Movistar,false,false
1428182346701,-1,-1,-1,-1,0,3,Movistar,false,false
1428182346701,-1,-1,-1,-1,0,3,Movistar,false,false
1428182346701,-1,-1,-1,-1,0,3,Movistar,false,false
1428182346701,2147483647,2147483647,2147483647,2147483647,-77,3,Movistar,false,false
1428182346701,2147483647,2147483647,2147483647,2147483647,-85,3,Movistar,false,false
1428182346701,2147483647,2147483647,2147483647,2147483647,-85,3,Movistar,false,false
1428182346701,2147483647,2147483647,2147483647,2147483647,-95,3,Movistar,false,false
1428182346701,2147483647,2147483647,2147483647,2147483647,-99,3,Movistar,false,false
1428182346701,2147483647,2147483647,2147483647,2147483647,-105,3,Movistar,false,false
1428182346701,2147483647,2147483647,2147483647,2147483647,-107,3,Movistar,false,false
1428182346701,2147483647,2147483647,2147483647,2147483647,-109,3,Movistar,false,false
1428182415802,-1,-1,-1,-1,0,3,Movistar,true,false
1428182415802,-1,-1,-1,-1,0,3,Movistar,false,false
1428182415802,-1,-1,-1,-1,0,3,Movistar,false,false
1428182415802,-1,-1,-1,-1,0,3,Movistar,false,false
1428182415802,-1,-1,-1,-1,0,3,Movistar,false,false
1428182415802,-1,-1,-1,-1,0,3,Movistar,false,false
1428182415802,-1,-1,-1,-1,0,3,Movistar,false,false
1428182415802,2147483647,2147483647,2147483647,2147483647,-77,3,Movistar,false,false
1428182415802,2147483647,2147483647,2147483647,2147483647,-85,3,Movistar,false,false
1428182415802,2147483647,2147483647,2147483647,2147483647,-85,3,Movistar,false,false
1428182415802,2147483647,2147483647,2147483647,2147483647,-95,3,Movistar,false,false
1428182415802,2147483647,2147483647,2147483647,2147483647,-99,3,Movistar,false,false
1428182415802,2147483647,2147483647,2147483647,2147483647,-105,3,Movistar,false,false
1428182415802,2147483647,2147483647,2147483647,2147483647,-107,3,Movistar,false,false
1428182415802,2147483647,2147483647,2147483647,2147483647,-109,3,Movistar,false,false
1428182490774,-1,-1,-1,-1,0,3,Movistar,true,false
1428182490774,-1,-1,-1,-1,0,3,Movistar,false,false
1428182490774,-1,-1,-1,-1,0,3,Movistar,false,false
1428182490774,-1,-1,-1,-1,0,3,Movistar,false,false
1428182490774,-1,-1,-1,-1,0,3,Movistar,false,false
1428182490774,-1,-1,-1,-1,0,3,Movistar,false,false
1428182490774,-1,-1,-1,-1,0,3,Movistar,false,false
1428182490774,2147483647,2147483647,2147483647,2147483647,-77,3,Movistar,false,false
1428182490774,2147483647,2147483647,2147483647,2147483647,-85,3,Movistar,false,false
1428182490774,2147483647,2147483647,2147483647,2147483647,-85,3,Movistar,false,false
1428182490774,2147483647,2147483647,2147483647,2147483647,-95,3,Movistar,false,false
1428182490774,2147483647,2147483647,2147483647,2147483647,-99,3,Movistar,false,false
1428182490774,2147483647,2147483647,2147483647,2147483647,-105,3,Movistar,false,false
1428182490774,2147483647,2147483647,2147483647,2147483647,-107,3,Movistar,false,false
1428182490774,2147483647,2147483647,2147483647,2147483647,-109,3,Movistar,false,false
1428182550770,-1,-1,-1,-1,0,3,Movistar,true,false
1428182550770,-1,-1,-1,-1,0,3,Movistar,false,false
1428182550770,-1,-1,-1,-1,0,3,Movistar,false,false
1428182550770,-1,-1,-1,-1,0,3,Movistar,false,false
1428182550770,-1,-1,-1,-1,0,3,Movistar,false,false
1428182550770,-1,-1,-1,-1,0,3,Movistar,false,false
1428182550770,-1,-1,-1,-1,0,3,Movistar,false,false
1428182550770,2147483647,2147483647,2147483647,2147483647,-77,3,Movistar,false,false
1428182550770,2147483647,2147483647,2147483647,2147483647,-85,3,Movistar,false,false
1428182550770,2147483647,2147483647,2147483647,2147483647,-85,3,Movistar,false,false
1428182550770,2147483647,2147483647,2147483647,2147483647,-95,3,Movistar,false,false
1428182550770,2147483647,2147483647,2147483647,2147483647,-99,3,Movistar,false,false
1428182550770,2147483647,2147483647,2147483647,2147483647,-105,3,Movistar,false,false
1428182550770,2147483647,2147483647,2147483647,2147483647,-107,3,Movistar,false,false
1428182550770,2147483647,2147483647,2147483647,2147483647,-109,3,Movistar,false,false
1428182610854,-1,-1,-1,-1,0,3,Movistar,true,false
1428182610854,-1,-1,-1,-1,0,3,Movistar,false,false
1428182610854,-1,-1,-1,-1,0,3,Movistar,false,false
1428182610854,-1,-1,-1,-1,0,3,Movistar,false,false
1428182610854,-1,-1,-1,-1,0,3,Movistar,false,false
1428182610854,-1,-1,-1,-1,0,3,Movistar,false,false
1428182610854,-1,-1,-1,-1,0,3,Movistar,false,false
1428182610854,2147483647,2147483647,2147483647,2147483647,-77,3,Movistar,false,false
1428182610854,2147483647,2147483647,2147483647,2147483647,-85,3,Movistar,false,false
1428182610854,2147483647,2147483647,2147483647,2147483647,-85,3,Movistar,false,false
1428182610854,2147483647,2147483647,2147483647,2147483647,-95,3,Movistar,false,false
1428182610854,2147483647,2147483647,2147483647,2147483647,-99,3,Movistar,false,false
1428182610854,2147483647,2147483647,2147483647,2147483647,-105,3,Movistar,false,false
1428182610854,2147483647,2147483647,2147483647,2147483647,-107,3,Movistar,false,false
1428182610854,2147483647,2147483647,2147483647,2147483647,-109,3,Movistar,false,false
1428182713701,-1,-1,-1,-1,0,3,Movistar,true,false
1428182713701,-1,-1,-1,-1,0,3,Movistar,false,false
1428182713701,-1,-1,-1,-1,0,3,Movistar,false,false
1428182713701,-1,-1,-1,-1,0,3,Movistar,false,false
1428182713701,-1,-1,-1,-1,0,3,Movistar,false,false
1428182713701,-1,-1,-1,-1,0,3,Movistar,false,false
1428182713701,-1,-1,-1,-1,0,3,Movistar,false,false
1428182713701,2147483647,2147483647,2147483647,2147483647,-79,3,Movistar,false,false
1428182713701,2147483647,2147483647,2147483647,2147483647,-85,3,Movistar,false,false
1428182713701,2147483647,2147483647,2147483647,2147483647,-85,3,Movistar,false,false
1428182713701,2147483647,2147483647,2147483647,2147483647,-95,3,Movistar,false,false
1428182713701,2147483647,2147483647,2147483647,2147483647,-99,3,Movistar,false,false
1428182713701,2147483647,2147483647,2147483647,2147483647,-105,3,Movistar,false,false
1428182713701,2147483647,2147483647,2147483647,2147483647,-107,3,Movistar,false,false
1428182713701,2147483647,2147483647,2147483647,2147483647,-109,3,Movistar,false,false
1428182794031,-1,-1,-1,-1,0,3,Movistar,true,false
1428182794031,-1,-1,-1,-1,0,3,Movistar,false,false
1428182794031,-1,-1,-1,-1,0,3,Movistar,false,false
1428182794031,-1,-1,-1,-1,0,3,Movistar,false,false
1428182794031,-1,-1,-1,-1,0,3,Movistar,false,false
1428182794031,-1,-1,-1,-1,0,3,Movistar,false,false
1428182794031,-1,-1,-1,-1,0,3,Movistar,false,false
1428182794031,2147483647,2147483647,2147483647,2147483647,-75,3,Movistar,false,false
1428182794031,2147483647,2147483647,2147483647,2147483647,-85,3,Movistar,false,false
1428182794031,2147483647,2147483647,2147483647,2147483647,-85,3,Movistar,false,false
1428182794031,2147483647,2147483647,2147483647,2147483647,-95,3,Movistar,false,false
1428182794031,2147483647,2147483647,2147483647,2147483647,-97,3,Movistar,false,false
1428182794031,2147483647,2147483647,2147483647,2147483647,-105,3,Movistar,false,false
1428182794031,2147483647,2147483647,2147483647,2147483647,-107,3,Movistar,false,false
1428182794031,2147483647,2147483647,2147483647,2147483647,-109,3,Movistar,false,false
1428182854122,-1,-1,-1,-1,0,3,Movistar,true,false
1428182854122,-1,-1,-1,-1,0,3,Movistar,false,false
1428182854122,-1,-1,-1,-1,0,3,Movistar,false,false
1428182854122,-1,-1,-1,-1,0,3,Movistar,false,false
1428182854122,-1,-1,-1,-1,0,3,Movistar,false,false
1428182854122,-1,-1,-1,-1,0,3,Movistar,false,false
1428182854122,-1,-1,-1,-1,0,3,Movistar,false,false
1428182854122,2147483647,2147483647,2147483647,2147483647,-69,3,Movistar,false,false
1428182854122,2147483647,2147483647,2147483647,2147483647,-85,3,Movistar,false,false
1428182854122,2147483647,2147483647,2147483647,2147483647,-85,3,Movistar,false,false
1428182854122,2147483647,2147483647,2147483647,2147483647,-95,3,Movistar,false,false
1428182854122,2147483647,2147483647,2147483647,2147483647,-97,3,Movistar,false,false
1428182854122,2147483647,2147483647,2147483647,2147483647,-105,3,Movistar,false,false
1428182854122,2147483647,2147483647,2147483647,2147483647,-107,3,Movistar,false,false
1428182854122,2147483647,2147483647,2147483647,2147483647,-109,3,Movistar,false,false
1428182914202,-1,-1,-1,-1,0,3,Movistar,true,false
1428182914202,-1,-1,-1,-1,0,3,Movistar,false,false
1428182914202,-1,-1,-1,-1,0,3,Movistar,false,false
1428182914202,-1,-1,-1,-1,0,3,Movistar,false,false
1428182914202,-1,-1,-1,-1,0,3,Movistar,false,false
1428182914202,-1,-1,-1,-1,0,3,Movistar,false,false
1428182914202,-1,-1,-1,-1,0,3,Movistar,false,false
1428182914202,2147483647,2147483647,2147483647,2147483647,-69,3,Movistar,false,false
1428182914202,2147483647,2147483647,2147483647,2147483647,-85,3,Movistar,false,false
1428182914202,2147483647,2147483647,2147483647,2147483647,-85,3,Movistar,false,false
1428182914202,2147483647,2147483647,2147483647,2147483647,-95,3,Movistar,false,false
1428182914202,2147483647,2147483647,2147483647,2147483647,-97,3,Movistar,false,false
1428182914202,2147483647,2147483647,2147483647,2147483647,-105,3,Movistar,false,false
1428182914202,2147483647,2147483647,2147483647,2147483647,-107,3,Movistar,false,false
1428182914202,2147483647,2147483647,2147483647,2147483647,-109,3,Movistar,false,false
1428183007204,-1,-1,-1,-1,0,3,Movistar,true,false
1428183007204,-1,-1,-1,-1,0,3,Movistar,false,false
1428183007204,-1,-1,-1,-1,0,3,Movistar,false,false
1428183007204,-1,-1,-1,-1,0,3,Movistar,false,false
1428183007204,-1,-1,-1,-1,0,3,Movistar,false,false
1428183007204,-1,-1,-1,-1,0,3,Movistar,false,false
1428183007204,-1,-1,-1,-1,0,3,Movistar,false,false
1428183007204,2147483647,2147483647,2147483647,2147483647,-69,3,Movistar,false,false
1428183007204,2147483647,2147483647,2147483647,2147483647,-85,3,Movistar,false,false
1428183007204,2147483647,2147483647,2147483647,2147483647,-85,3,Movistar,false,false
1428183007204,2147483647,2147483647,2147483647,2147483647,-95,3,Movistar,false,false
1428183007204,2147483647,2147483647,2147483647,2147483647,-97,3,Movistar,false,false
1428183007204,2147483647,2147483647,2147483647,2147483647,-105,3,Movistar,false,false
1428183007204,2147483647,2147483647,2147483647,2147483647,-107,3,Movistar,false,false
1428183007204,2147483647,2147483647,2147483647,2147483647,-109,3,Movistar,false,false
1428183068769,-1,-1,-1,-1,0,3,Movistar,true,false
1428183068769,-1,-1,-1,-1,0,3,Movistar,false,false
1428183068769,-1,-1,-1,-1,0,3,Movistar,false,false
1428183068769,-1,-1,-1,-1,0,3,Movistar,false,false
1428183068769,-1,-1,-1,-1,0,3,Movistar,false,false
1428183068769,-1,-1,-1,-1,0,3,Movistar,false,false
1428183068769,-1,-1,-1,-1,0,3,Movistar,false,false
1428183068769,2147483647,2147483647,2147483647,2147483647,-69,3,Movistar,false,false
1428183068769,2147483647,2147483647,2147483647,2147483647,-85,3,Movistar,false,false
1428183068769,2147483647,2147483647,2147483647,2147483647,-85,3,Movistar,false,false
1428183068769,2147483647,2147483647,2147483647,2147483647,-95,3,Movistar,false,false
1428183068769,2147483647,2147483647,2147483647,2147483647,-97,3,Movistar,false,false
1428183068769,2147483647,2147483647,2147483647,2147483647,-105,3,Movistar,false,false
1428183068769,2147483647,2147483647,2147483647,2147483647,-107,3,Movistar,false,false
1428183068769,2147483647,2147483647,2147483647,2147483647,-109,3,Movistar,false,false
1428183128759,-1,-1,-1,-1,0,3,Movistar,true,false
1428183128759,-1,-1,-1,-1,0,3,Movistar,false,false
1428183128759,-1,-1,-1,-1,0,3,Movistar,false,false
1428183128759,-1,-1,-1,-1,0,3,Movistar,false,false
1428183128759,-1,-1,-1,-1,0,3,Movistar,false,false
1428183128759,-1,-1,-1,-1,0,3,Movistar,false,false
1428183128759,-1,-1,-1,-1,0,3,Movistar,false,false
1428183128759,2147483647,2147483647,2147483647,2147483647,-69,3,Movistar,false,false
1428183128759,2147483647,2147483647,2147483647,2147483647,-85,3,Movistar,false,false
1428183128759,2147483647,2147483647,2147483647,2147483647,-85,3,Movistar,false,false
1428183128759,2147483647,2147483647,2147483647,2147483647,-95,3,Movistar,false,false
1428183128759,2147483647,2147483647,2147483647,2147483647,-97,3,Movistar,false,false
1428183128759,2147483647,2147483647,2147483647,2147483647,-105,3,Movistar,false,false
1428183128759,2147483647,2147483647,2147483647,2147483647,-107,3,Movistar,false,false
1428183128759,2147483647,2147483647,2147483647,2147483647,-109,3,Movistar,false,false
1428183188790,-1,-1,-1,-1,0,3,Movistar,true,false
1428183188790,-1,-1,-1,-1,0,3,Movistar,false,false
1428183188790,-1,-1,-1,-1,0,3,Movistar,false,false
1428183188790,-1,-1,-1,-1,0,3,Movistar,false,false
1428183188790,-1,-1,-1,-1,0,3,Movistar,false,false
1428183188790,-1,-1,-1,-1,0,3,Movistar,false,false
1428183188790,-1,-1,-1,-1,0,3,Movistar,false,false
1428183188790,2147483647,2147483647,2147483647,2147483647,-69,3,Movistar,false,false
1428183188790,2147483647,2147483647,2147483647,2147483647,-85,3,Movistar,false,false
1428183188790,2147483647,2147483647,2147483647,2147483647,-85,3,Movistar,false,false
1428183188790,2147483647,2147483647,2147483647,2147483647,-95,3,Movistar,false,false
1428183188790,2147483647,2147483647,2147483647,2147483647,-97,3,Movistar,false,false
1428183188790,2147483647,2147483647,2147483647,2147483647,-105,3,Movistar,false,false
1428183188790,2147483647,2147483647,2147483647,2147483647,-107,3,Movistar,false,false
1428183188790,2147483647,2147483647,2147483647,2147483647,-109,3,Movistar,false,false
1428183248870,-1,-1,-1,-1,0,3,Movistar,true,false
1428183248870,-1,-1,-1,-1,0,3,Movistar,false,false
1428183248870,-1,-1,-1,-1,0,3,Movistar,false,false
1428183248870,-1,-1,-1,-1,0,3,Movistar,false,false
1428183248870,-1,-1,-1,-1,0,3,Movistar,false,false
1428183248870,-1,-1,-1,-1,0,3,Movistar,false,false
1428183248870,-1,-1,-1,-1,0,3,Movistar,false,false
1428183248870,2147483647,2147483647,2147483647,2147483647,-69,3,Movistar,false,false
1428183248870,2147483647,2147483647,2147483647,2147483647,-83,3,Movistar,false,false
1428183248870,2147483647,2147483647,2147483647,2147483647,-85,3,Movistar,false,false
1428183248870,2147483647,2147483647,2147483647,2147483647,-95,3,Movistar,false,false
1428183248870,2147483647,2147483647,2147483647,2147483647,-97,3,Movistar,false,false
1428183248870,2147483647,2147483647,2147483647,2147483647,-105,3,Movistar,false,false
1428183248870,2147483647,2147483647,2147483647,2147483647,-107,3,Movistar,false,false
1428183248870,2147483647,2147483647,2147483647,2147483647,-109,3,Movistar,false,false
1428183309000,-1,-1,-1,-1,0,3,Movistar,true,false
1428183309000,-1,-1,-1,-1,0,3,Movistar,false,false
1428183309000,-1,-1,-1,-1,0,3,Movistar,false,false
1428183309000,-1,-1,-1,-1,0,3,Movistar,false,false
1428183309000,-1,-1,-1,-1,0,3,Movistar,false,false
1428183309000,-1,-1,-1,-1,0,3,Movistar,false,false
1428183309000,-1,-1,-1,-1,0,3,Movistar,false,false
1428183309000,2147483647,2147483647,2147483647,2147483647,-69,3,Movistar,false,false
1428183309000,2147483647,2147483647,2147483647,2147483647,-83,3,Movistar,false,false
1428183309000,2147483647,2147483647,2147483647,2147483647,-85,3,Movistar,false,false
1428183309000,2147483647,2147483647,2147483647,2147483647,-95,3,Movistar,false,false
1428183309000,2147483647,2147483647,2147483647,2147483647,-97,3,Movistar,false,false
1428183309000,2147483647,2147483647,2147483647,2147483647,-105,3,Movistar,false,false
1428183309000,2147483647,2147483647,2147483647,2147483647,-107,3,Movistar,false,false
1428183309000,2147483647,2147483647,2147483647,2147483647,-109,3,Movistar,false,false
1428183371836,-1,-1,-1,-1,0,3,Movistar,true,false
1428183371836,-1,-1,-1,-1,0,3,Movistar,false,false
1428183371836,-1,-1,-1,-1,0,3,Movistar,false,false
1428183371836,-1,-1,-1,-1,0,3,Movistar,false,false
1428183371836,-1,-1,-1,-1,0,3,Movistar,false,false
1428183371836,-1,-1,-1,-1,0,3,Movistar,false,false
1428183371836,-1,-1,-1,-1,0,3,Movistar,false,false
1428183371836,2147483647,2147483647,2147483647,2147483647,-69,3,Movistar,false,false
1428183371836,2147483647,2147483647,2147483647,2147483647,-81,3,Movistar,false,false
1428183371836,2147483647,2147483647,2147483647,2147483647,-83,3,Movistar,false,false
1428183371836,2147483647,2147483647,2147483647,2147483647,-97,3,Movistar,false,false
1428183371836,2147483647,2147483647,2147483647,2147483647,-97,3,Movistar,false,false
1428183371836,2147483647,2147483647,2147483647,2147483647,-105,3,Movistar,false,false
1428183371836,2147483647,2147483647,2147483647,2147483647,-109,3,Movistar,false,false
1428183371836,2147483647,2147483647,2147483647,2147483647,-109,3,Movistar,false,false
1428183433706,-1,-1,-1,-1,0,3,Movistar,true,false
1428183433706,-1,-1,-1,-1,0,3,Movistar,false,false
1428183433706,-1,-1,-1,-1,0,3,Movistar,false,false
1428183433706,-1,-1,-1,-1,0,3,Movistar,false,false
1428183433706,-1,-1,-1,-1,0,3,Movistar,false,false
1428183433706,-1,-1,-1,-1,0,3,Movistar,false,false
1428183433706,-1,-1,-1,-1,0,3,Movistar,false,false
1428183433706,2147483647,2147483647,2147483647,2147483647,-73,3,Movistar,false,false
1428183433706,2147483647,2147483647,2147483647,2147483647,-81,3,Movistar,false,false
1428183433706,2147483647,2147483647,2147483647,2147483647,-83,3,Movistar,false,false
1428183433706,2147483647,2147483647,2147483647,2147483647,-95,3,Movistar,false,false
1428183433706,2147483647,2147483647,2147483647,2147483647,-97,3,Movistar,false,false
1428183433706,2147483647,2147483647,2147483647,2147483647,-105,3,Movistar,false,false
1428183433706,2147483647,2147483647,2147483647,2147483647,-107,3,Movistar,false,false
1428183433706,2147483647,2147483647,2147483647,2147483647,-107,3,Movistar,false,false
1428183493728,-1,-1,-1,-1,0,3,Movistar,true,false
1428183493728,-1,-1,-1,-1,0,3,Movistar,false,false
1428183493728,-1,-1,-1,-1,0,3,Movistar,false,false
1428183493728,-1,-1,-1,-1,0,3,Movistar,false,false
1428183493728,-1,-1,-1,-1,0,3,Movistar,false,false
1428183493728,-1,-1,-1,-1,0,3,Movistar,false,false
1428183493728,-1,-1,-1,-1,0,3,Movistar,false,false
1428183493728,2147483647,2147483647,2147483647,2147483647,-73,3,Movistar,false,false
1428183493728,2147483647,2147483647,2147483647,2147483647,-81,3,Movistar,false,false
1428183493728,2147483647,2147483647,2147483647,2147483647,-83,3,Movistar,false,false
1428183493728,2147483647,2147483647,2147483647,2147483647,-95,3,Movistar,false,false
1428183493728,2147483647,2147483647,2147483647,2147483647,-97,3,Movistar,false,false
1428183493728,2147483647,2147483647,2147483647,2147483647,-105,3,Movistar,false,false
1428183493728,2147483647,2147483647,2147483647,2147483647,-107,3,Movistar,false,false
1428183493728,2147483647,2147483647,2147483647,2147483647,-107,3,Movistar,false,false
1428183553756,-1,-1,-1,-1,0,3,Movistar,true,false
1428183553756,-1,-1,-1,-1,0,3,Movistar,false,false
1428183553756,-1,-1,-1,-1,0,3,Movistar,false,false
1428183553756,-1,-1,-1,-1,0,3,Movistar,false,false
1428183553756,-1,-1,-1,-1,0,3,Movistar,false,false
1428183553756,-1,-1,-1,-1,0,3,Movistar,false,false
1428183553756,-1,-1,-1,-1,0,3,Movistar,false,false
1428183553756,2147483647,2147483647,2147483647,2147483647,-73,3,Movistar,false,false
1428183553756,2147483647,2147483647,2147483647,2147483647,-81,3,Movistar,false,false
1428183553756,2147483647,2147483647,2147483647,2147483647,-83,3,Movistar,false,false
1428183553756,2147483647,2147483647,2147483647,2147483647,-95,3,Movistar,false,false
1428183553756,2147483647,2147483647,2147483647,2147483647,-97,3,Movistar,false,false
1428183553756,2147483647,2147483647,2147483647,2147483647,-105,3,Movistar,false,false
1428183553756,2147483647,2147483647,2147483647,2147483647,-107,3,Movistar,false,false
1428183553756,2147483647,2147483647,2147483647,2147483647,-107,3,Movistar,false,false
1428183613814,-1,-1,-1,-1,0,3,Movistar,true,false
1428183613814,-1,-1,-1,-1,0,3,Movistar,false,false
1428183613814,-1,-1,-1,-1,0,3,Movistar,false,false
1428183613814,-1,-1,-1,-1,0,3,Movistar,false,false
1428183613814,-1,-1,-1,-1,0,3,Movistar,false,false
1428183613814,-1,-1,-1,-1,0,3,Movistar,false,false
1428183613814,-1,-1,-1,-1,0,3,Movistar,false,false
1428183613814,2147483647,2147483647,2147483647,2147483647,-73,3,Movistar,false,false
1428183613814,2147483647,2147483647,2147483647,2147483647,-83,3,Movistar,false,false
1428183613814,2147483647,2147483647,2147483647,2147483647,-83,3,Movistar,false,false
1428183613814,2147483647,2147483647,2147483647,2147483647,-97,3,Movistar,false,false
1428183613814,2147483647,2147483647,2147483647,2147483647,-97,3,Movistar,false,false
1428183613814,2147483647,2147483647,2147483647,2147483647,-105,3,Movistar,false,false
1428183613814,2147483647,2147483647,2147483647,2147483647,-107,3,Movistar,false,false
1428183613814,2147483647,2147483647,2147483647,2147483647,-107,3,Movistar,false,false
1428183673825,-1,-1,-1,-1,0,3,Movistar,true,false
1428183673825,-1,-1,-1,-1,0,3,Movistar,false,false
1428183673825,-1,-1,-1,-1,0,3,Movistar,false,false
1428183673825,-1,-1,-1,-1,0,3,Movistar,false,false
1428183673825,-1,-1,-1,-1,0,3,Movistar,false,false
1428183673825,-1,-1,-1,-1,0,3,Movistar,false,false
1428183673825,-1,-1,-1,-1,0,3,Movistar,false,false
1428183673825,2147483647,2147483647,2147483647,2147483647,-71,3,Movistar,false,false
1428183673825,2147483647,2147483647,2147483647,2147483647,-83,3,Movistar,false,false
1428183673825,2147483647,2147483647,2147483647,2147483647,-83,3,Movistar,false,false
1428183673825,2147483647,2147483647,2147483647,2147483647,-95,3,Movistar,false,false
1428183673825,2147483647,2147483647,2147483647,2147483647,-97,3,Movistar,false,false
1428183673825,2147483647,2147483647,2147483647,2147483647,-105,3,Movistar,false,false
1428183673825,2147483647,2147483647,2147483647,2147483647,-107,3,Movistar,false,false
1428183673825,2147483647,2147483647,2147483647,2147483647,-107,3,Movistar,false,false
1428183733887,-1,-1,-1,-1,0,3,Movistar,true,false
1428183733887,-1,-1,-1,-1,0,3,Movistar,false,false
1428183733887,-1,-1,-1,-1,0,3,Movistar,false,false
1428183733887,-1,-1,-1,-1,0,3,Movistar,false,false
1428183733887,-1,-1,-1,-1,0,3,Movistar,false,false
1428183733887,-1,-1,-1,-1,0,3,Movistar,false,false
1428183733887,-1,-1,-1,-1,0,3,Movistar,false,false
1428183733887,2147483647,2147483647,2147483647,2147483647,-71,3,Movistar,false,false
1428183733887,2147483647,2147483647,2147483647,2147483647,-83,3,Movistar,false,false
1428183733887,2147483647,2147483647,2147483647,2147483647,-83,3,Movistar,false,false
1428183733887,2147483647,2147483647,2147483647,2147483647,-95,3,Movistar,false,false
1428183733887,2147483647,2147483647,2147483647,2147483647,-97,3,Movistar,false,false
1428183733887,2147483647,2147483647,2147483647,2147483647,-105,3,Movistar,false,false
1428183733887,2147483647,2147483647,2147483647,2147483647,-107,3,Movistar,false,false
1428183733887,2147483647,2147483647,2147483647,2147483647,-107,3,Movistar,false,false
1428183793939,-1,-1,-1,-1,0,3,Movistar,true,false
1428183854690,-1,-1,-1,-1,0,3,Movistar,true,false
1428183854690,-1,-1,-1,-1,0,3,Movistar,false,false
1428183854690,-1,-1,-1,-1,0,3,Movistar,false,false
1428183854690,-1,-1,-1,-1,0,3,Movistar,false,false
1428183854690,-1,-1,-1,-1,0,3,Movistar,false,false
1428183854690,-1,-1,-1,-1,0,3,Movistar,false,false
1428183854690,-1,-1,-1,-1,0,3,Movistar,false,false
1428183854690,2147483647,2147483647,2147483647,2147483647,-81,3,Movistar,false,false
1428183854690,2147483647,2147483647,2147483647,2147483647,-83,3,Movistar,false,false
1428183854690,2147483647,2147483647,2147483647,2147483647,-85,3,Movistar,false,false
1428183854690,2147483647,2147483647,2147483647,2147483647,-95,3,Movistar,false,false
1428183854690,2147483647,2147483647,2147483647,2147483647,-97,3,Movistar,false,false
1428183854690,2147483647,2147483647,2147483647,2147483647,-103,3,Movistar,false,false
1428183854690,2147483647,2147483647,2147483647,2147483647,-107,3,Movistar,false,false
1428183854690,2147483647,2147483647,2147483647,2147483647,-107,3,Movistar,false,false
1428183915686,-1,-1,-1,-1,0,3,Movistar,true,false
1428183915686,-1,-1,-1,-1,0,3,Movistar,false,false
1428183915686,-1,-1,-1,-1,0,3,Movistar,false,false
1428183915686,-1,-1,-1,-1,0,3,Movistar,false,false
1428183915686,-1,-1,-1,-1,0,3,Movistar,false,false
1428183915686,-1,-1,-1,-1,0,3,Movistar,false,false
1428183915686,-1,-1,-1,-1,0,3,Movistar,false,false
1428183915686,2147483647,2147483647,2147483647,2147483647,-81,3,Movistar,false,false
1428183915686,2147483647,2147483647,2147483647,2147483647,-83,3,Movistar,false,false
1428183915686,2147483647,2147483647,2147483647,2147483647,-85,3,Movistar,false,false
1428183915686,2147483647,2147483647,2147483647,2147483647,-95,3,Movistar,false,false
1428183915686,2147483647,2147483647,2147483647,2147483647,-97,3,Movistar,false,false
1428183915686,2147483647,2147483647,2147483647,2147483647,-103,3,Movistar,false,false
1428183915686,2147483647,2147483647,2147483647,2147483647,-107,3,Movistar,false,false
1428183915686,2147483647,2147483647,2147483647,2147483647,-107,3,Movistar,false,false
1428183975704,-1,-1,-1,-1,0,3,Movistar,true,false
1428183975704,-1,-1,-1,-1,0,3,Movistar,false,false
1428183975704,-1,-1,-1,-1,0,3,Movistar,false,false
1428183975704,-1,-1,-1,-1,0,3,Movistar,false,false
1428183975704,-1,-1,-1,-1,0,3,Movistar,false,false
1428183975704,-1,-1,-1,-1,0,3,Movistar,false,false
1428183975704,-1,-1,-1,-1,0,3,Movistar,false,false
1428183975704,2147483647,2147483647,2147483647,2147483647,-81,3,Movistar,false,false
1428183975704,2147483647,2147483647,2147483647,2147483647,-83,3,Movistar,false,false
1428183975704,2147483647,2147483647,2147483647,2147483647,-85,3,Movistar,false,false
1428183975704,2147483647,2147483647,2147483647,2147483647,-95,3,Movistar,false,false
1428183975704,2147483647,2147483647,2147483647,2147483647,-99,3,Movistar,false,false
1428183975704,2147483647,2147483647,2147483647,2147483647,-105,3,Movistar,false,false
1428183975704,2147483647,2147483647,2147483647,2147483647,-105,3,Movistar,false,false
1428183975704,2147483647,2147483647,2147483647,2147483647,-107,3,Movistar,false,false
1428184035723,-1,-1,-1,-1,0,3,Movistar,true,false
1428184035723,-1,-1,-1,-1,0,3,Movistar,false,false
1428184035723,-1,-1,-1,-1,0,3,Movistar,false,false
1428184035723,-1,-1,-1,-1,0,3,Movistar,false,false
1428184035723,-1,-1,-1,-1,0,3,Movistar,false,false
1428184035723,-1,-1,-1,-1,0,3,Movistar,false,false
1428184035723,-1,-1,-1,-1,0,3,Movistar,false,false
1428184035723,2147483647,2147483647,2147483647,2147483647,-65,3,Movistar,false,false
1428184035723,2147483647,2147483647,2147483647,2147483647,-89,3,Movistar,false,false
1428184035723,2147483647,2147483647,2147483647,2147483647,-93,3,Movistar,false,false
1428184035723,2147483647,2147483647,2147483647,2147483647,-95,3,Movistar,false,false
1428184035723,2147483647,2147483647,2147483647,2147483647,-103,3,Movistar,false,false
1428184035723,2147483647,2147483647,2147483647,2147483647,-107,3,Movistar,false,false
1428184035723,2147483647,2147483647,2147483647,2147483647,-109,3,Movistar,false,false
1428184035723,2147483647,2147483647,2147483647,2147483647,-109,3,Movistar,false,false
1428184096795,-1,-1,-1,-1,0,3,Movistar,true,false
1428184096795,-1,-1,-1,-1,0,3,Movistar,false,false
1428184096795,-1,-1,-1,-1,0,3,Movistar,false,false
1428184096795,-1,-1,-1,-1,0,3,Movistar,false,false
1428184096795,-1,-1,-1,-1,0,3,Movistar,false,false
1428184096795,-1,-1,-1,-1,0,3,Movistar,false,false
1428184096795,-1,-1,-1,-1,0,3,Movistar,false,false
1428184096795,2147483647,2147483647,2147483647,2147483647,-53,3,Movistar,false,false
1428184096795,2147483647,2147483647,2147483647,2147483647,-83,3,Movistar,false,false
1428184096795,2147483647,2147483647,2147483647,2147483647,-87,3,Movistar,false,false
1428184096795,2147483647,2147483647,2147483647,2147483647,-97,3,Movistar,false,false
1428184096795,2147483647,2147483647,2147483647,2147483647,-101,3,Movistar,false,false
1428184096795,2147483647,2147483647,2147483647,2147483647,-107,3,Movistar,false,false
1428184096795,2147483647,2147483647,2147483647,2147483647,-107,3,Movistar,false,false
1428184096795,2147483647,2147483647,2147483647,2147483647,-109,3,Movistar,false,false
1428184157718,-1,-1,-1,-1,0,3,Movistar,true,false
1428184157718,-1,-1,-1,-1,0,3,Movistar,false,false
1428184157718,-1,-1,-1,-1,0,3,Movistar,false,false
1428184157718,-1,-1,-1,-1,0,3,Movistar,false,false
1428184157718,-1,-1,-1,-1,0,3,Movistar,false,false
1428184157718,-1,-1,-1,-1,0,3,Movistar,false,false
1428184157718,-1,-1,-1,-1,0,3,Movistar,false,false
1428184157718,-1,-1,-1,-1,0,3,Movistar,false,false
1428184157718,-1,-1,-1,-1,0,3,Movistar,false,false
1428184157718,2147483647,2147483647,2147483647,2147483647,-53,3,Movistar,false,false
1428184157718,2147483647,2147483647,2147483647,2147483647,-81,3,Movistar,false,false
1428184157718,2147483647,2147483647,2147483647,2147483647,-95,3,Movistar,false,false
1428184157718,2147483647,2147483647,2147483647,2147483647,-101,3,Movistar,false,false
1428184157718,2147483647,2147483647,2147483647,2147483647,-105,3,Movistar,false,false
1428184157718,2147483647,2147483647,2147483647,2147483647,-111,3,Movistar,false,false
1428184157718,2147483647,2147483647,2147483647,2147483647,-111,3,Movistar,false,false
1428184157718,2147483647,2147483647,2147483647,2147483647,-111,3,Movistar,false,false
1428184222736,-1,-1,-1,-1,0,3,Movistar,true,false
1428184222736,-1,-1,-1,-1,0,3,Movistar,false,false
1428184222736,-1,-1,-1,-1,0,3,Movistar,false,false
1428184222736,-1,-1,-1,-1,0,3,Movistar,false,false
1428184222736,-1,-1,-1,-1,0,3,Movistar,false,false
1428184222736,-1,-1,-1,-1,0,3,Movistar,false,false
1428184222736,-1,-1,-1,-1,0,3,Movistar,false,false
1428184222736,-1,-1,-1,-1,0,3,Movistar,false,false
1428184222736,-1,-1,-1,-1,0,3,Movistar,false,false
1428184222736,2147483647,2147483647,2147483647,2147483647,-71,3,Movistar,false,false
1428184222736,2147483647,2147483647,2147483647,2147483647,-81,3,Movistar,false,false
1428184222736,2147483647,2147483647,2147483647,2147483647,-93,3,Movistar,false,false
1428184222736,2147483647,2147483647,2147483647,2147483647,-101,3,Movistar,false,false
1428184222736,2147483647,2147483647,2147483647,2147483647,-105,3,Movistar,false,false
1428184222736,2147483647,2147483647,2147483647,2147483647,-111,3,Movistar,false,false
1428184222736,2147483647,2147483647,2147483647,2147483647,-111,3,Movistar,false,false
1428184222736,2147483647,2147483647,2147483647,2147483647,-111,3,Movistar,false,false
1428184282730,-1,-1,-1,-1,0,3,Movistar,true,false
1428184282730,-1,-1,-1,-1,0,3,Movistar,false,false
1428184282730,-1,-1,-1,-1,0,3,Movistar,false,false
1428184282730,-1,-1,-1,-1,0,3,Movistar,false,false
1428184282730,-1,-1,-1,-1,0,3,Movistar,false,false
1428184282730,-1,-1,-1,-1,0,3,Movistar,false,false
1428184282730,-1,-1,-1,-1,0,3,Movistar,false,false
1428184282730,-1,-1,-1,-1,0,3,Movistar,false,false
1428184282730,-1,-1,-1,-1,0,3,Movistar,false,false
1428184282730,2147483647,2147483647,2147483647,2147483647,-81,3,Movistar,false,false
1428184282730,2147483647,2147483647,2147483647,2147483647,-95,3,Movistar,false,false
1428184282730,2147483647,2147483647,2147483647,2147483647,-95,3,Movistar,false,false
1428184282730,2147483647,2147483647,2147483647,2147483647,-101,3,Movistar,false,false
1428184282730,2147483647,2147483647,2147483647,2147483647,-105,3,Movistar,false,false
1428184282730,2147483647,2147483647,2147483647,2147483647,-111,3,Movistar,false,false
1428184282730,2147483647,2147483647,2147483647,2147483647,-111,3,Movistar,false,false
1428184282730,2147483647,2147483647,2147483647,2147483647,-111,3,Movistar,false,false
1428184343694,-1,-1,-1,-1,0,3,Movistar,true,false
1428184343694,-1,-1,-1,-1,0,3,Movistar,false,false
1428184343694,-1,-1,-1,-1,0,3,Movistar,false,false
1428184343694,-1,-1,-1,-1,0,3,Movistar,false,false
1428184343694,-1,-1,-1,-1,0,3,Movistar,false,false
1428184343694,-1,-1,-1,-1,0,3,Movistar,false,false
1428184343694,-1,-1,-1,-1,0,3,Movistar,false,false
1428184343694,-1,-1,-1,-1,0,3,Movistar,false,false
1428184343694,2147483647,2147483647,2147483647,2147483647,-81,3,Movistar,false,false
1428184343694,2147483647,2147483647,2147483647,2147483647,-85,3,Movistar,false,false
1428184343694,2147483647,2147483647,2147483647,2147483647,-95,3,Movistar,false,false
1428184343694,2147483647,2147483647,2147483647,2147483647,-99,3,Movistar,false,false
1428184343694,2147483647,2147483647,2147483647,2147483647,-105,3,Movistar,false,false
1428184343694,2147483647,2147483647,2147483647,2147483647,-111,3,Movistar,false,false
1428184343694,2147483647,2147483647,2147483647,2147483647,-111,3,Movistar,false,false
1428184343694,2147483647,2147483647,2147483647,2147483647,-111,3,Movistar,false,false
1428184403713,-1,-1,-1,-1,0,3,Movistar,true,false
1428184403713,-1,-1,-1,-1,0,3,Movistar,false,false
1428184403713,-1,-1,-1,-1,0,3,Movistar,false,false
1428184403713,-1,-1,-1,-1,0,3,Movistar,false,false
1428184403713,-1,-1,-1,-1,0,3,Movistar,false,false
1428184403713,-1,-1,-1,-1,0,3,Movistar,false,false
1428184403713,-1,-1,-1,-1,0,3,Movistar,false,false
1428184403713,-1,-1,-1,-1,0,3,Movistar,false,false
1428184403713,2147483647,2147483647,2147483647,2147483647,-53,3,Movistar,false,false
1428184403713,2147483647,2147483647,2147483647,2147483647,-81,3,Movistar,false,false
1428184403713,2147483647,2147483647,2147483647,2147483647,-95,3,Movistar,false,false
1428184403713,2147483647,2147483647,2147483647,2147483647,-99,3,Movistar,false,false
1428184403713,2147483647,2147483647,2147483647,2147483647,-105,3,Movistar,false,false
1428184403713,2147483647,2147483647,2147483647,2147483647,-109,3,Movistar,false,false
1428184403713,2147483647,2147483647,2147483647,2147483647,-111,3,Movistar,false,false
1428184403713,2147483647,2147483647,2147483647,2147483647,-111,3,Movistar,false,false
1428184463734,-1,-1,-1,-1,0,3,Movistar,true,false
1428184463734,-1,-1,-1,-1,0,3,Movistar,false,false
1428184463734,-1,-1,-1,-1,0,3,Movistar,false,false
1428184463734,-1,-1,-1,-1,0,3,Movistar,false,false
1428184463734,-1,-1,-1,-1,0,3,Movistar,false,false
1428184463734,-1,-1,-1,-1,0,3,Movistar,false,false
1428184463734,-1,-1,-1,-1,0,3,Movistar,false,false
1428184463734,-1,-1,-1,-1,0,3,Movistar,false,false
1428184463734,2147483647,2147483647,2147483647,2147483647,-53,3,Movistar,false,false
1428184463734,2147483647,2147483647,2147483647,2147483647,-81,3,Movistar,false,false
1428184463734,2147483647,2147483647,2147483647,2147483647,-95,3,Movistar,false,false
1428184463734,2147483647,2147483647,2147483647,2147483647,-99,3,Movistar,false,false
1428184463734,2147483647,2147483647,2147483647,2147483647,-105,3,Movistar,false,false
1428184463734,2147483647,2147483647,2147483647,2147483647,-109,3,Movistar,false,false
1428184463734,2147483647,2147483647,2147483647,2147483647,-111,3,Movistar,false,false
1428184463734,2147483647,2147483647,2147483647,2147483647,-111,3,Movistar,false,false
1428184523812,-1,-1,-1,-1,0,3,Movistar,true,false
1428184523812,-1,-1,-1,-1,0,3,Movistar,false,false
1428184523812,-1,-1,-1,-1,0,3,Movistar,false,false
1428184523812,-1,-1,-1,-1,0,3,Movistar,false,false
1428184523812,-1,-1,-1,-1,0,3,Movistar,false,false
1428184523812,-1,-1,-1,-1,0,3,Movistar,false,false
1428184523812,-1,-1,-1,-1,0,3,Movistar,false,false
1428184523812,-1,-1,-1,-1,0,3,Movistar,false,false
1428184523812,2147483647,2147483647,2147483647,2147483647,-53,3,Movistar,false,false
1428184523812,2147483647,2147483647,2147483647,2147483647,-81,3,Movistar,false,false
1428184523812,2147483647,2147483647,2147483647,2147483647,-95,3,Movistar,false,false
1428184523812,2147483647,2147483647,2147483647,2147483647,-99,3,Movistar,false,false
1428184523812,2147483647,2147483647,2147483647,2147483647,-105,3,Movistar,false,false
1428184523812,2147483647,2147483647,2147483647,2147483647,-109,3,Movistar,false,false
1428184523812,2147483647,2147483647,2147483647,2147483647,-111,3,Movistar,false,false
1428184523812,2147483647,2147483647,2147483647,2147483647,-111,3,Movistar,false,false
1428184583900,-1,-1,-1,-1,0,3,Movistar,true,false
1428184583900,-1,-1,-1,-1,0,3,Movistar,false,false
1428184583900,-1,-1,-1,-1,0,3,Movistar,false,false
1428184583900,-1,-1,-1,-1,0,3,Movistar,false,false
1428184583900,-1,-1,-1,-1,0,3,Movistar,false,false
1428184583900,-1,-1,-1,-1,0,3,Movistar,false,false
1428184583900,-1,-1,-1,-1,0,3,Movistar,false,false
1428184583900,2147483647,2147483647,2147483647,2147483647,-67,3,Movistar,false,false
1428184583900,2147483647,2147483647,2147483647,2147483647,-83,3,Movistar,false,false
1428184583900,2147483647,2147483647,2147483647,2147483647,-95,3,Movistar,false,false
1428184583900,2147483647,2147483647,2147483647,2147483647,-99,3,Movistar,false,false
1428184583900,2147483647,2147483647,2147483647,2147483647,-107,3,Movistar,false,false
1428184583900,2147483647,2147483647,2147483647,2147483647,-111,3,Movistar,false,false
1428184583900,2147483647,2147483647,2147483647,2147483647,-111,3,Movistar,false,false
1428184583900,2147483647,2147483647,2147483647,2147483647,-111,3,Movistar,false,false
1428184643902,-1,-1,-1,-1,0,3,Movistar,true,false
1428184643902,-1,-1,-1,-1,0,3,Movistar,false,false
1428184643902,-1,-1,-1,-1,0,3,Movistar,false,false
1428184643902,-1,-1,-1,-1,0,3,Movistar,false,false
1428184643902,2147483647,2147483647,2147483647,2147483647,-67,3,Movistar,false,false
1428184643902,2147483647,2147483647,2147483647,2147483647,-83,3,Movistar,false,false
1428184643902,2147483647,2147483647,2147483647,2147483647,-95,3,Movistar,false,false
1428184643902,2147483647,2147483647,2147483647,2147483647,-99,3,Movistar,false,false
1428184643902,2147483647,2147483647,2147483647,2147483647,-107,3,Movistar,false,false
1428184643902,2147483647,2147483647,2147483647,2147483647,-111,3,Movistar,false,false
1428184643902,2147483647,2147483647,2147483647,2147483647,-111,3,Movistar,false,false
1428184643902,2147483647,2147483647,2147483647,2147483647,-111,3,Movistar,false,false
1428184709848,-1,-1,-1,-1,0,3,Movistar,true,false
1428184709848,-1,-1,-1,-1,0,3,Movistar,false,false
1428184709848,-1,-1,-1,-1,0,3,Movistar,false,false
1428184709848,-1,-1,-1,-1,0,3,Movistar,false,false
1428184709848,2147483647,2147483647,2147483647,2147483647,-67,3,Movistar,false,false
1428184709848,2147483647,2147483647,2147483647,2147483647,-83,3,Movistar,false,false
1428184709848,2147483647,2147483647,2147483647,2147483647,-95,3,Movistar,false,false
1428184709848,2147483647,2147483647,2147483647,2147483647,-99,3,Movistar,false,false
1428184709848,2147483647,2147483647,2147483647,2147483647,-107,3,Movistar,false,false
1428184709848,2147483647,2147483647,2147483647,2147483647,-111,3,Movistar,false,false
1428184709848,2147483647,2147483647,2147483647,2147483647,-111,3,Movistar,false,false
1428184709848,2147483647,2147483647,2147483647,2147483647,-111,3,Movistar,false,false
1428184769864,-1,-1,-1,-1,0,3,Movistar,true,false
1428184769864,-1,-1,-1,-1,0,3,Movistar,false,false
1428184769864,-1,-1,-1,-1,0,3,Movistar,false,false
1428184769864,-1,-1,-1,-1,0,3,Movistar,false,false
1428184769864,2147483647,2147483647,2147483647,2147483647,-69,3,Movistar,false,false
1428184769864,2147483647,2147483647,2147483647,2147483647,-85,3,Movistar,false,false
1428184769864,2147483647,2147483647,2147483647,2147483647,-97,3,Movistar,false,false
1428184769864,2147483647,2147483647,2147483647,2147483647,-101,3,Movistar,false,false
1428184769864,2147483647,2147483647,2147483647,2147483647,-109,3,Movistar,false,false
1428184769864,2147483647,2147483647,2147483647,2147483647,-111,3,Movistar,false,false
1428184769864,2147483647,2147483647,2147483647,2147483647,-111,3,Movistar,false,false
1428184769864,2147483647,2147483647,2147483647,2147483647,-111,3,Movistar,false,false
